AL: Alabama, Lifetables (period 1x5), Females Last modified: 20 Dec 2020, MPv5 (May07) 

Year     	Age	mx	qx	ax	lx	dx	Lx	Tx	ex
1960-1964	0	0.02864	0.02795	0.13	100000	2795	97578	7180125	71.80
1960-1964	1	0.00239	0.00239	0.5	97205	232	97089	7082548	72.86
1960-1964	2	0.00129	0.00129	0.5	96973	125	96911	6985458	72.03
1960-1964	3	0.00102	0.00102	0.5	96848	98	96799	6888548	71.13
1960-1964	4	0.00078	0.00078	0.5	96750	76	96712	6791749	70.20
1960-1964	5	0.00071	0.00071	0.5	96674	69	96640	6695037	69.25
1960-1964	6	0.00046	0.00046	0.5	96605	45	96583	6598397	68.30
1960-1964	7	0.00046	0.00046	0.5	96561	44	96539	6501814	67.33
1960-1964	8	0.00044	0.00044	0.5	96517	42	96496	6405275	66.36
1960-1964	9	0.00041	0.00041	0.5	96475	40	96455	6308780	65.39
1960-1964	10	0.00037	0.00037	0.5	96435	36	96417	6212325	64.42
1960-1964	11	0.00047	0.00047	0.5	96399	45	96376	6115908	63.44
1960-1964	12	0.00035	0.00035	0.5	96354	33	96337	6019532	62.47
1960-1964	13	0.00037	0.00037	0.5	96320	35	96303	5923195	61.49
1960-1964	14	0.00052	0.00052	0.5	96285	50	96260	5826892	60.52
1960-1964	15	0.00056	0.00056	0.5	96235	54	96208	5730632	59.55
1960-1964	16	0.00066	0.00066	0.5	96182	63	96150	5634424	58.58
1960-1964	17	0.00057	0.00057	0.5	96118	55	96091	5538274	57.62
1960-1964	18	0.00078	0.00078	0.5	96064	75	96026	5442183	56.65
1960-1964	19	0.00083	0.00083	0.5	95988	80	95949	5346157	55.70
1960-1964	20	0.00078	0.00078	0.5	95909	74	95871	5250208	54.74
1960-1964	21	0.00101	0.00101	0.5	95834	97	95786	5154337	53.78
1960-1964	22	0.00102	0.00102	0.5	95738	97	95689	5058551	52.84
1960-1964	23	0.00103	0.00103	0.5	95640	98	95591	4962862	51.89
1960-1964	24	0.00098	0.00098	0.5	95542	94	95495	4867271	50.94
1960-1964	25	0.00109	0.00109	0.5	95449	104	95397	4771776	49.99
1960-1964	26	0.00120	0.00120	0.5	95345	115	95288	4676379	49.05
1960-1964	27	0.00135	0.00135	0.5	95230	129	95166	4581091	48.11
1960-1964	28	0.00146	0.00146	0.5	95102	139	95032	4485925	47.17
1960-1964	29	0.00134	0.00134	0.5	94963	127	94899	4390893	46.24
1960-1964	30	0.00161	0.00161	0.5	94836	152	94760	4295994	45.30
1960-1964	31	0.00155	0.00155	0.5	94683	147	94610	4201234	44.37
1960-1964	32	0.00184	0.00184	0.5	94537	174	94450	4106624	43.44
1960-1964	33	0.00157	0.00157	0.5	94363	148	94289	4012174	42.52
1960-1964	34	0.00187	0.00187	0.5	94215	176	94127	3917886	41.58
1960-1964	35	0.00209	0.00209	0.5	94039	197	93940	3823759	40.66
1960-1964	36	0.00223	0.00223	0.5	93842	209	93737	3729819	39.75
1960-1964	37	0.00271	0.00271	0.5	93633	254	93506	3636082	38.83
1960-1964	38	0.00283	0.00283	0.5	93379	264	93247	3542576	37.94
1960-1964	39	0.00289	0.00289	0.5	93115	269	92980	3449329	37.04
1960-1964	40	0.00319	0.00318	0.5	92846	296	92698	3356349	36.15
1960-1964	41	0.00333	0.00332	0.5	92550	307	92397	3263650	35.26
1960-1964	42	0.00359	0.00359	0.5	92243	331	92077	3171254	34.38
1960-1964	43	0.00387	0.00386	0.5	91912	355	91734	3079177	33.50
1960-1964	44	0.00431	0.00430	0.5	91557	393	91360	2987442	32.63
1960-1964	45	0.00437	0.00436	0.5	91163	397	90965	2896082	31.77
1960-1964	46	0.00458	0.00457	0.5	90766	414	90559	2805118	30.90
1960-1964	47	0.00515	0.00514	0.5	90352	464	90119	2714559	30.04
1960-1964	48	0.00544	0.00543	0.5	89887	488	89643	2624439	29.20
1960-1964	49	0.00618	0.00616	0.5	89399	551	89124	2534796	28.35
1960-1964	50	0.00659	0.00657	0.5	88848	584	88556	2445672	27.53
1960-1964	51	0.00670	0.00668	0.5	88265	589	87970	2357116	26.71
1960-1964	52	0.00791	0.00788	0.5	87675	691	87330	2269146	25.88
1960-1964	53	0.00795	0.00792	0.5	86985	689	86640	2181816	25.08
1960-1964	54	0.00817	0.00814	0.5	86296	703	85945	2095176	24.28
1960-1964	55	0.00960	0.00955	0.5	85593	818	85184	2009231	23.47
1960-1964	56	0.00944	0.00939	0.5	84775	796	84377	1924047	22.70
1960-1964	57	0.01016	0.01010	0.5	83979	849	83555	1839669	21.91
1960-1964	58	0.01094	0.01088	0.5	83131	904	82679	1756114	21.12
1960-1964	59	0.01159	0.01152	0.5	82226	947	81753	1673436	20.35
1960-1964	60	0.01492	0.01481	0.5	81279	1204	80677	1591683	19.58
1960-1964	61	0.01438	0.01428	0.5	80075	1143	79503	1511006	18.87
1960-1964	62	0.01687	0.01673	0.5	78932	1320	78271	1431502	18.14
1960-1964	63	0.01852	0.01835	0.5	77611	1424	76899	1353231	17.44
1960-1964	64	0.01930	0.01911	0.5	76187	1456	75459	1276332	16.75
1960-1964	65	0.02358	0.02331	0.5	74731	1742	73860	1200873	16.07
1960-1964	66	0.02111	0.02089	0.5	72989	1525	72227	1127013	15.44
1960-1964	67	0.02509	0.02477	0.5	71465	1771	70579	1054786	14.76
1960-1964	68	0.02545	0.02513	0.5	69694	1751	68818	984207	14.12
1960-1964	69	0.02502	0.02471	0.5	67943	1679	67103	915389	13.47
1960-1964	70	0.03432	0.03374	0.5	66264	2236	65146	848285	12.80
1960-1964	71	0.02955	0.02912	0.5	64028	1864	63096	783140	12.23
1960-1964	72	0.03986	0.03908	0.5	62163	2430	60949	720044	11.58
1960-1964	73	0.04013	0.03934	0.5	59734	2350	58559	659096	11.03
1960-1964	74	0.04291	0.04201	0.5	57384	2411	56178	600537	10.47
1960-1964	75	0.05112	0.04984	0.5	54973	2740	53603	544358	9.90
1960-1964	76	0.05272	0.05136	0.5	52233	2683	50892	490755	9.40
1960-1964	77	0.05484	0.05338	0.5	49550	2645	48228	439864	8.88
1960-1964	78	0.06707	0.06490	0.5	46905	3044	45383	391636	8.35
1960-1964	79	0.06820	0.06595	0.5	43861	2893	42415	346253	7.89
1960-1964	80	0.08763	0.08395	0.5	40969	3439	39249	303838	7.42
1960-1964	81	0.07975	0.07669	0.5	37529	2878	36090	264589	7.05
1960-1964	82	0.10100	0.09614	0.5	34651	3331	32986	228498	6.59
1960-1964	83	0.11111	0.10527	0.5	31320	3297	29671	195513	6.24
1960-1964	84	0.11959	0.11284	0.5	28023	3162	26442	165842	5.92
1960-1964	85	0.13039	0.12241	0.5	24861	3043	23339	139400	5.61
1960-1964	86	0.14014	0.13096	0.5	21817	2857	20389	116061	5.32
1960-1964	87	0.15775	0.14621	0.5	18960	2772	17574	95672	5.05
1960-1964	88	0.17271	0.15898	0.5	16188	2574	14901	78098	4.82
1960-1964	89	0.18030	0.16539	0.5	13614	2252	12489	63197	4.64
1960-1964	90	0.17858	0.16394	0.5	11363	1863	10431	50708	4.46
1960-1964	91	0.19088	0.17425	0.5	9500	1655	8672	40277	4.24
1960-1964	92	0.20381	0.18496	0.5	7845	1451	7119	31604	4.03
1960-1964	93	0.21738	0.19607	0.5	6394	1254	5767	24485	3.83
1960-1964	94	0.23159	0.20756	0.5	5140	1067	4607	18718	3.64
1960-1964	95	0.24644	0.21940	0.5	4073	894	3626	14112	3.46
1960-1964	96	0.26192	0.23159	0.5	3180	736	2811	10485	3.30
1960-1964	97	0.27801	0.24408	0.5	2443	596	2145	7674	3.14
1960-1964	98	0.29469	0.25684	0.5	1847	474	1610	5529	2.99
1960-1964	99	0.31194	0.26985	0.5	1373	370	1187	3919	2.86
1960-1964	100	0.32973	0.28306	0.5	1002	284	860	2732	2.73
1960-1964	101	0.34802	0.29644	0.5	718	213	612	1872	2.61
1960-1964	102	0.36677	0.30994	0.5	505	157	427	1260	2.49
1960-1964	103	0.38594	0.32351	0.5	349	113	292	833	2.39
1960-1964	104	0.40546	0.33712	0.5	236	80	196	540	2.29
1960-1964	105	0.42529	0.35071	0.5	156	55	129	344	2.20
1960-1964	106	0.44536	0.36425	0.5	102	37	83	215	2.12
1960-1964	107	0.46561	0.37768	0.5	65	24	52	132	2.04
1960-1964	108	0.48597	0.39097	0.5	40	16	32	80	1.98
1960-1964	109	0.50638	0.40408	0.5	24	10	20	47	1.93
1960-1964	110+	0.52677	1.00000	1.9	15	15	28	28	1.90
1965-1969	0	0.02462	0.02410	0.12	100000	2410	97884	7277226	72.77
1965-1969	1	0.00199	0.00199	0.5	97590	194	97493	7179342	73.57
1965-1969	2	0.00115	0.00115	0.5	97396	112	97340	7081850	72.71
1965-1969	3	0.00080	0.00080	0.5	97284	78	97245	6984510	71.80
1965-1969	4	0.00066	0.00066	0.5	97206	64	97174	6887265	70.85
1965-1969	5	0.00057	0.00057	0.5	97142	55	97114	6790090	69.90
1965-1969	6	0.00044	0.00044	0.5	97087	43	97065	6692976	68.94
1965-1969	7	0.00051	0.00051	0.5	97044	49	97019	6595911	67.97
1965-1969	8	0.00039	0.00039	0.5	96995	38	96976	6498891	67.00
1965-1969	9	0.00045	0.00045	0.5	96957	44	96935	6401916	66.03
1965-1969	10	0.00035	0.00035	0.5	96913	34	96896	6304981	65.06
1965-1969	11	0.00042	0.00042	0.5	96879	41	96859	6208085	64.08
1965-1969	12	0.00031	0.00031	0.5	96838	30	96823	6111226	63.11
1965-1969	13	0.00040	0.00040	0.5	96808	39	96789	6014403	62.13
1965-1969	14	0.00045	0.00045	0.5	96770	44	96748	5917613	61.15
1965-1969	15	0.00055	0.00055	0.5	96726	53	96700	5820865	60.18
1965-1969	16	0.00059	0.00059	0.5	96673	57	96645	5724166	59.21
1965-1969	17	0.00090	0.00089	0.5	96616	86	96573	5627521	58.25
1965-1969	18	0.00084	0.00084	0.5	96530	81	96489	5530948	57.30
1965-1969	19	0.00085	0.00085	0.5	96449	82	96408	5434458	56.35
1965-1969	20	0.00085	0.00085	0.5	96367	82	96327	5338050	55.39
1965-1969	21	0.00088	0.00088	0.5	96286	85	96244	5241723	54.44
1965-1969	22	0.00085	0.00085	0.5	96201	82	96160	5145480	53.49
1965-1969	23	0.00092	0.00092	0.5	96119	88	96075	5049319	52.53
1965-1969	24	0.00098	0.00097	0.5	96031	94	95984	4953244	51.58
1965-1969	25	0.00114	0.00114	0.5	95937	110	95882	4857260	50.63
1965-1969	26	0.00097	0.00097	0.5	95828	93	95781	4761378	49.69
1965-1969	27	0.00118	0.00118	0.5	95735	113	95678	4665597	48.73
1965-1969	28	0.00136	0.00135	0.5	95621	130	95556	4569919	47.79
1965-1969	29	0.00105	0.00105	0.5	95492	100	95441	4474362	46.86
1965-1969	30	0.00150	0.00149	0.5	95391	143	95320	4378921	45.90
1965-1969	31	0.00151	0.00151	0.5	95249	144	95177	4283601	44.97
1965-1969	32	0.00164	0.00164	0.5	95105	156	95027	4188424	44.04
1965-1969	33	0.00163	0.00163	0.5	94949	155	94871	4093397	43.11
1965-1969	34	0.00211	0.00211	0.5	94794	200	94694	3998526	42.18
1965-1969	35	0.00193	0.00192	0.5	94594	182	94503	3903832	41.27
1965-1969	36	0.00199	0.00199	0.5	94412	188	94318	3809329	40.35
1965-1969	37	0.00242	0.00241	0.5	94224	227	94110	3715011	39.43
1965-1969	38	0.00239	0.00239	0.5	93996	225	93884	3620901	38.52
1965-1969	39	0.00293	0.00292	0.5	93772	274	93635	3527017	37.61
1965-1969	40	0.00321	0.00320	0.5	93498	299	93348	3433382	36.72
1965-1969	41	0.00343	0.00342	0.5	93199	319	93039	3340034	35.84
1965-1969	42	0.00375	0.00375	0.5	92880	348	92706	3246995	34.96
1965-1969	43	0.00399	0.00398	0.5	92532	368	92347	3154289	34.09
1965-1969	44	0.00399	0.00398	0.5	92163	367	91980	3061942	33.22
1965-1969	45	0.00435	0.00434	0.5	91797	399	91597	2969962	32.35
1965-1969	46	0.00443	0.00442	0.5	91398	404	91196	2878365	31.49
1965-1969	47	0.00459	0.00458	0.5	90994	417	90785	2787169	30.63
1965-1969	48	0.00557	0.00555	0.5	90577	503	90325	2696384	29.77
1965-1969	49	0.00558	0.00556	0.5	90074	501	89823	2606058	28.93
1965-1969	50	0.00611	0.00609	0.5	89573	546	89300	2516235	28.09
1965-1969	51	0.00645	0.00643	0.5	89027	573	88741	2426935	27.26
1965-1969	52	0.00689	0.00687	0.5	88454	607	88150	2338195	26.43
1965-1969	53	0.00743	0.00740	0.5	87847	650	87521	2250044	25.61
1965-1969	54	0.00813	0.00810	0.5	87196	706	86843	2162523	24.80
1965-1969	55	0.00852	0.00849	0.5	86490	734	86123	2075680	24.00
1965-1969	56	0.00901	0.00897	0.5	85756	769	85371	1989557	23.20
1965-1969	57	0.00939	0.00935	0.5	84987	794	84590	1904185	22.41
1965-1969	58	0.01039	0.01033	0.5	84192	870	83757	1819596	21.61
1965-1969	59	0.01145	0.01139	0.5	83322	949	82848	1735838	20.83
1965-1969	60	0.01224	0.01217	0.5	82374	1002	81873	1652990	20.07
1965-1969	61	0.01189	0.01182	0.5	81371	962	80891	1571118	19.31
1965-1969	62	0.01521	0.01510	0.5	80410	1214	79803	1490227	18.53
1965-1969	63	0.01522	0.01511	0.5	79196	1196	78597	1410425	17.81
1965-1969	64	0.01624	0.01611	0.5	77999	1257	77371	1331827	17.07
1965-1969	65	0.02128	0.02106	0.5	76743	1616	75934	1254456	16.35
1965-1969	66	0.02133	0.02111	0.5	75126	1586	74333	1178522	15.69
1965-1969	67	0.02437	0.02408	0.5	73541	1771	72655	1104188	15.01
1965-1969	68	0.02677	0.02642	0.5	71770	1896	70822	1031533	14.37
1965-1969	69	0.02603	0.02570	0.5	69874	1796	68976	960711	13.75
1965-1969	70	0.03127	0.03079	0.5	68078	2096	67030	891735	13.10
1965-1969	71	0.02908	0.02866	0.5	65982	1891	65036	824706	12.50
1965-1969	72	0.03542	0.03481	0.5	64091	2231	62975	759669	11.85
1965-1969	73	0.03810	0.03739	0.5	61860	2313	60704	696694	11.26
1965-1969	74	0.04228	0.04141	0.5	59547	2466	58314	635990	10.68
1965-1969	75	0.04992	0.04870	0.5	57081	2780	55691	577676	10.12
1965-1969	76	0.05167	0.05037	0.5	54301	2735	52934	521985	9.61
1965-1969	77	0.05455	0.05310	0.5	51566	2738	50197	469051	9.10
1965-1969	78	0.06215	0.06027	0.5	48828	2943	47356	418854	8.58
1965-1969	79	0.07061	0.06820	0.5	45885	3129	44320	371498	8.10
1965-1969	80	0.08125	0.07808	0.5	42755	3338	41086	327178	7.65
1965-1969	81	0.07768	0.07478	0.5	39417	2948	37943	286091	7.26
1965-1969	82	0.08958	0.08574	0.5	36469	3127	34906	248148	6.80
1965-1969	83	0.10296	0.09792	0.5	33342	3265	31710	213242	6.40
1965-1969	84	0.11371	0.10759	0.5	30078	3236	28460	181532	6.04
1965-1969	85	0.12820	0.12048	0.5	26842	3234	25225	153073	5.70
1965-1969	86	0.13963	0.13052	0.5	23608	3081	22067	127848	5.42
1965-1969	87	0.15289	0.14203	0.5	20526	2915	19069	105781	5.15
1965-1969	88	0.15661	0.14524	0.5	17611	2558	16332	86712	4.92
1965-1969	89	0.16457	0.15206	0.5	15053	2289	13909	70380	4.68
1965-1969	90	0.17719	0.16277	0.5	12764	2078	11725	56472	4.42
1965-1969	91	0.19056	0.17398	0.5	10687	1859	9757	44746	4.19
1965-1969	92	0.20469	0.18568	0.5	8827	1639	8008	34989	3.96
1965-1969	93	0.21958	0.19785	0.5	7188	1422	6477	26982	3.75
1965-1969	94	0.23523	0.21047	0.5	5766	1214	5159	20505	3.56
1965-1969	95	0.25164	0.22351	0.5	4552	1018	4044	15346	3.37
1965-1969	96	0.26879	0.23694	0.5	3535	838	3116	11302	3.20
1965-1969	97	0.28666	0.25072	0.5	2697	676	2359	8186	3.03
1965-1969	98	0.30522	0.26481	0.5	2021	535	1753	5827	2.88
1965-1969	99	0.32444	0.27915	0.5	1486	415	1278	4073	2.74
1965-1969	100	0.34427	0.29371	0.5	1071	315	914	2795	2.61
1965-1969	101	0.36465	0.30842	0.5	756	233	640	1881	2.49
1965-1969	102	0.38554	0.32323	0.5	523	169	439	1241	2.37
1965-1969	103	0.40685	0.33808	0.5	354	120	294	803	2.27
1965-1969	104	0.42852	0.35291	0.5	234	83	193	508	2.17
1965-1969	105	0.45047	0.36766	0.5	152	56	124	315	2.08
1965-1969	106	0.47261	0.38228	0.5	96	37	78	192	2.00
1965-1969	107	0.49486	0.39671	0.5	59	24	47	114	1.93
1965-1969	108	0.51714	0.41089	0.5	36	15	28	67	1.86
1965-1969	109	0.53934	0.42479	0.5	21	9	17	38	1.81
1965-1969	110+	0.56139	1.00000	1.78	12	12	22	22	1.78
1970-1974	0	0.02078	0.02040	0.11	100000	2040	98187	7403347	74.03
1970-1974	1	0.00139	0.00139	0.5	97960	136	97892	7305160	74.57
1970-1974	2	0.00089	0.00089	0.5	97824	87	97780	7207268	73.68
1970-1974	3	0.00061	0.00061	0.5	97737	60	97707	7109488	72.74
1970-1974	4	0.00055	0.00055	0.5	97677	54	97650	7011781	71.79
1970-1974	5	0.00054	0.00054	0.5	97623	53	97597	6914131	70.82
1970-1974	6	0.00047	0.00047	0.5	97571	46	97548	6816534	69.86
1970-1974	7	0.00036	0.00036	0.5	97524	36	97507	6718987	68.90
1970-1974	8	0.00031	0.00031	0.5	97489	30	97474	6621480	67.92
1970-1974	9	0.00036	0.00036	0.5	97459	35	97441	6524006	66.94
1970-1974	10	0.00034	0.00034	0.5	97424	33	97407	6426565	65.97
1970-1974	11	0.00029	0.00029	0.5	97390	28	97376	6329158	64.99
1970-1974	12	0.00035	0.00035	0.5	97362	34	97345	6231782	64.01
1970-1974	13	0.00027	0.00027	0.5	97329	26	97315	6134437	63.03
1970-1974	14	0.00046	0.00046	0.5	97302	45	97280	6037122	62.05
1970-1974	15	0.00051	0.00051	0.5	97257	49	97233	5939842	61.07
1970-1974	16	0.00057	0.00057	0.5	97208	56	97180	5842609	60.10
1970-1974	17	0.00068	0.00068	0.5	97152	66	97119	5745429	59.14
1970-1974	18	0.00084	0.00084	0.5	97086	81	97046	5648310	58.18
1970-1974	19	0.00079	0.00079	0.5	97005	77	96967	5551264	57.23
1970-1974	20	0.00068	0.00068	0.5	96928	66	96895	5454297	56.27
1970-1974	21	0.00081	0.00081	0.5	96862	79	96823	5357402	55.31
1970-1974	22	0.00088	0.00088	0.5	96784	85	96741	5260579	54.35
1970-1974	23	0.00075	0.00075	0.5	96699	73	96662	5163838	53.40
1970-1974	24	0.00097	0.00096	0.5	96626	93	96579	5067176	52.44
1970-1974	25	0.00092	0.00092	0.5	96532	89	96488	4970597	51.49
1970-1974	26	0.00099	0.00099	0.5	96444	95	96396	4874108	50.54
1970-1974	27	0.00111	0.00111	0.5	96348	107	96295	4777712	49.59
1970-1974	28	0.00104	0.00104	0.5	96241	100	96192	4681417	48.64
1970-1974	29	0.00106	0.00106	0.5	96142	102	96091	4585226	47.69
1970-1974	30	0.00121	0.00121	0.5	96040	116	95982	4489135	46.74
1970-1974	31	0.00130	0.00130	0.5	95924	125	95861	4393153	45.80
1970-1974	32	0.00131	0.00131	0.5	95799	125	95736	4297292	44.86
1970-1974	33	0.00159	0.00159	0.5	95673	152	95597	4201556	43.92
1970-1974	34	0.00148	0.00148	0.5	95521	141	95451	4105959	42.98
1970-1974	35	0.00170	0.00169	0.5	95381	162	95300	4010508	42.05
1970-1974	36	0.00202	0.00202	0.5	95219	192	95123	3915208	41.12
1970-1974	37	0.00242	0.00241	0.5	95027	229	94912	3820085	40.20
1970-1974	38	0.00262	0.00261	0.5	94798	248	94674	3725173	39.30
1970-1974	39	0.00229	0.00229	0.5	94550	217	94442	3630499	38.40
1970-1974	40	0.00264	0.00264	0.5	94333	249	94209	3536058	37.48
1970-1974	41	0.00287	0.00287	0.5	94084	270	93949	3441849	36.58
1970-1974	42	0.00335	0.00335	0.5	93814	314	93657	3347899	35.69
1970-1974	43	0.00322	0.00321	0.5	93501	300	93350	3254242	34.80
1970-1974	44	0.00360	0.00360	0.5	93200	335	93033	3160892	33.92
1970-1974	45	0.00416	0.00415	0.5	92865	385	92672	3067859	33.04
1970-1974	46	0.00416	0.00415	0.5	92480	384	92288	2975187	32.17
1970-1974	47	0.00470	0.00469	0.5	92096	432	91880	2882899	31.30
1970-1974	48	0.00540	0.00539	0.5	91664	494	91418	2791018	30.45
1970-1974	49	0.00562	0.00560	0.5	91171	511	90915	2699601	29.61
1970-1974	50	0.00607	0.00605	0.5	90660	549	90386	2608686	28.77
1970-1974	51	0.00612	0.00610	0.5	90111	550	89836	2518300	27.95
1970-1974	52	0.00696	0.00694	0.5	89562	622	89251	2428464	27.11
1970-1974	53	0.00729	0.00726	0.5	88940	646	88617	2339213	26.30
1970-1974	54	0.00777	0.00774	0.5	88294	683	87953	2250595	25.49
1970-1974	55	0.00822	0.00819	0.5	87611	718	87253	2162643	24.68
1970-1974	56	0.00785	0.00782	0.5	86894	680	86554	2075390	23.88
1970-1974	57	0.00852	0.00848	0.5	86214	731	85848	1988836	23.07
1970-1974	58	0.00966	0.00961	0.5	85483	821	85072	1902988	22.26
1970-1974	59	0.01025	0.01019	0.5	84661	863	84230	1817916	21.47
1970-1974	60	0.01202	0.01195	0.5	83798	1001	83298	1733686	20.69
1970-1974	61	0.01116	0.01110	0.5	82797	919	82338	1650388	19.93
1970-1974	62	0.01532	0.01520	0.5	81879	1244	81256	1568050	19.15
1970-1974	63	0.01446	0.01435	0.5	80634	1157	80055	1486794	18.44
1970-1974	64	0.01615	0.01602	0.5	79477	1273	78840	1406738	17.70
1970-1974	65	0.01823	0.01807	0.5	78204	1413	77498	1327898	16.98
1970-1974	66	0.01804	0.01788	0.5	76791	1373	76105	1250400	16.28
1970-1974	67	0.02040	0.02019	0.5	75418	1523	74657	1174295	15.57
1970-1974	68	0.02079	0.02057	0.5	73895	1520	73135	1099639	14.88
1970-1974	69	0.02238	0.02213	0.5	72375	1602	71574	1026504	14.18
1970-1974	70	0.03005	0.02960	0.5	70773	2095	69726	954930	13.49
1970-1974	71	0.02995	0.02951	0.5	68678	2027	67665	885204	12.89
1970-1974	72	0.03571	0.03508	0.5	66652	2338	65482	817539	12.27
1970-1974	73	0.03694	0.03627	0.5	64313	2333	63147	752057	11.69
1970-1974	74	0.04068	0.03987	0.5	61981	2471	60745	688910	11.11
1970-1974	75	0.04450	0.04353	0.5	59509	2591	58214	628165	10.56
1970-1974	76	0.04743	0.04633	0.5	56919	2637	55600	569951	10.01
1970-1974	77	0.04941	0.04821	0.5	54282	2617	52973	514350	9.48
1970-1974	78	0.05737	0.05577	0.5	51665	2881	50224	461377	8.93
1970-1974	79	0.06032	0.05855	0.5	48784	2856	47355	411153	8.43
1970-1974	80	0.07223	0.06971	0.5	45927	3202	44326	363797	7.92
1970-1974	81	0.07645	0.07363	0.5	42726	3146	41153	319471	7.48
1970-1974	82	0.08670	0.08309	0.5	39580	3289	37935	278318	7.03
1970-1974	83	0.09709	0.09260	0.5	36291	3360	34611	240383	6.62
1970-1974	84	0.11068	0.10487	0.5	32930	3454	31204	205773	6.25
1970-1974	85	0.11860	0.11196	0.5	29477	3300	27827	174569	5.92
1970-1974	86	0.12938	0.12152	0.5	26177	3181	24586	146742	5.61
1970-1974	87	0.14561	0.13573	0.5	22996	3121	21435	122156	5.31
1970-1974	88	0.14828	0.13805	0.5	19874	2744	18503	100721	5.07
1970-1974	89	0.16102	0.14902	0.5	17131	2553	15854	82219	4.80
1970-1974	90	0.16965	0.15639	0.5	14578	2280	13438	66364	4.55
1970-1974	91	0.18288	0.16756	0.5	12298	2061	11268	52926	4.30
1970-1974	92	0.19690	0.17926	0.5	10237	1835	9320	41658	4.07
1970-1974	93	0.21172	0.19145	0.5	8402	1609	7598	32339	3.85
1970-1974	94	0.22733	0.20413	0.5	6794	1387	6100	24741	3.64
1970-1974	95	0.24374	0.21726	0.5	5407	1175	4820	18640	3.45
1970-1974	96	0.26093	0.23082	0.5	4232	977	3744	13821	3.27
1970-1974	97	0.27889	0.24476	0.5	3255	797	2857	10077	3.10
1970-1974	98	0.29759	0.25905	0.5	2459	637	2140	7220	2.94
1970-1974	99	0.31699	0.27362	0.5	1822	498	1572	5080	2.79
1970-1974	100	0.33705	0.28844	0.5	1323	382	1132	3508	2.65
1970-1974	101	0.35771	0.30344	0.5	942	286	799	2375	2.52
1970-1974	102	0.37892	0.31856	0.5	656	209	551	1576	2.40
1970-1974	103	0.40060	0.33375	0.5	447	149	372	1025	2.29
1970-1974	104	0.42267	0.34893	0.5	298	104	246	653	2.19
1970-1974	105	0.44506	0.36405	0.5	194	71	159	407	2.10
1970-1974	106	0.46767	0.37904	0.5	123	47	100	248	2.01
1970-1974	107	0.49042	0.39384	0.5	77	30	61	148	1.94
1970-1974	108	0.51320	0.40841	0.5	46	19	37	87	1.87
1970-1974	109	0.53593	0.42267	0.5	27	12	22	50	1.82
1970-1974	110+	0.55852	1.00000	1.79	16	16	28	28	1.79
1975-1979	0	0.01553	0.01532	0.1	100000	1532	98616	7608721	76.09
1975-1979	1	0.00120	0.00120	0.5	98468	118	98409	7510105	76.27
1975-1979	2	0.00070	0.00070	0.5	98350	69	98315	7411696	75.36
1975-1979	3	0.00047	0.00047	0.5	98281	46	98258	7313380	74.41
1975-1979	4	0.00057	0.00057	0.5	98235	56	98207	7215122	73.45
1975-1979	5	0.00040	0.00040	0.5	98179	40	98159	7116915	72.49
1975-1979	6	0.00032	0.00032	0.5	98139	31	98124	7018756	71.52
1975-1979	7	0.00031	0.00031	0.5	98108	30	98093	6920633	70.54
1975-1979	8	0.00034	0.00034	0.5	98078	34	98061	6822540	69.56
1975-1979	9	0.00021	0.00021	0.5	98044	21	98034	6724478	68.59
1975-1979	10	0.00021	0.00021	0.5	98024	20	98013	6626445	67.60
1975-1979	11	0.00023	0.00023	0.5	98003	23	97992	6528431	66.61
1975-1979	12	0.00028	0.00028	0.5	97981	27	97967	6430439	65.63
1975-1979	13	0.00033	0.00033	0.5	97954	32	97938	6332472	64.65
1975-1979	14	0.00030	0.00030	0.5	97921	30	97907	6234534	63.67
1975-1979	15	0.00045	0.00045	0.5	97892	44	97870	6136628	62.69
1975-1979	16	0.00048	0.00048	0.5	97848	47	97824	6038758	61.72
1975-1979	17	0.00059	0.00059	0.5	97801	58	97772	5940934	60.75
1975-1979	18	0.00078	0.00078	0.5	97743	76	97705	5843162	59.78
1975-1979	19	0.00069	0.00069	0.5	97667	67	97633	5745457	58.83
1975-1979	20	0.00072	0.00072	0.5	97599	70	97564	5647824	57.87
1975-1979	21	0.00066	0.00066	0.5	97529	65	97497	5550260	56.91
1975-1979	22	0.00066	0.00066	0.5	97465	65	97432	5452763	55.95
1975-1979	23	0.00081	0.00081	0.5	97400	79	97361	5355330	54.98
1975-1979	24	0.00079	0.00079	0.5	97322	77	97283	5257970	54.03
1975-1979	25	0.00064	0.00064	0.5	97245	62	97214	5160686	53.07
1975-1979	26	0.00078	0.00078	0.5	97183	75	97145	5063473	52.10
1975-1979	27	0.00091	0.00091	0.5	97107	88	97063	4966327	51.14
1975-1979	28	0.00079	0.00079	0.5	97019	76	96981	4869264	50.19
1975-1979	29	0.00101	0.00101	0.5	96943	97	96894	4772283	49.23
1975-1979	30	0.00098	0.00098	0.5	96846	95	96798	4675388	48.28
1975-1979	31	0.00100	0.00100	0.5	96751	97	96702	4578590	47.32
1975-1979	32	0.00126	0.00126	0.5	96654	122	96593	4481887	46.37
1975-1979	33	0.00119	0.00119	0.5	96532	115	96475	4385295	45.43
1975-1979	34	0.00113	0.00113	0.5	96417	109	96363	4288820	44.48
1975-1979	35	0.00135	0.00135	0.5	96309	130	96244	4192457	43.53
1975-1979	36	0.00170	0.00170	0.5	96179	163	96097	4096213	42.59
1975-1979	37	0.00148	0.00148	0.5	96016	142	95945	4000115	41.66
1975-1979	38	0.00183	0.00183	0.5	95874	176	95786	3904171	40.72
1975-1979	39	0.00194	0.00194	0.5	95698	186	95605	3808385	39.80
1975-1979	40	0.00224	0.00224	0.5	95512	214	95405	3712780	38.87
1975-1979	41	0.00216	0.00216	0.5	95298	205	95196	3617374	37.96
1975-1979	42	0.00244	0.00244	0.5	95093	232	94977	3522178	37.04
1975-1979	43	0.00292	0.00292	0.5	94861	277	94722	3427202	36.13
1975-1979	44	0.00300	0.00299	0.5	94584	283	94442	3332479	35.23
1975-1979	45	0.00347	0.00347	0.5	94301	327	94137	3238037	34.34
1975-1979	46	0.00370	0.00370	0.5	93974	347	93800	3143899	33.45
1975-1979	47	0.00436	0.00435	0.5	93627	408	93423	3050099	32.58
1975-1979	48	0.00453	0.00452	0.5	93219	421	93009	2956676	31.72
1975-1979	49	0.00435	0.00434	0.5	92798	403	92597	2863667	30.86
1975-1979	50	0.00505	0.00504	0.5	92395	465	92163	2771070	29.99
1975-1979	51	0.00531	0.00529	0.5	91930	486	91687	2678907	29.14
1975-1979	52	0.00618	0.00616	0.5	91444	563	91162	2587221	28.29
1975-1979	53	0.00646	0.00643	0.5	90880	585	90588	2496059	27.47
1975-1979	54	0.00634	0.00632	0.5	90296	571	90010	2405471	26.64
1975-1979	55	0.00688	0.00686	0.5	89725	615	89417	2315461	25.81
1975-1979	56	0.00774	0.00771	0.5	89109	687	88766	2226044	24.98
1975-1979	57	0.00843	0.00839	0.5	88422	742	88051	2137278	24.17
1975-1979	58	0.00875	0.00872	0.5	87680	764	87298	2049227	23.37
1975-1979	59	0.00976	0.00971	0.5	86916	844	86494	1961929	22.57
1975-1979	60	0.01033	0.01028	0.5	86072	885	85629	1875435	21.79
1975-1979	61	0.01054	0.01049	0.5	85187	893	84740	1789806	21.01
1975-1979	62	0.01255	0.01247	0.5	84294	1051	83768	1705065	20.23
1975-1979	63	0.01245	0.01237	0.5	83243	1030	82728	1621297	19.48
1975-1979	64	0.01400	0.01390	0.5	82213	1143	81642	1538569	18.71
1975-1979	65	0.01443	0.01433	0.5	81070	1162	80489	1456927	17.97
1975-1979	66	0.01612	0.01600	0.5	79908	1278	79269	1376438	17.23
1975-1979	67	0.01780	0.01765	0.5	78630	1388	77936	1297169	16.50
1975-1979	68	0.01914	0.01896	0.5	77243	1464	76510	1219232	15.78
1975-1979	69	0.02143	0.02120	0.5	75778	1607	74975	1142722	15.08
1975-1979	70	0.02270	0.02245	0.5	74171	1665	73339	1067747	14.40
1975-1979	71	0.02449	0.02419	0.5	72506	1754	71629	994408	13.71
1975-1979	72	0.02901	0.02860	0.5	70752	2023	69741	922779	13.04
1975-1979	73	0.03089	0.03042	0.5	68729	2090	67684	853038	12.41
1975-1979	74	0.03399	0.03342	0.5	66639	2227	65525	785354	11.79
1975-1979	75	0.03898	0.03823	0.5	64412	2463	63180	719829	11.18
1975-1979	76	0.04272	0.04183	0.5	61949	2591	60653	656649	10.60
1975-1979	77	0.04557	0.04455	0.5	59358	2645	58035	595996	10.04
1975-1979	78	0.05110	0.04983	0.5	56713	2826	55300	537961	9.49
1975-1979	79	0.05543	0.05394	0.5	53887	2906	52434	482661	8.96
1975-1979	80	0.06517	0.06311	0.5	50981	3217	49372	430227	8.44
1975-1979	81	0.06730	0.06511	0.5	47763	3110	46208	380855	7.97
1975-1979	82	0.07439	0.07172	0.5	44653	3202	43052	334647	7.49
1975-1979	83	0.08889	0.08511	0.5	41451	3528	39687	291595	7.03
1975-1979	84	0.09835	0.09374	0.5	37923	3555	36146	251908	6.64
1975-1979	85	0.10217	0.09720	0.5	34368	3341	32698	215762	6.28
1975-1979	86	0.12080	0.11392	0.5	31028	3535	29260	183064	5.90
1975-1979	87	0.12494	0.11759	0.5	27493	3233	25876	153804	5.59
1975-1979	88	0.13717	0.12837	0.5	24260	3114	22703	127928	5.27
1975-1979	89	0.15023	0.13974	0.5	21146	2955	19668	105225	4.98
1975-1979	90	0.15702	0.14559	0.5	18191	2648	16867	85556	4.70
1975-1979	91	0.17305	0.15927	0.5	15543	2475	14305	68689	4.42
1975-1979	92	0.18768	0.17158	0.5	13067	2242	11946	54384	4.16
1975-1979	93	0.20325	0.18450	0.5	10825	1997	9827	42438	3.92
1975-1979	94	0.21976	0.19800	0.5	8828	1748	7954	32612	3.69
1975-1979	95	0.23721	0.21206	0.5	7080	1501	6329	24658	3.48
1975-1979	96	0.25560	0.22663	0.5	5579	1264	4946	18329	3.29
1975-1979	97	0.27489	0.24167	0.5	4314	1043	3793	13382	3.10
1975-1979	98	0.29507	0.25713	0.5	3272	841	2851	9589	2.93
1975-1979	99	0.31608	0.27294	0.5	2430	663	2099	6738	2.77
1975-1979	100	0.33787	0.28904	0.5	1767	511	1512	4639	2.63
1975-1979	101	0.36037	0.30535	0.5	1256	384	1064	3128	2.49
1975-1979	102	0.38350	0.32179	0.5	873	281	732	2063	2.36
1975-1979	103	0.40717	0.33829	0.5	592	200	492	1331	2.25
1975-1979	104	0.43127	0.35477	0.5	392	139	322	839	2.14
1975-1979	105	0.45571	0.37115	0.5	253	94	206	517	2.05
1975-1979	106	0.48037	0.38734	0.5	159	62	128	311	1.96
1975-1979	107	0.50512	0.40327	0.5	97	39	78	183	1.88
1975-1979	108	0.52984	0.41887	0.5	58	24	46	105	1.81
1975-1979	109	0.55442	0.43409	0.5	34	15	26	59	1.76
1975-1979	110+	0.57874	1.00000	1.73	19	19	33	33	1.73
1980-1984	0	0.01250	0.01236	0.09	100000	1236	98873	7712432	77.12
1980-1984	1	0.00095	0.00095	0.5	98764	94	98717	7613559	77.09
1980-1984	2	0.00065	0.00065	0.5	98670	65	98638	7514842	76.16
1980-1984	3	0.00038	0.00038	0.5	98606	37	98587	7416204	75.21
1980-1984	4	0.00029	0.00029	0.5	98568	29	98554	7317617	74.24
1980-1984	5	0.00021	0.00021	0.5	98539	21	98529	7219063	73.26
1980-1984	6	0.00025	0.00025	0.5	98519	25	98506	7120534	72.28
1980-1984	7	0.00030	0.00030	0.5	98494	30	98479	7022028	71.29
1980-1984	8	0.00029	0.00029	0.5	98464	28	98450	6923549	70.32
1980-1984	9	0.00024	0.00024	0.5	98436	23	98424	6825099	69.34
1980-1984	10	0.00019	0.00019	0.5	98413	19	98403	6726674	68.35
1980-1984	11	0.00022	0.00022	0.5	98394	21	98383	6628271	67.36
1980-1984	12	0.00024	0.00024	0.5	98373	24	98361	6529888	66.38
1980-1984	13	0.00030	0.00030	0.5	98349	30	98334	6431527	65.39
1980-1984	14	0.00031	0.00031	0.5	98319	30	98304	6333193	64.41
1980-1984	15	0.00033	0.00033	0.5	98289	33	98273	6234889	63.43
1980-1984	16	0.00041	0.00041	0.5	98256	40	98236	6136616	62.46
1980-1984	17	0.00050	0.00050	0.5	98216	49	98192	6038380	61.48
1980-1984	18	0.00058	0.00058	0.5	98167	57	98139	5940188	60.51
1980-1984	19	0.00063	0.00063	0.5	98110	62	98079	5842049	59.55
1980-1984	20	0.00057	0.00057	0.5	98048	55	98021	5743970	58.58
1980-1984	21	0.00061	0.00061	0.5	97993	59	97963	5645949	57.62
1980-1984	22	0.00059	0.00059	0.5	97934	58	97905	5547986	56.65
1980-1984	23	0.00068	0.00068	0.5	97876	67	97842	5450081	55.68
1980-1984	24	0.00071	0.00071	0.5	97809	69	97774	5352239	54.72
1980-1984	25	0.00070	0.00070	0.5	97740	68	97706	5254465	53.76
1980-1984	26	0.00066	0.00066	0.5	97671	64	97639	5156759	52.80
1980-1984	27	0.00077	0.00077	0.5	97607	75	97570	5059120	51.83
1980-1984	28	0.00074	0.00074	0.5	97532	72	97496	4961550	50.87
1980-1984	29	0.00079	0.00079	0.5	97460	77	97422	4864054	49.91
1980-1984	30	0.00085	0.00085	0.5	97384	82	97342	4766632	48.95
1980-1984	31	0.00087	0.00087	0.5	97301	85	97259	4669290	47.99
1980-1984	32	0.00093	0.00093	0.5	97216	90	97171	4572031	47.03
1980-1984	33	0.00101	0.00101	0.5	97126	98	97077	4474860	46.07
1980-1984	34	0.00102	0.00102	0.5	97028	99	96978	4377783	45.12
1980-1984	35	0.00110	0.00110	0.5	96929	106	96876	4280804	44.16
1980-1984	36	0.00136	0.00136	0.5	96822	132	96756	4183929	43.21
1980-1984	37	0.00154	0.00154	0.5	96690	149	96616	4087172	42.27
1980-1984	38	0.00155	0.00155	0.5	96541	150	96466	3990556	41.34
1980-1984	39	0.00170	0.00170	0.5	96392	164	96310	3894090	40.40
1980-1984	40	0.00177	0.00177	0.5	96228	170	96143	3797780	39.47
1980-1984	41	0.00186	0.00186	0.5	96058	179	95969	3701637	38.54
1980-1984	42	0.00220	0.00220	0.5	95879	211	95774	3605668	37.61
1980-1984	43	0.00234	0.00234	0.5	95669	224	95557	3509894	36.69
1980-1984	44	0.00235	0.00234	0.5	95445	224	95333	3414337	35.77
1980-1984	45	0.00269	0.00269	0.5	95221	256	95093	3319004	34.86
1980-1984	46	0.00308	0.00307	0.5	94965	292	94819	3223911	33.95
1980-1984	47	0.00341	0.00340	0.5	94673	322	94513	3129091	33.05
1980-1984	48	0.00397	0.00396	0.5	94352	374	94165	3034579	32.16
1980-1984	49	0.00377	0.00376	0.5	93978	353	93801	2940414	31.29
1980-1984	50	0.00444	0.00443	0.5	93625	415	93417	2846613	30.40
1980-1984	51	0.00462	0.00461	0.5	93210	429	92995	2753196	29.54
1980-1984	52	0.00550	0.00549	0.5	92780	509	92526	2660200	28.67
1980-1984	53	0.00562	0.00561	0.5	92271	517	92013	2567675	27.83
1980-1984	54	0.00661	0.00658	0.5	91754	604	91452	2475662	26.98
1980-1984	55	0.00651	0.00649	0.5	91150	591	90854	2384210	26.16
1980-1984	56	0.00771	0.00768	0.5	90559	695	90211	2293356	25.32
1980-1984	57	0.00785	0.00782	0.5	89863	702	89512	2203145	24.52
1980-1984	58	0.00898	0.00894	0.5	89161	797	88762	2113633	23.71
1980-1984	59	0.00904	0.00900	0.5	88363	795	87966	2024871	22.92
1980-1984	60	0.01023	0.01018	0.5	87568	891	87123	1936905	22.12
1980-1984	61	0.01110	0.01104	0.5	86677	957	86198	1849782	21.34
1980-1984	62	0.01228	0.01221	0.5	85720	1046	85197	1763584	20.57
1980-1984	63	0.01236	0.01228	0.5	84674	1040	84154	1678387	19.82
1980-1984	64	0.01389	0.01379	0.5	83634	1153	83057	1594233	19.06
1980-1984	65	0.01477	0.01466	0.5	82480	1209	81876	1511176	18.32
1980-1984	66	0.01635	0.01622	0.5	81271	1318	80612	1429300	17.59
1980-1984	67	0.01679	0.01665	0.5	79953	1331	79287	1348688	16.87
1980-1984	68	0.01934	0.01916	0.5	78621	1506	77868	1269401	16.15
1980-1984	69	0.01997	0.01977	0.5	77115	1525	76353	1191533	15.45
1980-1984	70	0.02192	0.02168	0.5	75591	1639	74771	1115180	14.75
1980-1984	71	0.02435	0.02406	0.5	73951	1779	73062	1040409	14.07
1980-1984	72	0.02760	0.02723	0.5	72172	1965	71190	967347	13.40
1980-1984	73	0.02946	0.02903	0.5	70207	2038	69188	896157	12.76
1980-1984	74	0.03246	0.03194	0.5	68169	2177	67081	826969	12.13
1980-1984	75	0.03549	0.03487	0.5	65992	2301	64841	759888	11.51
1980-1984	76	0.03818	0.03747	0.5	63691	2386	62498	695047	10.91
1980-1984	77	0.04304	0.04213	0.5	61305	2583	60013	632549	10.32
1980-1984	78	0.04929	0.04810	0.5	58722	2825	57309	572536	9.75
1980-1984	79	0.04883	0.04766	0.5	55897	2664	54565	515226	9.22
1980-1984	80	0.06096	0.05916	0.5	53233	3149	51658	460661	8.65
1980-1984	81	0.06704	0.06487	0.5	50084	3249	48459	409003	8.17
1980-1984	82	0.07575	0.07298	0.5	46835	3418	45126	360544	7.70
1980-1984	83	0.08270	0.07942	0.5	43417	3448	41693	315418	7.26
1980-1984	84	0.09157	0.08756	0.5	39969	3500	38219	273725	6.85
1980-1984	85	0.09996	0.09520	0.5	36469	3472	34733	235506	6.46
1980-1984	86	0.10848	0.10289	0.5	32997	3395	31300	200773	6.08
1980-1984	87	0.12263	0.11555	0.5	29602	3421	27892	169473	5.73
1980-1984	88	0.13191	0.12375	0.5	26182	3240	24562	141581	5.41
1980-1984	89	0.14160	0.13224	0.5	22942	3034	21425	117020	5.10
1980-1984	90	0.15414	0.14311	0.5	19908	2849	18483	95595	4.80
1980-1984	91	0.16757	0.15461	0.5	17059	2638	15740	77112	4.52
1980-1984	92	0.18192	0.16675	0.5	14421	2405	13219	61371	4.26
1980-1984	93	0.19721	0.17951	0.5	12017	2157	10938	48152	4.01
1980-1984	94	0.21344	0.19286	0.5	9860	1902	8909	37214	3.77
1980-1984	95	0.23063	0.20679	0.5	7958	1646	7135	28306	3.56
1980-1984	96	0.24877	0.22125	0.5	6312	1397	5614	21170	3.35
1980-1984	97	0.26784	0.23621	0.5	4916	1161	4335	15556	3.16
1980-1984	98	0.28781	0.25160	0.5	3755	945	3282	11221	2.99
1980-1984	99	0.30864	0.26738	0.5	2810	751	2434	7939	2.83
1980-1984	100	0.33027	0.28346	0.5	2059	584	1767	5504	2.67
1980-1984	101	0.35266	0.29979	0.5	1475	442	1254	3737	2.53
1980-1984	102	0.37570	0.31629	0.5	1033	327	870	2483	2.40
1980-1984	103	0.39933	0.33287	0.5	706	235	589	1614	2.29
1980-1984	104	0.42343	0.34945	0.5	471	165	389	1025	2.18
1980-1984	105	0.44790	0.36595	0.5	306	112	250	636	2.08
1980-1984	106	0.47263	0.38229	0.5	194	74	157	386	1.99
1980-1984	107	0.49749	0.39839	0.5	120	48	96	229	1.91
1980-1984	108	0.52236	0.41419	0.5	72	30	57	133	1.84
1980-1984	109	0.54713	0.42960	0.5	42	18	33	75	1.78
1980-1984	110+	0.57166	1.00000	1.75	24	24	42	42	1.75
1985-1989	0	0.01151	0.01139	0.09	100000	1139	98958	7734161	77.34
1985-1989	1	0.00088	0.00088	0.5	98861	87	98818	7635203	77.23
1985-1989	2	0.00041	0.00041	0.5	98775	40	98755	7536385	76.30
1985-1989	3	0.00040	0.00040	0.5	98734	39	98715	7437631	75.33
1985-1989	4	0.00035	0.00035	0.5	98695	35	98678	7338916	74.36
1985-1989	5	0.00021	0.00021	0.5	98660	21	98650	7240238	73.39
1985-1989	6	0.00028	0.00028	0.5	98639	28	98625	7141589	72.40
1985-1989	7	0.00021	0.00021	0.5	98611	21	98601	7042963	71.42
1985-1989	8	0.00023	0.00023	0.5	98590	23	98579	6944362	70.44
1985-1989	9	0.00031	0.00031	0.5	98568	31	98553	6845783	69.45
1985-1989	10	0.00018	0.00018	0.5	98537	18	98528	6747231	68.47
1985-1989	11	0.00018	0.00018	0.5	98519	18	98510	6648702	67.49
1985-1989	12	0.00027	0.00027	0.5	98501	26	98488	6550192	66.50
1985-1989	13	0.00025	0.00025	0.5	98475	25	98462	6451704	65.52
1985-1989	14	0.00025	0.00025	0.5	98450	24	98438	6353242	64.53
1985-1989	15	0.00043	0.00043	0.5	98426	42	98405	6254804	63.55
1985-1989	16	0.00074	0.00074	0.5	98383	73	98347	6156399	62.58
1985-1989	17	0.00062	0.00062	0.5	98310	61	98280	6058053	61.62
1985-1989	18	0.00062	0.00062	0.5	98249	61	98219	5959773	60.66
1985-1989	19	0.00068	0.00068	0.5	98189	67	98155	5861554	59.70
1985-1989	20	0.00057	0.00057	0.5	98122	56	98094	5763399	58.74
1985-1989	21	0.00056	0.00056	0.5	98066	55	98039	5665305	57.77
1985-1989	22	0.00058	0.00058	0.5	98011	57	97983	5567266	56.80
1985-1989	23	0.00061	0.00061	0.5	97955	59	97925	5469283	55.83
1985-1989	24	0.00064	0.00064	0.5	97895	63	97864	5371359	54.87
1985-1989	25	0.00072	0.00071	0.5	97832	70	97797	5273495	53.90
1985-1989	26	0.00067	0.00067	0.5	97762	66	97730	5175697	52.94
1985-1989	27	0.00077	0.00077	0.5	97697	76	97659	5077968	51.98
1985-1989	28	0.00082	0.00082	0.5	97621	80	97581	4980309	51.02
1985-1989	29	0.00083	0.00083	0.5	97542	81	97501	4882727	50.06
1985-1989	30	0.00084	0.00084	0.5	97461	82	97420	4785226	49.10
1985-1989	31	0.00103	0.00103	0.5	97379	101	97329	4687806	48.14
1985-1989	32	0.00105	0.00105	0.5	97278	103	97227	4590477	47.19
1985-1989	33	0.00107	0.00107	0.5	97176	104	97124	4493250	46.24
1985-1989	34	0.00108	0.00108	0.5	97072	104	97020	4396126	45.29
1985-1989	35	0.00127	0.00127	0.5	96967	123	96906	4299107	44.34
1985-1989	36	0.00131	0.00131	0.5	96844	127	96781	4202201	43.39
1985-1989	37	0.00141	0.00141	0.5	96717	137	96649	4105420	42.45
1985-1989	38	0.00150	0.00150	0.5	96581	145	96508	4008771	41.51
1985-1989	39	0.00143	0.00143	0.5	96436	138	96367	3912263	40.57
1985-1989	40	0.00152	0.00152	0.5	96298	146	96224	3815896	39.63
1985-1989	41	0.00183	0.00183	0.5	96151	176	96063	3719672	38.69
1985-1989	42	0.00187	0.00186	0.5	95975	179	95886	3623608	37.76
1985-1989	43	0.00204	0.00204	0.5	95797	195	95699	3527722	36.83
1985-1989	44	0.00248	0.00248	0.5	95601	237	95483	3432023	35.90
1985-1989	45	0.00261	0.00260	0.5	95364	248	95240	3336541	34.99
1985-1989	46	0.00312	0.00312	0.5	95116	297	94968	3241300	34.08
1985-1989	47	0.00318	0.00317	0.5	94819	301	94669	3146333	33.18
1985-1989	48	0.00345	0.00344	0.5	94518	325	94356	3051664	32.29
1985-1989	49	0.00370	0.00370	0.5	94193	348	94019	2957308	31.40
1985-1989	50	0.00419	0.00418	0.5	93845	393	93649	2863289	30.51
1985-1989	51	0.00460	0.00459	0.5	93452	429	93238	2769640	29.64
1985-1989	52	0.00511	0.00509	0.5	93023	474	92787	2676402	28.77
1985-1989	53	0.00548	0.00546	0.5	92550	506	92297	2583615	27.92
1985-1989	54	0.00608	0.00606	0.5	92044	558	91765	2491318	27.07
1985-1989	55	0.00665	0.00662	0.5	91486	606	91183	2399553	26.23
1985-1989	56	0.00718	0.00715	0.5	90880	650	90555	2308371	25.40
1985-1989	57	0.00751	0.00748	0.5	90230	675	89893	2217816	24.58
1985-1989	58	0.00870	0.00866	0.5	89555	776	89168	2127923	23.76
1985-1989	59	0.00874	0.00871	0.5	88780	773	88393	2038755	22.96
1985-1989	60	0.01039	0.01033	0.5	88007	909	87552	1950362	22.16
1985-1989	61	0.01140	0.01134	0.5	87097	988	86604	1862810	21.39
1985-1989	62	0.01166	0.01159	0.5	86110	998	85611	1776206	20.63
1985-1989	63	0.01236	0.01229	0.5	85112	1046	84589	1690595	19.86
1985-1989	64	0.01390	0.01380	0.5	84066	1160	83486	1606006	19.10
1985-1989	65	0.01535	0.01523	0.5	82906	1263	82274	1522520	18.36
1985-1989	66	0.01619	0.01606	0.5	81643	1311	80987	1440246	17.64
1985-1989	67	0.01723	0.01708	0.5	80332	1372	79646	1359259	16.92
1985-1989	68	0.01863	0.01846	0.5	78960	1458	78231	1279613	16.21
1985-1989	69	0.02051	0.02030	0.5	77502	1574	76715	1201382	15.50
1985-1989	70	0.02190	0.02166	0.5	75929	1645	75106	1124667	14.81
1985-1989	71	0.02247	0.02223	0.5	74284	1651	73459	1049560	14.13
1985-1989	72	0.02620	0.02586	0.5	72633	1878	71694	976102	13.44
1985-1989	73	0.02959	0.02916	0.5	70755	2063	69723	904408	12.78
1985-1989	74	0.03229	0.03178	0.5	68692	2183	67600	834684	12.15
1985-1989	75	0.03463	0.03404	0.5	66509	2264	65377	767084	11.53
1985-1989	76	0.03957	0.03880	0.5	64245	2493	62999	701707	10.92
1985-1989	77	0.04204	0.04118	0.5	61752	2543	60481	638708	10.34
1985-1989	78	0.04724	0.04615	0.5	59209	2732	57843	578227	9.77
1985-1989	79	0.04941	0.04822	0.5	56477	2723	55115	520384	9.21
1985-1989	80	0.05946	0.05774	0.5	53754	3104	52202	465269	8.66
1985-1989	81	0.06501	0.06296	0.5	50650	3189	49055	413067	8.16
1985-1989	82	0.07273	0.07018	0.5	47461	3331	45795	364012	7.67
1985-1989	83	0.08030	0.07720	0.5	44130	3407	42427	318216	7.21
1985-1989	84	0.08720	0.08356	0.5	40723	3403	39022	275790	6.77
1985-1989	85	0.09702	0.09253	0.5	37320	3453	35593	236768	6.34
1985-1989	86	0.10827	0.10271	0.5	33867	3478	32128	201175	5.94
1985-1989	87	0.12349	0.11631	0.5	30388	3535	28621	169047	5.56
1985-1989	88	0.13286	0.12459	0.5	26854	3346	25181	140426	5.23
1985-1989	89	0.14630	0.13633	0.5	23508	3205	21906	115245	4.90
1985-1989	90	0.15939	0.14763	0.5	20303	2997	18805	93339	4.60
1985-1989	91	0.17464	0.16062	0.5	17306	2780	15916	74535	4.31
1985-1989	92	0.19103	0.17437	0.5	14526	2533	13260	58619	4.04
1985-1989	93	0.20855	0.18886	0.5	11993	2265	10861	45359	3.78
1985-1989	94	0.22724	0.20405	0.5	9728	1985	8736	34498	3.55
1985-1989	95	0.24707	0.21991	0.5	7743	1703	6892	25762	3.33
1985-1989	96	0.26804	0.23636	0.5	6040	1428	5327	18870	3.12
1985-1989	97	0.29010	0.25335	0.5	4613	1169	4028	13544	2.94
1985-1989	98	0.31320	0.27080	0.5	3444	933	2978	9515	2.76
1985-1989	99	0.33727	0.28860	0.5	2511	725	2149	6538	2.60
1985-1989	100	0.36221	0.30667	0.5	1787	548	1513	4389	2.46
1985-1989	101	0.38791	0.32490	0.5	1239	402	1037	2876	2.32
1985-1989	102	0.41425	0.34317	0.5	836	287	693	1839	2.20
1985-1989	103	0.44110	0.36139	0.5	549	199	450	1146	2.09
1985-1989	104	0.46829	0.37944	0.5	351	133	284	696	1.98
1985-1989	105	0.49567	0.39722	0.5	218	86	174	412	1.89
1985-1989	106	0.52308	0.41463	0.5	131	54	104	237	1.81
1985-1989	107	0.55035	0.43159	0.5	77	33	60	133	1.73
1985-1989	108	0.57732	0.44800	0.5	44	20	34	73	1.67
1985-1989	109	0.60383	0.46380	0.5	24	11	19	39	1.62
1985-1989	110+	0.62975	1.00000	1.59	13	13	21	21	1.59
1990-1994	0	0.00974	0.00965	0.08	100000	965	99112	7759593	77.60
1990-1994	1	0.00082	0.00082	0.5	99035	81	98994	7660481	77.35
1990-1994	2	0.00049	0.00049	0.5	98953	49	98929	7561487	76.41
1990-1994	3	0.00038	0.00038	0.5	98904	37	98886	7462558	75.45
1990-1994	4	0.00031	0.00031	0.5	98867	30	98852	7363672	74.48
1990-1994	5	0.00016	0.00016	0.5	98837	15	98829	7264820	73.50
1990-1994	6	0.00031	0.00031	0.5	98822	30	98806	7165991	72.51
1990-1994	7	0.00021	0.00021	0.5	98791	20	98781	7067184	71.54
1990-1994	8	0.00025	0.00025	0.5	98771	24	98759	6968403	70.55
1990-1994	9	0.00018	0.00018	0.5	98747	18	98737	6869645	69.57
1990-1994	10	0.00021	0.00021	0.5	98728	20	98718	6770907	68.58
1990-1994	11	0.00018	0.00018	0.5	98708	18	98699	6672189	67.60
1990-1994	12	0.00021	0.00021	0.5	98690	20	98680	6573490	66.61
1990-1994	13	0.00033	0.00033	0.5	98670	32	98654	6474810	65.62
1990-1994	14	0.00038	0.00038	0.5	98638	38	98619	6376156	64.64
1990-1994	15	0.00042	0.00042	0.5	98600	41	98579	6277537	63.67
1990-1994	16	0.00069	0.00069	0.5	98559	68	98525	6178958	62.69
1990-1994	17	0.00078	0.00078	0.5	98491	77	98453	6080433	61.74
1990-1994	18	0.00060	0.00060	0.5	98414	59	98385	5981980	60.78
1990-1994	19	0.00063	0.00063	0.5	98355	62	98324	5883596	59.82
1990-1994	20	0.00064	0.00064	0.5	98293	63	98261	5785272	58.86
1990-1994	21	0.00065	0.00065	0.5	98230	64	98198	5687010	57.89
1990-1994	22	0.00071	0.00071	0.5	98166	70	98131	5588812	56.93
1990-1994	23	0.00075	0.00075	0.5	98096	73	98059	5490681	55.97
1990-1994	24	0.00068	0.00068	0.5	98023	67	97989	5392621	55.01
1990-1994	25	0.00073	0.00073	0.5	97956	71	97921	5294632	54.05
1990-1994	26	0.00074	0.00074	0.5	97885	73	97849	5196711	53.09
1990-1994	27	0.00096	0.00096	0.5	97812	94	97765	5098863	52.13
1990-1994	28	0.00094	0.00094	0.5	97718	92	97672	5001098	51.18
1990-1994	29	0.00094	0.00094	0.5	97626	92	97580	4903426	50.23
1990-1994	30	0.00097	0.00097	0.5	97535	95	97487	4805845	49.27
1990-1994	31	0.00107	0.00107	0.5	97440	104	97388	4708358	48.32
1990-1994	32	0.00106	0.00106	0.5	97336	103	97284	4610970	47.37
1990-1994	33	0.00126	0.00126	0.5	97233	122	97172	4513686	46.42
1990-1994	34	0.00121	0.00121	0.5	97110	117	97052	4416515	45.48
1990-1994	35	0.00123	0.00123	0.5	96993	119	96933	4319463	44.53
1990-1994	36	0.00133	0.00133	0.5	96874	128	96809	4222530	43.59
1990-1994	37	0.00142	0.00142	0.5	96745	138	96676	4125721	42.65
1990-1994	38	0.00192	0.00192	0.5	96607	186	96515	4029044	41.71
1990-1994	39	0.00167	0.00167	0.5	96422	161	96341	3932530	40.78
1990-1994	40	0.00167	0.00167	0.5	96261	160	96181	3836188	39.85
1990-1994	41	0.00192	0.00192	0.5	96100	184	96008	3740008	38.92
1990-1994	42	0.00221	0.00221	0.5	95916	212	95810	3644000	37.99
1990-1994	43	0.00231	0.00231	0.5	95705	221	95594	3548189	37.07
1990-1994	44	0.00252	0.00251	0.5	95484	240	95364	3452595	36.16
1990-1994	45	0.00242	0.00242	0.5	95244	230	95129	3357231	35.25
1990-1994	46	0.00289	0.00289	0.5	95014	274	94876	3262102	34.33
1990-1994	47	0.00331	0.00330	0.5	94739	313	94583	3167226	33.43
1990-1994	48	0.00391	0.00390	0.5	94426	369	94242	3072644	32.54
1990-1994	49	0.00411	0.00410	0.5	94057	386	93864	2978402	31.67
1990-1994	50	0.00405	0.00404	0.5	93672	378	93482	2884537	30.79
1990-1994	51	0.00465	0.00464	0.5	93293	433	93077	2791055	29.92
1990-1994	52	0.00480	0.00479	0.5	92860	445	92638	2697978	29.05
1990-1994	53	0.00522	0.00521	0.5	92416	481	92175	2605340	28.19
1990-1994	54	0.00574	0.00572	0.5	91934	526	91672	2513165	27.34
1990-1994	55	0.00633	0.00631	0.5	91409	577	91120	2421493	26.49
1990-1994	56	0.00742	0.00740	0.5	90832	672	90496	2330373	25.66
1990-1994	57	0.00710	0.00708	0.5	90160	638	89841	2239877	24.84
1990-1994	58	0.00867	0.00863	0.5	89522	773	89135	2150036	24.02
1990-1994	59	0.00898	0.00894	0.5	88749	793	88352	2060901	23.22
1990-1994	60	0.00992	0.00988	0.5	87956	869	87522	1972548	22.43
1990-1994	61	0.01100	0.01094	0.5	87087	953	86611	1885026	21.65
1990-1994	62	0.01132	0.01126	0.5	86135	970	85650	1798415	20.88
1990-1994	63	0.01312	0.01304	0.5	85165	1110	84609	1712766	20.11
1990-1994	64	0.01361	0.01352	0.5	84054	1136	83486	1628156	19.37
1990-1994	65	0.01396	0.01386	0.5	82918	1149	82343	1544670	18.63
1990-1994	66	0.01625	0.01612	0.5	81769	1318	81110	1462327	17.88
1990-1994	67	0.01632	0.01619	0.5	80451	1302	79800	1381217	17.17
1990-1994	68	0.01971	0.01952	0.5	79149	1545	78376	1301417	16.44
1990-1994	69	0.02051	0.02030	0.5	77604	1575	76816	1223041	15.76
1990-1994	70	0.02130	0.02108	0.5	76029	1602	75228	1146224	15.08
1990-1994	71	0.02403	0.02375	0.5	74426	1767	73543	1070997	14.39
1990-1994	72	0.02677	0.02642	0.5	72659	1919	71699	997454	13.73
1990-1994	73	0.02875	0.02834	0.5	70740	2005	69737	925755	13.09
1990-1994	74	0.03210	0.03159	0.5	68734	2171	67649	856018	12.45
1990-1994	75	0.03125	0.03077	0.5	66563	2048	65539	788369	11.84
1990-1994	76	0.03819	0.03748	0.5	64515	2418	63306	722830	11.20
1990-1994	77	0.03981	0.03903	0.5	62097	2424	60885	659525	10.62
1990-1994	78	0.04434	0.04338	0.5	59673	2589	58379	598639	10.03
1990-1994	79	0.04968	0.04848	0.5	57084	2767	55701	540261	9.46
1990-1994	80	0.05681	0.05524	0.5	54317	3000	52817	484560	8.92
1990-1994	81	0.06218	0.06030	0.5	51317	3094	49770	431743	8.41
1990-1994	82	0.06917	0.06686	0.5	48222	3224	46610	381974	7.92
1990-1994	83	0.07782	0.07490	0.5	44998	3371	43313	335363	7.45
1990-1994	84	0.08569	0.08217	0.5	41628	3420	39918	292050	7.02
1990-1994	85	0.09074	0.08680	0.5	38207	3316	36549	252132	6.60
1990-1994	86	0.10243	0.09744	0.5	34891	3400	33191	215583	6.18
1990-1994	87	0.11268	0.10667	0.5	31491	3359	29812	182392	5.79
1990-1994	88	0.12957	0.12169	0.5	28132	3423	26421	152580	5.42
1990-1994	89	0.13602	0.12736	0.5	24709	3147	23136	126159	5.11
1990-1994	90	0.15123	0.14060	0.5	21562	3032	20046	103024	4.78
1990-1994	91	0.16586	0.15315	0.5	18531	2838	17111	82978	4.48
1990-1994	92	0.18143	0.16634	0.5	15692	2610	14387	65866	4.20
1990-1994	93	0.19813	0.18027	0.5	13082	2358	11903	51479	3.94
1990-1994	94	0.21596	0.19491	0.5	10724	2090	9679	39576	3.69
1990-1994	95	0.23492	0.21022	0.5	8634	1815	7726	29897	3.46
1990-1994	96	0.25500	0.22616	0.5	6819	1542	6048	22171	3.25
1990-1994	97	0.27618	0.24267	0.5	5276	1280	4636	16124	3.06
1990-1994	98	0.29842	0.25967	0.5	3996	1038	3477	11487	2.87
1990-1994	99	0.32165	0.27708	0.5	2958	820	2549	8010	2.71
1990-1994	100	0.34579	0.29482	0.5	2139	631	1823	5462	2.55
1990-1994	101	0.37076	0.31278	0.5	1508	472	1272	3638	2.41
1990-1994	102	0.39644	0.33086	0.5	1036	343	865	2366	2.28
1990-1994	103	0.42270	0.34895	0.5	694	242	573	1501	2.16
1990-1994	104	0.44941	0.36695	0.5	452	166	369	928	2.06
1990-1994	105	0.47641	0.38476	0.5	286	110	231	560	1.96
1990-1994	106	0.50355	0.40227	0.5	176	71	140	329	1.87
1990-1994	107	0.53067	0.41939	0.5	105	44	83	188	1.79
1990-1994	108	0.55761	0.43604	0.5	61	27	48	105	1.72
1990-1994	109	0.58422	0.45214	0.5	34	16	27	58	1.67
1990-1994	110+	0.61034	1.00000	1.64	19	19	31	31	1.64
1995-1999	0	0.00916	0.00908	0.08	100000	908	99163	7758819	77.59
1995-1999	1	0.00079	0.00079	0.5	99092	78	99053	7659656	77.30
1995-1999	2	0.00045	0.00045	0.5	99014	45	98991	7560603	76.36
1995-1999	3	0.00031	0.00031	0.5	98969	31	98953	7461611	75.39
1995-1999	4	0.00028	0.00028	0.5	98938	27	98924	7362658	74.42
1995-1999	5	0.00021	0.00021	0.5	98910	21	98900	7263734	73.44
1995-1999	6	0.00024	0.00024	0.5	98890	24	98878	7164834	72.45
1995-1999	7	0.00019	0.00019	0.5	98866	18	98857	7065956	71.47
1995-1999	8	0.00027	0.00027	0.5	98848	26	98835	6967099	70.48
1995-1999	9	0.00019	0.00019	0.5	98821	19	98812	6868265	69.50
1995-1999	10	0.00020	0.00020	0.5	98802	19	98793	6769453	68.52
1995-1999	11	0.00021	0.00021	0.5	98783	21	98773	6670660	67.53
1995-1999	12	0.00017	0.00017	0.5	98762	17	98754	6571887	66.54
1995-1999	13	0.00024	0.00024	0.5	98745	24	98733	6473134	65.55
1995-1999	14	0.00033	0.00033	0.5	98722	33	98705	6374400	64.57
1995-1999	15	0.00029	0.00029	0.5	98689	29	98674	6275695	63.59
1995-1999	16	0.00060	0.00060	0.5	98660	59	98631	6177020	62.61
1995-1999	17	0.00071	0.00071	0.5	98601	70	98566	6078390	61.65
1995-1999	18	0.00066	0.00066	0.5	98531	65	98499	5979824	60.69
1995-1999	19	0.00068	0.00068	0.5	98466	67	98433	5881325	59.73
1995-1999	20	0.00059	0.00059	0.5	98399	58	98370	5782892	58.77
1995-1999	21	0.00067	0.00067	0.5	98342	66	98309	5684522	57.80
1995-1999	22	0.00069	0.00069	0.5	98275	68	98242	5586213	56.84
1995-1999	23	0.00075	0.00075	0.5	98208	74	98171	5487972	55.88
1995-1999	24	0.00070	0.00070	0.5	98134	68	98100	5389801	54.92
1995-1999	25	0.00083	0.00083	0.5	98065	81	98025	5291701	53.96
1995-1999	26	0.00087	0.00087	0.5	97984	86	97941	5193677	53.01
1995-1999	27	0.00093	0.00093	0.5	97898	91	97853	5095735	52.05
1995-1999	28	0.00087	0.00087	0.5	97807	85	97765	4997883	51.10
1995-1999	29	0.00102	0.00102	0.5	97723	99	97673	4900118	50.14
1995-1999	30	0.00089	0.00089	0.5	97623	87	97580	4802445	49.19
1995-1999	31	0.00123	0.00123	0.5	97536	120	97476	4704865	48.24
1995-1999	32	0.00127	0.00127	0.5	97416	123	97355	4607389	47.30
1995-1999	33	0.00127	0.00127	0.5	97293	123	97231	4510034	46.36
1995-1999	34	0.00123	0.00123	0.5	97170	120	97110	4412803	45.41
1995-1999	35	0.00151	0.00151	0.5	97050	146	96977	4315693	44.47
1995-1999	36	0.00147	0.00147	0.5	96904	143	96832	4218716	43.54
1995-1999	37	0.00155	0.00155	0.5	96761	150	96686	4121884	42.60
1995-1999	38	0.00178	0.00178	0.5	96611	172	96525	4025198	41.66
1995-1999	39	0.00183	0.00183	0.5	96439	176	96351	3928673	40.74
1995-1999	40	0.00194	0.00194	0.5	96263	187	96169	3832322	39.81
1995-1999	41	0.00193	0.00193	0.5	96076	185	95983	3736153	38.89
1995-1999	42	0.00221	0.00221	0.5	95891	212	95785	3640170	37.96
1995-1999	43	0.00250	0.00250	0.5	95679	239	95559	3544385	37.04
1995-1999	44	0.00257	0.00257	0.5	95440	245	95317	3448826	36.14
1995-1999	45	0.00254	0.00253	0.5	95195	241	95074	3353508	35.23
1995-1999	46	0.00273	0.00272	0.5	94953	259	94824	3258434	34.32
1995-1999	47	0.00316	0.00315	0.5	94695	298	94546	3163610	33.41
1995-1999	48	0.00330	0.00330	0.5	94396	311	94241	3069065	32.51
1995-1999	49	0.00375	0.00375	0.5	94085	352	93909	2974824	31.62
1995-1999	50	0.00399	0.00398	0.5	93733	374	93546	2880915	30.74
1995-1999	51	0.00416	0.00415	0.5	93359	388	93165	2787369	29.86
1995-1999	52	0.00465	0.00464	0.5	92971	432	92755	2694204	28.98
1995-1999	53	0.00516	0.00515	0.5	92540	476	92301	2601449	28.11
1995-1999	54	0.00558	0.00557	0.5	92063	513	91807	2509147	27.25
1995-1999	55	0.00614	0.00612	0.5	91551	561	91270	2417341	26.40
1995-1999	56	0.00690	0.00688	0.5	90990	626	90677	2326070	25.56
1995-1999	57	0.00715	0.00712	0.5	90364	644	90042	2235393	24.74
1995-1999	58	0.00812	0.00808	0.5	89721	725	89358	2145351	23.91
1995-1999	59	0.00868	0.00864	0.5	88995	769	88610	2055993	23.10
1995-1999	60	0.00941	0.00937	0.5	88226	826	87813	1967382	22.30
1995-1999	61	0.00982	0.00977	0.5	87400	854	86973	1879570	21.51
1995-1999	62	0.01197	0.01190	0.5	86546	1030	86031	1792597	20.71
1995-1999	63	0.01243	0.01235	0.5	85516	1056	84988	1706566	19.96
1995-1999	64	0.01342	0.01333	0.5	84460	1126	83897	1621578	19.20
1995-1999	65	0.01546	0.01534	0.5	83334	1278	82695	1537681	18.45
1995-1999	66	0.01582	0.01570	0.5	82056	1288	81412	1454986	17.73
1995-1999	67	0.01703	0.01688	0.5	80768	1364	80086	1373573	17.01
1995-1999	68	0.01889	0.01872	0.5	79404	1486	78661	1293487	16.29
1995-1999	69	0.02087	0.02066	0.5	77918	1609	77114	1214826	15.59
1995-1999	70	0.02192	0.02169	0.5	76309	1655	75481	1137712	14.91
1995-1999	71	0.02450	0.02421	0.5	74654	1807	73751	1062231	14.23
1995-1999	72	0.02655	0.02620	0.5	72847	1909	71893	988480	13.57
1995-1999	73	0.02872	0.02832	0.5	70938	2009	69934	916587	12.92
1995-1999	74	0.03079	0.03032	0.5	68930	2090	67885	846653	12.28
1995-1999	75	0.03442	0.03384	0.5	66840	2262	65709	778769	11.65
1995-1999	76	0.03807	0.03736	0.5	64578	2412	63372	713060	11.04
1995-1999	77	0.03969	0.03891	0.5	62166	2419	60956	649688	10.45
1995-1999	78	0.04662	0.04556	0.5	59747	2722	58386	588732	9.85
1995-1999	79	0.04876	0.04760	0.5	57025	2714	55668	530346	9.30
1995-1999	80	0.05805	0.05642	0.5	54311	3064	52779	474679	8.74
1995-1999	81	0.06422	0.06223	0.5	51247	3189	49652	421900	8.23
1995-1999	82	0.07114	0.06870	0.5	48058	3302	46407	372248	7.75
1995-1999	83	0.07860	0.07563	0.5	44756	3385	43064	325841	7.28
1995-1999	84	0.08566	0.08215	0.5	41371	3399	39672	282777	6.84
1995-1999	85	0.09380	0.08960	0.5	37973	3402	36272	243105	6.40
1995-1999	86	0.10682	0.10141	0.5	34571	3506	32818	206833	5.98
1995-1999	87	0.11741	0.11090	0.5	31065	3445	29342	174016	5.60
1995-1999	88	0.13716	0.12836	0.5	27620	3545	25847	144673	5.24
1995-1999	89	0.13997	0.13081	0.5	24075	3149	22500	118826	4.94
1995-1999	90	0.15483	0.14370	0.5	20925	3007	19422	96326	4.60
1995-1999	91	0.17411	0.16017	0.5	17918	2870	16483	76904	4.29
1995-1999	92	0.19096	0.17432	0.5	15048	2623	13737	60421	4.02
1995-1999	93	0.20903	0.18925	0.5	12425	2351	11249	46684	3.76
1995-1999	94	0.22832	0.20493	0.5	10074	2064	9042	35435	3.52
1995-1999	95	0.24883	0.22130	0.5	8009	1772	7123	26393	3.30
1995-1999	96	0.27054	0.23831	0.5	6237	1486	5494	19270	3.09
1995-1999	97	0.29341	0.25587	0.5	4751	1216	4143	13777	2.90
1995-1999	98	0.31736	0.27390	0.5	3535	968	3051	9634	2.73
1995-1999	99	0.34233	0.29230	0.5	2567	750	2192	6583	2.56
1995-1999	100	0.36819	0.31095	0.5	1817	565	1534	4391	2.42
1995-1999	101	0.39484	0.32974	0.5	1252	413	1045	2857	2.28
1995-1999	102	0.42213	0.34856	0.5	839	292	693	1812	2.16
1995-1999	103	0.44991	0.36728	0.5	547	201	446	1119	2.05
1995-1999	104	0.47800	0.38579	0.5	346	133	279	673	1.95
1995-1999	105	0.50623	0.40397	0.5	212	86	169	394	1.85
1995-1999	106	0.53442	0.42173	0.5	127	53	100	224	1.77
1995-1999	107	0.56239	0.43896	0.5	73	32	57	124	1.70
1995-1999	108	0.58997	0.45558	0.5	41	19	32	67	1.64
1995-1999	109	0.61699	0.47153	0.5	22	11	17	35	1.59
1995-1999	110+	0.64331	1.00000	1.55	12	12	18	18	1.55
2000-2004	0	0.00790	0.00784	0.08	100000	784	99275	7754393	77.54
2000-2004	1	0.00056	0.00056	0.5	99216	56	99188	7655118	77.16
2000-2004	2	0.00034	0.00034	0.5	99161	34	99143	7555930	76.20
2000-2004	3	0.00023	0.00023	0.5	99126	23	99115	7456786	75.23
2000-2004	4	0.00026	0.00026	0.5	99103	26	99090	7357672	74.24
2000-2004	5	0.00021	0.00021	0.5	99077	21	99067	7258581	73.26
2000-2004	6	0.00013	0.00013	0.5	99056	13	99050	7159515	72.28
2000-2004	7	0.00015	0.00015	0.5	99043	15	99035	7060465	71.29
2000-2004	8	0.00021	0.00021	0.5	99028	21	99017	6961430	70.30
2000-2004	9	0.00012	0.00012	0.5	99007	12	99001	6862412	69.31
2000-2004	10	0.00011	0.00011	0.5	98994	11	98989	6763412	68.32
2000-2004	11	0.00015	0.00015	0.5	98983	14	98976	6664423	67.33
2000-2004	12	0.00019	0.00019	0.5	98969	19	98959	6565447	66.34
2000-2004	13	0.00026	0.00026	0.5	98950	26	98937	6466488	65.35
2000-2004	14	0.00027	0.00027	0.5	98924	27	98911	6367551	64.37
2000-2004	15	0.00037	0.00037	0.5	98897	37	98879	6268640	63.39
2000-2004	16	0.00062	0.00062	0.5	98861	62	98830	6169761	62.41
2000-2004	17	0.00061	0.00061	0.5	98799	60	98769	6070931	61.45
2000-2004	18	0.00067	0.00067	0.5	98738	66	98706	5972163	60.48
2000-2004	19	0.00053	0.00053	0.5	98673	52	98647	5873457	59.52
2000-2004	20	0.00070	0.00070	0.5	98620	69	98586	5774810	58.56
2000-2004	21	0.00052	0.00052	0.5	98551	51	98526	5676224	57.60
2000-2004	22	0.00076	0.00076	0.5	98500	75	98463	5577699	56.63
2000-2004	23	0.00077	0.00077	0.5	98425	76	98388	5479236	55.67
2000-2004	24	0.00073	0.00073	0.5	98350	72	98313	5380848	54.71
2000-2004	25	0.00060	0.00060	0.5	98277	59	98248	5282535	53.75
2000-2004	26	0.00083	0.00083	0.5	98218	82	98177	5184287	52.78
2000-2004	27	0.00089	0.00089	0.5	98137	88	98093	5086110	51.83
2000-2004	28	0.00089	0.00089	0.5	98049	88	98005	4988017	50.87
2000-2004	29	0.00098	0.00098	0.5	97961	96	97913	4890012	49.92
2000-2004	30	0.00087	0.00087	0.5	97866	85	97823	4792098	48.97
2000-2004	31	0.00102	0.00102	0.5	97780	100	97730	4694276	48.01
2000-2004	32	0.00113	0.00113	0.5	97680	111	97625	4596545	47.06
2000-2004	33	0.00117	0.00117	0.5	97570	114	97513	4498920	46.11
2000-2004	34	0.00119	0.00119	0.5	97455	116	97397	4401408	45.16
2000-2004	35	0.00131	0.00130	0.5	97339	127	97276	4304011	44.22
2000-2004	36	0.00145	0.00145	0.5	97212	141	97141	4206735	43.27
2000-2004	37	0.00155	0.00154	0.5	97071	150	96996	4109594	42.34
2000-2004	38	0.00180	0.00180	0.5	96921	174	96834	4012598	41.40
2000-2004	39	0.00191	0.00191	0.5	96747	184	96654	3915764	40.47
2000-2004	40	0.00203	0.00202	0.5	96562	195	96465	3819110	39.55
2000-2004	41	0.00214	0.00214	0.5	96367	206	96264	3722645	38.63
2000-2004	42	0.00243	0.00242	0.5	96160	233	96044	3626382	37.71
2000-2004	43	0.00267	0.00267	0.5	95927	256	95799	3530338	36.80
2000-2004	44	0.00291	0.00291	0.5	95671	278	95532	3434539	35.90
2000-2004	45	0.00289	0.00289	0.5	95393	275	95255	3339007	35.00
2000-2004	46	0.00338	0.00338	0.5	95117	321	94957	3243752	34.10
2000-2004	47	0.00326	0.00326	0.5	94796	309	94642	3148795	33.22
2000-2004	48	0.00371	0.00371	0.5	94487	350	94312	3054154	32.32
2000-2004	49	0.00427	0.00426	0.5	94137	401	93936	2959842	31.44
2000-2004	50	0.00414	0.00413	0.5	93736	388	93542	2865905	30.57
2000-2004	51	0.00454	0.00453	0.5	93348	423	93137	2772363	29.70
2000-2004	52	0.00465	0.00464	0.5	92925	431	92710	2679227	28.83
2000-2004	53	0.00496	0.00495	0.5	92494	458	92265	2586517	27.96
2000-2004	54	0.00581	0.00579	0.5	92036	533	91770	2494252	27.10
2000-2004	55	0.00656	0.00653	0.5	91503	598	91204	2402482	26.26
2000-2004	56	0.00701	0.00698	0.5	90905	635	90588	2311278	25.43
2000-2004	57	0.00719	0.00717	0.5	90270	647	89947	2220691	24.60
2000-2004	58	0.00843	0.00839	0.5	89623	752	89247	2130744	23.77
2000-2004	59	0.00848	0.00844	0.5	88871	750	88496	2041496	22.97
2000-2004	60	0.00917	0.00913	0.5	88121	804	87719	1953000	22.16
2000-2004	61	0.01013	0.01008	0.5	87317	880	86877	1865281	21.36
2000-2004	62	0.01092	0.01086	0.5	86437	939	85968	1778403	20.57
2000-2004	63	0.01166	0.01160	0.5	85499	991	85003	1692435	19.79
2000-2004	64	0.01341	0.01333	0.5	84507	1126	83944	1607433	19.02
2000-2004	65	0.01382	0.01372	0.5	83381	1144	82809	1523489	18.27
2000-2004	66	0.01560	0.01548	0.5	82237	1273	81600	1440680	17.52
2000-2004	67	0.01677	0.01663	0.5	80964	1346	80291	1359079	16.79
2000-2004	68	0.01916	0.01898	0.5	79618	1511	78862	1278788	16.06
2000-2004	69	0.02079	0.02057	0.5	78107	1607	77303	1199926	15.36
2000-2004	70	0.02208	0.02184	0.5	76500	1671	75665	1122623	14.67
2000-2004	71	0.02364	0.02336	0.5	74829	1748	73955	1046958	13.99
2000-2004	72	0.02660	0.02625	0.5	73081	1919	72122	973003	13.31
2000-2004	73	0.02845	0.02805	0.5	71163	1996	70165	900881	12.66
2000-2004	74	0.03103	0.03055	0.5	69167	2113	68110	830716	12.01
2000-2004	75	0.03531	0.03470	0.5	67053	2327	65890	762606	11.37
2000-2004	76	0.03861	0.03788	0.5	64727	2452	63501	696716	10.76
2000-2004	77	0.04226	0.04138	0.5	62275	2577	60986	633216	10.17
2000-2004	78	0.04625	0.04521	0.5	59698	2699	58348	572229	9.59
2000-2004	79	0.05012	0.04889	0.5	56999	2787	55606	513881	9.02
2000-2004	80	0.05870	0.05702	0.5	54212	3091	52667	458275	8.45
2000-2004	81	0.06565	0.06356	0.5	51121	3249	49496	405608	7.93
2000-2004	82	0.07270	0.07015	0.5	47872	3358	46192	356112	7.44
2000-2004	83	0.07917	0.07615	0.5	44513	3390	42818	309920	6.96
2000-2004	84	0.09092	0.08697	0.5	41123	3576	39335	267101	6.50
2000-2004	85	0.09864	0.09401	0.5	37547	3530	35782	227766	6.07
2000-2004	86	0.11340	0.10732	0.5	34017	3651	32192	191984	5.64
2000-2004	87	0.12442	0.11714	0.5	30367	3557	28588	159792	5.26
2000-2004	88	0.14068	0.13143	0.5	26810	3524	25048	131204	4.89
2000-2004	89	0.15794	0.14638	0.5	23286	3409	21582	106156	4.56
2000-2004	90	0.17246	0.15877	0.5	19877	3156	18299	84574	4.25
2000-2004	91	0.19060	0.17402	0.5	16721	2910	15267	66275	3.96
2000-2004	92	0.21016	0.19018	0.5	13812	2627	12498	51008	3.69
2000-2004	93	0.23116	0.20721	0.5	11185	2318	10026	38510	3.44
2000-2004	94	0.25358	0.22504	0.5	8867	1996	7870	28484	3.21
2000-2004	95	0.27739	0.24360	0.5	6872	1674	6035	20614	3.00
2000-2004	96	0.30253	0.26278	0.5	5198	1366	4515	14579	2.80
2000-2004	97	0.32891	0.28245	0.5	3832	1082	3291	10064	2.63
2000-2004	98	0.35641	0.30250	0.5	2750	832	2334	6774	2.46
2000-2004	99	0.38490	0.32278	0.5	1918	619	1608	4440	2.32
2000-2004	100	0.41419	0.34313	0.5	1299	446	1076	2832	2.18
2000-2004	101	0.44411	0.36341	0.5	853	310	698	1756	2.06
2000-2004	102	0.47444	0.38347	0.5	543	208	439	1058	1.95
2000-2004	103	0.50496	0.40317	0.5	335	135	267	619	1.85
2000-2004	104	0.53544	0.42236	0.5	200	84	158	351	1.76
2000-2004	105	0.56566	0.44094	0.5	115	51	90	194	1.68
2000-2004	106	0.59539	0.45881	0.5	65	30	50	104	1.60
2000-2004	107	0.62445	0.47587	0.5	35	17	27	54	1.54
2000-2004	108	0.65263	0.49206	0.5	18	9	14	27	1.49
2000-2004	109	0.67979	0.50734	0.5	9	5	7	13	1.44
2000-2004	110+	0.70577	1.00000	1.42	5	5	6	6	1.42
2005-2009	0	0.00849	0.00843	0.08	100000	843	99222	7777059	77.77
2005-2009	1	0.00047	0.00047	0.5	99157	46	99134	7677837	77.43
2005-2009	2	0.00036	0.00036	0.5	99111	36	99093	7578703	76.47
2005-2009	3	0.00020	0.00020	0.5	99075	20	99065	7479610	75.49
2005-2009	4	0.00022	0.00022	0.5	99055	21	99045	7380545	74.51
2005-2009	5	0.00019	0.00019	0.5	99034	19	99024	7281500	73.53
2005-2009	6	0.00019	0.00019	0.5	99015	19	99005	7182476	72.54
2005-2009	7	0.00017	0.00017	0.5	98996	16	98988	7083471	71.55
2005-2009	8	0.00011	0.00011	0.5	98979	11	98974	6984483	70.57
2005-2009	9	0.00017	0.00017	0.5	98968	17	98959	6885509	69.57
2005-2009	10	0.00010	0.00010	0.5	98951	10	98946	6786550	68.59
2005-2009	11	0.00018	0.00018	0.5	98941	18	98932	6687604	67.59
2005-2009	12	0.00013	0.00013	0.5	98923	13	98916	6588673	66.60
2005-2009	13	0.00025	0.00025	0.5	98909	25	98897	6489757	65.61
2005-2009	14	0.00026	0.00026	0.5	98885	25	98872	6390859	64.63
2005-2009	15	0.00025	0.00025	0.5	98860	25	98847	6291987	63.65
2005-2009	16	0.00039	0.00039	0.5	98835	38	98816	6193140	62.66
2005-2009	17	0.00059	0.00059	0.5	98797	58	98767	6094324	61.69
2005-2009	18	0.00056	0.00056	0.5	98738	55	98711	5995557	60.72
2005-2009	19	0.00063	0.00063	0.5	98683	62	98652	5896846	59.76
2005-2009	20	0.00081	0.00081	0.5	98621	80	98581	5798194	58.79
2005-2009	21	0.00062	0.00062	0.5	98541	61	98510	5699613	57.84
2005-2009	22	0.00066	0.00066	0.5	98480	65	98447	5601103	56.88
2005-2009	23	0.00069	0.00069	0.5	98415	67	98381	5502655	55.91
2005-2009	24	0.00072	0.00072	0.5	98348	71	98312	5404274	54.95
2005-2009	25	0.00071	0.00071	0.5	98277	70	98242	5305962	53.99
2005-2009	26	0.00077	0.00077	0.5	98207	76	98169	5207720	53.03
2005-2009	27	0.00075	0.00074	0.5	98132	73	98095	5109550	52.07
2005-2009	28	0.00093	0.00093	0.5	98058	92	98013	5011455	51.11
2005-2009	29	0.00106	0.00106	0.5	97967	103	97915	4913442	50.15
2005-2009	30	0.00114	0.00113	0.5	97863	111	97808	4815527	49.21
2005-2009	31	0.00125	0.00125	0.5	97752	122	97691	4717719	48.26
2005-2009	32	0.00109	0.00109	0.5	97630	107	97577	4620028	47.32
2005-2009	33	0.00120	0.00120	0.5	97524	117	97465	4522451	46.37
2005-2009	34	0.00137	0.00137	0.5	97407	134	97340	4424986	45.43
2005-2009	35	0.00154	0.00154	0.5	97273	150	97198	4327646	44.49
2005-2009	36	0.00170	0.00170	0.5	97123	165	97041	4230447	43.56
2005-2009	37	0.00172	0.00172	0.5	96958	167	96875	4133407	42.63
2005-2009	38	0.00171	0.00171	0.5	96791	166	96709	4036532	41.70
2005-2009	39	0.00206	0.00206	0.5	96626	199	96526	3939823	40.77
2005-2009	40	0.00203	0.00203	0.5	96427	196	96329	3843297	39.86
2005-2009	41	0.00230	0.00230	0.5	96231	221	96120	3746968	38.94
2005-2009	42	0.00243	0.00243	0.5	96009	233	95893	3650848	38.03
2005-2009	43	0.00300	0.00299	0.5	95776	287	95633	3554955	37.12
2005-2009	44	0.00305	0.00304	0.5	95489	291	95344	3459322	36.23
2005-2009	45	0.00345	0.00345	0.5	95199	328	95035	3363978	35.34
2005-2009	46	0.00338	0.00337	0.5	94871	320	94711	3268943	34.46
2005-2009	47	0.00367	0.00366	0.5	94551	346	94378	3174232	33.57
2005-2009	48	0.00376	0.00376	0.5	94205	354	94028	3079854	32.69
2005-2009	49	0.00445	0.00444	0.5	93851	416	93643	2985827	31.81
2005-2009	50	0.00453	0.00452	0.5	93435	422	93223	2892184	30.95
2005-2009	51	0.00500	0.00499	0.5	93012	464	92780	2798960	30.09
2005-2009	52	0.00540	0.00538	0.5	92548	498	92299	2706180	29.24
2005-2009	53	0.00528	0.00526	0.5	92050	484	91808	2613881	28.40
2005-2009	54	0.00570	0.00569	0.5	91565	521	91305	2522074	27.54
2005-2009	55	0.00651	0.00649	0.5	91045	591	90749	2430769	26.70
2005-2009	56	0.00635	0.00633	0.5	90454	572	90167	2340020	25.87
2005-2009	57	0.00689	0.00687	0.5	89881	617	89572	2249852	25.03
2005-2009	58	0.00739	0.00736	0.5	89264	657	88935	2160280	24.20
2005-2009	59	0.00849	0.00845	0.5	88607	749	88232	2071345	23.38
2005-2009	60	0.00955	0.00950	0.5	87858	835	87440	1983113	22.57
2005-2009	61	0.00921	0.00917	0.5	87023	798	86624	1895672	21.78
2005-2009	62	0.01073	0.01067	0.5	86225	920	85765	1809048	20.98
2005-2009	63	0.01176	0.01169	0.5	85305	997	84806	1723283	20.20
2005-2009	64	0.01302	0.01294	0.5	84308	1091	83762	1638476	19.43
2005-2009	65	0.01357	0.01348	0.5	83217	1122	82656	1554714	18.68
2005-2009	66	0.01388	0.01378	0.5	82095	1131	81530	1472058	17.93
2005-2009	67	0.01549	0.01537	0.5	80964	1244	80342	1390528	17.17
2005-2009	68	0.01772	0.01756	0.5	79720	1400	79020	1310186	16.43
2005-2009	69	0.01934	0.01916	0.5	78320	1501	77570	1231166	15.72
2005-2009	70	0.02018	0.01998	0.5	76819	1535	76052	1153596	15.02
2005-2009	71	0.02204	0.02180	0.5	75285	1641	74464	1077544	14.31
2005-2009	72	0.02443	0.02413	0.5	73643	1777	72755	1003080	13.62
2005-2009	73	0.02657	0.02622	0.5	71866	1884	70924	930326	12.95
2005-2009	74	0.03018	0.02973	0.5	69982	2081	68941	859402	12.28
2005-2009	75	0.03364	0.03308	0.5	67901	2246	66778	790460	11.64
2005-2009	76	0.03481	0.03421	0.5	65655	2246	64532	723682	11.02
2005-2009	77	0.04039	0.03959	0.5	63409	2510	62153	659150	10.40
2005-2009	78	0.04389	0.04295	0.5	60898	2615	59590	596997	9.80
2005-2009	79	0.04721	0.04612	0.5	58283	2688	56939	537407	9.22
2005-2009	80	0.05627	0.05473	0.5	55595	3043	54073	480468	8.64
2005-2009	81	0.06115	0.05934	0.5	52552	3118	50993	426395	8.11
2005-2009	82	0.06950	0.06717	0.5	49434	3320	47773	375402	7.59
2005-2009	83	0.07688	0.07403	0.5	46113	3414	44406	327629	7.10
2005-2009	84	0.08673	0.08313	0.5	42699	3550	40924	283223	6.63
2005-2009	85	0.09804	0.09345	0.5	39150	3659	37320	242298	6.19
2005-2009	86	0.11114	0.10529	0.5	35491	3737	33623	204978	5.78
2005-2009	87	0.12131	0.11437	0.5	31754	3632	29938	171355	5.40
2005-2009	88	0.13454	0.12606	0.5	28123	3545	26350	141417	5.03
2005-2009	89	0.14742	0.13730	0.5	24577	3374	22890	115067	4.68
2005-2009	90	0.16909	0.15591	0.5	21203	3306	19550	92177	4.35
2005-2009	91	0.18425	0.16871	0.5	17897	3019	16388	72626	4.06
2005-2009	92	0.20339	0.18462	0.5	14878	2747	13505	56239	3.78
2005-2009	93	0.22397	0.20141	0.5	12131	2443	10909	42734	3.52
2005-2009	94	0.24599	0.21905	0.5	9688	2122	8627	31825	3.29
2005-2009	95	0.26942	0.23744	0.5	7566	1796	6668	23198	3.07
2005-2009	96	0.29421	0.25648	0.5	5769	1480	5029	16531	2.87
2005-2009	97	0.32029	0.27608	0.5	4290	1184	3697	11501	2.68
2005-2009	98	0.34754	0.29609	0.5	3105	919	2646	7804	2.51
2005-2009	99	0.37582	0.31637	0.5	2186	692	1840	5158	2.36
2005-2009	100	0.40498	0.33678	0.5	1494	503	1243	3318	2.22
2005-2009	101	0.43482	0.35717	0.5	991	354	814	2075	2.09
2005-2009	102	0.46514	0.37738	0.5	637	240	517	1261	1.98
2005-2009	103	0.49573	0.39726	0.5	397	158	318	744	1.88
2005-2009	104	0.52634	0.41668	0.5	239	100	189	426	1.78
2005-2009	105	0.55676	0.43552	0.5	139	61	109	237	1.70
2005-2009	106	0.58676	0.45366	0.5	79	36	61	128	1.63
2005-2009	107	0.61613	0.47102	0.5	43	20	33	67	1.56
2005-2009	108	0.64467	0.48753	0.5	23	11	17	34	1.50
2005-2009	109	0.67222	0.50312	0.5	12	6	9	17	1.46
2005-2009	110+	0.69864	1.00000	1.43	6	6	8	8	1.43
2010-2014	0	0.00782	0.00777	0.07	100000	777	99282	7815516	78.16
2010-2014	1	0.00044	0.00044	0.5	99223	44	99201	7716235	77.77
2010-2014	2	0.00039	0.00039	0.5	99180	38	99160	7617033	76.80
2010-2014	3	0.00026	0.00026	0.5	99141	25	99128	7517873	75.83
2010-2014	4	0.00018	0.00018	0.5	99116	18	99107	7418745	74.85
2010-2014	5	0.00015	0.00015	0.5	99098	15	99090	7319638	73.86
2010-2014	6	0.00015	0.00015	0.5	99082	15	99075	7220548	72.87
2010-2014	7	0.00011	0.00011	0.5	99068	11	99062	7121473	71.88
2010-2014	8	0.00013	0.00013	0.5	99057	13	99050	7022411	70.89
2010-2014	9	0.00023	0.00023	0.5	99043	23	99032	6923361	69.90
2010-2014	10	0.00012	0.00012	0.5	99021	12	99015	6824329	68.92
2010-2014	11	0.00016	0.00016	0.5	99009	16	99001	6725314	67.93
2010-2014	12	0.00019	0.00019	0.5	98993	18	98984	6626313	66.94
2010-2014	13	0.00018	0.00018	0.5	98975	18	98966	6527329	65.95
2010-2014	14	0.00023	0.00023	0.5	98957	23	98946	6428363	64.96
2010-2014	15	0.00022	0.00022	0.5	98934	22	98923	6329418	63.98
2010-2014	16	0.00033	0.00033	0.5	98912	32	98896	6230495	62.99
2010-2014	17	0.00036	0.00036	0.5	98880	36	98862	6131599	62.01
2010-2014	18	0.00057	0.00057	0.5	98844	57	98816	6032737	61.03
2010-2014	19	0.00049	0.00049	0.5	98787	48	98763	5933921	60.07
2010-2014	20	0.00055	0.00055	0.5	98739	54	98712	5835158	59.10
2010-2014	21	0.00053	0.00053	0.5	98685	52	98659	5736446	58.13
2010-2014	22	0.00059	0.00059	0.5	98633	58	98604	5637787	57.16
2010-2014	23	0.00068	0.00068	0.5	98575	67	98542	5539183	56.19
2010-2014	24	0.00073	0.00073	0.5	98508	72	98472	5440642	55.23
2010-2014	25	0.00076	0.00076	0.5	98436	75	98399	5342169	54.27
2010-2014	26	0.00083	0.00083	0.5	98361	81	98321	5243770	53.31
2010-2014	27	0.00083	0.00083	0.5	98280	81	98240	5145450	52.35
2010-2014	28	0.00113	0.00113	0.5	98199	111	98143	5047210	51.40
2010-2014	29	0.00104	0.00104	0.5	98088	102	98037	4949067	50.46
2010-2014	30	0.00120	0.00120	0.5	97986	118	97927	4851030	49.51
2010-2014	31	0.00115	0.00115	0.5	97868	113	97812	4753103	48.57
2010-2014	32	0.00133	0.00133	0.5	97756	130	97691	4655291	47.62
2010-2014	33	0.00137	0.00137	0.5	97626	134	97559	4557601	46.68
2010-2014	34	0.00138	0.00138	0.5	97492	135	97425	4460042	45.75
2010-2014	35	0.00178	0.00178	0.5	97357	173	97271	4362617	44.81
2010-2014	36	0.00153	0.00153	0.5	97184	149	97110	4265346	43.89
2010-2014	37	0.00171	0.00171	0.5	97035	166	96952	4168237	42.96
2010-2014	38	0.00200	0.00199	0.5	96869	193	96773	4071285	42.03
2010-2014	39	0.00194	0.00194	0.5	96676	187	96582	3974512	41.11
2010-2014	40	0.00196	0.00196	0.5	96489	189	96394	3877930	40.19
2010-2014	41	0.00245	0.00245	0.5	96300	236	96182	3781536	39.27
2010-2014	42	0.00248	0.00248	0.5	96064	238	95945	3685354	38.36
2010-2014	43	0.00269	0.00269	0.5	95826	258	95697	3589409	37.46
2010-2014	44	0.00293	0.00292	0.5	95568	279	95429	3493712	36.56
2010-2014	45	0.00326	0.00326	0.5	95289	311	95134	3398283	35.66
2010-2014	46	0.00348	0.00348	0.5	94978	330	94813	3303149	34.78
2010-2014	47	0.00370	0.00369	0.5	94648	349	94473	3208336	33.90
2010-2014	48	0.00391	0.00390	0.5	94299	368	94115	3113862	33.02
2010-2014	49	0.00431	0.00430	0.5	93931	404	93729	3019747	32.15
2010-2014	50	0.00460	0.00459	0.5	93527	430	93312	2926018	31.29
2010-2014	51	0.00517	0.00515	0.5	93097	480	92858	2832706	30.43
2010-2014	52	0.00523	0.00522	0.5	92618	483	92376	2739848	29.58
2010-2014	53	0.00574	0.00572	0.5	92135	527	91871	2647472	28.73
2010-2014	54	0.00646	0.00644	0.5	91608	590	91313	2555601	27.90
2010-2014	55	0.00668	0.00666	0.5	91018	606	90715	2464288	27.07
2010-2014	56	0.00734	0.00731	0.5	90412	661	90082	2373573	26.25
2010-2014	57	0.00746	0.00743	0.5	89751	667	89418	2283492	25.44
2010-2014	58	0.00735	0.00733	0.5	89084	653	88758	2194074	24.63
2010-2014	59	0.00823	0.00819	0.5	88432	724	88069	2105316	23.81
2010-2014	60	0.00914	0.00910	0.5	87707	798	87308	2017247	23.00
2010-2014	61	0.00948	0.00943	0.5	86909	820	86499	1929939	22.21
2010-2014	62	0.01061	0.01055	0.5	86089	909	85635	1843440	21.41
2010-2014	63	0.01110	0.01104	0.5	85180	940	84710	1757805	20.64
2010-2014	64	0.01196	0.01189	0.5	84240	1001	83740	1673095	19.86
2010-2014	65	0.01287	0.01279	0.5	83239	1065	82707	1589355	19.09
2010-2014	66	0.01386	0.01377	0.5	82174	1131	81609	1506649	18.33
2010-2014	67	0.01545	0.01533	0.5	81043	1243	80422	1425040	17.58
2010-2014	68	0.01627	0.01614	0.5	79800	1288	79156	1344618	16.85
2010-2014	69	0.01796	0.01780	0.5	78513	1397	77814	1265462	16.12
2010-2014	70	0.01953	0.01934	0.5	77115	1492	76369	1187648	15.40
2010-2014	71	0.02152	0.02129	0.5	75623	1610	74818	1111279	14.69
2010-2014	72	0.02328	0.02301	0.5	74013	1703	73162	1036460	14.00
2010-2014	73	0.02493	0.02462	0.5	72311	1781	71420	963298	13.32
2010-2014	74	0.02784	0.02745	0.5	70530	1936	69562	891878	12.65
2010-2014	75	0.02906	0.02864	0.5	68594	1965	67611	822316	11.99
2010-2014	76	0.03290	0.03237	0.5	66629	2157	65551	754705	11.33
2010-2014	77	0.03843	0.03770	0.5	64472	2431	63257	689154	10.69
2010-2014	78	0.04119	0.04036	0.5	62041	2504	60790	625897	10.09
2010-2014	79	0.04585	0.04482	0.5	59538	2668	58204	565108	9.49
2010-2014	80	0.05191	0.05060	0.5	56869	2878	55431	506904	8.91
2010-2014	81	0.05971	0.05798	0.5	53992	3131	52426	451474	8.36
2010-2014	82	0.06385	0.06187	0.5	50861	3147	49288	399047	7.85
2010-2014	83	0.07164	0.06916	0.5	47714	3300	46064	349760	7.33
2010-2014	84	0.08134	0.07816	0.5	44414	3472	42679	303695	6.84
2010-2014	85	0.09162	0.08760	0.5	40943	3587	39149	261017	6.38
2010-2014	86	0.10381	0.09869	0.5	37356	3687	35513	221867	5.94
2010-2014	87	0.11136	0.10549	0.5	33669	3552	31893	186355	5.53
2010-2014	88	0.12881	0.12101	0.5	30118	3645	28295	154461	5.13
2010-2014	89	0.14582	0.13591	0.5	26473	3598	24674	126166	4.77
2010-2014	90	0.16305	0.15076	0.5	22875	3449	21151	101492	4.44
2010-2014	91	0.17789	0.16336	0.5	19426	3173	17840	80342	4.14
2010-2014	92	0.19711	0.17943	0.5	16253	2916	14795	62502	3.85
2010-2014	93	0.21786	0.19646	0.5	13337	2620	12027	47707	3.58
2010-2014	94	0.24014	0.21440	0.5	10716	2298	9568	35681	3.33
2010-2014	95	0.26393	0.23316	0.5	8419	1963	7437	26113	3.10
2010-2014	96	0.28918	0.25265	0.5	6456	1631	5640	18676	2.89
2010-2014	97	0.31581	0.27275	0.5	4825	1316	4167	13035	2.70
2010-2014	98	0.34371	0.29330	0.5	3509	1029	2994	8869	2.53
2010-2014	99	0.37273	0.31418	0.5	2480	779	2090	5874	2.37
2010-2014	100	0.40269	0.33520	0.5	1701	570	1416	3784	2.23
2010-2014	101	0.43340	0.35621	0.5	1131	403	929	2368	2.09
2010-2014	102	0.46463	0.37704	0.5	728	274	591	1439	1.98
2010-2014	103	0.49614	0.39753	0.5	453	180	363	849	1.87
2010-2014	104	0.52768	0.41752	0.5	273	114	216	485	1.78
2010-2014	105	0.55900	0.43689	0.5	159	70	124	269	1.69
2010-2014	106	0.58986	0.45551	0.5	90	41	69	145	1.62
2010-2014	107	0.62002	0.47330	0.5	49	23	37	76	1.55
2010-2014	108	0.64929	0.49016	0.5	26	13	19	38	1.49
2010-2014	109	0.67748	0.50606	0.5	13	7	10	19	1.45
2010-2014	110+	0.70443	1.00000	1.42	6	6	9	9	1.42
2015-2019	0	0.00719	0.00714	0.07	100000	714	99338	7828827	78.29
2015-2019	1	0.00047	0.00047	0.5	99286	47	99262	7729489	77.85
2015-2019	2	0.00034	0.00034	0.5	99239	34	99222	7630227	76.89
2015-2019	3	0.00027	0.00027	0.5	99205	27	99192	7531005	75.91
2015-2019	4	0.00019	0.00019	0.5	99179	18	99169	7431813	74.93
2015-2019	5	0.00020	0.00020	0.5	99160	20	99150	7332643	73.95
2015-2019	6	0.00021	0.00021	0.5	99140	21	99130	7233493	72.96
2015-2019	7	0.00013	0.00013	0.5	99119	13	99113	7134363	71.98
2015-2019	8	0.00012	0.00012	0.5	99107	12	99101	7035250	70.99
2015-2019	9	0.00017	0.00017	0.5	99095	16	99086	6936149	70.00
2015-2019	10	0.00011	0.00011	0.5	99078	10	99073	6837063	69.01
2015-2019	11	0.00016	0.00016	0.5	99068	16	99060	6737990	68.01
2015-2019	12	0.00014	0.00014	0.5	99051	14	99045	6638930	67.03
2015-2019	13	0.00020	0.00020	0.5	99038	20	99028	6539886	66.03
2015-2019	14	0.00020	0.00020	0.5	99017	20	99007	6440858	65.05
2015-2019	15	0.00036	0.00036	0.5	98997	35	98980	6341851	64.06
2015-2019	16	0.00033	0.00033	0.5	98962	33	98946	6242871	63.08
2015-2019	17	0.00043	0.00043	0.5	98929	43	98908	6143925	62.10
2015-2019	18	0.00044	0.00044	0.5	98887	43	98865	6045017	61.13
2015-2019	19	0.00056	0.00056	0.5	98844	55	98816	5946152	60.16
2015-2019	20	0.00067	0.00067	0.5	98788	66	98755	5847336	59.19
2015-2019	21	0.00064	0.00064	0.5	98722	63	98691	5748581	58.23
2015-2019	22	0.00077	0.00077	0.5	98659	76	98621	5649890	57.27
2015-2019	23	0.00081	0.00081	0.5	98583	79	98543	5551270	56.31
2015-2019	24	0.00069	0.00069	0.5	98503	68	98469	5452727	55.36
2015-2019	25	0.00078	0.00078	0.5	98435	77	98397	5354258	54.39
2015-2019	26	0.00080	0.00080	0.5	98358	79	98319	5255861	53.44
2015-2019	27	0.00098	0.00097	0.5	98279	96	98231	5157542	52.48
2015-2019	28	0.00084	0.00084	0.5	98183	82	98142	5059311	51.53
2015-2019	29	0.00116	0.00116	0.5	98101	114	98044	4961169	50.57
2015-2019	30	0.00127	0.00127	0.5	97987	125	97925	4863125	49.63
2015-2019	31	0.00121	0.00121	0.5	97863	118	97804	4765200	48.69
2015-2019	32	0.00124	0.00124	0.5	97745	121	97684	4667396	47.75
2015-2019	33	0.00152	0.00151	0.5	97624	148	97550	4569712	46.81
2015-2019	34	0.00143	0.00143	0.5	97476	139	97406	4472162	45.88
2015-2019	35	0.00145	0.00145	0.5	97337	142	97266	4374756	44.94
2015-2019	36	0.00174	0.00174	0.5	97195	169	97111	4277490	44.01
2015-2019	37	0.00189	0.00189	0.5	97026	184	96935	4180379	43.08
2015-2019	38	0.00184	0.00184	0.5	96843	178	96754	4083444	42.17
2015-2019	39	0.00222	0.00222	0.5	96665	215	96558	3986690	41.24
2015-2019	40	0.00209	0.00209	0.5	96450	202	96349	3890133	40.33
2015-2019	41	0.00251	0.00251	0.5	96249	242	96128	3793783	39.42
2015-2019	42	0.00260	0.00259	0.5	96007	249	95882	3697656	38.51
2015-2019	43	0.00289	0.00289	0.5	95758	277	95620	3601773	37.61
2015-2019	44	0.00303	0.00303	0.5	95481	289	95337	3506154	36.72
2015-2019	45	0.00322	0.00322	0.5	95192	306	95039	3410817	35.83
2015-2019	46	0.00336	0.00336	0.5	94886	318	94727	3315778	34.94
2015-2019	47	0.00368	0.00367	0.5	94568	347	94394	3221051	34.06
2015-2019	48	0.00388	0.00388	0.5	94221	365	94038	3126657	33.18
2015-2019	49	0.00418	0.00417	0.5	93855	391	93660	3032619	32.31
2015-2019	50	0.00480	0.00479	0.5	93464	448	93240	2938959	31.44
2015-2019	51	0.00513	0.00512	0.5	93017	476	92779	2845719	30.59
2015-2019	52	0.00537	0.00536	0.5	92541	496	92293	2752940	29.75
2015-2019	53	0.00560	0.00559	0.5	92045	514	91788	2660647	28.91
2015-2019	54	0.00622	0.00620	0.5	91531	568	91247	2568860	28.07
2015-2019	55	0.00672	0.00669	0.5	90963	609	90658	2477613	27.24
2015-2019	56	0.00741	0.00738	0.5	90354	667	90020	2386955	26.42
2015-2019	57	0.00799	0.00796	0.5	89687	714	89330	2296934	25.61
2015-2019	58	0.00795	0.00792	0.5	88973	704	88621	2207604	24.81
2015-2019	59	0.00868	0.00864	0.5	88269	763	87887	2118983	24.01
2015-2019	60	0.00942	0.00937	0.5	87506	820	87096	2031096	23.21
2015-2019	61	0.00988	0.00983	0.5	86686	852	86260	1944001	22.43
2015-2019	62	0.01087	0.01081	0.5	85834	928	85370	1857741	21.64
2015-2019	63	0.01135	0.01129	0.5	84906	959	84427	1772371	20.87
2015-2019	64	0.01233	0.01225	0.5	83947	1028	83433	1687945	20.11
2015-2019	65	0.01297	0.01289	0.5	82919	1069	82385	1604512	19.35
2015-2019	66	0.01407	0.01397	0.5	81850	1143	81279	1522127	18.60
2015-2019	67	0.01489	0.01478	0.5	80707	1193	80110	1440848	17.85
2015-2019	68	0.01650	0.01636	0.5	79514	1301	78863	1360738	17.11
2015-2019	69	0.01813	0.01797	0.5	78213	1405	77510	1281874	16.39
2015-2019	70	0.01946	0.01928	0.5	76808	1481	76067	1204364	15.68
2015-2019	71	0.02124	0.02101	0.5	75327	1583	74536	1128297	14.98
2015-2019	72	0.02336	0.02309	0.5	73744	1703	72893	1053761	14.29
2015-2019	73	0.02558	0.02526	0.5	72041	1820	71132	980868	13.62
2015-2019	74	0.02771	0.02733	0.5	70222	1919	69262	909736	12.96
2015-2019	75	0.03097	0.03050	0.5	68303	2083	67261	840474	12.31
2015-2019	76	0.03210	0.03159	0.5	66219	2092	65173	773213	11.68
2015-2019	77	0.03558	0.03496	0.5	64127	2242	63006	708040	11.04
2015-2019	78	0.03964	0.03887	0.5	61885	2405	60683	645034	10.42
2015-2019	79	0.04476	0.04378	0.5	59480	2604	58178	584351	9.82
2015-2019	80	0.05133	0.05005	0.5	56876	2847	55453	526173	9.25
2015-2019	81	0.05601	0.05448	0.5	54029	2944	52557	470720	8.71
2015-2019	82	0.06195	0.06009	0.5	51086	3070	49551	418163	8.19
2015-2019	83	0.06933	0.06701	0.5	48016	3218	46407	368612	7.68
2015-2019	84	0.07445	0.07178	0.5	44798	3216	43190	322205	7.19
2015-2019	85	0.08501	0.08155	0.5	41583	3391	39887	279015	6.71
2015-2019	86	0.09565	0.09128	0.5	38192	3486	36449	239128	6.26
2015-2019	87	0.10621	0.10086	0.5	34705	3500	32955	202679	5.84
2015-2019	88	0.11990	0.11312	0.5	31205	3530	29440	169724	5.44
2015-2019	89	0.13004	0.12210	0.5	27675	3379	25986	140283	5.07
2015-2019	90	0.14640	0.13642	0.5	24296	3314	22639	114298	4.70
2015-2019	91	0.16568	0.15300	0.5	20982	3210	19377	91659	4.37
2015-2019	92	0.18341	0.16800	0.5	17772	2986	16279	72282	4.07
2015-2019	93	0.20258	0.18395	0.5	14786	2720	13426	56003	3.79
2015-2019	94	0.22321	0.20080	0.5	12066	2423	10855	42577	3.53
2015-2019	95	0.24529	0.21849	0.5	9643	2107	8590	31723	3.29
2015-2019	96	0.26880	0.23695	0.5	7536	1786	6643	23133	3.07
2015-2019	97	0.29369	0.25608	0.5	5750	1473	5014	16490	2.87
2015-2019	98	0.31987	0.27576	0.5	4278	1180	3688	11475	2.68
2015-2019	99	0.34724	0.29587	0.5	3098	917	2640	7787	2.51
2015-2019	100	0.37566	0.31625	0.5	2182	690	1837	5148	2.36
2015-2019	101	0.40496	0.33677	0.5	1492	502	1240	3311	2.22
2015-2019	102	0.43495	0.35726	0.5	989	353	813	2071	2.09
2015-2019	103	0.46543	0.37756	0.5	636	240	516	1258	1.98
2015-2019	104	0.49616	0.39754	0.5	396	157	317	742	1.88
2015-2019	105	0.52693	0.41705	0.5	238	99	189	425	1.78
2015-2019	106	0.55749	0.43597	0.5	139	61	109	236	1.70
2015-2019	107	0.58763	0.45418	0.5	78	36	61	128	1.63
2015-2019	108	0.61712	0.47160	0.5	43	20	33	67	1.57
2015-2019	109	0.64577	0.48816	0.5	23	11	17	34	1.52
2015-2019	110+	0.67342	1.00000	1.48	12	12	17	17	1.48
