NM: New Mexico, Lifetables (period 1x10), Males Last modified: 20 Dec 2020, MPv5 (May07) 

Year     	Age	mx	qx	ax	lx	dx	Lx	Tx	ex
1960-1969	0	0.03208	0.03121	0.13	100000	3121	97289	6661723	66.62
1960-1969	1	0.00243	0.00242	0.5	96879	235	96762	6564434	67.76
1960-1969	2	0.00157	0.00157	0.5	96645	152	96569	6467672	66.92
1960-1969	3	0.00108	0.00108	0.5	96493	104	96441	6371104	66.03
1960-1969	4	0.00079	0.00079	0.5	96389	76	96351	6274663	65.10
1960-1969	5	0.00075	0.00075	0.5	96313	72	96277	6178312	64.15
1960-1969	6	0.00038	0.00038	0.5	96241	36	96223	6082036	63.20
1960-1969	7	0.00061	0.00061	0.5	96204	59	96175	5985813	62.22
1960-1969	8	0.00048	0.00048	0.5	96146	46	96123	5889638	61.26
1960-1969	9	0.00040	0.00040	0.5	96099	38	96080	5793516	60.29
1960-1969	10	0.00046	0.00046	0.5	96062	45	96039	5697435	59.31
1960-1969	11	0.00037	0.00037	0.5	96017	35	95999	5601396	58.34
1960-1969	12	0.00068	0.00068	0.5	95982	65	95949	5505396	57.36
1960-1969	13	0.00069	0.00069	0.5	95917	67	95883	5409447	56.40
1960-1969	14	0.00101	0.00101	0.5	95850	96	95802	5313564	55.44
1960-1969	15	0.00125	0.00125	0.5	95754	119	95694	5217762	54.49
1960-1969	16	0.00173	0.00173	0.5	95634	165	95552	5122068	53.56
1960-1969	17	0.00198	0.00198	0.5	95469	189	95374	5026517	52.65
1960-1969	18	0.00304	0.00304	0.5	95280	290	95135	4931142	51.75
1960-1969	19	0.00289	0.00289	0.5	94990	274	94853	4836007	50.91
1960-1969	20	0.00311	0.00311	0.5	94716	294	94569	4741154	50.06
1960-1969	21	0.00312	0.00312	0.5	94422	295	94274	4646585	49.21
1960-1969	22	0.00303	0.00302	0.5	94127	284	93985	4552311	48.36
1960-1969	23	0.00288	0.00288	0.5	93843	270	93708	4458326	47.51
1960-1969	24	0.00242	0.00242	0.5	93572	226	93459	4364619	46.64
1960-1969	25	0.00267	0.00267	0.5	93346	249	93222	4271159	45.76
1960-1969	26	0.00293	0.00292	0.5	93097	272	92961	4177938	44.88
1960-1969	27	0.00286	0.00285	0.5	92825	265	92693	4084977	44.01
1960-1969	28	0.00253	0.00253	0.5	92560	234	92443	3992284	43.13
1960-1969	29	0.00249	0.00249	0.5	92326	230	92211	3899841	42.24
1960-1969	30	0.00252	0.00252	0.5	92096	232	91980	3807630	41.34
1960-1969	31	0.00274	0.00274	0.5	91864	251	91739	3715650	40.45
1960-1969	32	0.00270	0.00269	0.5	91613	247	91490	3623911	39.56
1960-1969	33	0.00302	0.00302	0.5	91366	276	91228	3532422	38.66
1960-1969	34	0.00299	0.00299	0.5	91090	272	90954	3441193	37.78
1960-1969	35	0.00325	0.00325	0.5	90818	295	90671	3350239	36.89
1960-1969	36	0.00373	0.00373	0.5	90524	337	90355	3259568	36.01
1960-1969	37	0.00328	0.00327	0.5	90186	295	90039	3169213	35.14
1960-1969	38	0.00430	0.00429	0.5	89891	386	89698	3079174	34.25
1960-1969	39	0.00411	0.00410	0.5	89505	367	89322	2989476	33.40
1960-1969	40	0.00412	0.00411	0.5	89139	366	88955	2900154	32.54
1960-1969	41	0.00457	0.00456	0.5	88772	404	88570	2811199	31.67
1960-1969	42	0.00476	0.00475	0.5	88368	420	88158	2722629	30.81
1960-1969	43	0.00486	0.00485	0.5	87948	427	87735	2634470	29.95
1960-1969	44	0.00579	0.00577	0.5	87522	505	87269	2546736	29.10
1960-1969	45	0.00576	0.00574	0.5	87016	500	86766	2459467	28.26
1960-1969	46	0.00617	0.00615	0.5	86517	532	86251	2372700	27.42
1960-1969	47	0.00765	0.00762	0.5	85985	655	85657	2286450	26.59
1960-1969	48	0.00766	0.00763	0.5	85330	651	85004	2200793	25.79
1960-1969	49	0.00792	0.00789	0.5	84679	668	84345	2115788	24.99
1960-1969	50	0.00927	0.00923	0.5	84011	775	83623	2031444	24.18
1960-1969	51	0.00991	0.00986	0.5	83235	820	82825	1947821	23.40
1960-1969	52	0.01074	0.01069	0.5	82415	881	81975	1864995	22.63
1960-1969	53	0.01218	0.01211	0.5	81534	987	81041	1783021	21.87
1960-1969	54	0.01290	0.01282	0.5	80547	1033	80031	1701980	21.13
1960-1969	55	0.01297	0.01289	0.5	79515	1025	79002	1621949	20.40
1960-1969	56	0.01438	0.01428	0.5	78490	1121	77929	1542947	19.66
1960-1969	57	0.01682	0.01668	0.5	77369	1291	76724	1465018	18.94
1960-1969	58	0.01737	0.01722	0.5	76078	1310	75423	1388294	18.25
1960-1969	59	0.01896	0.01878	0.5	74769	1404	74066	1312870	17.56
1960-1969	60	0.02065	0.02044	0.5	73364	1500	72614	1238804	16.89
1960-1969	61	0.02222	0.02198	0.5	71865	1579	71075	1166190	16.23
1960-1969	62	0.02479	0.02449	0.5	70285	1721	69425	1095115	15.58
1960-1969	63	0.02653	0.02618	0.5	68564	1795	67667	1025690	14.96
1960-1969	64	0.02950	0.02907	0.5	66769	1941	65798	958024	14.35
1960-1969	65	0.03182	0.03132	0.5	64828	2031	63812	892225	13.76
1960-1969	66	0.03217	0.03166	0.5	62797	1988	61803	828413	13.19
1960-1969	67	0.03637	0.03572	0.5	60809	2172	59723	766610	12.61
1960-1969	68	0.03867	0.03793	0.5	58637	2224	57525	706887	12.06
1960-1969	69	0.04071	0.03990	0.5	56413	2251	55287	649362	11.51
1960-1969	70	0.04727	0.04618	0.5	54162	2501	52911	594075	10.97
1960-1969	71	0.04938	0.04819	0.5	51661	2490	50416	541164	10.48
1960-1969	72	0.05210	0.05078	0.5	49171	2497	47923	490748	9.98
1960-1969	73	0.05513	0.05365	0.5	46675	2504	45423	442825	9.49
1960-1969	74	0.06897	0.06667	0.5	44171	2945	42698	397402	9.00
1960-1969	75	0.06788	0.06566	0.5	41226	2707	39872	354704	8.60
1960-1969	76	0.07768	0.07478	0.5	38519	2880	37079	314831	8.17
1960-1969	77	0.08248	0.07921	0.5	35639	2823	34227	277753	7.79
1960-1969	78	0.08154	0.07835	0.5	32816	2571	31530	243525	7.42
1960-1969	79	0.09126	0.08728	0.5	30245	2640	28925	211995	7.01
1960-1969	80	0.10143	0.09653	0.5	27605	2665	26273	183071	6.63
1960-1969	81	0.10964	0.10394	0.5	24940	2592	23644	156798	6.29
1960-1969	82	0.11843	0.11181	0.5	22348	2499	21098	133154	5.96
1960-1969	83	0.12782	0.12014	0.5	19849	2385	18657	112056	5.65
1960-1969	84	0.13784	0.12895	0.5	17464	2252	16338	93399	5.35
1960-1969	85	0.14851	0.13825	0.5	15212	2103	14161	77060	5.07
1960-1969	86	0.15986	0.14803	0.5	13109	1941	12139	62900	4.80
1960-1969	87	0.17189	0.15829	0.5	11169	1768	10285	50761	4.54
1960-1969	88	0.18464	0.16903	0.5	9401	1589	8606	40476	4.31
1960-1969	89	0.19810	0.18025	0.5	7812	1408	7108	31869	4.08
1960-1969	90	0.21229	0.19192	0.5	6404	1229	5789	24762	3.87
1960-1969	91	0.22720	0.20403	0.5	5175	1056	4647	18972	3.67
1960-1969	92	0.24285	0.21655	0.5	4119	892	3673	14325	3.48
1960-1969	93	0.25920	0.22946	0.5	3227	740	2857	10653	3.30
1960-1969	94	0.27626	0.24273	0.5	2487	604	2185	7796	3.14
1960-1969	95	0.29400	0.25632	0.5	1883	483	1642	5611	2.98
1960-1969	96	0.31238	0.27018	0.5	1400	378	1211	3969	2.83
1960-1969	97	0.33137	0.28427	0.5	1022	291	877	2758	2.70
1960-1969	98	0.35092	0.29854	0.5	731	218	622	1881	2.57
1960-1969	99	0.37099	0.31294	0.5	513	161	433	1259	2.45
1960-1969	100	0.39152	0.32742	0.5	353	115	295	826	2.34
1960-1969	101	0.41244	0.34193	0.5	237	81	197	532	2.24
1960-1969	102	0.43367	0.35639	0.5	156	56	128	335	2.15
1960-1969	103	0.45516	0.37078	0.5	100	37	82	207	2.06
1960-1969	104	0.47681	0.38502	0.5	63	24	51	125	1.98
1960-1969	105	0.49855	0.39907	0.5	39	16	31	74	1.90
1960-1969	106	0.52030	0.41288	0.5	23	10	19	43	1.83
1960-1969	107	0.54196	0.42641	0.5	14	6	11	24	1.77
1960-1969	108	0.56348	0.43962	0.5	8	3	6	14	1.72
1960-1969	109	0.58475	0.45246	0.5	4	2	3	7	1.68
1960-1969	110+	0.60571	1.00000	1.65	2	2	4	4	1.65
1970-1979	0	0.02014	0.01978	0.1	100000	1978	98218	6802669	68.03
1970-1979	1	0.00174	0.00174	0.5	98022	170	97936	6704452	68.40
1970-1979	2	0.00101	0.00101	0.5	97851	98	97802	6606515	67.52
1970-1979	3	0.00099	0.00099	0.5	97753	97	97704	6508713	66.58
1970-1979	4	0.00055	0.00055	0.5	97656	54	97629	6411009	65.65
1970-1979	5	0.00043	0.00043	0.5	97602	42	97581	6313380	64.68
1970-1979	6	0.00059	0.00059	0.5	97560	58	97532	6215799	63.71
1970-1979	7	0.00045	0.00045	0.5	97503	44	97481	6118267	62.75
1970-1979	8	0.00050	0.00050	0.5	97458	49	97434	6020786	61.78
1970-1979	9	0.00040	0.00040	0.5	97410	39	97390	5923352	60.81
1970-1979	10	0.00052	0.00051	0.5	97371	50	97346	5825962	59.83
1970-1979	11	0.00049	0.00049	0.5	97321	48	97297	5728617	58.86
1970-1979	12	0.00053	0.00053	0.5	97273	51	97247	5631320	57.89
1970-1979	13	0.00071	0.00071	0.5	97222	69	97187	5534073	56.92
1970-1979	14	0.00100	0.00100	0.5	97153	97	97104	5436885	55.96
1970-1979	15	0.00137	0.00137	0.5	97056	133	96990	5339781	55.02
1970-1979	16	0.00169	0.00169	0.5	96923	164	96841	5242791	54.09
1970-1979	17	0.00268	0.00267	0.5	96760	259	96630	5145950	53.18
1970-1979	18	0.00276	0.00276	0.5	96501	266	96368	5049320	52.32
1970-1979	19	0.00306	0.00306	0.5	96235	294	96088	4952952	51.47
1970-1979	20	0.00302	0.00301	0.5	95941	289	95796	4856864	50.62
1970-1979	21	0.00344	0.00343	0.5	95652	328	95488	4761067	49.77
1970-1979	22	0.00374	0.00374	0.5	95323	356	95145	4665580	48.94
1970-1979	23	0.00330	0.00329	0.5	94967	313	94811	4570434	48.13
1970-1979	24	0.00341	0.00341	0.5	94654	323	94493	4475624	47.28
1970-1979	25	0.00324	0.00323	0.5	94332	305	94179	4381131	46.44
1970-1979	26	0.00291	0.00291	0.5	94027	273	93890	4286951	45.59
1970-1979	27	0.00323	0.00323	0.5	93753	303	93602	4193061	44.72
1970-1979	28	0.00325	0.00324	0.5	93451	303	93299	4099460	43.87
1970-1979	29	0.00289	0.00289	0.5	93148	269	93013	4006160	43.01
1970-1979	30	0.00312	0.00311	0.5	92879	289	92734	3913147	42.13
1970-1979	31	0.00323	0.00323	0.5	92590	299	92440	3820413	41.26
1970-1979	32	0.00308	0.00307	0.5	92291	284	92149	3727973	40.39
1970-1979	33	0.00377	0.00377	0.5	92007	346	91834	3635824	39.52
1970-1979	34	0.00326	0.00326	0.5	91661	299	91511	3543990	38.66
1970-1979	35	0.00387	0.00386	0.5	91362	353	91185	3452479	37.79
1970-1979	36	0.00452	0.00451	0.5	91009	411	90804	3361293	36.93
1970-1979	37	0.00425	0.00424	0.5	90598	384	90406	3270490	36.10
1970-1979	38	0.00413	0.00412	0.5	90214	372	90029	3180083	35.25
1970-1979	39	0.00397	0.00396	0.5	89843	356	89665	3090055	34.39
1970-1979	40	0.00443	0.00442	0.5	89487	395	89289	3000390	33.53
1970-1979	41	0.00419	0.00418	0.5	89091	373	88905	2911101	32.68
1970-1979	42	0.00516	0.00515	0.5	88718	457	88490	2822196	31.81
1970-1979	43	0.00505	0.00504	0.5	88262	445	88040	2733706	30.97
1970-1979	44	0.00562	0.00561	0.5	87817	492	87571	2645666	30.13
1970-1979	45	0.00550	0.00548	0.5	87325	479	87086	2558095	29.29
1970-1979	46	0.00678	0.00676	0.5	86846	587	86553	2471009	28.45
1970-1979	47	0.00622	0.00620	0.5	86260	535	85992	2384456	27.64
1970-1979	48	0.00739	0.00737	0.5	85724	631	85409	2298464	26.81
1970-1979	49	0.00797	0.00794	0.5	85093	676	84755	2213056	26.01
1970-1979	50	0.00864	0.00860	0.5	84417	726	84054	2128301	25.21
1970-1979	51	0.00945	0.00940	0.5	83691	787	83298	2044247	24.43
1970-1979	52	0.01023	0.01018	0.5	82904	844	82482	1960949	23.65
1970-1979	53	0.00969	0.00964	0.5	82060	791	81665	1878467	22.89
1970-1979	54	0.01147	0.01140	0.5	81269	927	80805	1796803	22.11
1970-1979	55	0.01243	0.01235	0.5	80342	992	79846	1715997	21.36
1970-1979	56	0.01288	0.01280	0.5	79350	1016	78842	1636151	20.62
1970-1979	57	0.01373	0.01364	0.5	78334	1068	77800	1557309	19.88
1970-1979	58	0.01649	0.01636	0.5	77266	1264	76634	1479509	19.15
1970-1979	59	0.01777	0.01761	0.5	76002	1338	75333	1402875	18.46
1970-1979	60	0.01892	0.01874	0.5	74664	1399	73964	1327542	17.78
1970-1979	61	0.01999	0.01979	0.5	73264	1450	72540	1253578	17.11
1970-1979	62	0.02390	0.02362	0.5	71815	1696	70966	1181038	16.45
1970-1979	63	0.02379	0.02351	0.5	70118	1648	69294	1110072	15.83
1970-1979	64	0.02674	0.02639	0.5	68470	1807	67567	1040778	15.20
1970-1979	65	0.02781	0.02743	0.5	66663	1829	65749	973211	14.60
1970-1979	66	0.02922	0.02879	0.5	64834	1867	63901	907462	14.00
1970-1979	67	0.03126	0.03078	0.5	62968	1938	61998	843561	13.40
1970-1979	68	0.03289	0.03236	0.5	61029	1975	60042	781563	12.81
1970-1979	69	0.03620	0.03555	0.5	59054	2100	58005	721521	12.22
1970-1979	70	0.04245	0.04157	0.5	56955	2368	55771	663517	11.65
1970-1979	71	0.04561	0.04459	0.5	54587	2434	53370	607746	11.13
1970-1979	72	0.04759	0.04649	0.5	52153	2425	50941	554376	10.63
1970-1979	73	0.05167	0.05037	0.5	49729	2505	48476	503435	10.12
1970-1979	74	0.05686	0.05529	0.5	47224	2611	45918	454958	9.63
1970-1979	75	0.06455	0.06253	0.5	44613	2790	43218	409040	9.17
1970-1979	76	0.06892	0.06662	0.5	41823	2786	40430	365822	8.75
1970-1979	77	0.07431	0.07164	0.5	39037	2797	37639	325392	8.34
1970-1979	78	0.07861	0.07563	0.5	36240	2741	34870	287753	7.94
1970-1979	79	0.08230	0.07905	0.5	33499	2648	32175	252884	7.55
1970-1979	80	0.08900	0.08521	0.5	30851	2629	29537	220708	7.15
1970-1979	81	0.09666	0.09220	0.5	28222	2602	26921	191172	6.77
1970-1979	82	0.10489	0.09967	0.5	25620	2553	24343	164251	6.41
1970-1979	83	0.11375	0.10763	0.5	23067	2483	21825	139907	6.07
1970-1979	84	0.12324	0.11609	0.5	20584	2390	19389	118082	5.74
1970-1979	85	0.13341	0.12507	0.5	18195	2276	17057	98692	5.42
1970-1979	86	0.14428	0.13457	0.5	15919	2142	14848	81635	5.13
1970-1979	87	0.15588	0.14461	0.5	13777	1992	12781	66788	4.85
1970-1979	88	0.16822	0.15517	0.5	11784	1829	10870	54007	4.58
1970-1979	89	0.18134	0.16626	0.5	9956	1655	9128	43137	4.33
1970-1979	90	0.19523	0.17787	0.5	8301	1476	7562	34009	4.10
1970-1979	91	0.20992	0.18998	0.5	6824	1296	6176	26446	3.88
1970-1979	92	0.22540	0.20257	0.5	5528	1120	4968	20270	3.67
1970-1979	93	0.24168	0.21562	0.5	4408	950	3933	15302	3.47
1970-1979	94	0.25874	0.22910	0.5	3457	792	3061	11370	3.29
1970-1979	95	0.27656	0.24296	0.5	2665	648	2342	8308	3.12
1970-1979	96	0.29512	0.25717	0.5	2018	519	1758	5967	2.96
1970-1979	97	0.31439	0.27168	0.5	1499	407	1295	4208	2.81
1970-1979	98	0.33432	0.28644	0.5	1092	313	935	2913	2.67
1970-1979	99	0.35485	0.30138	0.5	779	235	662	1978	2.54
1970-1979	100	0.37594	0.31646	0.5	544	172	458	1316	2.42
1970-1979	101	0.39751	0.33160	0.5	372	123	310	858	2.31
1970-1979	102	0.41948	0.34675	0.5	249	86	206	548	2.20
1970-1979	103	0.44178	0.36185	0.5	162	59	133	342	2.11
1970-1979	104	0.46431	0.37683	0.5	104	39	84	209	2.02
1970-1979	105	0.48699	0.39163	0.5	65	25	52	125	1.94
1970-1979	106	0.50973	0.40620	0.5	39	16	31	73	1.87
1970-1979	107	0.53242	0.42048	0.5	23	10	18	42	1.80
1970-1979	108	0.55498	0.43443	0.5	14	6	11	24	1.74
1970-1979	109	0.57732	0.44800	0.5	8	3	6	13	1.70
1970-1979	110+	0.59934	1.00000	1.67	4	4	7	7	1.67
1980-1989	0	0.01184	0.01171	0.08	100000	1171	98919	7135923	71.36
1980-1989	1	0.00120	0.00119	0.5	98829	118	98770	7037004	71.20
1980-1989	2	0.00074	0.00074	0.5	98711	73	98675	6938234	70.29
1980-1989	3	0.00052	0.00052	0.5	98638	51	98613	6839560	69.34
1980-1989	4	0.00049	0.00049	0.5	98587	48	98563	6740947	68.38
1980-1989	5	0.00040	0.00040	0.5	98539	39	98520	6642384	67.41
1980-1989	6	0.00041	0.00041	0.5	98500	40	98480	6543864	66.44
1980-1989	7	0.00023	0.00023	0.5	98460	22	98449	6445384	65.46
1980-1989	8	0.00035	0.00035	0.5	98437	34	98420	6346935	64.48
1980-1989	9	0.00022	0.00022	0.5	98403	21	98392	6248515	63.50
1980-1989	10	0.00041	0.00041	0.5	98382	41	98361	6150123	62.51
1980-1989	11	0.00035	0.00035	0.5	98341	34	98324	6051761	61.54
1980-1989	12	0.00032	0.00032	0.5	98307	31	98291	5953437	60.56
1980-1989	13	0.00053	0.00053	0.5	98276	52	98249	5855146	59.58
1980-1989	14	0.00078	0.00078	0.5	98223	77	98185	5756897	58.61
1980-1989	15	0.00097	0.00097	0.5	98146	95	98099	5658712	57.66
1980-1989	16	0.00144	0.00144	0.5	98052	141	97981	5560613	56.71
1980-1989	17	0.00173	0.00173	0.5	97910	169	97826	5462632	55.79
1980-1989	18	0.00252	0.00251	0.5	97741	246	97618	5364806	54.89
1980-1989	19	0.00227	0.00226	0.5	97496	221	97385	5267188	54.02
1980-1989	20	0.00262	0.00262	0.5	97275	255	97148	5169802	53.15
1980-1989	21	0.00286	0.00285	0.5	97020	277	96882	5072655	52.28
1980-1989	22	0.00304	0.00303	0.5	96743	293	96597	4975773	51.43
1980-1989	23	0.00286	0.00285	0.5	96450	275	96312	4879176	50.59
1980-1989	24	0.00282	0.00281	0.5	96175	270	96040	4782864	49.73
1980-1989	25	0.00287	0.00286	0.5	95904	275	95767	4686824	48.87
1980-1989	26	0.00268	0.00267	0.5	95630	256	95502	4591057	48.01
1980-1989	27	0.00258	0.00257	0.5	95374	245	95251	4495555	47.14
1980-1989	28	0.00266	0.00266	0.5	95129	253	95002	4400304	46.26
1980-1989	29	0.00263	0.00262	0.5	94876	249	94751	4305301	45.38
1980-1989	30	0.00238	0.00238	0.5	94627	225	94514	4210550	44.50
1980-1989	31	0.00246	0.00245	0.5	94402	232	94286	4116036	43.60
1980-1989	32	0.00247	0.00246	0.5	94170	232	94054	4021750	42.71
1980-1989	33	0.00293	0.00292	0.5	93938	274	93801	3927696	41.81
1980-1989	34	0.00255	0.00254	0.5	93664	238	93544	3833895	40.93
1980-1989	35	0.00282	0.00282	0.5	93425	263	93294	3740351	40.04
1980-1989	36	0.00270	0.00270	0.5	93162	252	93036	3647057	39.15
1980-1989	37	0.00286	0.00285	0.5	92910	265	92778	3554021	38.25
1980-1989	38	0.00316	0.00315	0.5	92645	292	92499	3461244	37.36
1980-1989	39	0.00334	0.00333	0.5	92353	308	92199	3368745	36.48
1980-1989	40	0.00295	0.00294	0.5	92045	271	91910	3276546	35.60
1980-1989	41	0.00333	0.00333	0.5	91775	306	91622	3184636	34.70
1980-1989	42	0.00353	0.00352	0.5	91469	322	91308	3093014	33.81
1980-1989	43	0.00383	0.00382	0.5	91147	349	90973	3001706	32.93
1980-1989	44	0.00407	0.00406	0.5	90799	369	90614	2910733	32.06
1980-1989	45	0.00436	0.00435	0.5	90430	394	90233	2820119	31.19
1980-1989	46	0.00402	0.00401	0.5	90036	361	89855	2729886	30.32
1980-1989	47	0.00531	0.00529	0.5	89674	475	89437	2640031	29.44
1980-1989	48	0.00567	0.00566	0.5	89200	505	88947	2550594	28.59
1980-1989	49	0.00566	0.00565	0.5	88695	501	88445	2461647	27.75
1980-1989	50	0.00562	0.00561	0.5	88194	495	87947	2373202	26.91
1980-1989	51	0.00705	0.00703	0.5	87699	616	87391	2285255	26.06
1980-1989	52	0.00871	0.00867	0.5	87083	755	86705	2197864	25.24
1980-1989	53	0.00744	0.00741	0.5	86328	640	86008	2111159	24.46
1980-1989	54	0.00928	0.00924	0.5	85688	792	85292	2025151	23.63
1980-1989	55	0.00981	0.00976	0.5	84896	828	84482	1939858	22.85
1980-1989	56	0.01033	0.01028	0.5	84068	864	83636	1855376	22.07
1980-1989	57	0.01129	0.01122	0.5	83204	934	82737	1771740	21.29
1980-1989	58	0.01212	0.01205	0.5	82270	991	81775	1689003	20.53
1980-1989	59	0.01383	0.01374	0.5	81279	1116	80721	1607228	19.77
1980-1989	60	0.01461	0.01450	0.5	80163	1163	79581	1526507	19.04
1980-1989	61	0.01483	0.01472	0.5	79000	1163	78418	1446926	18.32
1980-1989	62	0.01838	0.01822	0.5	77837	1418	77128	1368508	17.58
1980-1989	63	0.01936	0.01917	0.5	76419	1465	75686	1291380	16.90
1980-1989	64	0.01985	0.01965	0.5	74954	1473	74217	1215693	16.22
1980-1989	65	0.02158	0.02135	0.5	73481	1569	72696	1141476	15.53
1980-1989	66	0.02438	0.02409	0.5	71912	1732	71046	1068780	14.86
1980-1989	67	0.02573	0.02541	0.5	70180	1783	69288	997734	14.22
1980-1989	68	0.02839	0.02799	0.5	68397	1914	67439	928446	13.57
1980-1989	69	0.03128	0.03080	0.5	66482	2048	65458	861007	12.95
1980-1989	70	0.03648	0.03582	0.5	64434	2308	63280	795549	12.35
1980-1989	71	0.03838	0.03765	0.5	62126	2339	60956	732268	11.79
1980-1989	72	0.03982	0.03904	0.5	59787	2334	58620	671312	11.23
1980-1989	73	0.04618	0.04514	0.5	57453	2594	56156	612692	10.66
1980-1989	74	0.05008	0.04886	0.5	54859	2680	53519	556536	10.14
1980-1989	75	0.05208	0.05076	0.5	52179	2648	50854	503018	9.64
1980-1989	76	0.05837	0.05672	0.5	49530	2809	48126	452163	9.13
1980-1989	77	0.06305	0.06112	0.5	46721	2856	45293	404037	8.65
1980-1989	78	0.06836	0.06611	0.5	43866	2900	42416	358744	8.18
1980-1989	79	0.07428	0.07162	0.5	40966	2934	39499	316328	7.72
1980-1989	80	0.08375	0.08038	0.5	38032	3057	36503	276830	7.28
1980-1989	81	0.09161	0.08759	0.5	34975	3064	33443	240326	6.87
1980-1989	82	0.10012	0.09535	0.5	31911	3043	30390	206883	6.48
1980-1989	83	0.10933	0.10367	0.5	28868	2993	27372	176494	6.11
1980-1989	84	0.11928	0.11257	0.5	25876	2913	24419	149122	5.76
1980-1989	85	0.13000	0.12207	0.5	22963	2803	21561	124702	5.43
1980-1989	86	0.14153	0.13218	0.5	20160	2665	18828	103141	5.12
1980-1989	87	0.15390	0.14290	0.5	17495	2500	16245	84313	4.82
1980-1989	88	0.16714	0.15425	0.5	14995	2313	13839	68068	4.54
1980-1989	89	0.18128	0.16621	0.5	12682	2108	11628	54229	4.28
1980-1989	90	0.19633	0.17878	0.5	10574	1890	9629	42601	4.03
1980-1989	91	0.21231	0.19193	0.5	8684	1667	7850	32972	3.80
1980-1989	92	0.22921	0.20564	0.5	7017	1443	6296	25122	3.58
1980-1989	93	0.24704	0.21988	0.5	5574	1226	4961	18826	3.38
1980-1989	94	0.26578	0.23460	0.5	4348	1020	3838	13865	3.19
1980-1989	95	0.28540	0.24976	0.5	3328	831	2913	10027	3.01
1980-1989	96	0.30586	0.26529	0.5	2497	662	2166	7114	2.85
1980-1989	97	0.32713	0.28114	0.5	1835	516	1577	4948	2.70
1980-1989	98	0.34912	0.29724	0.5	1319	392	1123	3372	2.56
1980-1989	99	0.37178	0.31350	0.5	927	291	782	2249	2.43
1980-1989	100	0.39501	0.32986	0.5	636	210	531	1467	2.31
1980-1989	101	0.41873	0.34624	0.5	426	148	353	936	2.20
1980-1989	102	0.44284	0.36256	0.5	279	101	228	583	2.09
1980-1989	103	0.46721	0.37874	0.5	178	67	144	355	2.00
1980-1989	104	0.49174	0.39470	0.5	110	44	89	211	1.91
1980-1989	105	0.51631	0.41037	0.5	67	27	53	123	1.83
1980-1989	106	0.54080	0.42570	0.5	39	17	31	69	1.76
1980-1989	107	0.56510	0.44061	0.5	23	10	18	38	1.70
1980-1989	108	0.58909	0.45506	0.5	13	6	10	21	1.64
1980-1989	109	0.61266	0.46899	0.5	7	3	5	11	1.60
1980-1989	110+	0.63572	1.00000	1.57	4	4	6	6	1.57
1990-1999	0	0.00849	0.00842	0.07	100000	842	99215	7311425	73.11
1990-1999	1	0.00073	0.00073	0.5	99158	72	99121	7212210	72.73
1990-1999	2	0.00056	0.00056	0.5	99085	56	99057	7113089	71.79
1990-1999	3	0.00047	0.00047	0.5	99030	47	99006	7014031	70.83
1990-1999	4	0.00034	0.00034	0.5	98983	33	98966	6915025	69.86
1990-1999	5	0.00029	0.00029	0.5	98949	29	98935	6816059	68.88
1990-1999	6	0.00029	0.00029	0.5	98920	29	98906	6717125	67.90
1990-1999	7	0.00021	0.00021	0.5	98891	21	98880	6618219	66.92
1990-1999	8	0.00029	0.00029	0.5	98870	28	98856	6519338	65.94
1990-1999	9	0.00034	0.00034	0.5	98842	33	98825	6420483	64.96
1990-1999	10	0.00022	0.00022	0.5	98809	22	98798	6321658	63.98
1990-1999	11	0.00027	0.00027	0.5	98787	27	98773	6222860	62.99
1990-1999	12	0.00028	0.00028	0.5	98760	28	98746	6124087	62.01
1990-1999	13	0.00035	0.00035	0.5	98732	35	98715	6025341	61.03
1990-1999	14	0.00060	0.00060	0.5	98697	59	98668	5926626	60.05
1990-1999	15	0.00086	0.00086	0.5	98638	85	98596	5827959	59.08
1990-1999	16	0.00124	0.00124	0.5	98553	122	98492	5729363	58.13
1990-1999	17	0.00141	0.00141	0.5	98431	139	98362	5630871	57.21
1990-1999	18	0.00194	0.00194	0.5	98292	191	98197	5532509	56.29
1990-1999	19	0.00221	0.00221	0.5	98101	217	97993	5434312	55.39
1990-1999	20	0.00228	0.00228	0.5	97885	223	97773	5336319	54.52
1990-1999	21	0.00223	0.00223	0.5	97661	218	97552	5238546	53.64
1990-1999	22	0.00195	0.00195	0.5	97443	190	97349	5140994	52.76
1990-1999	23	0.00202	0.00202	0.5	97254	196	97156	5043645	51.86
1990-1999	24	0.00237	0.00237	0.5	97058	230	96943	4946489	50.96
1990-1999	25	0.00230	0.00230	0.5	96828	223	96717	4849547	50.08
1990-1999	26	0.00205	0.00205	0.5	96605	198	96506	4752830	49.20
1990-1999	27	0.00211	0.00211	0.5	96408	204	96306	4656324	48.30
1990-1999	28	0.00230	0.00229	0.5	96204	221	96094	4560018	47.40
1990-1999	29	0.00237	0.00237	0.5	95983	227	95870	4463924	46.51
1990-1999	30	0.00241	0.00241	0.5	95756	231	95641	4368055	45.62
1990-1999	31	0.00267	0.00267	0.5	95525	255	95398	4272414	44.73
1990-1999	32	0.00269	0.00268	0.5	95271	256	95143	4177016	43.84
1990-1999	33	0.00285	0.00284	0.5	95015	270	94880	4081873	42.96
1990-1999	34	0.00296	0.00295	0.5	94745	280	94605	3986993	42.08
1990-1999	35	0.00270	0.00270	0.5	94465	255	94338	3892387	41.20
1990-1999	36	0.00290	0.00290	0.5	94210	273	94074	3798050	40.31
1990-1999	37	0.00309	0.00308	0.5	93938	290	93793	3703976	39.43
1990-1999	38	0.00346	0.00346	0.5	93648	324	93486	3610183	38.55
1990-1999	39	0.00297	0.00296	0.5	93324	276	93186	3516697	37.68
1990-1999	40	0.00329	0.00329	0.5	93048	306	92895	3423511	36.79
1990-1999	41	0.00366	0.00365	0.5	92742	339	92573	3330616	35.91
1990-1999	42	0.00353	0.00352	0.5	92403	325	92241	3238043	35.04
1990-1999	43	0.00377	0.00377	0.5	92078	347	91905	3145802	34.16
1990-1999	44	0.00414	0.00413	0.5	91731	379	91542	3053897	33.29
1990-1999	45	0.00405	0.00404	0.5	91352	369	91167	2962356	32.43
1990-1999	46	0.00429	0.00428	0.5	90983	389	90788	2871188	31.56
1990-1999	47	0.00439	0.00438	0.5	90594	397	90395	2780400	30.69
1990-1999	48	0.00504	0.00503	0.5	90197	454	89970	2690005	29.82
1990-1999	49	0.00469	0.00468	0.5	89743	420	89533	2600035	28.97
1990-1999	50	0.00541	0.00540	0.5	89323	482	89082	2510502	28.11
1990-1999	51	0.00581	0.00579	0.5	88841	514	88584	2421419	27.26
1990-1999	52	0.00628	0.00626	0.5	88327	553	88050	2332835	26.41
1990-1999	53	0.00681	0.00679	0.5	87774	596	87476	2244785	25.57
1990-1999	54	0.00792	0.00788	0.5	87178	687	86834	2157309	24.75
1990-1999	55	0.00807	0.00803	0.5	86490	695	86143	2070475	23.94
1990-1999	56	0.00879	0.00875	0.5	85796	751	85420	1984332	23.13
1990-1999	57	0.00926	0.00922	0.5	85045	784	84653	1898911	22.33
1990-1999	58	0.01118	0.01112	0.5	84261	937	83792	1814258	21.53
1990-1999	59	0.01151	0.01145	0.5	83324	954	82847	1730466	20.77
1990-1999	60	0.01215	0.01208	0.5	82370	995	81872	1647619	20.00
1990-1999	61	0.01381	0.01371	0.5	81375	1116	80817	1565747	19.24
1990-1999	62	0.01471	0.01460	0.5	80259	1172	79673	1484930	18.50
1990-1999	63	0.01642	0.01628	0.5	79087	1288	78443	1405256	17.77
1990-1999	64	0.01659	0.01645	0.5	77799	1280	77160	1326813	17.05
1990-1999	65	0.01867	0.01850	0.5	76520	1416	75812	1249654	16.33
1990-1999	66	0.02090	0.02069	0.5	75104	1554	74327	1173842	15.63
1990-1999	67	0.02162	0.02139	0.5	73550	1573	72763	1099515	14.95
1990-1999	68	0.02526	0.02495	0.5	71977	1795	71079	1026751	14.27
1990-1999	69	0.02695	0.02660	0.5	70181	1867	69248	955672	13.62
1990-1999	70	0.03013	0.02969	0.5	68315	2028	67301	886424	12.98
1990-1999	71	0.03322	0.03268	0.5	66287	2166	65204	819124	12.36
1990-1999	72	0.03553	0.03491	0.5	64121	2238	63001	753920	11.76
1990-1999	73	0.03880	0.03806	0.5	61882	2355	60705	690919	11.17
1990-1999	74	0.04186	0.04101	0.5	59527	2441	58306	630214	10.59
1990-1999	75	0.04654	0.04548	0.5	57086	2596	55788	571908	10.02
1990-1999	76	0.04993	0.04871	0.5	54490	2654	53162	516120	9.47
1990-1999	77	0.05509	0.05362	0.5	51835	2779	50446	462957	8.93
1990-1999	78	0.06001	0.05826	0.5	49056	2858	47627	412512	8.41
1990-1999	79	0.06562	0.06353	0.5	46198	2935	44730	364885	7.90
1990-1999	80	0.07849	0.07552	0.5	43263	3267	41629	320154	7.40
1990-1999	81	0.08654	0.08295	0.5	39996	3318	38337	278525	6.96
1990-1999	82	0.09534	0.09100	0.5	36678	3338	35009	240188	6.55
1990-1999	83	0.10493	0.09970	0.5	33340	3324	31678	205180	6.15
1990-1999	84	0.11537	0.10907	0.5	30016	3274	28379	173502	5.78
1990-1999	85	0.12669	0.11914	0.5	26742	3186	25149	145123	5.43
1990-1999	86	0.13895	0.12992	0.5	23556	3060	22026	119974	5.09
1990-1999	87	0.15219	0.14143	0.5	20496	2899	19046	97948	4.78
1990-1999	88	0.16644	0.15366	0.5	17597	2704	16245	78902	4.48
1990-1999	89	0.18175	0.16661	0.5	14893	2481	13652	62657	4.21
1990-1999	90	0.19813	0.18027	0.5	12412	2237	11293	49004	3.95
1990-1999	91	0.21560	0.19462	0.5	10174	1980	9184	37711	3.71
1990-1999	92	0.23415	0.20961	0.5	8194	1718	7335	28527	3.48
1990-1999	93	0.25379	0.22521	0.5	6477	1459	5747	21192	3.27
1990-1999	94	0.27448	0.24136	0.5	5018	1211	4412	15445	3.08
1990-1999	95	0.29620	0.25799	0.5	3807	982	3316	11032	2.90
1990-1999	96	0.31887	0.27502	0.5	2825	777	2436	7716	2.73
1990-1999	97	0.34244	0.29238	0.5	2048	599	1748	5280	2.58
1990-1999	98	0.36680	0.30996	0.5	1449	449	1225	3532	2.44
1990-1999	99	0.39187	0.32767	0.5	1000	328	836	2307	2.31
1990-1999	100	0.41753	0.34542	0.5	672	232	556	1471	2.19
1990-1999	101	0.44363	0.36309	0.5	440	160	360	915	2.08
1990-1999	102	0.47006	0.38060	0.5	280	107	227	555	1.98
1990-1999	103	0.49665	0.39785	0.5	174	69	139	328	1.89
1990-1999	104	0.52326	0.41475	0.5	105	43	83	189	1.80
1990-1999	105	0.54974	0.43121	0.5	61	26	48	106	1.73
1990-1999	106	0.57594	0.44717	0.5	35	16	27	58	1.66
1990-1999	107	0.60172	0.46255	0.5	19	9	15	31	1.60
1990-1999	108	0.62695	0.47732	0.5	10	5	8	16	1.55
1990-1999	109	0.65150	0.49142	0.5	5	3	4	8	1.51
1990-1999	110+	0.67528	1.00000	1.48	3	3	4	4	1.48
2000-2009	0	0.00683	0.00679	0.06	100000	679	99364	7434484	74.34
2000-2009	1	0.00071	0.00071	0.5	99321	70	99286	7335120	73.85
2000-2009	2	0.00037	0.00037	0.5	99251	36	99233	7235834	72.90
2000-2009	3	0.00037	0.00037	0.5	99215	37	99197	7136601	71.93
2000-2009	4	0.00024	0.00024	0.5	99178	24	99166	7037404	70.96
2000-2009	5	0.00019	0.00019	0.5	99154	19	99144	6938238	69.97
2000-2009	6	0.00014	0.00014	0.5	99135	14	99128	6839093	68.99
2000-2009	7	0.00017	0.00017	0.5	99121	17	99112	6739966	68.00
2000-2009	8	0.00009	0.00009	0.5	99104	9	99099	6640853	67.01
2000-2009	9	0.00016	0.00016	0.5	99095	16	99087	6541754	66.02
2000-2009	10	0.00015	0.00015	0.5	99078	14	99071	6442667	65.03
2000-2009	11	0.00025	0.00025	0.5	99064	24	99052	6343596	64.04
2000-2009	12	0.00024	0.00024	0.5	99039	23	99028	6244544	63.05
2000-2009	13	0.00034	0.00034	0.5	99016	34	98999	6145517	62.07
2000-2009	14	0.00050	0.00050	0.5	98982	50	98957	6046518	61.09
2000-2009	15	0.00052	0.00052	0.5	98932	51	98907	5947560	60.12
2000-2009	16	0.00100	0.00100	0.5	98881	98	98832	5848653	59.15
2000-2009	17	0.00116	0.00116	0.5	98783	115	98725	5749822	58.21
2000-2009	18	0.00164	0.00164	0.5	98668	162	98587	5651096	57.27
2000-2009	19	0.00200	0.00199	0.5	98507	196	98408	5552509	56.37
2000-2009	20	0.00192	0.00191	0.5	98310	188	98216	5454100	55.48
2000-2009	21	0.00188	0.00188	0.5	98122	184	98030	5355884	54.58
2000-2009	22	0.00199	0.00199	0.5	97938	195	97840	5257854	53.69
2000-2009	23	0.00196	0.00196	0.5	97743	191	97647	5160014	52.79
2000-2009	24	0.00212	0.00212	0.5	97551	207	97448	5062367	51.89
2000-2009	25	0.00199	0.00198	0.5	97345	193	97248	4964918	51.00
2000-2009	26	0.00202	0.00202	0.5	97152	196	97054	4867670	50.10
2000-2009	27	0.00209	0.00209	0.5	96956	203	96855	4770616	49.20
2000-2009	28	0.00207	0.00206	0.5	96753	200	96654	4673762	48.31
2000-2009	29	0.00207	0.00207	0.5	96554	200	96454	4577108	47.40
2000-2009	30	0.00212	0.00211	0.5	96354	204	96252	4480654	46.50
2000-2009	31	0.00248	0.00248	0.5	96150	238	96031	4384402	45.60
2000-2009	32	0.00245	0.00245	0.5	95912	235	95795	4288370	44.71
2000-2009	33	0.00247	0.00247	0.5	95677	236	95559	4192576	43.82
2000-2009	34	0.00258	0.00257	0.5	95441	245	95318	4097016	42.93
2000-2009	35	0.00285	0.00285	0.5	95196	271	95060	4001698	42.04
2000-2009	36	0.00285	0.00284	0.5	94924	270	94789	3906638	41.16
2000-2009	37	0.00302	0.00301	0.5	94655	285	94512	3811848	40.27
2000-2009	38	0.00292	0.00292	0.5	94369	275	94232	3717337	39.39
2000-2009	39	0.00341	0.00340	0.5	94094	320	93934	3623105	38.51
2000-2009	40	0.00378	0.00378	0.5	93774	354	93597	3529170	37.63
2000-2009	41	0.00373	0.00372	0.5	93420	348	93246	3435573	36.78
2000-2009	42	0.00400	0.00399	0.5	93073	371	92887	3342327	35.91
2000-2009	43	0.00434	0.00433	0.5	92701	402	92500	3249440	35.05
2000-2009	44	0.00440	0.00439	0.5	92300	405	92097	3156940	34.20
2000-2009	45	0.00455	0.00454	0.5	91895	417	91686	3064843	33.35
2000-2009	46	0.00478	0.00477	0.5	91478	437	91260	2973156	32.50
2000-2009	47	0.00539	0.00538	0.5	91041	489	90797	2881897	31.65
2000-2009	48	0.00554	0.00553	0.5	90552	500	90302	2791100	30.82
2000-2009	49	0.00577	0.00575	0.5	90051	518	89793	2700799	29.99
2000-2009	50	0.00625	0.00623	0.5	89534	558	89255	2611006	29.16
2000-2009	51	0.00666	0.00663	0.5	88975	590	88680	2521752	28.34
2000-2009	52	0.00699	0.00697	0.5	88385	616	88077	2433071	27.53
2000-2009	53	0.00728	0.00725	0.5	87769	637	87451	2344994	26.72
2000-2009	54	0.00743	0.00740	0.5	87133	645	86810	2257543	25.91
2000-2009	55	0.00803	0.00800	0.5	86487	692	86141	2170733	25.10
2000-2009	56	0.00868	0.00864	0.5	85795	742	85425	2084592	24.30
2000-2009	57	0.00903	0.00899	0.5	85054	765	84671	1999167	23.50
2000-2009	58	0.00957	0.00952	0.5	84289	803	83888	1914496	22.71
2000-2009	59	0.01033	0.01028	0.5	83486	858	83057	1830608	21.93
2000-2009	60	0.01138	0.01131	0.5	82628	935	82161	1747551	21.15
2000-2009	61	0.01165	0.01158	0.5	81694	946	81221	1665390	20.39
2000-2009	62	0.01327	0.01318	0.5	80748	1064	80215	1584169	19.62
2000-2009	63	0.01365	0.01356	0.5	79683	1081	79143	1503954	18.87
2000-2009	64	0.01488	0.01477	0.5	78602	1161	78022	1424811	18.13
2000-2009	65	0.01696	0.01681	0.5	77442	1302	76791	1346789	17.39
2000-2009	66	0.01742	0.01727	0.5	76140	1315	75482	1269999	16.68
2000-2009	67	0.01866	0.01849	0.5	74825	1383	74133	1194517	15.96
2000-2009	68	0.02038	0.02018	0.5	73441	1482	72701	1120384	15.26
2000-2009	69	0.02201	0.02177	0.5	71960	1566	71177	1047683	14.56
2000-2009	70	0.02343	0.02316	0.5	70393	1630	69578	976507	13.87
2000-2009	71	0.02577	0.02544	0.5	68763	1749	67888	906928	13.19
2000-2009	72	0.02785	0.02747	0.5	67014	1841	66093	839040	12.52
2000-2009	73	0.03316	0.03262	0.5	65173	2126	64110	772947	11.86
2000-2009	74	0.03710	0.03642	0.5	63047	2296	61899	708837	11.24
2000-2009	75	0.03707	0.03640	0.5	60750	2211	59645	646939	10.65
2000-2009	76	0.04063	0.03982	0.5	58539	2331	57374	587294	10.03
2000-2009	77	0.04703	0.04595	0.5	56208	2583	54917	529920	9.43
2000-2009	78	0.05067	0.04942	0.5	53625	2650	52300	475004	8.86
2000-2009	79	0.05625	0.05471	0.5	50975	2789	49581	422703	8.29
2000-2009	80	0.06631	0.06418	0.5	48186	3093	46640	373123	7.74
2000-2009	81	0.07452	0.07184	0.5	45094	3240	43474	326483	7.24
2000-2009	82	0.08366	0.08030	0.5	41854	3361	40174	283009	6.76
2000-2009	83	0.09380	0.08960	0.5	38493	3449	36769	242836	6.31
2000-2009	84	0.10503	0.09979	0.5	35044	3497	33296	206067	5.88
2000-2009	85	0.11743	0.11092	0.5	31547	3499	29798	172771	5.48
2000-2009	86	0.13108	0.12302	0.5	28048	3450	26323	142974	5.10
2000-2009	87	0.14606	0.13612	0.5	24597	3348	22923	116651	4.74
2000-2009	88	0.16243	0.15023	0.5	21249	3192	19653	93727	4.41
2000-2009	89	0.18024	0.16534	0.5	18057	2986	16564	74074	4.10
2000-2009	90	0.19955	0.18144	0.5	15071	2735	13704	57510	3.82
2000-2009	91	0.22036	0.19849	0.5	12337	2449	11113	43806	3.55
2000-2009	92	0.24269	0.21642	0.5	9888	2140	8818	32693	3.31
2000-2009	93	0.26650	0.23517	0.5	7748	1822	6837	23875	3.08
2000-2009	94	0.29176	0.25461	0.5	5926	1509	5172	17038	2.88
2000-2009	95	0.31836	0.27464	0.5	4417	1213	3811	11867	2.69
2000-2009	96	0.34621	0.29512	0.5	3204	946	2731	8056	2.51
2000-2009	97	0.37515	0.31590	0.5	2258	713	1902	5325	2.36
2000-2009	98	0.40502	0.33681	0.5	1545	520	1285	3423	2.22
2000-2009	99	0.43560	0.35769	0.5	1025	367	841	2138	2.09
2000-2009	100	0.46668	0.37839	0.5	658	249	534	1297	1.97
2000-2009	101	0.49802	0.39873	0.5	409	163	328	763	1.87
2000-2009	102	0.52938	0.41858	0.5	246	103	194	436	1.77
2000-2009	103	0.56051	0.43781	0.5	143	63	112	241	1.69
2000-2009	104	0.59117	0.45629	0.5	80	37	62	130	1.61
2000-2009	105	0.62113	0.47394	0.5	44	21	33	67	1.54
2000-2009	106	0.65020	0.49068	0.5	23	11	17	34	1.48
2000-2009	107	0.67819	0.50646	0.5	12	6	9	17	1.43
2000-2009	108	0.70496	0.52124	0.5	6	3	4	8	1.39
2000-2009	109	0.73039	0.53501	0.5	3	1	2	4	1.35
2000-2009	110+	0.75439	1.00000	1.33	1	1	2	2	1.33
2010-2019	0	0.00626	0.00622	0.06	100000	622	99416	7495409	74.95
2010-2019	1	0.00057	0.00057	0.5	99378	56	99350	7395992	74.42
2010-2019	2	0.00032	0.00032	0.5	99322	32	99306	7296643	73.46
2010-2019	3	0.00024	0.00024	0.5	99290	24	99278	7197337	72.49
2010-2019	4	0.00020	0.00020	0.5	99265	20	99256	7098059	71.51
2010-2019	5	0.00017	0.00017	0.5	99246	17	99237	6998804	70.52
2010-2019	6	0.00010	0.00010	0.5	99229	10	99224	6899566	69.53
2010-2019	7	0.00017	0.00017	0.5	99219	17	99211	6800342	68.54
2010-2019	8	0.00009	0.00009	0.5	99203	9	99198	6701131	67.55
2010-2019	9	0.00017	0.00017	0.5	99194	17	99185	6601933	66.56
2010-2019	10	0.00012	0.00012	0.5	99177	12	99171	6502747	65.57
2010-2019	11	0.00012	0.00012	0.5	99165	12	99159	6403576	64.58
2010-2019	12	0.00023	0.00023	0.5	99152	23	99141	6304418	63.58
2010-2019	13	0.00022	0.00022	0.5	99130	22	99119	6205277	62.60
2010-2019	14	0.00039	0.00039	0.5	99107	38	99088	6106158	61.61
2010-2019	15	0.00060	0.00060	0.5	99069	59	99040	6007070	60.64
2010-2019	16	0.00069	0.00069	0.5	99010	69	98976	5908030	59.67
2010-2019	17	0.00099	0.00099	0.5	98941	98	98892	5809055	58.71
2010-2019	18	0.00099	0.00099	0.5	98843	97	98794	5710162	57.77
2010-2019	19	0.00133	0.00133	0.5	98746	131	98680	5611368	56.83
2010-2019	20	0.00166	0.00166	0.5	98614	164	98533	5512688	55.90
2010-2019	21	0.00163	0.00163	0.5	98451	161	98371	5414155	54.99
2010-2019	22	0.00197	0.00197	0.5	98290	194	98193	5315785	54.08
2010-2019	23	0.00189	0.00189	0.5	98096	185	98004	5217591	53.19
2010-2019	24	0.00201	0.00201	0.5	97911	197	97813	5119587	52.29
2010-2019	25	0.00221	0.00221	0.5	97715	215	97607	5021774	51.39
2010-2019	26	0.00220	0.00220	0.5	97499	214	97392	4924167	50.50
2010-2019	27	0.00238	0.00238	0.5	97285	232	97169	4826775	49.61
2010-2019	28	0.00240	0.00240	0.5	97053	233	96937	4729606	48.73
2010-2019	29	0.00242	0.00242	0.5	96821	234	96704	4632669	47.85
2010-2019	30	0.00291	0.00290	0.5	96587	281	96446	4535965	46.96
2010-2019	31	0.00245	0.00245	0.5	96306	236	96188	4439519	46.10
2010-2019	32	0.00291	0.00291	0.5	96070	279	95931	4343331	45.21
2010-2019	33	0.00284	0.00283	0.5	95791	271	95656	4247400	44.34
2010-2019	34	0.00310	0.00309	0.5	95520	296	95372	4151744	43.46
2010-2019	35	0.00305	0.00305	0.5	95224	290	95079	4056372	42.60
2010-2019	36	0.00361	0.00360	0.5	94934	342	94763	3961293	41.73
2010-2019	37	0.00311	0.00310	0.5	94592	293	94445	3866530	40.88
2010-2019	38	0.00318	0.00317	0.5	94298	299	94149	3772085	40.00
2010-2019	39	0.00355	0.00355	0.5	93999	334	93832	3677936	39.13
2010-2019	40	0.00367	0.00366	0.5	93666	343	93494	3584104	38.26
2010-2019	41	0.00365	0.00364	0.5	93323	340	93153	3490610	37.40
2010-2019	42	0.00430	0.00429	0.5	92983	399	92783	3397457	36.54
2010-2019	43	0.00472	0.00471	0.5	92584	436	92366	3304673	35.69
2010-2019	44	0.00453	0.00452	0.5	92148	417	91940	3212307	34.86
2010-2019	45	0.00420	0.00419	0.5	91731	385	91539	3120368	34.02
2010-2019	46	0.00549	0.00547	0.5	91347	500	91097	3028829	33.16
2010-2019	47	0.00554	0.00553	0.5	90847	502	90596	2937732	32.34
2010-2019	48	0.00617	0.00616	0.5	90345	556	90067	2847136	31.51
2010-2019	49	0.00635	0.00633	0.5	89789	569	89504	2757069	30.71
2010-2019	50	0.00659	0.00657	0.5	89220	586	88927	2667565	29.90
2010-2019	51	0.00744	0.00741	0.5	88634	657	88306	2578638	29.09
2010-2019	52	0.00748	0.00745	0.5	87977	656	87649	2490333	28.31
2010-2019	53	0.00808	0.00805	0.5	87321	703	86970	2402683	27.52
2010-2019	54	0.00828	0.00825	0.5	86618	714	86261	2315714	26.73
2010-2019	55	0.00879	0.00875	0.5	85904	752	85528	2229452	25.95
2010-2019	56	0.01006	0.01001	0.5	85152	852	84726	2143924	25.18
2010-2019	57	0.00998	0.00993	0.5	84300	837	83881	2059198	24.43
2010-2019	58	0.01022	0.01017	0.5	83463	849	83038	1975317	23.67
2010-2019	59	0.01097	0.01091	0.5	82614	901	82163	1892278	22.91
2010-2019	60	0.01186	0.01179	0.5	81713	963	81231	1810115	22.15
2010-2019	61	0.01214	0.01207	0.5	80750	974	80263	1728884	21.41
2010-2019	62	0.01291	0.01283	0.5	79775	1023	79264	1648621	20.67
2010-2019	63	0.01460	0.01450	0.5	78752	1142	78181	1569357	19.93
2010-2019	64	0.01500	0.01489	0.5	77610	1156	77033	1491176	19.21
2010-2019	65	0.01583	0.01570	0.5	76455	1200	75855	1414143	18.50
2010-2019	66	0.01681	0.01667	0.5	75254	1254	74627	1338289	17.78
2010-2019	67	0.01764	0.01749	0.5	74000	1294	73353	1263661	17.08
2010-2019	68	0.01772	0.01756	0.5	72706	1277	72067	1190308	16.37
2010-2019	69	0.01960	0.01941	0.5	71429	1386	70736	1118241	15.66
2010-2019	70	0.02127	0.02105	0.5	70043	1474	69306	1047505	14.96
2010-2019	71	0.02259	0.02234	0.5	68569	1532	67803	978199	14.27
2010-2019	72	0.02580	0.02547	0.5	67037	1708	66183	910397	13.58
2010-2019	73	0.02797	0.02759	0.5	65329	1802	64428	844214	12.92
2010-2019	74	0.03122	0.03074	0.5	63527	1953	62551	779785	12.27
2010-2019	75	0.03158	0.03109	0.5	61574	1914	60617	717235	11.65
2010-2019	76	0.03645	0.03579	0.5	59660	2135	58592	656618	11.01
2010-2019	77	0.04059	0.03978	0.5	57524	2288	56380	598026	10.40
2010-2019	78	0.04327	0.04235	0.5	55236	2339	54066	541646	9.81
2010-2019	79	0.04752	0.04642	0.5	52897	2456	51669	487579	9.22
2010-2019	80	0.05206	0.05074	0.5	50441	2560	49161	435910	8.64
2010-2019	81	0.05906	0.05737	0.5	47882	2747	46508	386749	8.08
2010-2019	82	0.06693	0.06476	0.5	45135	2923	43673	340241	7.54
2010-2019	83	0.07576	0.07300	0.5	42212	3081	40671	296567	7.03
2010-2019	84	0.08565	0.08214	0.5	39130	3214	37523	255896	6.54
2010-2019	85	0.09670	0.09224	0.5	35916	3313	34260	218373	6.08
2010-2019	86	0.10901	0.10337	0.5	32603	3370	30918	184113	5.65
2010-2019	87	0.12266	0.11557	0.5	29233	3379	27544	153195	5.24
2010-2019	88	0.13777	0.12889	0.5	25854	3332	24188	125651	4.86
2010-2019	89	0.15440	0.14334	0.5	22522	3228	20908	101463	4.51
2010-2019	90	0.17264	0.15892	0.5	19294	3066	17761	80554	4.18
2010-2019	91	0.19255	0.17564	0.5	16228	2850	14803	62794	3.87
2010-2019	92	0.21415	0.19344	0.5	13377	2588	12084	47991	3.59
2010-2019	93	0.23747	0.21227	0.5	10790	2290	9645	35907	3.33
2010-2019	94	0.26248	0.23203	0.5	8499	1972	7513	26263	3.09
2010-2019	95	0.28913	0.25261	0.5	6527	1649	5703	18750	2.87
2010-2019	96	0.31731	0.27386	0.5	4878	1336	4210	13047	2.67
2010-2019	97	0.34690	0.29563	0.5	3542	1047	3019	8836	2.49
2010-2019	98	0.37773	0.31772	0.5	2495	793	2099	5817	2.33
2010-2019	99	0.40958	0.33996	0.5	1702	579	1413	3719	2.18
2010-2019	100	0.44220	0.36213	0.5	1124	407	920	2306	2.05
2010-2019	101	0.47533	0.38405	0.5	717	275	579	1385	1.93
2010-2019	102	0.50868	0.40553	0.5	441	179	352	806	1.83
2010-2019	103	0.54195	0.42640	0.5	262	112	206	454	1.73
2010-2019	104	0.57485	0.44651	0.5	151	67	117	248	1.65
2010-2019	105	0.60710	0.46573	0.5	83	39	64	131	1.57
2010-2019	106	0.63845	0.48396	0.5	45	22	34	67	1.50
2010-2019	107	0.66865	0.50112	0.5	23	12	17	33	1.45
2010-2019	108	0.69753	0.51716	0.5	11	6	8	16	1.40
2010-2019	109	0.72493	0.53207	0.5	6	3	4	8	1.36
2010-2019	110+	0.75073	1.00000	1.33	3	3	3	3	1.33
