NY: New York, Lifetables (period 5x1), Both sexes Last modified: 20 Dec 2020, MPv5 (May07) 

Year	Age	mx	qx	ax	lx	dx	Lx	Tx	ex
1959	0	0.02560	0.02503	0.12	100000	2503	97796	6954890	69.55
1959	1-4	0.00092	0.00367	1.67	97497	358	389151	6857094	70.33
1959	5-9	0.00053	0.00263	2.35	97139	255	485018	6467943	66.58
1959	10-14	0.00041	0.00205	2.54	96883	199	483928	5982925	61.75
1959	15-19	0.00082	0.00407	2.85	96685	394	482577	5498996	56.88
1959	20-24	0.00105	0.00525	2.56	96291	505	480225	5016419	52.10
1959	25-29	0.00113	0.00566	2.51	95786	542	477582	4536194	47.36
1959	30-34	0.00159	0.00792	2.57	95244	755	474387	4058613	42.61
1959	35-39	0.00223	0.01107	2.68	94490	1046	470025	3584225	37.93
1959	40-44	0.00362	0.01793	2.71	93443	1675	463376	3114200	33.33
1959	45-49	0.00600	0.02960	2.66	91768	2716	452488	2650824	28.89
1959	50-54	0.00952	0.04658	2.64	89052	4148	435480	2198336	24.69
1959	55-59	0.01420	0.06867	2.61	84904	5830	410585	1762855	20.76
1959	60-64	0.02219	0.10537	2.6	79074	8332	375411	1352270	17.10
1959	65-69	0.03398	0.15689	2.56	70742	11099	326591	976859	13.81
1959	70-74	0.05150	0.22847	2.53	59643	13627	264579	650268	10.90
1959	75-79	0.08028	0.33414	2.49	46016	15376	191518	385689	8.38
1959	80-84	0.12151	0.46247	2.42	30640	14170	116619	194171	6.34
1959	85-89	0.18199	0.60777	2.27	16470	10010	55002	77552	4.71
1959	90-94	0.26589	0.75318	2.12	6460	4866	18299	22550	3.49
1959	95-99	0.36110	0.85184	1.9	1594	1358	3761	4251	2.67
1959	100-104	0.47475	0.92097	1.68	236	218	458	490	2.07
1959	105-109	0.59219	0.95891	1.47	19	18	30	31	1.68
1959	110+	0.68523	1.00000	1.46	1	1	1	1	1.46
1960	0	0.02481	0.02428	0.12	100000	2428	97857	6966643	69.67
1960	1-4	0.00105	0.00418	1.68	97572	408	389343	6868786	70.40
1960	5-9	0.00048	0.00238	2.19	97165	232	485172	6479443	66.69
1960	10-14	0.00039	0.00196	2.58	96933	190	484204	5994271	61.84
1960	15-19	0.00076	0.00378	2.89	96743	365	482941	5510067	56.96
1960	20-24	0.00107	0.00534	2.42	96377	515	480556	5027126	52.16
1960	25-29	0.00125	0.00623	2.55	95862	597	477850	4546570	47.43
1960	30-34	0.00157	0.00784	2.67	95265	747	474588	4068720	42.71
1960	35-39	0.00217	0.01080	2.65	94518	1021	470195	3594132	38.03
1960	40-44	0.00364	0.01806	2.7	93497	1688	463594	3123938	33.41
1960	45-49	0.00590	0.02908	2.7	91808	2670	452894	2660344	28.98
1960	50-54	0.00962	0.04703	2.63	89138	4193	435759	2207450	24.76
1960	55-59	0.01439	0.06956	2.63	84946	5909	410716	1771691	20.86
1960	60-64	0.02185	0.10383	2.62	79036	8207	375670	1360976	17.22
1960	65-69	0.03338	0.15440	2.57	70830	10936	327604	985306	13.91
1960	70-74	0.05184	0.23002	2.55	59893	13777	265774	657702	10.98
1960	75-79	0.07803	0.32641	2.5	46117	15053	192914	391928	8.50
1960	80-84	0.12054	0.45980	2.42	31064	14283	118497	199015	6.41
1960	85-89	0.17794	0.59924	2.28	16780	10056	56511	80517	4.80
1960	90-94	0.25843	0.73613	2.08	6725	4950	19155	24006	3.57
1960	95-99	0.35130	0.84341	1.92	1774	1497	4260	4851	2.73
1960	100-104	0.46215	0.91508	1.7	278	254	550	591	2.13
1960	105-109	0.57811	0.95547	1.5	24	23	39	41	1.72
1960	110+	0.67088	1.00000	1.49	1	1	2	2	1.49
1961	0	0.02439	0.02387	0.12	100000	2387	97890	6983871	69.84
1961	1-4	0.00087	0.00348	1.66	97613	339	389657	6885982	70.54
1961	5-9	0.00043	0.00215	2.32	97273	209	485804	6496324	66.78
1961	10-14	0.00034	0.00170	2.68	97064	165	484937	6010520	61.92
1961	15-19	0.00077	0.00382	2.87	96899	370	483707	5525583	57.02
1961	20-24	0.00111	0.00555	2.53	96529	536	481320	5041876	52.23
1961	25-29	0.00121	0.00604	2.55	95993	580	478543	4560555	47.51
1961	30-34	0.00157	0.00780	2.56	95413	744	475251	4082012	42.78
1961	35-39	0.00230	0.01143	2.66	94669	1082	470812	3606761	38.10
1961	40-44	0.00361	0.01788	2.64	93587	1673	463991	3135949	33.51
1961	45-49	0.00588	0.02900	2.64	91913	2665	453276	2671958	29.07
1961	50-54	0.00931	0.04557	2.64	89248	4067	436657	2218682	24.86
1961	55-59	0.01416	0.06847	2.62	85181	5832	412011	1782025	20.92
1961	60-64	0.02201	0.10455	2.61	79349	8296	376958	1370014	17.27
1961	65-69	0.03328	0.15400	2.58	71053	10942	328812	993056	13.98
1961	70-74	0.05062	0.22527	2.56	60110	13541	267502	664244	11.05
1961	75-79	0.07718	0.32378	2.52	46569	15078	195378	396742	8.52
1961	80-84	0.11963	0.45647	2.41	31491	14375	120162	201363	6.39
1961	85-89	0.18032	0.60292	2.25	17116	10320	57231	81201	4.74
1961	90-94	0.26278	0.74865	2.13	6796	5088	19363	23970	3.53
1961	95-99	0.35655	0.84802	1.91	1708	1449	4063	4607	2.70
1961	100-104	0.46914	0.91841	1.69	260	238	508	544	2.10
1961	105-109	0.58600	0.95743	1.48	21	20	35	36	1.70
1961	110+	0.67892	1.00000	1.47	1	1	1	1	1.47
1962	0	0.02490	0.02437	0.12	100000	2437	97849	6979658	69.80
1962	1-4	0.00085	0.00339	1.62	97563	330	389465	6881808	70.54
1962	5-9	0.00045	0.00223	2.22	97233	217	485560	6492344	66.77
1962	10-14	0.00037	0.00184	2.71	97016	178	484672	6006784	61.92
1962	15-19	0.00072	0.00362	2.92	96838	350	483462	5522112	57.02
1962	20-24	0.00118	0.00588	2.57	96488	567	481059	5038650	52.22
1962	25-29	0.00126	0.00630	2.57	95921	604	478136	4557592	47.51
1962	30-34	0.00162	0.00807	2.61	95316	769	474742	4079456	42.80
1962	35-39	0.00235	0.01170	2.66	94547	1107	470149	3604714	38.13
1962	40-44	0.00363	0.01799	2.68	93441	1681	463304	3134565	33.55
1962	45-49	0.00593	0.02926	2.66	91760	2685	452521	2671260	29.11
1962	50-54	0.00949	0.04641	2.65	89074	4134	435660	2218739	24.91
1962	55-59	0.01443	0.06978	2.65	84940	5927	410743	1783079	20.99
1962	60-64	0.02133	0.10151	2.63	79013	8021	376049	1372336	17.37
1962	65-69	0.03332	0.15414	2.58	70992	10943	328438	996287	14.03
1962	70-74	0.05062	0.22549	2.58	60050	13541	267515	667849	11.12
1962	75-79	0.07582	0.31949	2.54	46509	14859	195966	400335	8.61
1962	80-84	0.11805	0.45232	2.42	31650	14316	121268	204369	6.46
1962	85-89	0.17890	0.59962	2.25	17334	10394	58099	83101	4.79
1962	90-94	0.25541	0.73656	2.13	6940	5112	20014	25002	3.60
1962	95-99	0.35212	0.84416	1.92	1828	1543	4383	4988	2.73
1962	100-104	0.46327	0.91560	1.7	285	261	563	604	2.12
1962	105-109	0.57899	0.95565	1.5	24	23	40	41	1.72
1962	110+	0.67124	1.00000	1.49	1	1	2	2	1.49
1963	0	0.02453	0.02401	0.12	100000	2401	97878	6976372	69.76
1963	1-4	0.00086	0.00344	1.65	97599	336	389607	6878494	70.48
1963	5-9	0.00040	0.00199	2.29	97263	194	485792	6488887	66.71
1963	10-14	0.00035	0.00177	2.62	97069	172	484938	6003095	61.84
1963	15-19	0.00075	0.00376	2.81	96897	364	483689	5518158	56.95
1963	20-24	0.00114	0.00567	2.53	96533	548	481311	5034469	52.15
1963	25-29	0.00130	0.00650	2.6	95985	624	478427	4553158	47.44
1963	30-34	0.00160	0.00799	2.65	95361	762	475013	4074731	42.73
1963	35-39	0.00244	0.01212	2.64	94599	1146	470287	3599718	38.05
1963	40-44	0.00371	0.01838	2.61	93453	1717	463168	3129431	33.49
1963	45-49	0.00591	0.02916	2.68	91736	2675	452482	2666264	29.06
1963	50-54	0.00929	0.04543	2.63	89061	4046	435730	2213782	24.86
1963	55-59	0.01440	0.06962	2.62	85015	5919	411009	1778052	20.91
1963	60-64	0.02180	0.10356	2.6	79096	8191	375810	1367043	17.28
1963	65-69	0.03327	0.15384	2.56	70905	10908	327907	991234	13.98
1963	70-74	0.05051	0.22489	2.56	59997	13492	267108	663327	11.06
1963	75-79	0.07534	0.31659	2.48	46504	14723	195419	396219	8.52
1963	80-84	0.12070	0.46027	2.42	31781	14628	121195	200800	6.32
1963	85-89	0.18527	0.61611	2.28	17153	10568	57043	79604	4.64
1963	90-94	0.27001	0.75459	2.08	6585	4969	18403	22562	3.43
1963	95-99	0.37516	0.86349	1.88	1616	1395	3720	4159	2.57
1963	100-104	0.49547	0.92999	1.64	221	205	414	439	1.99
1963	105-109	0.61760	0.96459	1.44	15	15	24	25	1.61
1963	110+	0.71267	1.00000	1.4	1	1	1	1	1.40
1964	0	0.02453	0.02401	0.12	100000	2401	97879	6989930	69.90
1964	1-4	0.00083	0.00330	1.67	97599	322	389645	6892051	70.62
1964	5-9	0.00042	0.00212	2.37	97277	206	485843	6502406	66.84
1964	10-14	0.00039	0.00194	2.65	97071	188	484912	6016563	61.98
1964	15-19	0.00079	0.00395	2.83	96883	383	483581	5531651	57.10
1964	20-24	0.00116	0.00581	2.57	96500	560	481140	5048070	52.31
1964	25-29	0.00126	0.00626	2.53	95940	601	478211	4566930	47.60
1964	30-34	0.00177	0.00880	2.61	95338	839	474687	4088718	42.89
1964	35-39	0.00249	0.01237	2.69	94499	1169	469798	3614031	38.24
1964	40-44	0.00370	0.01834	2.66	93330	1712	462640	3144233	33.69
1964	45-49	0.00588	0.02898	2.67	91618	2655	451913	2681593	29.27
1964	50-54	0.00936	0.04581	2.65	88963	4075	435241	2229680	25.06
1964	55-59	0.01427	0.06904	2.63	84888	5860	410561	1794439	21.14
1964	60-64	0.02154	0.10242	2.62	79028	8094	375837	1383879	17.51
1964	65-69	0.03239	0.15019	2.58	70934	10653	328871	1008041	14.21
1964	70-74	0.04928	0.21986	2.55	60280	13253	268938	679170	11.27
1964	75-79	0.07275	0.30707	2.46	47027	14441	198487	410232	8.72
1964	80-84	0.11706	0.45105	2.46	32587	14698	125562	211745	6.50
1964	85-89	0.17815	0.60027	2.28	17889	10738	60276	86183	4.82
1964	90-94	0.25265	0.73143	2.12	7151	5230	20701	25906	3.62
1964	95-99	0.35442	0.84643	1.91	1920	1626	4586	5205	2.71
1964	100-104	0.46859	0.91831	1.69	295	271	578	619	2.10
1964	105-109	0.58725	0.95782	1.48	24	23	39	41	1.69
1964	110+	0.68152	1.00000	1.47	1	1	1	1	1.47
1965	0	0.02334	0.02287	0.11	100000	2287	97972	7014240	70.14
1965	1-4	0.00079	0.00315	1.69	97713	308	390142	6916268	70.78
1965	5-9	0.00036	0.00182	2.28	97406	177	486546	6526126	67.00
1965	10-14	0.00036	0.00178	2.75	97229	173	485753	6039580	62.12
1965	15-19	0.00081	0.00405	2.81	97056	393	484417	5553827	57.22
1965	20-24	0.00105	0.00525	2.62	96663	507	482106	5069409	52.44
1965	25-29	0.00123	0.00615	2.62	96156	591	479371	4587304	47.71
1965	30-34	0.00168	0.00836	2.56	95565	799	475876	4107932	42.99
1965	35-39	0.00245	0.01218	2.67	94766	1154	471135	3632056	38.33
1965	40-44	0.00370	0.01836	2.64	93611	1719	463994	3160921	33.77
1965	45-49	0.00574	0.02833	2.69	91893	2603	453447	2696926	29.35
1965	50-54	0.00920	0.04501	2.67	89289	4019	437083	2243480	25.13
1965	55-59	0.01407	0.06808	2.64	85270	5805	412665	1806397	21.18
1965	60-64	0.02130	0.10131	2.59	79465	8051	377933	1393732	17.54
1965	65-69	0.03219	0.14937	2.59	71414	10667	331341	1015799	14.22
1965	70-74	0.04881	0.21810	2.56	60747	13249	271466	684457	11.27
1965	75-79	0.07338	0.30975	2.49	47498	14713	200504	412991	8.69
1965	80-84	0.11705	0.44951	2.42	32786	14738	125913	212487	6.48
1965	85-89	0.17823	0.59853	2.26	18048	10802	60611	86574	4.80
1965	90-94	0.25754	0.74061	2.13	7246	5366	20837	25963	3.58
1965	95-99	0.35214	0.84428	1.92	1879	1587	4506	5126	2.73
1965	100-104	0.46414	0.91609	1.7	293	268	578	620	2.12
1965	105-109	0.58081	0.95616	1.49	25	23	40	42	1.71
1965	110+	0.67377	1.00000	1.48	1	1	2	2	1.48
1966	0	0.02251	0.02207	0.11	100000	2207	98038	7002070	70.02
1966	1-4	0.00087	0.00346	1.65	97793	338	390380	6904032	70.60
1966	5-9	0.00041	0.00207	2.26	97455	202	486723	6513652	66.84
1966	10-14	0.00037	0.00185	2.71	97253	180	485853	6026930	61.97
1966	15-19	0.00083	0.00415	2.94	97073	403	484535	5541076	57.08
1966	20-24	0.00113	0.00565	2.52	96670	546	481995	5056542	52.31
1966	25-29	0.00137	0.00684	2.55	96124	657	479012	4574546	47.59
1966	30-34	0.00166	0.00827	2.66	95467	789	475489	4095535	42.90
1966	35-39	0.00242	0.01202	2.63	94678	1138	470697	3620045	38.24
1966	40-44	0.00388	0.01921	2.67	93540	1797	463517	3149348	33.67
1966	45-49	0.00592	0.02921	2.63	91743	2680	452368	2685831	29.28
1966	50-54	0.00925	0.04525	2.64	89063	4030	435810	2233463	25.08
1966	55-59	0.01425	0.06893	2.63	85033	5862	411264	1797653	21.14
1966	60-64	0.02161	0.10273	2.6	79171	8133	376307	1386390	17.51
1966	65-69	0.03211	0.14903	2.59	71038	10587	329704	1010083	14.22
1966	70-74	0.04878	0.21804	2.57	60451	13181	270224	680379	11.26
1966	75-79	0.07473	0.31494	2.51	47270	14887	199208	410155	8.68
1966	80-84	0.11717	0.45046	2.43	32383	14587	124493	210946	6.51
1966	85-89	0.17578	0.59484	2.28	17796	10586	60222	86453	4.86
1966	90-94	0.25169	0.72957	2.12	7210	5260	20900	26231	3.64
1966	95-99	0.35111	0.84347	1.92	1950	1645	4684	5331	2.73
1966	100-104	0.46371	0.91596	1.7	305	280	603	647	2.12
1966	105-109	0.58119	0.95630	1.49	26	25	42	44	1.71
1966	110+	0.67487	1.00000	1.48	1	1	2	2	1.48
1967	0	0.02214	0.02171	0.11	100000	2171	98067	7020250	70.20
1967	1-4	0.00080	0.00318	1.65	97829	311	390583	6922182	70.76
1967	5-9	0.00040	0.00198	2.19	97518	193	487047	6531599	66.98
1967	10-14	0.00034	0.00171	2.61	97325	167	486225	6044553	62.11
1967	15-19	0.00084	0.00421	2.98	97158	409	484964	5558328	57.21
1967	20-24	0.00128	0.00640	2.53	96749	619	482217	5073364	52.44
1967	25-29	0.00135	0.00671	2.58	96130	645	479088	4591147	47.76
1967	30-34	0.00178	0.00888	2.62	95485	848	475411	4112059	43.06
1967	35-39	0.00257	0.01277	2.65	94637	1208	470349	3636649	38.43
1967	40-44	0.00383	0.01896	2.65	93429	1772	462979	3166300	33.89
1967	45-49	0.00580	0.02860	2.68	91657	2621	452194	2703321	29.49
1967	50-54	0.00910	0.04455	2.68	89036	3966	435965	2251127	25.28
1967	55-59	0.01396	0.06762	2.68	85070	5752	411976	1815162	21.34
1967	60-64	0.02117	0.10073	2.61	79318	7989	377461	1403186	17.69
1967	65-69	0.03121	0.14509	2.58	71328	10349	331628	1025725	14.38
1967	70-74	0.04827	0.21636	2.6	60979	13193	273294	694096	11.38
1967	75-79	0.07241	0.30690	2.52	47786	14665	202526	420802	8.81
1967	80-84	0.11448	0.44223	2.43	33120	14647	127936	218276	6.59
1967	85-89	0.17459	0.59247	2.29	18474	10945	62691	90340	4.89
1967	90-94	0.24917	0.72701	2.14	7528	5473	21966	27649	3.67
1967	95-99	0.34660	0.83961	1.93	2055	1726	4979	5683	2.77
1967	100-104	0.45942	0.91401	1.71	330	301	656	705	2.14
1967	105-109	0.57780	0.95552	1.5	28	27	47	49	1.72
1967	110+	0.67246	1.00000	1.49	1	1	2	2	1.49
1968	0	0.02126	0.02086	0.11	100000	2086	98137	6993557	69.94
1968	1-4	0.00079	0.00316	1.67	97914	309	390934	6895419	70.42
1968	5-9	0.00041	0.00207	2.21	97604	202	487460	6504485	66.64
1968	10-14	0.00036	0.00181	2.72	97403	176	486612	6017025	61.77
1968	15-19	0.00093	0.00465	2.84	97226	452	485155	5530413	56.88
1968	20-24	0.00131	0.00655	2.46	96774	633	482260	5045258	52.13
1968	25-29	0.00146	0.00727	2.53	96141	699	478974	4562997	47.46
1968	30-34	0.00180	0.00898	2.56	95442	857	475115	4084023	42.79
1968	35-39	0.00266	0.01322	2.64	94584	1250	469966	3608908	38.16
1968	40-44	0.00393	0.01945	2.6	93334	1815	462314	3138941	33.63
1968	45-49	0.00594	0.02930	2.65	91519	2681	451281	2676628	29.25
1968	50-54	0.00939	0.04595	2.63	88837	4082	434495	2225346	25.05
1968	55-59	0.01402	0.06782	2.62	84755	5748	410108	1790852	21.13
1968	60-64	0.02197	0.10434	2.59	79008	8243	375207	1380744	17.48
1968	65-69	0.03206	0.14861	2.55	70764	10516	328069	1005537	14.21
1968	70-74	0.04913	0.21939	2.56	60248	13218	269051	677468	11.24
1968	75-79	0.07464	0.31439	2.49	47030	14785	198099	408417	8.68
1968	80-84	0.11617	0.44777	2.44	32244	14438	124287	210319	6.52
1968	85-89	0.17559	0.59589	2.3	17806	10611	60427	86032	4.83
1968	90-94	0.25878	0.73774	2.09	7196	5309	20514	25605	3.56
1968	95-99	0.35617	0.84807	1.91	1887	1600	4493	5091	2.70
1968	100-104	0.47187	0.91991	1.68	287	264	559	598	2.08
1968	105-109	0.59181	0.95895	1.48	23	22	37	39	1.68
1968	110+	0.68682	1.00000	1.46	1	1	1	1	1.46
1969	0	0.02213	0.02171	0.11	100000	2171	98068	7025617	70.26
1969	1-4	0.00079	0.00316	1.71	97829	309	390612	6927550	70.81
1969	5-9	0.00041	0.00204	2.32	97521	199	487070	6536938	67.03
1969	10-14	0.00037	0.00185	2.74	97322	180	486202	6049868	62.16
1969	15-19	0.00102	0.00509	2.98	97142	494	484713	5563667	57.27
1969	20-24	0.00143	0.00713	2.48	96648	689	481502	5078953	52.55
1969	25-29	0.00139	0.00695	2.54	95959	667	478154	4597451	47.91
1969	30-34	0.00183	0.00910	2.55	95292	867	474333	4119297	43.23
1969	35-39	0.00257	0.01277	2.6	94425	1206	469229	3644964	38.60
1969	40-44	0.00395	0.01957	2.65	93219	1824	461802	3175735	34.07
1969	45-49	0.00577	0.02847	2.66	91395	2602	450891	2713934	29.69
1969	50-54	0.00902	0.04416	2.65	88792	3921	434733	2263042	25.49
1969	55-59	0.01369	0.06632	2.64	84871	5629	411052	1828309	21.54
1969	60-64	0.02052	0.09778	2.61	79243	7748	377677	1417258	17.88
1969	65-69	0.03086	0.14361	2.59	71495	10267	332683	1039581	14.54
1969	70-74	0.04665	0.20959	2.58	61227	12832	275099	706898	11.55
1969	75-79	0.07135	0.30267	2.5	48395	14648	205303	431799	8.92
1969	80-84	0.11203	0.43544	2.44	33747	14695	131172	226496	6.71
1969	85-89	0.16803	0.57799	2.3	19053	11012	65538	95324	5.00
1969	90-94	0.24750	0.72491	2.14	8040	5829	23550	29786	3.70
1969	95-99	0.33914	0.83292	1.95	2212	1842	5432	6235	2.82
1969	100-104	0.45126	0.91004	1.72	370	336	745	803	2.17
1969	105-109	0.56987	0.95352	1.51	33	32	56	58	1.74
1969	110+	0.66522	1.00000	1.5	2	2	2	2	1.50
1970	0	0.02035	0.01998	0.1	100000	1998	98211	7047320	70.47
1970	1-4	0.00076	0.00305	1.71	98002	299	391324	6949109	70.91
1970	5-9	0.00037	0.00184	2.31	97703	179	488033	6557784	67.12
1970	10-14	0.00037	0.00184	2.77	97524	180	487217	6069751	62.24
1970	15-19	0.00101	0.00503	2.89	97344	490	485685	5582535	57.35
1970	20-24	0.00148	0.00737	2.46	96854	713	482458	5096849	52.62
1970	25-29	0.00154	0.00765	2.47	96140	736	478838	4614392	48.00
1970	30-34	0.00176	0.00874	2.64	95405	834	475057	4135554	43.35
1970	35-39	0.00269	0.01337	2.64	94571	1265	469868	3660497	38.71
1970	40-44	0.00383	0.01899	2.65	93306	1772	462369	3190629	34.20
1970	45-49	0.00588	0.02898	2.62	91534	2653	451362	2728260	29.81
1970	50-54	0.00889	0.04354	2.64	88881	3870	435291	2276898	25.62
1970	55-59	0.01355	0.06568	2.65	85011	5583	411912	1841607	21.66
1970	60-64	0.02044	0.09744	2.62	79428	7739	378709	1429695	18.00
1970	65-69	0.03062	0.14250	2.57	71689	10216	333612	1050986	14.66
1970	70-74	0.04623	0.20795	2.59	61473	12783	276501	717374	11.67
1970	75-79	0.07114	0.30228	2.52	48690	14718	206876	440873	9.05
1970	80-84	0.10829	0.42393	2.44	33972	14402	132988	233997	6.89
1970	85-89	0.16130	0.56307	2.32	19570	11019	68316	101009	5.16
1970	90-94	0.23838	0.70837	2.14	8551	6057	25409	32693	3.82
1970	95-99	0.32591	0.82020	1.97	2494	2045	6276	7284	2.92
1970	100-104	0.43524	0.90158	1.75	448	404	929	1008	2.25
1970	105-109	0.55262	0.94877	1.54	44	42	76	79	1.80
1970	110+	0.64794	1.00000	1.54	2	2	3	3	1.54
1971	0	0.01781	0.01753	0.1	100000	1753	98418	7082863	70.83
1971	1-4	0.00079	0.00316	1.69	98247	311	392270	6984445	71.09
1971	5-9	0.00038	0.00192	2.27	97937	188	489170	6592175	67.31
1971	10-14	0.00032	0.00161	2.75	97748	158	488387	6103005	62.44
1971	15-19	0.00104	0.00518	2.86	97591	505	486871	5614618	57.53
1971	20-24	0.00157	0.00784	2.48	97086	761	483510	5127747	52.82
1971	25-29	0.00156	0.00775	2.49	96325	747	479749	4644238	48.21
1971	30-34	0.00182	0.00905	2.57	95578	865	475789	4164489	43.57
1971	35-39	0.00258	0.01281	2.65	94713	1213	470709	3688700	38.95
1971	40-44	0.00377	0.01868	2.67	93500	1747	463432	3217991	34.42
1971	45-49	0.00580	0.02859	2.63	91753	2623	452541	2754558	30.02
1971	50-54	0.00866	0.04242	2.66	89130	3781	436799	2302017	25.83
1971	55-59	0.01310	0.06350	2.61	85349	5420	413795	1865218	21.85
1971	60-64	0.01969	0.09404	2.61	79929	7517	381690	1451422	18.16
1971	65-69	0.02960	0.13806	2.56	72413	9997	337704	1069732	14.77
1971	70-74	0.04492	0.20246	2.56	62415	12636	281306	732028	11.73
1971	75-79	0.07057	0.30017	2.51	49779	14942	211747	450722	9.05
1971	80-84	0.10736	0.42162	2.46	34837	14688	136808	238975	6.86
1971	85-89	0.16638	0.57303	2.28	20149	11546	69394	102167	5.07
1971	90-94	0.23766	0.70826	2.15	8603	6093	25638	32773	3.81
1971	95-99	0.33572	0.83005	1.95	2510	2083	6205	7135	2.84
1971	100-104	0.44990	0.90959	1.73	427	388	862	929	2.18
1971	105-109	0.57105	0.95398	1.51	39	37	64	67	1.74
1971	110+	0.66846	1.00000	1.5	2	2	3	3	1.50
1972	0	0.01698	0.01672	0.1	100000	1672	98487	7109262	71.09
1972	1-4	0.00067	0.00268	1.69	98328	264	392702	7010775	71.30
1972	5-9	0.00038	0.00188	2.25	98064	184	489812	6618072	67.49
1972	10-14	0.00034	0.00170	2.76	97880	167	489024	6128260	62.61
1972	15-19	0.00102	0.00507	2.87	97713	496	487509	5639236	57.71
1972	20-24	0.00157	0.00782	2.46	97217	760	484158	5151727	52.99
1972	25-29	0.00150	0.00746	2.53	96457	719	480506	4667570	48.39
1972	30-34	0.00176	0.00878	2.61	95738	841	476678	4187063	43.73
1972	35-39	0.00252	0.01251	2.59	94897	1187	471623	3710385	39.10
1972	40-44	0.00371	0.01837	2.62	93710	1721	464456	3238761	34.56
1972	45-49	0.00569	0.02806	2.61	91989	2581	453764	2774305	30.16
1972	50-54	0.00835	0.04094	2.63	89407	3661	438368	2320542	25.95
1972	55-59	0.01284	0.06228	2.63	85747	5341	416066	1882173	21.95
1972	60-64	0.01964	0.09374	2.59	80406	7537	383833	1466107	18.23
1972	65-69	0.02947	0.13757	2.59	72869	10025	340161	1082274	14.85
1972	70-74	0.04486	0.20243	2.59	62844	12721	283574	742113	11.81
1972	75-79	0.06932	0.29600	2.53	50123	14836	214023	458539	9.15
1972	80-84	0.10702	0.42030	2.45	35286	14831	138578	244516	6.93
1972	85-89	0.15972	0.55965	2.33	20456	11448	71672	105938	5.18
1972	90-94	0.24006	0.71274	2.15	9008	6420	26744	34265	3.80
1972	95-99	0.32759	0.82201	1.97	2588	2127	6493	7521	2.91
1972	100-104	0.43841	0.90340	1.75	461	416	949	1028	2.23
1972	105-109	0.55701	0.95007	1.53	44	42	76	79	1.78
1972	110+	0.65306	1.00000	1.53	2	2	3	3	1.53
1973	0	0.01693	0.01667	0.1	100000	1667	98492	7146799	71.47
1973	1-4	0.00068	0.00272	1.68	98333	267	392711	7048307	71.68
1973	5-9	0.00038	0.00192	2.29	98066	188	489817	6655596	67.87
1973	10-14	0.00034	0.00168	2.87	97877	164	489034	6165779	63.00
1973	15-19	0.00098	0.00489	2.89	97713	477	487556	5676744	58.10
1973	20-24	0.00150	0.00746	2.49	97235	725	484354	5189189	53.37
1973	25-29	0.00151	0.00750	2.51	96510	724	480747	4704834	48.75
1973	30-34	0.00178	0.00887	2.56	95786	849	476856	4224087	44.10
1973	35-39	0.00240	0.01194	2.66	94937	1134	472027	3747231	39.47
1973	40-44	0.00344	0.01707	2.65	93803	1602	465247	3275204	34.92
1973	45-49	0.00550	0.02715	2.65	92202	2503	455122	2809957	30.48
1973	50-54	0.00810	0.03976	2.64	89698	3566	440074	2354835	26.25
1973	55-59	0.01248	0.06063	2.64	86132	5222	418343	1914761	22.23
1973	60-64	0.01908	0.09122	2.6	80910	7381	386834	1496418	18.49
1973	65-69	0.02852	0.13337	2.58	73529	9807	343898	1109584	15.09
1973	70-74	0.04331	0.19594	2.57	63722	12486	288289	765686	12.02
1973	75-79	0.06649	0.28591	2.55	51237	14649	220327	477397	9.32
1973	80-84	0.10374	0.41091	2.47	36588	15034	144928	257071	7.03
1973	85-89	0.15981	0.55910	2.31	21553	12051	75408	112143	5.20
1973	90-94	0.23369	0.70563	2.19	9503	6705	28694	36735	3.87
1973	95-99	0.33132	0.82612	1.97	2797	2311	6975	8041	2.87
1973	100-104	0.44686	0.90824	1.73	486	442	989	1066	2.19
1973	105-109	0.56998	0.95381	1.51	45	43	75	78	1.74
1973	110+	0.66903	1.00000	1.49	2	2	3	3	1.49
1974	0	0.01671	0.01646	0.09	100000	1646	98510	7194671	71.95
1974	1-4	0.00062	0.00249	1.72	98354	245	392860	7096161	72.15
1974	5-9	0.00035	0.00175	2.3	98110	171	490085	6703300	68.32
1974	10-14	0.00033	0.00164	2.66	97938	160	489315	6213215	63.44
1974	15-19	0.00088	0.00440	2.93	97778	431	487999	5723900	58.54
1974	20-24	0.00141	0.00703	2.55	97347	685	485061	5235901	53.79
1974	25-29	0.00136	0.00679	2.55	96662	656	481702	4750840	49.15
1974	30-34	0.00170	0.00845	2.55	96006	811	478049	4269138	44.47
1974	35-39	0.00224	0.01114	2.65	95195	1061	473481	3791089	39.82
1974	40-44	0.00335	0.01660	2.63	94135	1562	466969	3317609	35.24
1974	45-49	0.00532	0.02627	2.63	92573	2432	457112	2850639	30.79
1974	50-54	0.00785	0.03855	2.6	90141	3475	442380	2393527	26.55
1974	55-59	0.01195	0.05813	2.65	86666	5038	421516	1951147	22.51
1974	60-64	0.01862	0.08911	2.59	81629	7274	390587	1529631	18.74
1974	65-69	0.02757	0.12923	2.58	74355	9609	348509	1139044	15.32
1974	70-74	0.04231	0.19201	2.6	64746	12432	293864	790535	12.21
1974	75-79	0.06364	0.27526	2.55	52314	14400	226273	496670	9.49
1974	80-84	0.10296	0.40841	2.47	37914	15485	150400	270398	7.13
1974	85-89	0.15420	0.54662	2.34	22429	12260	79507	119998	5.35
1974	90-94	0.22607	0.69375	2.22	10169	7055	31206	40491	3.98
1974	95-99	0.31821	0.81269	1.99	3114	2531	7954	9284	2.98
1974	100-104	0.42840	0.89797	1.77	583	524	1223	1331	2.28
1974	105-109	0.54757	0.94743	1.55	60	56	103	108	1.81
1974	110+	0.64466	1.00000	1.55	3	3	5	5	1.55
1975	0	0.01620	0.01597	0.09	100000	1597	98552	7258809	72.59
1975	1-4	0.00061	0.00244	1.7	98403	240	393059	7160257	72.76
1975	5-9	0.00033	0.00163	2.19	98163	160	490364	6767198	68.94
1975	10-14	0.00026	0.00130	2.72	98003	127	489723	6276834	64.05
1975	15-19	0.00080	0.00400	2.93	97875	391	488566	5787111	59.13
1975	20-24	0.00130	0.00646	2.54	97484	630	485867	5298545	54.35
1975	25-29	0.00138	0.00688	2.44	96854	666	482565	4812679	49.69
1975	30-34	0.00160	0.00798	2.57	96187	767	479074	4330114	45.02
1975	35-39	0.00206	0.01024	2.63	95420	977	474788	3851039	40.36
1975	40-44	0.00329	0.01634	2.65	94443	1544	468588	3376252	35.75
1975	45-49	0.00511	0.02525	2.67	92900	2346	459030	2907664	31.30
1975	50-54	0.00769	0.03777	2.65	90554	3420	444746	2448633	27.04
1975	55-59	0.01167	0.05681	2.69	87133	4950	424226	2003887	23.00
1975	60-64	0.01788	0.08577	2.64	82184	7049	394313	1579661	19.22
1975	65-69	0.02648	0.12453	2.61	75134	9356	353351	1185348	15.78
1975	70-74	0.03992	0.18209	2.59	65778	11977	300007	831997	12.65
1975	75-79	0.06084	0.26480	2.55	53801	14246	234167	531990	9.89
1975	80-84	0.09515	0.38333	2.47	39554	15162	159356	297824	7.53
1975	85-89	0.14160	0.51459	2.35	24392	12552	88643	138467	5.68
1975	90-94	0.21250	0.66784	2.22	11840	7907	37211	49824	4.21
1975	95-99	0.29299	0.78456	2.04	3933	3085	10531	12613	3.21
1975	100-104	0.39531	0.87697	1.83	847	743	1880	2083	2.46
1975	105-109	0.50844	0.93425	1.61	104	97	192	203	1.95
1975	110+	0.60205	1.00000	1.66	7	7	11	11	1.66
1976	0	0.01619	0.01596	0.09	100000	1596	98553	7263522	72.64
1976	1-4	0.00057	0.00227	1.67	98404	224	393096	7164969	72.81
1976	5-9	0.00030	0.00151	2.32	98180	148	490505	6771873	68.97
1976	10-14	0.00032	0.00157	2.72	98032	154	489810	6281368	64.07
1976	15-19	0.00079	0.00394	2.88	97878	385	488573	5791558	59.17
1976	20-24	0.00123	0.00615	2.62	97492	600	486032	5302985	54.39
1976	25-29	0.00138	0.00687	2.47	96893	666	482779	4816953	49.71
1976	30-34	0.00148	0.00738	2.58	96227	711	479415	4334174	45.04
1976	35-39	0.00201	0.00998	2.62	95516	953	475311	3854759	40.36
1976	40-44	0.00309	0.01536	2.66	94563	1452	469418	3379448	35.74
1976	45-49	0.00515	0.02546	2.65	93111	2371	459970	2910030	31.25
1976	50-54	0.00743	0.03650	2.62	90740	3312	445806	2450060	27.00
1976	55-59	0.01177	0.05726	2.64	87428	5006	425321	2004253	22.92
1976	60-64	0.01788	0.08574	2.62	82421	7066	395269	1578933	19.16
1976	65-69	0.02659	0.12500	2.61	75355	9419	354233	1183663	15.71
1976	70-74	0.03885	0.17748	2.57	65935	11702	301254	829430	12.58
1976	75-79	0.06090	0.26466	2.53	54233	14353	235694	528176	9.74
1976	80-84	0.09775	0.39270	2.5	39880	15661	160211	292482	7.33
1976	85-89	0.14941	0.53561	2.36	24219	12972	86819	132270	5.46
1976	90-94	0.22129	0.68247	2.19	11247	7676	34686	45451	4.04
1976	95-99	0.31388	0.80856	2	3571	2888	9199	10766	3.01
1976	100-104	0.42622	0.89700	1.77	684	613	1439	1566	2.29
1976	105-109	0.54815	0.94777	1.55	70	67	122	127	1.81
1976	110+	0.64751	1.00000	1.54	4	4	6	6	1.54
1977	0	0.01481	0.01461	0.09	100000	1461	98669	7305057	73.05
1977	1-4	0.00062	0.00249	1.69	98539	245	393589	7206388	73.13
1977	5-9	0.00030	0.00151	2.32	98293	148	491070	6812798	69.31
1977	10-14	0.00032	0.00158	2.66	98145	155	490362	6321728	64.41
1977	15-19	0.00081	0.00405	2.92	97990	397	489124	5831366	59.51
1977	20-24	0.00121	0.00604	2.51	97593	590	486496	5342242	54.74
1977	25-29	0.00131	0.00653	2.53	97003	634	483452	4855746	50.06
1977	30-34	0.00147	0.00732	2.62	96369	705	480168	4372294	45.37
1977	35-39	0.00207	0.01032	2.61	95664	987	475965	3892125	40.69
1977	40-44	0.00311	0.01542	2.68	94677	1460	470003	3416160	36.08
1977	45-49	0.00495	0.02449	2.68	93217	2283	460788	2946157	31.61
1977	50-54	0.00733	0.03602	2.62	90935	3276	446867	2485369	27.33
1977	55-59	0.01130	0.05503	2.62	87659	4824	426793	2038502	23.25
1977	60-64	0.01743	0.08366	2.61	82835	6930	397636	1611709	19.46
1977	65-69	0.02550	0.12019	2.62	75905	9123	357778	1214073	15.99
1977	70-74	0.03820	0.17480	2.58	66782	11674	305607	856295	12.82
1977	75-79	0.05893	0.25755	2.56	55108	14193	240842	550689	9.99
1977	80-84	0.09377	0.37972	2.5	40915	15536	165683	309847	7.57
1977	85-89	0.14191	0.51678	2.37	25379	13115	92422	144164	5.68
1977	90-94	0.21042	0.66269	2.21	12264	8127	38623	51741	4.22
1977	95-99	0.29630	0.78892	2.04	4137	3263	11014	13119	3.17
1977	100-104	0.40351	0.88294	1.82	873	771	1911	2104	2.41
1977	105-109	0.52225	0.93949	1.59	102	96	184	194	1.90
1977	110+	0.62037	1.00000	1.61	6	6	10	10	1.61
1978	0	0.01405	0.01387	0.09	100000	1387	98734	7336463	73.36
1978	1-4	0.00057	0.00228	1.66	98613	225	393926	7237729	73.40
1978	5-9	0.00029	0.00147	2.29	98388	144	491550	6843804	69.56
1978	10-14	0.00030	0.00148	2.72	98244	146	490887	6352254	64.66
1978	15-19	0.00080	0.00399	2.88	98098	391	489662	5861367	59.75
1978	20-24	0.00117	0.00584	2.48	97707	570	487095	5371705	54.98
1978	25-29	0.00129	0.00642	2.55	97136	623	484158	4884610	50.29
1978	30-34	0.00140	0.00699	2.57	96513	675	480928	4400452	45.59
1978	35-39	0.00195	0.00970	2.68	95839	930	477032	3919524	40.90
1978	40-44	0.00297	0.01474	2.65	94909	1399	471250	3442491	36.27
1978	45-49	0.00472	0.02334	2.65	93509	2182	462411	2971241	31.77
1978	50-54	0.00754	0.03704	2.65	91327	3383	448691	2508830	27.47
1978	55-59	0.01107	0.05393	2.62	87944	4743	428426	2060140	23.43
1978	60-64	0.01719	0.08259	2.62	83202	6872	399660	1631714	19.61
1978	65-69	0.02504	0.11807	2.58	76330	9012	359860	1232054	16.14
1978	70-74	0.03761	0.17243	2.59	67318	11608	308642	872193	12.96
1978	75-79	0.05621	0.24682	2.53	55710	13751	244647	563551	10.12
1978	80-84	0.09292	0.37637	2.48	41960	15792	169957	318904	7.60
1978	85-89	0.14063	0.51302	2.36	26167	13424	95462	148947	5.69
1978	90-94	0.21135	0.66585	2.22	12743	8485	40146	53485	4.20
1978	95-99	0.30032	0.79374	2.03	4258	3380	11254	13339	3.13
1978	100-104	0.41008	0.88731	1.8	878	779	1900	2085	2.37
1978	105-109	0.53103	0.94251	1.58	99	93	176	185	1.87
1978	110+	0.63054	1.00000	1.59	6	6	9	9	1.59
1979	0	0.01379	0.01362	0.09	100000	1362	98756	7373023	73.73
1979	1-4	0.00055	0.00218	1.72	98638	215	394060	7274267	73.75
1979	5-9	0.00029	0.00145	2.27	98423	143	491724	6880207	69.90
1979	10-14	0.00023	0.00116	2.83	98280	114	491152	6388483	65.00
1979	15-19	0.00082	0.00409	2.89	98166	402	489984	5897331	60.08
1979	20-24	0.00120	0.00598	2.51	97765	585	487366	5407347	55.31
1979	25-29	0.00131	0.00652	2.54	97180	633	484340	4919981	50.63
1979	30-34	0.00138	0.00687	2.5	96547	664	481078	4435641	45.94
1979	35-39	0.00192	0.00953	2.59	95883	914	477214	3954563	41.24
1979	40-44	0.00291	0.01447	2.68	94969	1374	471659	3477348	36.62
1979	45-49	0.00467	0.02309	2.64	93595	2161	462873	3005689	32.11
1979	50-54	0.00716	0.03519	2.65	91434	3217	449625	2542816	27.81
1979	55-59	0.01068	0.05210	2.65	88217	4596	430291	2093191	23.73
1979	60-64	0.01645	0.07919	2.66	83621	6622	402598	1662900	19.89
1979	65-69	0.02430	0.11483	2.61	76999	8842	363889	1260302	16.37
1979	70-74	0.03704	0.16999	2.59	68157	11586	312839	896413	13.15
1979	75-79	0.05472	0.24108	2.54	56571	13638	249255	583575	10.32
1979	80-84	0.08999	0.36668	2.48	42933	15743	174937	334320	7.79
1979	85-89	0.13558	0.49990	2.37	27191	13593	100255	159382	5.86
1979	90-94	0.20300	0.65081	2.24	13598	8850	43595	59127	4.35
1979	95-99	0.28603	0.77655	2.06	4748	3687	12891	15532	3.27
1979	100-104	0.38960	0.87333	1.84	1061	927	2378	2642	2.49
1979	105-109	0.50518	0.93326	1.62	134	125	248	263	1.96
1979	110+	0.60120	1.00000	1.66	9	9	15	15	1.66
1980	0	0.01259	0.01244	0.08	100000	1244	98859	7339560	73.40
1980	1-4	0.00055	0.00221	1.71	98756	218	394524	7240700	73.32
1980	5-9	0.00027	0.00137	2.39	98538	135	492339	6846176	69.48
1980	10-14	0.00026	0.00130	2.6	98403	128	491709	6353838	64.57
1980	15-19	0.00081	0.00403	2.9	98275	396	490544	5862128	59.65
1980	20-24	0.00124	0.00618	2.49	97879	604	487879	5371585	54.88
1980	25-29	0.00136	0.00676	2.54	97274	657	484756	4883706	50.21
1980	30-34	0.00155	0.00770	2.57	96617	744	481279	4398950	45.53
1980	35-39	0.00192	0.00957	2.63	95873	917	477190	3917671	40.86
1980	40-44	0.00303	0.01502	2.64	94956	1426	471415	3440481	36.23
1980	45-49	0.00471	0.02327	2.63	93530	2176	462484	2969065	31.74
1980	50-54	0.00725	0.03565	2.64	91354	3257	449077	2506582	27.44
1980	55-59	0.01092	0.05321	2.64	88097	4687	429401	2057505	23.36
1980	60-64	0.01697	0.08157	2.64	83410	6803	401003	1628104	19.52
1980	65-69	0.02538	0.11962	2.6	76606	9163	361012	1227102	16.02
1980	70-74	0.03791	0.17367	2.59	67443	11713	308949	866090	12.84
1980	75-79	0.05683	0.24916	2.53	55730	13885	244341	557140	10.00
1980	80-84	0.09536	0.38491	2.5	41844	16106	168893	312799	7.48
1980	85-89	0.14360	0.52038	2.36	25738	13393	93267	143906	5.59
1980	90-94	0.21787	0.67817	2.22	12344	8372	38424	50640	4.10
1980	95-99	0.30697	0.80102	2.02	3973	3182	10367	12215	3.07
1980	100-104	0.41702	0.89147	1.79	791	705	1690	1848	2.34
1980	105-109	0.53718	0.94437	1.57	86	81	151	158	1.85
1980	110+	0.63558	1.00000	1.57	5	5	8	8	1.57
1981	0	0.01251	0.01237	0.08	100000	1237	98865	7380590	73.81
1981	1-4	0.00054	0.00215	1.7	98763	212	394562	7281725	73.73
1981	5-9	0.00027	0.00135	2.33	98550	133	492397	6887163	69.88
1981	10-14	0.00026	0.00130	2.81	98417	128	491806	6394765	64.98
1981	15-19	0.00077	0.00383	2.92	98289	376	490663	5902960	60.06
1981	20-24	0.00116	0.00581	2.56	97913	569	488178	5412297	55.28
1981	25-29	0.00139	0.00690	2.54	97344	672	485071	4924119	50.58
1981	30-34	0.00153	0.00763	2.6	96672	737	481588	4439048	45.92
1981	35-39	0.00193	0.00960	2.62	95935	921	477481	3957459	41.25
1981	40-44	0.00287	0.01427	2.64	95014	1356	471867	3479978	36.63
1981	45-49	0.00460	0.02276	2.65	93658	2131	463290	3008111	32.12
1981	50-54	0.00701	0.03446	2.63	91527	3154	450148	2544821	27.80
1981	55-59	0.01070	0.05216	2.63	88373	4610	430920	2094673	23.70
1981	60-64	0.01625	0.07822	2.62	83763	6552	403250	1663752	19.86
1981	65-69	0.02473	0.11666	2.58	77211	9007	364259	1260502	16.33
1981	70-74	0.03669	0.16855	2.59	68204	11495	313290	896243	13.14
1981	75-79	0.05396	0.23800	2.52	56708	13496	250105	582954	10.28
1981	80-84	0.09058	0.36815	2.46	43212	15908	175635	332848	7.70
1981	85-89	0.13903	0.50928	2.37	27304	13905	100015	157213	5.76
1981	90-94	0.20695	0.65864	2.24	13399	8825	42643	57198	4.27
1981	95-99	0.29498	0.78753	2.04	4574	3602	12211	14555	3.18
1981	100-104	0.40299	0.88269	1.82	972	858	2128	2345	2.41
1981	105-109	0.52256	0.93965	1.59	114	107	205	216	1.90
1981	110+	0.62129	1.00000	1.61	7	7	11	11	1.61
1982	0	0.01240	0.01226	0.08	100000	1226	98875	7403798	74.04
1982	1-4	0.00056	0.00222	1.67	98774	219	394584	7304923	73.96
1982	5-9	0.00027	0.00136	2.32	98554	134	492412	6910339	70.12
1982	10-14	0.00027	0.00134	2.63	98420	132	491789	6417927	65.21
1982	15-19	0.00074	0.00367	2.89	98288	361	490680	5926138	60.29
1982	20-24	0.00106	0.00531	2.55	97927	520	488366	5435458	55.50
1982	25-29	0.00126	0.00630	2.55	97408	614	485534	4947093	50.79
1982	30-34	0.00150	0.00748	2.51	96794	724	482166	4461558	46.09
1982	35-39	0.00191	0.00949	2.66	96070	912	478219	3979393	41.42
1982	40-44	0.00281	0.01397	2.65	95158	1329	472667	3501174	36.79
1982	45-49	0.00441	0.02184	2.7	93829	2049	464433	3028506	32.28
1982	50-54	0.00683	0.03361	2.66	91780	3084	451671	2564073	27.94
1982	55-59	0.01056	0.05150	2.64	88695	4568	432675	2112402	23.82
1982	60-64	0.01624	0.07820	2.64	84127	6579	405094	1679727	19.97
1982	65-69	0.02412	0.11402	2.61	77549	8842	366650	1274632	16.44
1982	70-74	0.03633	0.16698	2.59	68707	11473	315829	907982	13.22
1982	75-79	0.05427	0.23946	2.55	57234	13705	252530	592153	10.35
1982	80-84	0.09020	0.36802	2.5	43529	16019	177593	339623	7.80
1982	85-89	0.13552	0.50001	2.38	27509	13755	101500	162030	5.89
1982	90-94	0.19940	0.64501	2.26	13754	8872	44493	60530	4.40
1982	95-99	0.28468	0.77489	2.06	4883	3784	13291	16037	3.28
1982	100-104	0.38799	0.87221	1.84	1099	959	2471	2747	2.50
1982	105-109	0.50363	0.93271	1.62	140	131	260	276	1.96
1982	110+	0.59989	1.00000	1.67	9	9	16	16	1.67
1983	0	0.01178	0.01165	0.08	100000	1165	98929	7406624	74.07
1983	1-4	0.00053	0.00211	1.62	98835	209	394844	7307695	73.94
1983	5-9	0.00024	0.00119	2.31	98627	118	492817	6912851	70.09
1983	10-14	0.00027	0.00135	2.85	98509	133	492260	6420034	65.17
1983	15-19	0.00069	0.00344	2.93	98376	338	491179	5927775	60.26
1983	20-24	0.00101	0.00505	2.59	98038	495	488994	5436596	55.45
1983	25-29	0.00133	0.00662	2.59	97543	646	486159	4947602	50.72
1983	30-34	0.00155	0.00772	2.57	96897	748	482665	4461442	46.04
1983	35-39	0.00196	0.00977	2.59	96149	939	478482	3978777	41.38
1983	40-44	0.00284	0.01412	2.63	95210	1344	472863	3500294	36.76
1983	45-49	0.00433	0.02145	2.67	93865	2013	464634	3027431	32.25
1983	50-54	0.00703	0.03456	2.63	91852	3175	451738	2562798	27.90
1983	55-59	0.01056	0.05152	2.62	88677	4569	432524	2111060	23.81
1983	60-64	0.01606	0.07738	2.63	84109	6508	405129	1678535	19.96
1983	65-69	0.02383	0.11275	2.61	77600	8750	367104	1273406	16.41
1983	70-74	0.03668	0.16840	2.57	68851	11594	316094	906302	13.16
1983	75-79	0.05441	0.23998	2.54	57256	13741	252541	590208	10.31
1983	80-84	0.08932	0.36492	2.49	43516	15880	177783	337667	7.76
1983	85-89	0.13723	0.50506	2.39	27636	13958	101716	159884	5.79
1983	90-94	0.20723	0.66095	2.26	13678	9041	43624	58169	4.25
1983	95-99	0.29960	0.79329	2.03	4638	3679	12279	14544	3.14
1983	100-104	0.41208	0.88886	1.8	959	852	2068	2265	2.36
1983	105-109	0.53603	0.94428	1.57	107	101	188	197	1.85
1983	110+	0.63782	1.00000	1.57	6	6	9	9	1.57
1984	0	0.01130	0.01118	0.08	100000	1118	98971	7413332	74.13
1984	1-4	0.00046	0.00183	1.59	98882	181	395091	7314361	73.97
1984	5-9	0.00022	0.00110	2.36	98701	108	493219	6919270	70.10
1984	10-14	0.00025	0.00125	2.73	98593	123	492685	6426052	65.18
1984	15-19	0.00068	0.00340	2.83	98470	335	491621	5933367	60.26
1984	20-24	0.00102	0.00510	2.56	98135	501	489454	5441745	55.45
1984	25-29	0.00129	0.00642	2.6	97634	627	486665	4952291	50.72
1984	30-34	0.00167	0.00833	2.58	97008	808	483083	4465626	46.03
1984	35-39	0.00206	0.01024	2.57	96200	985	478608	3982543	41.40
1984	40-44	0.00297	0.01473	2.63	95215	1402	472749	3503935	36.80
1984	45-49	0.00443	0.02193	2.66	93813	2057	464259	3031185	32.31
1984	50-54	0.00691	0.03401	2.61	91756	3120	451326	2566926	27.98
1984	55-59	0.01042	0.05085	2.67	88636	4507	432667	2115600	23.87
1984	60-64	0.01604	0.07726	2.61	84129	6500	405109	1682933	20.00
1984	65-69	0.02398	0.11342	2.62	77629	8805	367185	1277824	16.46
1984	70-74	0.03601	0.16567	2.59	68824	11402	316664	910639	13.23
1984	75-79	0.05395	0.23832	2.56	57422	13685	253666	593975	10.34
1984	80-84	0.08870	0.36320	2.51	43737	15885	179080	340309	7.78
1984	85-89	0.13678	0.50518	2.41	27852	14070	102871	161229	5.79
1984	90-94	0.20779	0.65844	2.22	13782	9074	43671	58358	4.23
1984	95-99	0.30127	0.79532	2.03	4707	3744	12427	14687	3.12
1984	100-104	0.41520	0.89088	1.8	963	858	2067	2260	2.35
1984	105-109	0.54040	0.94570	1.56	105	99	184	193	1.83
1984	110+	0.64298	1.00000	1.56	6	6	9	9	1.56
1985	0	0.01123	0.01112	0.08	100000	1112	98977	7408059	74.08
1985	1-4	0.00047	0.00187	1.72	98888	185	395132	7309083	73.91
1985	5-9	0.00023	0.00117	2.24	98703	116	493197	6913951	70.05
1985	10-14	0.00024	0.00121	2.73	98588	119	492669	6420754	65.13
1985	15-19	0.00064	0.00320	2.9	98469	316	491680	5928085	60.20
1985	20-24	0.00096	0.00480	2.59	98153	471	489630	5436405	55.39
1985	25-29	0.00133	0.00664	2.67	97682	649	486896	4946774	50.64
1985	30-34	0.00190	0.00947	2.58	97033	919	482944	4459878	45.96
1985	35-39	0.00228	0.01136	2.54	96114	1091	477886	3976933	41.38
1985	40-44	0.00313	0.01553	2.61	95023	1475	471584	3499048	36.82
1985	45-49	0.00450	0.02226	2.65	93547	2082	462852	3027464	32.36
1985	50-54	0.00689	0.03391	2.65	91465	3101	450039	2564612	28.04
1985	55-59	0.01040	0.05076	2.66	88364	4485	431334	2114573	23.93
1985	60-64	0.01584	0.07634	2.63	83878	6403	404221	1683239	20.07
1985	65-69	0.02361	0.11168	2.59	77475	8653	366482	1279018	16.51
1985	70-74	0.03594	0.16528	2.57	68823	11375	316515	912537	13.26
1985	75-79	0.05320	0.23535	2.55	57448	13520	254118	596021	10.38
1985	80-84	0.08896	0.36431	2.52	43927	16003	179891	341904	7.78
1985	85-89	0.13678	0.50337	2.38	27924	14056	102768	162013	5.80
1985	90-94	0.20590	0.65798	2.26	13868	9125	44317	59245	4.27
1985	95-99	0.29833	0.79191	2.04	4743	3756	12591	14927	3.15
1985	100-104	0.41110	0.88832	1.8	987	877	2133	2337	2.37
1985	105-109	0.53566	0.94422	1.57	110	104	194	204	1.85
1985	110+	0.63810	1.00000	1.57	6	6	10	10	1.57
1986	0	0.01115	0.01104	0.08	100000	1104	98983	7397271	73.97
1986	1-4	0.00050	0.00199	1.65	98896	197	395119	7298288	73.80
1986	5-9	0.00022	0.00109	2.51	98699	108	493225	6903169	69.94
1986	10-14	0.00027	0.00135	2.6	98591	133	492634	6409944	65.02
1986	15-19	0.00067	0.00337	2.88	98457	331	491586	5917309	60.10
1986	20-24	0.00112	0.00561	2.59	98126	550	489305	5425724	55.29
1986	25-29	0.00146	0.00727	2.61	97576	709	486185	4936419	50.59
1986	30-34	0.00214	0.01062	2.59	96867	1029	481854	4450234	45.94
1986	35-39	0.00259	0.01285	2.54	95837	1231	476155	3968380	41.41
1986	40-44	0.00326	0.01620	2.63	94606	1532	469403	3492225	36.91
1986	45-49	0.00447	0.02212	2.63	93074	2059	460484	3022822	32.48
1986	50-54	0.00673	0.03313	2.6	91015	3015	447845	2562338	28.15
1986	55-59	0.01000	0.04887	2.65	88000	4300	429876	2114493	24.03
1986	60-64	0.01570	0.07563	2.6	83700	6330	403325	1684617	20.13
1986	65-69	0.02360	0.11173	2.61	77369	8644	366223	1281291	16.56
1986	70-74	0.03571	0.16434	2.58	68725	11294	316320	915069	13.31
1986	75-79	0.05268	0.23310	2.53	57431	13387	254110	598748	10.43
1986	80-84	0.08786	0.35992	2.49	44043	15852	180418	344639	7.82
1986	85-89	0.13487	0.49855	2.39	28191	14055	104206	164221	5.83
1986	90-94	0.20722	0.65902	2.24	14137	9316	44958	60015	4.25
1986	95-99	0.30055	0.79482	2.04	4820	3831	12748	15057	3.12
1986	100-104	0.41706	0.89233	1.79	989	883	2116	2310	2.34
1986	105-109	0.54565	0.94749	1.56	106	101	185	194	1.82
1986	110+	0.65100	1.00000	1.54	6	6	9	9	1.54
1987	0	0.01128	0.01117	0.08	100000	1117	98972	7398612	73.99
1987	1-4	0.00046	0.00184	1.71	98883	182	395117	7299640	73.82
1987	5-9	0.00022	0.00110	2.31	98702	108	493217	6904523	69.95
1987	10-14	0.00024	0.00118	2.92	98593	116	492725	6411306	65.03
1987	15-19	0.00070	0.00349	2.87	98477	344	491652	5918581	60.10
1987	20-24	0.00117	0.00583	2.55	98133	572	489263	5426929	55.30
1987	25-29	0.00153	0.00762	2.65	97561	743	486060	4937666	50.61
1987	30-34	0.00222	0.01106	2.58	96817	1071	481495	4451607	45.98
1987	35-39	0.00285	0.01414	2.51	95747	1354	475368	3970112	41.46
1987	40-44	0.00326	0.01618	2.59	94393	1527	468287	3494744	37.02
1987	45-49	0.00453	0.02242	2.6	92865	2082	459330	3026457	32.59
1987	50-54	0.00683	0.03363	2.62	90784	3053	446639	2567126	28.28
1987	55-59	0.01009	0.04927	2.64	87731	4322	428448	2120487	24.17
1987	60-64	0.01549	0.07468	2.62	83409	6229	402203	1692039	20.29
1987	65-69	0.02310	0.10942	2.6	77180	8445	365632	1289836	16.71
1987	70-74	0.03518	0.16215	2.59	68735	11145	316772	924204	13.45
1987	75-79	0.05122	0.22765	2.56	57590	13110	255947	607433	10.55
1987	80-84	0.08615	0.35448	2.5	44480	15767	183013	351485	7.90
1987	85-89	0.13372	0.49640	2.41	28713	14253	106588	168472	5.87
1987	90-94	0.20427	0.65467	2.26	14460	9466	46342	61885	4.28
1987	95-99	0.30166	0.79624	2.04	4993	3976	13180	15543	3.11
1987	100-104	0.41951	0.89389	1.79	1017	909	2168	2363	2.32
1987	105-109	0.54905	0.94853	1.55	108	102	187	195	1.81
1987	110+	0.65485	1.00000	1.53	6	6	8	8	1.53
1988	0	0.01145	0.01133	0.08	100000	1133	98958	7387825	73.88
1988	1-4	0.00046	0.00184	1.56	98867	182	395025	7288867	73.72
1988	5-9	0.00024	0.00120	2.39	98685	118	493117	6893842	69.86
1988	10-14	0.00023	0.00115	2.93	98567	113	492598	6400726	64.94
1988	15-19	0.00077	0.00383	2.9	98453	377	491475	5908127	60.01
1988	20-24	0.00118	0.00588	2.56	98077	577	488973	5416653	55.23
1988	25-29	0.00149	0.00744	2.58	97500	725	485748	4927679	50.54
1988	30-34	0.00226	0.01123	2.6	96775	1086	481265	4441931	45.90
1988	35-39	0.00298	0.01479	2.51	95688	1415	474924	3960667	41.39
1988	40-44	0.00339	0.01683	2.58	94273	1587	467523	3485743	36.98
1988	45-49	0.00458	0.02267	2.58	92686	2101	458354	3018220	32.56
1988	50-54	0.00686	0.03373	2.62	90585	3055	445662	2559866	28.26
1988	55-59	0.01000	0.04885	2.6	87530	4275	427408	2114204	24.15
1988	60-64	0.01539	0.07424	2.62	83255	6181	401545	1686796	20.26
1988	65-69	0.02287	0.10841	2.6	77074	8355	365284	1285252	16.68
1988	70-74	0.03512	0.16192	2.6	68718	11127	316838	919968	13.39
1988	75-79	0.05120	0.22759	2.56	57591	13107	255977	603131	10.47
1988	80-84	0.08716	0.35853	2.53	44484	15949	182986	347154	7.80
1988	85-89	0.13771	0.50816	2.42	28535	14500	105295	164167	5.75
1988	90-94	0.20868	0.66358	2.26	14035	9313	44630	58872	4.19
1988	95-99	0.31263	0.80850	2.01	4722	3817	12210	14242	3.02
1988	100-104	0.43480	0.90279	1.76	904	816	1877	2031	2.25
1988	105-109	0.56714	0.95362	1.52	88	84	148	154	1.75
1988	110+	0.67392	1.00000	1.48	4	4	6	6	1.48
1989	0	0.01144	0.01132	0.08	100000	1132	98959	7422421	74.22
1989	1-4	0.00047	0.00186	1.66	98868	184	395043	7323463	74.07
1989	5-9	0.00024	0.00119	2.43	98684	117	493120	6928420	70.21
1989	10-14	0.00024	0.00121	2.82	98567	119	492576	6435300	65.29
1989	15-19	0.00068	0.00342	2.81	98448	337	491502	5942724	60.36
1989	20-24	0.00113	0.00564	2.58	98111	553	489216	5451222	55.56
1989	25-29	0.00152	0.00757	2.55	97558	738	485979	4962006	50.86
1989	30-34	0.00231	0.01151	2.62	96820	1114	481452	4476027	46.23
1989	35-39	0.00306	0.01521	2.53	95706	1455	474938	3994576	41.74
1989	40-44	0.00343	0.01699	2.53	94250	1602	467298	3519638	37.34
1989	45-49	0.00456	0.02257	2.55	92648	2091	458123	3052340	32.95
1989	50-54	0.00664	0.03267	2.63	90557	2958	445764	2594217	28.65
1989	55-59	0.00968	0.04730	2.63	87599	4144	428183	2148453	24.53
1989	60-64	0.01478	0.07137	2.61	83455	5956	403043	1720271	20.61
1989	65-69	0.02217	0.10527	2.61	77499	8159	367982	1317228	17.00
1989	70-74	0.03333	0.15430	2.6	69341	10699	320981	949246	13.69
1989	75-79	0.04990	0.22250	2.57	58642	13048	261470	628265	10.71
1989	80-84	0.08380	0.34652	2.5	45594	15800	188539	366795	8.04
1989	85-89	0.12998	0.48774	2.44	29795	14532	111801	178256	5.98
1989	90-94	0.19942	0.64556	2.27	15263	9853	49409	66455	4.35
1989	95-99	0.29728	0.79141	2.05	5410	4281	14402	17046	3.15
1989	100-104	0.41540	0.89154	1.8	1128	1006	2422	2644	2.34
1989	105-109	0.54583	0.94766	1.56	122	116	212	222	1.82
1989	110+	0.65258	1.00000	1.53	6	6	10	10	1.53
1990	0	0.01055	0.01045	0.08	100000	1045	99036	7458769	74.59
1990	1-4	0.00045	0.00180	1.59	98955	178	395391	7359733	74.37
1990	5-9	0.00021	0.00105	2.32	98777	104	493608	6964342	70.51
1990	10-14	0.00024	0.00118	2.85	98673	117	493116	6470734	65.58
1990	15-19	0.00078	0.00390	2.9	98557	384	491977	5977618	60.65
1990	20-24	0.00112	0.00560	2.52	98173	550	489502	5485641	55.88
1990	25-29	0.00150	0.00747	2.58	97623	729	486354	4996139	51.18
1990	30-34	0.00209	0.01041	2.58	96894	1008	482031	4509785	46.54
1990	35-39	0.00296	0.01470	2.55	95886	1409	475971	4027754	42.01
1990	40-44	0.00338	0.01675	2.53	94476	1582	468478	3551783	37.59
1990	45-49	0.00446	0.02205	2.62	92894	2049	459590	3083305	33.19
1990	50-54	0.00633	0.03117	2.61	90845	2832	447449	2623714	28.88
1990	55-59	0.00938	0.04586	2.63	88014	4037	430517	2176266	24.73
1990	60-64	0.01451	0.07014	2.63	83977	5890	405944	1745749	20.79
1990	65-69	0.02171	0.10312	2.58	78087	8052	370935	1339805	17.16
1990	70-74	0.03268	0.15146	2.59	70034	10607	324563	968870	13.83
1990	75-79	0.04955	0.22080	2.54	59427	13122	264827	644307	10.84
1990	80-84	0.08099	0.33717	2.52	46306	15613	192779	379480	8.20
1990	85-89	0.12597	0.47533	2.42	30693	14589	115812	186701	6.08
1990	90-94	0.19723	0.64192	2.28	16104	10337	52411	70889	4.40
1990	95-99	0.29142	0.78464	2.06	5766	4525	15526	18478	3.20
1990	100-104	0.40886	0.88755	1.81	1242	1102	2696	2952	2.38
1990	105-109	0.53934	0.94574	1.57	140	132	245	257	1.84
1990	110+	0.64655	1.00000	1.55	8	8	12	12	1.55
1991	0	0.01001	0.00991	0.08	100000	991	99084	7481567	74.82
1991	1-4	0.00048	0.00193	1.56	99009	191	395568	7382483	74.56
1991	5-9	0.00022	0.00109	2.44	98818	108	493811	6986915	70.71
1991	10-14	0.00023	0.00114	2.7	98710	113	493288	6493104	65.78
1991	15-19	0.00078	0.00388	2.83	98597	382	492155	5999816	60.85
1991	20-24	0.00112	0.00557	2.56	98214	547	489736	5507661	56.08
1991	25-29	0.00143	0.00715	2.63	97668	698	486683	5017925	51.38
1991	30-34	0.00207	0.01028	2.62	96970	997	482472	4531242	46.73
1991	35-39	0.00295	0.01463	2.6	95973	1404	476487	4048770	42.19
1991	40-44	0.00362	0.01793	2.54	94568	1696	468668	3572283	37.77
1991	45-49	0.00436	0.02156	2.61	92873	2002	459582	3103614	33.42
1991	50-54	0.00621	0.03061	2.64	90871	2782	447778	2644032	29.10
1991	55-59	0.00937	0.04586	2.66	88089	4040	431001	2196255	24.93
1991	60-64	0.01388	0.06718	2.61	84049	5646	406761	1765254	21.00
1991	65-69	0.02142	0.10185	2.59	78403	7985	372789	1358492	17.33
1991	70-74	0.03216	0.14931	2.61	70418	10514	326963	985703	14.00
1991	75-79	0.04751	0.21281	2.55	59904	12748	268345	658740	11.00
1991	80-84	0.07921	0.33105	2.52	47155	15611	197082	390395	8.28
1991	85-89	0.12481	0.47291	2.44	31545	14918	119524	193313	6.13
1991	90-94	0.19454	0.63582	2.28	16627	10572	54341	73789	4.44
1991	95-99	0.29053	0.78373	2.06	6055	4746	16334	19448	3.21
1991	100-104	0.40878	0.88759	1.81	1310	1162	2843	3114	2.38
1991	105-109	0.54011	0.94603	1.57	147	139	258	270	1.83
1991	110+	0.64794	1.00000	1.54	8	8	12	12	1.54
1992	0	0.00904	0.00896	0.07	100000	896	99170	7510325	75.10
1992	1-4	0.00041	0.00165	1.58	99104	164	396020	7411155	74.78
1992	5-9	0.00020	0.00099	2.49	98940	98	494456	7015136	70.90
1992	10-14	0.00020	0.00100	2.92	98842	99	494006	6520680	65.97
1992	15-19	0.00071	0.00352	2.78	98743	348	492944	6026674	61.03
1992	20-24	0.00106	0.00526	2.57	98395	518	490715	5533729	56.24
1992	25-29	0.00139	0.00694	2.58	97877	680	487740	5043015	51.52
1992	30-34	0.00201	0.01001	2.66	97198	973	483711	4555275	46.87
1992	35-39	0.00288	0.01431	2.65	96225	1377	477883	4071564	42.31
1992	40-44	0.00370	0.01834	2.5	94847	1740	469896	3593681	37.89
1992	45-49	0.00453	0.02238	2.59	93108	2084	460522	3123785	33.55
1992	50-54	0.00610	0.03004	2.61	91023	2735	448576	2663263	29.26
1992	55-59	0.00930	0.04553	2.66	88289	4020	432054	2214687	25.08
1992	60-64	0.01378	0.06669	2.61	84269	5620	407935	1782633	21.15
1992	65-69	0.02101	0.10005	2.63	78650	7869	374567	1374699	17.48
1992	70-74	0.03126	0.14544	2.61	70781	10295	329298	1000132	14.13
1992	75-79	0.04733	0.21224	2.57	60486	12837	271228	670834	11.09
1992	80-84	0.07755	0.32497	2.51	47649	15484	199665	399606	8.39
1992	85-89	0.12199	0.46458	2.43	32165	14943	122489	199941	6.22
1992	90-94	0.19180	0.63058	2.28	17222	10860	56620	77452	4.50
1992	95-99	0.28400	0.77579	2.08	6362	4936	17379	20832	3.27
1992	100-104	0.40070	0.88238	1.83	1426	1259	3141	3454	2.42
1992	105-109	0.53138	0.94331	1.58	168	158	298	313	1.86
1992	110+	0.63930	1.00000	1.56	10	10	15	15	1.56
1993	0	0.00887	0.00880	0.07	100000	880	99184	7497370	74.97
1993	1-4	0.00041	0.00163	1.68	99120	162	396106	7398185	74.64
1993	5-9	0.00020	0.00101	2.49	98958	100	494540	7002080	70.76
1993	10-14	0.00024	0.00121	2.91	98858	119	494040	6507540	65.83
1993	15-19	0.00069	0.00344	2.89	98739	340	492976	6013499	60.90
1993	20-24	0.00109	0.00543	2.49	98399	534	490653	5520523	56.10
1993	25-29	0.00142	0.00706	2.65	97864	691	487697	5029870	51.40
1993	30-34	0.00198	0.00984	2.62	97173	957	483590	4542172	46.74
1993	35-39	0.00288	0.01428	2.64	96217	1374	477844	4058582	42.18
1993	40-44	0.00370	0.01833	2.53	94842	1738	469912	3580738	37.75
1993	45-49	0.00444	0.02196	2.59	93104	2044	460592	3110826	33.41
1993	50-54	0.00610	0.03004	2.58	91060	2735	448675	2650234	29.10
1993	55-59	0.00920	0.04502	2.67	88324	3976	432362	2201559	24.93
1993	60-64	0.01377	0.06665	2.6	84348	5622	408239	1769197	20.98
1993	65-69	0.02120	0.10089	2.61	78726	7943	374657	1360958	17.29
1993	70-74	0.03162	0.14693	2.59	70783	10400	328892	986301	13.93
1993	75-79	0.04810	0.21521	2.56	60383	12995	270176	657409	10.89
1993	80-84	0.08063	0.33567	2.51	47388	15907	197284	387233	8.17
1993	85-89	0.12664	0.47807	2.44	31481	15050	118843	189949	6.03
1993	90-94	0.20083	0.64969	2.28	16431	10675	53155	71105	4.33
1993	95-99	0.30046	0.79555	2.04	5756	4579	15240	17951	3.12
1993	100-104	0.42308	0.89647	1.79	1177	1055	2494	2710	2.30
1993	105-109	0.55751	0.95119	1.54	122	116	208	217	1.78
1993	110+	0.66666	1.00000	1.5	6	6	9	9	1.50
1994	0	0.00809	0.00803	0.07	100000	803	99254	7526966	75.27
1994	1-4	0.00037	0.00147	1.77	99197	146	396461	7427713	74.88
1994	5-9	0.00019	0.00094	2.3	99051	93	495002	7031252	70.99
1994	10-14	0.00020	0.00101	2.77	98958	100	494565	6536249	66.05
1994	15-19	0.00072	0.00358	2.96	98858	354	493565	6041685	61.12
1994	20-24	0.00098	0.00488	2.51	98504	481	491319	5548120	56.32
1994	25-29	0.00130	0.00647	2.7	98023	634	488654	5056800	51.59
1994	30-34	0.00205	0.01022	2.63	97389	995	484581	4568146	46.91
1994	35-39	0.00291	0.01445	2.64	96394	1393	478679	4083565	42.36
1994	40-44	0.00379	0.01880	2.53	95001	1786	470597	3604886	37.95
1994	45-49	0.00451	0.02232	2.56	93215	2081	461004	3134289	33.62
1994	50-54	0.00608	0.02996	2.63	91134	2731	449198	2673285	29.33
1994	55-59	0.00904	0.04427	2.66	88403	3914	432864	2224087	25.16
1994	60-64	0.01343	0.06507	2.62	84490	5498	409345	1791224	21.20
1994	65-69	0.02083	0.09923	2.62	78992	7839	376269	1381878	17.49
1994	70-74	0.03095	0.14396	2.58	71153	10243	331002	1005609	14.13
1994	75-79	0.04632	0.20824	2.58	60910	12684	273814	674607	11.08
1994	80-84	0.07807	0.32723	2.53	48226	15781	202138	400793	8.31
1994	85-89	0.12429	0.47145	2.44	32445	15296	123071	198655	6.12
1994	90-94	0.19606	0.64017	2.29	17149	10978	55994	75585	4.41
1994	95-99	0.29418	0.78841	2.06	6171	4865	16537	19590	3.17
1994	100-104	0.41613	0.89242	1.8	1306	1165	2800	3053	2.34
1994	105-109	0.55082	0.94936	1.55	140	133	242	253	1.80
1994	110+	0.66070	1.00000	1.51	7	7	11	11	1.51
1995	0	0.00824	0.00817	0.07	100000	817	99241	7552060	75.52
1995	1-4	0.00038	0.00151	1.72	99183	150	396388	7452820	75.14
1995	5-9	0.00018	0.00089	2.31	99033	88	494926	7056431	71.25
1995	10-14	0.00022	0.00110	2.76	98945	109	494480	6561505	66.31
1995	15-19	0.00060	0.00300	2.87	98836	296	493548	6067025	61.38
1995	20-24	0.00090	0.00451	2.54	98539	444	491604	5573477	56.56
1995	25-29	0.00122	0.00608	2.71	98095	596	489112	5081873	51.81
1995	30-34	0.00194	0.00967	2.61	97499	942	485246	4592761	47.11
1995	35-39	0.00267	0.01329	2.66	96557	1283	479781	4107515	42.54
1995	40-44	0.00375	0.01856	2.58	95274	1768	472091	3627734	38.08
1995	45-49	0.00453	0.02241	2.59	93506	2095	462480	3155643	33.75
1995	50-54	0.00600	0.02957	2.59	91411	2703	450540	2693163	29.46
1995	55-59	0.00869	0.04256	2.63	88708	3776	434595	2242623	25.28
1995	60-64	0.01318	0.06387	2.61	84932	5424	411712	1808028	21.29
1995	65-69	0.02024	0.09656	2.63	79508	7677	379332	1396315	17.56
1995	70-74	0.03054	0.14231	2.61	71831	10222	334676	1016984	14.16
1995	75-79	0.04564	0.20543	2.57	61608	12656	277313	682307	11.07
1995	80-84	0.07871	0.32920	2.52	48952	16115	204732	404994	8.27
1995	85-89	0.12409	0.47075	2.44	32837	15458	124570	200263	6.10
1995	90-94	0.19892	0.64631	2.29	17379	11232	56465	75693	4.36
1995	95-99	0.29911	0.79436	2.05	6147	4883	16324	19227	3.13
1995	100-104	0.42421	0.89740	1.79	1264	1134	2674	2903	2.30
1995	105-109	0.56160	0.95247	1.53	130	124	220	229	1.77
1995	110+	0.67294	1.00000	1.49	6	6	9	9	1.49
1996	0	0.00738	0.00733	0.07	100000	733	99317	7619422	76.19
1996	1-4	0.00033	0.00130	1.62	99267	129	396760	7520105	75.76
1996	5-9	0.00018	0.00091	2.35	99138	90	495450	7123345	71.85
1996	10-14	0.00019	0.00097	2.7	99048	96	495016	6627896	66.92
1996	15-19	0.00055	0.00273	2.95	98951	270	494203	6132880	61.98
1996	20-24	0.00081	0.00406	2.49	98681	401	492397	5638677	57.14
1996	25-29	0.00096	0.00479	2.66	98280	471	490299	5146280	52.36
1996	30-34	0.00157	0.00782	2.68	97809	765	487273	4655980	47.60
1996	35-39	0.00220	0.01096	2.61	97044	1064	482683	4168707	42.96
1996	40-44	0.00315	0.01563	2.6	95980	1500	476296	3686025	38.40
1996	45-49	0.00415	0.02053	2.58	94480	1939	467709	3209728	33.97
1996	50-54	0.00564	0.02785	2.7	92541	2578	456769	2742020	29.63
1996	55-59	0.00831	0.04078	2.68	89963	3669	441291	2285250	25.40
1996	60-64	0.01314	0.06374	2.64	86294	5501	418477	1843959	21.37
1996	65-69	0.01989	0.09502	2.64	80794	7677	385867	1425482	17.64
1996	70-74	0.03008	0.14028	2.6	73117	10257	340959	1039615	14.22
1996	75-79	0.04577	0.20603	2.58	62860	12951	282952	698656	11.11
1996	80-84	0.07786	0.32643	2.53	49909	16292	209253	415704	8.33
1996	85-89	0.12306	0.46792	2.44	33617	15730	127820	206451	6.14
1996	90-94	0.19605	0.63937	2.28	17887	11436	58334	78631	4.40
1996	95-99	0.29708	0.79201	2.05	6451	5109	17197	20297	3.15
1996	100-104	0.42154	0.89582	1.79	1342	1202	2851	3099	2.31
1996	105-109	0.55840	0.95158	1.54	140	133	238	248	1.78
1996	110+	0.66948	1.00000	1.49	7	7	10	10	1.49
1997	0	0.00716	0.00711	0.07	100000	711	99337	7694675	76.95
1997	1-4	0.00031	0.00123	1.57	99289	122	396858	7595337	76.50
1997	5-9	0.00015	0.00075	2.43	99167	74	495642	7198479	72.59
1997	10-14	0.00018	0.00088	2.76	99092	87	495267	6702838	67.64
1997	15-19	0.00050	0.00248	2.91	99005	246	494514	6207571	62.70
1997	20-24	0.00082	0.00411	2.53	98759	406	492796	5713057	57.85
1997	25-29	0.00084	0.00420	2.51	98353	413	490740	5220261	53.08
1997	30-34	0.00119	0.00594	2.63	97941	582	488326	4729520	48.29
1997	35-39	0.00174	0.00864	2.63	97359	841	484797	4241194	43.56
1997	40-44	0.00259	0.01288	2.67	96517	1243	479685	3756397	38.92
1997	45-49	0.00369	0.01827	2.66	95274	1741	472299	3276711	34.39
1997	50-54	0.00513	0.02536	2.65	93533	2372	462091	2804413	29.98
1997	55-59	0.00792	0.03888	2.66	91161	3544	447509	2342322	25.69
1997	60-64	0.01220	0.05930	2.68	87617	5196	426038	1894813	21.63
1997	65-69	0.01953	0.09333	2.63	82421	7693	393842	1468776	17.82
1997	70-74	0.02908	0.13585	2.58	74729	10152	349119	1074934	14.38
1997	75-79	0.04460	0.20142	2.6	64577	13007	291605	725815	11.24
1997	80-84	0.07614	0.32034	2.52	51570	16520	216961	434210	8.42
1997	85-89	0.12189	0.46430	2.43	35050	16274	133506	217248	6.20
1997	90-94	0.19247	0.63369	2.31	18776	11898	61819	83742	4.46
1997	95-99	0.29261	0.78681	2.06	6878	5412	18495	21923	3.19
1997	100-104	0.41612	0.89260	1.8	1466	1309	3145	3428	2.34
1997	105-109	0.55263	0.94997	1.55	157	150	271	283	1.79
1997	110+	0.66384	1.00000	1.51	8	8	12	12	1.51
1998	0	0.00669	0.00665	0.07	100000	665	99379	7740270	77.40
1998	1-4	0.00027	0.00108	1.66	99335	107	397088	7640891	76.92
1998	5-9	0.00016	0.00080	2.31	99228	79	495926	7243803	73.00
1998	10-14	0.00016	0.00079	2.73	99149	79	495564	6747877	68.06
1998	15-19	0.00048	0.00242	2.89	99070	240	494843	6252314	63.11
1998	20-24	0.00069	0.00347	2.59	98830	343	493326	5757471	58.26
1998	25-29	0.00077	0.00386	2.62	98488	380	491533	5264145	53.45
1998	30-34	0.00103	0.00514	2.62	98107	504	489337	4772612	48.65
1998	35-39	0.00154	0.00769	2.64	97604	750	486250	4283275	43.88
1998	40-44	0.00236	0.01174	2.66	96853	1137	481610	3797025	39.20
1998	45-49	0.00348	0.01725	2.66	95716	1651	474712	3315415	34.64
1998	50-54	0.00491	0.02426	2.63	94066	2282	464923	2840703	30.20
1998	55-59	0.00762	0.03745	2.66	91784	3437	450863	2375780	25.88
1998	60-64	0.01195	0.05814	2.67	88347	5136	429754	1924917	21.79
1998	65-69	0.01855	0.08882	2.6	83211	7390	398342	1495163	17.97
1998	70-74	0.02869	0.13420	2.59	75820	10175	354623	1096821	14.47
1998	75-79	0.04376	0.19791	2.59	65645	12992	296907	742198	11.31
1998	80-84	0.07471	0.31542	2.53	52653	16608	222283	445291	8.46
1998	85-89	0.12096	0.46215	2.45	36046	16659	137719	223008	6.19
1998	90-94	0.19609	0.64212	2.31	19387	12449	63486	85289	4.40
1998	95-99	0.29719	0.79256	2.06	6938	5499	18503	21803	3.14
1998	100-104	0.42489	0.89808	1.79	1439	1293	3042	3300	2.29
1998	105-109	0.56501	0.95352	1.53	147	140	248	258	1.76
1998	110+	0.67819	1.00000	1.47	7	7	10	10	1.47
1999	0	0.00670	0.00665	0.07	100000	665	99379	7734011	77.34
1999	1-4	0.00029	0.00116	1.76	99335	115	397081	7634632	76.86
1999	5-9	0.00014	0.00071	2.51	99220	71	495923	7237551	72.94
1999	10-14	0.00018	0.00089	2.8	99149	89	495551	6741628	67.99
1999	15-19	0.00052	0.00258	2.9	99061	256	494765	6246077	63.05
1999	20-24	0.00071	0.00356	2.51	98805	352	493147	5751312	58.21
1999	25-29	0.00075	0.00373	2.6	98453	367	491385	5258165	53.41
1999	30-34	0.00103	0.00514	2.71	98086	505	489273	4766780	48.60
1999	35-39	0.00146	0.00730	2.72	97582	712	486281	4277507	43.84
1999	40-44	0.00231	0.01148	2.67	96869	1112	481761	3791226	39.14
1999	45-49	0.00343	0.01703	2.62	95758	1631	474905	3309465	34.56
1999	50-54	0.00504	0.02493	2.66	94127	2346	465132	2834560	30.11
1999	55-59	0.00780	0.03831	2.65	91780	3516	450626	2369428	25.82
1999	60-64	0.01196	0.05821	2.69	88264	5138	429452	1918802	21.74
1999	65-69	0.01830	0.08772	2.65	83127	7292	398471	1489350	17.92
1999	70-74	0.02870	0.13431	2.61	75835	10186	354837	1090879	14.38
1999	75-79	0.04382	0.19837	2.62	65649	13023	297205	736041	11.21
1999	80-84	0.07702	0.32380	2.54	52627	17040	221250	438836	8.34
1999	85-89	0.12402	0.47089	2.45	35586	16757	135119	217586	6.11
1999	90-94	0.19657	0.64081	2.28	18829	12066	61384	82468	4.38
1999	95-99	0.30005	0.79573	2.05	6763	5382	17936	21084	3.12
1999	100-104	0.42767	0.89961	1.78	1382	1243	2906	3149	2.28
1999	105-109	0.56743	0.95412	1.52	139	132	233	243	1.75
1999	110+	0.68018	1.00000	1.47	6	6	9	9	1.47
2000	0	0.00675	0.00671	0.07	100000	671	99374	7763570	77.64
2000	1-4	0.00027	0.00106	1.51	99329	105	397053	7664197	77.16
2000	5-9	0.00012	0.00061	2.29	99223	61	495953	7267144	73.24
2000	10-14	0.00015	0.00073	2.73	99163	72	495650	6771191	68.28
2000	15-19	0.00047	0.00234	2.95	99091	231	494979	6275541	63.33
2000	20-24	0.00073	0.00364	2.51	98859	360	493400	5780562	58.47
2000	25-29	0.00072	0.00360	2.62	98499	355	491648	5287162	53.68
2000	30-34	0.00100	0.00497	2.7	98144	488	489598	4795513	48.86
2000	35-39	0.00143	0.00712	2.65	97656	695	486646	4305915	44.09
2000	40-44	0.00222	0.01106	2.64	96961	1073	482279	3819269	39.39
2000	45-49	0.00342	0.01695	2.67	95889	1626	475653	3336991	34.80
2000	50-54	0.00496	0.02449	2.65	94263	2309	465896	2861338	30.35
2000	55-59	0.00751	0.03689	2.65	91954	3392	451785	2395442	26.05
2000	60-64	0.01160	0.05648	2.65	88562	5002	431051	1943656	21.95
2000	65-69	0.01797	0.08617	2.62	83560	7200	400662	1512605	18.10
2000	70-74	0.02718	0.12764	2.62	76360	9746	358581	1111943	14.56
2000	75-79	0.04243	0.19265	2.61	66613	12833	302429	753362	11.31
2000	80-84	0.07595	0.31957	2.52	53780	17186	226285	450933	8.38
2000	85-89	0.12255	0.46684	2.45	36594	17084	139402	224648	6.14
2000	90-94	0.19820	0.64511	2.29	19510	12586	63504	85246	4.37
2000	95-99	0.29752	0.79285	2.05	6924	5490	18451	21742	3.14
2000	100-104	0.42459	0.89784	1.79	1434	1288	3033	3291	2.29
2000	105-109	0.56411	0.95325	1.53	147	140	248	258	1.76
2000	110+	0.67691	1.00000	1.48	7	7	10	10	1.48
2001	0	0.00598	0.00595	0.06	100000	595	99444	7763390	77.63
2001	1-4	0.00029	0.00114	1.68	99405	113	397358	7663946	77.10
2001	5-9	0.00013	0.00065	2.49	99292	65	496296	7266589	73.18
2001	10-14	0.00015	0.00077	2.73	99227	76	495961	6770293	68.23
2001	15-19	0.00051	0.00254	2.99	99150	252	495246	6274332	63.28
2001	20-24	0.00081	0.00406	2.6	98898	402	493528	5779086	58.43
2001	25-29	0.00094	0.00471	2.54	98497	464	491345	5285558	53.66
2001	30-34	0.00120	0.00598	2.62	98033	586	488769	4794213	48.90
2001	35-39	0.00173	0.00860	2.63	97447	838	485252	4305444	44.18
2001	40-44	0.00238	0.01186	2.69	96609	1146	480399	3820192	39.54
2001	45-49	0.00359	0.01778	2.68	95463	1697	473382	3339793	34.99
2001	50-54	0.00498	0.02463	2.64	93766	2309	463373	2866411	30.57
2001	55-59	0.00734	0.03606	2.66	91457	3298	449582	2403038	26.28
2001	60-64	0.01132	0.05514	2.65	88159	4861	429385	1953456	22.16
2001	65-69	0.01723	0.08280	2.65	83298	6897	400288	1524071	18.30
2001	70-74	0.02606	0.12274	2.64	76401	9378	359831	1123783	14.71
2001	75-79	0.04178	0.18984	2.6	67023	12724	304574	763952	11.40
2001	80-84	0.07388	0.31276	2.55	54299	16983	229864	459377	8.46
2001	85-89	0.12181	0.46476	2.45	37317	17343	142378	229513	6.15
2001	90-94	0.19737	0.64434	2.31	19973	12870	65205	87135	4.36
2001	95-99	0.30312	0.79969	2.05	7104	5681	18741	21930	3.09
2001	100-104	0.43536	0.90423	1.77	1423	1287	2955	3189	2.24
2001	105-109	0.57916	0.95725	1.5	136	130	225	234	1.71
2001	110+	0.69407	1.00000	1.44	6	6	8	8	1.44
2002	0	0.00614	0.00611	0.07	100000	611	99429	7801826	78.02
2002	1-4	0.00025	0.00098	1.64	99389	98	397327	7702397	77.50
2002	5-9	0.00012	0.00059	2.43	99292	59	496307	7305070	73.57
2002	10-14	0.00015	0.00075	2.62	99233	75	495986	6808763	68.61
2002	15-19	0.00048	0.00240	2.93	99158	238	495297	6312777	63.66
2002	20-24	0.00073	0.00365	2.54	98920	361	493713	5817480	58.81
2002	25-29	0.00074	0.00368	2.58	98560	363	491918	5323767	54.02
2002	30-34	0.00093	0.00465	2.62	98196	456	489898	4831849	49.21
2002	35-39	0.00150	0.00747	2.64	97740	730	486983	4341951	44.42
2002	40-44	0.00220	0.01093	2.66	97011	1061	482569	3854968	39.74
2002	45-49	0.00337	0.01674	2.66	95950	1606	475982	3372399	35.15
2002	50-54	0.00478	0.02362	2.62	94343	2229	466422	2896417	30.70
2002	55-59	0.00716	0.03519	2.65	92115	3242	452950	2429996	26.38
2002	60-64	0.01096	0.05342	2.64	88873	4747	433146	1977046	22.25
2002	65-69	0.01705	0.08198	2.65	84126	6897	404398	1543899	18.35
2002	70-74	0.02619	0.12328	2.63	77229	9521	363585	1139501	14.75
2002	75-79	0.04075	0.18547	2.58	67709	12558	308166	775916	11.46
2002	80-84	0.07312	0.30999	2.55	55150	17096	233814	467750	8.48
2002	85-89	0.12091	0.46223	2.45	38054	17590	145481	233935	6.15
2002	90-94	0.19914	0.64798	2.31	20465	13261	66590	88454	4.32
2002	95-99	0.30889	0.80647	2.04	7204	5810	18809	21864	3.04
2002	100-104	0.44585	0.91006	1.75	1394	1269	2846	3056	2.19
2002	105-109	0.59342	0.96072	1.48	125	120	203	210	1.67
2002	110+	0.70995	1.00000	1.41	5	5	7	7	1.41
2003	0	0.00627	0.00623	0.07	100000	623	99418	7831225	78.31
2003	1-4	0.00022	0.00089	1.61	99377	89	397294	7731808	77.80
2003	5-9	0.00013	0.00063	2.52	99288	62	496286	7334513	73.87
2003	10-14	0.00015	0.00074	2.61	99226	74	495954	6838228	68.92
2003	15-19	0.00046	0.00231	2.95	99152	229	495293	6342274	63.96
2003	20-24	0.00073	0.00365	2.5	98923	362	493714	5846981	59.11
2003	25-29	0.00079	0.00392	2.55	98562	387	491862	5353267	54.31
2003	30-34	0.00089	0.00443	2.63	98175	435	489844	4861405	49.52
2003	35-39	0.00131	0.00654	2.63	97740	639	487185	4371561	44.73
2003	40-44	0.00207	0.01028	2.67	97101	998	483179	3884376	40.00
2003	45-49	0.00328	0.01627	2.66	96102	1564	476859	3401197	35.39
2003	50-54	0.00477	0.02360	2.62	94538	2231	467385	2924338	30.93
2003	55-59	0.00694	0.03413	2.63	92308	3150	454077	2456953	26.62
2003	60-64	0.01082	0.05274	2.62	89157	4702	434616	2002876	22.46
2003	65-69	0.01606	0.07737	2.65	84455	6534	406890	1568260	18.57
2003	70-74	0.02538	0.11965	2.61	77921	9323	367292	1161371	14.90
2003	75-79	0.03990	0.18204	2.6	68598	12488	312996	794079	11.58
2003	80-84	0.07172	0.30539	2.57	56110	17136	238909	481083	8.57
2003	85-89	0.11900	0.45767	2.48	38974	17837	149895	242174	6.21
2003	90-94	0.19599	0.64040	2.29	21137	13536	69065	92279	4.37
2003	95-99	0.30654	0.80402	2.04	7601	6111	19936	23215	3.05
2003	100-104	0.44378	0.90907	1.75	1490	1354	3051	3279	2.20
2003	105-109	0.59203	0.96044	1.48	135	130	220	227	1.68
2003	110+	0.70923	1.00000	1.41	5	5	8	8	1.41
2004	0	0.00626	0.00622	0.07	100000	622	99418	7866865	78.67
2004	1-4	0.00022	0.00089	1.66	99378	88	397304	7767447	78.16
2004	5-9	0.00013	0.00064	2.58	99290	63	496294	7370143	74.23
2004	10-14	0.00015	0.00075	2.66	99226	74	495958	6873848	69.27
2004	15-19	0.00045	0.00227	2.89	99152	225	495286	6377890	64.32
2004	20-24	0.00068	0.00341	2.51	98927	337	493799	5882604	59.46
2004	25-29	0.00071	0.00352	2.6	98590	347	492118	5388806	54.66
2004	30-34	0.00085	0.00425	2.6	98243	418	490213	4896687	49.84
2004	35-39	0.00128	0.00639	2.68	97825	625	487676	4406475	45.04
2004	40-44	0.00200	0.00995	2.62	97201	967	483706	3918799	40.32
2004	45-49	0.00311	0.01545	2.65	96234	1487	477674	3435093	35.70
2004	50-54	0.00472	0.02332	2.62	94747	2209	468472	2957419	31.21
2004	55-59	0.00685	0.03372	2.62	92537	3121	455260	2488946	26.90
2004	60-64	0.01042	0.05083	2.65	89417	4545	436387	2033686	22.74
2004	65-69	0.01574	0.07590	2.65	84871	6441	409239	1597299	18.82
2004	70-74	0.02403	0.11370	2.64	78430	8917	371091	1188060	15.15
2004	75-79	0.03862	0.17665	2.59	69513	12279	317978	816969	11.75
2004	80-84	0.06937	0.29684	2.57	57233	16989	244895	498991	8.72
2004	85-89	0.11691	0.45136	2.48	40244	18165	155376	254096	6.31
2004	90-94	0.19057	0.63023	2.31	22079	13915	73018	98720	4.47
2004	95-99	0.29598	0.79190	2.06	8164	6465	21844	25703	3.15
2004	100-104	0.42900	0.90094	1.78	1699	1531	3568	3859	2.27
2004	105-109	0.57455	0.95622	1.51	168	161	280	291	1.73
2004	110+	0.69115	1.00000	1.45	7	7	11	11	1.45
2005	0	0.00602	0.00599	0.07	100000	599	99440	7884539	78.85
2005	1-4	0.00024	0.00095	1.57	99401	94	397376	7785099	78.32
2005	5-9	0.00012	0.00059	2.29	99307	59	496376	7387722	74.39
2005	10-14	0.00014	0.00072	2.7	99248	71	496078	6891346	69.44
2005	15-19	0.00044	0.00218	3	99177	216	495453	6395268	64.48
2005	20-24	0.00076	0.00382	2.56	98961	378	493885	5899815	59.62
2005	25-29	0.00070	0.00351	2.49	98583	346	492047	5405930	54.84
2005	30-34	0.00082	0.00409	2.66	98237	402	490245	4913883	50.02
2005	35-39	0.00125	0.00623	2.72	97835	609	487784	4423639	45.22
2005	40-44	0.00196	0.00975	2.66	97226	948	483910	3935854	40.48
2005	45-49	0.00302	0.01497	2.65	96278	1441	477998	3451944	35.85
2005	50-54	0.00474	0.02345	2.63	94837	2224	468923	2973946	31.36
2005	55-59	0.00663	0.03264	2.64	92613	3023	455938	2505023	27.05
2005	60-64	0.01009	0.04930	2.66	89590	4417	437607	2049085	22.87
2005	65-69	0.01513	0.07306	2.64	85173	6223	411167	1611477	18.92
2005	70-74	0.02413	0.11406	2.61	78950	9005	373248	1200311	15.20
2005	75-79	0.03798	0.17418	2.63	69945	12183	320790	827063	11.82
2005	80-84	0.06689	0.28775	2.57	57762	16621	248491	506273	8.76
2005	85-89	0.11676	0.45115	2.48	41141	18561	158968	257782	6.27
2005	90-94	0.19546	0.63890	2.29	22580	14427	73809	98814	4.38
2005	95-99	0.30474	0.80250	2.05	8154	6543	21472	25006	3.07
2005	100-104	0.44509	0.91005	1.75	1610	1466	3293	3534	2.19
2005	105-109	0.59650	0.96158	1.48	145	139	233	241	1.67
2005	110+	0.71560	1.00000	1.4	6	6	8	8	1.40
2006	0	0.00592	0.00588	0.06	100000	588	99450	7921539	79.22
2006	1-4	0.00024	0.00096	1.64	99412	96	397421	7822089	78.68
2006	5-9	0.00011	0.00055	2.56	99316	54	496447	7424668	74.76
2006	10-14	0.00011	0.00054	2.54	99261	54	496175	6928221	69.80
2006	15-19	0.00044	0.00219	2.98	99208	217	495599	6432046	64.83
2006	20-24	0.00072	0.00359	2.6	98990	355	494099	5936447	59.97
2006	25-29	0.00072	0.00358	2.53	98635	353	492303	5442348	55.18
2006	30-34	0.00083	0.00415	2.59	98282	408	490430	4950045	50.37
2006	35-39	0.00121	0.00604	2.67	97874	591	487995	4459615	45.56
2006	40-44	0.00196	0.00977	2.71	97283	951	484244	3971619	40.83
2006	45-49	0.00298	0.01478	2.69	96333	1424	478382	3487376	36.20
2006	50-54	0.00454	0.02246	2.66	94909	2132	469552	3008994	31.70
2006	55-59	0.00647	0.03188	2.68	92777	2958	457016	2539442	27.37
2006	60-64	0.00990	0.04840	2.68	89819	4348	439027	2082426	23.18
2006	65-69	0.01485	0.07175	2.64	85472	6133	412863	1643399	19.23
2006	70-74	0.02277	0.10806	2.64	79339	8573	376468	1230536	15.51
2006	75-79	0.03649	0.16790	2.63	70766	11881	325635	854069	12.07
2006	80-84	0.06411	0.27745	2.58	58884	16337	254838	528434	8.97
2006	85-89	0.11268	0.43900	2.48	42547	18678	165758	273597	6.43
2006	90-94	0.18735	0.62445	2.33	23869	14905	79558	107839	4.52
2006	95-99	0.29469	0.79110	2.07	8964	7091	24064	28281	3.15
2006	100-104	0.43280	0.90357	1.78	1873	1692	3909	4217	2.25
2006	105-109	0.58379	0.95872	1.5	181	173	297	307	1.70
2006	110+	0.70387	1.00000	1.42	7	7	11	11	1.42
2007	0	0.00587	0.00584	0.06	100000	584	99454	7947338	79.47
2007	1-4	0.00023	0.00093	1.68	99416	92	397450	7847884	78.94
2007	5-9	0.00012	0.00060	2.28	99324	60	496455	7450435	75.01
2007	10-14	0.00013	0.00065	2.64	99264	65	496165	6953979	70.06
2007	15-19	0.00040	0.00199	3.01	99199	197	495601	6457814	65.10
2007	20-24	0.00065	0.00325	2.57	99002	322	494225	5962213	60.22
2007	25-29	0.00069	0.00346	2.57	98680	341	492571	5467988	55.41
2007	30-34	0.00082	0.00407	2.63	98339	400	490747	4975417	50.59
2007	35-39	0.00118	0.00586	2.75	97939	574	488402	4484670	45.79
2007	40-44	0.00191	0.00949	2.69	97365	924	484691	3996268	41.04
2007	45-49	0.00288	0.01432	2.65	96441	1382	478955	3511577	36.41
2007	50-54	0.00445	0.02202	2.67	95059	2093	470413	3032622	31.90
2007	55-59	0.00644	0.03170	2.61	92967	2947	457800	2562209	27.56
2007	60-64	0.00964	0.04712	2.65	90020	4242	440112	2104408	23.38
2007	65-69	0.01452	0.07025	2.68	85778	6026	414893	1664296	19.40
2007	70-74	0.02241	0.10646	2.65	79752	8491	378846	1249403	15.67
2007	75-79	0.03571	0.16458	2.62	71261	11728	328415	870557	12.22
2007	80-84	0.06318	0.27386	2.57	59533	16304	258068	542142	9.11
2007	85-89	0.10857	0.42685	2.5	43230	18453	169963	284075	6.57
2007	90-94	0.18251	0.61401	2.34	24777	15213	83354	114112	4.61
2007	95-99	0.28801	0.78318	2.09	9564	7490	26006	30757	3.22
2007	100-104	0.42467	0.89905	1.79	2074	1864	4390	4751	2.29
2007	105-109	0.57552	0.95676	1.51	209	200	348	361	1.72
2007	110+	0.69637	1.00000	1.44	9	9	13	13	1.44
2008	0	0.00570	0.00567	0.06	100000	567	99469	7960699	79.61
2008	1-4	0.00024	0.00095	1.7	99433	94	397513	7861230	79.06
2008	5-9	0.00012	0.00061	2.35	99338	61	496530	7463717	75.13
2008	10-14	0.00014	0.00069	2.82	99277	69	496237	6967186	70.18
2008	15-19	0.00036	0.00181	2.87	99209	180	495661	6470949	65.23
2008	20-24	0.00065	0.00325	2.49	99029	321	494340	5975288	60.34
2008	25-29	0.00072	0.00360	2.55	98708	355	492669	5480948	55.53
2008	30-34	0.00083	0.00416	2.54	98353	410	490754	4988279	50.72
2008	35-39	0.00116	0.00577	2.65	97943	565	488387	4497524	45.92
2008	40-44	0.00180	0.00896	2.65	97378	872	484842	4009137	41.17
2008	45-49	0.00282	0.01403	2.67	96506	1354	479379	3524295	36.52
2008	50-54	0.00419	0.02073	2.64	95152	1973	471107	3044916	32.00
2008	55-59	0.00638	0.03141	2.63	93179	2927	458945	2573808	27.62
2008	60-64	0.00950	0.04646	2.64	90252	4193	441355	2114863	23.43
2008	65-69	0.01444	0.06982	2.63	86059	6008	416070	1673508	19.45
2008	70-74	0.02235	0.10614	2.63	80051	8496	380087	1257437	15.71
2008	75-79	0.03533	0.16287	2.61	71555	11654	329901	877351	12.26
2008	80-84	0.06174	0.26876	2.59	59900	16099	260761	547450	9.14
2008	85-89	0.10852	0.42712	2.51	43802	18708	172391	286689	6.55
2008	90-94	0.18512	0.61905	2.32	25093	15534	83913	114298	4.55
2008	95-99	0.29180	0.78806	2.08	9559	7533	25817	30385	3.18
2008	100-104	0.43200	0.90340	1.78	2026	1830	4237	4569	2.26
2008	105-109	0.58567	0.95929	1.5	196	188	321	332	1.70
2008	110+	0.70769	1.00000	1.41	8	8	11	11	1.41
2009	0	0.00557	0.00554	0.06	100000	554	99481	7991566	79.92
2009	1-4	0.00021	0.00085	1.69	99446	85	397587	7892085	79.36
2009	5-9	0.00011	0.00057	2.56	99361	57	496666	7494498	75.43
2009	10-14	0.00012	0.00062	2.7	99304	61	496379	6997832	70.47
2009	15-19	0.00039	0.00197	2.9	99243	195	495803	6501453	65.51
2009	20-24	0.00065	0.00326	2.58	99047	323	494455	6005650	60.63
2009	25-29	0.00070	0.00351	2.66	98724	346	492810	5511195	55.82
2009	30-34	0.00080	0.00397	2.53	98378	391	490927	5018385	51.01
2009	35-39	0.00109	0.00544	2.61	97987	533	488664	4527459	46.20
2009	40-44	0.00179	0.00890	2.63	97454	867	485215	4038795	41.44
2009	45-49	0.00282	0.01398	2.66	96587	1351	479771	3553579	36.79
2009	50-54	0.00429	0.02123	2.67	95236	2022	471475	3073808	32.28
2009	55-59	0.00624	0.03076	2.6	93214	2867	459197	2602333	27.92
2009	60-64	0.00921	0.04506	2.64	90347	4071	442118	2143135	23.72
2009	65-69	0.01414	0.06842	2.65	86276	5903	417516	1701018	19.72
2009	70-74	0.02151	0.10232	2.63	80373	8224	382350	1283502	15.97
2009	75-79	0.03431	0.15853	2.6	72149	11438	333333	901152	12.49
2009	80-84	0.05976	0.26133	2.6	60711	15866	265472	567819	9.35
2009	85-89	0.10423	0.41469	2.54	44846	18597	178424	302347	6.74
2009	90-94	0.17689	0.60380	2.37	26249	15849	89598	123923	4.72
2009	95-99	0.27901	0.77225	2.11	10400	8031	28785	34325	3.30
2009	100-104	0.41506	0.89358	1.81	2369	2116	5099	5540	2.34
2009	105-109	0.56699	0.95472	1.53	252	241	424	441	1.75
2009	110+	0.68960	1.00000	1.45	11	11	17	17	1.45
2010	0	0.00526	0.00524	0.06	100000	524	99509	8019108	80.19
2010	1-4	0.00019	0.00077	1.65	99476	77	397724	7919599	79.61
2010	5-9	0.00010	0.00049	2.65	99399	48	496883	7521875	75.67
2010	10-14	0.00012	0.00062	2.58	99351	61	496605	7024992	70.71
2010	15-19	0.00037	0.00186	2.99	99289	185	496076	6528387	65.75
2010	20-24	0.00070	0.00347	2.55	99104	344	494681	6032311	60.87
2010	25-29	0.00071	0.00352	2.51	98760	348	492935	5537630	56.07
2010	30-34	0.00077	0.00385	2.56	98413	379	491140	5044695	51.26
2010	35-39	0.00103	0.00515	2.57	98034	505	488940	4553555	46.45
2010	40-44	0.00168	0.00835	2.72	97529	814	485788	4064615	41.68
2010	45-49	0.00270	0.01339	2.71	96715	1295	480603	3578827	37.00
2010	50-54	0.00411	0.02036	2.63	95419	1943	472497	3098223	32.47
2010	55-59	0.00613	0.03021	2.63	93476	2824	460686	2625726	28.09
2010	60-64	0.00913	0.04472	2.66	90652	4054	443763	2165040	23.88
2010	65-69	0.01383	0.06698	2.64	86599	5801	419320	1721277	19.88
2010	70-74	0.02089	0.09959	2.66	80798	8047	385168	1301957	16.11
2010	75-79	0.03355	0.15533	2.62	72751	11301	336816	916789	12.60
2010	80-84	0.05799	0.25484	2.62	61451	15660	270053	579973	9.44
2010	85-89	0.10204	0.40718	2.52	45791	18645	182713	309920	6.77
2010	90-94	0.17796	0.60415	2.34	27146	16400	92155	127207	4.69
2010	95-99	0.28272	0.77726	2.1	10746	8352	29542	35052	3.26
2010	100-104	0.42229	0.89808	1.8	2393	2150	5090	5510	2.30
2010	105-109	0.57686	0.95728	1.51	244	234	405	420	1.72
2010	110+	0.70044	1.00000	1.43	10	10	15	15	1.43
2011	0	0.00510	0.00508	0.06	100000	508	99524	8023958	80.24
2011	1-4	0.00020	0.00080	1.53	99492	79	397775	7924433	79.65
2011	5-9	0.00011	0.00054	2.4	99413	54	496927	7526659	75.71
2011	10-14	0.00012	0.00061	2.88	99360	61	496669	7029732	70.75
2011	15-19	0.00037	0.00186	2.96	99299	185	496118	6533063	65.79
2011	20-24	0.00067	0.00336	2.61	99114	333	494775	6036946	60.91
2011	25-29	0.00073	0.00366	2.62	98781	362	493043	5542170	56.11
2011	30-34	0.00086	0.00428	2.65	98419	421	491106	5049127	51.30
2011	35-39	0.00106	0.00528	2.63	97998	518	488760	4558022	46.51
2011	40-44	0.00166	0.00826	2.65	97480	806	485510	4069262	41.74
2011	45-49	0.00262	0.01304	2.68	96674	1260	480453	3583752	37.07
2011	50-54	0.00408	0.02021	2.65	95414	1928	472541	3103299	32.52
2011	55-59	0.00617	0.03043	2.68	93485	2845	460823	2630758	28.14
2011	60-64	0.00887	0.04347	2.67	90641	3940	444023	2169934	23.94
2011	65-69	0.01355	0.06568	2.68	86701	5694	420294	1725912	19.91
2011	70-74	0.02079	0.09909	2.64	81007	8027	386113	1305618	16.12
2011	75-79	0.03309	0.15347	2.64	72979	11200	338465	919504	12.60
2011	80-84	0.05851	0.25674	2.62	61779	15861	271091	581039	9.41
2011	85-89	0.10246	0.40853	2.52	45918	18759	183093	309948	6.75
2011	90-94	0.17835	0.60469	2.34	27159	16423	92083	126856	4.67
2011	95-99	0.28515	0.78029	2.1	10736	8377	29378	34773	3.24
2011	100-104	0.42540	0.89986	1.79	2359	2123	4990	5394	2.29
2011	105-109	0.58010	0.95805	1.5	236	226	390	404	1.71
2011	110+	0.70340	1.00000	1.42	10	10	14	14	1.42
2012	0	0.00500	0.00498	0.06	100000	498	99533	8047508	80.48
2012	1-4	0.00020	0.00081	1.72	99502	80	397826	7947974	79.88
2012	5-9	0.00010	0.00049	2.36	99422	49	496980	7550148	75.94
2012	10-14	0.00013	0.00065	2.98	99373	64	496734	7053168	70.98
2012	15-19	0.00032	0.00160	3.01	99309	158	496227	6556434	66.02
2012	20-24	0.00067	0.00335	2.63	99150	332	494963	6060207	61.12
2012	25-29	0.00070	0.00349	2.59	98818	345	493260	5565244	56.32
2012	30-34	0.00085	0.00422	2.6	98473	416	491367	5071985	51.51
2012	35-39	0.00109	0.00542	2.66	98057	531	489043	4580618	46.71
2012	40-44	0.00155	0.00770	2.7	97526	751	485904	4091574	41.95
2012	45-49	0.00261	0.01297	2.65	96775	1255	480929	3605671	37.26
2012	50-54	0.00399	0.01977	2.67	95520	1888	473193	3124742	32.71
2012	55-59	0.00611	0.03014	2.66	93631	2822	461541	2651548	28.32
2012	60-64	0.00881	0.04317	2.62	90809	3920	444730	2190007	24.12
2012	65-69	0.01316	0.06381	2.64	86889	5544	421363	1745277	20.09
2012	70-74	0.02046	0.09760	2.64	81344	7939	388007	1323914	16.28
2012	75-79	0.03275	0.15187	2.62	73405	11148	340447	935906	12.75
2012	80-84	0.05606	0.24731	2.62	62257	15397	274629	595460	9.56
2012	85-89	0.10018	0.40219	2.55	46860	18847	188119	320831	6.85
2012	90-94	0.17533	0.59988	2.37	28014	16805	95848	132712	4.74
2012	95-99	0.27988	0.77382	2.11	11209	8674	30991	36864	3.29
2012	100-104	0.41936	0.89641	1.81	2535	2273	5419	5873	2.32
2012	105-109	0.57402	0.95659	1.52	263	251	438	454	1.73
2012	110+	0.69780	1.00000	1.43	11	11	16	16	1.43
2013	0	0.00485	0.00483	0.06	100000	483	99547	8054883	80.55
2013	1-4	0.00021	0.00083	1.67	99517	83	397875	7955336	79.94
2013	5-9	0.00010	0.00051	2.49	99434	51	497042	7557461	76.00
2013	10-14	0.00012	0.00058	2.71	99383	57	496783	7060420	71.04
2013	15-19	0.00032	0.00162	3.06	99326	161	496317	6563637	66.08
2013	20-24	0.00066	0.00327	2.62	99165	324	495053	6067320	61.18
2013	25-29	0.00073	0.00365	2.47	98841	361	493292	5572267	56.38
2013	30-34	0.00084	0.00421	2.58	98480	415	491395	5078974	51.57
2013	35-39	0.00107	0.00533	2.58	98065	523	489062	4587580	46.78
2013	40-44	0.00159	0.00794	2.72	97542	775	485946	4098517	42.02
2013	45-49	0.00252	0.01250	2.71	96767	1210	481069	3612571	37.33
2013	50-54	0.00412	0.02040	2.65	95558	1950	473198	3131501	32.77
2013	55-59	0.00592	0.02920	2.62	93608	2733	461547	2658303	28.40
2013	60-64	0.00888	0.04346	2.63	90875	3950	445004	2196757	24.17
2013	65-69	0.01310	0.06356	2.64	86925	5525	421600	1751753	20.15
2013	70-74	0.02040	0.09727	2.61	81400	7918	388102	1330153	16.34
2013	75-79	0.03262	0.15147	2.65	73482	11131	341213	942051	12.82
2013	80-84	0.05487	0.24273	2.62	62351	15135	275805	600838	9.64
2013	85-89	0.09818	0.39521	2.53	47217	18661	190071	325033	6.88
2013	90-94	0.17561	0.59963	2.36	28556	17123	97505	134962	4.73
2013	95-99	0.28075	0.77540	2.11	11433	8865	31577	37458	3.28
2013	100-104	0.42446	0.89982	1.8	2568	2311	5444	5881	2.29
2013	105-109	0.58395	0.95921	1.5	257	247	423	437	1.70
2013	110+	0.71077	1.00000	1.41	10	10	15	15	1.41
2014	0	0.00463	0.00461	0.06	100000	461	99567	8081865	80.82
2014	1-4	0.00019	0.00077	1.64	99539	77	397973	7982298	80.19
2014	5-9	0.00011	0.00055	2.6	99462	55	497178	7584325	76.25
2014	10-14	0.00011	0.00057	2.81	99407	57	496911	7087147	71.29
2014	15-19	0.00030	0.00148	2.97	99350	147	496452	6590235	66.33
2014	20-24	0.00065	0.00326	2.58	99203	324	495231	6093783	61.43
2014	25-29	0.00071	0.00353	2.56	98879	349	493545	5598553	56.62
2014	30-34	0.00087	0.00434	2.55	98530	428	491605	5105008	51.81
2014	35-39	0.00107	0.00534	2.55	98102	524	489228	4613403	47.03
2014	40-44	0.00161	0.00804	2.69	97579	784	486085	4124175	42.27
2014	45-49	0.00254	0.01263	2.71	96795	1222	481173	3638090	37.59
2014	50-54	0.00397	0.01965	2.62	95573	1878	473403	3156917	33.03
2014	55-59	0.00600	0.02957	2.65	93695	2771	461974	2683514	28.64
2014	60-64	0.00881	0.04316	2.61	90924	3925	445247	2221540	24.43
2014	65-69	0.01280	0.06210	2.61	86999	5403	422070	1776292	20.42
2014	70-74	0.01983	0.09468	2.61	81596	7726	389541	1354223	16.60
2014	75-79	0.03143	0.14629	2.64	73871	10806	343818	964682	13.06
2014	80-84	0.05300	0.23547	2.64	63064	14850	280207	620863	9.84
2014	85-89	0.09379	0.38082	2.53	48214	18361	195772	340657	7.07
2014	90-94	0.16948	0.58734	2.39	29853	17534	103457	144884	4.85
2014	95-99	0.27202	0.76415	2.13	12319	9414	34607	41427	3.36
2014	100-104	0.41315	0.89312	1.82	2906	2595	6281	6820	2.35
2014	105-109	0.57152	0.95621	1.52	311	297	520	539	1.74
2014	110+	0.69877	1.00000	1.43	14	14	19	19	1.43
2015	0	0.00454	0.00453	0.06	100000	453	99575	8077585	80.78
2015	1-4	0.00019	0.00077	1.76	99547	77	398018	7978010	80.14
2015	5-9	0.00009	0.00043	2.33	99471	43	497240	7579992	76.20
2015	10-14	0.00011	0.00056	2.74	99428	56	497015	7082752	71.23
2015	15-19	0.00031	0.00155	2.97	99373	154	496550	6585737	66.27
2015	20-24	0.00069	0.00346	2.62	99218	343	495273	6089187	61.37
2015	25-29	0.00078	0.00389	2.55	98875	384	493432	5593914	56.58
2015	30-34	0.00094	0.00470	2.59	98491	463	491337	5100482	51.79
2015	35-39	0.00119	0.00594	2.66	98028	583	488779	4609144	47.02
2015	40-44	0.00158	0.00785	2.66	97445	765	485438	4120365	42.28
2015	45-49	0.00250	0.01243	2.66	96680	1202	480586	3634928	37.60
2015	50-54	0.00402	0.01990	2.67	95479	1900	472966	3154341	33.04
2015	55-59	0.00586	0.02888	2.66	93578	2703	461568	2681375	28.65
2015	60-64	0.00866	0.04246	2.66	90876	3859	445359	2219808	24.43
2015	65-69	0.01280	0.06210	2.64	87017	5404	422314	1774449	20.39
2015	70-74	0.01974	0.09425	2.62	81614	7692	389730	1352135	16.57
2015	75-79	0.03166	0.14725	2.63	73921	10885	343820	962405	13.02
2015	80-84	0.05249	0.23327	2.62	63037	14704	280134	618585	9.81
2015	85-89	0.09577	0.38781	2.55	48332	18744	195716	338451	7.00
2015	90-94	0.17007	0.58788	2.37	29588	17394	102279	142735	4.82
2015	95-99	0.27634	0.77001	2.13	12194	9389	33978	40456	3.32
2015	100-104	0.42045	0.89765	1.81	2805	2518	5988	6478	2.31
2015	105-109	0.58108	0.95861	1.51	287	275	474	490	1.71
2015	110+	0.70907	1.00000	1.41	12	12	17	17	1.41
2016	0	0.00442	0.00440	0.06	100000	440	99587	8074811	80.75
2016	1-4	0.00016	0.00066	1.66	99560	65	398086	7975224	80.10
2016	5-9	0.00011	0.00053	2.4	99495	52	497337	7577138	76.16
2016	10-14	0.00012	0.00059	2.67	99442	58	497075	7079801	71.20
2016	15-19	0.00033	0.00166	3.03	99384	165	496594	6582726	66.24
2016	20-24	0.00076	0.00379	2.61	99218	376	495194	6086132	61.34
2016	25-29	0.00090	0.00449	2.46	98843	444	493086	5590939	56.56
2016	30-34	0.00112	0.00558	2.57	98399	549	490657	5097853	51.81
2016	35-39	0.00135	0.00674	2.62	97850	660	487681	4607196	47.08
2016	40-44	0.00170	0.00847	2.62	97190	823	483994	4119515	42.39
2016	45-49	0.00247	0.01229	2.67	96367	1185	479079	3635521	37.73
2016	50-54	0.00411	0.02038	2.68	95183	1940	471403	3156443	33.16
2016	55-59	0.00606	0.02990	2.65	93243	2788	459655	2685039	28.80
2016	60-64	0.00881	0.04314	2.65	90455	3902	443089	2225384	24.60
2016	65-69	0.01287	0.06245	2.66	86553	5405	420096	1782295	20.59
2016	70-74	0.01979	0.09456	2.65	81148	7674	387704	1362199	16.79
2016	75-79	0.03106	0.14468	2.63	73474	10630	342196	974495	13.26
2016	80-84	0.05063	0.22580	2.61	62844	14190	280249	632299	10.06
2016	85-89	0.09064	0.37104	2.56	48654	18052	199155	352051	7.24
2016	90-94	0.16293	0.57152	2.39	30601	17489	107340	152896	5.00
2016	95-99	0.26146	0.74975	2.16	13112	9831	37600	45555	3.47
2016	100-104	0.39869	0.88386	1.85	3281	2900	7274	7955	2.42
2016	105-109	0.55482	0.95180	1.55	381	363	654	681	1.79
2016	110+	0.68196	1.00000	1.47	18	18	27	27	1.47
2017	0	0.00449	0.00447	0.06	100000	447	99580	8093787	80.94
2017	1-4	0.00018	0.00071	1.49	99553	71	398034	7994207	80.30
2017	5-9	0.00009	0.00047	2.23	99482	46	497282	7596174	76.36
2017	10-14	0.00012	0.00060	2.9	99436	59	497053	7098892	71.39
2017	15-19	0.00032	0.00160	2.93	99376	159	496554	6601839	66.43
2017	20-24	0.00065	0.00327	2.66	99218	324	495328	6105285	61.53
2017	25-29	0.00092	0.00457	2.63	98893	452	493396	5609957	56.73
2017	30-34	0.00106	0.00527	2.63	98442	518	490979	5116560	51.98
2017	35-39	0.00136	0.00679	2.55	97923	665	487989	4625581	47.24
2017	40-44	0.00166	0.00826	2.56	97258	803	484332	4137592	42.54
2017	45-49	0.00253	0.01258	2.64	96455	1213	479411	3653259	37.88
2017	50-54	0.00397	0.01968	2.67	95242	1874	471838	3173849	33.32
2017	55-59	0.00589	0.02907	2.66	93368	2714	460486	2702011	28.94
2017	60-64	0.00876	0.04289	2.63	90653	3888	444053	2241524	24.73
2017	65-69	0.01239	0.06019	2.63	86765	5222	421462	1797471	20.72
2017	70-74	0.01963	0.09385	2.66	81543	7653	389783	1376009	16.87
2017	75-79	0.03039	0.14188	2.66	73891	10483	344942	986225	13.35
2017	80-84	0.05013	0.22366	2.59	63407	14182	282922	641284	10.11
2017	85-89	0.08910	0.36619	2.57	49225	18026	202306	358361	7.28
2017	90-94	0.16244	0.57065	2.39	31199	17804	109603	156055	5.00
2017	95-99	0.26181	0.75051	2.16	13395	10053	38400	46452	3.47
2017	100-104	0.40132	0.88584	1.85	3342	2961	7377	8052	2.41
2017	105-109	0.56018	0.95339	1.54	382	364	649	675	1.77
2017	110+	0.68915	1.00000	1.45	18	18	26	26	1.45
2018	0	0.00425	0.00423	0.06	100000	423	99603	8104840	81.05
2018	1-4	0.00018	0.00073	1.66	99577	73	398137	8005237	80.39
2018	5-9	0.00010	0.00049	2.56	99504	49	497401	7607100	76.45
2018	10-14	0.00013	0.00067	2.54	99455	66	497113	7109698	71.49
2018	15-19	0.00030	0.00149	2.75	99389	148	496612	6612585	66.53
2018	20-24	0.00062	0.00308	2.66	99241	305	495489	6115974	61.63
2018	25-29	0.00087	0.00435	2.6	98935	431	493641	5620485	56.81
2018	30-34	0.00100	0.00499	2.54	98504	491	491313	5126844	52.05
2018	35-39	0.00131	0.00655	2.63	98013	642	488544	4635531	47.29
2018	40-44	0.00170	0.00848	2.63	97371	826	484896	4146987	42.59
2018	45-49	0.00253	0.01256	2.65	96546	1212	479875	3662091	37.93
2018	50-54	0.00388	0.01922	2.65	95334	1832	472359	3182216	33.38
2018	55-59	0.00599	0.02953	2.61	93501	2761	460920	2709857	28.98
2018	60-64	0.00857	0.04201	2.65	90740	3812	444742	2248937	24.78
2018	65-69	0.01255	0.06093	2.61	86929	5297	421996	1804195	20.75
2018	70-74	0.01906	0.09115	2.63	81632	7441	390489	1382199	16.93
2018	75-79	0.03078	0.14337	2.61	74191	10637	345560	991710	13.37
2018	80-84	0.05020	0.22389	2.59	63554	14229	283427	646150	10.17
2018	85-89	0.08831	0.36360	2.57	49325	17934	203077	362723	7.35
2018	90-94	0.15861	0.56208	2.41	31391	17644	111245	159646	5.09
2018	95-99	0.25716	0.74372	2.17	13747	10224	39756	48400	3.52
2018	100-104	0.39335	0.88033	1.86	3523	3101	7884	8645	2.45
2018	105-109	0.54943	0.95033	1.56	422	401	729	760	1.80
2018	110+	0.67715	1.00000	1.48	21	21	31	31	1.48
2019	0	0.00424	0.00423	0.06	100000	423	99603	8122965	81.23
2019	1-4	0.00017	0.00068	1.71	99577	68	398154	8023362	80.57
2019	5-9	0.00012	0.00058	2.38	99509	58	497396	7625208	76.63
2019	10-14	0.00012	0.00061	2.7	99452	60	497120	7127812	71.67
2019	15-19	0.00028	0.00140	2.92	99391	139	496669	6630692	66.71
2019	20-24	0.00066	0.00330	2.64	99253	328	495490	6134023	61.80
2019	25-29	0.00084	0.00421	2.64	98925	416	493642	5638533	57.00
2019	30-34	0.00107	0.00534	2.59	98509	526	491278	5144891	52.23
2019	35-39	0.00133	0.00665	2.57	97983	651	488337	4653613	47.49
2019	40-44	0.00177	0.00879	2.55	97332	856	484568	4165276	42.79
2019	45-49	0.00242	0.01203	2.68	96476	1161	479693	3680709	38.15
2019	50-54	0.00389	0.01929	2.68	95315	1839	472308	3201016	33.58
2019	55-59	0.00579	0.02854	2.63	93477	2668	461060	2728708	29.19
2019	60-64	0.00867	0.04249	2.63	90809	3858	444891	2267647	24.97
2019	65-69	0.01264	0.06133	2.6	86951	5333	421964	1822757	20.96
2019	70-74	0.01877	0.08985	2.64	81618	7333	390749	1400793	17.16
2019	75-79	0.03003	0.14010	2.61	74285	10408	346550	1010044	13.60
2019	80-84	0.04938	0.22073	2.6	63877	14100	285549	663494	10.39
2019	85-89	0.08485	0.35217	2.59	49778	17530	206609	377945	7.59
2019	90-94	0.14966	0.54004	2.42	32248	17415	116360	171336	5.31
2019	95-99	0.24160	0.72023	2.2	14833	10683	44217	54976	3.71
2019	100-104	0.36998	0.86306	1.91	4150	3581	9680	10759	2.59
2019	105-109	0.52068	0.94135	1.61	568	535	1027	1079	1.90
2019	110+	0.64675	1.00000	1.55	33	33	52	52	1.55
