NY: New York, Lifetables (period 1x10), Both sexes Last modified: 20 Dec 2020, MPv5 (May07) 

Year     	Age	mx	qx	ax	lx	dx	Lx	Tx	ex
1960-1969	0	0.02353	0.02305	0.11	100000	2305	97957	6994750	69.95
1960-1969	1	0.00129	0.00129	0.5	97695	126	97632	6896793	70.60
1960-1969	2	0.00085	0.00085	0.5	97568	83	97527	6799162	69.69
1960-1969	3	0.00067	0.00067	0.5	97486	65	97453	6701635	68.74
1960-1969	4	0.00059	0.00059	0.5	97420	57	97392	6604181	67.79
1960-1969	5	0.00053	0.00053	0.5	97363	51	97337	6506790	66.83
1960-1969	6	0.00046	0.00046	0.5	97312	44	97290	6409452	65.87
1960-1969	7	0.00041	0.00041	0.5	97267	40	97247	6312163	64.89
1960-1969	8	0.00036	0.00036	0.5	97227	35	97210	6214915	63.92
1960-1969	9	0.00033	0.00033	0.5	97193	32	97176	6117705	62.94
1960-1969	10	0.00031	0.00031	0.5	97160	30	97145	6020529	61.96
1960-1969	11	0.00033	0.00033	0.5	97130	32	97114	5923383	60.98
1960-1969	12	0.00034	0.00034	0.5	97098	33	97082	5826269	60.00
1960-1969	13	0.00040	0.00040	0.5	97065	39	97045	5729187	59.02
1960-1969	14	0.00044	0.00044	0.5	97026	42	97005	5632142	58.05
1960-1969	15	0.00052	0.00052	0.5	96984	51	96958	5535137	57.07
1960-1969	16	0.00063	0.00063	0.5	96933	61	96902	5438179	56.10
1960-1969	17	0.00082	0.00082	0.5	96872	79	96832	5341277	55.14
1960-1969	18	0.00106	0.00105	0.5	96793	102	96742	5244444	54.18
1960-1969	19	0.00113	0.00113	0.5	96691	109	96636	5147703	53.24
1960-1969	20	0.00116	0.00116	0.5	96582	112	96525	5051066	52.30
1960-1969	21	0.00119	0.00119	0.5	96469	115	96412	4954541	51.36
1960-1969	22	0.00122	0.00122	0.5	96354	118	96295	4858129	50.42
1960-1969	23	0.00119	0.00119	0.5	96237	114	96179	4761834	49.48
1960-1969	24	0.00123	0.00123	0.5	96122	118	96063	4665654	48.54
1960-1969	25	0.00124	0.00124	0.5	96005	119	95945	4569591	47.60
1960-1969	26	0.00126	0.00125	0.5	95885	120	95825	4473646	46.66
1960-1969	27	0.00134	0.00134	0.5	95765	128	95701	4377821	45.71
1960-1969	28	0.00132	0.00132	0.5	95637	126	95574	4282120	44.77
1960-1969	29	0.00141	0.00141	0.5	95511	135	95444	4186546	43.83
1960-1969	30	0.00153	0.00153	0.5	95376	146	95303	4091103	42.89
1960-1969	31	0.00158	0.00157	0.5	95230	150	95155	3995800	41.96
1960-1969	32	0.00169	0.00169	0.5	95081	160	95000	3900644	41.02
1960-1969	33	0.00173	0.00173	0.5	94920	164	94838	3805644	40.09
1960-1969	34	0.00190	0.00190	0.5	94756	180	94666	3710805	39.16
1960-1969	35	0.00213	0.00213	0.5	94576	201	94475	3616140	38.24
1960-1969	36	0.00218	0.00217	0.5	94375	205	94272	3521664	37.32
1960-1969	37	0.00240	0.00240	0.5	94169	226	94057	3427392	36.40
1960-1969	38	0.00262	0.00262	0.5	93944	246	93821	3333336	35.48
1960-1969	39	0.00286	0.00285	0.5	93698	267	93564	3239515	34.57
1960-1969	40	0.00327	0.00326	0.5	93431	305	93278	3145951	33.67
1960-1969	41	0.00328	0.00328	0.5	93126	305	92973	3052673	32.78
1960-1969	42	0.00384	0.00383	0.5	92821	356	92643	2959699	31.89
1960-1969	43	0.00402	0.00402	0.5	92465	371	92279	2867057	31.01
1960-1969	44	0.00437	0.00436	0.5	92093	402	91892	2774778	30.13
1960-1969	45	0.00496	0.00495	0.5	91691	454	91464	2682885	29.26
1960-1969	46	0.00523	0.00521	0.5	91237	476	91000	2591421	28.40
1960-1969	47	0.00580	0.00578	0.5	90762	524	90500	2500421	27.55
1960-1969	48	0.00639	0.00637	0.5	90238	575	89950	2409921	26.71
1960-1969	49	0.00699	0.00697	0.5	89663	625	89351	2319971	25.87
1960-1969	50	0.00796	0.00793	0.5	89038	706	88685	2230621	25.05
1960-1969	51	0.00830	0.00826	0.5	88332	730	87967	2141936	24.25
1960-1969	52	0.00934	0.00930	0.5	87602	815	87195	2053968	23.45
1960-1969	53	0.01004	0.00999	0.5	86788	867	86354	1966774	22.66
1960-1969	54	0.01095	0.01089	0.5	85921	935	85453	1880419	21.89
1960-1969	55	0.01209	0.01202	0.5	84986	1021	84475	1794966	21.12
1960-1969	56	0.01289	0.01281	0.5	83964	1075	83427	1710491	20.37
1960-1969	57	0.01399	0.01390	0.5	82889	1152	82313	1627064	19.63
1960-1969	58	0.01534	0.01522	0.5	81737	1244	81115	1544751	18.90
1960-1969	59	0.01665	0.01652	0.5	80493	1329	79828	1463636	18.18
1960-1969	60	0.01858	0.01841	0.5	79164	1457	78435	1383807	17.48
1960-1969	61	0.01917	0.01899	0.5	77706	1476	76969	1305372	16.80
1960-1969	62	0.02233	0.02208	0.5	76231	1683	75389	1228404	16.11
1960-1969	63	0.02306	0.02280	0.5	74548	1699	73698	1153015	15.47
1960-1969	64	0.02475	0.02444	0.5	72848	1781	71958	1079317	14.82
1960-1969	65	0.02887	0.02846	0.5	71068	2022	70056	1007359	14.17
1960-1969	66	0.02880	0.02840	0.5	69045	1961	68065	937302	13.58
1960-1969	67	0.03259	0.03206	0.5	67085	2151	66009	869237	12.96
1960-1969	68	0.03533	0.03471	0.5	64934	2254	63807	803228	12.37
1960-1969	69	0.03713	0.03646	0.5	62680	2285	61537	739422	11.80
1960-1969	70	0.04290	0.04200	0.5	60395	2536	59126	677885	11.22
1960-1969	71	0.04268	0.04179	0.5	57858	2418	56649	618758	10.69
1960-1969	72	0.05150	0.05020	0.5	55440	2783	54049	562109	10.14
1960-1969	73	0.05365	0.05225	0.5	52657	2751	51281	508060	9.65
1960-1969	74	0.05840	0.05674	0.5	49906	2832	48490	456779	9.15
1960-1969	75	0.06617	0.06405	0.5	47074	3015	45567	408289	8.67
1960-1969	76	0.06809	0.06585	0.5	44059	2901	42608	362722	8.23
1960-1969	77	0.07248	0.06994	0.5	41158	2879	39718	320114	7.78
1960-1969	78	0.08260	0.07932	0.5	38279	3036	36761	280395	7.33
1960-1969	79	0.08681	0.08320	0.5	35243	2932	33777	243635	6.91
1960-1969	80	0.10553	0.10024	0.5	32311	3239	30691	209858	6.50
1960-1969	81	0.10210	0.09714	0.5	29072	2824	27660	179167	6.16
1960-1969	82	0.11773	0.11119	0.5	26248	2918	24788	151507	5.77
1960-1969	83	0.12935	0.12150	0.5	23329	2834	21912	126719	5.43
1960-1969	84	0.14241	0.13295	0.5	20495	2725	19132	104807	5.11
1960-1969	85	0.15829	0.14668	0.5	17770	2607	16467	85674	4.82
1960-1969	86	0.16757	0.15462	0.5	15164	2345	13991	69207	4.56
1960-1969	87	0.17945	0.16468	0.5	12819	2111	11764	55216	4.31
1960-1969	88	0.19389	0.17675	0.5	10708	1893	9762	43453	4.06
1960-1969	89	0.20795	0.18836	0.5	8815	1660	7985	33691	3.82
1960-1969	90	0.24025	0.21449	0.5	7155	1535	6388	25706	3.59
1960-1969	91	0.23166	0.20761	0.5	5620	1167	5037	19318	3.44
1960-1969	92	0.26432	0.23347	0.5	4453	1040	3934	14281	3.21
1960-1969	93	0.28271	0.24770	0.5	3414	846	2991	10348	3.03
1960-1969	94	0.30611	0.26547	0.5	2568	682	2227	7357	2.86
1960-1969	95	0.32388	0.27874	0.5	1886	526	1623	5130	2.72
1960-1969	96	0.34571	0.29476	0.5	1361	401	1160	3506	2.58
1960-1969	97	0.36825	0.31099	0.5	960	298	810	2346	2.45
1960-1969	98	0.39141	0.32735	0.5	661	216	553	1536	2.32
1960-1969	99	0.41510	0.34376	0.5	445	153	368	983	2.21
1960-1969	100	0.43922	0.36013	0.5	292	105	239	615	2.11
1960-1969	101	0.46367	0.37640	0.5	187	70	152	375	2.01
1960-1969	102	0.48831	0.39249	0.5	116	46	94	224	1.92
1960-1969	103	0.51305	0.40831	0.5	71	29	56	130	1.84
1960-1969	104	0.53774	0.42380	0.5	42	18	33	74	1.77
1960-1969	105	0.56229	0.43889	0.5	24	11	19	41	1.70
1960-1969	106	0.58655	0.45354	0.5	14	6	10	22	1.64
1960-1969	107	0.61043	0.46769	0.5	7	3	6	12	1.58
1960-1969	108	0.63381	0.48129	0.5	4	2	3	6	1.54
1960-1969	109	0.65660	0.49432	0.5	2	1	2	3	1.50
1960-1969	110+	0.67872	1.00000	1.47	1	1	2	2	1.47
1970-1979	0	0.01654	0.01629	0.09	100000	1629	98524	7208287	72.08
1970-1979	1	0.00094	0.00094	0.5	98371	92	98325	7109763	72.28
1970-1979	2	0.00068	0.00068	0.5	98279	67	98245	7011438	71.34
1970-1979	3	0.00053	0.00053	0.5	98212	52	98185	6913193	70.39
1970-1979	4	0.00046	0.00046	0.5	98159	45	98137	6815007	69.43
1970-1979	5	0.00043	0.00043	0.5	98114	42	98093	6716871	68.46
1970-1979	6	0.00036	0.00036	0.5	98072	35	98055	6618777	67.49
1970-1979	7	0.00034	0.00034	0.5	98037	34	98020	6520723	66.51
1970-1979	8	0.00030	0.00030	0.5	98003	29	97989	6422703	65.54
1970-1979	9	0.00027	0.00027	0.5	97974	27	97961	6324714	64.56
1970-1979	10	0.00026	0.00026	0.5	97947	25	97935	6226753	63.57
1970-1979	11	0.00026	0.00026	0.5	97922	25	97909	6128819	62.59
1970-1979	12	0.00030	0.00030	0.5	97896	29	97882	6030910	61.60
1970-1979	13	0.00034	0.00034	0.5	97867	34	97850	5933028	60.62
1970-1979	14	0.00041	0.00041	0.5	97834	40	97814	5835177	59.64
1970-1979	15	0.00053	0.00053	0.5	97794	52	97768	5737364	58.67
1970-1979	16	0.00070	0.00069	0.5	97742	68	97708	5639596	57.70
1970-1979	17	0.00092	0.00092	0.5	97674	90	97629	5541888	56.74
1970-1979	18	0.00113	0.00113	0.5	97585	110	97529	5444259	55.79
1970-1979	19	0.00120	0.00119	0.5	97474	116	97416	5346729	54.85
1970-1979	20	0.00133	0.00133	0.5	97358	129	97293	5249313	53.92
1970-1979	21	0.00137	0.00137	0.5	97229	133	97162	5152020	52.99
1970-1979	22	0.00138	0.00138	0.5	97096	134	97029	5054857	52.06
1970-1979	23	0.00137	0.00137	0.5	96962	133	96895	4957828	51.13
1970-1979	24	0.00136	0.00136	0.5	96829	132	96763	4860933	50.20
1970-1979	25	0.00141	0.00141	0.5	96697	136	96629	4764170	49.27
1970-1979	26	0.00137	0.00137	0.5	96561	132	96495	4667541	48.34
1970-1979	27	0.00141	0.00141	0.5	96429	136	96361	4571046	47.40
1970-1979	28	0.00144	0.00144	0.5	96293	138	96224	4474685	46.47
1970-1979	29	0.00141	0.00141	0.5	96155	136	96087	4378462	45.54
1970-1979	30	0.00152	0.00152	0.5	96019	145	95946	4282375	44.60
1970-1979	31	0.00148	0.00148	0.5	95874	142	95803	4186428	43.67
1970-1979	32	0.00159	0.00159	0.5	95732	152	95655	4090626	42.73
1970-1979	33	0.00168	0.00168	0.5	95579	161	95499	3994970	41.80
1970-1979	34	0.00174	0.00174	0.5	95418	166	95335	3899472	40.87
1970-1979	35	0.00201	0.00200	0.5	95252	191	95157	3804137	39.94
1970-1979	36	0.00203	0.00202	0.5	95061	192	94965	3708980	39.02
1970-1979	37	0.00217	0.00217	0.5	94869	206	94766	3614015	38.09
1970-1979	38	0.00240	0.00240	0.5	94663	227	94550	3519249	37.18
1970-1979	39	0.00260	0.00260	0.5	94436	245	94314	3424699	36.26
1970-1979	40	0.00288	0.00287	0.5	94191	270	94056	3330386	35.36
1970-1979	41	0.00297	0.00297	0.5	93920	278	93781	3236330	34.46
1970-1979	42	0.00342	0.00341	0.5	93642	319	93482	3142549	33.56
1970-1979	43	0.00373	0.00372	0.5	93323	347	93149	3049067	32.67
1970-1979	44	0.00385	0.00384	0.5	92975	357	92797	2955918	31.79
1970-1979	45	0.00457	0.00456	0.5	92618	423	92406	2863122	30.91
1970-1979	46	0.00490	0.00489	0.5	92195	451	91970	2770715	30.05
1970-1979	47	0.00523	0.00521	0.5	91745	478	91505	2678745	29.20
1970-1979	48	0.00567	0.00566	0.5	91266	516	91008	2587240	28.35
1970-1979	49	0.00617	0.00615	0.5	90750	558	90471	2496232	27.51
1970-1979	50	0.00684	0.00682	0.5	90192	615	89884	2405761	26.67
1970-1979	51	0.00716	0.00713	0.5	89577	639	89257	2315876	25.85
1970-1979	52	0.00790	0.00787	0.5	88938	700	88588	2226619	25.04
1970-1979	53	0.00850	0.00847	0.5	88238	747	87865	2138031	24.23
1970-1979	54	0.00917	0.00913	0.5	87491	799	87092	2050166	23.43
1970-1979	55	0.01018	0.01013	0.5	86692	878	86253	1963074	22.64
1970-1979	56	0.01104	0.01098	0.5	85814	942	85343	1876821	21.87
1970-1979	57	0.01195	0.01188	0.5	84872	1008	84368	1791478	21.11
1970-1979	58	0.01307	0.01298	0.5	83864	1089	83319	1707110	20.36
1970-1979	59	0.01411	0.01401	0.5	82775	1159	82195	1623791	19.62
1970-1979	60	0.01602	0.01589	0.5	81615	1297	80967	1541596	18.89
1970-1979	61	0.01660	0.01646	0.5	80318	1322	79657	1460629	18.19
1970-1979	62	0.01863	0.01846	0.5	78996	1458	78267	1380972	17.48
1970-1979	63	0.01983	0.01963	0.5	77538	1522	76777	1302705	16.80
1970-1979	64	0.02138	0.02115	0.5	76016	1608	75212	1225928	16.13
1970-1979	65	0.02413	0.02384	0.5	74408	1774	73521	1150715	15.46
1970-1979	66	0.02475	0.02445	0.5	72634	1776	71747	1077194	14.83
1970-1979	67	0.02726	0.02689	0.5	70859	1905	69906	1005448	14.19
1970-1979	68	0.02937	0.02895	0.5	68953	1996	67955	935542	13.57
1970-1979	69	0.03176	0.03127	0.5	66957	2093	65910	867586	12.96
1970-1979	70	0.03545	0.03484	0.5	64864	2260	63734	801676	12.36
1970-1979	71	0.03713	0.03645	0.5	62604	2282	61463	737942	11.79
1970-1979	72	0.04172	0.04086	0.5	60322	2465	59090	676479	11.21
1970-1979	73	0.04469	0.04372	0.5	57857	2529	56593	617389	10.67
1970-1979	74	0.04886	0.04769	0.5	55328	2639	54008	560797	10.14
1970-1979	75	0.05504	0.05356	0.5	52689	2822	51278	506788	9.62
1970-1979	76	0.05741	0.05581	0.5	49867	2783	48475	455510	9.13
1970-1979	77	0.06203	0.06016	0.5	47084	2833	45667	407035	8.64
1970-1979	78	0.06920	0.06688	0.5	44251	2960	42771	361368	8.17
1970-1979	79	0.07521	0.07248	0.5	41291	2993	39795	318596	7.72
1970-1979	80	0.08703	0.08340	0.5	38298	3194	36701	278802	7.28
1970-1979	81	0.08946	0.08563	0.5	35104	3006	33601	242100	6.90
1970-1979	82	0.09994	0.09518	0.5	32098	3055	30571	208499	6.50
1970-1979	83	0.10986	0.10414	0.5	29043	3025	27531	177928	6.13
1970-1979	84	0.12015	0.11334	0.5	26019	2949	24544	150397	5.78
1970-1979	85	0.13254	0.12430	0.5	23070	2868	21636	125853	5.46
1970-1979	86	0.14163	0.13226	0.5	20202	2672	18866	104217	5.16
1970-1979	87	0.15153	0.14085	0.5	17530	2469	16295	85351	4.87
1970-1979	88	0.16364	0.15127	0.5	15061	2278	13922	69056	4.59
1970-1979	89	0.17704	0.16264	0.5	12783	2079	11743	55134	4.31
1970-1979	90	0.20087	0.18254	0.5	10704	1954	9727	43391	4.05
1970-1979	91	0.20376	0.18492	0.5	8750	1618	7941	33664	3.85
1970-1979	92	0.22875	0.20527	0.5	7132	1464	6400	25724	3.61
1970-1979	93	0.24535	0.21854	0.5	5668	1239	5049	19324	3.41
1970-1979	94	0.26470	0.23376	0.5	4429	1035	3911	14275	3.22
1970-1979	95	0.28078	0.24622	0.5	3394	836	2976	10364	3.05
1970-1979	96	0.30089	0.26154	0.5	2558	669	2224	7388	2.89
1970-1979	97	0.32184	0.27723	0.5	1889	524	1627	5164	2.73
1970-1979	98	0.34358	0.29321	0.5	1365	400	1165	3537	2.59
1970-1979	99	0.36604	0.30941	0.5	965	299	816	2372	2.46
1970-1979	100	0.38915	0.32577	0.5	666	217	558	1556	2.33
1970-1979	101	0.41283	0.34219	0.5	449	154	372	998	2.22
1970-1979	102	0.43696	0.35861	0.5	296	106	243	625	2.12
1970-1979	103	0.46144	0.37493	0.5	190	71	154	383	2.02
1970-1979	104	0.48615	0.39109	0.5	119	46	95	229	1.93
1970-1979	105	0.51097	0.40699	0.5	72	29	57	134	1.85
1970-1979	106	0.53579	0.42258	0.5	43	18	34	76	1.78
1970-1979	107	0.56046	0.43778	0.5	25	11	19	42	1.71
1970-1979	108	0.58489	0.45254	0.5	14	6	11	23	1.65
1970-1979	109	0.60893	0.46681	0.5	8	4	6	12	1.61
1970-1979	110+	0.63250	1.00000	1.58	4	4	6	6	1.58
1980-1989	0	0.01170	0.01157	0.08	100000	1157	98936	7394453	73.94
1980-1989	1	0.00074	0.00074	0.5	98843	73	98806	7295517	73.81
1980-1989	2	0.00051	0.00051	0.5	98769	51	98744	7196711	72.86
1980-1989	3	0.00041	0.00041	0.5	98719	41	98698	7097967	71.90
1980-1989	4	0.00032	0.00032	0.5	98678	32	98662	6999268	70.93
1980-1989	5	0.00028	0.00028	0.5	98646	27	98632	6900606	69.95
1980-1989	6	0.00026	0.00025	0.5	98619	25	98606	6801974	68.97
1980-1989	7	0.00025	0.00025	0.5	98594	25	98581	6703368	67.99
1980-1989	8	0.00022	0.00022	0.5	98569	22	98558	6604786	67.01
1980-1989	9	0.00021	0.00021	0.5	98547	21	98537	6506228	66.02
1980-1989	10	0.00021	0.00021	0.5	98527	20	98516	6407691	65.04
1980-1989	11	0.00021	0.00021	0.5	98506	21	98496	6309175	64.05
1980-1989	12	0.00024	0.00024	0.5	98485	24	98473	6210679	63.06
1980-1989	13	0.00026	0.00026	0.5	98461	26	98449	6112205	62.08
1980-1989	14	0.00034	0.00034	0.5	98436	34	98419	6013757	61.09
1980-1989	15	0.00044	0.00043	0.5	98402	43	98380	5915338	60.11
1980-1989	16	0.00057	0.00057	0.5	98359	56	98331	5816958	59.14
1980-1989	17	0.00073	0.00073	0.5	98303	72	98267	5718627	58.17
1980-1989	18	0.00089	0.00089	0.5	98232	87	98188	5620359	57.22
1980-1989	19	0.00096	0.00096	0.5	98144	94	98097	5522171	56.27
1980-1989	20	0.00104	0.00104	0.5	98050	102	97999	5424074	55.32
1980-1989	21	0.00107	0.00107	0.5	97948	104	97896	5326075	54.38
1980-1989	22	0.00110	0.00110	0.5	97844	108	97790	5228179	53.43
1980-1989	23	0.00115	0.00115	0.5	97736	112	97680	5130389	52.49
1980-1989	24	0.00117	0.00117	0.5	97624	115	97567	5032709	51.55
1980-1989	25	0.00129	0.00129	0.5	97509	125	97447	4935142	50.61
1980-1989	26	0.00131	0.00131	0.5	97384	128	97320	4837696	49.68
1980-1989	27	0.00136	0.00136	0.5	97256	132	97190	4740376	48.74
1980-1989	28	0.00151	0.00151	0.5	97124	147	97050	4643186	47.81
1980-1989	29	0.00152	0.00152	0.5	96977	147	96904	4546135	46.88
1980-1989	30	0.00173	0.00173	0.5	96830	168	96746	4449232	45.95
1980-1989	31	0.00174	0.00174	0.5	96662	168	96578	4352485	45.03
1980-1989	32	0.00187	0.00187	0.5	96494	180	96404	4255907	44.11
1980-1989	33	0.00203	0.00203	0.5	96314	195	96216	4159503	43.19
1980-1989	34	0.00200	0.00200	0.5	96119	192	96022	4063287	42.27
1980-1989	35	0.00221	0.00221	0.5	95926	212	95820	3967265	41.36
1980-1989	36	0.00230	0.00230	0.5	95715	220	95605	3871444	40.45
1980-1989	37	0.00234	0.00234	0.5	95495	223	95383	3775840	39.54
1980-1989	38	0.00259	0.00259	0.5	95271	247	95148	3680457	38.63
1980-1989	39	0.00248	0.00248	0.5	95024	235	94907	3585309	37.73
1980-1989	40	0.00281	0.00280	0.5	94789	266	94656	3490402	36.82
1980-1989	41	0.00287	0.00286	0.5	94523	271	94388	3395746	35.92
1980-1989	42	0.00313	0.00313	0.5	94253	295	94105	3301358	35.03
1980-1989	43	0.00333	0.00332	0.5	93958	312	93802	3207253	34.14
1980-1989	44	0.00346	0.00346	0.5	93646	324	93484	3113451	33.25
1980-1989	45	0.00388	0.00388	0.5	93322	362	93141	3019968	32.36
1980-1989	46	0.00411	0.00410	0.5	92960	382	92769	2926827	31.48
1980-1989	47	0.00458	0.00457	0.5	92578	423	92367	2834058	30.61
1980-1989	48	0.00500	0.00499	0.5	92155	460	91925	2741691	29.75
1980-1989	49	0.00502	0.00501	0.5	91695	459	91466	2649766	28.90
1980-1989	50	0.00593	0.00592	0.5	91236	540	90966	2558300	28.04
1980-1989	51	0.00636	0.00634	0.5	90697	575	90409	2467333	27.20
1980-1989	52	0.00696	0.00694	0.5	90121	625	89809	2376924	26.37
1980-1989	53	0.00744	0.00741	0.5	89496	663	89165	2287116	25.56
1980-1989	54	0.00787	0.00783	0.5	88833	696	88485	2197951	24.74
1980-1989	55	0.00879	0.00875	0.5	88137	771	87752	2109466	23.93
1980-1989	56	0.00957	0.00952	0.5	87366	832	86950	2021714	23.14
1980-1989	57	0.01012	0.01007	0.5	86534	871	86098	1934765	22.36
1980-1989	58	0.01140	0.01134	0.5	85663	971	85177	1848666	21.58
1980-1989	59	0.01195	0.01187	0.5	84691	1006	84189	1763489	20.82
1980-1989	60	0.01343	0.01334	0.5	83686	1116	83128	1679301	20.07
1980-1989	61	0.01433	0.01423	0.5	82570	1175	81982	1596173	19.33
1980-1989	62	0.01647	0.01634	0.5	81395	1330	80730	1514191	18.60
1980-1989	63	0.01729	0.01714	0.5	80065	1373	79379	1433460	17.90
1980-1989	64	0.01805	0.01789	0.5	78693	1408	77989	1354082	17.21
1980-1989	65	0.02043	0.02023	0.5	77285	1563	76503	1276093	16.51
1980-1989	66	0.02187	0.02164	0.5	75722	1638	74902	1199590	15.84
1980-1989	67	0.02348	0.02321	0.5	74083	1719	73224	1124687	15.18
1980-1989	68	0.02595	0.02562	0.5	72364	1854	71437	1051464	14.53
1980-1989	69	0.02732	0.02696	0.5	70510	1901	69560	980027	13.90
1980-1989	70	0.03029	0.02984	0.5	68609	2047	67586	910467	13.27
1980-1989	71	0.03284	0.03231	0.5	66562	2150	65487	842881	12.66
1980-1989	72	0.03667	0.03601	0.5	64412	2320	63252	777394	12.07
1980-1989	73	0.03952	0.03875	0.5	62092	2406	60889	714141	11.50
1980-1989	74	0.04109	0.04026	0.5	59686	2403	58484	653252	10.94
1980-1989	75	0.04510	0.04411	0.5	57283	2526	56020	594768	10.38
1980-1989	76	0.04989	0.04867	0.5	54756	2665	53424	538748	9.84
1980-1989	77	0.05311	0.05173	0.5	52091	2695	50744	485325	9.32
1980-1989	78	0.05821	0.05656	0.5	49396	2794	47999	434581	8.80
1980-1989	79	0.06139	0.05956	0.5	46602	2776	45214	386582	8.30
1980-1989	80	0.07555	0.07280	0.5	43827	3191	42231	341367	7.79
1980-1989	81	0.08079	0.07765	0.5	40636	3155	39058	299136	7.36
1980-1989	82	0.08927	0.08546	0.5	37481	3203	35879	260078	6.94
1980-1989	83	0.09784	0.09328	0.5	34277	3197	32679	224199	6.54
1980-1989	84	0.10743	0.10195	0.5	31080	3169	29496	191520	6.16
1980-1989	85	0.11641	0.11000	0.5	27911	3070	26376	162024	5.80
1980-1989	86	0.12716	0.11955	0.5	24841	2970	23356	135648	5.46
1980-1989	87	0.14011	0.13094	0.5	21871	2864	20439	112292	5.13
1980-1989	88	0.15035	0.13984	0.5	19007	2658	17678	91852	4.83
1980-1989	89	0.16454	0.15204	0.5	16349	2486	15107	74174	4.54
1980-1989	90	0.18044	0.16551	0.5	13864	2295	12717	59067	4.26
1980-1989	91	0.19223	0.17538	0.5	11569	2029	10555	46351	4.01
1980-1989	92	0.21383	0.19318	0.5	9540	1843	8619	35796	3.75
1980-1989	93	0.23005	0.20632	0.5	7697	1588	6903	27177	3.53
1980-1989	94	0.25205	0.22384	0.5	6109	1368	5425	20274	3.32
1980-1989	95	0.26952	0.23752	0.5	4742	1126	4179	14849	3.13
1980-1989	96	0.29039	0.25358	0.5	3615	917	3157	10670	2.95
1980-1989	97	0.31225	0.27008	0.5	2699	729	2334	7513	2.78
1980-1989	98	0.33503	0.28696	0.5	1970	565	1687	5179	2.63
1980-1989	99	0.35867	0.30413	0.5	1405	427	1191	3492	2.49
1980-1989	100	0.38308	0.32150	0.5	977	314	820	2301	2.35
1980-1989	101	0.40815	0.33898	0.5	663	225	551	1480	2.23
1980-1989	102	0.43378	0.35646	0.5	438	156	360	930	2.12
1980-1989	103	0.45982	0.37386	0.5	282	105	229	569	2.02
1980-1989	104	0.48613	0.39108	0.5	177	69	142	340	1.92
1980-1989	105	0.51258	0.40801	0.5	108	44	86	198	1.84
1980-1989	106	0.53901	0.42458	0.5	64	27	50	112	1.76
1980-1989	107	0.56527	0.44071	0.5	37	16	29	62	1.69
1980-1989	108	0.59122	0.45633	0.5	20	9	16	34	1.64
1980-1989	109	0.61671	0.47136	0.5	11	5	9	18	1.59
1980-1989	110+	0.64162	1.00000	1.56	6	6	9	9	1.56
1990-1999	0	0.00834	0.00828	0.07	100000	828	99231	7580582	75.81
1990-1999	1	0.00058	0.00058	0.5	99172	57	99144	7481350	75.44
1990-1999	2	0.00036	0.00036	0.5	99115	36	99097	7382207	74.48
1990-1999	3	0.00030	0.00030	0.5	99079	29	99064	7283110	73.51
1990-1999	4	0.00024	0.00024	0.5	99049	24	99037	7184046	72.53
1990-1999	5	0.00020	0.00020	0.5	99025	20	99015	7085009	71.55
1990-1999	6	0.00019	0.00019	0.5	99005	19	98996	6985993	70.56
1990-1999	7	0.00017	0.00017	0.5	98986	17	98978	6886998	69.58
1990-1999	8	0.00018	0.00018	0.5	98969	18	98960	6788020	68.59
1990-1999	9	0.00016	0.00016	0.5	98951	16	98943	6689060	67.60
1990-1999	10	0.00016	0.00016	0.5	98935	16	98927	6590117	66.61
1990-1999	11	0.00018	0.00018	0.5	98920	17	98911	6491190	65.62
1990-1999	12	0.00018	0.00018	0.5	98902	17	98893	6392279	64.63
1990-1999	13	0.00022	0.00022	0.5	98885	21	98874	6293385	63.64
1990-1999	14	0.00029	0.00029	0.5	98863	28	98849	6194512	62.66
1990-1999	15	0.00036	0.00036	0.5	98835	35	98817	6095662	61.68
1990-1999	16	0.00050	0.00050	0.5	98800	50	98775	5996845	60.70
1990-1999	17	0.00066	0.00066	0.5	98750	65	98717	5898070	59.73
1990-1999	18	0.00080	0.00080	0.5	98685	79	98645	5799353	58.77
1990-1999	19	0.00082	0.00082	0.5	98605	81	98565	5700708	57.81
1990-1999	20	0.00088	0.00088	0.5	98524	87	98481	5602143	56.86
1990-1999	21	0.00094	0.00094	0.5	98437	92	98391	5503663	55.91
1990-1999	22	0.00095	0.00095	0.5	98345	93	98298	5405272	54.96
1990-1999	23	0.00099	0.00099	0.5	98252	98	98203	5306974	54.01
1990-1999	24	0.00094	0.00094	0.5	98154	92	98108	5208771	53.07
1990-1999	25	0.00102	0.00102	0.5	98062	100	98012	5110663	52.12
1990-1999	26	0.00110	0.00110	0.5	97962	108	97909	5012651	51.17
1990-1999	27	0.00115	0.00115	0.5	97855	113	97798	4914742	50.22
1990-1999	28	0.00127	0.00127	0.5	97742	124	97680	4816944	49.28
1990-1999	29	0.00131	0.00131	0.5	97617	128	97554	4719264	48.34
1990-1999	30	0.00150	0.00150	0.5	97490	146	97417	4621711	47.41
1990-1999	31	0.00159	0.00159	0.5	97344	155	97267	4524294	46.48
1990-1999	32	0.00168	0.00168	0.5	97189	163	97108	4427027	45.55
1990-1999	33	0.00186	0.00186	0.5	97026	180	96936	4329920	44.63
1990-1999	34	0.00191	0.00191	0.5	96845	185	96753	4232984	43.71
1990-1999	35	0.00207	0.00207	0.5	96660	200	96560	4136231	42.79
1990-1999	36	0.00222	0.00222	0.5	96460	214	96353	4039671	41.88
1990-1999	37	0.00242	0.00241	0.5	96246	232	96130	3943318	40.97
1990-1999	38	0.00266	0.00265	0.5	96014	255	95886	3847188	40.07
1990-1999	39	0.00264	0.00264	0.5	95759	253	95632	3751302	39.17
1990-1999	40	0.00297	0.00297	0.5	95506	284	95364	3655670	38.28
1990-1999	41	0.00306	0.00305	0.5	95222	291	95077	3560306	37.39
1990-1999	42	0.00321	0.00321	0.5	94932	304	94779	3465229	36.50
1990-1999	43	0.00334	0.00334	0.5	94627	316	94469	3370450	35.62
1990-1999	44	0.00349	0.00348	0.5	94311	328	94147	3275981	34.74
1990-1999	45	0.00364	0.00363	0.5	93983	342	93812	3181834	33.86
1990-1999	46	0.00392	0.00392	0.5	93641	367	93458	3088022	32.98
1990-1999	47	0.00410	0.00409	0.5	93274	381	93084	2994564	32.10
1990-1999	48	0.00448	0.00447	0.5	92893	415	92685	2901480	31.23
1990-1999	49	0.00453	0.00452	0.5	92478	418	92269	2808794	30.37
1990-1999	50	0.00495	0.00494	0.5	92060	454	91833	2716526	29.51
1990-1999	51	0.00526	0.00525	0.5	91606	481	91365	2624693	28.65
1990-1999	52	0.00565	0.00563	0.5	91125	513	90868	2533327	27.80
1990-1999	53	0.00623	0.00621	0.5	90612	563	90330	2442459	26.96
1990-1999	54	0.00648	0.00646	0.5	90049	582	89758	2352129	26.12
1990-1999	55	0.00730	0.00728	0.5	89467	651	89141	2262371	25.29
1990-1999	56	0.00782	0.00779	0.5	88816	692	88470	2173229	24.47
1990-1999	57	0.00831	0.00827	0.5	88124	729	87760	2084759	23.66
1990-1999	58	0.00962	0.00957	0.5	87395	837	86977	1996999	22.85
1990-1999	59	0.01020	0.01015	0.5	86559	878	86119	1910022	22.07
1990-1999	60	0.01112	0.01106	0.5	85680	948	85206	1823903	21.29
1990-1999	61	0.01210	0.01202	0.5	84732	1019	84223	1738697	20.52
1990-1999	62	0.01327	0.01318	0.5	83714	1103	83162	1654474	19.76
1990-1999	63	0.01428	0.01417	0.5	82610	1171	82025	1571312	19.02
1990-1999	64	0.01539	0.01528	0.5	81439	1244	80817	1489287	18.29
1990-1999	65	0.01739	0.01724	0.5	80195	1382	79504	1408470	17.56
1990-1999	66	0.01853	0.01836	0.5	78813	1447	78089	1328966	16.86
1990-1999	67	0.02010	0.01990	0.5	77365	1539	76596	1250877	16.17
1990-1999	68	0.02255	0.02230	0.5	75826	1691	74981	1174281	15.49
1990-1999	69	0.02330	0.02303	0.5	74135	1708	73281	1099301	14.83
1990-1999	70	0.02577	0.02544	0.5	72427	1843	71506	1026020	14.17
1990-1999	71	0.02832	0.02792	0.5	70585	1971	69599	954514	13.52
1990-1999	72	0.03077	0.03030	0.5	68614	2079	67574	884915	12.90
1990-1999	73	0.03331	0.03276	0.5	66535	2180	65445	817341	12.28
1990-1999	74	0.03537	0.03476	0.5	64355	2237	63236	751896	11.68
1990-1999	75	0.03838	0.03765	0.5	62118	2339	60948	688660	11.09
1990-1999	76	0.04316	0.04225	0.5	59779	2526	58516	627712	10.50
1990-1999	77	0.04649	0.04544	0.5	57253	2601	55953	569196	9.94
1990-1999	78	0.05055	0.04930	0.5	54652	2694	53305	513243	9.39
1990-1999	79	0.05417	0.05274	0.5	51958	2740	50587	459938	8.85
1990-1999	80	0.06551	0.06343	0.5	49217	3122	47656	409351	8.32
1990-1999	81	0.07189	0.06939	0.5	46095	3199	44496	361695	7.85
1990-1999	82	0.07833	0.07538	0.5	42897	3233	41280	317199	7.39
1990-1999	83	0.08610	0.08255	0.5	39663	3274	38026	275919	6.96
1990-1999	84	0.09395	0.08973	0.5	36389	3265	34757	237893	6.54
1990-1999	85	0.10424	0.09908	0.5	33124	3282	31483	203136	6.13
1990-1999	86	0.11434	0.10816	0.5	29842	3228	28228	171653	5.75
1990-1999	87	0.12443	0.11714	0.5	26614	3118	25056	143425	5.39
1990-1999	88	0.13821	0.12927	0.5	23497	3038	21978	118369	5.04
1990-1999	89	0.15220	0.14144	0.5	20459	2894	19012	96391	4.71
1990-1999	90	0.16740	0.15447	0.5	17566	2713	16209	77379	4.41
1990-1999	91	0.18228	0.16705	0.5	14852	2481	13612	61170	4.12
1990-1999	92	0.20200	0.18347	0.5	12371	2270	11236	47559	3.84
1990-1999	93	0.22202	0.19984	0.5	10101	2019	9092	36322	3.60
1990-1999	94	0.24455	0.21791	0.5	8083	1761	7202	27230	3.37
1990-1999	95	0.26186	0.23154	0.5	6321	1464	5590	20028	3.17
1990-1999	96	0.28420	0.24884	0.5	4858	1209	4253	14439	2.97
1990-1999	97	0.30771	0.26668	0.5	3649	973	3162	10185	2.79
1990-1999	98	0.33233	0.28497	0.5	2676	763	2295	7023	2.62
1990-1999	99	0.35794	0.30361	0.5	1913	581	1623	4729	2.47
1990-1999	100	0.38446	0.32247	0.5	1332	430	1118	3106	2.33
1990-1999	101	0.41174	0.34145	0.5	903	308	749	1988	2.20
1990-1999	102	0.43963	0.36041	0.5	594	214	487	1240	2.08
1990-1999	103	0.46797	0.37923	0.5	380	144	308	752	1.98
1990-1999	104	0.49657	0.39780	0.5	236	94	189	444	1.88
1990-1999	105	0.52524	0.41600	0.5	142	59	113	255	1.79
1990-1999	106	0.55381	0.43371	0.5	83	36	65	142	1.71
1990-1999	107	0.58207	0.45085	0.5	47	21	36	77	1.65
1990-1999	108	0.60984	0.46734	0.5	26	12	20	41	1.59
1990-1999	109	0.63697	0.48311	0.5	14	7	10	21	1.54
1990-1999	110+	0.66329	1.00000	1.51	7	7	11	11	1.51
2000-2009	0	0.00605	0.00602	0.07	100000	602	99437	7872995	78.73
2000-2009	1	0.00037	0.00037	0.5	99398	37	99380	7773558	78.21
2000-2009	2	0.00025	0.00025	0.5	99361	24	99349	7674178	77.23
2000-2009	3	0.00019	0.00019	0.5	99337	19	99328	7574829	76.25
2000-2009	4	0.00016	0.00016	0.5	99318	15	99310	7475501	75.27
2000-2009	5	0.00014	0.00014	0.5	99303	14	99296	7376191	74.28
2000-2009	6	0.00012	0.00012	0.5	99289	12	99283	7276895	73.29
2000-2009	7	0.00011	0.00011	0.5	99277	11	99272	7177612	72.30
2000-2009	8	0.00013	0.00013	0.5	99266	12	99260	7078340	71.31
2000-2009	9	0.00011	0.00011	0.5	99254	11	99248	6979080	70.32
2000-2009	10	0.00013	0.00013	0.5	99242	12	99236	6879832	69.32
2000-2009	11	0.00013	0.00013	0.5	99230	13	99224	6780596	68.33
2000-2009	12	0.00012	0.00012	0.5	99217	12	99211	6681372	67.34
2000-2009	13	0.00014	0.00014	0.5	99205	14	99198	6582161	66.35
2000-2009	14	0.00018	0.00018	0.5	99191	18	99182	6482963	65.36
2000-2009	15	0.00023	0.00023	0.5	99173	22	99162	6383781	64.37
2000-2009	16	0.00034	0.00034	0.5	99151	34	99134	6284619	63.38
2000-2009	17	0.00047	0.00047	0.5	99117	46	99094	6185485	62.41
2000-2009	18	0.00054	0.00054	0.5	99070	54	99044	6086391	61.43
2000-2009	19	0.00062	0.00062	0.5	99017	61	98986	5987347	60.47
2000-2009	20	0.00064	0.00064	0.5	98956	63	98924	5888361	59.50
2000-2009	21	0.00072	0.00072	0.5	98893	72	98857	5789437	58.54
2000-2009	22	0.00073	0.00073	0.5	98821	72	98785	5690580	57.58
2000-2009	23	0.00076	0.00076	0.5	98749	75	98712	5591795	56.63
2000-2009	24	0.00071	0.00071	0.5	98674	70	98639	5493083	55.67
2000-2009	25	0.00069	0.00069	0.5	98604	68	98570	5394444	54.71
2000-2009	26	0.00072	0.00072	0.5	98536	71	98501	5295874	53.75
2000-2009	27	0.00075	0.00075	0.5	98466	73	98429	5197373	52.78
2000-2009	28	0.00076	0.00076	0.5	98392	75	98355	5098944	51.82
2000-2009	29	0.00080	0.00080	0.5	98317	78	98278	5000589	50.86
2000-2009	30	0.00081	0.00081	0.5	98239	80	98199	4902311	49.90
2000-2009	31	0.00084	0.00084	0.5	98159	83	98118	4804112	48.94
2000-2009	32	0.00089	0.00089	0.5	98077	87	98033	4705994	47.98
2000-2009	33	0.00094	0.00094	0.5	97990	93	97943	4607960	47.02
2000-2009	34	0.00103	0.00103	0.5	97897	101	97847	4510017	46.07
2000-2009	35	0.00110	0.00110	0.5	97797	107	97743	4412170	45.12
2000-2009	36	0.00122	0.00122	0.5	97689	119	97630	4314427	44.16
2000-2009	37	0.00132	0.00132	0.5	97570	128	97506	4216798	43.22
2000-2009	38	0.00146	0.00146	0.5	97441	142	97370	4119292	42.27
2000-2009	39	0.00152	0.00152	0.5	97300	148	97226	4021921	41.34
2000-2009	40	0.00169	0.00169	0.5	97152	164	97070	3924696	40.40
2000-2009	41	0.00187	0.00187	0.5	96988	181	96897	3827626	39.47
2000-2009	42	0.00205	0.00205	0.5	96806	198	96707	3730729	38.54
2000-2009	43	0.00217	0.00217	0.5	96608	210	96503	3634022	37.62
2000-2009	44	0.00238	0.00238	0.5	96399	230	96284	3537519	36.70
2000-2009	45	0.00260	0.00259	0.5	96169	249	96044	3441235	35.78
2000-2009	46	0.00289	0.00288	0.5	95920	276	95781	3345190	34.87
2000-2009	47	0.00307	0.00307	0.5	95643	293	95497	3249409	33.97
2000-2009	48	0.00340	0.00339	0.5	95350	324	95188	3153912	33.08
2000-2009	49	0.00366	0.00365	0.5	95026	347	94853	3058724	32.19
2000-2009	50	0.00396	0.00395	0.5	94679	374	94492	2963871	31.30
2000-2009	51	0.00425	0.00424	0.5	94305	400	94105	2869379	30.43
2000-2009	52	0.00462	0.00461	0.5	93905	433	93689	2775274	29.55
2000-2009	53	0.00500	0.00499	0.5	93473	466	93240	2681585	28.69
2000-2009	54	0.00534	0.00533	0.5	93007	496	92759	2588345	27.83
2000-2009	55	0.00589	0.00588	0.5	92511	544	92239	2495587	26.98
2000-2009	56	0.00607	0.00605	0.5	91967	556	91689	2403347	26.13
2000-2009	57	0.00678	0.00676	0.5	91411	618	91102	2311658	25.29
2000-2009	58	0.00730	0.00727	0.5	90794	660	90464	2220556	24.46
2000-2009	59	0.00780	0.00777	0.5	90133	700	89783	2130092	23.63
2000-2009	60	0.00873	0.00870	0.5	89433	778	89044	2040309	22.81
2000-2009	61	0.00928	0.00923	0.5	88656	819	88246	1951264	22.01
2000-2009	62	0.01011	0.01006	0.5	87837	884	87395	1863018	21.21
2000-2009	63	0.01129	0.01123	0.5	86953	976	86465	1775623	20.42
2000-2009	64	0.01209	0.01201	0.5	85977	1033	85461	1689158	19.65
2000-2009	65	0.01304	0.01296	0.5	84944	1101	84394	1603697	18.88
2000-2009	66	0.01417	0.01407	0.5	83843	1180	83253	1519303	18.12
2000-2009	67	0.01576	0.01563	0.5	82663	1292	82017	1436050	17.37
2000-2009	68	0.01691	0.01677	0.5	81371	1364	80689	1354033	16.64
2000-2009	69	0.01869	0.01851	0.5	80006	1481	79266	1273344	15.92
2000-2009	70	0.02031	0.02011	0.5	78525	1579	77736	1194078	15.21
2000-2009	71	0.02201	0.02177	0.5	76946	1675	76109	1116342	14.51
2000-2009	72	0.02401	0.02372	0.5	75271	1786	74378	1040234	13.82
2000-2009	73	0.02655	0.02621	0.5	73485	1926	72523	965855	13.14
2000-2009	74	0.02889	0.02848	0.5	71560	2038	70541	893333	12.48
2000-2009	75	0.03230	0.03179	0.5	69522	2210	68417	822792	11.84
2000-2009	76	0.03479	0.03420	0.5	67312	2302	66161	754375	11.21
2000-2009	77	0.03773	0.03703	0.5	65010	2408	63806	688214	10.59
2000-2009	78	0.04240	0.04152	0.5	62603	2599	61303	624408	9.97
2000-2009	79	0.04606	0.04502	0.5	60003	2701	58652	563105	9.38
2000-2009	80	0.05530	0.05382	0.5	57302	3084	55760	504453	8.80
2000-2009	81	0.06141	0.05958	0.5	54218	3230	52603	448693	8.28
2000-2009	82	0.06832	0.06606	0.5	50988	3368	49304	396090	7.77
2000-2009	83	0.07517	0.07245	0.5	47619	3450	45894	346786	7.28
2000-2009	84	0.08302	0.07971	0.5	44170	3521	42409	300892	6.81
2000-2009	85	0.09370	0.08951	0.5	40649	3638	38830	258483	6.36
2000-2009	86	0.10481	0.09959	0.5	37010	3686	35168	219653	5.93
2000-2009	87	0.11580	0.10946	0.5	33325	3648	31501	184486	5.54
2000-2009	88	0.12906	0.12124	0.5	29677	3598	27878	152985	5.16
2000-2009	89	0.14527	0.13543	0.5	26079	3532	24313	125107	4.80
2000-2009	90	0.15884	0.14715	0.5	22547	3318	20888	100794	4.47
2000-2009	91	0.17721	0.16278	0.5	19229	3130	17664	79906	4.16
2000-2009	92	0.19665	0.17904	0.5	16099	2882	14658	62242	3.87
2000-2009	93	0.21757	0.19622	0.5	13217	2593	11920	47584	3.60
2000-2009	94	0.24138	0.21538	0.5	10623	2288	9479	35664	3.36
2000-2009	95	0.26010	0.23017	0.5	8335	1918	7376	26185	3.14
2000-2009	96	0.28475	0.24926	0.5	6417	1599	5617	18809	2.93
2000-2009	97	0.31080	0.26900	0.5	4817	1296	4169	13192	2.74
2000-2009	98	0.33815	0.28925	0.5	3521	1019	3012	9023	2.56
2000-2009	99	0.36668	0.30987	0.5	2503	776	2115	6011	2.40
2000-2009	100	0.39622	0.33070	0.5	1727	571	1442	3896	2.26
2000-2009	101	0.42658	0.35159	0.5	1156	406	953	2454	2.12
2000-2009	102	0.45756	0.37237	0.5	750	279	610	1502	2.00
2000-2009	103	0.48892	0.39288	0.5	470	185	378	892	1.89
2000-2009	104	0.52041	0.41296	0.5	286	118	227	513	1.80
2000-2009	105	0.55178	0.43247	0.5	168	73	131	287	1.71
2000-2009	106	0.58279	0.45129	0.5	95	43	74	155	1.63
2000-2009	107	0.61320	0.46931	0.5	52	25	40	82	1.56
2000-2009	108	0.64279	0.48645	0.5	28	13	21	42	1.51
2000-2009	109	0.67136	0.50264	0.5	14	7	11	21	1.46
2000-2009	110+	0.69875	1.00000	1.43	7	7	10	10	1.43
2010-2019	0	0.00468	0.00466	0.06	100000	466	99562	8070832	80.71
2010-2019	1	0.00029	0.00029	0.5	99534	28	99519	7971269	80.09
2010-2019	2	0.00020	0.00020	0.5	99505	19	99495	7871750	79.11
2010-2019	3	0.00015	0.00015	0.5	99486	14	99478	7772255	78.12
2010-2019	4	0.00013	0.00013	0.5	99471	13	99465	7672776	77.14
2010-2019	5	0.00011	0.00011	0.5	99459	11	99453	7573311	76.15
2010-2019	6	0.00011	0.00011	0.5	99448	11	99443	7473858	75.15
2010-2019	7	0.00010	0.00010	0.5	99438	10	99433	7374415	74.16
2010-2019	8	0.00010	0.00010	0.5	99427	10	99422	7274983	73.17
2010-2019	9	0.00009	0.00009	0.5	99417	9	99413	7175560	72.18
2010-2019	10	0.00010	0.00010	0.5	99408	10	99403	7076147	71.18
2010-2019	11	0.00010	0.00010	0.5	99398	10	99393	6976744	70.19
2010-2019	12	0.00012	0.00012	0.5	99388	12	99383	6877351	69.20
2010-2019	13	0.00013	0.00013	0.5	99377	13	99370	6777968	68.20
2010-2019	14	0.00016	0.00016	0.5	99364	16	99356	6678598	67.21
2010-2019	15	0.00018	0.00018	0.5	99348	18	99339	6579242	66.22
2010-2019	16	0.00025	0.00025	0.5	99330	24	99318	6479903	65.24
2010-2019	17	0.00030	0.00030	0.5	99306	30	99291	6380585	64.25
2010-2019	18	0.00043	0.00043	0.5	99276	42	99255	6281294	63.27
2010-2019	19	0.00047	0.00047	0.5	99234	46	99210	6182040	62.30
2010-2019	20	0.00057	0.00057	0.5	99187	57	99159	6082829	61.33
2010-2019	21	0.00064	0.00064	0.5	99130	64	99099	5983670	60.36
2010-2019	22	0.00070	0.00070	0.5	99067	70	99032	5884572	59.40
2010-2019	23	0.00071	0.00071	0.5	98997	70	98962	5785540	58.44
2010-2019	24	0.00074	0.00074	0.5	98927	73	98890	5686578	57.48
2010-2019	25	0.00072	0.00071	0.5	98854	71	98818	5587688	56.52
2010-2019	26	0.00079	0.00079	0.5	98783	78	98744	5488870	55.56
2010-2019	27	0.00079	0.00079	0.5	98705	78	98666	5390126	54.61
2010-2019	28	0.00083	0.00083	0.5	98627	82	98586	5291460	53.65
2010-2019	29	0.00083	0.00083	0.5	98545	81	98504	5192874	52.70
2010-2019	30	0.00086	0.00086	0.5	98464	84	98421	5094369	51.74
2010-2019	31	0.00090	0.00090	0.5	98379	89	98335	4995948	50.78
2010-2019	32	0.00094	0.00094	0.5	98291	92	98245	4897613	49.83
2010-2019	33	0.00098	0.00098	0.5	98198	96	98150	4799369	48.87
2010-2019	34	0.00103	0.00103	0.5	98102	101	98052	4701218	47.92
2010-2019	35	0.00106	0.00106	0.5	98002	104	97950	4603166	46.97
2010-2019	36	0.00113	0.00113	0.5	97898	110	97843	4505216	46.02
2010-2019	37	0.00119	0.00119	0.5	97787	116	97729	4407374	45.07
2010-2019	38	0.00126	0.00126	0.5	97671	123	97610	4309645	44.12
2010-2019	39	0.00130	0.00130	0.5	97548	127	97485	4212035	43.18
2010-2019	40	0.00141	0.00141	0.5	97421	137	97353	4114550	42.23
2010-2019	41	0.00150	0.00150	0.5	97284	146	97211	4017197	41.29
2010-2019	42	0.00164	0.00164	0.5	97138	159	97059	3919986	40.35
2010-2019	43	0.00179	0.00178	0.5	96979	173	96893	3822928	39.42
2010-2019	44	0.00191	0.00191	0.5	96806	185	96714	3726035	38.49
2010-2019	45	0.00211	0.00210	0.5	96622	203	96520	3629321	37.56
2010-2019	46	0.00229	0.00228	0.5	96418	220	96308	3532802	36.64
2010-2019	47	0.00254	0.00254	0.5	96198	244	96076	3436493	35.72
2010-2019	48	0.00280	0.00279	0.5	95954	268	95820	3340417	34.81
2010-2019	49	0.00301	0.00301	0.5	95686	288	95542	3244597	33.91
2010-2019	50	0.00339	0.00338	0.5	95398	323	95237	3149056	33.01
2010-2019	51	0.00368	0.00367	0.5	95075	349	94901	3053819	32.12
2010-2019	52	0.00402	0.00401	0.5	94726	380	94536	2958918	31.24
2010-2019	53	0.00428	0.00427	0.5	94346	403	94145	2864382	30.36
2010-2019	54	0.00473	0.00472	0.5	93943	443	93722	2770237	29.49
2010-2019	55	0.00505	0.00504	0.5	93500	471	93264	2676515	28.63
2010-2019	56	0.00555	0.00553	0.5	93029	515	92771	2583251	27.77
2010-2019	57	0.00595	0.00593	0.5	92514	549	92240	2490480	26.92
2010-2019	58	0.00649	0.00646	0.5	91965	595	91668	2398240	26.08
2010-2019	59	0.00694	0.00691	0.5	91370	632	91055	2306572	25.24
2010-2019	60	0.00749	0.00746	0.5	90739	677	90401	2215517	24.42
2010-2019	61	0.00807	0.00803	0.5	90062	724	89700	2125117	23.60
2010-2019	62	0.00876	0.00872	0.5	89339	779	88949	2035416	22.78
2010-2019	63	0.00943	0.00939	0.5	88559	832	88144	1946467	21.98
2010-2019	64	0.01027	0.01022	0.5	87728	896	87280	1858324	21.18
2010-2019	65	0.01105	0.01099	0.5	86831	954	86354	1771044	20.40
2010-2019	66	0.01180	0.01173	0.5	85877	1008	85373	1684690	19.62
2010-2019	67	0.01277	0.01269	0.5	84870	1077	84331	1599316	18.84
2010-2019	68	0.01406	0.01396	0.5	83793	1170	83208	1514985	18.08
2010-2019	69	0.01511	0.01499	0.5	82623	1239	82004	1431777	17.33
2010-2019	70	0.01663	0.01649	0.5	81384	1342	80713	1349774	16.59
2010-2019	71	0.01815	0.01799	0.5	80042	1440	79322	1269061	15.85
2010-2019	72	0.01974	0.01954	0.5	78602	1536	77834	1189738	15.14
2010-2019	73	0.02148	0.02125	0.5	77066	1638	76247	1111904	14.43
2010-2019	74	0.02373	0.02345	0.5	75428	1769	74544	1035657	13.73
2010-2019	75	0.02593	0.02560	0.5	73659	1886	72716	961113	13.05
2010-2019	76	0.02858	0.02817	0.5	71773	2022	70762	888397	12.38
2010-2019	77	0.03180	0.03130	0.5	69751	2184	68660	817635	11.72
2010-2019	78	0.03471	0.03412	0.5	67568	2305	66415	748975	11.08
2010-2019	79	0.03833	0.03761	0.5	65263	2455	64035	682560	10.46
2010-2019	80	0.04263	0.04174	0.5	62808	2622	61497	618525	9.85
2010-2019	81	0.04755	0.04644	0.5	60186	2795	58789	557028	9.26
2010-2019	82	0.05358	0.05218	0.5	57391	2995	55894	498239	8.68
2010-2019	83	0.05945	0.05774	0.5	54396	3141	52826	442346	8.13
2010-2019	84	0.06627	0.06415	0.5	51256	3288	49612	389520	7.60
2010-2019	85	0.07460	0.07192	0.5	47968	3450	46243	339908	7.09
2010-2019	86	0.08435	0.08094	0.5	44518	3603	42716	293665	6.60
2010-2019	87	0.09552	0.09117	0.5	40915	3730	39049	250949	6.13
2010-2019	88	0.10694	0.10151	0.5	37184	3775	35297	211900	5.70
2010-2019	89	0.12091	0.11402	0.5	33410	3809	31505	176603	5.29
2010-2019	90	0.13751	0.12866	0.5	29600	3808	27696	145098	4.90
2010-2019	91	0.15277	0.14192	0.5	25792	3661	23962	117401	4.55
2010-2019	92	0.17213	0.15849	0.5	22131	3508	20378	93440	4.22
2010-2019	93	0.19121	0.17452	0.5	18624	3250	16999	73062	3.92
2010-2019	94	0.21414	0.19343	0.5	15374	2974	13887	56063	3.65
2010-2019	95	0.23093	0.20703	0.5	12400	2567	11116	42177	3.40
2010-2019	96	0.25522	0.22634	0.5	9833	2226	8720	31060	3.16
2010-2019	97	0.28116	0.24651	0.5	7607	1875	6670	22340	2.94
2010-2019	98	0.30868	0.26741	0.5	5732	1533	4966	15671	2.73
2010-2019	99	0.33765	0.28888	0.5	4199	1213	3593	10705	2.55
2010-2019	100	0.36794	0.31077	0.5	2986	928	2522	7112	2.38
2010-2019	101	0.39934	0.33288	0.5	2058	685	1716	4590	2.23
2010-2019	102	0.43163	0.35501	0.5	1373	487	1129	2875	2.09
2010-2019	103	0.46455	0.37699	0.5	886	334	719	1745	1.97
2010-2019	104	0.49782	0.39861	0.5	552	220	442	1027	1.86
2010-2019	105	0.53115	0.41969	0.5	332	139	262	585	1.76
2010-2019	106	0.56425	0.44009	0.5	193	85	150	323	1.68
2010-2019	107	0.59681	0.45965	0.5	108	50	83	172	1.60
2010-2019	108	0.62858	0.47826	0.5	58	28	44	89	1.54
2010-2019	109	0.65930	0.49584	0.5	30	15	23	45	1.48
2010-2019	110+	0.68877	1.00000	1.45	15	15	22	22	1.45
