NY: New York, Lifetables (period 1x10), Females Last modified: 20 Dec 2020, MPv5 (May07) 

Year     	Age	mx	qx	ax	lx	dx	Lx	Tx	ex
1960-1969	0	0.02045	0.02009	0.11	100000	2009	98213	7327554	73.28
1960-1969	1	0.00120	0.00120	0.5	97991	117	97933	7229341	73.78
1960-1969	2	0.00074	0.00074	0.5	97874	72	97838	7131408	72.86
1960-1969	3	0.00060	0.00060	0.5	97802	58	97773	7033570	71.92
1960-1969	4	0.00051	0.00051	0.5	97744	50	97719	6935798	70.96
1960-1969	5	0.00046	0.00046	0.5	97693	45	97671	6838079	70.00
1960-1969	6	0.00038	0.00038	0.5	97649	37	97630	6740408	69.03
1960-1969	7	0.00033	0.00033	0.5	97612	33	97595	6642778	68.05
1960-1969	8	0.00028	0.00028	0.5	97579	28	97565	6545182	67.08
1960-1969	9	0.00028	0.00028	0.5	97552	27	97538	6447617	66.09
1960-1969	10	0.00025	0.00025	0.5	97524	24	97512	6350079	65.11
1960-1969	11	0.00025	0.00025	0.5	97500	25	97488	6252567	64.13
1960-1969	12	0.00028	0.00028	0.5	97475	27	97462	6155079	63.14
1960-1969	13	0.00029	0.00029	0.5	97448	28	97434	6057617	62.16
1960-1969	14	0.00032	0.00032	0.5	97421	31	97405	5960183	61.18
1960-1969	15	0.00037	0.00037	0.5	97390	36	97372	5862778	60.20
1960-1969	16	0.00041	0.00041	0.5	97354	40	97334	5765406	59.22
1960-1969	17	0.00045	0.00045	0.5	97315	44	97293	5668071	58.24
1960-1969	18	0.00058	0.00058	0.5	97270	56	97242	5570779	57.27
1960-1969	19	0.00059	0.00059	0.5	97214	57	97186	5473536	56.30
1960-1969	20	0.00061	0.00061	0.5	97157	59	97128	5376351	55.34
1960-1969	21	0.00068	0.00068	0.5	97098	66	97066	5279223	54.37
1960-1969	22	0.00067	0.00067	0.5	97033	65	97000	5182157	53.41
1960-1969	23	0.00068	0.00068	0.5	96968	66	96935	5085157	52.44
1960-1969	24	0.00077	0.00077	0.5	96901	75	96864	4988222	51.48
1960-1969	25	0.00076	0.00076	0.5	96826	74	96790	4891358	50.52
1960-1969	26	0.00083	0.00083	0.5	96753	80	96712	4794569	49.55
1960-1969	27	0.00088	0.00088	0.5	96672	85	96629	4697856	48.60
1960-1969	28	0.00093	0.00092	0.5	96587	89	96542	4601227	47.64
1960-1969	29	0.00097	0.00097	0.5	96497	94	96451	4504685	46.68
1960-1969	30	0.00113	0.00113	0.5	96404	109	96350	4408234	45.73
1960-1969	31	0.00118	0.00118	0.5	96295	113	96239	4311885	44.78
1960-1969	32	0.00129	0.00128	0.5	96182	124	96120	4215646	43.83
1960-1969	33	0.00134	0.00134	0.5	96059	129	95994	4119526	42.89
1960-1969	34	0.00149	0.00149	0.5	95930	143	95858	4023532	41.94
1960-1969	35	0.00162	0.00162	0.5	95787	155	95709	3927673	41.00
1960-1969	36	0.00170	0.00170	0.5	95632	162	95551	3831964	40.07
1960-1969	37	0.00186	0.00186	0.5	95470	178	95381	3736413	39.14
1960-1969	38	0.00202	0.00202	0.5	95292	193	95196	3641033	38.21
1960-1969	39	0.00224	0.00224	0.5	95099	213	94993	3545837	37.29
1960-1969	40	0.00248	0.00248	0.5	94886	235	94769	3450844	36.37
1960-1969	41	0.00253	0.00253	0.5	94651	239	94532	3356075	35.46
1960-1969	42	0.00298	0.00297	0.5	94412	281	94272	3261543	34.55
1960-1969	43	0.00310	0.00309	0.5	94131	291	93986	3167272	33.65
1960-1969	44	0.00333	0.00332	0.5	93840	312	93684	3073286	32.75
1960-1969	45	0.00376	0.00376	0.5	93529	351	93353	2979601	31.86
1960-1969	46	0.00396	0.00395	0.5	93177	368	92993	2886248	30.98
1960-1969	47	0.00436	0.00435	0.5	92809	404	92607	2793255	30.10
1960-1969	48	0.00477	0.00476	0.5	92406	440	92186	2700648	29.23
1960-1969	49	0.00520	0.00518	0.5	91966	477	91727	2608462	28.36
1960-1969	50	0.00578	0.00576	0.5	91489	527	91225	2516735	27.51
1960-1969	51	0.00606	0.00604	0.5	90962	550	90687	2425510	26.67
1960-1969	52	0.00672	0.00669	0.5	90412	605	90110	2334823	25.82
1960-1969	53	0.00710	0.00707	0.5	89807	635	89489	2244713	24.99
1960-1969	54	0.00768	0.00765	0.5	89172	682	88831	2155224	24.17
1960-1969	55	0.00832	0.00829	0.5	88489	733	88123	2066393	23.35
1960-1969	56	0.00880	0.00876	0.5	87756	769	87372	1978270	22.54
1960-1969	57	0.00951	0.00946	0.5	86987	823	86576	1890899	21.74
1960-1969	58	0.01046	0.01041	0.5	86164	897	85716	1804323	20.94
1960-1969	59	0.01124	0.01118	0.5	85267	953	84790	1718607	20.16
1960-1969	60	0.01247	0.01240	0.5	84314	1045	83791	1633817	19.38
1960-1969	61	0.01287	0.01279	0.5	83269	1065	82736	1550026	18.61
1960-1969	62	0.01541	0.01530	0.5	82204	1257	81575	1467290	17.85
1960-1969	63	0.01587	0.01575	0.5	80946	1275	80309	1385715	17.12
1960-1969	64	0.01701	0.01687	0.5	79672	1344	79000	1305406	16.38
1960-1969	65	0.02037	0.02017	0.5	78327	1580	77538	1226406	15.66
1960-1969	66	0.02053	0.02032	0.5	76748	1559	75968	1148869	14.97
1960-1969	67	0.02333	0.02306	0.5	75189	1734	74322	1072900	14.27
1960-1969	68	0.02629	0.02595	0.5	73455	1906	72502	998579	13.59
1960-1969	69	0.02749	0.02712	0.5	71548	1940	70578	926077	12.94
1960-1969	70	0.03298	0.03245	0.5	69608	2259	68479	855499	12.29
1960-1969	71	0.03241	0.03189	0.5	67350	2148	66276	787020	11.69
1960-1969	72	0.04065	0.03984	0.5	65202	2598	63903	720744	11.05
1960-1969	73	0.04269	0.04180	0.5	62604	2617	61296	656841	10.49
1960-1969	74	0.04674	0.04567	0.5	59987	2740	58617	595546	9.93
1960-1969	75	0.05484	0.05338	0.5	57248	3056	55720	536928	9.38
1960-1969	76	0.05608	0.05455	0.5	54192	2956	52714	481209	8.88
1960-1969	77	0.06028	0.05852	0.5	51236	2998	49736	428495	8.36
1960-1969	78	0.07044	0.06805	0.5	48237	3282	46596	378758	7.85
1960-1969	79	0.07596	0.07318	0.5	44955	3290	43310	332162	7.39
1960-1969	80	0.09379	0.08959	0.5	41665	3733	39799	288852	6.93
1960-1969	81	0.08908	0.08529	0.5	37933	3235	36315	249053	6.57
1960-1969	82	0.10514	0.09989	0.5	34698	3466	32964	212738	6.13
1960-1969	83	0.11615	0.10978	0.5	31231	3429	29517	179774	5.76
1960-1969	84	0.12787	0.12019	0.5	27803	3342	26132	150257	5.40
1960-1969	85	0.14539	0.13553	0.5	24461	3315	22804	124124	5.07
1960-1969	86	0.15410	0.14307	0.5	21146	3025	19633	101321	4.79
1960-1969	87	0.16608	0.15335	0.5	18121	2779	16731	81687	4.51
1960-1969	88	0.18126	0.16620	0.5	15342	2550	14067	64956	4.23
1960-1969	89	0.19534	0.17796	0.5	12792	2276	11654	50889	3.98
1960-1969	90	0.22748	0.20425	0.5	10516	2148	9442	39235	3.73
1960-1969	91	0.21891	0.19731	0.5	8368	1651	7542	29794	3.56
1960-1969	92	0.25246	0.22416	0.5	6717	1506	5964	22251	3.31
1960-1969	93	0.26935	0.23738	0.5	5211	1237	4593	16288	3.13
1960-1969	94	0.29681	0.25846	0.5	3974	1027	3460	11695	2.94
1960-1969	95	0.31158	0.26959	0.5	2947	794	2550	8235	2.79
1960-1969	96	0.33399	0.28620	0.5	2152	616	1844	5685	2.64
1960-1969	97	0.35717	0.30305	0.5	1536	466	1304	3840	2.50
1960-1969	98	0.38104	0.32006	0.5	1071	343	899	2537	2.37
1960-1969	99	0.40550	0.33714	0.5	728	245	605	1637	2.25
1960-1969	100	0.43043	0.35420	0.5	483	171	397	1032	2.14
1960-1969	101	0.45573	0.37115	0.5	312	116	254	635	2.04
1960-1969	102	0.48125	0.38791	0.5	196	76	158	381	1.94
1960-1969	103	0.50687	0.40439	0.5	120	49	96	223	1.86
1960-1969	104	0.53246	0.42051	0.5	71	30	56	127	1.78
1960-1969	105	0.55787	0.43620	0.5	41	18	32	71	1.71
1960-1969	106	0.58299	0.45141	0.5	23	11	18	38	1.65
1960-1969	107	0.60769	0.46607	0.5	13	6	10	20	1.59
1960-1969	108	0.63184	0.48015	0.5	7	3	5	11	1.54
1960-1969	109	0.65535	0.49361	0.5	4	2	3	5	1.50
1960-1969	110+	0.67813	1.00000	1.47	2	2	3	3	1.47
1970-1979	0	0.01464	0.01444	0.09	100000	1444	98691	7564583	75.65
1970-1979	1	0.00085	0.00085	0.5	98556	84	98514	7465892	75.75
1970-1979	2	0.00061	0.00061	0.5	98472	60	98441	7367378	74.82
1970-1979	3	0.00045	0.00045	0.5	98411	44	98389	7268937	73.86
1970-1979	4	0.00038	0.00038	0.5	98367	37	98349	7170548	72.90
1970-1979	5	0.00037	0.00037	0.5	98330	36	98312	7072199	71.92
1970-1979	6	0.00031	0.00031	0.5	98294	30	98279	6973887	70.95
1970-1979	7	0.00028	0.00028	0.5	98264	28	98250	6875609	69.97
1970-1979	8	0.00025	0.00025	0.5	98236	24	98223	6777359	68.99
1970-1979	9	0.00022	0.00022	0.5	98211	22	98200	6679136	68.01
1970-1979	10	0.00020	0.00020	0.5	98189	20	98179	6580936	67.02
1970-1979	11	0.00021	0.00021	0.5	98169	20	98159	6482756	66.04
1970-1979	12	0.00022	0.00022	0.5	98149	22	98138	6384597	65.05
1970-1979	13	0.00027	0.00027	0.5	98127	27	98114	6286459	64.06
1970-1979	14	0.00029	0.00029	0.5	98101	29	98086	6188345	63.08
1970-1979	15	0.00035	0.00035	0.5	98072	34	98054	6090259	62.10
1970-1979	16	0.00043	0.00043	0.5	98037	42	98016	5992204	61.12
1970-1979	17	0.00054	0.00054	0.5	97995	53	97969	5894188	60.15
1970-1979	18	0.00057	0.00057	0.5	97942	56	97914	5796219	59.18
1970-1979	19	0.00060	0.00060	0.5	97886	59	97857	5698305	58.21
1970-1979	20	0.00065	0.00065	0.5	97827	63	97795	5600449	57.25
1970-1979	21	0.00063	0.00063	0.5	97764	62	97733	5502653	56.29
1970-1979	22	0.00068	0.00068	0.5	97702	67	97669	5404920	55.32
1970-1979	23	0.00067	0.00067	0.5	97635	66	97602	5307252	54.36
1970-1979	24	0.00069	0.00069	0.5	97569	67	97536	5209649	53.39
1970-1979	25	0.00075	0.00075	0.5	97503	73	97466	5112113	52.43
1970-1979	26	0.00080	0.00080	0.5	97430	78	97391	5014647	51.47
1970-1979	27	0.00078	0.00078	0.5	97352	76	97314	4917257	50.51
1970-1979	28	0.00085	0.00085	0.5	97276	83	97235	4819943	49.55
1970-1979	29	0.00085	0.00085	0.5	97193	82	97152	4722708	48.59
1970-1979	30	0.00089	0.00089	0.5	97111	87	97068	4625556	47.63
1970-1979	31	0.00101	0.00101	0.5	97024	98	96975	4528488	46.67
1970-1979	32	0.00101	0.00101	0.5	96926	98	96877	4431513	45.72
1970-1979	33	0.00112	0.00112	0.5	96828	108	96774	4334636	44.77
1970-1979	34	0.00117	0.00117	0.5	96720	113	96663	4237862	43.82
1970-1979	35	0.00136	0.00136	0.5	96607	132	96541	4141198	42.87
1970-1979	36	0.00140	0.00140	0.5	96475	135	96407	4044657	41.92
1970-1979	37	0.00154	0.00154	0.5	96340	148	96266	3948250	40.98
1970-1979	38	0.00169	0.00169	0.5	96192	163	96110	3851984	40.04
1970-1979	39	0.00185	0.00185	0.5	96029	178	95940	3755874	39.11
1970-1979	40	0.00201	0.00201	0.5	95852	193	95755	3659933	38.18
1970-1979	41	0.00220	0.00219	0.5	95659	210	95554	3564178	37.26
1970-1979	42	0.00255	0.00255	0.5	95449	243	95327	3468624	36.34
1970-1979	43	0.00290	0.00289	0.5	95206	275	95068	3373297	35.43
1970-1979	44	0.00283	0.00282	0.5	94931	268	94797	3278229	34.53
1970-1979	45	0.00325	0.00325	0.5	94663	307	94509	3183432	33.63
1970-1979	46	0.00364	0.00363	0.5	94355	343	94184	3088923	32.74
1970-1979	47	0.00382	0.00381	0.5	94013	358	93834	2994739	31.85
1970-1979	48	0.00421	0.00420	0.5	93654	393	93458	2900906	30.97
1970-1979	49	0.00454	0.00453	0.5	93261	423	93050	2807448	30.10
1970-1979	50	0.00484	0.00483	0.5	92838	448	92614	2714398	29.24
1970-1979	51	0.00510	0.00509	0.5	92390	470	92155	2621784	28.38
1970-1979	52	0.00575	0.00573	0.5	91920	527	91657	2529628	27.52
1970-1979	53	0.00614	0.00612	0.5	91394	560	91114	2437971	26.68
1970-1979	54	0.00663	0.00661	0.5	90834	600	90534	2346858	25.84
1970-1979	55	0.00723	0.00720	0.5	90234	650	89909	2256324	25.01
1970-1979	56	0.00789	0.00786	0.5	89584	704	89232	2166415	24.18
1970-1979	57	0.00840	0.00836	0.5	88880	743	88508	2077184	23.37
1970-1979	58	0.00918	0.00914	0.5	88136	805	87733	1988676	22.56
1970-1979	59	0.00996	0.00991	0.5	87331	865	86898	1900942	21.77
1970-1979	60	0.01127	0.01121	0.5	86466	969	85981	1814044	20.98
1970-1979	61	0.01158	0.01152	0.5	85497	985	85004	1728063	20.21
1970-1979	62	0.01305	0.01297	0.5	84512	1096	83964	1643059	19.44
1970-1979	63	0.01372	0.01362	0.5	83416	1136	82848	1559095	18.69
1970-1979	64	0.01481	0.01471	0.5	82279	1210	81674	1476247	17.94
1970-1979	65	0.01690	0.01676	0.5	81070	1359	80390	1394573	17.20
1970-1979	66	0.01718	0.01703	0.5	79711	1358	79032	1314183	16.49
1970-1979	67	0.01929	0.01911	0.5	78353	1497	77605	1235151	15.76
1970-1979	68	0.02078	0.02057	0.5	76856	1581	76066	1157546	15.06
1970-1979	69	0.02242	0.02217	0.5	75276	1669	74441	1081480	14.37
1970-1979	70	0.02596	0.02563	0.5	73607	1887	72663	1007039	13.68
1970-1979	71	0.02706	0.02670	0.5	71720	1915	70762	934376	13.03
1970-1979	72	0.03131	0.03083	0.5	69805	2152	68729	863613	12.37
1970-1979	73	0.03385	0.03328	0.5	67653	2252	66527	794885	11.75
1970-1979	74	0.03770	0.03701	0.5	65401	2420	64191	728358	11.14
1970-1979	75	0.04323	0.04232	0.5	62981	2665	61648	664167	10.55
1970-1979	76	0.04549	0.04448	0.5	60316	2683	58974	602519	9.99
1970-1979	77	0.04965	0.04845	0.5	57633	2792	56237	543545	9.43
1970-1979	78	0.05653	0.05498	0.5	54841	3015	53333	487308	8.89
1970-1979	79	0.06166	0.05982	0.5	51826	3100	50276	433975	8.37
1970-1979	80	0.07343	0.07083	0.5	48726	3451	47000	383699	7.87
1970-1979	81	0.07571	0.07295	0.5	45274	3303	43623	336699	7.44
1970-1979	82	0.08574	0.08222	0.5	41972	3451	40246	293076	6.98
1970-1979	83	0.09604	0.09164	0.5	38521	3530	36756	252829	6.56
1970-1979	84	0.10550	0.10021	0.5	34991	3506	33238	216073	6.18
1970-1979	85	0.11834	0.11173	0.5	31485	3518	29726	182836	5.81
1970-1979	86	0.12798	0.12029	0.5	27967	3364	26285	153110	5.47
1970-1979	87	0.13635	0.12765	0.5	24603	3140	23033	126825	5.15
1970-1979	88	0.14924	0.13888	0.5	21462	2981	19972	103793	4.84
1970-1979	89	0.16277	0.15052	0.5	18482	2782	17091	83821	4.54
1970-1979	90	0.18741	0.17135	0.5	15700	2690	14355	66730	4.25
1970-1979	91	0.18830	0.17209	0.5	13010	2239	11890	52375	4.03
1970-1979	92	0.21349	0.19290	0.5	10771	2078	9732	40485	3.76
1970-1979	93	0.23190	0.20780	0.5	8693	1806	7790	30753	3.54
1970-1979	94	0.25269	0.22434	0.5	6887	1545	6114	22963	3.33
1970-1979	95	0.26737	0.23584	0.5	5342	1260	4712	16849	3.15
1970-1979	96	0.28807	0.25180	0.5	4082	1028	3568	12138	2.97
1970-1979	97	0.30970	0.26817	0.5	3054	819	2645	8570	2.81
1970-1979	98	0.33219	0.28488	0.5	2235	637	1917	5925	2.65
1970-1979	99	0.35548	0.30183	0.5	1598	482	1357	4009	2.51
1970-1979	100	0.37947	0.31895	0.5	1116	356	938	2651	2.38
1970-1979	101	0.40407	0.33615	0.5	760	255	632	1713	2.25
1970-1979	102	0.42915	0.35333	0.5	505	178	415	1081	2.14
1970-1979	103	0.45461	0.37041	0.5	326	121	266	666	2.04
1970-1979	104	0.48030	0.38729	0.5	205	80	166	400	1.95
1970-1979	105	0.50610	0.40390	0.5	126	51	100	234	1.86
1970-1979	106	0.53187	0.42014	0.5	75	32	59	134	1.79
1970-1979	107	0.55747	0.43595	0.5	44	19	34	75	1.72
1970-1979	108	0.58277	0.45127	0.5	25	11	19	41	1.66
1970-1979	109	0.60764	0.46604	0.5	13	6	10	22	1.61
1970-1979	110+	0.63196	1.00000	1.58	7	7	11	11	1.58
1980-1989	0	0.01051	0.01041	0.08	100000	1041	99045	7744423	77.44
1980-1989	1	0.00071	0.00071	0.5	98959	70	98924	7645378	77.26
1980-1989	2	0.00046	0.00046	0.5	98889	45	98866	7546454	76.31
1980-1989	3	0.00035	0.00035	0.5	98844	34	98827	7447588	75.35
1980-1989	4	0.00028	0.00028	0.5	98809	28	98795	7348761	74.37
1980-1989	5	0.00024	0.00024	0.5	98781	24	98769	7249966	73.39
1980-1989	6	0.00022	0.00022	0.5	98758	22	98747	7151197	72.41
1980-1989	7	0.00020	0.00020	0.5	98736	20	98726	7052450	71.43
1980-1989	8	0.00019	0.00019	0.5	98716	19	98706	6953724	70.44
1980-1989	9	0.00016	0.00016	0.5	98697	16	98689	6855018	69.46
1980-1989	10	0.00018	0.00018	0.5	98681	18	98672	6756329	68.47
1980-1989	11	0.00017	0.00017	0.5	98663	17	98655	6657657	67.48
1980-1989	12	0.00021	0.00021	0.5	98646	20	98636	6559002	66.49
1980-1989	13	0.00020	0.00020	0.5	98626	19	98616	6460367	65.50
1980-1989	14	0.00027	0.00027	0.5	98606	27	98593	6361751	64.52
1980-1989	15	0.00029	0.00029	0.5	98580	29	98565	6263158	63.53
1980-1989	16	0.00035	0.00035	0.5	98551	35	98533	6164593	62.55
1980-1989	17	0.00038	0.00038	0.5	98516	37	98497	6066060	61.57
1980-1989	18	0.00043	0.00043	0.5	98478	43	98457	5967563	60.60
1980-1989	19	0.00048	0.00048	0.5	98436	48	98412	5869106	59.62
1980-1989	20	0.00049	0.00049	0.5	98388	48	98364	5770694	58.65
1980-1989	21	0.00052	0.00052	0.5	98340	51	98315	5672330	57.68
1980-1989	22	0.00052	0.00052	0.5	98289	51	98263	5574015	56.71
1980-1989	23	0.00056	0.00056	0.5	98238	55	98210	5475752	55.74
1980-1989	24	0.00059	0.00059	0.5	98183	58	98154	5377542	54.77
1980-1989	25	0.00065	0.00065	0.5	98125	64	98093	5279388	53.80
1980-1989	26	0.00071	0.00071	0.5	98061	69	98026	5181295	52.84
1980-1989	27	0.00073	0.00073	0.5	97991	72	97955	5083269	51.87
1980-1989	28	0.00080	0.00080	0.5	97920	78	97881	4985314	50.91
1980-1989	29	0.00081	0.00081	0.5	97841	79	97802	4887433	49.95
1980-1989	30	0.00091	0.00091	0.5	97762	89	97717	4789632	48.99
1980-1989	31	0.00098	0.00098	0.5	97673	96	97625	4691914	48.04
1980-1989	32	0.00103	0.00103	0.5	97577	101	97527	4594289	47.08
1980-1989	33	0.00113	0.00113	0.5	97476	110	97422	4496762	46.13
1980-1989	34	0.00114	0.00114	0.5	97367	111	97311	4399341	45.18
1980-1989	35	0.00121	0.00121	0.5	97255	118	97196	4302030	44.23
1980-1989	36	0.00132	0.00132	0.5	97137	128	97074	4204834	43.29
1980-1989	37	0.00135	0.00135	0.5	97010	131	96944	4107760	42.34
1980-1989	38	0.00154	0.00154	0.5	96878	149	96804	4010816	41.40
1980-1989	39	0.00152	0.00152	0.5	96729	147	96656	3914012	40.46
1980-1989	40	0.00167	0.00167	0.5	96582	161	96502	3817357	39.52
1980-1989	41	0.00180	0.00180	0.5	96421	173	96335	3720855	38.59
1980-1989	42	0.00204	0.00204	0.5	96248	196	96150	3624520	37.66
1980-1989	43	0.00210	0.00210	0.5	96052	202	95951	3528370	36.73
1980-1989	44	0.00225	0.00225	0.5	95851	216	95743	3432418	35.81
1980-1989	45	0.00265	0.00264	0.5	95635	253	95509	3336675	34.89
1980-1989	46	0.00278	0.00278	0.5	95382	265	95250	3241167	33.98
1980-1989	47	0.00319	0.00318	0.5	95117	303	94966	3145917	33.07
1980-1989	48	0.00345	0.00345	0.5	94815	327	94651	3050951	32.18
1980-1989	49	0.00351	0.00351	0.5	94488	332	94322	2956300	31.29
1980-1989	50	0.00421	0.00420	0.5	94156	395	93959	2861978	30.40
1980-1989	51	0.00465	0.00464	0.5	93761	435	93544	2768019	29.52
1980-1989	52	0.00505	0.00504	0.5	93326	470	93091	2674475	28.66
1980-1989	53	0.00549	0.00547	0.5	92856	508	92602	2581384	27.80
1980-1989	54	0.00576	0.00575	0.5	92348	531	92083	2488782	26.95
1980-1989	55	0.00628	0.00626	0.5	91817	575	91530	2396699	26.10
1980-1989	56	0.00702	0.00699	0.5	91242	638	90923	2305170	25.26
1980-1989	57	0.00738	0.00735	0.5	90604	666	90271	2214247	24.44
1980-1989	58	0.00834	0.00831	0.5	89938	747	89564	2123976	23.62
1980-1989	59	0.00883	0.00879	0.5	89191	784	88799	2034412	22.81
1980-1989	60	0.00965	0.00960	0.5	88406	849	87982	1945613	22.01
1980-1989	61	0.01050	0.01045	0.5	87558	915	87100	1857631	21.22
1980-1989	62	0.01223	0.01216	0.5	86643	1054	86116	1770530	20.43
1980-1989	63	0.01286	0.01278	0.5	85590	1094	85043	1684414	19.68
1980-1989	64	0.01349	0.01340	0.5	84496	1132	83930	1599371	18.93
1980-1989	65	0.01511	0.01499	0.5	83363	1250	82738	1515442	18.18
1980-1989	66	0.01640	0.01626	0.5	82114	1336	81446	1432703	17.45
1980-1989	67	0.01750	0.01735	0.5	80778	1402	80077	1351258	16.73
1980-1989	68	0.01938	0.01920	0.5	79376	1524	78614	1271180	16.01
1980-1989	69	0.02033	0.02012	0.5	77853	1567	77069	1192566	15.32
1980-1989	70	0.02260	0.02235	0.5	76286	1705	75434	1115497	14.62
1980-1989	71	0.02497	0.02467	0.5	74581	1840	73661	1040063	13.95
1980-1989	72	0.02790	0.02751	0.5	72742	2001	71741	966402	13.29
1980-1989	73	0.03032	0.02986	0.5	70740	2113	69684	894661	12.65
1980-1989	74	0.03131	0.03083	0.5	68627	2116	67570	824977	12.02
1980-1989	75	0.03517	0.03456	0.5	66512	2299	65362	757408	11.39
1980-1989	76	0.03892	0.03818	0.5	64213	2452	62987	692045	10.78
1980-1989	77	0.04204	0.04118	0.5	61761	2543	60490	629058	10.19
1980-1989	78	0.04642	0.04537	0.5	59218	2687	57875	568568	9.60
1980-1989	79	0.04916	0.04798	0.5	56532	2713	55175	510694	9.03
1980-1989	80	0.06227	0.06039	0.5	53819	3250	52194	455518	8.46
1980-1989	81	0.06713	0.06495	0.5	50569	3284	48927	403324	7.98
1980-1989	82	0.07505	0.07234	0.5	47285	3420	45574	354398	7.50
1980-1989	83	0.08389	0.08051	0.5	43864	3532	42098	308823	7.04
1980-1989	84	0.09283	0.08872	0.5	40333	3578	38543	266725	6.61
1980-1989	85	0.10205	0.09709	0.5	36754	3569	34970	228182	6.21
1980-1989	86	0.11311	0.10706	0.5	33186	3553	31409	193212	5.82
1980-1989	87	0.12445	0.11716	0.5	29633	3472	27897	161802	5.46
1980-1989	88	0.13581	0.12717	0.5	26161	3327	24498	133905	5.12
1980-1989	89	0.14952	0.13912	0.5	22834	3177	21246	109407	4.79
1980-1989	90	0.16671	0.15389	0.5	19658	3025	18145	88161	4.48
1980-1989	91	0.17667	0.16233	0.5	16633	2700	15283	70016	4.21
1980-1989	92	0.19953	0.18143	0.5	13933	2528	12669	54734	3.93
1980-1989	93	0.21496	0.19410	0.5	11405	2214	10298	42065	3.69
1980-1989	94	0.23730	0.21213	0.5	9191	1950	8216	31767	3.46
1980-1989	95	0.25441	0.22570	0.5	7241	1634	6424	23551	3.25
1980-1989	96	0.27581	0.24238	0.5	5607	1359	4928	17126	3.05
1980-1989	97	0.29829	0.25958	0.5	4248	1103	3697	12199	2.87
1980-1989	98	0.32179	0.27719	0.5	3145	872	2709	8502	2.70
1980-1989	99	0.34623	0.29514	0.5	2273	671	1938	5793	2.55
1980-1989	100	0.37150	0.31331	0.5	1603	502	1351	3855	2.41
1980-1989	101	0.39750	0.33160	0.5	1100	365	918	2503	2.27
1980-1989	102	0.42410	0.34990	0.5	736	257	607	1585	2.16
1980-1989	103	0.45113	0.36810	0.5	478	176	390	978	2.05
1980-1989	104	0.47847	0.38610	0.5	302	117	244	588	1.95
1980-1989	105	0.50593	0.40378	0.5	185	75	148	345	1.86
1980-1989	106	0.53335	0.42106	0.5	111	47	87	196	1.78
1980-1989	107	0.56057	0.43785	0.5	64	28	50	109	1.70
1980-1989	108	0.58744	0.45407	0.5	36	16	28	59	1.64
1980-1989	109	0.61379	0.46966	0.5	20	9	15	31	1.59
1980-1989	110+	0.63950	1.00000	1.56	10	10	16	16	1.56
1990-1999	0	0.00756	0.00751	0.07	100000	751	99305	7894608	78.95
1990-1999	1	0.00055	0.00055	0.5	99249	54	99222	7795304	78.54
1990-1999	2	0.00033	0.00033	0.5	99194	33	99178	7696082	77.59
1990-1999	3	0.00028	0.00028	0.5	99162	27	99148	7596904	76.61
1990-1999	4	0.00022	0.00022	0.5	99134	21	99123	7497756	75.63
1990-1999	5	0.00019	0.00019	0.5	99113	19	99103	7398633	74.65
1990-1999	6	0.00016	0.00016	0.5	99094	16	99086	7299530	73.66
1990-1999	7	0.00016	0.00016	0.5	99078	16	99070	7200444	72.67
1990-1999	8	0.00016	0.00016	0.5	99063	16	99054	7101373	71.69
1990-1999	9	0.00015	0.00015	0.5	99046	15	99039	7002319	70.70
1990-1999	10	0.00012	0.00012	0.5	99032	12	99025	6903280	69.71
1990-1999	11	0.00014	0.00014	0.5	99019	14	99012	6804254	68.72
1990-1999	12	0.00015	0.00015	0.5	99006	15	98998	6705242	67.73
1990-1999	13	0.00017	0.00017	0.5	98991	17	98982	6606244	66.74
1990-1999	14	0.00021	0.00021	0.5	98974	21	98964	6507261	65.75
1990-1999	15	0.00024	0.00024	0.5	98953	24	98941	6408298	64.76
1990-1999	16	0.00027	0.00027	0.5	98929	27	98916	6309356	63.78
1990-1999	17	0.00036	0.00036	0.5	98903	36	98885	6210440	62.79
1990-1999	18	0.00039	0.00039	0.5	98867	38	98848	6111555	61.82
1990-1999	19	0.00037	0.00037	0.5	98829	37	98810	6012708	60.84
1990-1999	20	0.00039	0.00039	0.5	98792	39	98772	5913898	59.86
1990-1999	21	0.00042	0.00041	0.5	98753	41	98732	5815126	58.89
1990-1999	22	0.00045	0.00045	0.5	98712	44	98689	5716393	57.91
1990-1999	23	0.00049	0.00049	0.5	98667	48	98643	5617704	56.94
1990-1999	24	0.00049	0.00049	0.5	98619	48	98595	5519061	55.96
1990-1999	25	0.00053	0.00053	0.5	98571	53	98545	5420466	54.99
1990-1999	26	0.00060	0.00060	0.5	98518	59	98489	5321921	54.02
1990-1999	27	0.00066	0.00066	0.5	98459	65	98426	5223432	53.05
1990-1999	28	0.00073	0.00073	0.5	98394	72	98358	5125006	52.09
1990-1999	29	0.00072	0.00072	0.5	98322	71	98286	5026648	51.12
1990-1999	30	0.00082	0.00082	0.5	98251	81	98210	4928362	50.16
1990-1999	31	0.00096	0.00096	0.5	98170	94	98123	4830152	49.20
1990-1999	32	0.00102	0.00102	0.5	98076	100	98026	4732029	48.25
1990-1999	33	0.00113	0.00113	0.5	97976	110	97921	4634003	47.30
1990-1999	34	0.00115	0.00115	0.5	97866	113	97809	4536082	46.35
1990-1999	35	0.00127	0.00127	0.5	97753	124	97691	4438272	45.40
1990-1999	36	0.00134	0.00134	0.5	97629	131	97563	4340581	44.46
1990-1999	37	0.00150	0.00150	0.5	97498	146	97425	4243018	43.52
1990-1999	38	0.00165	0.00165	0.5	97352	161	97271	4145593	42.58
1990-1999	39	0.00160	0.00160	0.5	97191	156	97113	4048322	41.65
1990-1999	40	0.00179	0.00179	0.5	97035	174	96948	3951208	40.72
1990-1999	41	0.00188	0.00188	0.5	96862	182	96770	3854260	39.79
1990-1999	42	0.00203	0.00203	0.5	96679	196	96581	3757489	38.87
1990-1999	43	0.00206	0.00206	0.5	96483	199	96384	3660908	37.94
1990-1999	44	0.00222	0.00222	0.5	96285	214	96178	3564524	37.02
1990-1999	45	0.00231	0.00231	0.5	96071	222	95960	3468346	36.10
1990-1999	46	0.00258	0.00258	0.5	95849	247	95725	3372387	35.18
1990-1999	47	0.00267	0.00267	0.5	95602	255	95474	3276661	34.27
1990-1999	48	0.00308	0.00308	0.5	95347	293	95200	3181187	33.36
1990-1999	49	0.00324	0.00323	0.5	95053	307	94899	3085987	32.47
1990-1999	50	0.00343	0.00342	0.5	94746	324	94584	2991088	31.57
1990-1999	51	0.00374	0.00373	0.5	94422	353	94245	2896504	30.68
1990-1999	52	0.00419	0.00418	0.5	94069	393	93872	2802259	29.79
1990-1999	53	0.00453	0.00452	0.5	93675	423	93464	2708387	28.91
1990-1999	54	0.00473	0.00471	0.5	93252	440	93033	2614923	28.04
1990-1999	55	0.00544	0.00543	0.5	92813	504	92561	2521890	27.17
1990-1999	56	0.00583	0.00581	0.5	92309	537	92041	2429330	26.32
1990-1999	57	0.00620	0.00618	0.5	91772	567	91489	2337289	25.47
1990-1999	58	0.00735	0.00733	0.5	91205	668	90871	2245800	24.62
1990-1999	59	0.00766	0.00763	0.5	90537	690	90192	2154929	23.80
1990-1999	60	0.00834	0.00831	0.5	89846	746	89473	2064738	22.98
1990-1999	61	0.00924	0.00920	0.5	89100	820	88690	1975264	22.17
1990-1999	62	0.01011	0.01006	0.5	88281	888	87837	1886574	21.37
1990-1999	63	0.01098	0.01092	0.5	87393	954	86916	1798737	20.58
1990-1999	64	0.01175	0.01168	0.5	86439	1010	85934	1711822	19.80
1990-1999	65	0.01333	0.01325	0.5	85429	1132	84863	1625888	19.03
1990-1999	66	0.01439	0.01429	0.5	84297	1204	83695	1541025	18.28
1990-1999	67	0.01564	0.01552	0.5	83093	1290	82448	1457330	17.54
1990-1999	68	0.01751	0.01735	0.5	81803	1420	81093	1374882	16.81
1990-1999	69	0.01810	0.01794	0.5	80384	1442	79663	1293789	16.10
1990-1999	70	0.02021	0.02000	0.5	78942	1579	78152	1214126	15.38
1990-1999	71	0.02209	0.02185	0.5	77363	1691	76517	1135974	14.68
1990-1999	72	0.02475	0.02445	0.5	75672	1850	74747	1059457	14.00
1990-1999	73	0.02681	0.02645	0.5	73822	1953	72846	984710	13.34
1990-1999	74	0.02816	0.02777	0.5	71869	1996	70871	911864	12.69
1990-1999	75	0.03053	0.03007	0.5	69873	2101	68823	840993	12.04
1990-1999	76	0.03442	0.03384	0.5	67772	2293	66626	772170	11.39
1990-1999	77	0.03783	0.03713	0.5	65479	2431	64264	705544	10.78
1990-1999	78	0.04138	0.04054	0.5	63048	2556	61770	641280	10.17
1990-1999	79	0.04464	0.04367	0.5	60492	2641	59172	579510	9.58
1990-1999	80	0.05448	0.05303	0.5	57851	3068	56317	520338	8.99
1990-1999	81	0.06010	0.05835	0.5	54783	3197	53184	464022	8.47
1990-1999	82	0.06593	0.06383	0.5	51586	3293	49940	410837	7.96
1990-1999	83	0.07278	0.07022	0.5	48293	3391	46598	360897	7.47
1990-1999	84	0.08116	0.07799	0.5	44902	3502	43151	314300	7.00
1990-1999	85	0.09081	0.08687	0.5	41400	3596	39602	271148	6.55
1990-1999	86	0.09992	0.09516	0.5	37804	3598	36005	231546	6.12
1990-1999	87	0.11072	0.10492	0.5	34206	3589	32412	195541	5.72
1990-1999	88	0.12427	0.11700	0.5	30618	3582	28827	163129	5.33
1990-1999	89	0.13855	0.12957	0.5	27035	3503	25284	134303	4.97
1990-1999	90	0.15278	0.14193	0.5	23532	3340	21862	109019	4.63
1990-1999	91	0.16836	0.15529	0.5	20192	3136	18625	87156	4.32
1990-1999	92	0.18843	0.17220	0.5	17057	2937	15588	68532	4.02
1990-1999	93	0.20849	0.18881	0.5	14119	2666	12787	52944	3.75
1990-1999	94	0.23154	0.20752	0.5	11454	2377	10265	40157	3.51
1990-1999	95	0.24692	0.21979	0.5	9077	1995	8079	29892	3.29
1990-1999	96	0.26955	0.23754	0.5	7082	1682	6241	21813	3.08
1990-1999	97	0.29345	0.25590	0.5	5400	1382	4709	15572	2.88
1990-1999	98	0.31854	0.27477	0.5	4018	1104	3466	10863	2.70
1990-1999	99	0.34473	0.29404	0.5	2914	857	2485	7397	2.54
1990-1999	100	0.37189	0.31358	0.5	2057	645	1735	4912	2.39
1990-1999	101	0.39989	0.33326	0.5	1412	471	1177	3178	2.25
1990-1999	102	0.42856	0.35294	0.5	941	332	775	2001	2.13
1990-1999	103	0.45772	0.37248	0.5	609	227	496	1226	2.01
1990-1999	104	0.48717	0.39175	0.5	382	150	307	730	1.91
1990-1999	105	0.51671	0.41062	0.5	233	95	185	422	1.82
1990-1999	106	0.54614	0.42899	0.5	137	59	108	238	1.73
1990-1999	107	0.57524	0.44675	0.5	78	35	61	130	1.66
1990-1999	108	0.60383	0.46380	0.5	43	20	33	69	1.60
1990-1999	109	0.63173	0.48009	0.5	23	11	18	36	1.55
1990-1999	110+	0.65878	1.00000	1.52	12	12	18	18	1.52
2000-2009	0	0.00541	0.00539	0.07	100000	539	99498	8103578	81.04
2000-2009	1	0.00031	0.00031	0.5	99461	31	99446	8004080	80.47
2000-2009	2	0.00022	0.00022	0.5	99430	22	99419	7904634	79.50
2000-2009	3	0.00018	0.00018	0.5	99408	18	99399	7805215	78.52
2000-2009	4	0.00013	0.00013	0.5	99390	13	99383	7705815	77.53
2000-2009	5	0.00011	0.00011	0.5	99377	11	99371	7606432	76.54
2000-2009	6	0.00011	0.00011	0.5	99366	10	99361	7507061	75.55
2000-2009	7	0.00011	0.00011	0.5	99356	11	99350	7407700	74.56
2000-2009	8	0.00011	0.00011	0.5	99345	10	99340	7308350	73.57
2000-2009	9	0.00011	0.00011	0.5	99334	11	99329	7209010	72.57
2000-2009	10	0.00011	0.00011	0.5	99324	11	99319	7109681	71.58
2000-2009	11	0.00011	0.00011	0.5	99313	11	99308	7010362	70.59
2000-2009	12	0.00012	0.00012	0.5	99302	11	99297	6911054	69.60
2000-2009	13	0.00011	0.00011	0.5	99291	11	99285	6811758	68.60
2000-2009	14	0.00014	0.00014	0.5	99280	13	99273	6712472	67.61
2000-2009	15	0.00015	0.00015	0.5	99266	14	99259	6613199	66.62
2000-2009	16	0.00024	0.00024	0.5	99252	23	99240	6513940	65.63
2000-2009	17	0.00028	0.00028	0.5	99228	28	99215	6414700	64.65
2000-2009	18	0.00031	0.00031	0.5	99201	31	99185	6315485	63.66
2000-2009	19	0.00030	0.00030	0.5	99170	30	99155	6216300	62.68
2000-2009	20	0.00033	0.00033	0.5	99140	33	99124	6117145	61.70
2000-2009	21	0.00035	0.00035	0.5	99108	34	99090	6018021	60.72
2000-2009	22	0.00034	0.00034	0.5	99073	34	99056	5918931	59.74
2000-2009	23	0.00037	0.00037	0.5	99039	37	99021	5819875	58.76
2000-2009	24	0.00036	0.00036	0.5	99002	36	98984	5720854	57.79
2000-2009	25	0.00038	0.00038	0.5	98966	37	98947	5621870	56.81
2000-2009	26	0.00040	0.00040	0.5	98929	39	98909	5522923	55.83
2000-2009	27	0.00041	0.00041	0.5	98889	41	98869	5424014	54.85
2000-2009	28	0.00045	0.00045	0.5	98849	44	98827	5325145	53.87
2000-2009	29	0.00046	0.00046	0.5	98805	46	98782	5226318	52.90
2000-2009	30	0.00051	0.00051	0.5	98759	50	98734	5127536	51.92
2000-2009	31	0.00055	0.00055	0.5	98709	54	98682	5028802	50.95
2000-2009	32	0.00061	0.00061	0.5	98655	60	98625	4930120	49.97
2000-2009	33	0.00061	0.00061	0.5	98595	60	98564	4831495	49.00
2000-2009	34	0.00071	0.00071	0.5	98534	70	98499	4732931	48.03
2000-2009	35	0.00077	0.00077	0.5	98465	76	98427	4634432	47.07
2000-2009	36	0.00090	0.00090	0.5	98389	88	98345	4536005	46.10
2000-2009	37	0.00092	0.00092	0.5	98301	90	98255	4437660	45.14
2000-2009	38	0.00106	0.00106	0.5	98210	104	98158	4339405	44.18
2000-2009	39	0.00119	0.00119	0.5	98106	116	98048	4241247	43.23
2000-2009	40	0.00126	0.00125	0.5	97989	123	97928	4143199	42.28
2000-2009	41	0.00137	0.00137	0.5	97866	134	97799	4045271	41.33
2000-2009	42	0.00153	0.00153	0.5	97732	150	97657	3947472	40.39
2000-2009	43	0.00163	0.00163	0.5	97583	159	97503	3849814	39.45
2000-2009	44	0.00181	0.00181	0.5	97424	176	97336	3752311	38.52
2000-2009	45	0.00195	0.00194	0.5	97248	189	97153	3654976	37.58
2000-2009	46	0.00214	0.00214	0.5	97059	208	96955	3557822	36.66
2000-2009	47	0.00231	0.00231	0.5	96851	223	96739	3460868	35.73
2000-2009	48	0.00255	0.00254	0.5	96627	246	96504	3364129	34.82
2000-2009	49	0.00275	0.00275	0.5	96381	265	96249	3267624	33.90
2000-2009	50	0.00289	0.00289	0.5	96116	278	95977	3171376	33.00
2000-2009	51	0.00317	0.00317	0.5	95838	304	95687	3075398	32.09
2000-2009	52	0.00341	0.00340	0.5	95535	325	95372	2979712	31.19
2000-2009	53	0.00382	0.00381	0.5	95210	363	95028	2884339	30.29
2000-2009	54	0.00396	0.00395	0.5	94847	375	94659	2789311	29.41
2000-2009	55	0.00453	0.00452	0.5	94472	427	94259	2694652	28.52
2000-2009	56	0.00460	0.00459	0.5	94045	431	93829	2600393	27.65
2000-2009	57	0.00518	0.00517	0.5	93614	484	93372	2506564	26.78
2000-2009	58	0.00548	0.00547	0.5	93130	509	92875	2413192	25.91
2000-2009	59	0.00602	0.00601	0.5	92621	556	92342	2320317	25.05
2000-2009	60	0.00686	0.00684	0.5	92064	629	91750	2227974	24.20
2000-2009	61	0.00726	0.00724	0.5	91435	662	91104	2136224	23.36
2000-2009	62	0.00790	0.00787	0.5	90773	714	90416	2045120	22.53
2000-2009	63	0.00894	0.00890	0.5	90059	802	89658	1954704	21.70
2000-2009	64	0.00951	0.00946	0.5	89257	845	88835	1865046	20.90
2000-2009	65	0.01026	0.01021	0.5	88413	902	87962	1776211	20.09
2000-2009	66	0.01147	0.01140	0.5	87510	998	87012	1688249	19.29
2000-2009	67	0.01270	0.01262	0.5	86513	1092	85967	1601238	18.51
2000-2009	68	0.01363	0.01354	0.5	85421	1156	84843	1515271	17.74
2000-2009	69	0.01512	0.01500	0.5	84265	1264	83633	1430428	16.98
2000-2009	70	0.01645	0.01632	0.5	83000	1354	82323	1346796	16.23
2000-2009	71	0.01798	0.01782	0.5	81646	1455	80919	1264472	15.49
2000-2009	72	0.01975	0.01956	0.5	80191	1568	79407	1183554	14.76
2000-2009	73	0.02171	0.02148	0.5	78623	1689	77779	1104146	14.04
2000-2009	74	0.02389	0.02361	0.5	76934	1817	76026	1026368	13.34
2000-2009	75	0.02665	0.02630	0.5	75118	1975	74130	950342	12.65
2000-2009	76	0.02868	0.02827	0.5	73142	2068	72108	876211	11.98
2000-2009	77	0.03134	0.03085	0.5	71074	2193	69978	804103	11.31
2000-2009	78	0.03542	0.03480	0.5	68882	2397	67683	734125	10.66
2000-2009	79	0.03872	0.03798	0.5	66484	2525	65222	666442	10.02
2000-2009	80	0.04683	0.04576	0.5	63959	2927	62495	601220	9.40
2000-2009	81	0.05195	0.05064	0.5	61032	3091	59487	538725	8.83
2000-2009	82	0.05831	0.05666	0.5	57941	3283	56300	479238	8.27
2000-2009	83	0.06558	0.06350	0.5	54659	3471	52923	422938	7.74
2000-2009	84	0.07291	0.07035	0.5	51188	3601	49387	370015	7.23
2000-2009	85	0.08307	0.07976	0.5	47587	3796	45689	320628	6.74
2000-2009	86	0.09369	0.08950	0.5	43791	3919	41832	274938	6.28
2000-2009	87	0.10377	0.09865	0.5	39872	3933	37905	233107	5.85
2000-2009	88	0.11672	0.11029	0.5	35939	3963	33957	195201	5.43
2000-2009	89	0.13213	0.12394	0.5	31975	3963	29994	161245	5.04
2000-2009	90	0.14540	0.13555	0.5	28012	3797	26114	131251	4.69
2000-2009	91	0.16483	0.15228	0.5	24215	3687	22371	105137	4.34
2000-2009	92	0.18347	0.16806	0.5	20528	3450	18803	82766	4.03
2000-2009	93	0.20382	0.18497	0.5	17078	3159	15498	63963	3.75
2000-2009	94	0.22567	0.20279	0.5	13919	2823	12508	48465	3.48
2000-2009	95	0.24803	0.22066	0.5	11096	2449	9872	35957	3.24
2000-2009	96	0.27283	0.24008	0.5	8648	2076	7610	26085	3.02
2000-2009	97	0.29912	0.26020	0.5	6572	1710	5717	18476	2.81
2000-2009	98	0.32681	0.28091	0.5	4862	1366	4179	12759	2.62
2000-2009	99	0.35576	0.30203	0.5	3496	1056	2968	8580	2.45
2000-2009	100	0.38580	0.32342	0.5	2440	789	2046	5612	2.30
2000-2009	101	0.41674	0.34488	0.5	1651	569	1366	3566	2.16
2000-2009	102	0.44836	0.36625	0.5	1082	396	884	2200	2.03
2000-2009	103	0.48039	0.38735	0.5	685	266	553	1317	1.92
2000-2009	104	0.51259	0.40801	0.5	420	171	334	764	1.82
2000-2009	105	0.54468	0.42809	0.5	249	106	195	430	1.73
2000-2009	106	0.57640	0.44745	0.5	142	64	110	234	1.65
2000-2009	107	0.60751	0.46597	0.5	79	37	60	124	1.58
2000-2009	108	0.63777	0.48357	0.5	42	20	32	64	1.52
2000-2009	109	0.66698	0.50017	0.5	22	11	16	32	1.47
2000-2009	110+	0.69495	1.00000	1.44	11	11	16	16	1.44
2010-2019	0	0.00429	0.00427	0.07	100000	427	99601	8297247	82.97
2010-2019	1	0.00028	0.00028	0.5	99573	28	99559	8197646	82.33
2010-2019	2	0.00019	0.00018	0.5	99545	18	99536	8098087	81.35
2010-2019	3	0.00014	0.00014	0.5	99527	14	99520	7998551	80.37
2010-2019	4	0.00011	0.00011	0.5	99513	11	99508	7899031	79.38
2010-2019	5	0.00010	0.00010	0.5	99502	10	99498	7799523	78.39
2010-2019	6	0.00010	0.00010	0.5	99493	10	99488	7700025	77.39
2010-2019	7	0.00009	0.00009	0.5	99483	9	99479	7600538	76.40
2010-2019	8	0.00009	0.00009	0.5	99474	9	99470	7501059	75.41
2010-2019	9	0.00008	0.00008	0.5	99465	8	99462	7401589	74.41
2010-2019	10	0.00009	0.00009	0.5	99458	9	99453	7302128	73.42
2010-2019	11	0.00009	0.00009	0.5	99449	9	99445	7202674	72.43
2010-2019	12	0.00009	0.00009	0.5	99440	9	99436	7103230	71.43
2010-2019	13	0.00010	0.00010	0.5	99431	10	99426	7003794	70.44
2010-2019	14	0.00013	0.00013	0.5	99421	13	99415	6904367	69.45
2010-2019	15	0.00013	0.00013	0.5	99408	13	99401	6804953	68.45
2010-2019	16	0.00015	0.00015	0.5	99395	15	99387	6705551	67.46
2010-2019	17	0.00018	0.00018	0.5	99380	18	99371	6606164	66.47
2010-2019	18	0.00024	0.00024	0.5	99362	24	99350	6506793	65.49
2010-2019	19	0.00024	0.00024	0.5	99338	24	99326	6407444	64.50
2010-2019	20	0.00033	0.00033	0.5	99314	33	99297	6308118	63.52
2010-2019	21	0.00033	0.00033	0.5	99281	33	99264	6208821	62.54
2010-2019	22	0.00035	0.00035	0.5	99248	34	99231	6109556	61.56
2010-2019	23	0.00036	0.00036	0.5	99213	36	99195	6010326	60.58
2010-2019	24	0.00037	0.00037	0.5	99177	37	99159	5911130	59.60
2010-2019	25	0.00036	0.00036	0.5	99140	36	99122	5811971	58.62
2010-2019	26	0.00042	0.00042	0.5	99104	42	99084	5712849	57.64
2010-2019	27	0.00045	0.00045	0.5	99063	44	99041	5613765	56.67
2010-2019	28	0.00045	0.00045	0.5	99019	45	98996	5514725	55.69
2010-2019	29	0.00050	0.00050	0.5	98974	50	98949	5415729	54.72
2010-2019	30	0.00052	0.00052	0.5	98924	51	98898	5316780	53.75
2010-2019	31	0.00054	0.00054	0.5	98873	53	98846	5217881	52.77
2010-2019	32	0.00059	0.00059	0.5	98820	58	98791	5119035	51.80
2010-2019	33	0.00060	0.00060	0.5	98762	59	98732	5020244	50.83
2010-2019	34	0.00067	0.00067	0.5	98703	66	98670	4921512	49.86
2010-2019	35	0.00071	0.00071	0.5	98637	70	98602	4822842	48.89
2010-2019	36	0.00075	0.00075	0.5	98567	74	98530	4724240	47.93
2010-2019	37	0.00085	0.00085	0.5	98493	83	98451	4625710	46.96
2010-2019	38	0.00087	0.00087	0.5	98410	86	98367	4527259	46.00
2010-2019	39	0.00092	0.00091	0.5	98324	90	98279	4428891	45.04
2010-2019	40	0.00099	0.00099	0.5	98234	97	98186	4330612	44.08
2010-2019	41	0.00105	0.00105	0.5	98137	103	98085	4232427	43.13
2010-2019	42	0.00121	0.00121	0.5	98033	118	97974	4134341	42.17
2010-2019	43	0.00134	0.00133	0.5	97915	131	97850	4036367	41.22
2010-2019	44	0.00142	0.00142	0.5	97784	139	97715	3938517	40.28
2010-2019	45	0.00161	0.00161	0.5	97645	157	97567	3840802	39.33
2010-2019	46	0.00175	0.00175	0.5	97488	171	97403	3743236	38.40
2010-2019	47	0.00190	0.00190	0.5	97318	185	97225	3645833	37.46
2010-2019	48	0.00208	0.00208	0.5	97133	202	97032	3548608	36.53
2010-2019	49	0.00228	0.00228	0.5	96931	221	96820	3451576	35.61
2010-2019	50	0.00258	0.00258	0.5	96709	249	96585	3354756	34.69
2010-2019	51	0.00278	0.00278	0.5	96460	268	96326	3258171	33.78
2010-2019	52	0.00304	0.00303	0.5	96192	292	96046	3161845	32.87
2010-2019	53	0.00318	0.00317	0.5	95901	304	95748	3065799	31.97
2010-2019	54	0.00358	0.00357	0.5	95596	341	95426	2970050	31.07
2010-2019	55	0.00371	0.00370	0.5	95255	353	95079	2874625	30.18
2010-2019	56	0.00424	0.00423	0.5	94902	402	94701	2779546	29.29
2010-2019	57	0.00445	0.00444	0.5	94500	420	94290	2684845	28.41
2010-2019	58	0.00485	0.00484	0.5	94080	456	93853	2590555	27.54
2010-2019	59	0.00522	0.00521	0.5	93625	488	93381	2496702	26.67
2010-2019	60	0.00564	0.00562	0.5	93137	523	92875	2403321	25.80
2010-2019	61	0.00606	0.00604	0.5	92614	559	92334	2310446	24.95
2010-2019	62	0.00666	0.00664	0.5	92055	611	91749	2218111	24.10
2010-2019	63	0.00718	0.00716	0.5	91443	654	91116	2126362	23.25
2010-2019	64	0.00786	0.00783	0.5	90789	711	90433	2035246	22.42
2010-2019	65	0.00851	0.00847	0.5	90078	763	89696	1944813	21.59
2010-2019	66	0.00930	0.00926	0.5	89314	827	88901	1855117	20.77
2010-2019	67	0.01013	0.01008	0.5	88488	892	88041	1766216	19.96
2010-2019	68	0.01123	0.01117	0.5	87595	978	87106	1678174	19.16
2010-2019	69	0.01206	0.01198	0.5	86617	1038	86098	1591068	18.37
2010-2019	70	0.01363	0.01354	0.5	85579	1158	85000	1504970	17.59
2010-2019	71	0.01474	0.01463	0.5	84421	1235	83803	1419970	16.82
2010-2019	72	0.01605	0.01592	0.5	83186	1324	82523	1336166	16.06
2010-2019	73	0.01777	0.01761	0.5	81861	1442	81140	1253643	15.31
2010-2019	74	0.01968	0.01948	0.5	80420	1567	79636	1172502	14.58
2010-2019	75	0.02171	0.02147	0.5	78853	1693	78006	1092866	13.86
2010-2019	76	0.02366	0.02338	0.5	77159	1804	76257	1014860	13.15
2010-2019	77	0.02639	0.02605	0.5	75355	1963	74374	938603	12.46
2010-2019	78	0.02921	0.02879	0.5	73392	2113	72336	864229	11.78
2010-2019	79	0.03228	0.03177	0.5	71279	2265	70147	791894	11.11
2010-2019	80	0.03622	0.03558	0.5	69015	2455	67787	721747	10.46
2010-2019	81	0.04055	0.03975	0.5	66559	2646	65236	653960	9.83
2010-2019	82	0.04651	0.04546	0.5	63914	2905	62461	588723	9.21
2010-2019	83	0.05129	0.05001	0.5	61008	3051	59483	526262	8.63
2010-2019	84	0.05765	0.05604	0.5	57958	3248	56334	466779	8.05
2010-2019	85	0.06546	0.06338	0.5	54710	3468	52976	410446	7.50
2010-2019	86	0.07446	0.07178	0.5	51242	3678	49403	357470	6.98
2010-2019	87	0.08560	0.08209	0.5	47564	3905	45611	308067	6.48
2010-2019	88	0.09509	0.09077	0.5	43659	3963	41678	262455	6.01
2010-2019	89	0.10942	0.10374	0.5	39696	4118	37637	220778	5.56
2010-2019	90	0.12561	0.11819	0.5	35578	4205	33476	183140	5.15
2010-2019	91	0.14015	0.13097	0.5	31373	4109	29319	149665	4.77
2010-2019	92	0.15851	0.14687	0.5	27264	4004	25262	120346	4.41
2010-2019	93	0.17766	0.16317	0.5	23260	3795	21362	95084	4.09
2010-2019	94	0.20069	0.18239	0.5	19465	3550	17690	73722	3.79
2010-2019	95	0.21874	0.19717	0.5	15915	3138	14346	56032	3.52
2010-2019	96	0.24290	0.21660	0.5	12777	2767	11393	41687	3.26
2010-2019	97	0.26882	0.23697	0.5	10009	2372	8823	30294	3.03
2010-2019	98	0.29642	0.25816	0.5	7637	1972	6652	21470	2.81
2010-2019	99	0.32559	0.28000	0.5	5666	1586	4873	14819	2.62
2010-2019	100	0.35617	0.30233	0.5	4079	1233	3463	9946	2.44
2010-2019	101	0.38798	0.32495	0.5	2846	925	2384	6483	2.28
2010-2019	102	0.42077	0.34764	0.5	1921	668	1587	4100	2.13
2010-2019	103	0.45428	0.37019	0.5	1253	464	1021	2513	2.00
2010-2019	104	0.48820	0.39242	0.5	789	310	634	1491	1.89
2010-2019	105	0.52224	0.41411	0.5	480	199	380	857	1.79
2010-2019	106	0.55607	0.43510	0.5	281	122	220	476	1.70
2010-2019	107	0.58939	0.45523	0.5	159	72	123	257	1.62
2010-2019	108	0.62190	0.47439	0.5	86	41	66	134	1.55
2010-2019	109	0.65336	0.49248	0.5	45	22	34	68	1.50
2010-2019	110+	0.68353	1.00000	1.46	23	23	34	34	1.46
