NY: New York, Lifetables (period 1x5), Females Last modified: 20 Dec 2020, MPv5 (May07) 

Year     	Age	mx	qx	ax	lx	dx	Lx	Tx	ex
1960-1964	0	0.02136	0.02096	0.11	100000	2096	98140	7299048	72.99
1960-1964	1	0.00129	0.00129	0.5	97904	126	97841	7200907	73.55
1960-1964	2	0.00077	0.00077	0.5	97778	75	97740	7103067	72.65
1960-1964	3	0.00063	0.00063	0.5	97703	61	97672	7005326	71.70
1960-1964	4	0.00053	0.00053	0.5	97641	52	97615	6907655	70.75
1960-1964	5	0.00048	0.00048	0.5	97589	46	97566	6810039	69.78
1960-1964	6	0.00040	0.00040	0.5	97543	39	97524	6712473	68.82
1960-1964	7	0.00035	0.00035	0.5	97505	34	97487	6614949	67.84
1960-1964	8	0.00031	0.00031	0.5	97470	30	97455	6517462	66.87
1960-1964	9	0.00032	0.00032	0.5	97440	32	97424	6420007	65.89
1960-1964	10	0.00025	0.00025	0.5	97408	24	97396	6322582	64.91
1960-1964	11	0.00027	0.00027	0.5	97384	26	97371	6225186	63.92
1960-1964	12	0.00028	0.00028	0.5	97358	27	97344	6127815	62.94
1960-1964	13	0.00029	0.00029	0.5	97331	28	97317	6030471	61.96
1960-1964	14	0.00032	0.00032	0.5	97302	31	97287	5933155	60.98
1960-1964	15	0.00034	0.00034	0.5	97271	33	97255	5835868	60.00
1960-1964	16	0.00040	0.00040	0.5	97238	39	97219	5738613	59.02
1960-1964	17	0.00045	0.00045	0.5	97200	44	97178	5641394	58.04
1960-1964	18	0.00058	0.00058	0.5	97156	56	97128	5544216	57.07
1960-1964	19	0.00054	0.00054	0.5	97100	53	97073	5447088	56.10
1960-1964	20	0.00062	0.00061	0.5	97047	60	97017	5350015	55.13
1960-1964	21	0.00071	0.00071	0.5	96987	69	96953	5252998	54.16
1960-1964	22	0.00063	0.00063	0.5	96919	61	96888	5156045	53.20
1960-1964	23	0.00067	0.00067	0.5	96858	64	96826	5059157	52.23
1960-1964	24	0.00074	0.00074	0.5	96793	71	96758	4962331	51.27
1960-1964	25	0.00073	0.00073	0.5	96722	71	96686	4865573	50.30
1960-1964	26	0.00082	0.00082	0.5	96651	80	96611	4768887	49.34
1960-1964	27	0.00090	0.00090	0.5	96571	87	96528	4672275	48.38
1960-1964	28	0.00093	0.00092	0.5	96485	89	96440	4575747	47.42
1960-1964	29	0.00100	0.00100	0.5	96396	97	96347	4479307	46.47
1960-1964	30	0.00114	0.00114	0.5	96299	110	96244	4382960	45.51
1960-1964	31	0.00117	0.00117	0.5	96189	112	96133	4286716	44.57
1960-1964	32	0.00127	0.00127	0.5	96077	122	96016	4190583	43.62
1960-1964	33	0.00134	0.00134	0.5	95955	128	95891	4094568	42.67
1960-1964	34	0.00146	0.00146	0.5	95826	140	95757	3998677	41.73
1960-1964	35	0.00156	0.00156	0.5	95687	149	95612	3902921	40.79
1960-1964	36	0.00167	0.00167	0.5	95538	160	95458	3807308	39.85
1960-1964	37	0.00181	0.00180	0.5	95378	172	95292	3711851	38.92
1960-1964	38	0.00203	0.00203	0.5	95206	193	95109	3616559	37.99
1960-1964	39	0.00213	0.00213	0.5	95012	202	94911	3521450	37.06
1960-1964	40	0.00245	0.00245	0.5	94810	232	94694	3426538	36.14
1960-1964	41	0.00248	0.00248	0.5	94578	234	94461	3331844	35.23
1960-1964	42	0.00298	0.00297	0.5	94344	281	94203	3237383	34.31
1960-1964	43	0.00305	0.00304	0.5	94063	286	93920	3143180	33.42
1960-1964	44	0.00330	0.00329	0.5	93777	309	93623	3049260	32.52
1960-1964	45	0.00382	0.00382	0.5	93468	357	93290	2955637	31.62
1960-1964	46	0.00395	0.00394	0.5	93112	367	92928	2862347	30.74
1960-1964	47	0.00444	0.00443	0.5	92745	410	92540	2769419	29.86
1960-1964	48	0.00470	0.00469	0.5	92334	433	92118	2676879	28.99
1960-1964	49	0.00520	0.00519	0.5	91901	477	91663	2584762	28.13
1960-1964	50	0.00583	0.00581	0.5	91424	531	91159	2493099	27.27
1960-1964	51	0.00608	0.00607	0.5	90893	551	90617	2401941	26.43
1960-1964	52	0.00683	0.00681	0.5	90342	615	90034	2311323	25.58
1960-1964	53	0.00717	0.00714	0.5	89726	641	89406	2221289	24.76
1960-1964	54	0.00761	0.00758	0.5	89085	676	88748	2131883	23.93
1960-1964	55	0.00837	0.00834	0.5	88410	737	88041	2043136	23.11
1960-1964	56	0.00916	0.00911	0.5	87673	799	87273	1955094	22.30
1960-1964	57	0.00942	0.00937	0.5	86874	814	86466	1867821	21.50
1960-1964	58	0.01056	0.01051	0.5	86059	904	85607	1781355	20.70
1960-1964	59	0.01132	0.01126	0.5	85155	959	84676	1695748	19.91
1960-1964	60	0.01281	0.01273	0.5	84196	1072	83661	1611072	19.13
1960-1964	61	0.01304	0.01295	0.5	83125	1077	82586	1527411	18.37
1960-1964	62	0.01581	0.01569	0.5	82048	1287	81404	1444825	17.61
1960-1964	63	0.01665	0.01652	0.5	80761	1334	80094	1363421	16.88
1960-1964	64	0.01759	0.01744	0.5	79427	1385	78734	1283327	16.16
1960-1964	65	0.02108	0.02086	0.5	78042	1628	77228	1204593	15.44
1960-1964	66	0.02088	0.02067	0.5	76414	1579	75624	1127365	14.75
1960-1964	67	0.02422	0.02393	0.5	74835	1791	73939	1051740	14.05
1960-1964	68	0.02728	0.02691	0.5	73044	1965	72061	977801	13.39
1960-1964	69	0.02834	0.02795	0.5	71078	1987	70085	905740	12.74
1960-1964	70	0.03485	0.03426	0.5	69092	2367	67908	835655	12.09
1960-1964	71	0.03381	0.03324	0.5	66725	2218	65616	767747	11.51
1960-1964	72	0.04184	0.04098	0.5	64507	2644	63185	702131	10.88
1960-1964	73	0.04422	0.04326	0.5	61863	2676	60525	638946	10.33
1960-1964	74	0.04872	0.04756	0.5	59187	2815	57779	578421	9.77
1960-1964	75	0.05695	0.05537	0.5	56371	3121	54811	520642	9.24
1960-1964	76	0.05732	0.05572	0.5	53250	2967	51766	465832	8.75
1960-1964	77	0.06162	0.05978	0.5	50283	3006	48780	414065	8.23
1960-1964	78	0.07238	0.06985	0.5	47277	3302	45626	365285	7.73
1960-1964	79	0.07859	0.07562	0.5	43975	3325	42312	319659	7.27
1960-1964	80	0.09618	0.09176	0.5	40649	3730	38784	277348	6.82
1960-1964	81	0.09134	0.08735	0.5	36919	3225	35307	238564	6.46
1960-1964	82	0.10795	0.10242	0.5	33694	3451	31969	203257	6.03
1960-1964	83	0.11856	0.11192	0.5	30243	3385	28551	171288	5.66
1960-1964	84	0.13088	0.12284	0.5	26858	3299	25209	142738	5.31
1960-1964	85	0.15028	0.13978	0.5	23559	3293	21912	117529	4.99
1960-1964	86	0.15747	0.14598	0.5	20266	2958	18787	95617	4.72
1960-1964	87	0.16975	0.15647	0.5	17307	2708	15953	76830	4.44
1960-1964	88	0.18547	0.16973	0.5	14599	2478	13360	60877	4.17
1960-1964	89	0.19715	0.17946	0.5	12121	2175	11034	47516	3.92
1960-1964	90	0.23359	0.20916	0.5	9946	2080	8906	36482	3.67
1960-1964	91	0.22307	0.20069	0.5	7866	1579	7077	27576	3.51
1960-1964	92	0.25457	0.22583	0.5	6287	1420	5577	20500	3.26
1960-1964	93	0.28126	0.24658	0.5	4867	1200	4267	14922	3.07
1960-1964	94	0.29971	0.26065	0.5	3667	956	3189	10655	2.91
1960-1964	95	0.31733	0.27387	0.5	2711	743	2340	7466	2.75
1960-1964	96	0.33992	0.29054	0.5	1969	572	1683	5126	2.60
1960-1964	97	0.36327	0.30743	0.5	1397	429	1182	3443	2.46
1960-1964	98	0.38728	0.32445	0.5	967	314	810	2261	2.34
1960-1964	99	0.41185	0.34152	0.5	653	223	542	1450	2.22
1960-1964	100	0.43687	0.35855	0.5	430	154	353	909	2.11
1960-1964	101	0.46221	0.37545	0.5	276	104	224	555	2.01
1960-1964	102	0.48775	0.39212	0.5	172	68	139	331	1.92
1960-1964	103	0.51336	0.40850	0.5	105	43	83	193	1.84
1960-1964	104	0.53889	0.42451	0.5	62	26	49	109	1.76
1960-1964	105	0.56423	0.44007	0.5	36	16	28	60	1.69
1960-1964	106	0.58923	0.45514	0.5	20	9	15	33	1.63
1960-1964	107	0.61378	0.46965	0.5	11	5	8	17	1.57
1960-1964	108	0.63776	0.48356	0.5	6	3	4	9	1.53
1960-1964	109	0.66108	0.49685	0.5	3	1	2	4	1.49
1960-1964	110+	0.68364	1.00000	1.46	1	1	2	2	1.46
1965-1969	0	0.01944	0.01911	0.11	100000	1911	98295	7355601	73.56
1965-1969	1	0.00110	0.00110	0.5	98089	107	98036	7257307	73.99
1965-1969	2	0.00070	0.00070	0.5	97982	69	97947	7159271	73.07
1965-1969	3	0.00056	0.00056	0.5	97913	55	97885	7061324	72.12
1965-1969	4	0.00050	0.00050	0.5	97858	49	97834	6963438	71.16
1965-1969	5	0.00044	0.00044	0.5	97809	43	97788	6865605	70.19
1965-1969	6	0.00037	0.00037	0.5	97767	36	97749	6767817	69.22
1965-1969	7	0.00032	0.00032	0.5	97731	31	97715	6670068	68.25
1965-1969	8	0.00026	0.00026	0.5	97700	25	97687	6572353	67.27
1965-1969	9	0.00024	0.00024	0.5	97675	23	97663	6474665	66.29
1965-1969	10	0.00025	0.00025	0.5	97651	24	97639	6377002	65.30
1965-1969	11	0.00024	0.00024	0.5	97627	24	97616	6279363	64.32
1965-1969	12	0.00028	0.00028	0.5	97604	27	97590	6181747	63.33
1965-1969	13	0.00028	0.00028	0.5	97577	27	97563	6084157	62.35
1965-1969	14	0.00031	0.00031	0.5	97550	30	97534	5986594	61.37
1965-1969	15	0.00039	0.00039	0.5	97519	38	97500	5889059	60.39
1965-1969	16	0.00041	0.00041	0.5	97481	40	97461	5791559	59.41
1965-1969	17	0.00046	0.00046	0.5	97441	44	97419	5694098	58.44
1965-1969	18	0.00058	0.00058	0.5	97396	56	97368	5596680	57.46
1965-1969	19	0.00062	0.00062	0.5	97340	60	97310	5499311	56.50
1965-1969	20	0.00060	0.00060	0.5	97280	58	97251	5402001	55.53
1965-1969	21	0.00065	0.00065	0.5	97222	63	97190	5304751	54.56
1965-1969	22	0.00071	0.00070	0.5	97158	68	97124	5207561	53.60
1965-1969	23	0.00070	0.00070	0.5	97090	68	97056	5110437	52.64
1965-1969	24	0.00080	0.00080	0.5	97022	78	96983	5013381	51.67
1965-1969	25	0.00079	0.00079	0.5	96944	76	96906	4916398	50.71
1965-1969	26	0.00084	0.00084	0.5	96868	81	96827	4819492	49.75
1965-1969	27	0.00087	0.00087	0.5	96787	84	96744	4722665	48.79
1965-1969	28	0.00092	0.00092	0.5	96702	89	96657	4625921	47.84
1965-1969	29	0.00094	0.00094	0.5	96613	91	96567	4529263	46.88
1965-1969	30	0.00111	0.00111	0.5	96522	107	96469	4432696	45.92
1965-1969	31	0.00119	0.00118	0.5	96415	114	96358	4336227	44.97
1965-1969	32	0.00130	0.00130	0.5	96301	125	96238	4239869	44.03
1965-1969	33	0.00134	0.00134	0.5	96176	129	96111	4143631	43.08
1965-1969	34	0.00153	0.00153	0.5	96047	147	95973	4047520	42.14
1965-1969	35	0.00169	0.00168	0.5	95900	161	95819	3951546	41.21
1965-1969	36	0.00172	0.00172	0.5	95738	165	95656	3855728	40.27
1965-1969	37	0.00193	0.00192	0.5	95573	184	95481	3760072	39.34
1965-1969	38	0.00201	0.00201	0.5	95390	192	95294	3664590	38.42
1965-1969	39	0.00236	0.00236	0.5	95198	224	95086	3569297	37.49
1965-1969	40	0.00252	0.00251	0.5	94974	239	94854	3474211	36.58
1965-1969	41	0.00258	0.00257	0.5	94735	244	94613	3379357	35.67
1965-1969	42	0.00298	0.00297	0.5	94491	281	94351	3284744	34.76
1965-1969	43	0.00315	0.00314	0.5	94210	296	94062	3190393	33.86
1965-1969	44	0.00336	0.00335	0.5	93914	315	93757	3096331	32.97
1965-1969	45	0.00371	0.00370	0.5	93599	346	93426	3002575	32.08
1965-1969	46	0.00397	0.00396	0.5	93253	369	93068	2909149	31.20
1965-1969	47	0.00428	0.00428	0.5	92884	397	92685	2816080	30.32
1965-1969	48	0.00484	0.00483	0.5	92487	446	92263	2723395	29.45
1965-1969	49	0.00519	0.00518	0.5	92040	477	91802	2631132	28.59
1965-1969	50	0.00573	0.00571	0.5	91564	523	91302	2539330	27.73
1965-1969	51	0.00604	0.00602	0.5	91041	548	90767	2448028	26.89
1965-1969	52	0.00660	0.00658	0.5	90493	595	90195	2357261	26.05
1965-1969	53	0.00703	0.00701	0.5	89897	630	89582	2267066	25.22
1965-1969	54	0.00775	0.00772	0.5	89267	689	88923	2177483	24.39
1965-1969	55	0.00828	0.00824	0.5	88579	730	88214	2088560	23.58
1965-1969	56	0.00846	0.00843	0.5	87849	740	87478	2000347	22.77
1965-1969	57	0.00959	0.00955	0.5	87108	831	86692	1912868	21.96
1965-1969	58	0.01037	0.01032	0.5	86277	890	85832	1826176	21.17
1965-1969	59	0.01117	0.01111	0.5	85386	948	84912	1740344	20.38
1965-1969	60	0.01215	0.01208	0.5	84438	1020	83928	1655432	19.61
1965-1969	61	0.01271	0.01263	0.5	83418	1054	82891	1571504	18.84
1965-1969	62	0.01502	0.01491	0.5	82365	1228	81750	1488612	18.07
1965-1969	63	0.01509	0.01498	0.5	81136	1215	80529	1406862	17.34
1965-1969	64	0.01645	0.01632	0.5	79921	1304	79269	1326333	16.60
1965-1969	65	0.01968	0.01949	0.5	78617	1532	77851	1247064	15.86
1965-1969	66	0.02018	0.01998	0.5	77085	1540	76314	1169214	15.17
1965-1969	67	0.02247	0.02222	0.5	75544	1679	74705	1092899	14.47
1965-1969	68	0.02536	0.02504	0.5	73865	1850	72940	1018195	13.78
1965-1969	69	0.02669	0.02633	0.5	72015	1897	71067	945254	13.13
1965-1969	70	0.03125	0.03076	0.5	70119	2157	69040	874187	12.47
1965-1969	71	0.03112	0.03064	0.5	67962	2082	66921	805147	11.85
1965-1969	72	0.03957	0.03880	0.5	65879	2556	64601	738226	11.21
1965-1969	73	0.04129	0.04046	0.5	63323	2562	62042	673625	10.64
1965-1969	74	0.04493	0.04395	0.5	60761	2670	59426	611582	10.07
1965-1969	75	0.05295	0.05159	0.5	58091	2997	56593	552156	9.50
1965-1969	76	0.05498	0.05351	0.5	55094	2948	53620	495563	8.99
1965-1969	77	0.05913	0.05743	0.5	52146	2995	50649	441943	8.48
1965-1969	78	0.06879	0.06651	0.5	49151	3269	47517	391294	7.96
1965-1969	79	0.07376	0.07114	0.5	45882	3264	44251	343777	7.49
1965-1969	80	0.09176	0.08774	0.5	42619	3739	40749	299527	7.03
1965-1969	81	0.08718	0.08354	0.5	38879	3248	37255	258778	6.66
1965-1969	82	0.10279	0.09777	0.5	35631	3484	33890	221522	6.22
1965-1969	83	0.11414	0.10798	0.5	32148	3471	30412	187633	5.84
1965-1969	84	0.12533	0.11794	0.5	28677	3382	26986	157221	5.48
1965-1969	85	0.14123	0.13192	0.5	25295	3337	23626	130235	5.15
1965-1969	86	0.15121	0.14058	0.5	21958	3087	20414	106609	4.86
1965-1969	87	0.16291	0.15064	0.5	18871	2843	17450	86194	4.57
1965-1969	88	0.17764	0.16315	0.5	16028	2615	14721	68745	4.29
1965-1969	89	0.19381	0.17669	0.5	13413	2370	12228	54024	4.03
1965-1969	90	0.22234	0.20010	0.5	11043	2210	9938	41796	3.78
1965-1969	91	0.21547	0.19451	0.5	8834	1718	7974	31857	3.61
1965-1969	92	0.25075	0.22281	0.5	7115	1585	6323	23883	3.36
1965-1969	93	0.25975	0.22989	0.5	5530	1271	4894	17560	3.18
1965-1969	94	0.29451	0.25671	0.5	4259	1093	3712	12666	2.97
1965-1969	95	0.30684	0.26603	0.5	3165	842	2744	8954	2.83
1965-1969	96	0.32910	0.28260	0.5	2323	657	1995	6210	2.67
1965-1969	97	0.35215	0.29943	0.5	1667	499	1417	4214	2.53
1965-1969	98	0.37591	0.31644	0.5	1168	369	983	2797	2.40
1965-1969	99	0.40029	0.33353	0.5	798	266	665	1814	2.27
1965-1969	100	0.42517	0.35063	0.5	532	187	439	1149	2.16
1965-1969	101	0.45043	0.36763	0.5	345	127	282	711	2.06
1965-1969	102	0.47595	0.38446	0.5	218	84	176	429	1.96
1965-1969	103	0.50160	0.40102	0.5	134	54	108	252	1.88
1965-1969	104	0.52724	0.41724	0.5	81	34	64	145	1.80
1965-1969	105	0.55273	0.43305	0.5	47	20	37	81	1.72
1965-1969	106	0.57796	0.44838	0.5	27	12	21	44	1.66
1965-1969	107	0.60278	0.46318	0.5	15	7	11	23	1.60
1965-1969	108	0.62708	0.47740	0.5	8	4	6	12	1.55
1965-1969	109	0.65076	0.49100	0.5	4	2	3	6	1.51
1965-1969	110+	0.67372	1.00000	1.48	2	2	3	3	1.48
1970-1974	0	0.01572	0.01550	0.1	100000	1550	98600	7474690	74.75
1970-1974	1	0.00089	0.00089	0.5	98450	87	98406	7376090	74.92
1970-1974	2	0.00066	0.00066	0.5	98362	65	98330	7277685	73.99
1970-1974	3	0.00051	0.00051	0.5	98297	50	98272	7179355	73.04
1970-1974	4	0.00038	0.00038	0.5	98247	37	98229	7081082	72.07
1970-1974	5	0.00041	0.00041	0.5	98210	40	98190	6982854	71.10
1970-1974	6	0.00033	0.00033	0.5	98169	32	98153	6884664	70.13
1970-1974	7	0.00032	0.00032	0.5	98137	31	98122	6786511	69.15
1970-1974	8	0.00026	0.00026	0.5	98106	26	98093	6688389	68.18
1970-1974	9	0.00025	0.00025	0.5	98081	25	98068	6590296	67.19
1970-1974	10	0.00021	0.00021	0.5	98056	21	98045	6492228	66.21
1970-1974	11	0.00022	0.00022	0.5	98035	21	98024	6394182	65.22
1970-1974	12	0.00025	0.00025	0.5	98014	25	98001	6296158	64.24
1970-1974	13	0.00030	0.00030	0.5	97989	30	97974	6198156	63.25
1970-1974	14	0.00031	0.00031	0.5	97960	31	97944	6100182	62.27
1970-1974	15	0.00037	0.00037	0.5	97929	37	97911	6002238	61.29
1970-1974	16	0.00049	0.00049	0.5	97892	48	97868	5904327	60.31
1970-1974	17	0.00059	0.00059	0.5	97844	58	97815	5806459	59.34
1970-1974	18	0.00062	0.00062	0.5	97786	61	97756	5708644	58.38
1970-1974	19	0.00069	0.00069	0.5	97725	68	97692	5610888	57.41
1970-1974	20	0.00073	0.00073	0.5	97658	71	97622	5513197	56.45
1970-1974	21	0.00070	0.00070	0.5	97587	68	97553	5415574	55.49
1970-1974	22	0.00077	0.00077	0.5	97519	75	97481	5318022	54.53
1970-1974	23	0.00070	0.00070	0.5	97444	68	97409	5220541	53.58
1970-1974	24	0.00075	0.00075	0.5	97375	73	97339	5123131	52.61
1970-1974	25	0.00082	0.00082	0.5	97302	80	97262	5025792	51.65
1970-1974	26	0.00082	0.00082	0.5	97222	80	97182	4928530	50.69
1970-1974	27	0.00088	0.00088	0.5	97142	85	97100	4831348	49.73
1970-1974	28	0.00096	0.00096	0.5	97057	93	97011	4734248	48.78
1970-1974	29	0.00094	0.00094	0.5	96964	91	96918	4637238	47.82
1970-1974	30	0.00101	0.00101	0.5	96873	97	96824	4540319	46.87
1970-1974	31	0.00119	0.00119	0.5	96775	115	96718	4443495	45.92
1970-1974	32	0.00111	0.00111	0.5	96661	108	96607	4346777	44.97
1970-1974	33	0.00132	0.00132	0.5	96553	127	96490	4250170	44.02
1970-1974	34	0.00134	0.00134	0.5	96426	129	96361	4153680	43.08
1970-1974	35	0.00155	0.00154	0.5	96297	149	96222	4057319	42.13
1970-1974	36	0.00155	0.00155	0.5	96148	149	96074	3961097	41.20
1970-1974	37	0.00177	0.00177	0.5	95999	170	95914	3865023	40.26
1970-1974	38	0.00187	0.00187	0.5	95829	179	95740	3769109	39.33
1970-1974	39	0.00208	0.00208	0.5	95650	199	95551	3673369	38.40
1970-1974	40	0.00227	0.00227	0.5	95451	216	95343	3577818	37.48
1970-1974	41	0.00235	0.00235	0.5	95235	224	95123	3482475	36.57
1970-1974	42	0.00270	0.00269	0.5	95011	256	94883	3387352	35.65
1970-1974	43	0.00321	0.00320	0.5	94755	303	94603	3292469	34.75
1970-1974	44	0.00303	0.00303	0.5	94452	286	94309	3197866	33.86
1970-1974	45	0.00342	0.00342	0.5	94166	322	94005	3103557	32.96
1970-1974	46	0.00397	0.00396	0.5	93844	372	93658	3009552	32.07
1970-1974	47	0.00411	0.00410	0.5	93472	384	93280	2915894	31.20
1970-1974	48	0.00456	0.00455	0.5	93089	424	92877	2822613	30.32
1970-1974	49	0.00482	0.00481	0.5	92665	446	92442	2729737	29.46
1970-1974	50	0.00504	0.00503	0.5	92219	464	91987	2637294	28.60
1970-1974	51	0.00543	0.00541	0.5	91756	496	91507	2545307	27.74
1970-1974	52	0.00616	0.00615	0.5	91259	561	90979	2453800	26.89
1970-1974	53	0.00654	0.00652	0.5	90698	591	90403	2362821	26.05
1970-1974	54	0.00699	0.00696	0.5	90107	628	89793	2272418	25.22
1970-1974	55	0.00762	0.00759	0.5	89479	679	89140	2182625	24.39
1970-1974	56	0.00832	0.00829	0.5	88800	736	88432	2093485	23.58
1970-1974	57	0.00890	0.00886	0.5	88064	780	87674	2005053	22.77
1970-1974	58	0.00956	0.00951	0.5	87284	830	86869	1917379	21.97
1970-1974	59	0.01039	0.01034	0.5	86453	894	86006	1830511	21.17
1970-1974	60	0.01194	0.01187	0.5	85559	1016	85052	1744504	20.39
1970-1974	61	0.01226	0.01218	0.5	84544	1030	84029	1659452	19.63
1970-1974	62	0.01364	0.01355	0.5	83514	1131	82949	1575423	18.86
1970-1974	63	0.01414	0.01404	0.5	82383	1157	81805	1492475	18.12
1970-1974	64	0.01499	0.01488	0.5	81226	1208	80622	1410670	17.37
1970-1974	65	0.01799	0.01783	0.5	80018	1427	79304	1330048	16.62
1970-1974	66	0.01827	0.01811	0.5	78591	1423	77879	1250744	15.91
1970-1974	67	0.02066	0.02045	0.5	77168	1578	76379	1172865	15.20
1970-1974	68	0.02195	0.02171	0.5	75590	1641	74770	1096486	14.51
1970-1974	69	0.02374	0.02346	0.5	73949	1735	73082	1021716	13.82
1970-1974	70	0.02805	0.02766	0.5	72214	1998	71216	948634	13.14
1970-1974	71	0.02910	0.02868	0.5	70217	2014	69210	877419	12.50
1970-1974	72	0.03398	0.03341	0.5	68203	2279	67063	808209	11.85
1970-1974	73	0.03703	0.03636	0.5	65924	2397	64726	741146	11.24
1970-1974	74	0.04187	0.04101	0.5	63527	2606	62224	676420	10.65
1970-1974	75	0.04693	0.04585	0.5	60921	2794	59525	614196	10.08
1970-1974	76	0.04968	0.04847	0.5	58128	2818	56719	554671	9.54
1970-1974	77	0.05358	0.05218	0.5	55310	2886	53867	497952	9.00
1970-1974	78	0.06280	0.06089	0.5	52424	3192	50828	444085	8.47
1970-1974	79	0.06784	0.06561	0.5	49232	3230	47617	393257	7.99
1970-1974	80	0.07927	0.07625	0.5	46002	3507	44248	345640	7.51
1970-1974	81	0.08077	0.07763	0.5	42494	3299	40845	301392	7.09
1970-1974	82	0.09209	0.08804	0.5	39195	3451	37470	260547	6.65
1970-1974	83	0.10362	0.09852	0.5	35745	3522	33984	223078	6.24
1970-1974	84	0.11269	0.10668	0.5	32223	3437	30504	189094	5.87
1970-1974	85	0.12655	0.11902	0.5	28786	3426	27073	158590	5.51
1970-1974	86	0.13832	0.12937	0.5	25360	3281	23719	131517	5.19
1970-1974	87	0.14701	0.13694	0.5	22079	3024	20567	107798	4.88
1970-1974	88	0.16271	0.15047	0.5	19055	2867	17621	87231	4.58
1970-1974	89	0.17398	0.16006	0.5	16188	2591	14892	69610	4.30
1970-1974	90	0.20132	0.18291	0.5	13597	2487	12353	54717	4.02
1970-1974	91	0.19788	0.18007	0.5	11110	2001	10110	42364	3.81
1970-1974	92	0.22968	0.20602	0.5	9109	1877	8171	32254	3.54
1970-1974	93	0.25396	0.22534	0.5	7233	1630	6418	24083	3.33
1970-1974	94	0.27139	0.23897	0.5	5603	1339	4933	17666	3.15
1970-1974	95	0.28610	0.25029	0.5	4264	1067	3730	12732	2.99
1970-1974	96	0.30788	0.26681	0.5	3197	853	2770	9002	2.82
1970-1974	97	0.33056	0.28367	0.5	2344	665	2011	6232	2.66
1970-1974	98	0.35405	0.30080	0.5	1679	505	1426	4220	2.51
1970-1974	99	0.37827	0.31810	0.5	1174	373	987	2794	2.38
1970-1974	100	0.40311	0.33549	0.5	800	269	666	1807	2.26
1970-1974	101	0.42846	0.35286	0.5	532	188	438	1141	2.14
1970-1974	102	0.45419	0.37013	0.5	344	127	281	702	2.04
1970-1974	103	0.48016	0.38720	0.5	217	84	175	422	1.95
1970-1974	104	0.50624	0.40399	0.5	133	54	106	247	1.86
1970-1974	105	0.53229	0.42040	0.5	79	33	63	141	1.78
1970-1974	106	0.55817	0.43638	0.5	46	20	36	78	1.71
1970-1974	107	0.58373	0.45185	0.5	26	12	20	43	1.65
1970-1974	108	0.60885	0.46676	0.5	14	7	11	23	1.59
1970-1974	109	0.63341	0.48106	0.5	8	4	6	12	1.55
1970-1974	110+	0.65729	1.00000	1.52	4	4	6	6	1.52
1975-1979	0	0.01339	0.01323	0.09	100000	1323	98797	7657363	76.57
1975-1979	1	0.00081	0.00081	0.5	98677	80	98637	7558566	76.60
1975-1979	2	0.00055	0.00055	0.5	98597	55	98570	7459929	75.66
1975-1979	3	0.00037	0.00037	0.5	98543	37	98524	7361360	74.70
1975-1979	4	0.00037	0.00037	0.5	98506	37	98487	7262835	73.73
1975-1979	5	0.00032	0.00032	0.5	98469	32	98453	7164348	72.76
1975-1979	6	0.00028	0.00028	0.5	98437	27	98424	7065895	71.78
1975-1979	7	0.00025	0.00025	0.5	98410	24	98398	6967471	70.80
1975-1979	8	0.00024	0.00024	0.5	98385	23	98374	6869074	69.82
1975-1979	9	0.00019	0.00019	0.5	98362	19	98353	6770700	68.83
1975-1979	10	0.00019	0.00019	0.5	98344	18	98334	6672347	67.85
1975-1979	11	0.00019	0.00019	0.5	98325	19	98316	6574013	66.86
1975-1979	12	0.00020	0.00020	0.5	98306	19	98297	6475697	65.87
1975-1979	13	0.00024	0.00024	0.5	98287	24	98275	6377400	64.89
1975-1979	14	0.00027	0.00027	0.5	98263	27	98250	6279125	63.90
1975-1979	15	0.00033	0.00033	0.5	98236	32	98220	6180875	62.92
1975-1979	16	0.00036	0.00036	0.5	98204	35	98186	6082655	61.94
1975-1979	17	0.00050	0.00050	0.5	98169	49	98144	5984468	60.96
1975-1979	18	0.00052	0.00052	0.5	98120	51	98094	5886324	59.99
1975-1979	19	0.00051	0.00051	0.5	98069	50	98044	5788230	59.02
1975-1979	20	0.00057	0.00057	0.5	98018	56	97990	5690186	58.05
1975-1979	21	0.00057	0.00057	0.5	97962	56	97934	5592196	57.09
1975-1979	22	0.00060	0.00060	0.5	97906	59	97877	5494262	56.12
1975-1979	23	0.00065	0.00065	0.5	97848	63	97816	5396385	55.15
1975-1979	24	0.00062	0.00062	0.5	97785	61	97754	5298568	54.19
1975-1979	25	0.00068	0.00068	0.5	97724	66	97691	5200814	53.22
1975-1979	26	0.00078	0.00078	0.5	97658	76	97620	5103123	52.26
1975-1979	27	0.00068	0.00068	0.5	97582	67	97548	5005503	51.30
1975-1979	28	0.00076	0.00076	0.5	97515	74	97478	4907955	50.33
1975-1979	29	0.00076	0.00076	0.5	97441	74	97404	4810477	49.37
1975-1979	30	0.00079	0.00079	0.5	97367	77	97328	4713073	48.41
1975-1979	31	0.00085	0.00085	0.5	97289	83	97248	4615745	47.44
1975-1979	32	0.00093	0.00093	0.5	97207	90	97161	4518497	46.48
1975-1979	33	0.00094	0.00094	0.5	97116	91	97070	4421335	45.53
1975-1979	34	0.00102	0.00102	0.5	97025	99	96975	4324265	44.57
1975-1979	35	0.00120	0.00120	0.5	96926	116	96867	4227290	43.61
1975-1979	36	0.00127	0.00127	0.5	96809	123	96748	4130422	42.67
1975-1979	37	0.00131	0.00131	0.5	96687	127	96623	4033674	41.72
1975-1979	38	0.00151	0.00151	0.5	96560	146	96487	3937051	40.77
1975-1979	39	0.00161	0.00161	0.5	96414	155	96336	3840565	39.83
1975-1979	40	0.00174	0.00174	0.5	96258	167	96175	3744229	38.90
1975-1979	41	0.00202	0.00202	0.5	96091	194	95994	3648054	37.96
1975-1979	42	0.00238	0.00238	0.5	95897	228	95783	3552060	37.04
1975-1979	43	0.00254	0.00254	0.5	95669	243	95548	3456277	36.13
1975-1979	44	0.00259	0.00259	0.5	95426	247	95303	3360730	35.22
1975-1979	45	0.00306	0.00305	0.5	95179	291	95034	3265427	34.31
1975-1979	46	0.00326	0.00325	0.5	94888	309	94734	3170393	33.41
1975-1979	47	0.00349	0.00348	0.5	94580	329	94415	3075659	32.52
1975-1979	48	0.00382	0.00381	0.5	94251	359	94071	2981244	31.63
1975-1979	49	0.00424	0.00423	0.5	93891	397	93692	2887173	30.75
1975-1979	50	0.00462	0.00461	0.5	93494	431	93278	2793481	29.88
1975-1979	51	0.00477	0.00475	0.5	93063	442	92842	2700202	29.01
1975-1979	52	0.00531	0.00530	0.5	92621	491	92375	2607360	28.15
1975-1979	53	0.00574	0.00573	0.5	92130	527	91866	2514985	27.30
1975-1979	54	0.00627	0.00625	0.5	91602	572	91316	2423119	26.45
1975-1979	55	0.00684	0.00682	0.5	91030	621	90720	2331803	25.62
1975-1979	56	0.00746	0.00744	0.5	90409	672	90073	2241083	24.79
1975-1979	57	0.00790	0.00787	0.5	89737	706	89384	2151010	23.97
1975-1979	58	0.00879	0.00875	0.5	89031	779	88641	2061626	23.16
1975-1979	59	0.00951	0.00946	0.5	88252	835	87834	1972985	22.36
1975-1979	60	0.01058	0.01053	0.5	87417	920	86957	1885150	21.57
1975-1979	61	0.01090	0.01084	0.5	86497	938	86028	1798193	20.79
1975-1979	62	0.01246	0.01238	0.5	85559	1059	85029	1712166	20.01
1975-1979	63	0.01329	0.01320	0.5	84500	1116	83942	1627136	19.26
1975-1979	64	0.01464	0.01454	0.5	83384	1212	82778	1543195	18.51
1975-1979	65	0.01583	0.01571	0.5	82172	1291	81526	1460417	17.77
1975-1979	66	0.01612	0.01599	0.5	80881	1294	80234	1378891	17.05
1975-1979	67	0.01797	0.01781	0.5	79587	1418	78879	1298657	16.32
1975-1979	68	0.01966	0.01947	0.5	78170	1522	77409	1219778	15.60
1975-1979	69	0.02114	0.02092	0.5	76648	1603	75846	1142369	14.90
1975-1979	70	0.02395	0.02367	0.5	75045	1776	74157	1066523	14.21
1975-1979	71	0.02509	0.02478	0.5	73269	1815	72361	992366	13.54
1975-1979	72	0.02873	0.02832	0.5	71453	2024	70441	920005	12.88
1975-1979	73	0.03075	0.03029	0.5	69430	2103	68378	849564	12.24
1975-1979	74	0.03371	0.03315	0.5	67327	2232	66211	781186	11.60
1975-1979	75	0.03968	0.03891	0.5	65095	2533	63829	714975	10.98
1975-1979	76	0.04153	0.04068	0.5	62562	2545	61290	651146	10.41
1975-1979	77	0.04597	0.04494	0.5	60017	2697	58669	589856	9.83
1975-1979	78	0.05078	0.04952	0.5	57320	2838	55901	531188	9.27
1975-1979	79	0.05609	0.05456	0.5	54482	2973	52995	475287	8.72
1975-1979	80	0.06804	0.06580	0.5	51509	3390	49814	422292	8.20
1975-1979	81	0.07112	0.06868	0.5	48119	3305	46467	372477	7.74
1975-1979	82	0.08013	0.07704	0.5	44815	3452	43088	326010	7.27
1975-1979	83	0.08952	0.08568	0.5	41362	3544	39590	282922	6.84
1975-1979	84	0.09941	0.09471	0.5	37818	3582	36027	243332	6.43
1975-1979	85	0.11155	0.10566	0.5	34237	3617	32428	207304	6.06
1975-1979	86	0.11973	0.11297	0.5	30619	3459	28890	174876	5.71
1975-1979	87	0.12807	0.12036	0.5	27160	3269	25526	145987	5.38
1975-1979	88	0.13890	0.12988	0.5	23891	3103	22340	120461	5.04
1975-1979	89	0.15431	0.14326	0.5	20788	2978	19299	98121	4.72
1975-1979	90	0.17712	0.16271	0.5	17810	2898	16361	78822	4.43
1975-1979	91	0.18130	0.16623	0.5	14912	2479	13673	62461	4.19
1975-1979	92	0.20185	0.18334	0.5	12433	2280	11294	48788	3.92
1975-1979	93	0.21645	0.19531	0.5	10154	1983	9162	37495	3.69
1975-1979	94	0.23974	0.21408	0.5	8171	1749	7296	28332	3.47
1975-1979	95	0.25455	0.22581	0.5	6422	1450	5697	21036	3.28
1975-1979	96	0.27474	0.24156	0.5	4972	1201	4371	15340	3.09
1975-1979	97	0.29589	0.25776	0.5	3771	972	3285	10969	2.91
1975-1979	98	0.31797	0.27435	0.5	2799	768	2415	7684	2.75
1975-1979	99	0.34089	0.29125	0.5	2031	591	1735	5269	2.59
1975-1979	100	0.36458	0.30837	0.5	1439	444	1217	3534	2.46
1975-1979	101	0.38895	0.32562	0.5	996	324	833	2317	2.33
1975-1979	102	0.41388	0.34292	0.5	671	230	556	1483	2.21
1975-1979	103	0.43926	0.36016	0.5	441	159	362	927	2.10
1975-1979	104	0.46497	0.37726	0.5	282	106	229	565	2.00
1975-1979	105	0.49086	0.39413	0.5	176	69	141	336	1.91
1975-1979	106	0.51680	0.41068	0.5	106	44	85	195	1.83
1975-1979	107	0.54266	0.42684	0.5	63	27	49	110	1.76
1975-1979	108	0.56828	0.44254	0.5	36	16	28	61	1.70
1975-1979	109	0.59354	0.45771	0.5	20	9	15	33	1.65
1975-1979	110+	0.61832	1.00000	1.62	11	11	18	18	1.62
1980-1984	0	0.01087	0.01077	0.08	100000	1077	99013	7727093	77.27
1980-1984	1	0.00073	0.00073	0.5	98923	72	98887	7628079	77.11
1980-1984	2	0.00050	0.00050	0.5	98852	49	98827	7529192	76.17
1980-1984	3	0.00036	0.00036	0.5	98802	36	98784	7430365	75.20
1980-1984	4	0.00029	0.00029	0.5	98767	28	98752	7331581	74.23
1980-1984	5	0.00025	0.00025	0.5	98738	25	98726	7232828	73.25
1980-1984	6	0.00023	0.00023	0.5	98714	23	98702	7134103	72.27
1980-1984	7	0.00020	0.00020	0.5	98691	20	98681	7035400	71.29
1980-1984	8	0.00019	0.00019	0.5	98671	19	98661	6936719	70.30
1980-1984	9	0.00016	0.00016	0.5	98652	15	98644	6838058	69.31
1980-1984	10	0.00019	0.00019	0.5	98637	18	98627	6739414	68.33
1980-1984	11	0.00017	0.00017	0.5	98618	17	98610	6640786	67.34
1980-1984	12	0.00022	0.00022	0.5	98601	22	98590	6542177	66.35
1980-1984	13	0.00022	0.00022	0.5	98579	22	98568	6443587	65.36
1980-1984	14	0.00026	0.00026	0.5	98557	26	98544	6345019	64.38
1980-1984	15	0.00030	0.00030	0.5	98532	30	98517	6246474	63.40
1980-1984	16	0.00036	0.00036	0.5	98502	36	98484	6147957	62.41
1980-1984	17	0.00038	0.00038	0.5	98466	37	98448	6049473	61.44
1980-1984	18	0.00042	0.00042	0.5	98429	42	98408	5951026	60.46
1980-1984	19	0.00051	0.00051	0.5	98388	50	98362	5852617	59.49
1980-1984	20	0.00050	0.00050	0.5	98337	49	98313	5754255	58.52
1980-1984	21	0.00056	0.00056	0.5	98288	55	98261	5655942	57.54
1980-1984	22	0.00050	0.00050	0.5	98233	49	98209	5557681	56.58
1980-1984	23	0.00055	0.00055	0.5	98184	54	98157	5459472	55.60
1980-1984	24	0.00060	0.00060	0.5	98130	59	98100	5361315	54.63
1980-1984	25	0.00061	0.00061	0.5	98071	60	98041	5263215	53.67
1980-1984	26	0.00072	0.00072	0.5	98011	71	97976	5165174	52.70
1980-1984	27	0.00072	0.00072	0.5	97940	70	97905	5067198	51.74
1980-1984	28	0.00071	0.00071	0.5	97870	69	97835	4969293	50.77
1980-1984	29	0.00075	0.00074	0.5	97801	73	97764	4871458	49.81
1980-1984	30	0.00081	0.00081	0.5	97728	79	97688	4773694	48.85
1980-1984	31	0.00083	0.00083	0.5	97649	81	97608	4676005	47.89
1980-1984	32	0.00085	0.00085	0.5	97568	83	97526	4578397	46.93
1980-1984	33	0.00093	0.00093	0.5	97485	91	97439	4480870	45.96
1980-1984	34	0.00105	0.00105	0.5	97393	102	97343	4383431	45.01
1980-1984	35	0.00100	0.00100	0.5	97292	98	97243	4286089	44.05
1980-1984	36	0.00117	0.00117	0.5	97194	114	97137	4188846	43.10
1980-1984	37	0.00124	0.00124	0.5	97080	121	97020	4091709	42.15
1980-1984	38	0.00148	0.00148	0.5	96960	143	96888	3994689	41.20
1980-1984	39	0.00142	0.00142	0.5	96816	137	96748	3897801	40.26
1980-1984	40	0.00162	0.00161	0.5	96679	156	96601	3801053	39.32
1980-1984	41	0.00188	0.00187	0.5	96523	181	96433	3704452	38.38
1980-1984	42	0.00209	0.00208	0.5	96342	201	96242	3608019	37.45
1980-1984	43	0.00211	0.00211	0.5	96141	203	96040	3511777	36.53
1980-1984	44	0.00231	0.00230	0.5	95939	221	95828	3415737	35.60
1980-1984	45	0.00278	0.00278	0.5	95717	266	95584	3319909	34.68
1980-1984	46	0.00283	0.00283	0.5	95451	270	95316	3224325	33.78
1980-1984	47	0.00318	0.00317	0.5	95181	302	95030	3129009	32.87
1980-1984	48	0.00350	0.00349	0.5	94879	331	94714	3033979	31.98
1980-1984	49	0.00380	0.00379	0.5	94548	358	94369	2939265	31.09
1980-1984	50	0.00444	0.00443	0.5	94190	417	93981	2844896	30.20
1980-1984	51	0.00476	0.00475	0.5	93773	445	93550	2750915	29.34
1980-1984	52	0.00505	0.00504	0.5	93327	470	93092	2657365	28.47
1980-1984	53	0.00555	0.00554	0.5	92857	514	92600	2564272	27.62
1980-1984	54	0.00591	0.00589	0.5	92343	544	92071	2471672	26.77
1980-1984	55	0.00645	0.00643	0.5	91799	590	91504	2379602	25.92
1980-1984	56	0.00727	0.00725	0.5	91209	661	90878	2288098	25.09
1980-1984	57	0.00767	0.00764	0.5	90548	692	90202	2197220	24.27
1980-1984	58	0.00843	0.00840	0.5	89856	755	89479	2107018	23.45
1980-1984	59	0.00912	0.00908	0.5	89101	809	88697	2017539	22.64
1980-1984	60	0.00966	0.00961	0.5	88293	849	87868	1928842	21.85
1980-1984	61	0.01060	0.01055	0.5	87444	922	86982	1840974	21.05
1980-1984	62	0.01280	0.01271	0.5	86521	1100	85971	1753992	20.27
1980-1984	63	0.01314	0.01305	0.5	85421	1115	84864	1668021	19.53
1980-1984	64	0.01386	0.01376	0.5	84306	1160	83726	1583157	18.78
1980-1984	65	0.01536	0.01524	0.5	83146	1267	82512	1499431	18.03
1980-1984	66	0.01681	0.01667	0.5	81879	1365	81196	1416919	17.31
1980-1984	67	0.01794	0.01778	0.5	80513	1432	79798	1335723	16.59
1980-1984	68	0.01937	0.01919	0.5	79082	1517	78323	1255925	15.88
1980-1984	69	0.02063	0.02041	0.5	77564	1583	76773	1177603	15.18
1980-1984	70	0.02296	0.02270	0.5	75981	1724	75119	1100830	14.49
1980-1984	71	0.02521	0.02490	0.5	74256	1849	73332	1025712	13.81
1980-1984	72	0.02814	0.02775	0.5	72407	2009	71403	952380	13.15
1980-1984	73	0.03123	0.03075	0.5	70398	2164	69316	880977	12.51
1980-1984	74	0.03188	0.03138	0.5	68234	2141	67163	811661	11.90
1980-1984	75	0.03575	0.03513	0.5	66092	2322	64932	744498	11.26
1980-1984	76	0.03968	0.03890	0.5	63771	2481	62530	679567	10.66
1980-1984	77	0.04339	0.04247	0.5	61290	2603	59988	617037	10.07
1980-1984	78	0.04710	0.04602	0.5	58687	2701	57336	557048	9.49
1980-1984	79	0.05025	0.04902	0.5	55986	2744	54614	499712	8.93
1980-1984	80	0.06481	0.06277	0.5	53242	3342	51571	445098	8.36
1980-1984	81	0.06857	0.06630	0.5	49900	3308	48245	393527	7.89
1980-1984	82	0.07782	0.07490	0.5	46591	3490	44846	345282	7.41
1980-1984	83	0.08696	0.08334	0.5	43102	3592	41306	300435	6.97
1980-1984	84	0.09446	0.09020	0.5	39510	3564	37728	259130	6.56
1980-1984	85	0.10455	0.09936	0.5	35946	3572	34160	221402	6.16
1980-1984	86	0.11628	0.10989	0.5	32374	3558	30596	187242	5.78
1980-1984	87	0.12730	0.11968	0.5	28817	3449	27092	156646	5.44
1980-1984	88	0.13679	0.12804	0.5	25368	3248	23744	129554	5.11
1980-1984	89	0.14926	0.13889	0.5	22120	3072	20584	105810	4.78
1980-1984	90	0.16864	0.15553	0.5	19048	2962	17566	85226	4.47
1980-1984	91	0.18027	0.16536	0.5	16085	2660	14755	67660	4.21
1980-1984	92	0.20065	0.18235	0.5	13425	2448	12201	52905	3.94
1980-1984	93	0.21830	0.19682	0.5	10977	2161	9897	40703	3.71
1980-1984	94	0.23382	0.20935	0.5	8817	1846	7894	30806	3.49
1980-1984	95	0.25239	0.22411	0.5	6971	1562	6190	22913	3.29
1980-1984	96	0.27298	0.24020	0.5	5409	1299	4759	16723	3.09
1980-1984	97	0.29459	0.25677	0.5	4110	1055	3582	11964	2.91
1980-1984	98	0.31716	0.27375	0.5	3054	836	2636	8382	2.74
1980-1984	99	0.34063	0.29106	0.5	2218	646	1895	5746	2.59
1980-1984	100	0.36490	0.30860	0.5	1573	485	1330	3850	2.45
1980-1984	101	0.38988	0.32628	0.5	1087	355	910	2520	2.32
1980-1984	102	0.41545	0.34400	0.5	733	252	607	1610	2.20
1980-1984	103	0.44149	0.36166	0.5	481	174	394	1004	2.09
1980-1984	104	0.46785	0.37916	0.5	307	116	249	610	1.99
1980-1984	105	0.49440	0.39640	0.5	190	75	153	362	1.90
1980-1984	106	0.52097	0.41331	0.5	115	48	91	209	1.82
1980-1984	107	0.54743	0.42979	0.5	67	29	53	118	1.74
1980-1984	108	0.57362	0.44577	0.5	38	17	30	65	1.68
1980-1984	109	0.59940	0.46118	0.5	21	10	16	35	1.63
1980-1984	110+	0.62465	1.00000	1.6	11	11	18	18	1.60
1985-1989	0	0.01017	0.01007	0.08	100000	1007	99075	7762007	77.62
1985-1989	1	0.00070	0.00070	0.5	98993	69	98958	7662932	77.41
1985-1989	2	0.00041	0.00041	0.5	98924	41	98903	7563974	76.46
1985-1989	3	0.00034	0.00034	0.5	98883	33	98866	7465071	75.49
1985-1989	4	0.00028	0.00028	0.5	98850	28	98836	7366205	74.52
1985-1989	5	0.00024	0.00024	0.5	98822	23	98810	7267369	73.54
1985-1989	6	0.00021	0.00021	0.5	98799	21	98788	7168559	72.56
1985-1989	7	0.00021	0.00021	0.5	98778	20	98768	7069770	71.57
1985-1989	8	0.00019	0.00019	0.5	98758	19	98748	6971002	70.59
1985-1989	9	0.00017	0.00017	0.5	98739	16	98731	6872254	69.60
1985-1989	10	0.00017	0.00017	0.5	98722	17	98714	6773523	68.61
1985-1989	11	0.00018	0.00018	0.5	98705	17	98697	6674809	67.62
1985-1989	12	0.00018	0.00018	0.5	98688	18	98679	6576112	66.64
1985-1989	13	0.00017	0.00017	0.5	98670	17	98662	6477433	65.65
1985-1989	14	0.00029	0.00028	0.5	98653	28	98639	6378772	64.66
1985-1989	15	0.00028	0.00028	0.5	98625	28	98611	6280132	63.68
1985-1989	16	0.00034	0.00034	0.5	98597	34	98580	6181521	62.69
1985-1989	17	0.00039	0.00039	0.5	98563	38	98544	6082941	61.72
1985-1989	18	0.00045	0.00045	0.5	98525	44	98503	5984396	60.74
1985-1989	19	0.00045	0.00045	0.5	98481	44	98459	5885893	59.77
1985-1989	20	0.00047	0.00047	0.5	98437	47	98414	5787434	58.79
1985-1989	21	0.00048	0.00048	0.5	98390	48	98367	5689020	57.82
1985-1989	22	0.00053	0.00053	0.5	98343	52	98317	5590653	56.85
1985-1989	23	0.00057	0.00057	0.5	98290	56	98262	5492337	55.88
1985-1989	24	0.00059	0.00059	0.5	98234	58	98205	5394074	54.91
1985-1989	25	0.00069	0.00069	0.5	98177	68	98143	5295869	53.94
1985-1989	26	0.00070	0.00070	0.5	98109	68	98075	5197726	52.98
1985-1989	27	0.00074	0.00074	0.5	98041	73	98004	5099651	52.02
1985-1989	28	0.00088	0.00088	0.5	97968	87	97925	5001647	51.05
1985-1989	29	0.00087	0.00087	0.5	97881	85	97839	4903722	50.10
1985-1989	30	0.00101	0.00101	0.5	97796	99	97746	4805884	49.14
1985-1989	31	0.00112	0.00112	0.5	97697	109	97642	4708137	48.19
1985-1989	32	0.00120	0.00120	0.5	97587	117	97529	4610495	47.24
1985-1989	33	0.00131	0.00131	0.5	97470	128	97406	4512967	46.30
1985-1989	34	0.00123	0.00123	0.5	97342	120	97282	4415561	45.36
1985-1989	35	0.00140	0.00140	0.5	97222	136	97154	4318279	44.42
1985-1989	36	0.00145	0.00145	0.5	97086	141	97015	4221125	43.48
1985-1989	37	0.00145	0.00145	0.5	96945	141	96875	4124110	42.54
1985-1989	38	0.00159	0.00159	0.5	96804	154	96727	4027235	41.60
1985-1989	39	0.00160	0.00160	0.5	96650	155	96573	3930508	40.67
1985-1989	40	0.00171	0.00171	0.5	96495	165	96413	3833935	39.73
1985-1989	41	0.00173	0.00173	0.5	96330	166	96247	3737523	38.80
1985-1989	42	0.00200	0.00200	0.5	96164	192	96068	3641276	37.87
1985-1989	43	0.00209	0.00209	0.5	95972	200	95872	3545208	36.94
1985-1989	44	0.00221	0.00220	0.5	95771	211	95666	3449336	36.02
1985-1989	45	0.00253	0.00253	0.5	95560	241	95440	3353670	35.09
1985-1989	46	0.00273	0.00273	0.5	95319	260	95189	3258231	34.18
1985-1989	47	0.00319	0.00319	0.5	95059	303	94907	3163042	33.27
1985-1989	48	0.00341	0.00340	0.5	94756	322	94595	3068135	32.38
1985-1989	49	0.00324	0.00324	0.5	94433	306	94281	2973540	31.49
1985-1989	50	0.00396	0.00396	0.5	94128	372	93942	2879259	30.59
1985-1989	51	0.00453	0.00452	0.5	93755	423	93544	2785318	29.71
1985-1989	52	0.00506	0.00504	0.5	93332	471	93097	2691774	28.84
1985-1989	53	0.00541	0.00540	0.5	92861	501	92611	2598677	27.98
1985-1989	54	0.00560	0.00558	0.5	92360	515	92103	2506067	27.13
1985-1989	55	0.00610	0.00608	0.5	91845	558	91566	2413964	26.28
1985-1989	56	0.00673	0.00671	0.5	91287	613	90980	2322398	25.44
1985-1989	57	0.00706	0.00704	0.5	90674	638	90355	2231418	24.61
1985-1989	58	0.00824	0.00820	0.5	90036	739	89667	2141063	23.78
1985-1989	59	0.00854	0.00850	0.5	89297	759	88918	2051397	22.97
1985-1989	60	0.00963	0.00959	0.5	88538	849	88114	1962479	22.17
1985-1989	61	0.01039	0.01034	0.5	87690	907	87236	1874365	21.38
1985-1989	62	0.01167	0.01160	0.5	86783	1007	86279	1787129	20.59
1985-1989	63	0.01259	0.01251	0.5	85776	1073	85240	1700850	19.83
1985-1989	64	0.01314	0.01305	0.5	84703	1106	84150	1615610	19.07
1985-1989	65	0.01486	0.01475	0.5	83598	1233	82981	1531460	18.32
1985-1989	66	0.01599	0.01586	0.5	82364	1307	81711	1448479	17.59
1985-1989	67	0.01707	0.01693	0.5	81058	1372	80372	1366768	16.86
1985-1989	68	0.01939	0.01921	0.5	79685	1531	78920	1286396	16.14
1985-1989	69	0.02004	0.01984	0.5	78155	1550	77380	1207476	15.45
1985-1989	70	0.02224	0.02200	0.5	76604	1685	75762	1130096	14.75
1985-1989	71	0.02474	0.02443	0.5	74919	1831	74004	1054334	14.07
1985-1989	72	0.02766	0.02728	0.5	73089	1994	72092	980330	13.41
1985-1989	73	0.02942	0.02899	0.5	71095	2061	70064	908238	12.77
1985-1989	74	0.03077	0.03030	0.5	69034	2092	67988	838174	12.14
1985-1989	75	0.03461	0.03402	0.5	66942	2277	65803	770186	11.51
1985-1989	76	0.03821	0.03749	0.5	64665	2424	63453	704383	10.89
1985-1989	77	0.04077	0.03996	0.5	62240	2487	60997	640930	10.30
1985-1989	78	0.04579	0.04476	0.5	59753	2675	58416	579933	9.71
1985-1989	79	0.04814	0.04701	0.5	57079	2683	55737	521517	9.14
1985-1989	80	0.05986	0.05812	0.5	54396	3162	52815	465780	8.56
1985-1989	81	0.06576	0.06367	0.5	51234	3262	49603	412965	8.06
1985-1989	82	0.07245	0.06991	0.5	47972	3354	46295	363362	7.57
1985-1989	83	0.08099	0.07784	0.5	44618	3473	42882	317067	7.11
1985-1989	84	0.09132	0.08733	0.5	41145	3593	39349	274186	6.66
1985-1989	85	0.09972	0.09498	0.5	37552	3567	35769	234837	6.25
1985-1989	86	0.11017	0.10442	0.5	33985	3549	32211	199068	5.86
1985-1989	87	0.12182	0.11482	0.5	30436	3495	28689	166858	5.48
1985-1989	88	0.13491	0.12638	0.5	26942	3405	25239	138169	5.13
1985-1989	89	0.14975	0.13932	0.5	23537	3279	21897	112929	4.80
1985-1989	90	0.16503	0.15245	0.5	20258	3088	18713	91032	4.49
1985-1989	91	0.17359	0.15973	0.5	17169	2742	15798	72319	4.21
1985-1989	92	0.19860	0.18066	0.5	14427	2606	13124	56521	3.92
1985-1989	93	0.21228	0.19191	0.5	11821	2269	10686	43397	3.67
1985-1989	94	0.24003	0.21431	0.5	9552	2047	8528	32711	3.42
1985-1989	95	0.25613	0.22705	0.5	7505	1704	6653	24182	3.22
1985-1989	96	0.27829	0.24430	0.5	5801	1417	5092	17529	3.02
1985-1989	97	0.30158	0.26207	0.5	4384	1149	3809	12437	2.84
1985-1989	98	0.32595	0.28027	0.5	3235	907	2782	8628	2.67
1985-1989	99	0.35129	0.29881	0.5	2328	696	1980	5846	2.51
1985-1989	100	0.37750	0.31756	0.5	1633	518	1373	3866	2.37
1985-1989	101	0.40445	0.33642	0.5	1114	375	927	2492	2.24
1985-1989	102	0.43199	0.35525	0.5	739	263	608	1566	2.12
1985-1989	103	0.45995	0.37395	0.5	477	178	388	958	2.01
1985-1989	104	0.48816	0.39239	0.5	298	117	240	570	1.91
1985-1989	105	0.51646	0.41046	0.5	181	74	144	330	1.82
1985-1989	106	0.54464	0.42807	0.5	107	46	84	186	1.74
1985-1989	107	0.57255	0.44512	0.5	61	27	48	102	1.67
1985-1989	108	0.60000	0.46154	0.5	34	16	26	55	1.61
1985-1989	109	0.62683	0.47725	0.5	18	9	14	29	1.56
1985-1989	110+	0.65291	1.00000	1.53	10	10	15	15	1.53
1990-1994	0	0.00840	0.00834	0.08	100000	834	99230	7845905	78.46
1990-1994	1	0.00063	0.00063	0.5	99166	63	99135	7746675	78.12
1990-1994	2	0.00041	0.00041	0.5	99103	40	99083	7647540	77.17
1990-1994	3	0.00030	0.00030	0.5	99063	30	99048	7548457	76.20
1990-1994	4	0.00023	0.00023	0.5	99034	23	99022	7449408	75.22
1990-1994	5	0.00023	0.00023	0.5	99011	23	99000	7350386	74.24
1990-1994	6	0.00017	0.00017	0.5	98988	17	98980	7251386	73.26
1990-1994	7	0.00018	0.00018	0.5	98971	18	98962	7152407	72.27
1990-1994	8	0.00020	0.00020	0.5	98953	20	98944	7053445	71.28
1990-1994	9	0.00014	0.00014	0.5	98934	14	98927	6954501	70.29
1990-1994	10	0.00011	0.00011	0.5	98920	11	98914	6855574	69.30
1990-1994	11	0.00017	0.00017	0.5	98909	16	98900	6756660	68.31
1990-1994	12	0.00018	0.00018	0.5	98892	18	98883	6657760	67.32
1990-1994	13	0.00019	0.00019	0.5	98875	19	98865	6558876	66.34
1990-1994	14	0.00023	0.00023	0.5	98856	23	98845	6460011	65.35
1990-1994	15	0.00027	0.00027	0.5	98833	27	98820	6361166	64.36
1990-1994	16	0.00031	0.00031	0.5	98806	31	98791	6262347	63.38
1990-1994	17	0.00036	0.00036	0.5	98776	36	98758	6163556	62.40
1990-1994	18	0.00044	0.00044	0.5	98740	43	98718	6064798	61.42
1990-1994	19	0.00037	0.00037	0.5	98696	37	98678	5966080	60.45
1990-1994	20	0.00043	0.00043	0.5	98660	43	98639	5867402	59.47
1990-1994	21	0.00049	0.00049	0.5	98617	48	98593	5768763	58.50
1990-1994	22	0.00047	0.00047	0.5	98569	46	98546	5670170	57.52
1990-1994	23	0.00056	0.00056	0.5	98523	55	98495	5571624	56.55
1990-1994	24	0.00055	0.00055	0.5	98468	54	98441	5473129	55.58
1990-1994	25	0.00061	0.00061	0.5	98414	60	98384	5374688	54.61
1990-1994	26	0.00072	0.00072	0.5	98354	71	98318	5276304	53.65
1990-1994	27	0.00078	0.00077	0.5	98283	76	98245	5177986	52.68
1990-1994	28	0.00086	0.00086	0.5	98207	84	98165	5079741	51.72
1990-1994	29	0.00085	0.00085	0.5	98123	83	98081	4981576	50.77
1990-1994	30	0.00094	0.00094	0.5	98040	92	97993	4883495	49.81
1990-1994	31	0.00108	0.00108	0.5	97947	106	97894	4785502	48.86
1990-1994	32	0.00114	0.00113	0.5	97841	111	97786	4687607	47.91
1990-1994	33	0.00131	0.00131	0.5	97730	128	97666	4589822	46.96
1990-1994	34	0.00135	0.00135	0.5	97603	132	97537	4492155	46.02
1990-1994	35	0.00146	0.00145	0.5	97471	142	97400	4394618	45.09
1990-1994	36	0.00156	0.00156	0.5	97329	152	97253	4297218	44.15
1990-1994	37	0.00168	0.00168	0.5	97177	164	97095	4199965	43.22
1990-1994	38	0.00186	0.00186	0.5	97014	180	96923	4102869	42.29
1990-1994	39	0.00173	0.00173	0.5	96833	168	96749	4005946	41.37
1990-1994	40	0.00195	0.00195	0.5	96666	189	96571	3909196	40.44
1990-1994	41	0.00198	0.00198	0.5	96477	191	96382	3812625	39.52
1990-1994	42	0.00220	0.00220	0.5	96286	212	96181	3716243	38.60
1990-1994	43	0.00209	0.00208	0.5	96075	200	95975	3620063	37.68
1990-1994	44	0.00225	0.00225	0.5	95875	216	95767	3524088	36.76
1990-1994	45	0.00240	0.00239	0.5	95659	229	95544	3428321	35.84
1990-1994	46	0.00279	0.00278	0.5	95430	266	95297	3332777	34.92
1990-1994	47	0.00282	0.00281	0.5	95164	268	95030	3237480	34.02
1990-1994	48	0.00326	0.00325	0.5	94896	309	94742	3142450	33.11
1990-1994	49	0.00344	0.00344	0.5	94588	325	94425	3047708	32.22
1990-1994	50	0.00363	0.00362	0.5	94263	341	94092	2953282	31.33
1990-1994	51	0.00409	0.00408	0.5	93921	383	93730	2859190	30.44
1990-1994	52	0.00436	0.00435	0.5	93538	407	93335	2765461	29.57
1990-1994	53	0.00473	0.00472	0.5	93131	440	92911	2672126	28.69
1990-1994	54	0.00495	0.00494	0.5	92691	458	92462	2579215	27.83
1990-1994	55	0.00579	0.00577	0.5	92233	532	91967	2486752	26.96
1990-1994	56	0.00591	0.00589	0.5	91701	540	91431	2394785	26.12
1990-1994	57	0.00652	0.00650	0.5	91161	593	90865	2303354	25.27
1990-1994	58	0.00810	0.00807	0.5	90568	731	90203	2212489	24.43
1990-1994	59	0.00809	0.00806	0.5	89837	724	89475	2122287	23.62
1990-1994	60	0.00878	0.00874	0.5	89113	779	88723	2032811	22.81
1990-1994	61	0.00978	0.00974	0.5	88334	860	87904	1944088	22.01
1990-1994	62	0.01058	0.01053	0.5	87474	921	87013	1856184	21.22
1990-1994	63	0.01135	0.01129	0.5	86553	977	86064	1769171	20.44
1990-1994	64	0.01203	0.01195	0.5	85576	1023	85064	1683107	19.67
1990-1994	65	0.01368	0.01358	0.5	84553	1149	83979	1598042	18.90
1990-1994	66	0.01496	0.01485	0.5	83404	1238	82785	1514064	18.15
1990-1994	67	0.01627	0.01614	0.5	82166	1326	81503	1431279	17.42
1990-1994	68	0.01808	0.01792	0.5	80840	1448	80115	1349776	16.70
1990-1994	69	0.01824	0.01807	0.5	79391	1435	78674	1269660	15.99
1990-1994	70	0.02103	0.02081	0.5	77957	1622	77145	1190986	15.28
1990-1994	71	0.02259	0.02234	0.5	76334	1705	75482	1113841	14.59
1990-1994	72	0.02528	0.02497	0.5	74629	1863	73698	1038359	13.91
1990-1994	73	0.02756	0.02718	0.5	72766	1978	71777	964661	13.26
1990-1994	74	0.02914	0.02872	0.5	70788	2033	69772	892884	12.61
1990-1994	75	0.03162	0.03113	0.5	68755	2140	67685	823112	11.97
1990-1994	76	0.03522	0.03461	0.5	66615	2305	65462	755427	11.34
1990-1994	77	0.03874	0.03801	0.5	64309	2444	63087	689965	10.73
1990-1994	78	0.04236	0.04148	0.5	61865	2566	60582	626878	10.13
1990-1994	79	0.04497	0.04398	0.5	59299	2608	57995	566296	9.55
1990-1994	80	0.05478	0.05332	0.5	56691	3023	55179	508301	8.97
1990-1994	81	0.06142	0.05959	0.5	53668	3198	52069	453122	8.44
1990-1994	82	0.06593	0.06383	0.5	50470	3221	48859	401053	7.95
1990-1994	83	0.07424	0.07158	0.5	47249	3382	45558	352193	7.45
1990-1994	84	0.08147	0.07829	0.5	43866	3434	42149	306636	6.99
1990-1994	85	0.09180	0.08777	0.5	40432	3549	38658	264487	6.54
1990-1994	86	0.09944	0.09473	0.5	36884	3494	35137	225828	6.12
1990-1994	87	0.11198	0.10604	0.5	33390	3541	31619	190692	5.71
1990-1994	88	0.12494	0.11759	0.5	29849	3510	28094	159072	5.33
1990-1994	89	0.13955	0.13045	0.5	26339	3436	24621	130979	4.97
1990-1994	90	0.15393	0.14293	0.5	22903	3273	21266	106358	4.64
1990-1994	91	0.17061	0.15720	0.5	19630	3086	18087	85091	4.33
1990-1994	92	0.18780	0.17168	0.5	16544	2840	15124	67004	4.05
1990-1994	93	0.20773	0.18819	0.5	13704	2579	12414	51881	3.79
1990-1994	94	0.22745	0.20423	0.5	11125	2272	9989	39466	3.55
1990-1994	95	0.24426	0.21768	0.5	8853	1927	7889	29478	3.33
1990-1994	96	0.26629	0.23500	0.5	6926	1628	6112	21588	3.12
1990-1994	97	0.28955	0.25293	0.5	5298	1340	4628	15476	2.92
1990-1994	98	0.31397	0.27137	0.5	3958	1074	3421	10848	2.74
1990-1994	99	0.33947	0.29021	0.5	2884	837	2466	7427	2.58
1990-1994	100	0.36593	0.30933	0.5	2047	633	1730	4962	2.42
1990-1994	101	0.39323	0.32862	0.5	1414	465	1182	3231	2.29
1990-1994	102	0.42121	0.34793	0.5	949	330	784	2050	2.16
1990-1994	103	0.44970	0.36715	0.5	619	227	505	1266	2.04
1990-1994	104	0.47853	0.38614	0.5	392	151	316	760	1.94
1990-1994	105	0.50751	0.40479	0.5	240	97	192	444	1.85
1990-1994	106	0.53643	0.42298	0.5	143	61	113	252	1.76
1990-1994	107	0.56511	0.44061	0.5	83	36	64	139	1.69
1990-1994	108	0.59336	0.45760	0.5	46	21	36	75	1.63
1990-1994	109	0.62101	0.47387	0.5	25	12	19	39	1.58
1990-1994	110+	0.64789	1.00000	1.54	13	13	20	20	1.54
1995-1999	0	0.00663	0.00659	0.07	100000	659	99388	7944131	79.44
1995-1999	1	0.00046	0.00046	0.5	99341	45	99318	7844743	78.97
1995-1999	2	0.00025	0.00025	0.5	99296	25	99283	7745424	78.00
1995-1999	3	0.00025	0.00025	0.5	99271	25	99258	7646141	77.02
1995-1999	4	0.00020	0.00020	0.5	99245	20	99235	7546883	76.04
1995-1999	5	0.00016	0.00016	0.5	99225	16	99217	7447648	75.06
1995-1999	6	0.00014	0.00014	0.5	99210	14	99203	7348430	74.07
1995-1999	7	0.00014	0.00014	0.5	99195	14	99189	7249228	73.08
1995-1999	8	0.00013	0.00013	0.5	99182	13	99175	7150039	72.09
1995-1999	9	0.00015	0.00015	0.5	99168	15	99161	7050864	71.10
1995-1999	10	0.00014	0.00014	0.5	99153	13	99146	6951703	70.11
1995-1999	11	0.00011	0.00011	0.5	99140	11	99134	6852557	69.12
1995-1999	12	0.00012	0.00012	0.5	99129	12	99123	6753423	68.13
1995-1999	13	0.00016	0.00016	0.5	99117	15	99109	6654300	67.14
1995-1999	14	0.00019	0.00019	0.5	99101	19	99092	6555191	66.15
1995-1999	15	0.00021	0.00021	0.5	99083	21	99072	6456099	65.16
1995-1999	16	0.00023	0.00023	0.5	99061	23	99050	6357027	64.17
1995-1999	17	0.00036	0.00036	0.5	99038	36	99021	6257977	63.19
1995-1999	18	0.00034	0.00034	0.5	99003	33	98986	6158957	62.21
1995-1999	19	0.00038	0.00038	0.5	98969	38	98950	6059971	61.23
1995-1999	20	0.00035	0.00035	0.5	98932	35	98914	5961020	60.25
1995-1999	21	0.00034	0.00034	0.5	98897	33	98880	5862106	59.27
1995-1999	22	0.00042	0.00042	0.5	98864	42	98843	5763226	58.29
1995-1999	23	0.00041	0.00041	0.5	98822	40	98801	5664383	57.32
1995-1999	24	0.00041	0.00041	0.5	98781	41	98761	5565582	56.34
1995-1999	25	0.00045	0.00045	0.5	98740	45	98718	5466821	55.37
1995-1999	26	0.00048	0.00048	0.5	98696	47	98672	5368103	54.39
1995-1999	27	0.00054	0.00054	0.5	98648	54	98622	5269431	53.42
1995-1999	28	0.00060	0.00060	0.5	98595	59	98565	5170809	52.45
1995-1999	29	0.00059	0.00059	0.5	98536	58	98507	5072244	51.48
1995-1999	30	0.00069	0.00069	0.5	98478	68	98444	4973737	50.51
1995-1999	31	0.00082	0.00082	0.5	98410	81	98370	4875293	49.54
1995-1999	32	0.00090	0.00090	0.5	98329	88	98285	4776924	48.58
1995-1999	33	0.00094	0.00094	0.5	98241	93	98194	4678638	47.62
1995-1999	34	0.00096	0.00096	0.5	98148	94	98101	4580444	46.67
1995-1999	35	0.00109	0.00109	0.5	98054	107	98001	4482343	45.71
1995-1999	36	0.00113	0.00113	0.5	97947	110	97892	4384342	44.76
1995-1999	37	0.00133	0.00133	0.5	97837	130	97772	4286450	43.81
1995-1999	38	0.00146	0.00146	0.5	97707	143	97635	4188678	42.87
1995-1999	39	0.00148	0.00148	0.5	97564	144	97492	4091043	41.93
1995-1999	40	0.00165	0.00164	0.5	97420	160	97340	3993551	40.99
1995-1999	41	0.00179	0.00179	0.5	97260	174	97173	3896211	40.06
1995-1999	42	0.00187	0.00187	0.5	97085	181	96995	3799039	39.13
1995-1999	43	0.00204	0.00204	0.5	96904	198	96805	3702044	38.20
1995-1999	44	0.00219	0.00219	0.5	96707	212	96601	3605238	37.28
1995-1999	45	0.00223	0.00223	0.5	96495	215	96387	3508638	36.36
1995-1999	46	0.00240	0.00240	0.5	96280	231	96164	3412251	35.44
1995-1999	47	0.00254	0.00254	0.5	96048	244	95926	3316087	34.53
1995-1999	48	0.00294	0.00293	0.5	95804	281	95664	3220160	33.61
1995-1999	49	0.00307	0.00306	0.5	95523	292	95377	3124496	32.71
1995-1999	50	0.00326	0.00325	0.5	95231	310	95076	3029119	31.81
1995-1999	51	0.00345	0.00345	0.5	94921	327	94758	2934043	30.91
1995-1999	52	0.00405	0.00404	0.5	94594	382	94403	2839285	30.02
1995-1999	53	0.00435	0.00434	0.5	94212	409	94008	2744882	29.14
1995-1999	54	0.00453	0.00452	0.5	93803	424	93591	2650875	28.26
1995-1999	55	0.00514	0.00512	0.5	93379	479	93140	2557283	27.39
1995-1999	56	0.00576	0.00574	0.5	92901	533	92634	2464143	26.52
1995-1999	57	0.00590	0.00589	0.5	92367	544	92096	2371509	25.67
1995-1999	58	0.00665	0.00663	0.5	91824	608	91519	2279414	24.82
1995-1999	59	0.00721	0.00719	0.5	91215	656	90888	2187894	23.99
1995-1999	60	0.00789	0.00786	0.5	90560	712	90204	2097007	23.16
1995-1999	61	0.00867	0.00863	0.5	89848	775	89460	2006803	22.34
1995-1999	62	0.00960	0.00955	0.5	89072	851	88647	1917343	21.53
1995-1999	63	0.01056	0.01050	0.5	88222	927	87758	1828696	20.73
1995-1999	64	0.01144	0.01137	0.5	87295	993	86799	1740937	19.94
1995-1999	65	0.01295	0.01287	0.5	86302	1110	85747	1654139	19.17
1995-1999	66	0.01376	0.01367	0.5	85192	1165	84610	1568392	18.41
1995-1999	67	0.01497	0.01486	0.5	84027	1248	83403	1483782	17.66
1995-1999	68	0.01690	0.01676	0.5	82779	1387	82085	1400379	16.92
1995-1999	69	0.01795	0.01779	0.5	81392	1448	80668	1318293	16.20
1995-1999	70	0.01936	0.01918	0.5	79944	1533	79177	1237626	15.48
1995-1999	71	0.02159	0.02136	0.5	78411	1675	77573	1158449	14.77
1995-1999	72	0.02421	0.02392	0.5	76736	1836	75818	1080876	14.09
1995-1999	73	0.02608	0.02575	0.5	74900	1928	73936	1005058	13.42
1995-1999	74	0.02723	0.02686	0.5	72972	1960	71992	931122	12.76
1995-1999	75	0.02948	0.02905	0.5	71012	2063	69980	859130	12.10
1995-1999	76	0.03366	0.03310	0.5	68948	2282	67807	789150	11.45
1995-1999	77	0.03694	0.03627	0.5	66666	2418	65457	721343	10.82
1995-1999	78	0.04040	0.03960	0.5	64248	2544	62976	655886	10.21
1995-1999	79	0.04431	0.04335	0.5	61704	2675	60366	592910	9.61
1995-1999	80	0.05418	0.05275	0.5	59029	3114	57472	532544	9.02
1995-1999	81	0.05883	0.05715	0.5	55915	3195	54318	475071	8.50
1995-1999	82	0.06594	0.06383	0.5	52720	3365	51037	420754	7.98
1995-1999	83	0.07139	0.06893	0.5	49355	3402	47654	369716	7.49
1995-1999	84	0.08086	0.07772	0.5	45953	3571	44167	322063	7.01
1995-1999	85	0.08989	0.08602	0.5	42381	3646	40559	277896	6.56
1995-1999	86	0.10036	0.09556	0.5	38736	3702	36885	237337	6.13
1995-1999	87	0.10958	0.10389	0.5	35034	3640	33214	200452	5.72
1995-1999	88	0.12366	0.11646	0.5	31395	3656	29566	167238	5.33
1995-1999	89	0.13765	0.12878	0.5	27738	3572	25952	137671	4.96
1995-1999	90	0.15175	0.14105	0.5	24166	3409	22462	111719	4.62
1995-1999	91	0.16637	0.15360	0.5	20758	3188	19164	89257	4.30
1995-1999	92	0.18898	0.17267	0.5	17569	3034	16053	70094	3.99
1995-1999	93	0.20917	0.18936	0.5	14536	2753	13159	54041	3.72
1995-1999	94	0.23516	0.21042	0.5	11783	2479	10544	40882	3.47
1995-1999	95	0.24933	0.22169	0.5	9304	2063	8273	30338	3.26
1995-1999	96	0.27251	0.23983	0.5	7241	1737	6373	22066	3.05
1995-1999	97	0.29700	0.25860	0.5	5505	1423	4793	15693	2.85
1995-1999	98	0.32271	0.27787	0.5	4081	1134	3514	10900	2.67
1995-1999	99	0.34954	0.29754	0.5	2947	877	2509	7386	2.51
1995-1999	100	0.37736	0.31746	0.5	2070	657	1742	4877	2.36
1995-1999	101	0.40600	0.33749	0.5	1413	477	1175	3136	2.22
1995-1999	102	0.43531	0.35750	0.5	936	335	769	1961	2.10
1995-1999	103	0.46507	0.37733	0.5	601	227	488	1192	1.98
1995-1999	104	0.49508	0.39685	0.5	375	149	300	705	1.88
1995-1999	105	0.52513	0.41592	0.5	226	94	179	404	1.79
1995-1999	106	0.55500	0.43444	0.5	132	57	103	225	1.71
1995-1999	107	0.58448	0.45230	0.5	75	34	58	122	1.64
1995-1999	108	0.61336	0.46940	0.5	41	19	31	64	1.58
1995-1999	109	0.64147	0.48569	0.5	22	11	16	33	1.53
1995-1999	110+	0.66863	1.00000	1.5	11	11	17	17	1.50
2000-2004	0	0.00561	0.00558	0.07	100000	558	99480	8041903	80.42
2000-2004	1	0.00034	0.00034	0.5	99442	34	99425	7942422	79.87
2000-2004	2	0.00023	0.00023	0.5	99408	23	99397	7842997	78.90
2000-2004	3	0.00017	0.00017	0.5	99385	17	99377	7743601	77.92
2000-2004	4	0.00014	0.00014	0.5	99368	14	99361	7644224	76.93
2000-2004	5	0.00012	0.00012	0.5	99354	12	99349	7544863	75.94
2000-2004	6	0.00010	0.00010	0.5	99343	10	99338	7445514	74.95
2000-2004	7	0.00011	0.00011	0.5	99333	11	99328	7346176	73.95
2000-2004	8	0.00012	0.00012	0.5	99322	12	99316	7246848	72.96
2000-2004	9	0.00011	0.00011	0.5	99310	11	99305	7147532	71.97
2000-2004	10	0.00011	0.00011	0.5	99300	11	99294	7048227	70.98
2000-2004	11	0.00012	0.00012	0.5	99289	12	99283	6948933	69.99
2000-2004	12	0.00012	0.00012	0.5	99277	12	99271	6849650	69.00
2000-2004	13	0.00012	0.00012	0.5	99265	12	99259	6750379	68.00
2000-2004	14	0.00015	0.00015	0.5	99253	15	99246	6651120	67.01
2000-2004	15	0.00016	0.00016	0.5	99238	16	99230	6551875	66.02
2000-2004	16	0.00026	0.00026	0.5	99222	26	99209	6452644	65.03
2000-2004	17	0.00030	0.00030	0.5	99196	30	99181	6353435	64.05
2000-2004	18	0.00034	0.00034	0.5	99166	34	99150	6254254	63.07
2000-2004	19	0.00030	0.00030	0.5	99133	30	99118	6155104	62.09
2000-2004	20	0.00035	0.00035	0.5	99103	35	99086	6055986	61.11
2000-2004	21	0.00033	0.00033	0.5	99069	33	99052	5956900	60.13
2000-2004	22	0.00036	0.00036	0.5	99036	36	99018	5857848	59.15
2000-2004	23	0.00043	0.00043	0.5	99000	43	98979	5758830	58.17
2000-2004	24	0.00037	0.00037	0.5	98957	36	98939	5659851	57.19
2000-2004	25	0.00041	0.00041	0.5	98921	41	98900	5560913	56.22
2000-2004	26	0.00042	0.00042	0.5	98880	42	98859	5462012	55.24
2000-2004	27	0.00045	0.00045	0.5	98838	45	98816	5363154	54.26
2000-2004	28	0.00049	0.00049	0.5	98793	48	98769	5264338	53.29
2000-2004	29	0.00047	0.00047	0.5	98745	46	98722	5165569	52.31
2000-2004	30	0.00057	0.00057	0.5	98699	57	98670	5066848	51.34
2000-2004	31	0.00061	0.00061	0.5	98642	60	98612	4968177	50.37
2000-2004	32	0.00064	0.00064	0.5	98582	63	98550	4869566	49.40
2000-2004	33	0.00066	0.00066	0.5	98519	65	98486	4771015	48.43
2000-2004	34	0.00080	0.00080	0.5	98454	78	98414	4672529	47.46
2000-2004	35	0.00085	0.00085	0.5	98375	84	98333	4574115	46.50
2000-2004	36	0.00097	0.00097	0.5	98291	95	98244	4475782	45.54
2000-2004	37	0.00099	0.00099	0.5	98196	97	98148	4377538	44.58
2000-2004	38	0.00121	0.00121	0.5	98099	119	98040	4279390	43.62
2000-2004	39	0.00130	0.00130	0.5	97980	127	97917	4181351	42.68
2000-2004	40	0.00138	0.00138	0.5	97853	135	97786	4083434	41.73
2000-2004	41	0.00145	0.00145	0.5	97718	142	97647	3985648	40.79
2000-2004	42	0.00161	0.00161	0.5	97576	157	97498	3888001	39.85
2000-2004	43	0.00175	0.00175	0.5	97419	170	97334	3790503	38.91
2000-2004	44	0.00189	0.00189	0.5	97249	183	97157	3693169	37.98
2000-2004	45	0.00209	0.00209	0.5	97066	202	96964	3596012	37.05
2000-2004	46	0.00224	0.00224	0.5	96863	217	96755	3499047	36.12
2000-2004	47	0.00251	0.00251	0.5	96646	242	96525	3402293	35.20
2000-2004	48	0.00267	0.00266	0.5	96404	257	96276	3305767	34.29
2000-2004	49	0.00293	0.00293	0.5	96147	282	96006	3209492	33.38
2000-2004	50	0.00301	0.00301	0.5	95866	288	95722	3113485	32.48
2000-2004	51	0.00333	0.00333	0.5	95577	318	95418	3017764	31.57
2000-2004	52	0.00354	0.00353	0.5	95259	337	95091	2922345	30.68
2000-2004	53	0.00402	0.00402	0.5	94923	381	94732	2827254	29.78
2000-2004	54	0.00412	0.00411	0.5	94541	389	94347	2732522	28.90
2000-2004	55	0.00473	0.00472	0.5	94153	445	93931	2638175	28.02
2000-2004	56	0.00495	0.00494	0.5	93708	463	93477	2544244	27.15
2000-2004	57	0.00554	0.00552	0.5	93245	515	92988	2450768	26.28
2000-2004	58	0.00590	0.00588	0.5	92730	545	92458	2357780	25.43
2000-2004	59	0.00659	0.00657	0.5	92185	605	91882	2265322	24.57
2000-2004	60	0.00748	0.00745	0.5	91580	682	91239	2173440	23.73
2000-2004	61	0.00775	0.00772	0.5	90898	702	90547	2082201	22.91
2000-2004	62	0.00850	0.00847	0.5	90196	764	89814	1991654	22.08
2000-2004	63	0.00963	0.00958	0.5	89432	857	89003	1901841	21.27
2000-2004	64	0.01011	0.01006	0.5	88575	891	88129	1812837	20.47
2000-2004	65	0.01119	0.01113	0.5	87684	976	87196	1724708	19.67
2000-2004	66	0.01231	0.01223	0.5	86708	1060	86177	1637513	18.89
2000-2004	67	0.01369	0.01360	0.5	85647	1165	85065	1551335	18.11
2000-2004	68	0.01449	0.01439	0.5	84482	1216	83875	1466270	17.36
2000-2004	69	0.01607	0.01594	0.5	83267	1327	82603	1382396	16.60
2000-2004	70	0.01747	0.01731	0.5	81940	1419	81230	1299792	15.86
2000-2004	71	0.01876	0.01858	0.5	80521	1496	79773	1218562	15.13
2000-2004	72	0.02091	0.02070	0.5	79025	1636	78207	1138790	14.41
2000-2004	73	0.02301	0.02275	0.5	77389	1760	76509	1060583	13.70
2000-2004	74	0.02512	0.02481	0.5	75628	1876	74690	984074	13.01
2000-2004	75	0.02812	0.02773	0.5	73752	2045	72729	909384	12.33
2000-2004	76	0.03031	0.02986	0.5	71707	2141	70636	836654	11.67
2000-2004	77	0.03294	0.03241	0.5	69566	2254	68439	766018	11.01
2000-2004	78	0.03716	0.03648	0.5	67312	2456	66084	697579	10.36
2000-2004	79	0.04063	0.03982	0.5	64856	2583	63564	631496	9.74
2000-2004	80	0.05098	0.04972	0.5	62273	3096	60725	567931	9.12
2000-2004	81	0.05589	0.05437	0.5	59177	3217	57568	507206	8.57
2000-2004	82	0.06271	0.06080	0.5	55960	3403	54258	449638	8.04
2000-2004	83	0.07047	0.06807	0.5	52557	3578	50768	395379	7.52
2000-2004	84	0.07809	0.07516	0.5	48980	3681	47139	344611	7.04
2000-2004	85	0.08796	0.08425	0.5	45298	3816	43390	297472	6.57
2000-2004	86	0.09911	0.09443	0.5	41482	3917	39523	254082	6.13
2000-2004	87	0.10833	0.10277	0.5	37565	3860	35635	214558	5.71
2000-2004	88	0.12084	0.11396	0.5	33704	3841	31784	178924	5.31
2000-2004	89	0.13739	0.12856	0.5	29863	3839	27944	147140	4.93
2000-2004	90	0.15060	0.14005	0.5	26024	3645	24202	119196	4.58
2000-2004	91	0.17169	0.15811	0.5	22380	3539	20610	94994	4.24
2000-2004	92	0.18926	0.17290	0.5	18841	3258	17212	74384	3.95
2000-2004	93	0.21223	0.19187	0.5	15583	2990	14089	57171	3.67
2000-2004	94	0.23198	0.20787	0.5	12594	2618	11285	43083	3.42
2000-2004	95	0.25471	0.22594	0.5	9976	2254	8849	31798	3.19
2000-2004	96	0.27933	0.24510	0.5	7722	1893	6775	22949	2.97
2000-2004	97	0.30536	0.26491	0.5	5829	1544	5057	16174	2.77
2000-2004	98	0.33269	0.28524	0.5	4285	1222	3674	11117	2.59
2000-2004	99	0.36120	0.30595	0.5	3063	937	2594	7443	2.43
2000-2004	100	0.39072	0.32686	0.5	2126	695	1778	4849	2.28
2000-2004	101	0.42106	0.34783	0.5	1431	498	1182	3071	2.15
2000-2004	102	0.45201	0.36868	0.5	933	344	761	1889	2.02
2000-2004	103	0.48333	0.38926	0.5	589	229	474	1127	1.91
2000-2004	104	0.51479	0.40941	0.5	360	147	286	653	1.81
2000-2004	105	0.54613	0.42899	0.5	212	91	167	367	1.73
2000-2004	106	0.57711	0.44787	0.5	121	54	94	200	1.65
2000-2004	107	0.60749	0.46596	0.5	67	31	51	106	1.58
2000-2004	108	0.63706	0.48316	0.5	36	17	27	54	1.52
2000-2004	109	0.66564	0.49942	0.5	18	9	14	27	1.47
2000-2004	110+	0.69304	1.00000	1.44	9	9	13	13	1.44
2005-2009	0	0.00521	0.00518	0.07	100000	518	99517	8165689	81.66
2005-2009	1	0.00028	0.00028	0.5	99482	28	99467	8066172	81.08
2005-2009	2	0.00021	0.00021	0.5	99453	21	99443	7966705	80.10
2005-2009	3	0.00020	0.00020	0.5	99432	20	99422	7867262	79.12
2005-2009	4	0.00013	0.00013	0.5	99413	13	99406	7767840	78.14
2005-2009	5	0.00009	0.00009	0.5	99400	9	99395	7668434	77.15
2005-2009	6	0.00011	0.00011	0.5	99390	11	99384	7569039	76.15
2005-2009	7	0.00011	0.00011	0.5	99379	10	99373	7469654	75.16
2005-2009	8	0.00009	0.00009	0.5	99368	9	99364	7370281	74.17
2005-2009	9	0.00010	0.00010	0.5	99359	10	99354	7270917	73.18
2005-2009	10	0.00010	0.00010	0.5	99349	10	99344	7171563	72.19
2005-2009	11	0.00010	0.00010	0.5	99339	10	99334	7072219	71.19
2005-2009	12	0.00011	0.00011	0.5	99329	11	99323	6972885	70.20
2005-2009	13	0.00010	0.00010	0.5	99318	10	99313	6873562	69.21
2005-2009	14	0.00012	0.00012	0.5	99307	12	99301	6774249	68.21
2005-2009	15	0.00013	0.00013	0.5	99296	13	99289	6674948	67.22
2005-2009	16	0.00021	0.00021	0.5	99283	21	99272	6575658	66.23
2005-2009	17	0.00026	0.00026	0.5	99262	25	99249	6476386	65.25
2005-2009	18	0.00029	0.00029	0.5	99236	29	99222	6377137	64.26
2005-2009	19	0.00030	0.00030	0.5	99207	30	99193	6277915	63.28
2005-2009	20	0.00031	0.00031	0.5	99178	31	99162	6178723	62.30
2005-2009	21	0.00036	0.00036	0.5	99147	36	99129	6079560	61.32
2005-2009	22	0.00033	0.00033	0.5	99111	32	99095	5980431	60.34
2005-2009	23	0.00032	0.00032	0.5	99079	32	99063	5881336	59.36
2005-2009	24	0.00036	0.00036	0.5	99047	36	99029	5782273	58.38
2005-2009	25	0.00034	0.00034	0.5	99012	34	98995	5683244	57.40
2005-2009	26	0.00037	0.00037	0.5	98978	37	98959	5584249	56.42
2005-2009	27	0.00037	0.00037	0.5	98941	37	98923	5485290	55.44
2005-2009	28	0.00041	0.00041	0.5	98904	40	98884	5386368	54.46
2005-2009	29	0.00045	0.00045	0.5	98864	45	98842	5287483	53.48
2005-2009	30	0.00043	0.00043	0.5	98819	43	98798	5188642	52.51
2005-2009	31	0.00048	0.00048	0.5	98776	48	98753	5089844	51.53
2005-2009	32	0.00058	0.00058	0.5	98729	57	98700	4991092	50.55
2005-2009	33	0.00056	0.00056	0.5	98672	55	98644	4892391	49.58
2005-2009	34	0.00060	0.00060	0.5	98617	59	98587	4793747	48.61
2005-2009	35	0.00068	0.00068	0.5	98557	67	98524	4695160	47.64
2005-2009	36	0.00082	0.00082	0.5	98491	81	98450	4596637	46.67
2005-2009	37	0.00084	0.00084	0.5	98410	83	98368	4498187	45.71
2005-2009	38	0.00090	0.00090	0.5	98327	89	98283	4399818	44.75
2005-2009	39	0.00106	0.00106	0.5	98238	104	98186	4301536	43.79
2005-2009	40	0.00111	0.00111	0.5	98134	109	98079	4203349	42.83
2005-2009	41	0.00129	0.00129	0.5	98025	126	97962	4105270	41.88
2005-2009	42	0.00145	0.00145	0.5	97898	142	97828	4007308	40.93
2005-2009	43	0.00151	0.00151	0.5	97757	147	97683	3909481	39.99
2005-2009	44	0.00172	0.00172	0.5	97609	168	97525	3811798	39.05
2005-2009	45	0.00181	0.00181	0.5	97441	176	97353	3714272	38.12
2005-2009	46	0.00205	0.00205	0.5	97265	199	97166	3616919	37.19
2005-2009	47	0.00212	0.00212	0.5	97066	206	96963	3519753	36.26
2005-2009	48	0.00244	0.00243	0.5	96860	236	96743	3422790	35.34
2005-2009	49	0.00259	0.00259	0.5	96625	250	96500	3326048	34.42
2005-2009	50	0.00279	0.00278	0.5	96375	268	96241	3229548	33.51
2005-2009	51	0.00302	0.00302	0.5	96107	290	95962	3133307	32.60
2005-2009	52	0.00328	0.00328	0.5	95817	314	95660	3037345	31.70
2005-2009	53	0.00363	0.00362	0.5	95503	346	95330	2941686	30.80
2005-2009	54	0.00381	0.00380	0.5	95157	361	94976	2846356	29.91
2005-2009	55	0.00434	0.00433	0.5	94795	411	94590	2751380	29.02
2005-2009	56	0.00428	0.00427	0.5	94385	403	94183	2656790	28.15
2005-2009	57	0.00488	0.00487	0.5	93982	457	93753	2562607	27.27
2005-2009	58	0.00514	0.00513	0.5	93524	480	93284	2468854	26.40
2005-2009	59	0.00556	0.00555	0.5	93045	516	92787	2375569	25.53
2005-2009	60	0.00634	0.00632	0.5	92529	585	92236	2282783	24.67
2005-2009	61	0.00685	0.00683	0.5	91944	628	91630	2190546	23.82
2005-2009	62	0.00738	0.00736	0.5	91316	672	90980	2098917	22.99
2005-2009	63	0.00834	0.00831	0.5	90644	753	90267	2007937	22.15
2005-2009	64	0.00898	0.00894	0.5	89891	803	89489	1917670	21.33
2005-2009	65	0.00943	0.00939	0.5	89088	836	88670	1828180	20.52
2005-2009	66	0.01071	0.01065	0.5	88251	940	87782	1739511	19.71
2005-2009	67	0.01176	0.01169	0.5	87312	1021	86801	1651729	18.92
2005-2009	68	0.01280	0.01272	0.5	86291	1098	85742	1564928	18.14
2005-2009	69	0.01418	0.01408	0.5	85193	1199	84594	1479186	17.36
2005-2009	70	0.01542	0.01530	0.5	83994	1285	83351	1394593	16.60
2005-2009	71	0.01716	0.01702	0.5	82709	1408	82005	1311241	15.85
2005-2009	72	0.01850	0.01833	0.5	81301	1490	80556	1229236	15.12
2005-2009	73	0.02030	0.02009	0.5	79811	1604	79009	1148680	14.39
2005-2009	74	0.02254	0.02229	0.5	78207	1743	77336	1069671	13.68
2005-2009	75	0.02501	0.02470	0.5	76464	1889	75519	992336	12.98
2005-2009	76	0.02692	0.02656	0.5	74575	1981	73585	916816	12.29
2005-2009	77	0.02963	0.02919	0.5	72594	2119	71535	843232	11.62
2005-2009	78	0.03359	0.03304	0.5	70475	2328	69311	771697	10.95
2005-2009	79	0.03676	0.03609	0.5	68147	2460	66917	702386	10.31
2005-2009	80	0.04278	0.04189	0.5	65687	2751	64311	635470	9.67
2005-2009	81	0.04822	0.04709	0.5	62936	2963	61454	571158	9.08
2005-2009	82	0.05420	0.05277	0.5	59972	3165	58390	509705	8.50
2005-2009	83	0.06111	0.05930	0.5	56807	3368	55123	451315	7.94
2005-2009	84	0.06827	0.06602	0.5	53439	3528	51675	396191	7.41
2005-2009	85	0.07867	0.07569	0.5	49911	3778	48022	344516	6.90
2005-2009	86	0.08871	0.08494	0.5	46133	3919	44174	296494	6.43
2005-2009	87	0.09953	0.09481	0.5	42215	4002	40213	252320	5.98
2005-2009	88	0.11283	0.10681	0.5	38212	4081	36172	212107	5.55
2005-2009	89	0.12710	0.11950	0.5	34131	4079	32092	175935	5.15
2005-2009	90	0.14047	0.13125	0.5	30052	3944	28080	143843	4.79
2005-2009	91	0.15840	0.14678	0.5	26108	3832	24192	115763	4.43
2005-2009	92	0.17809	0.16352	0.5	22276	3643	20454	91572	4.11
2005-2009	93	0.19608	0.17857	0.5	18633	3327	16969	71117	3.82
2005-2009	94	0.21993	0.19814	0.5	15306	3033	13789	54148	3.54
2005-2009	95	0.24195	0.21584	0.5	12273	2649	10948	40359	3.29
2005-2009	96	0.26697	0.23553	0.5	9624	2267	8491	29410	3.06
2005-2009	97	0.29358	0.25600	0.5	7357	1883	6416	20920	2.84
2005-2009	98	0.32167	0.27711	0.5	5474	1517	4715	14504	2.65
2005-2009	99	0.35112	0.29869	0.5	3957	1182	3366	9789	2.47
2005-2009	100	0.38175	0.32056	0.5	2775	890	2330	6423	2.31
2005-2009	101	0.41335	0.34255	0.5	1886	646	1563	4092	2.17
2005-2009	102	0.44568	0.36446	0.5	1240	452	1014	2530	2.04
2005-2009	103	0.47847	0.38610	0.5	788	304	636	1516	1.92
2005-2009	104	0.51145	0.40730	0.5	484	197	385	880	1.82
2005-2009	105	0.54433	0.42788	0.5	287	123	225	495	1.73
2005-2009	106	0.57683	0.44771	0.5	164	73	127	270	1.64
2005-2009	107	0.60868	0.46666	0.5	91	42	69	142	1.57
2005-2009	108	0.63963	0.48463	0.5	48	23	37	73	1.51
2005-2009	109	0.66946	0.50157	0.5	25	12	19	36	1.46
2005-2009	110+	0.69798	1.00000	1.43	12	12	18	18	1.43
2010-2014	0	0.00457	0.00455	0.07	100000	455	99575	8266095	82.66
2010-2014	1	0.00030	0.00030	0.5	99545	30	99530	8166520	82.04
2010-2014	2	0.00019	0.00019	0.5	99515	19	99505	8066990	81.06
2010-2014	3	0.00015	0.00015	0.5	99496	15	99488	7967485	80.08
2010-2014	4	0.00010	0.00010	0.5	99481	10	99476	7867997	79.09
2010-2014	5	0.00009	0.00009	0.5	99471	9	99466	7768521	78.10
2010-2014	6	0.00009	0.00009	0.5	99461	9	99457	7669055	77.11
2010-2014	7	0.00008	0.00008	0.5	99452	8	99448	7569598	76.11
2010-2014	8	0.00009	0.00009	0.5	99444	9	99440	7470150	75.12
2010-2014	9	0.00008	0.00008	0.5	99435	8	99432	7370710	74.13
2010-2014	10	0.00008	0.00008	0.5	99428	8	99424	7271278	73.13
2010-2014	11	0.00009	0.00009	0.5	99420	8	99416	7171855	72.14
2010-2014	12	0.00010	0.00010	0.5	99411	10	99406	7072439	71.14
2010-2014	13	0.00009	0.00009	0.5	99401	9	99397	6973033	70.15
2010-2014	14	0.00014	0.00014	0.5	99392	14	99385	6873636	69.16
2010-2014	15	0.00013	0.00013	0.5	99378	13	99372	6774251	68.17
2010-2014	16	0.00016	0.00016	0.5	99365	16	99357	6674879	67.18
2010-2014	17	0.00020	0.00020	0.5	99349	20	99339	6575522	66.19
2010-2014	18	0.00025	0.00025	0.5	99329	25	99317	6476183	65.20
2010-2014	19	0.00024	0.00024	0.5	99304	24	99292	6376866	64.22
2010-2014	20	0.00032	0.00032	0.5	99280	31	99265	6277574	63.23
2010-2014	21	0.00033	0.00033	0.5	99249	32	99233	6178309	62.25
2010-2014	22	0.00033	0.00033	0.5	99217	33	99200	6079076	61.27
2010-2014	23	0.00036	0.00036	0.5	99184	36	99166	5979876	60.29
2010-2014	24	0.00036	0.00036	0.5	99148	36	99130	5880710	59.31
2010-2014	25	0.00034	0.00034	0.5	99112	34	99095	5781580	58.33
2010-2014	26	0.00038	0.00038	0.5	99078	37	99060	5682484	57.35
2010-2014	27	0.00037	0.00037	0.5	99041	37	99023	5583424	56.37
2010-2014	28	0.00040	0.00040	0.5	99004	40	98984	5484402	55.40
2010-2014	29	0.00045	0.00045	0.5	98964	44	98942	5385418	54.42
2010-2014	30	0.00046	0.00046	0.5	98920	45	98897	5286476	53.44
2010-2014	31	0.00051	0.00051	0.5	98875	51	98849	5187579	52.47
2010-2014	32	0.00052	0.00052	0.5	98824	51	98798	5088729	51.49
2010-2014	33	0.00051	0.00051	0.5	98773	50	98748	4989931	50.52
2010-2014	34	0.00061	0.00061	0.5	98722	61	98692	4891183	49.54
2010-2014	35	0.00064	0.00064	0.5	98662	63	98630	4792491	48.58
2010-2014	36	0.00069	0.00069	0.5	98598	68	98564	4693862	47.61
2010-2014	37	0.00079	0.00079	0.5	98530	78	98491	4595298	46.64
2010-2014	38	0.00079	0.00079	0.5	98452	77	98413	4496807	45.68
2010-2014	39	0.00084	0.00084	0.5	98374	83	98333	4398394	44.71
2010-2014	40	0.00092	0.00092	0.5	98291	91	98246	4300061	43.75
2010-2014	41	0.00103	0.00103	0.5	98201	101	98150	4201815	42.79
2010-2014	42	0.00116	0.00115	0.5	98099	113	98043	4103665	41.83
2010-2014	43	0.00137	0.00137	0.5	97986	134	97919	4005622	40.88
2010-2014	44	0.00156	0.00155	0.5	97852	152	97776	3907703	39.93
2010-2014	45	0.00164	0.00164	0.5	97700	160	97620	3809928	39.00
2010-2014	46	0.00179	0.00179	0.5	97540	174	97453	3712308	38.06
2010-2014	47	0.00191	0.00191	0.5	97365	186	97273	3614855	37.13
2010-2014	48	0.00217	0.00217	0.5	97180	210	97074	3517583	36.20
2010-2014	49	0.00235	0.00235	0.5	96969	228	96855	3420508	35.27
2010-2014	50	0.00262	0.00261	0.5	96741	253	96615	3323653	34.36
2010-2014	51	0.00285	0.00285	0.5	96488	275	96351	3227038	33.44
2010-2014	52	0.00308	0.00308	0.5	96213	296	96066	3130687	32.54
2010-2014	53	0.00321	0.00321	0.5	95918	307	95764	3034622	31.64
2010-2014	54	0.00360	0.00359	0.5	95610	343	95438	2938858	30.74
2010-2014	55	0.00375	0.00375	0.5	95267	357	95088	2843420	29.85
2010-2014	56	0.00437	0.00436	0.5	94910	414	94703	2748331	28.96
2010-2014	57	0.00444	0.00443	0.5	94496	419	94286	2653629	28.08
2010-2014	58	0.00495	0.00493	0.5	94077	464	93844	2559343	27.20
2010-2014	59	0.00531	0.00530	0.5	93612	496	93365	2465498	26.34
2010-2014	60	0.00572	0.00570	0.5	93117	531	92851	2372134	25.47
2010-2014	61	0.00613	0.00611	0.5	92586	566	92303	2279283	24.62
2010-2014	62	0.00674	0.00672	0.5	92020	618	91711	2186980	23.77
2010-2014	63	0.00737	0.00735	0.5	91402	671	91066	2095269	22.92
2010-2014	64	0.00799	0.00796	0.5	90730	722	90369	2004202	22.09
2010-2014	65	0.00879	0.00875	0.5	90009	788	89615	1913833	21.26
2010-2014	66	0.00971	0.00966	0.5	89221	862	88790	1824218	20.45
2010-2014	67	0.01061	0.01055	0.5	88359	932	87893	1735428	19.64
2010-2014	68	0.01169	0.01162	0.5	87427	1016	86919	1647535	18.84
2010-2014	69	0.01245	0.01237	0.5	86411	1069	85876	1560617	18.06
2010-2014	70	0.01431	0.01421	0.5	85341	1212	84735	1474741	17.28
2010-2014	71	0.01528	0.01516	0.5	84129	1276	83491	1390005	16.52
2010-2014	72	0.01645	0.01631	0.5	82854	1352	82178	1306514	15.77
2010-2014	73	0.01819	0.01803	0.5	81502	1469	80767	1224336	15.02
2010-2014	74	0.02003	0.01983	0.5	80032	1587	79239	1143569	14.29
2010-2014	75	0.02213	0.02189	0.5	78445	1717	77587	1064330	13.57
2010-2014	76	0.02456	0.02426	0.5	76728	1861	75797	986743	12.86
2010-2014	77	0.02746	0.02709	0.5	74867	2028	73853	910946	12.17
2010-2014	78	0.03056	0.03010	0.5	72839	2192	71743	837093	11.49
2010-2014	79	0.03356	0.03301	0.5	70646	2332	69480	765351	10.83
2010-2014	80	0.03736	0.03667	0.5	68315	2505	67062	695870	10.19
2010-2014	81	0.04286	0.04196	0.5	65809	2762	64428	628809	9.56
2010-2014	82	0.04875	0.04759	0.5	63048	3000	61547	564380	8.95
2010-2014	83	0.05384	0.05243	0.5	60047	3148	58473	502833	8.37
2010-2014	84	0.06161	0.05977	0.5	56899	3401	55199	444360	7.81
2010-2014	85	0.06992	0.06756	0.5	53498	3614	51691	389161	7.27
2010-2014	86	0.07870	0.07572	0.5	49884	3777	47995	337470	6.77
2010-2014	87	0.09069	0.08675	0.5	46107	4000	44107	289475	6.28
2010-2014	88	0.10036	0.09556	0.5	42107	4024	40095	245368	5.83
2010-2014	89	0.11459	0.10838	0.5	38083	4127	36019	205273	5.39
2010-2014	90	0.13292	0.12464	0.5	33956	4232	31840	169253	4.98
2010-2014	91	0.14617	0.13622	0.5	29724	4049	27699	137414	4.62
2010-2014	92	0.16540	0.15277	0.5	25675	3922	23714	109715	4.27
2010-2014	93	0.18711	0.17110	0.5	21753	3722	19892	86001	3.95
2010-2014	94	0.21010	0.19013	0.5	18031	3428	16317	66109	3.67
2010-2014	95	0.22863	0.20517	0.5	14602	2996	13104	49793	3.41
2010-2014	96	0.25354	0.22502	0.5	11606	2612	10301	36688	3.16
2010-2014	97	0.28018	0.24575	0.5	8995	2210	7890	26388	2.93
2010-2014	98	0.30846	0.26725	0.5	6784	1813	5878	18498	2.73
2010-2014	99	0.33826	0.28933	0.5	4971	1438	4252	12621	2.54
2010-2014	100	0.36940	0.31181	0.5	3533	1102	2982	8369	2.37
2010-2014	101	0.40166	0.33449	0.5	2431	813	2025	5386	2.22
2010-2014	102	0.43480	0.35715	0.5	1618	578	1329	3362	2.08
2010-2014	103	0.46853	0.37960	0.5	1040	395	843	2033	1.95
2010-2014	104	0.50255	0.40163	0.5	645	259	516	1190	1.84
2010-2014	105	0.53655	0.42305	0.5	386	163	304	674	1.75
2010-2014	106	0.57021	0.44371	0.5	223	99	173	370	1.66
2010-2014	107	0.60324	0.46345	0.5	124	57	95	196	1.58
2010-2014	108	0.63535	0.48217	0.5	66	32	50	101	1.52
2010-2014	109	0.66629	0.49979	0.5	34	17	26	51	1.47
2010-2014	110+	0.69587	1.00000	1.44	17	17	25	25	1.44
2015-2019	0	0.00400	0.00398	0.06	100000	398	99628	8327324	83.27
2015-2019	1	0.00025	0.00025	0.5	99602	25	99589	8227697	82.61
2015-2019	2	0.00018	0.00018	0.5	99577	18	99568	8128107	81.63
2015-2019	3	0.00013	0.00013	0.5	99559	13	99553	8028539	80.64
2015-2019	4	0.00011	0.00011	0.5	99546	11	99540	7928987	79.65
2015-2019	5	0.00010	0.00010	0.5	99535	10	99530	7829446	78.66
2015-2019	6	0.00010	0.00010	0.5	99525	10	99520	7729916	77.67
2015-2019	7	0.00010	0.00010	0.5	99515	10	99510	7630396	76.68
2015-2019	8	0.00009	0.00009	0.5	99505	9	99501	7530887	75.68
2015-2019	9	0.00007	0.00007	0.5	99496	7	99492	7431386	74.69
2015-2019	10	0.00010	0.00010	0.5	99489	9	99484	7331894	73.70
2015-2019	11	0.00009	0.00009	0.5	99479	9	99475	7232410	72.70
2015-2019	12	0.00008	0.00008	0.5	99470	8	99466	7132935	71.71
2015-2019	13	0.00011	0.00011	0.5	99462	11	99457	7033469	70.71
2015-2019	14	0.00013	0.00013	0.5	99451	12	99445	6934012	69.72
2015-2019	15	0.00013	0.00013	0.5	99439	13	99432	6834567	68.73
2015-2019	16	0.00014	0.00014	0.5	99426	14	99419	6735135	67.74
2015-2019	17	0.00016	0.00016	0.5	99411	16	99403	6635716	66.75
2015-2019	18	0.00023	0.00023	0.5	99395	23	99384	6536313	65.76
2015-2019	19	0.00024	0.00024	0.5	99372	24	99360	6436929	64.78
2015-2019	20	0.00035	0.00035	0.5	99348	34	99331	6337570	63.79
2015-2019	21	0.00034	0.00034	0.5	99313	33	99297	6238239	62.81
2015-2019	22	0.00036	0.00036	0.5	99280	36	99262	6138942	61.83
2015-2019	23	0.00037	0.00037	0.5	99244	36	99226	6039680	60.86
2015-2019	24	0.00038	0.00038	0.5	99208	38	99189	5940455	59.88
2015-2019	25	0.00039	0.00039	0.5	99170	38	99150	5841266	58.90
2015-2019	26	0.00047	0.00047	0.5	99131	46	99108	5742116	57.92
2015-2019	27	0.00051	0.00051	0.5	99085	51	99060	5643007	56.95
2015-2019	28	0.00050	0.00050	0.5	99034	49	99010	5543948	55.98
2015-2019	29	0.00055	0.00055	0.5	98985	55	98958	5444938	55.01
2015-2019	30	0.00058	0.00058	0.5	98930	58	98901	5345981	54.04
2015-2019	31	0.00056	0.00056	0.5	98873	55	98845	5247079	53.07
2015-2019	32	0.00065	0.00065	0.5	98817	65	98785	5148234	52.10
2015-2019	33	0.00068	0.00068	0.5	98753	67	98719	5049449	51.13
2015-2019	34	0.00072	0.00072	0.5	98686	71	98650	4950730	50.17
2015-2019	35	0.00077	0.00077	0.5	98614	76	98577	4852080	49.20
2015-2019	36	0.00081	0.00081	0.5	98539	79	98499	4753503	48.24
2015-2019	37	0.00090	0.00090	0.5	98460	88	98415	4655004	47.28
2015-2019	38	0.00095	0.00095	0.5	98371	94	98324	4556589	46.32
2015-2019	39	0.00099	0.00099	0.5	98277	97	98229	4458265	45.36
2015-2019	40	0.00107	0.00107	0.5	98180	105	98128	4360036	44.41
2015-2019	41	0.00108	0.00108	0.5	98076	106	98023	4261908	43.46
2015-2019	42	0.00127	0.00127	0.5	97970	124	97908	4163885	42.50
2015-2019	43	0.00129	0.00129	0.5	97846	126	97782	4065977	41.56
2015-2019	44	0.00127	0.00127	0.5	97719	124	97657	3968195	40.61
2015-2019	45	0.00159	0.00158	0.5	97595	155	97518	3870538	39.66
2015-2019	46	0.00171	0.00171	0.5	97440	166	97357	3773020	38.72
2015-2019	47	0.00189	0.00188	0.5	97274	183	97182	3675663	37.79
2015-2019	48	0.00199	0.00199	0.5	97091	193	96994	3578481	36.86
2015-2019	49	0.00221	0.00221	0.5	96897	214	96791	3481487	35.93
2015-2019	50	0.00254	0.00254	0.5	96684	246	96561	3384696	35.01
2015-2019	51	0.00270	0.00270	0.5	96438	260	96308	3288135	34.10
2015-2019	52	0.00299	0.00299	0.5	96178	287	96034	3191827	33.19
2015-2019	53	0.00314	0.00314	0.5	95891	301	95740	3095793	32.28
2015-2019	54	0.00355	0.00355	0.5	95590	339	95420	3000053	31.38
2015-2019	55	0.00366	0.00366	0.5	95250	348	95076	2904633	30.49
2015-2019	56	0.00412	0.00411	0.5	94902	390	94707	2809556	29.60
2015-2019	57	0.00446	0.00445	0.5	94512	421	94301	2714849	28.72
2015-2019	58	0.00477	0.00476	0.5	94091	448	93867	2620548	27.85
2015-2019	59	0.00514	0.00513	0.5	93643	480	93403	2526681	26.98
2015-2019	60	0.00556	0.00554	0.5	93163	516	92905	2433277	26.12
2015-2019	61	0.00599	0.00597	0.5	92647	553	92370	2340372	25.26
2015-2019	62	0.00659	0.00657	0.5	92094	605	91791	2248002	24.41
2015-2019	63	0.00700	0.00698	0.5	91489	638	91170	2156211	23.57
2015-2019	64	0.00775	0.00772	0.5	90850	701	90500	2065041	22.73
2015-2019	65	0.00826	0.00822	0.5	90149	741	89778	1974542	21.90
2015-2019	66	0.00894	0.00890	0.5	89408	796	89010	1884763	21.08
2015-2019	67	0.00973	0.00969	0.5	88612	858	88183	1795753	20.27
2015-2019	68	0.01085	0.01080	0.5	87754	947	87280	1707571	19.46
2015-2019	69	0.01173	0.01167	0.5	86806	1013	86300	1620291	18.67
2015-2019	70	0.01307	0.01299	0.5	85793	1114	85236	1533991	17.88
2015-2019	71	0.01430	0.01420	0.5	84679	1202	84078	1448754	17.11
2015-2019	72	0.01571	0.01559	0.5	83477	1301	82827	1364676	16.35
2015-2019	73	0.01741	0.01726	0.5	82176	1418	81467	1281849	15.60
2015-2019	74	0.01937	0.01918	0.5	80758	1549	79983	1200383	14.86
2015-2019	75	0.02134	0.02111	0.5	79208	1672	78372	1120399	14.14
2015-2019	76	0.02287	0.02261	0.5	77536	1753	76659	1042027	13.44
2015-2019	77	0.02543	0.02511	0.5	75783	1903	74832	965368	12.74
2015-2019	78	0.02797	0.02759	0.5	73880	2038	72861	890536	12.05
2015-2019	79	0.03107	0.03059	0.5	71842	2198	70743	817675	11.38
2015-2019	80	0.03513	0.03452	0.5	69644	2404	68442	746932	10.72
2015-2019	81	0.03832	0.03760	0.5	67240	2528	65976	678490	10.09
2015-2019	82	0.04432	0.04336	0.5	64712	2806	63309	612514	9.47
2015-2019	83	0.04876	0.04760	0.5	61905	2947	60432	549206	8.87
2015-2019	84	0.05376	0.05235	0.5	58959	3087	57416	488774	8.29
2015-2019	85	0.06109	0.05928	0.5	55872	3312	54216	431358	7.72
2015-2019	86	0.07032	0.06793	0.5	52560	3570	50775	377142	7.18
2015-2019	87	0.08073	0.07760	0.5	48990	3802	47089	326366	6.66
2015-2019	88	0.09014	0.08626	0.5	45188	3898	43239	279277	6.18
2015-2019	89	0.10465	0.09945	0.5	41291	4106	39237	236038	5.72
2015-2019	90	0.11909	0.11240	0.5	37184	4179	35095	196800	5.29
2015-2019	91	0.13497	0.12644	0.5	33005	4173	30918	161706	4.90
2015-2019	92	0.15268	0.14186	0.5	28832	4090	26787	130787	4.54
2015-2019	93	0.16988	0.15658	0.5	24742	3874	22805	104001	4.20
2015-2019	94	0.19314	0.17613	0.5	20868	3675	19030	81196	3.89
2015-2019	95	0.21047	0.19043	0.5	17192	3274	15555	62166	3.62
2015-2019	96	0.23412	0.20959	0.5	13918	2917	12460	46610	3.35
2015-2019	97	0.25956	0.22975	0.5	11001	2528	9738	34150	3.10
2015-2019	98	0.28674	0.25078	0.5	8474	2125	7411	24413	2.88
2015-2019	99	0.31554	0.27254	0.5	6349	1730	5484	17001	2.68
2015-2019	100	0.34584	0.29485	0.5	4618	1362	3938	11518	2.49
2015-2019	101	0.37744	0.31752	0.5	3257	1034	2740	7580	2.33
2015-2019	102	0.41011	0.34033	0.5	2223	756	1844	4841	2.18
2015-2019	103	0.44360	0.36307	0.5	1466	532	1200	2996	2.04
2015-2019	104	0.47761	0.38554	0.5	934	360	754	1796	1.92
2015-2019	105	0.51183	0.40754	0.5	574	234	457	1042	1.82
2015-2019	106	0.54594	0.42887	0.5	340	146	267	585	1.72
2015-2019	107	0.57963	0.44939	0.5	194	87	151	318	1.64
2015-2019	108	0.61258	0.46895	0.5	107	50	82	168	1.57
2015-2019	109	0.64454	0.48745	0.5	57	28	43	86	1.52
2015-2019	110+	0.67526	1.00000	1.48	29	29	43	43	1.48
