PA: Pennsylvania, Lifetables (period 5x1), Males Last modified: 20 Dec 2020, MPv5 (May07) 

Year	Age	mx	qx	ax	lx	dx	Lx	Tx	ex
1959	0	0.02859	0.02789	0.12	100000	2789	97551	6647626	66.48
1959	1-4	0.00105	0.00420	1.69	97211	408	387902	6550075	67.38
1959	5-9	0.00055	0.00275	2.28	96803	266	483292	6162173	63.66
1959	10-14	0.00051	0.00256	2.59	96537	247	482087	5678881	58.83
1959	15-19	0.00124	0.00620	2.8	96289	597	480135	5196794	53.97
1959	20-24	0.00155	0.00770	2.46	95692	737	476593	4716659	49.29
1959	25-29	0.00141	0.00704	2.59	94955	668	473168	4240066	44.65
1959	30-34	0.00171	0.00850	2.62	94287	802	469531	3766898	39.95
1959	35-39	0.00264	0.01313	2.66	93486	1228	464555	3297367	35.27
1959	40-44	0.00441	0.02183	2.73	92258	2014	456709	2832812	30.71
1959	45-49	0.00780	0.03831	2.69	90244	3457	443230	2376103	26.33
1959	50-54	0.01356	0.06568	2.65	86787	5700	420512	1932872	22.27
1959	55-59	0.01987	0.09493	2.65	81087	7697	387334	1512360	18.65
1959	60-64	0.02960	0.13815	2.59	73389	10138	342481	1125026	15.33
1959	65-69	0.04465	0.20139	2.57	63251	12738	285306	782545	12.37
1959	70-74	0.06369	0.27522	2.53	50513	13902	218294	497239	9.84
1959	75-79	0.09360	0.37813	2.46	36611	13844	147895	278945	7.62
1959	80-84	0.14015	0.51245	2.38	22767	11667	83249	131050	5.76
1959	85-89	0.20412	0.65213	2.23	11100	7239	35464	47801	4.31
1959	90-94	0.29579	0.79321	2.08	3861	3063	10355	12337	3.19
1959	95-99	0.39104	0.87396	1.84	798	698	1785	1982	2.48
1959	100-104	0.50295	0.93210	1.62	101	94	187	198	1.96
1959	105-109	0.61514	0.96363	1.44	7	7	11	11	1.62
1959	110+	0.70257	1.00000	1.42	0	0	0	0	1.42
1960	0	0.02785	0.02719	0.12	100000	2719	97607	6649343	66.49
1960	1-4	0.00103	0.00412	1.74	97281	400	388221	6551736	67.35
1960	5-9	0.00049	0.00245	2.38	96881	237	483782	6163515	63.62
1960	10-14	0.00047	0.00234	2.61	96644	226	482679	5679732	58.77
1960	15-19	0.00109	0.00544	2.95	96418	524	481014	5197054	53.90
1960	20-24	0.00149	0.00740	2.41	95893	710	477631	4716040	49.18
1960	25-29	0.00138	0.00687	2.51	95184	654	474287	4238410	44.53
1960	30-34	0.00163	0.00812	2.58	94530	767	470792	3764122	39.82
1960	35-39	0.00273	0.01354	2.72	93763	1270	465920	3293331	35.12
1960	40-44	0.00448	0.02219	2.7	92493	2052	457735	2827410	30.57
1960	45-49	0.00786	0.03861	2.69	90441	3492	444134	2369675	26.20
1960	50-54	0.01306	0.06339	2.69	86949	5512	421986	1925541	22.15
1960	55-59	0.02007	0.09578	2.62	81437	7800	388642	1503555	18.46
1960	60-64	0.03101	0.14442	2.62	73636	10634	342925	1114912	15.14
1960	65-69	0.04515	0.20344	2.57	63002	12817	283878	771987	12.25
1960	70-74	0.06606	0.28373	2.52	50185	14239	215549	488109	9.73
1960	75-79	0.09499	0.38251	2.46	35946	13750	144755	272560	7.58
1960	80-84	0.14040	0.51200	2.36	22196	11364	80942	127806	5.76
1960	85-89	0.20349	0.65059	2.23	10832	7047	34631	46863	4.33
1960	90-94	0.29113	0.78005	2.03	3785	2952	10141	12233	3.23
1960	95-99	0.38595	0.87015	1.84	832	724	1877	2092	2.51
1960	100-104	0.49541	0.92903	1.64	108	100	203	215	1.99
1960	105-109	0.60582	0.96159	1.45	8	7	12	13	1.64
1960	110+	0.69239	1.00000	1.44	0	0	0	0	1.44
1961	0	0.02684	0.02622	0.12	100000	2622	97685	6677903	66.78
1961	1-4	0.00095	0.00378	1.67	97378	368	388656	6580218	67.57
1961	5-9	0.00050	0.00250	2.33	97010	242	484404	6191562	63.82
1961	10-14	0.00048	0.00242	2.72	96768	234	483306	5707158	58.98
1961	15-19	0.00101	0.00501	2.96	96534	484	481680	5223852	54.11
1961	20-24	0.00152	0.00758	2.54	96050	728	478460	4742172	49.37
1961	25-29	0.00142	0.00708	2.57	95322	675	474967	4263712	44.73
1961	30-34	0.00166	0.00828	2.55	94647	783	471313	3788745	40.03
1961	35-39	0.00271	0.01344	2.75	93864	1262	466477	3317432	35.34
1961	40-44	0.00444	0.02196	2.77	92602	2034	458483	2850955	30.79
1961	45-49	0.00759	0.03729	2.69	90568	3377	445045	2392473	26.42
1961	50-54	0.01279	0.06209	2.64	87191	5414	423193	1947428	22.34
1961	55-59	0.01986	0.09482	2.63	81777	7754	390498	1524235	18.64
1961	60-64	0.02945	0.13758	2.62	74023	10184	345830	1133738	15.32
1961	65-69	0.04493	0.20252	2.57	63839	12929	287761	787908	12.34
1961	70-74	0.06446	0.27768	2.51	50910	14137	219303	500147	9.82
1961	75-79	0.09316	0.37739	2.49	36773	13878	148964	280844	7.64
1961	80-84	0.13887	0.50869	2.37	22895	11647	83869	131880	5.76
1961	85-89	0.20792	0.65814	2.21	11249	7403	35606	48011	4.27
1961	90-94	0.29086	0.78255	2.05	3846	3009	10346	12405	3.23
1961	95-99	0.39447	0.87647	1.83	836	733	1858	2059	2.46
1961	100-104	0.50795	0.93406	1.62	103	96	190	201	1.94
1961	105-109	0.62122	0.96490	1.43	7	7	11	11	1.60
1961	110+	0.70915	1.00000	1.41	0	0	0	0	1.41
1962	0	0.02731	0.02667	0.12	100000	2667	97649	6671409	66.71
1962	1-4	0.00083	0.00329	1.65	97333	321	388581	6573760	67.54
1962	5-9	0.00048	0.00239	2.38	97013	232	484456	6185179	63.76
1962	10-14	0.00049	0.00245	2.72	96781	237	483363	5700722	58.90
1962	15-19	0.00107	0.00534	2.96	96544	516	481666	5217360	54.04
1962	20-24	0.00146	0.00726	2.49	96028	698	478391	4735694	49.32
1962	25-29	0.00147	0.00731	2.46	95331	697	474884	4257302	44.66
1962	30-34	0.00164	0.00815	2.6	94634	771	471316	3782418	39.97
1962	35-39	0.00275	0.01368	2.66	93863	1284	466315	3311102	35.28
1962	40-44	0.00431	0.02136	2.7	92579	1978	458344	2844788	30.73
1962	45-49	0.00770	0.03785	2.68	90601	3429	445057	2386444	26.34
1962	50-54	0.01288	0.06255	2.69	87172	5453	423285	1941387	22.27
1962	55-59	0.01961	0.09375	2.67	81719	7661	390733	1518102	18.58
1962	60-64	0.02999	0.13991	2.61	74058	10361	345482	1127369	15.22
1962	65-69	0.04484	0.20177	2.52	63697	12852	286632	781887	12.28
1962	70-74	0.06531	0.28112	2.53	50845	14293	218869	495254	9.74
1962	75-79	0.09360	0.37863	2.48	36552	13839	147863	276385	7.56
1962	80-84	0.14265	0.51836	2.36	22712	11773	82532	128523	5.66
1962	85-89	0.21040	0.66566	2.24	10939	7282	34609	45991	4.20
1962	90-94	0.30437	0.80353	2.06	3657	2939	9655	11382	3.11
1962	95-99	0.40505	0.88364	1.81	719	635	1568	1726	2.40
1962	100-104	0.52068	0.93869	1.59	84	78	151	159	1.90
1962	105-109	0.63482	0.96754	1.41	5	5	8	8	1.57
1962	110+	0.72261	1.00000	1.38	0	0	0	0	1.38
1963	0	0.02728	0.02664	0.12	100000	2664	97651	6640653	66.41
1963	1-4	0.00095	0.00379	1.69	97336	369	388491	6543002	67.22
1963	5-9	0.00048	0.00242	2.26	96967	234	484196	6154510	63.47
1963	10-14	0.00046	0.00232	2.71	96733	224	483153	5670314	58.62
1963	15-19	0.00102	0.00508	2.76	96509	491	481445	5187161	53.75
1963	20-24	0.00143	0.00711	2.55	96018	682	478421	4705716	49.01
1963	25-29	0.00157	0.00784	2.48	95336	747	474799	4227295	44.34
1963	30-34	0.00181	0.00901	2.65	94589	852	470939	3752497	39.67
1963	35-39	0.00278	0.01383	2.73	93737	1296	465743	3281558	35.01
1963	40-44	0.00425	0.02103	2.69	92440	1944	457709	2815815	30.46
1963	45-49	0.00759	0.03727	2.64	90497	3373	444529	2358106	26.06
1963	50-54	0.01294	0.06277	2.64	87124	5469	422728	1913578	21.96
1963	55-59	0.02064	0.09839	2.63	81655	8034	389232	1490850	18.26
1963	60-64	0.03053	0.14217	2.59	73621	10466	342842	1101618	14.96
1963	65-69	0.04709	0.21082	2.52	63154	13314	282732	758776	12.01
1963	70-74	0.06800	0.29090	2.52	49840	14498	213214	476043	9.55
1963	75-79	0.09652	0.38584	2.4	35341	13636	141271	262829	7.44
1963	80-84	0.14472	0.52442	2.38	21705	11383	78654	121558	5.60
1963	85-89	0.21244	0.66715	2.21	10323	6887	32418	42904	4.16
1963	90-94	0.31079	0.80735	2.02	3436	2774	8925	10486	3.05
1963	95-99	0.41340	0.88905	1.8	662	588	1424	1560	2.36
1963	100-104	0.53103	0.94223	1.58	73	69	130	137	1.86
1963	105-109	0.64605	0.96957	1.39	4	4	6	7	1.54
1963	110+	0.73380	1.00000	1.36	0	0	0	0	1.36
1964	0	0.02647	0.02587	0.12	100000	2587	97713	6684204	66.84
1964	1-4	0.00081	0.00322	1.71	97413	313	388935	6586491	67.61
1964	5-9	0.00040	0.00200	2.41	97100	195	484995	6197556	63.83
1964	10-14	0.00043	0.00215	2.73	96905	208	484055	5712561	58.95
1964	15-19	0.00116	0.00576	2.76	96697	557	482239	5228506	54.07
1964	20-24	0.00145	0.00724	2.61	96140	696	479036	4746267	49.37
1964	25-29	0.00159	0.00792	2.55	95444	756	475368	4267231	44.71
1964	30-34	0.00181	0.00901	2.69	94688	853	471467	3791862	40.05
1964	35-39	0.00265	0.01319	2.68	93835	1237	466310	3320395	35.39
1964	40-44	0.00431	0.02135	2.64	92598	1977	458315	2854086	30.82
1964	45-49	0.00730	0.03591	2.68	90620	3254	445541	2395771	26.44
1964	50-54	0.01260	0.06122	2.66	87366	5348	424297	1950230	22.32
1964	55-59	0.01936	0.09258	2.65	82018	7593	392252	1525933	18.60
1964	60-64	0.03041	0.14170	2.6	74425	10546	346818	1133681	15.23
1964	65-69	0.04454	0.20089	2.56	63878	12832	288126	786862	12.32
1964	70-74	0.06613	0.28419	2.53	51046	14507	219371	498736	9.77
1964	75-79	0.09172	0.37021	2.4	36539	13527	147483	279365	7.65
1964	80-84	0.14103	0.51664	2.41	23012	11889	84304	131882	5.73
1964	85-89	0.20680	0.66131	2.27	11123	7356	35569	47578	4.28
1964	90-94	0.29464	0.78813	2.05	3767	2969	10077	12009	3.19
1964	95-99	0.40174	0.88156	1.82	798	704	1751	1932	2.42
1964	100-104	0.51788	0.93777	1.6	95	89	171	180	1.91
1964	105-109	0.63279	0.96719	1.41	6	6	9	9	1.57
1964	110+	0.72127	1.00000	1.39	0	0	0	0	1.39
1965	0	0.02601	0.02543	0.11	100000	2543	97749	6660577	66.61
1965	1-4	0.00092	0.00365	1.65	97457	356	388994	6562828	67.34
1965	5-9	0.00050	0.00249	2.32	97101	241	484858	6173834	63.58
1965	10-14	0.00047	0.00237	2.63	96860	230	483754	5688976	58.73
1965	15-19	0.00126	0.00631	2.71	96630	609	481757	5205221	53.87
1965	20-24	0.00159	0.00793	2.42	96021	762	478138	4723464	49.19
1965	25-29	0.00151	0.00751	2.49	95259	716	474501	4245326	44.57
1965	30-34	0.00183	0.00911	2.63	94543	861	470677	3770825	39.88
1965	35-39	0.00276	0.01370	2.56	93682	1284	465273	3300148	35.23
1965	40-44	0.00433	0.02143	2.65	92398	1980	457330	2834875	30.68
1965	45-49	0.00732	0.03601	2.72	90418	3256	444669	2377545	26.30
1965	50-54	0.01266	0.06152	2.69	87162	5362	423447	1932876	22.18
1965	55-59	0.02016	0.09618	2.62	81800	7867	390311	1509430	18.45
1965	60-64	0.03090	0.14385	2.6	73933	10635	344147	1119119	15.14
1965	65-69	0.04559	0.20529	2.58	63298	12994	285033	774972	12.24
1965	70-74	0.06637	0.28577	2.57	50303	14375	216606	489939	9.74
1965	75-79	0.09334	0.37701	2.45	35928	13545	145123	273333	7.61
1965	80-84	0.14141	0.51453	2.35	22383	11517	81442	128210	5.73
1965	85-89	0.20577	0.65360	2.21	10866	7102	34515	46768	4.30
1965	90-94	0.28884	0.77713	2.03	3764	2925	10127	12253	3.26
1965	95-99	0.38258	0.86748	1.85	839	728	1902	2126	2.53
1965	100-104	0.48971	0.92658	1.65	111	103	210	224	2.01
1965	105-109	0.59826	0.95983	1.46	8	8	13	14	1.66
1965	110+	0.68374	1.00000	1.46	0	0	0	0	1.46
1966	0	0.02469	0.02416	0.11	100000	2416	97853	6661843	66.62
1966	1-4	0.00082	0.00329	1.66	97584	321	389585	6563991	67.27
1966	5-9	0.00045	0.00227	2.36	97263	221	485730	6174406	63.48
1966	10-14	0.00043	0.00217	2.78	97042	210	484742	5688676	58.62
1966	15-19	0.00140	0.00697	2.85	96832	675	482706	5203934	53.74
1966	20-24	0.00164	0.00816	2.56	96157	785	478869	4721228	49.10
1966	25-29	0.00162	0.00806	2.51	95372	769	474945	4242359	44.48
1966	30-34	0.00175	0.00872	2.62	94604	825	471054	3767414	39.82
1966	35-39	0.00270	0.01344	2.69	93779	1260	465988	3296360	35.15
1966	40-44	0.00444	0.02198	2.68	92519	2033	457881	2830372	30.59
1966	45-49	0.00744	0.03656	2.72	90485	3308	444868	2372491	26.22
1966	50-54	0.01270	0.06164	2.65	87177	5374	423272	1927623	22.11
1966	55-59	0.02037	0.09720	2.65	81804	7952	390299	1504351	18.39
1966	60-64	0.03068	0.14270	2.56	73852	10539	343500	1114052	15.08
1966	65-69	0.04680	0.20985	2.54	63313	13286	283917	770552	12.17
1966	70-74	0.06559	0.28263	2.55	50027	14139	215550	486635	9.73
1966	75-79	0.09483	0.38093	2.42	35888	13671	144157	271085	7.55
1966	80-84	0.14146	0.51699	2.4	22217	11486	81196	126928	5.71
1966	85-89	0.21019	0.66582	2.25	10731	7145	33993	45733	4.26
1966	90-94	0.28428	0.77407	2.06	3586	2776	9764	11740	3.27
1966	95-99	0.39867	0.87934	1.82	810	712	1787	1975	2.44
1966	100-104	0.51279	0.93585	1.61	98	91	178	188	1.93
1966	105-109	0.62623	0.96589	1.42	6	6	10	10	1.59
1966	110+	0.71400	1.00000	1.4	0	0	0	0	1.40
1967	0	0.02441	0.02389	0.11	100000	2389	97875	6673488	66.73
1967	1-4	0.00081	0.00324	1.62	97611	316	389691	6575613	67.37
1967	5-9	0.00050	0.00248	2.35	97295	241	485836	6185923	63.58
1967	10-14	0.00042	0.00209	2.82	97054	203	484825	5700087	58.73
1967	15-19	0.00140	0.00698	2.92	96851	676	482849	5215262	53.85
1967	20-24	0.00171	0.00849	2.57	96174	817	478885	4732412	49.21
1967	25-29	0.00170	0.00845	2.51	95358	806	474784	4253527	44.61
1967	30-34	0.00195	0.00973	2.62	94552	920	470566	3778743	39.96
1967	35-39	0.00282	0.01400	2.74	93632	1311	465197	3308176	35.33
1967	40-44	0.00459	0.02270	2.69	92321	2096	456769	2842979	30.79
1967	45-49	0.00730	0.03591	2.67	90225	3240	443591	2386210	26.45
1967	50-54	0.01271	0.06172	2.69	86985	5368	422517	1942619	22.33
1967	55-59	0.01958	0.09367	2.68	81617	7645	390366	1520103	18.62
1967	60-64	0.03049	0.14205	2.6	73972	10508	344665	1129736	15.27
1967	65-69	0.04375	0.19773	2.57	63464	12549	286831	785072	12.37
1967	70-74	0.06552	0.28164	2.51	50915	14340	218850	498241	9.79
1967	75-79	0.09389	0.37851	2.44	36575	13844	147449	279390	7.64
1967	80-84	0.13946	0.51171	2.4	22731	11632	83404	131941	5.80
1967	85-89	0.19879	0.64173	2.24	11099	7123	35831	48537	4.37
1967	90-94	0.29606	0.79139	2.06	3977	3147	10629	12706	3.20
1967	95-99	0.38744	0.87142	1.84	830	723	1866	2077	2.50
1967	100-104	0.49895	0.93056	1.63	107	99	199	211	1.98
1967	105-109	0.61112	0.96280	1.44	7	7	12	12	1.63
1967	110+	0.69875	1.00000	1.43	0	0	0	0	1.43
1968	0	0.02439	0.02387	0.11	100000	2387	97877	6629298	66.29
1968	1-4	0.00086	0.00344	1.7	97613	336	389678	6531422	66.91
1968	5-9	0.00054	0.00272	2.27	97277	265	485664	6141744	63.14
1968	10-14	0.00044	0.00219	2.49	97013	212	484531	5656080	58.30
1968	15-19	0.00149	0.00744	3.02	96800	720	482578	5171549	53.42
1968	20-24	0.00187	0.00932	2.38	96080	896	478057	4688971	48.80
1968	25-29	0.00182	0.00904	2.52	95184	860	473791	4210914	44.24
1968	30-34	0.00216	0.01074	2.53	94324	1013	469116	3737123	39.62
1968	35-39	0.00291	0.01444	2.72	93311	1348	463484	3268008	35.02
1968	40-44	0.00461	0.02280	2.66	91963	2097	454918	2804524	30.50
1968	45-49	0.00733	0.03605	2.72	89866	3240	441939	2349606	26.15
1968	50-54	0.01245	0.06052	2.68	86626	5243	420965	1907667	22.02
1968	55-59	0.02002	0.09562	2.66	81383	7782	388679	1486702	18.27
1968	60-64	0.03188	0.14813	2.62	73601	10902	342011	1098024	14.92
1968	65-69	0.04605	0.20673	2.53	62698	12962	281482	756012	12.06
1968	70-74	0.06861	0.29291	2.51	49737	14568	212349	474530	9.54
1968	75-79	0.09831	0.39231	2.43	35168	13797	140341	262181	7.46
1968	80-84	0.14298	0.51930	2.37	21371	11098	77620	121840	5.70
1968	85-89	0.20291	0.65292	2.27	10273	6708	33056	44220	4.30
1968	90-94	0.30274	0.79432	2.01	3566	2832	9355	11164	3.13
1968	95-99	0.39392	0.87590	1.83	733	642	1631	1809	2.47
1968	100-104	0.50558	0.93305	1.62	91	85	168	178	1.95
1968	105-109	0.61725	0.96404	1.43	6	6	10	10	1.61
1968	110+	0.70420	1.00000	1.42	0	0	0	0	1.42
1969	0	0.02416	0.02365	0.11	100000	2365	97895	6671103	66.71
1969	1-4	0.00084	0.00336	1.76	97635	328	389803	6573209	67.32
1969	5-9	0.00047	0.00235	2.45	97307	229	485950	6183405	63.55
1969	10-14	0.00040	0.00197	2.84	97078	192	484974	5697455	58.69
1969	15-19	0.00149	0.00741	2.87	96886	718	482900	5212481	53.80
1969	20-24	0.00184	0.00917	2.47	96168	882	478606	4729580	49.18
1969	25-29	0.00174	0.00869	2.54	95286	828	474389	4250974	44.61
1969	30-34	0.00181	0.00901	2.64	94458	851	470285	3776585	39.98
1969	35-39	0.00281	0.01398	2.71	93607	1309	465037	3306300	35.32
1969	40-44	0.00466	0.02305	2.68	92299	2128	456551	2841262	30.78
1969	45-49	0.00786	0.03859	2.63	90171	3479	442624	2384712	26.45
1969	50-54	0.01216	0.05911	2.66	86692	5124	421468	1942088	22.40
1969	55-59	0.01957	0.09358	2.66	81568	7633	390012	1520620	18.64
1969	60-64	0.03016	0.14073	2.63	73934	10405	345025	1130608	15.29
1969	65-69	0.04353	0.19682	2.57	63530	12504	287222	785583	12.37
1969	70-74	0.06539	0.28122	2.51	51026	14349	219431	498361	9.77
1969	75-79	0.09557	0.38360	2.43	36677	14069	147204	278931	7.61
1969	80-84	0.13702	0.50438	2.39	22608	11403	83222	131726	5.83
1969	85-89	0.20344	0.65378	2.27	11205	7325	36007	48505	4.33
1969	90-94	0.29101	0.78090	2.03	3879	3029	10410	12497	3.22
1969	95-99	0.39546	0.87738	1.83	850	746	1886	2087	2.46
1969	100-104	0.51120	0.93540	1.61	104	97	191	201	1.93
1969	105-109	0.62640	0.96600	1.42	7	7	10	11	1.59
1969	110+	0.71546	1.00000	1.4	0	0	0	0	1.40
1970	0	0.02321	0.02274	0.11	100000	2274	97970	6685779	66.86
1970	1-4	0.00079	0.00315	1.73	97726	308	390204	6587810	67.41
1970	5-9	0.00051	0.00253	2.42	97418	247	486452	6197605	63.62
1970	10-14	0.00045	0.00225	2.72	97171	218	485357	5711154	58.77
1970	15-19	0.00133	0.00662	2.86	96952	642	483386	5225797	53.90
1970	20-24	0.00208	0.01033	2.41	96310	994	478976	4742411	49.24
1970	25-29	0.00167	0.00832	2.58	95316	793	474662	4263435	44.73
1970	30-34	0.00213	0.01059	2.55	94523	1001	470167	3788773	40.08
1970	35-39	0.00288	0.01430	2.65	93522	1337	464475	3318606	35.48
1970	40-44	0.00474	0.02347	2.71	92185	2163	455968	2854130	30.96
1970	45-49	0.00729	0.03583	2.68	90022	3225	442620	2398162	26.64
1970	50-54	0.01190	0.05789	2.69	86797	5024	422363	1955542	22.53
1970	55-59	0.01926	0.09210	2.62	81772	7531	390968	1533179	18.75
1970	60-64	0.03005	0.14028	2.63	74241	10414	346567	1142211	15.39
1970	65-69	0.04411	0.19907	2.55	63827	12706	288040	795644	12.47
1970	70-74	0.06395	0.27611	2.53	51121	14115	220701	507604	9.93
1970	75-79	0.09414	0.38038	2.48	37006	14076	149518	286903	7.75
1970	80-84	0.13247	0.49265	2.4	22929	11296	85275	137385	5.99
1970	85-89	0.19454	0.63357	2.25	11633	7370	37887	52110	4.48
1970	90-94	0.28122	0.77583	2.11	4263	3307	11760	14223	3.34
1970	95-99	0.37537	0.86260	1.87	956	824	2196	2462	2.58
1970	100-104	0.48608	0.92542	1.65	131	122	250	266	2.03
1970	105-109	0.59868	0.96012	1.46	10	9	16	16	1.66
1970	110+	0.68726	1.00000	1.46	0	0	1	1	1.46
1971	0	0.02037	0.02001	0.1	100000	2001	98199	6717406	67.17
1971	1-4	0.00074	0.00297	1.8	97999	291	391357	6619207	67.54
1971	5-9	0.00046	0.00229	2.35	97708	224	487950	6227850	63.74
1971	10-14	0.00045	0.00222	2.65	97485	217	486915	5739900	58.88
1971	15-19	0.00134	0.00669	2.84	97268	651	484935	5252985	54.01
1971	20-24	0.00214	0.01067	2.52	96617	1031	480528	4768050	49.35
1971	25-29	0.00173	0.00861	2.48	95586	823	475856	4287522	44.86
1971	30-34	0.00207	0.01032	2.68	94763	978	471549	3811666	40.22
1971	35-39	0.00297	0.01476	2.58	93785	1385	465571	3340116	35.61
1971	40-44	0.00421	0.02085	2.66	92400	1927	457501	2874545	31.11
1971	45-49	0.00729	0.03582	2.65	90474	3241	444754	2417044	26.72
1971	50-54	0.01173	0.05710	2.7	87233	4981	424702	1972289	22.61
1971	55-59	0.01940	0.09280	2.67	82252	7633	393442	1547587	18.82
1971	60-64	0.02948	0.13790	2.66	74619	10290	349024	1154145	15.47
1971	65-69	0.04358	0.19701	2.56	64329	12674	290781	805121	12.52
1971	70-74	0.06280	0.27141	2.5	51655	14020	223233	514340	9.96
1971	75-79	0.09370	0.37862	2.47	37636	14250	152080	291107	7.73
1971	80-84	0.13297	0.49204	2.36	23386	11507	86540	139027	5.94
1971	85-89	0.19883	0.64329	2.26	11879	7642	38433	52487	4.42
1971	90-94	0.28226	0.77304	2.07	4237	3276	11605	14053	3.32
1971	95-99	0.38034	0.86638	1.86	962	833	2191	2448	2.55
1971	100-104	0.49214	0.92795	1.64	129	119	242	258	2.00
1971	105-109	0.60528	0.96160	1.45	9	9	15	15	1.64
1971	110+	0.69395	1.00000	1.44	0	0	1	1	1.44
1972	0	0.01940	0.01907	0.1	100000	1907	98278	6733428	67.33
1972	1-4	0.00073	0.00290	1.7	98093	284	391718	6635150	67.64
1972	5-9	0.00042	0.00210	2.24	97809	205	488479	6243431	63.83
1972	10-14	0.00039	0.00193	2.92	97604	188	487628	5754952	58.96
1972	15-19	0.00124	0.00620	2.94	97416	604	485832	5267324	54.07
1972	20-24	0.00197	0.00978	2.43	96812	946	481624	4781491	49.39
1972	25-29	0.00182	0.00904	2.57	95865	866	477223	4299868	44.85
1972	30-34	0.00202	0.01003	2.68	94999	953	472784	3822645	40.24
1972	35-39	0.00264	0.01311	2.55	94046	1233	467201	3349861	35.62
1972	40-44	0.00429	0.02124	2.74	92813	1972	459601	2882659	31.06
1972	45-49	0.00763	0.03750	2.69	90841	3406	446330	2423059	26.67
1972	50-54	0.01162	0.05654	2.61	87435	4943	425374	1976728	22.61
1972	55-59	0.01897	0.09082	2.67	82491	7492	395026	1551355	18.81
1972	60-64	0.02920	0.13634	2.58	74999	10226	350220	1156329	15.42
1972	65-69	0.04312	0.19499	2.55	64774	12630	292894	806109	12.44
1972	70-74	0.06475	0.27893	2.52	52144	14544	224617	513215	9.84
1972	75-79	0.09856	0.39364	2.44	37600	14801	150173	288598	7.68
1972	80-84	0.13025	0.48540	2.38	22799	11067	84967	138425	6.07
1972	85-89	0.19227	0.63102	2.28	11732	7403	38505	53458	4.56
1972	90-94	0.26902	0.75587	2.1	4329	3272	12163	14953	3.45
1972	95-99	0.36556	0.85475	1.89	1057	903	2471	2790	2.64
1972	100-104	0.47339	0.91981	1.68	154	141	298	319	2.08
1972	105-109	0.58419	0.95665	1.49	12	12	20	21	1.70
1972	110+	0.67207	1.00000	1.49	1	1	1	1	1.49
1973	0	0.01913	0.01881	0.1	100000	1881	98301	6742466	67.42
1973	1-4	0.00080	0.00318	1.71	98119	312	391764	6644166	67.72
1973	5-9	0.00039	0.00196	2.39	97808	191	488538	6252401	63.93
1973	10-14	0.00052	0.00261	2.79	97616	255	487518	5763864	59.05
1973	15-19	0.00147	0.00733	2.85	97361	714	485275	5276346	54.19
1973	20-24	0.00185	0.00922	2.49	96648	892	481001	4791070	49.57
1973	25-29	0.00171	0.00852	2.42	95756	816	476678	4310069	45.01
1973	30-34	0.00194	0.00966	2.62	94940	917	472515	3833391	40.38
1973	35-39	0.00290	0.01441	2.62	94023	1355	466887	3360876	35.75
1973	40-44	0.00452	0.02236	2.65	92669	2072	458480	2893989	31.23
1973	45-49	0.00747	0.03671	2.67	90596	3326	445240	2435509	26.88
1973	50-54	0.01134	0.05522	2.64	87270	4819	424959	1990269	22.81
1973	55-59	0.01830	0.08775	2.67	82451	7235	395365	1565310	18.98
1973	60-64	0.02908	0.13591	2.6	75216	10223	351588	1169945	15.55
1973	65-69	0.04249	0.19261	2.57	64993	12518	294585	818357	12.59
1973	70-74	0.06359	0.27445	2.51	52475	14402	226492	523772	9.98
1973	75-79	0.09160	0.37178	2.47	38073	14155	154534	297279	7.81
1973	80-84	0.13500	0.49920	2.39	23918	11940	88447	142745	5.97
1973	85-89	0.19318	0.63178	2.26	11978	7568	39173	54299	4.53
1973	90-94	0.27207	0.76417	2.13	4411	3370	12389	15125	3.43
1973	95-99	0.36713	0.85575	1.88	1040	890	2425	2737	2.63
1973	100-104	0.47299	0.91945	1.68	150	138	292	312	2.08
1973	105-109	0.58174	0.95594	1.49	12	12	20	21	1.71
1973	110+	0.66811	1.00000	1.5	1	1	1	1	1.50
1974	0	0.01928	0.01895	0.1	100000	1895	98288	6796922	67.97
1974	1-4	0.00074	0.00297	1.75	98105	292	391762	6698634	68.28
1974	5-9	0.00040	0.00199	2.48	97813	195	488574	6306872	64.48
1974	10-14	0.00042	0.00208	2.79	97618	203	487639	5818299	59.60
1974	15-19	0.00142	0.00710	2.83	97415	692	485574	5330659	54.72
1974	20-24	0.00184	0.00915	2.52	96723	885	481416	4845085	50.09
1974	25-29	0.00173	0.00859	2.46	95838	824	477099	4363669	45.53
1974	30-34	0.00200	0.00993	2.61	95014	944	472818	3886570	40.91
1974	35-39	0.00263	0.01306	2.69	94071	1228	467517	3413752	36.29
1974	40-44	0.00431	0.02135	2.64	92843	1982	459533	2946235	31.73
1974	45-49	0.00717	0.03524	2.67	90860	3202	446841	2486703	27.37
1974	50-54	0.01073	0.05235	2.67	87658	4589	427612	2039862	23.27
1974	55-59	0.01740	0.08358	2.65	83069	6943	399059	1612250	19.41
1974	60-64	0.02680	0.12601	2.63	76126	9592	357874	1213191	15.94
1974	65-69	0.04116	0.18722	2.59	66534	12457	302609	855317	12.86
1974	70-74	0.06212	0.26946	2.54	54077	14572	234568	552708	10.22
1974	75-79	0.08802	0.36054	2.49	39505	14243	161811	318141	8.05
1974	80-84	0.12767	0.47961	2.41	25262	12116	94901	156329	6.19
1974	85-89	0.18537	0.61441	2.26	13146	8077	43574	61429	4.67
1974	90-94	0.26266	0.74453	2.09	5069	3774	14369	17855	3.52
1974	95-99	0.35784	0.84842	1.9	1295	1099	3070	3486	2.69
1974	100-104	0.46454	0.91574	1.69	196	180	387	416	2.12
1974	105-109	0.57498	0.95434	1.5	17	16	27	29	1.73
1974	110+	0.66298	1.00000	1.51	1	1	1	1	1.51
1975	0	0.01872	0.01841	0.1	100000	1841	98334	6840539	68.41
1975	1-4	0.00069	0.00277	1.77	98159	272	392028	6742205	68.69
1975	5-9	0.00041	0.00204	2.4	97887	200	488914	6350177	64.87
1975	10-14	0.00040	0.00201	2.76	97687	196	487994	5861264	60.00
1975	15-19	0.00129	0.00643	2.99	97490	627	486192	5373270	55.12
1975	20-24	0.00186	0.00928	2.51	96864	899	482081	4887078	50.45
1975	25-29	0.00179	0.00892	2.43	95965	856	477623	4404997	45.90
1975	30-34	0.00184	0.00918	2.51	95109	873	473369	3927374	41.29
1975	35-39	0.00264	0.01309	2.63	94236	1234	468258	3454005	36.65
1975	40-44	0.00401	0.01986	2.66	93002	1847	460686	2985747	32.10
1975	45-49	0.00664	0.03273	2.73	91155	2983	448996	2525061	27.70
1975	50-54	0.01039	0.05070	2.68	88172	4471	430492	2076065	23.55
1975	55-59	0.01660	0.07988	2.63	83701	6686	402677	1645573	19.66
1975	60-64	0.02670	0.12555	2.63	77015	9669	362149	1242896	16.14
1975	65-69	0.03975	0.18117	2.56	67346	12201	306968	880747	13.08
1975	70-74	0.05981	0.26049	2.52	55145	14365	240157	573779	10.40
1975	75-79	0.08714	0.35810	2.51	40780	14603	167589	333622	8.18
1975	80-84	0.12316	0.46671	2.41	26177	12217	99201	166033	6.34
1975	85-89	0.17951	0.59935	2.23	13960	8367	46608	66832	4.79
1975	90-94	0.25655	0.74402	2.18	5593	4161	16220	20224	3.62
1975	95-99	0.34314	0.83545	1.93	1432	1196	3486	4004	2.80
1975	100-104	0.44612	0.90648	1.73	236	214	479	518	2.20
1975	105-109	0.55422	0.94860	1.53	22	21	38	39	1.79
1975	110+	0.64121	1.00000	1.56	1	1	2	2	1.56
1976	0	0.01735	0.01708	0.09	100000	1708	98448	6876272	68.76
1976	1-4	0.00066	0.00262	1.71	98292	257	392580	6777824	68.96
1976	5-9	0.00039	0.00195	2.3	98035	191	489658	6385243	65.13
1976	10-14	0.00041	0.00205	2.85	97844	201	488787	5895586	60.26
1976	15-19	0.00119	0.00593	2.91	97643	579	487003	5406799	55.37
1976	20-24	0.00174	0.00868	2.39	97064	843	483118	4919796	50.69
1976	25-29	0.00155	0.00772	2.46	96222	743	479217	4436678	46.11
1976	30-34	0.00170	0.00845	2.68	95478	807	475523	3957461	41.45
1976	35-39	0.00247	0.01226	2.65	94671	1161	470622	3481938	36.78
1976	40-44	0.00393	0.01945	2.72	93510	1819	463394	3011317	32.20
1976	45-49	0.00643	0.03166	2.63	91691	2903	451579	2547923	27.79
1976	50-54	0.01022	0.04991	2.62	88788	4431	433410	2096344	23.61
1976	55-59	0.01657	0.07975	2.65	84357	6727	405949	1662934	19.71
1976	60-64	0.02631	0.12388	2.64	77629	9617	365482	1256985	16.19
1976	65-69	0.03950	0.18026	2.58	68012	12260	310400	891503	13.11
1976	70-74	0.05794	0.25302	2.5	55753	14107	243485	581103	10.42
1976	75-79	0.08732	0.35716	2.45	41646	14874	170340	337617	8.11
1976	80-84	0.12611	0.47501	2.4	26771	12717	100837	167278	6.25
1976	85-89	0.18086	0.60582	2.28	14055	8515	47079	66441	4.73
1976	90-94	0.26713	0.75732	2.14	5540	4196	15706	19362	3.49
1976	95-99	0.35385	0.84507	1.91	1344	1136	3211	3656	2.72
1976	100-104	0.46022	0.91370	1.7	208	190	414	445	2.14
1976	105-109	0.57071	0.95325	1.51	18	17	30	31	1.74
1976	110+	0.65895	1.00000	1.52	1	1	1	1	1.52
1977	0	0.01622	0.01598	0.09	100000	1598	98543	6911391	69.11
1977	1-4	0.00060	0.00240	1.68	98402	236	393060	6812848	69.23
1977	5-9	0.00035	0.00175	2.28	98166	171	490361	6419788	65.40
1977	10-14	0.00036	0.00181	2.74	97994	178	489569	5929427	60.51
1977	15-19	0.00121	0.00601	2.96	97816	588	487882	5439858	55.61
1977	20-24	0.00174	0.00866	2.52	97228	842	484053	4951976	50.93
1977	25-29	0.00156	0.00777	2.54	96387	749	480093	4467923	46.35
1977	30-34	0.00193	0.00962	2.59	95638	920	475969	3987830	41.70
1977	35-39	0.00250	0.01240	2.57	94718	1175	470735	3511861	37.08
1977	40-44	0.00383	0.01897	2.82	93543	1775	463852	3041126	32.51
1977	45-49	0.00660	0.03249	2.7	91768	2982	451991	2577274	28.08
1977	50-54	0.01011	0.04939	2.68	88787	4385	433756	2125283	23.94
1977	55-59	0.01548	0.07466	2.62	84401	6301	407017	1691527	20.04
1977	60-64	0.02532	0.11947	2.64	78100	9331	368481	1284509	16.45
1977	65-69	0.03916	0.17891	2.59	68769	12304	314191	916028	13.32
1977	70-74	0.05669	0.24919	2.57	56466	14071	248206	601837	10.66
1977	75-79	0.08346	0.34478	2.48	42395	14617	175129	353631	8.34
1977	80-84	0.12008	0.45842	2.42	27778	12734	106042	178503	6.43
1977	85-89	0.17814	0.59977	2.28	15044	9023	50650	72460	4.82
1977	90-94	0.25401	0.73185	2.1	6021	4407	17348	21810	3.62
1977	95-99	0.34733	0.83963	1.92	1615	1356	3903	4462	2.76
1977	100-104	0.45458	0.91110	1.71	259	236	519	559	2.16
1977	105-109	0.56656	0.95224	1.51	23	22	39	40	1.75
1977	110+	0.65619	1.00000	1.52	1	1	2	2	1.52
1978	0	0.01548	0.01526	0.09	100000	1526	98606	6933754	69.34
1978	1-4	0.00060	0.00238	1.75	98474	235	393366	6835148	69.41
1978	5-9	0.00041	0.00203	2.27	98239	199	490652	6441782	65.57
1978	10-14	0.00035	0.00175	2.74	98040	172	489812	5951130	60.70
1978	15-19	0.00123	0.00611	2.9	97868	598	488085	5461318	55.80
1978	20-24	0.00172	0.00855	2.49	97270	832	484265	4973234	51.13
1978	25-29	0.00157	0.00783	2.45	96438	755	480269	4488969	46.55
1978	30-34	0.00160	0.00797	2.52	95683	763	476525	4008700	41.90
1978	35-39	0.00246	0.01221	2.59	94921	1159	471808	3532175	37.21
1978	40-44	0.00357	0.01770	2.71	93761	1660	465003	3060366	32.64
1978	45-49	0.00622	0.03064	2.68	92102	2822	453962	2595363	28.18
1978	50-54	0.01034	0.05050	2.67	89279	4508	435898	2141401	23.99
1978	55-59	0.01559	0.07526	2.69	84771	6380	409110	1705503	20.12
1978	60-64	0.02534	0.11963	2.66	78392	9378	370026	1296393	16.54
1978	65-69	0.03774	0.17283	2.57	69014	11928	316067	926368	13.42
1978	70-74	0.05639	0.24759	2.54	57086	14134	250661	610301	10.69
1978	75-79	0.08271	0.34155	2.45	42952	14670	177375	359640	8.37
1978	80-84	0.11934	0.45589	2.41	28282	12893	108035	182265	6.44
1978	85-89	0.17664	0.59902	2.31	15389	9218	52186	74229	4.82
1978	90-94	0.25794	0.74257	2.14	6171	4582	17764	22043	3.57
1978	95-99	0.35702	0.84845	1.91	1588	1348	3775	4279	2.69
1978	100-104	0.46980	0.91868	1.69	241	221	471	504	2.09
1978	105-109	0.58623	0.95744	1.48	20	19	32	33	1.70
1978	110+	0.67843	1.00000	1.47	1	1	1	1	1.47
1979	0	0.01483	0.01463	0.08	100000	1463	98661	6982253	69.82
1979	1-4	0.00059	0.00236	1.84	98537	233	393646	6883591	69.86
1979	5-9	0.00029	0.00145	2.19	98304	142	491124	6489945	66.02
1979	10-14	0.00037	0.00184	2.86	98162	180	490427	5998821	61.11
1979	15-19	0.00122	0.00607	2.89	97982	595	488655	5508395	56.22
1979	20-24	0.00178	0.00885	2.45	97387	862	484738	5019740	51.54
1979	25-29	0.00171	0.00850	2.52	96526	821	480589	4535001	46.98
1979	30-34	0.00174	0.00868	2.57	95705	831	476504	4054412	42.36
1979	35-39	0.00233	0.01157	2.61	94874	1097	471752	3577908	37.71
1979	40-44	0.00358	0.01775	2.79	93777	1664	465207	3106156	33.12
1979	45-49	0.00571	0.02818	2.64	92112	2595	454440	2640949	28.67
1979	50-54	0.00978	0.04784	2.69	89517	4282	437701	2186509	24.43
1979	55-59	0.01486	0.07181	2.65	85235	6121	411814	1748808	20.52
1979	60-64	0.02385	0.11287	2.64	79114	8930	374476	1336994	16.90
1979	65-69	0.03603	0.16581	2.6	70185	11637	322966	962518	13.71
1979	70-74	0.05448	0.24019	2.54	58547	14062	258111	639552	10.92
1979	75-79	0.08062	0.33486	2.47	44485	14896	184777	381442	8.57
1979	80-84	0.11673	0.44894	2.43	29589	13284	113800	196665	6.65
1979	85-89	0.16588	0.57297	2.3	16305	9342	56321	82865	5.08
1979	90-94	0.24104	0.71899	2.19	6963	5006	20769	26544	3.81
1979	95-99	0.32315	0.81632	1.97	1957	1597	4943	5775	2.95
1979	100-104	0.42237	0.89324	1.77	359	321	760	832	2.32
1979	105-109	0.52844	0.94058	1.58	38	36	68	72	1.88
1979	110+	0.61472	1.00000	1.63	2	2	4	4	1.63
1980	0	0.01467	0.01448	0.08	100000	1448	98674	6960947	69.61
1980	1-4	0.00063	0.00251	1.64	98552	248	393625	6862273	69.63
1980	5-9	0.00030	0.00149	2.37	98305	146	491138	6468648	65.80
1980	10-14	0.00031	0.00153	2.81	98158	150	490463	5977509	60.90
1980	15-19	0.00125	0.00621	2.99	98008	609	488814	5487047	55.99
1980	20-24	0.00187	0.00933	2.53	97399	908	484756	4998232	51.32
1980	25-29	0.00164	0.00815	2.4	96491	786	480411	4513477	46.78
1980	30-34	0.00180	0.00897	2.55	95705	858	476420	4033066	42.14
1980	35-39	0.00226	0.01124	2.59	94846	1066	471658	3556646	37.50
1980	40-44	0.00340	0.01686	2.7	93780	1581	465263	3084988	32.90
1980	45-49	0.00590	0.02912	2.68	92199	2685	454761	2619725	28.41
1980	50-54	0.00937	0.04586	2.66	89514	4105	437966	2164963	24.19
1980	55-59	0.01490	0.07195	2.63	85409	6145	412488	1726997	20.22
1980	60-64	0.02428	0.11478	2.62	79264	9098	374688	1314509	16.58
1980	65-69	0.03744	0.17156	2.57	70166	12038	321540	939821	13.39
1980	70-74	0.05669	0.24859	2.53	58128	14450	254903	618282	10.64
1980	75-79	0.08245	0.34111	2.47	43678	14899	180716	363378	8.32
1980	80-84	0.12208	0.46487	2.44	28779	13378	109588	182662	6.35
1980	85-89	0.18135	0.60847	2.3	15401	9371	51672	73074	4.74
1980	90-94	0.26000	0.74875	2.17	6030	4515	17364	21402	3.55
1980	95-99	0.36137	0.85196	1.9	1515	1291	3572	4037	2.66
1980	100-104	0.47399	0.92051	1.68	224	206	436	466	2.08
1980	105-109	0.58982	0.95826	1.48	18	17	29	30	1.69
1980	110+	0.68136	1.00000	1.47	1	1	1	1	1.47
1981	0	0.01325	0.01309	0.08	100000	1309	98796	7025073	70.25
1981	1-4	0.00058	0.00233	1.75	98691	230	394246	6926277	70.18
1981	5-9	0.00022	0.00108	2.36	98461	107	492024	6532031	66.34
1981	10-14	0.00032	0.00159	2.68	98354	156	491409	6040006	61.41
1981	15-19	0.00111	0.00551	2.94	98198	541	489876	5548598	56.50
1981	20-24	0.00162	0.00809	2.47	97657	790	486285	5058722	51.80
1981	25-29	0.00173	0.00862	2.52	96867	835	482266	4572437	47.20
1981	30-34	0.00175	0.00873	2.63	96032	839	478170	4090171	42.59
1981	35-39	0.00215	0.01069	2.65	95193	1017	473575	3612001	37.94
1981	40-44	0.00362	0.01797	2.71	94175	1692	467006	3138426	33.33
1981	45-49	0.00552	0.02723	2.73	92483	2519	456687	2671420	28.89
1981	50-54	0.00928	0.04545	2.68	89964	4089	440355	2214733	24.62
1981	55-59	0.01470	0.07103	2.63	85876	6100	414897	1774378	20.66
1981	60-64	0.02266	0.10753	2.63	79776	8578	378563	1359481	17.04
1981	65-69	0.03555	0.16373	2.59	71198	11657	327933	980918	13.78
1981	70-74	0.05432	0.23977	2.55	59541	14276	262796	652984	10.97
1981	75-79	0.07845	0.32710	2.46	45265	14806	188742	390189	8.62
1981	80-84	0.11626	0.44677	2.41	30459	13608	117052	201447	6.61
1981	85-89	0.16777	0.57843	2.32	16851	9747	58097	84395	5.01
1981	90-94	0.24855	0.73110	2.18	7104	5194	20895	26298	3.70
1981	95-99	0.33839	0.83167	1.94	1910	1589	4695	5403	2.83
1981	100-104	0.44537	0.90652	1.73	322	291	654	708	2.20
1981	105-109	0.55799	0.94994	1.53	30	29	51	53	1.78
1981	110+	0.64850	1.00000	1.54	2	2	2	2	1.54
1982	0	0.01276	0.01261	0.08	100000	1261	98839	7067682	70.68
1982	1-4	0.00052	0.00207	1.73	98739	205	394492	6968843	70.58
1982	5-9	0.00029	0.00147	2.24	98534	145	492272	6574351	66.72
1982	10-14	0.00028	0.00140	2.7	98389	138	491630	6082079	61.82
1982	15-19	0.00100	0.00499	2.96	98252	491	490257	5590449	56.90
1982	20-24	0.00148	0.00735	2.54	97761	719	487038	5100192	52.17
1982	25-29	0.00152	0.00759	2.52	97042	736	483388	4613153	47.54
1982	30-34	0.00157	0.00781	2.6	96306	752	479731	4129766	42.88
1982	35-39	0.00212	0.01056	2.67	95555	1009	475421	3650035	38.20
1982	40-44	0.00326	0.01616	2.66	94545	1528	469152	3174614	33.58
1982	45-49	0.00547	0.02699	2.69	93017	2511	459287	2705462	29.09
1982	50-54	0.00906	0.04439	2.69	90507	4017	443247	2246174	24.82
1982	55-59	0.01441	0.06968	2.66	86489	6027	418353	1802928	20.85
1982	60-64	0.02230	0.10596	2.64	80462	8525	382225	1384575	17.21
1982	65-69	0.03455	0.15951	2.6	71937	11474	332132	1002350	13.93
1982	70-74	0.05354	0.23707	2.59	60463	14334	267737	670217	11.08
1982	75-79	0.07835	0.32769	2.5	46129	15116	192929	402480	8.73
1982	80-84	0.11169	0.43453	2.45	31013	13476	120658	209551	6.76
1982	85-89	0.16840	0.57945	2.31	17537	10162	60342	88893	5.07
1982	90-94	0.23263	0.69537	2.11	7375	5128	22046	28551	3.87
1982	95-99	0.32962	0.82333	1.96	2247	1850	5612	6505	2.90
1982	100-104	0.43500	0.90094	1.75	397	358	822	893	2.25
1982	105-109	0.54686	0.94670	1.55	39	37	68	71	1.81
1982	110+	0.63724	1.00000	1.57	2	2	3	3	1.57
1983	0	0.01215	0.01202	0.08	100000	1202	98891	7084675	70.85
1983	1-4	0.00053	0.00210	1.69	98798	208	394712	6985784	70.71
1983	5-9	0.00026	0.00128	2.13	98591	126	492591	6591071	66.85
1983	10-14	0.00026	0.00128	2.53	98465	126	492013	6098480	61.94
1983	15-19	0.00095	0.00474	2.91	98339	466	490720	5606468	57.01
1983	20-24	0.00144	0.00719	2.48	97873	704	487588	5115748	52.27
1983	25-29	0.00146	0.00729	2.55	97169	708	484111	4628160	47.63
1983	30-34	0.00156	0.00775	2.55	96460	748	480470	4144049	42.96
1983	35-39	0.00206	0.01024	2.59	95713	980	476203	3663579	38.28
1983	40-44	0.00314	0.01557	2.65	94733	1475	470199	3187377	33.65
1983	45-49	0.00508	0.02509	2.76	93258	2340	461041	2717178	29.14
1983	50-54	0.00864	0.04232	2.62	90918	3848	445434	2256137	24.82
1983	55-59	0.01433	0.06931	2.63	87070	6035	421060	1810703	20.80
1983	60-64	0.02258	0.10712	2.6	81035	8680	384361	1389644	17.15
1983	65-69	0.03429	0.15847	2.61	72355	11466	334340	1005283	13.89
1983	70-74	0.05268	0.23349	2.57	60889	14217	269889	670943	11.02
1983	75-79	0.07856	0.32827	2.5	46672	15321	195032	401054	8.59
1983	80-84	0.11576	0.44615	2.43	31351	13987	120826	206022	6.57
1983	85-89	0.17262	0.58810	2.29	17363	10211	59155	85196	4.91
1983	90-94	0.25278	0.73640	2.17	7152	5267	20835	26041	3.64
1983	95-99	0.34736	0.84008	1.93	1885	1584	4559	5206	2.76
1983	100-104	0.45826	0.91322	1.71	301	275	601	646	2.14
1983	105-109	0.57386	0.95435	1.5	26	25	44	45	1.73
1983	110+	0.66604	1.00000	1.5	1	1	2	2	1.50
1984	0	0.01132	0.01120	0.08	100000	1120	98964	7099392	70.99
1984	1-4	0.00049	0.00194	1.61	98880	192	395061	7000428	70.80
1984	5-9	0.00024	0.00120	2.38	98688	118	493131	6605367	66.93
1984	10-14	0.00032	0.00161	2.65	98570	159	492477	6112236	62.01
1984	15-19	0.00093	0.00464	2.9	98411	456	491099	5619759	57.10
1984	20-24	0.00142	0.00705	2.57	97955	691	488100	5128660	52.36
1984	25-29	0.00140	0.00698	2.55	97264	679	484657	4640561	47.71
1984	30-34	0.00155	0.00772	2.52	96585	746	481076	4155904	43.03
1984	35-39	0.00205	0.01019	2.7	95840	977	476957	3674827	38.34
1984	40-44	0.00318	0.01580	2.64	94863	1499	470778	3197870	33.71
1984	45-49	0.00524	0.02588	2.74	93365	2416	461369	2727092	29.21
1984	50-54	0.00867	0.04246	2.64	90948	3862	445633	2265723	24.91
1984	55-59	0.01413	0.06836	2.64	87086	5953	421406	1820090	20.90
1984	60-64	0.02179	0.10355	2.61	81134	8401	385624	1398684	17.24
1984	65-69	0.03392	0.15703	2.64	72732	11422	336762	1013061	13.93
1984	70-74	0.05275	0.23359	2.55	61311	14321	271520	676299	11.03
1984	75-79	0.07857	0.32865	2.51	46989	15443	196560	404779	8.61
1984	80-84	0.11587	0.44668	2.44	31546	14091	121613	208219	6.60
1984	85-89	0.17032	0.58468	2.32	17455	10206	59921	86606	4.96
1984	90-94	0.24867	0.72415	2.12	7250	5250	21112	26685	3.68
1984	95-99	0.34386	0.83686	1.93	2000	1674	4867	5573	2.79
1984	100-104	0.45343	0.91078	1.72	326	297	655	706	2.16
1984	105-109	0.56808	0.95280	1.51	29	28	49	51	1.75
1984	110+	0.65978	1.00000	1.52	1	1	2	2	1.52
1985	0	0.01222	0.01209	0.08	100000	1209	98885	7092705	70.93
1985	1-4	0.00058	0.00231	1.67	98791	228	394634	6993820	70.79
1985	5-9	0.00026	0.00128	2.35	98563	126	492482	6599185	66.95
1985	10-14	0.00035	0.00174	3.06	98437	171	491854	6106703	62.04
1985	15-19	0.00082	0.00407	2.93	98266	400	490503	5614849	57.14
1985	20-24	0.00134	0.00669	2.53	97866	655	487713	5124347	52.36
1985	25-29	0.00150	0.00749	2.55	97211	728	484269	4636634	47.70
1985	30-34	0.00175	0.00869	2.58	96483	839	480381	4152364	43.04
1985	35-39	0.00215	0.01072	2.66	95644	1025	475817	3671983	38.39
1985	40-44	0.00319	0.01583	2.65	94619	1498	469567	3196166	33.78
1985	45-49	0.00517	0.02556	2.67	93121	2380	460060	2726600	29.28
1985	50-54	0.00858	0.04209	2.73	90741	3819	445031	2266540	24.98
1985	55-59	0.01417	0.06855	2.62	86921	5958	420414	1821509	20.96
1985	60-64	0.02190	0.10409	2.62	80963	8428	384794	1401095	17.31
1985	65-69	0.03327	0.15406	2.6	72535	11175	335898	1016301	14.01
1985	70-74	0.05198	0.23068	2.56	61361	14155	272310	680403	11.09
1985	75-79	0.07733	0.32447	2.52	47206	15317	198071	408093	8.64
1985	80-84	0.11578	0.44685	2.45	31889	14250	123073	210022	6.59
1985	85-89	0.17015	0.58478	2.33	17640	10315	60624	86949	4.93
1985	90-94	0.25616	0.73621	2.11	7324	5392	21050	26325	3.59
1985	95-99	0.35162	0.84404	1.92	1932	1631	4638	5275	2.73
1985	100-104	0.46514	0.91666	1.7	301	276	594	637	2.11
1985	105-109	0.58286	0.95670	1.49	25	24	41	43	1.71
1985	110+	0.67624	1.00000	1.48	1	1	2	2	1.48
1986	0	0.01179	0.01167	0.08	100000	1167	98923	7109588	71.10
1986	1-4	0.00049	0.00194	1.61	98833	192	394876	7010665	70.93
1986	5-9	0.00021	0.00104	2.38	98642	102	492940	6615789	67.07
1986	10-14	0.00030	0.00150	2.73	98539	148	492361	6122849	62.14
1986	15-19	0.00104	0.00520	2.86	98391	511	490864	5630488	57.23
1986	20-24	0.00152	0.00760	2.58	97880	743	487604	5139624	52.51
1986	25-29	0.00161	0.00801	2.58	97137	778	483802	4652020	47.89
1986	30-34	0.00184	0.00918	2.5	96358	885	479581	4168218	43.26
1986	35-39	0.00218	0.01087	2.59	95474	1037	474865	3688637	38.64
1986	40-44	0.00294	0.01462	2.77	94436	1381	469103	3213772	34.03
1986	45-49	0.00501	0.02478	2.67	93056	2306	459907	2744670	29.49
1986	50-54	0.00791	0.03884	2.69	90750	3524	445601	2284763	25.18
1986	55-59	0.01331	0.06455	2.68	87226	5631	423059	1839162	21.09
1986	60-64	0.02157	0.10256	2.62	81595	8368	388047	1416104	17.36
1986	65-69	0.03271	0.15166	2.6	73227	11105	339501	1028057	14.04
1986	70-74	0.05163	0.22920	2.55	62121	14238	275761	688556	11.08
1986	75-79	0.07779	0.32617	2.53	47883	15618	200764	412795	8.62
1986	80-84	0.11685	0.44910	2.42	32265	14490	124009	212030	6.57
1986	85-89	0.17108	0.58586	2.31	17775	10414	60869	88021	4.95
1986	90-94	0.24826	0.72830	2.16	7361	5361	21595	27152	3.69
1986	95-99	0.34511	0.83796	1.93	2000	1676	4856	5556	2.78
1986	100-104	0.45460	0.91134	1.71	324	295	650	700	2.16
1986	105-109	0.56905	0.95304	1.51	29	27	48	50	1.75
1986	110+	0.66053	1.00000	1.51	1	1	2	2	1.51
1987	0	0.01123	0.01111	0.08	100000	1111	98972	7111197	71.11
1987	1-4	0.00054	0.00216	1.72	98889	213	395070	7012224	70.91
1987	5-9	0.00028	0.00138	2.44	98676	136	493030	6617155	67.06
1987	10-14	0.00031	0.00153	2.72	98540	151	492355	6124124	62.15
1987	15-19	0.00094	0.00468	3	98389	460	491023	5631769	57.24
1987	20-24	0.00158	0.00789	2.62	97929	773	487803	5140746	52.49
1987	25-29	0.00164	0.00816	2.56	97156	793	483850	4652943	47.89
1987	30-34	0.00191	0.00951	2.52	96363	917	479543	4169093	43.26
1987	35-39	0.00241	0.01199	2.51	95447	1145	474387	3689550	38.66
1987	40-44	0.00301	0.01492	2.66	94302	1407	468222	3215164	34.09
1987	45-49	0.00500	0.02472	2.64	92895	2296	459056	2746942	29.57
1987	50-54	0.00832	0.04083	2.72	90599	3699	444577	2287885	25.25
1987	55-59	0.01317	0.06389	2.66	86900	5552	421534	1843309	21.21
1987	60-64	0.02148	0.10216	2.61	81349	8311	386889	1421774	17.48
1987	65-69	0.03213	0.14909	2.59	73038	10890	338943	1034885	14.17
1987	70-74	0.05096	0.22664	2.56	62148	14085	276399	695942	11.20
1987	75-79	0.07512	0.31715	2.55	48063	15243	202922	419543	8.73
1987	80-84	0.11506	0.44327	2.41	32820	14548	126440	216621	6.60
1987	85-89	0.17415	0.59082	2.28	18272	10795	61988	90181	4.94
1987	90-94	0.24132	0.71889	2.19	7477	5375	22273	28193	3.77
1987	95-99	0.33991	0.83309	1.94	2102	1751	5151	5920	2.82
1987	100-104	0.44734	0.90756	1.73	351	318	712	769	2.19
1987	105-109	0.56024	0.95058	1.53	32	31	55	57	1.77
1987	110+	0.65090	1.00000	1.54	2	2	2	2	1.54
1988	0	0.01090	0.01079	0.07	100000	1079	99001	7127163	71.27
1988	1-4	0.00058	0.00231	1.59	98921	228	395132	7028162	71.05
1988	5-9	0.00028	0.00138	2.2	98692	137	493080	6633030	67.21
1988	10-14	0.00031	0.00153	2.84	98556	151	492454	6139950	62.30
1988	15-19	0.00094	0.00471	2.86	98405	463	491036	5647495	57.39
1988	20-24	0.00161	0.00804	2.53	97942	787	487766	5156459	52.65
1988	25-29	0.00174	0.00865	2.51	97155	840	483679	4668693	48.05
1988	30-34	0.00194	0.00966	2.61	96315	930	479346	4185014	43.45
1988	35-39	0.00245	0.01216	2.58	95384	1160	474119	3705668	38.85
1988	40-44	0.00312	0.01550	2.64	94224	1460	467669	3231548	34.30
1988	45-49	0.00490	0.02424	2.65	92764	2249	458535	2763879	29.79
1988	50-54	0.00771	0.03789	2.69	90515	3430	444662	2305344	25.47
1988	55-59	0.01288	0.06249	2.65	87085	5442	422626	1860682	21.37
1988	60-64	0.02092	0.09958	2.59	81643	8130	388610	1438056	17.61
1988	65-69	0.03143	0.14624	2.62	73513	10751	342009	1049446	14.28
1988	70-74	0.04914	0.21943	2.56	62762	13772	280275	707437	11.27
1988	75-79	0.07427	0.31331	2.51	48990	15349	206661	427162	8.72
1988	80-84	0.11657	0.44834	2.43	33641	15083	129389	220501	6.55
1988	85-89	0.17243	0.58821	2.3	18559	10916	63309	91112	4.91
1988	90-94	0.25183	0.73362	2.16	7642	5607	22263	27803	3.64
1988	95-99	0.35293	0.84511	1.92	2036	1720	4875	5540	2.72
1988	100-104	0.46617	0.91710	1.69	315	289	620	665	2.11
1988	105-109	0.58347	0.95682	1.49	26	25	43	45	1.70
1988	110+	0.67649	1.00000	1.48	1	1	2	2	1.48
1989	0	0.01157	0.01145	0.08	100000	1145	98942	7157171	71.57
1989	1-4	0.00044	0.00175	1.93	98855	173	395063	7058229	71.40
1989	5-9	0.00027	0.00135	2.43	98682	133	493068	6663166	67.52
1989	10-14	0.00031	0.00154	2.75	98549	152	492402	6170097	62.61
1989	15-19	0.00106	0.00529	2.93	98397	521	490907	5677695	57.70
1989	20-24	0.00153	0.00762	2.64	97876	745	487626	5186789	52.99
1989	25-29	0.00180	0.00894	2.45	97131	869	483438	4699163	48.38
1989	30-34	0.00194	0.00966	2.53	96262	930	479013	4215725	43.79
1989	35-39	0.00244	0.01214	2.62	95333	1157	473912	3736712	39.20
1989	40-44	0.00311	0.01545	2.64	94175	1455	467446	3262800	34.65
1989	45-49	0.00479	0.02369	2.67	92720	2197	458480	2795354	30.15
1989	50-54	0.00775	0.03808	2.74	90524	3447	444813	2336874	25.82
1989	55-59	0.01242	0.06038	2.69	87076	5258	423251	1892061	21.73
1989	60-64	0.01998	0.09535	2.62	81818	7802	390491	1468810	17.95
1989	65-69	0.03030	0.14118	2.59	74017	10450	344897	1078319	14.57
1989	70-74	0.04736	0.21250	2.59	63567	13508	285237	733421	11.54
1989	75-79	0.07079	0.30046	2.49	50059	15041	212475	448184	8.95
1989	80-84	0.11222	0.43594	2.44	35018	15266	136034	235709	6.73
1989	85-89	0.16806	0.57977	2.33	19752	11452	68141	99676	5.05
1989	90-94	0.23807	0.71232	2.18	8301	5913	24836	31535	3.80
1989	95-99	0.34114	0.83464	1.94	2388	1993	5842	6699	2.81
1989	100-104	0.45227	0.91038	1.72	395	359	795	857	2.17
1989	105-109	0.56877	0.95308	1.51	35	34	59	62	1.75
1989	110+	0.66191	1.00000	1.51	2	2	3	3	1.51
1990	0	0.01104	0.01093	0.07	100000	1093	98989	7198354	71.98
1990	1-4	0.00056	0.00225	1.6	98907	223	395094	7099365	71.78
1990	5-9	0.00027	0.00134	2.52	98684	132	493095	6704270	67.94
1990	10-14	0.00030	0.00152	2.89	98552	150	492446	6211176	63.02
1990	15-19	0.00101	0.00504	2.96	98403	496	491000	5718729	58.12
1990	20-24	0.00140	0.00700	2.53	97907	685	487842	5227729	53.39
1990	25-29	0.00173	0.00862	2.58	97222	838	484081	4739887	48.75
1990	30-34	0.00193	0.00963	2.54	96384	928	479636	4255806	44.15
1990	35-39	0.00224	0.01115	2.62	95456	1064	474751	3776170	39.56
1990	40-44	0.00298	0.01481	2.64	94392	1398	468663	3301419	34.98
1990	45-49	0.00478	0.02366	2.66	92994	2200	459823	2832755	30.46
1990	50-54	0.00746	0.03666	2.68	90794	3329	446255	2372932	26.14
1990	55-59	0.01177	0.05727	2.65	87465	5009	425574	1926677	22.03
1990	60-64	0.01935	0.09258	2.66	82456	7634	394427	1501104	18.20
1990	65-69	0.02954	0.13788	2.59	74822	10316	349276	1106677	14.79
1990	70-74	0.04551	0.20494	2.57	64505	13219	290459	757401	11.74
1990	75-79	0.06970	0.29713	2.52	51286	15238	218635	466942	9.10
1990	80-84	0.10839	0.42413	2.44	36047	15289	141054	248307	6.89
1990	85-89	0.15923	0.55931	2.34	20759	11610	72916	107253	5.17
1990	90-94	0.24379	0.72032	2.16	9148	6589	27029	34336	3.75
1990	95-99	0.33425	0.82838	1.96	2559	2119	6341	7307	2.86
1990	100-104	0.44547	0.90702	1.73	439	398	894	966	2.20
1990	105-109	0.56281	0.95155	1.52	41	39	69	72	1.76
1990	110+	0.65693	1.00000	1.52	2	2	3	3	1.52
1991	0	0.01049	0.01039	0.07	100000	1039	99037	7222348	72.22
1991	1-4	0.00051	0.00202	1.73	98961	200	395389	7123311	71.98
1991	5-9	0.00021	0.00107	2.29	98761	105	493518	6727922	68.12
1991	10-14	0.00027	0.00137	2.75	98655	135	492974	6234404	63.19
1991	15-19	0.00089	0.00446	3.05	98520	440	491744	5741431	58.28
1991	20-24	0.00151	0.00751	2.47	98081	736	488541	5249686	53.52
1991	25-29	0.00161	0.00802	2.47	97344	780	484745	4761146	48.91
1991	30-34	0.00200	0.00996	2.53	96564	962	480448	4276400	44.29
1991	35-39	0.00239	0.01188	2.58	95602	1136	475259	3795952	39.71
1991	40-44	0.00312	0.01548	2.63	94466	1462	468871	3320693	35.15
1991	45-49	0.00476	0.02353	2.69	93004	2188	459966	2851822	30.66
1991	50-54	0.00730	0.03589	2.62	90816	3260	446329	2391856	26.34
1991	55-59	0.01133	0.05521	2.69	87556	4834	426617	1945526	22.22
1991	60-64	0.01912	0.09156	2.69	82722	7574	396128	1518909	18.36
1991	65-69	0.02857	0.13363	2.59	75148	10042	351505	1122781	14.94
1991	70-74	0.04450	0.20085	2.58	65106	13077	293869	771276	11.85
1991	75-79	0.06793	0.29096	2.54	52030	15139	222846	477407	9.18
1991	80-84	0.10760	0.42221	2.45	36891	15576	144754	254562	6.90
1991	85-89	0.16201	0.56477	2.32	21315	12038	74306	109808	5.15
1991	90-94	0.23629	0.70720	2.16	9277	6561	27765	35502	3.83
1991	95-99	0.33522	0.82937	1.95	2716	2253	6720	7737	2.85
1991	100-104	0.44718	0.90795	1.73	463	421	941	1016	2.19
1991	105-109	0.56515	0.95221	1.52	43	41	72	75	1.76
1991	110+	0.65966	1.00000	1.52	2	2	3	3	1.52
1992	0	0.01006	0.00997	0.07	100000	997	99075	7234963	72.35
1992	1-4	0.00047	0.00186	1.79	99003	184	395604	7135888	72.08
1992	5-9	0.00020	0.00101	2.51	98818	99	493845	6740284	68.21
1992	10-14	0.00028	0.00139	2.75	98719	138	493286	6246439	63.27
1992	15-19	0.00098	0.00490	2.9	98581	483	491892	5753153	58.36
1992	20-24	0.00143	0.00715	2.48	98098	701	488720	5261261	53.63
1992	25-29	0.00174	0.00866	2.67	97397	843	485019	4772542	49.00
1992	30-34	0.00204	0.01013	2.55	96554	978	480375	4287522	44.41
1992	35-39	0.00258	0.01280	2.57	95576	1223	474903	3807147	39.83
1992	40-44	0.00315	0.01565	2.59	94353	1477	468198	3332244	35.32
1992	45-49	0.00476	0.02354	2.7	92876	2186	459352	2864046	30.84
1992	50-54	0.00697	0.03430	2.7	90690	3111	446290	2404694	26.52
1992	55-59	0.01130	0.05504	2.64	87579	4820	426536	1958404	22.36
1992	60-64	0.01831	0.08776	2.63	82759	7263	396582	1531868	18.51
1992	65-69	0.02883	0.13478	2.59	75496	10176	352956	1135285	15.04
1992	70-74	0.04339	0.19648	2.6	65320	12834	295750	782329	11.98
1992	75-79	0.06590	0.28362	2.54	52486	14886	225877	486579	9.27
1992	80-84	0.10587	0.41727	2.46	37600	15689	148187	260702	6.93
1992	85-89	0.15775	0.55543	2.34	21911	12170	77144	112515	5.14
1992	90-94	0.25332	0.73624	2.16	9741	7172	28310	35371	3.63
1992	95-99	0.34837	0.84206	1.93	2569	2163	6210	7061	2.75
1992	100-104	0.46860	0.91886	1.69	406	373	796	851	2.10
1992	105-109	0.59319	0.95948	1.47	33	32	53	55	1.68
1992	110+	0.69133	1.00000	1.45	1	1	2	2	1.45
1993	0	0.00978	0.00969	0.07	100000	969	99100	7224029	72.24
1993	1-4	0.00048	0.00194	1.6	99031	192	395664	7124929	71.95
1993	5-9	0.00022	0.00112	2.39	98839	111	493906	6729265	68.08
1993	10-14	0.00025	0.00127	2.72	98728	125	493356	6235359	63.16
1993	15-19	0.00094	0.00471	2.9	98603	465	492042	5742002	58.23
1993	20-24	0.00157	0.00782	2.42	98138	767	488710	5249960	53.50
1993	25-29	0.00168	0.00836	2.55	97371	814	484863	4761251	48.90
1993	30-34	0.00217	0.01081	2.59	96557	1043	480273	4276388	44.29
1993	35-39	0.00259	0.01287	2.58	95513	1229	474592	3796115	39.74
1993	40-44	0.00323	0.01603	2.6	94284	1511	467800	3321523	35.23
1993	45-49	0.00464	0.02297	2.63	92773	2131	458804	2853723	30.76
1993	50-54	0.00730	0.03587	2.65	90642	3251	445579	2394919	26.42
1993	55-59	0.01158	0.05634	2.64	87391	4923	425343	1949340	22.31
1993	60-64	0.01796	0.08616	2.64	82467	7105	395562	1523997	18.48
1993	65-69	0.02898	0.13557	2.62	75362	10216	352537	1128435	14.97
1993	70-74	0.04308	0.19498	2.57	65145	12702	294881	775898	11.91
1993	75-79	0.06694	0.28717	2.53	52443	15060	224974	481017	9.17
1993	80-84	0.10806	0.42433	2.47	37383	15863	146794	256044	6.85
1993	85-89	0.16394	0.57155	2.35	21521	12300	75029	109249	5.08
1993	90-94	0.24560	0.73100	2.23	9220	6740	27444	34220	3.71
1993	95-99	0.35079	0.84404	1.93	2480	2093	5968	6776	2.73
1993	100-104	0.47027	0.91953	1.69	387	356	756	809	2.09
1993	105-109	0.59384	0.95958	1.47	31	30	50	52	1.67
1993	110+	0.69116	1.00000	1.45	1	1	2	2	1.45
1994	0	0.00897	0.00889	0.07	100000	889	99172	7241379	72.41
1994	1-4	0.00044	0.00175	1.73	99111	173	396049	7142207	72.06
1994	5-9	0.00023	0.00117	2.46	98937	116	494394	6746158	68.19
1994	10-14	0.00030	0.00150	2.82	98822	148	493786	6251764	63.26
1994	15-19	0.00095	0.00476	2.85	98674	470	492360	5757978	58.35
1994	20-24	0.00136	0.00677	2.55	98204	665	489391	5265618	53.62
1994	25-29	0.00164	0.00816	2.51	97539	796	485717	4776227	48.97
1994	30-34	0.00217	0.01081	2.57	96743	1046	481176	4290510	44.35
1994	35-39	0.00264	0.01310	2.51	95697	1253	475358	3809334	39.81
1994	40-44	0.00348	0.01723	2.54	94444	1627	468210	3333975	35.30
1994	45-49	0.00466	0.02306	2.55	92816	2140	458844	2865765	30.88
1994	50-54	0.00741	0.03643	2.65	90676	3303	445617	2406921	26.54
1994	55-59	0.01120	0.05456	2.68	87373	4767	425809	1961304	22.45
1994	60-64	0.01818	0.08714	2.63	82605	7198	395953	1535495	18.59
1994	65-69	0.02833	0.13264	2.61	75407	10002	353100	1139541	15.11
1994	70-74	0.04216	0.19116	2.56	65405	12503	296537	786441	12.02
1994	75-79	0.06546	0.28222	2.56	52903	14930	228082	489904	9.26
1994	80-84	0.10533	0.41527	2.45	37972	15769	149711	261822	6.90
1994	85-89	0.16486	0.57516	2.37	22204	12771	77461	112111	5.05
1994	90-94	0.24643	0.72113	2.12	9433	6802	27604	34650	3.67
1994	95-99	0.35836	0.85091	1.91	2631	2238	6246	7045	2.68
1994	100-104	0.48289	0.92534	1.67	392	363	752	799	2.04
1994	105-109	0.61032	0.96333	1.45	29	28	46	48	1.63
1994	110+	0.70949	1.00000	1.41	1	1	2	2	1.41
1995	0	0.00856	0.00849	0.07	100000	849	99209	7262838	72.63
1995	1-4	0.00039	0.00156	1.5	99151	155	396215	7163630	72.25
1995	5-9	0.00017	0.00085	2.58	98996	84	494774	6767415	68.36
1995	10-14	0.00025	0.00127	3.09	98911	126	494315	6272641	63.42
1995	15-19	0.00096	0.00477	2.94	98785	471	492958	5778325	58.49
1995	20-24	0.00144	0.00717	2.53	98315	705	489831	5285367	53.76
1995	25-29	0.00159	0.00791	2.63	97609	772	486219	4795536	49.13
1995	30-34	0.00218	0.01086	2.51	96837	1052	481569	4309317	44.50
1995	35-39	0.00262	0.01300	2.54	95786	1245	475864	3827747	39.96
1995	40-44	0.00354	0.01755	2.61	94540	1659	468737	3351883	35.45
1995	45-49	0.00475	0.02349	2.63	92881	2182	459236	2883146	31.04
1995	50-54	0.00709	0.03485	2.63	90699	3161	446008	2423910	26.72
1995	55-59	0.01111	0.05414	2.65	87539	4739	426543	1977902	22.59
1995	60-64	0.01712	0.08234	2.68	82800	6818	398206	1551359	18.74
1995	65-69	0.02769	0.12992	2.63	75982	9872	356487	1153153	15.18
1995	70-74	0.04193	0.19003	2.54	66110	12563	299635	796666	12.05
1995	75-79	0.06511	0.28118	2.58	53547	15056	231251	497031	9.28
1995	80-84	0.10406	0.41165	2.46	38491	15845	152264	265780	6.91
1995	85-89	0.16642	0.57714	2.35	22646	13070	78535	113516	5.01
1995	90-94	0.24924	0.73083	2.17	9576	6998	28079	34981	3.65
1995	95-99	0.35840	0.85101	1.91	2578	2194	6120	6902	2.68
1995	100-104	0.48345	0.92562	1.67	384	355	735	782	2.04
1995	105-109	0.61137	0.96356	1.45	29	28	45	46	1.63
1995	110+	0.71082	1.00000	1.41	1	1	1	1	1.41
1996	0	0.00871	0.00864	0.07	100000	864	99195	7278954	72.79
1996	1-4	0.00036	0.00142	1.62	99136	141	396208	7179759	72.42
1996	5-9	0.00018	0.00088	2.53	98995	87	494760	6783551	68.52
1996	10-14	0.00026	0.00129	2.87	98908	128	494267	6288791	63.58
1996	15-19	0.00099	0.00495	2.87	98780	489	492860	5794524	58.66
1996	20-24	0.00150	0.00745	2.32	98291	733	489492	5301664	53.94
1996	25-29	0.00156	0.00775	2.64	97558	756	486011	4812172	49.33
1996	30-34	0.00196	0.00974	2.54	96802	943	481695	4326161	44.69
1996	35-39	0.00236	0.01172	2.62	95859	1123	476625	3844466	40.11
1996	40-44	0.00329	0.01630	2.59	94736	1544	469965	3367841	35.55
1996	45-49	0.00469	0.02322	2.67	93192	2164	460922	2897876	31.10
1996	50-54	0.00674	0.03321	2.68	91028	3023	448134	2436954	26.77
1996	55-59	0.01097	0.05345	2.64	88005	4703	428940	1988820	22.60
1996	60-64	0.01767	0.08481	2.62	83302	7065	399729	1559880	18.73
1996	65-69	0.02728	0.12821	2.65	76237	9775	358253	1160150	15.22
1996	70-74	0.04209	0.19097	2.58	66462	12693	301575	801898	12.07
1996	75-79	0.06450	0.27878	2.57	53770	14990	232413	500323	9.30
1996	80-84	0.10479	0.41473	2.49	38780	16083	153487	267911	6.91
1996	85-89	0.16458	0.57179	2.33	22697	12978	78855	114423	5.04
1996	90-94	0.24805	0.72789	2.16	9719	7074	28520	35568	3.66
1996	95-99	0.36027	0.85263	1.91	2645	2255	6259	7048	2.66
1996	100-104	0.48626	0.92684	1.66	390	361	743	789	2.02
1996	105-109	0.61479	0.96429	1.44	29	27	45	46	1.62
1996	110+	0.71447	1.00000	1.4	1	1	1	1	1.40
1997	0	0.00835	0.00829	0.07	100000	829	99227	7324080	73.24
1997	1-4	0.00043	0.00171	1.7	99171	169	396294	7224853	72.85
1997	5-9	0.00016	0.00081	2.42	99002	80	494803	6828559	68.97
1997	10-14	0.00024	0.00119	2.93	98922	117	494366	6333756	64.03
1997	15-19	0.00099	0.00495	3.04	98804	489	493062	5839390	59.10
1997	20-24	0.00160	0.00795	2.5	98315	781	489624	5346328	54.38
1997	25-29	0.00146	0.00729	2.52	97534	711	485905	4856704	49.79
1997	30-34	0.00185	0.00921	2.55	96823	892	481928	4370798	45.14
1997	35-39	0.00224	0.01112	2.65	95932	1067	477154	3888870	40.54
1997	40-44	0.00326	0.01619	2.61	94864	1536	470644	3411716	35.96
1997	45-49	0.00447	0.02209	2.62	93329	2062	461744	2941072	31.51
1997	50-54	0.00660	0.03251	2.74	91267	2967	449639	2479329	27.17
1997	55-59	0.01015	0.04958	2.66	88300	4378	431257	2029690	22.99
1997	60-64	0.01651	0.07945	2.66	83922	6668	403986	1598433	19.05
1997	65-69	0.02642	0.12432	2.63	77255	9604	363492	1194447	15.46
1997	70-74	0.04038	0.18359	2.53	67650	12420	307585	830955	12.28
1997	75-79	0.06131	0.26693	2.58	55230	14743	240462	523370	9.48
1997	80-84	0.10131	0.40366	2.48	40488	16343	161319	282909	6.99
1997	85-89	0.16181	0.56864	2.39	24145	13730	84851	121590	5.04
1997	90-94	0.26033	0.74621	2.14	10415	7772	29854	36739	3.53
1997	95-99	0.36915	0.86041	1.9	2643	2274	6161	6885	2.60
1997	100-104	0.50205	0.93348	1.64	369	344	686	724	1.96
1997	105-109	0.63566	0.96846	1.41	25	24	37	38	1.57
1997	110+	0.73741	1.00000	1.36	1	1	1	1	1.36
1998	0	0.00796	0.00790	0.07	100000	790	99262	7375850	73.76
1998	1-4	0.00035	0.00139	1.72	99210	138	396526	7276587	73.35
1998	5-9	0.00017	0.00087	2.27	99072	86	495127	6880061	69.44
1998	10-14	0.00023	0.00113	2.99	98986	112	494707	6384934	64.50
1998	15-19	0.00090	0.00451	3.11	98874	446	493531	5890227	59.57
1998	20-24	0.00148	0.00740	2.57	98428	728	490373	5396697	54.83
1998	25-29	0.00124	0.00620	2.47	97700	606	486969	4906324	50.22
1998	30-34	0.00160	0.00798	2.59	97094	775	483604	4419355	45.52
1998	35-39	0.00207	0.01030	2.59	96319	992	479207	3935751	40.86
1998	40-44	0.00280	0.01392	2.62	95327	1327	473479	3456545	36.26
1998	45-49	0.00429	0.02122	2.66	94001	1995	465332	2983065	31.73
1998	50-54	0.00605	0.02982	2.61	92005	2743	453464	2517734	27.37
1998	55-59	0.00989	0.04832	2.6	89262	4313	435962	2064269	23.13
1998	60-64	0.01598	0.07701	2.63	84949	6542	409247	1628307	19.17
1998	65-69	0.02533	0.11934	2.58	78407	9357	369423	1219060	15.55
1998	70-74	0.04015	0.18291	2.57	69050	12630	314559	849637	12.30
1998	75-79	0.06050	0.26350	2.56	56420	14867	245753	535079	9.48
1998	80-84	0.10273	0.40816	2.48	41553	16960	165099	289326	6.96
1998	85-89	0.16244	0.57059	2.39	24593	14032	86383	124227	5.05
1998	90-94	0.25562	0.74188	2.17	10560	7835	30649	37844	3.58
1998	95-99	0.36393	0.85596	1.91	2726	2333	6411	7195	2.64
1998	100-104	0.49343	0.92996	1.65	393	365	740	784	2.00
1998	105-109	0.62471	0.96635	1.43	28	27	43	44	1.59
1998	110+	0.72566	1.00000	1.38	1	1	1	1	1.38
1999	0	0.00792	0.00786	0.07	100000	786	99266	7370995	73.71
1999	1-4	0.00034	0.00137	1.72	99214	136	396545	7271729	73.29
1999	5-9	0.00019	0.00094	2.62	99078	93	495169	6875184	69.39
1999	10-14	0.00021	0.00106	2.63	98985	105	494677	6380015	64.45
1999	15-19	0.00090	0.00448	3.07	98880	443	493547	5885337	59.52
1999	20-24	0.00154	0.00766	2.45	98437	754	490262	5391790	54.77
1999	25-29	0.00131	0.00652	2.4	97683	637	486759	4901528	50.18
1999	30-34	0.00158	0.00789	2.58	97046	766	483380	4414769	45.49
1999	35-39	0.00203	0.01011	2.59	96281	973	479060	3931389	40.83
1999	40-44	0.00300	0.01489	2.71	95308	1419	473290	3452330	36.22
1999	45-49	0.00425	0.02106	2.64	93889	1977	464770	2979039	31.73
1999	50-54	0.00644	0.03171	2.64	91912	2915	452689	2514270	27.36
1999	55-59	0.01042	0.05087	2.64	88997	4527	434317	2061581	23.16
1999	60-64	0.01581	0.07633	2.73	84470	6447	407683	1627264	19.26
1999	65-69	0.02499	0.11796	2.63	78022	9203	368292	1219580	15.63
1999	70-74	0.03908	0.17856	2.59	68819	12288	314443	851288	12.37
1999	75-79	0.06096	0.26561	2.58	56531	15015	246328	536845	9.50
1999	80-84	0.10046	0.40168	2.51	41515	16676	165987	290516	7.00
1999	85-89	0.16472	0.57431	2.36	24840	14266	86608	124529	5.01
1999	90-94	0.25250	0.73209	2.13	10574	7741	30657	37922	3.59
1999	95-99	0.37552	0.86558	1.89	2833	2452	6530	7264	2.56
1999	100-104	0.51169	0.93717	1.62	381	357	697	734	1.93
1999	105-109	0.64726	0.97054	1.39	24	23	36	37	1.54
1999	110+	0.74939	1.00000	1.33	1	1	1	1	1.33
2000	0	0.00832	0.00825	0.07	100000	825	99230	7381561	73.82
2000	1-4	0.00033	0.00130	1.6	99175	129	396389	7282331	73.43
2000	5-9	0.00017	0.00084	2.52	99045	83	495021	6885942	69.52
2000	10-14	0.00020	0.00100	2.87	98963	99	494603	6390920	64.58
2000	15-19	0.00085	0.00424	3.06	98864	419	493506	5896317	59.64
2000	20-24	0.00151	0.00751	2.52	98445	739	490388	5402811	54.88
2000	25-29	0.00137	0.00684	2.48	97705	668	486840	4912423	50.28
2000	30-34	0.00163	0.00810	2.56	97037	786	483265	4425584	45.61
2000	35-39	0.00206	0.01026	2.65	96251	987	478936	3942318	40.96
2000	40-44	0.00313	0.01552	2.71	95263	1478	472928	3463382	36.36
2000	45-49	0.00432	0.02139	2.67	93785	2006	464252	2990455	31.89
2000	50-54	0.00663	0.03263	2.59	91779	2995	451674	2526203	27.52
2000	55-59	0.01026	0.05012	2.67	88785	4450	433537	2074529	23.37
2000	60-64	0.01556	0.07505	2.63	84335	6329	406684	1640992	19.46
2000	65-69	0.02353	0.11142	2.62	78006	8691	369384	1234308	15.82
2000	70-74	0.03767	0.17269	2.59	69315	11970	317767	864925	12.48
2000	75-79	0.06051	0.26374	2.57	57345	15124	249940	547157	9.54
2000	80-84	0.09901	0.39760	2.52	42221	16787	169550	297217	7.04
2000	85-89	0.16216	0.56703	2.35	25434	14422	88934	127667	5.02
2000	90-94	0.25874	0.74142	2.12	11012	8164	31555	38733	3.52
2000	95-99	0.38248	0.87115	1.87	2848	2481	6486	7178	2.52
2000	100-104	0.52321	0.94138	1.6	367	345	660	693	1.89
2000	105-109	0.66164	0.97295	1.37	22	21	32	32	1.51
2000	110+	0.76437	1.00000	1.31	1	1	1	1	1.31
2001	0	0.00784	0.00779	0.07	100000	779	99273	7404505	74.05
2001	1-4	0.00035	0.00139	1.65	99221	138	396561	7305232	73.63
2001	5-9	0.00018	0.00088	2.34	99083	87	495184	6908671	69.73
2001	10-14	0.00021	0.00103	3.15	98996	102	494792	6413487	64.79
2001	15-19	0.00091	0.00457	3.08	98894	452	493604	5918694	59.85
2001	20-24	0.00165	0.00824	2.61	98443	811	490271	5425090	55.11
2001	25-29	0.00142	0.00709	2.51	97632	692	486433	4934819	50.55
2001	30-34	0.00148	0.00738	2.66	96939	715	483024	4448386	45.89
2001	35-39	0.00215	0.01071	2.64	96224	1030	478685	3965363	41.21
2001	40-44	0.00286	0.01421	2.59	95194	1353	472714	3486677	36.63
2001	45-49	0.00451	0.02234	2.67	93841	2096	464316	3013963	32.12
2001	50-54	0.00652	0.03213	2.71	91745	2948	451974	2549647	27.79
2001	55-59	0.00963	0.04709	2.67	88797	4181	434246	2097672	23.62
2001	60-64	0.01478	0.07144	2.65	84615	6045	408896	1663427	19.66
2001	65-69	0.02341	0.11086	2.62	78571	8710	372148	1254530	15.97
2001	70-74	0.03697	0.17005	2.65	69861	11880	321342	882382	12.63
2001	75-79	0.05837	0.25554	2.57	57981	14816	253844	561041	9.68
2001	80-84	0.09613	0.38810	2.52	43164	16752	174257	307197	7.12
2001	85-89	0.16236	0.56871	2.37	26412	15021	92516	132940	5.03
2001	90-94	0.25536	0.73413	2.11	11391	8363	32750	40424	3.55
2001	95-99	0.38021	0.86962	1.88	3029	2634	6927	7674	2.53
2001	100-104	0.52182	0.94099	1.6	395	372	712	747	1.89
2001	105-109	0.66132	0.97294	1.37	23	23	34	35	1.51
2001	110+	0.76479	1.00000	1.31	1	1	1	1	1.31
2002	0	0.00848	0.00842	0.07	100000	842	99215	7408884	74.09
2002	1-4	0.00031	0.00125	1.63	99158	124	396338	7309669	73.72
2002	5-9	0.00017	0.00082	2.3	99034	82	494950	6913330	69.81
2002	10-14	0.00022	0.00110	3.01	98952	109	494546	6418380	64.86
2002	15-19	0.00093	0.00464	3.1	98844	458	493346	5923834	59.93
2002	20-24	0.00159	0.00792	2.47	98385	779	489952	5430487	55.20
2002	25-29	0.00148	0.00737	2.49	97606	719	486228	4940536	50.62
2002	30-34	0.00163	0.00812	2.51	96887	787	482475	4454307	45.97
2002	35-39	0.00217	0.01081	2.66	96100	1039	478069	3971832	41.33
2002	40-44	0.00312	0.01549	2.7	95061	1473	471924	3493763	36.75
2002	45-49	0.00421	0.02085	2.61	93589	1951	463280	3021839	32.29
2002	50-54	0.00657	0.03234	2.55	91637	2964	450927	2558559	27.92
2002	55-59	0.00960	0.04696	2.69	88674	4164	433752	2107633	23.77
2002	60-64	0.01487	0.07184	2.65	84510	6071	408284	1673881	19.81
2002	65-69	0.02273	0.10789	2.66	78439	8463	372384	1265597	16.13
2002	70-74	0.03562	0.16413	2.61	69976	11485	322404	893213	12.76
2002	75-79	0.05697	0.25006	2.56	58491	14626	256743	570809	9.76
2002	80-84	0.09518	0.38523	2.53	43865	16898	177530	314066	7.16
2002	85-89	0.15991	0.56252	2.36	26967	15169	94862	136536	5.06
2002	90-94	0.25785	0.74408	2.16	11797	8778	34044	41674	3.53
2002	95-99	0.38120	0.87052	1.88	3019	2628	6895	7631	2.53
2002	100-104	0.52443	0.94196	1.6	391	368	702	736	1.88
2002	105-109	0.66512	0.97356	1.37	23	22	33	34	1.50
2002	110+	0.76901	1.00000	1.3	1	1	1	1	1.30
2003	0	0.00842	0.00835	0.07	100000	835	99221	7422948	74.23
2003	1-4	0.00032	0.00129	1.77	99165	128	396374	7323726	73.85
2003	5-9	0.00015	0.00077	2.47	99037	77	494991	6927352	69.95
2003	10-14	0.00020	0.00100	2.89	98960	99	494592	6432361	65.00
2003	15-19	0.00095	0.00473	3.04	98862	467	493393	5937768	60.06
2003	20-24	0.00162	0.00808	2.54	98394	795	490013	5444375	55.33
2003	25-29	0.00144	0.00718	2.36	97599	701	486147	4954363	50.76
2003	30-34	0.00145	0.00722	2.61	96898	699	482819	4468216	46.11
2003	35-39	0.00201	0.00999	2.56	96199	961	478644	3985397	41.43
2003	40-44	0.00294	0.01460	2.66	95238	1391	472934	3506753	36.82
2003	45-49	0.00458	0.02264	2.67	93847	2125	464281	3033819	32.33
2003	50-54	0.00641	0.03157	2.64	91722	2896	451782	2569537	28.01
2003	55-59	0.00951	0.04651	2.63	88826	4131	434322	2117756	23.84
2003	60-64	0.01482	0.07155	2.6	84695	6060	408958	1683434	19.88
2003	65-69	0.02311	0.10958	2.64	78635	8617	372799	1274475	16.21
2003	70-74	0.03496	0.16141	2.62	70018	11302	323249	901676	12.88
2003	75-79	0.05677	0.24915	2.55	58716	14629	257695	578427	9.85
2003	80-84	0.09314	0.37833	2.52	44087	16680	179078	320733	7.27
2003	85-89	0.15316	0.54828	2.41	27408	15027	98112	141655	5.17
2003	90-94	0.25940	0.74588	2.15	12381	9234	35599	43543	3.52
2003	95-99	0.38143	0.87102	1.88	3146	2740	7184	7944	2.53
2003	100-104	0.52759	0.94318	1.59	406	383	725	760	1.87
2003	105-109	0.67063	0.97445	1.36	23	22	34	34	1.49
2003	110+	0.77549	1.00000	1.29	1	1	1	1	1.29
2004	0	0.00837	0.00830	0.07	100000	830	99226	7458423	74.58
2004	1-4	0.00033	0.00133	1.67	99170	132	396371	7359197	74.21
2004	5-9	0.00013	0.00067	2.5	99037	67	495021	6962826	70.30
2004	10-14	0.00019	0.00096	3.05	98971	95	494670	6467805	65.35
2004	15-19	0.00089	0.00442	2.98	98876	437	493499	5973136	60.41
2004	20-24	0.00155	0.00772	2.62	98439	760	490389	5479637	55.67
2004	25-29	0.00152	0.00757	2.52	97679	739	486564	4989248	51.08
2004	30-34	0.00151	0.00750	2.59	96940	727	482948	4502684	46.45
2004	35-39	0.00198	0.00986	2.61	96213	949	478797	4019737	41.78
2004	40-44	0.00300	0.01487	2.66	95264	1417	473006	3540940	37.17
2004	45-49	0.00432	0.02140	2.62	93847	2008	464457	3067934	32.69
2004	50-54	0.00630	0.03103	2.61	91839	2850	452379	2603477	28.35
2004	55-59	0.00920	0.04505	2.68	88989	4009	435662	2151097	24.17
2004	60-64	0.01448	0.07000	2.63	84980	5948	410818	1715435	20.19
2004	65-69	0.02222	0.10557	2.65	79031	8343	375554	1304618	16.51
2004	70-74	0.03415	0.15774	2.59	70688	11150	326547	929063	13.14
2004	75-79	0.05357	0.23737	2.6	59538	14132	263819	602516	10.12
2004	80-84	0.08896	0.36450	2.52	45406	16550	186034	338697	7.46
2004	85-89	0.15088	0.54259	2.41	28855	15657	103768	152663	5.29
2004	90-94	0.24220	0.71877	2.17	13199	9487	39170	48895	3.70
2004	95-99	0.36604	0.85915	1.91	3712	3189	8712	9725	2.62
2004	100-104	0.50880	0.93669	1.63	523	490	962	1013	1.94
2004	105-109	0.65142	0.97148	1.39	33	32	49	51	1.53
2004	110+	0.75802	1.00000	1.32	1	1	1	1	1.32
2005	0	0.00858	0.00851	0.07	100000	851	99207	7452393	74.52
2005	1-4	0.00031	0.00122	1.46	99149	121	396286	7353187	74.16
2005	5-9	0.00017	0.00086	2.2	99027	85	494897	6956900	70.25
2005	10-14	0.00021	0.00103	2.62	98942	102	494469	6462003	65.31
2005	15-19	0.00091	0.00454	3.03	98840	449	493320	5967534	60.38
2005	20-24	0.00168	0.00839	2.66	98392	825	490027	5474214	55.64
2005	25-29	0.00165	0.00823	2.49	97567	803	485813	4984187	51.09
2005	30-34	0.00153	0.00762	2.54	96763	738	482003	4498374	46.49
2005	35-39	0.00200	0.00997	2.61	96026	958	477842	4016371	41.83
2005	40-44	0.00293	0.01456	2.63	95068	1384	472055	3538529	37.22
2005	45-49	0.00442	0.02185	2.64	93684	2047	463580	3066474	32.73
2005	50-54	0.00647	0.03185	2.63	91637	2918	451279	2602894	28.40
2005	55-59	0.00942	0.04605	2.64	88718	4086	433930	2151615	24.25
2005	60-64	0.01411	0.06830	2.66	84632	5780	409621	1717686	20.30
2005	65-69	0.02108	0.10039	2.63	78852	7916	375516	1308065	16.59
2005	70-74	0.03408	0.15740	2.58	70937	11166	327606	932548	13.15
2005	75-79	0.05262	0.23354	2.59	59771	13959	265280	604942	10.12
2005	80-84	0.08920	0.36497	2.51	45812	16720	187437	339662	7.41
2005	85-89	0.15114	0.54215	2.39	29092	15772	104358	152225	5.23
2005	90-94	0.25239	0.73687	2.18	13320	9815	38887	47867	3.59
2005	95-99	0.37517	0.86650	1.9	3505	3037	8095	8980	2.56
2005	100-104	0.52167	0.94131	1.61	468	440	844	885	1.89
2005	105-109	0.66598	0.97380	1.37	27	27	40	41	1.50
2005	110+	0.77218	1.00000	1.3	1	1	1	1	1.30
2006	0	0.00887	0.00879	0.07	100000	879	99181	7479781	74.80
2006	1-4	0.00030	0.00121	1.62	99121	120	396198	7380600	74.46
2006	5-9	0.00016	0.00081	2.49	99001	80	494802	6984402	70.55
2006	10-14	0.00017	0.00087	3.04	98920	87	494433	6489600	65.60
2006	15-19	0.00088	0.00441	3.23	98834	436	493398	5995167	60.66
2006	20-24	0.00175	0.00869	2.62	98398	855	489952	5501769	55.91
2006	25-29	0.00179	0.00892	2.45	97543	871	485492	5011817	51.38
2006	30-34	0.00174	0.00864	2.61	96673	835	481369	4526325	46.82
2006	35-39	0.00207	0.01028	2.57	95837	985	476790	4044956	42.21
2006	40-44	0.00295	0.01466	2.67	94852	1390	471022	3568165	37.62
2006	45-49	0.00442	0.02189	2.67	93462	2046	462550	3097143	33.14
2006	50-54	0.00631	0.03110	2.69	91416	2843	450502	2634593	28.82
2006	55-59	0.00911	0.04458	2.61	88573	3948	433434	2184091	24.66
2006	60-64	0.01399	0.06774	2.68	84625	5732	409852	1750657	20.69
2006	65-69	0.02045	0.09752	2.63	78893	7693	376254	1340805	17.00
2006	70-74	0.03152	0.14650	2.6	71199	10431	330934	964551	13.55
2006	75-79	0.05051	0.22509	2.58	60769	13678	270809	633617	10.43
2006	80-84	0.08492	0.35085	2.53	47090	16522	194566	362808	7.70
2006	85-89	0.14181	0.51893	2.42	30568	15863	111864	168242	5.50
2006	90-94	0.23307	0.70660	2.21	14706	10391	44582	56379	3.83
2006	95-99	0.34890	0.84479	1.95	4315	3645	10447	11796	2.73
2006	100-104	0.48822	0.92880	1.66	670	622	1274	1349	2.01
2006	105-109	0.63050	0.96788	1.42	48	46	73	75	1.58
2006	110+	0.73891	1.00000	1.35	2	2	2	2	1.35
2007	0	0.00856	0.00849	0.07	100000	849	99208	7521108	75.21
2007	1-4	0.00036	0.00145	1.85	99151	143	396294	7421899	74.85
2007	5-9	0.00015	0.00073	2.16	99007	73	494830	7025605	70.96
2007	10-14	0.00017	0.00087	2.93	98935	86	494496	6530775	66.01
2007	15-19	0.00081	0.00405	3.06	98849	401	493467	6036279	61.07
2007	20-24	0.00157	0.00783	2.58	98448	771	490376	5542813	56.30
2007	25-29	0.00165	0.00822	2.51	97677	803	486386	5052437	51.73
2007	30-34	0.00158	0.00787	2.64	96874	762	482575	4566051	47.13
2007	35-39	0.00174	0.00867	2.52	96112	833	478492	4083477	42.49
2007	40-44	0.00275	0.01367	2.64	95279	1302	473326	3604985	37.84
2007	45-49	0.00409	0.02027	2.66	93977	1905	465418	3131659	33.32
2007	50-54	0.00611	0.03010	2.61	92071	2772	453727	2666241	28.96
2007	55-59	0.00910	0.04453	2.62	89300	3976	437034	2212514	24.78
2007	60-64	0.01397	0.06761	2.64	85324	5769	412982	1775480	20.81
2007	65-69	0.02006	0.09578	2.64	79555	7619	379755	1362499	17.13
2007	70-74	0.03070	0.14288	2.58	71935	10278	334807	982744	13.66
2007	75-79	0.04947	0.22105	2.6	61657	13629	275533	647937	10.51
2007	80-84	0.08268	0.34406	2.56	48027	16524	199846	372403	7.75
2007	85-89	0.14265	0.52129	2.42	31503	16422	115125	172558	5.48
2007	90-94	0.23337	0.70597	2.2	15081	10647	45621	57433	3.81
2007	95-99	0.35898	0.85396	1.93	4434	3787	10548	11812	2.66
2007	100-104	0.50506	0.93565	1.64	648	606	1200	1263	1.95
2007	105-109	0.65165	0.97166	1.39	42	40	62	64	1.53
2007	110+	0.76093	1.00000	1.31	1	1	2	2	1.31
2008	0	0.00828	0.00821	0.07	100000	821	99234	7526219	75.26
2008	1-4	0.00034	0.00137	1.65	99179	136	396395	7426985	74.88
2008	5-9	0.00012	0.00058	2.13	99043	57	495051	7030589	70.99
2008	10-14	0.00015	0.00075	2.82	98986	75	494767	6535538	66.02
2008	15-19	0.00075	0.00373	3.25	98911	369	493909	6040772	61.07
2008	20-24	0.00153	0.00764	2.57	98542	753	490882	5546862	56.29
2008	25-29	0.00162	0.00807	2.45	97790	789	486933	5055980	51.70
2008	30-34	0.00164	0.00815	2.5	97001	790	483025	4569048	47.10
2008	35-39	0.00191	0.00953	2.58	96210	917	478838	4086023	42.47
2008	40-44	0.00268	0.01334	2.71	95294	1271	473558	3607185	37.85
2008	45-49	0.00401	0.01988	2.6	94023	1869	465630	3133626	33.33
2008	50-54	0.00630	0.03104	2.59	92154	2860	453878	2667996	28.95
2008	55-59	0.00893	0.04372	2.62	89294	3904	437180	2214118	24.80
2008	60-64	0.01336	0.06476	2.66	85390	5530	414010	1776938	20.81
2008	65-69	0.02043	0.09734	2.58	79860	7774	380503	1362928	17.07
2008	70-74	0.03137	0.14584	2.6	72086	10513	335178	982424	13.63
2008	75-79	0.04938	0.22081	2.61	61573	13596	275329	647247	10.51
2008	80-84	0.08269	0.34484	2.59	47977	16544	200085	371917	7.75
2008	85-89	0.14173	0.52113	2.46	31433	16381	115580	171832	5.47
2008	90-94	0.23916	0.71964	2.23	15052	10832	45293	56252	3.74
2008	95-99	0.36916	0.86259	1.91	4220	3640	9861	10959	2.60
2008	100-104	0.52085	0.94144	1.61	580	546	1048	1099	1.89
2008	105-109	0.67042	0.97462	1.36	34	33	49	50	1.49
2008	110+	0.77956	1.00000	1.28	1	1	1	1	1.28
2009	0	0.00806	0.00800	0.07	100000	800	99253	7563077	75.63
2009	1-4	0.00025	0.00100	1.75	99200	99	396576	7463824	75.24
2009	5-9	0.00011	0.00057	2.4	99101	57	495355	7067248	71.31
2009	10-14	0.00017	0.00083	2.77	99044	82	495036	6571893	66.35
2009	15-19	0.00065	0.00326	3.04	98962	322	494177	6076857	61.41
2009	20-24	0.00137	0.00683	2.63	98640	674	491603	5582680	56.60
2009	25-29	0.00160	0.00796	2.5	97966	780	487879	5091077	51.97
2009	30-34	0.00173	0.00861	2.55	97186	837	483880	4603198	47.36
2009	35-39	0.00173	0.00863	2.76	96350	832	479882	4119318	42.75
2009	40-44	0.00272	0.01349	2.61	95518	1289	474512	3639437	38.10
2009	45-49	0.00412	0.02042	2.64	94229	1924	466603	3164925	33.59
2009	50-54	0.00622	0.03065	2.62	92305	2829	454783	2698322	29.23
2009	55-59	0.00891	0.04363	2.61	89476	3904	438035	2243539	25.07
2009	60-64	0.01342	0.06508	2.67	85572	5569	414891	1805505	21.10
2009	65-69	0.01976	0.09429	2.58	80002	7543	381749	1390614	17.38
2009	70-74	0.02980	0.13901	2.59	72459	10073	338015	1008865	13.92
2009	75-79	0.04777	0.21448	2.62	62386	13381	280107	670849	10.75
2009	80-84	0.07937	0.33260	2.57	49005	16299	205346	390743	7.97
2009	85-89	0.13637	0.50724	2.48	32706	16590	121651	185396	5.67
2009	90-94	0.22338	0.69404	2.27	16116	11185	50072	63745	3.96
2009	95-99	0.34303	0.84011	1.96	4931	4143	12077	13673	2.77
2009	100-104	0.48559	0.92806	1.67	788	732	1507	1596	2.02
2009	105-109	0.63172	0.96825	1.42	57	55	87	89	1.58
2009	110+	0.74276	1.00000	1.35	2	2	2	2	1.35
2010	0	0.00767	0.00762	0.07	100000	762	99288	7583042	75.83
2010	1-4	0.00025	0.00102	1.56	99238	101	396705	7483754	75.41
2010	5-9	0.00012	0.00059	2.44	99137	58	495537	7087048	71.49
2010	10-14	0.00015	0.00077	3.22	99079	76	495259	6591511	66.53
2010	15-19	0.00073	0.00367	3.12	99003	363	494331	6096252	61.58
2010	20-24	0.00147	0.00732	2.58	98640	722	491446	5601921	56.79
2010	25-29	0.00151	0.00751	2.45	97917	735	487707	5110475	52.19
2010	30-34	0.00155	0.00770	2.52	97182	749	484049	4622768	47.57
2010	35-39	0.00174	0.00865	2.53	96433	834	480105	4138718	42.92
2010	40-44	0.00253	0.01257	2.7	95599	1201	475233	3658613	38.27
2010	45-49	0.00408	0.02023	2.73	94397	1910	467645	3183380	33.72
2010	50-54	0.00623	0.03073	2.68	92488	2842	455842	2715735	29.36
2010	55-59	0.00879	0.04303	2.63	89646	3858	439085	2259893	25.21
2010	60-64	0.01317	0.06386	2.61	85788	5478	415864	1820809	21.22
2010	65-69	0.01944	0.09296	2.64	80310	7466	383931	1404944	17.49
2010	70-74	0.03027	0.14097	2.57	72844	10269	339233	1021013	14.02
2010	75-79	0.04628	0.20813	2.58	62576	13024	281391	681779	10.90
2010	80-84	0.07658	0.32220	2.54	49552	15966	208484	400389	8.08
2010	85-89	0.13358	0.49885	2.46	33586	16754	125425	191905	5.71
2010	90-94	0.22302	0.68774	2.21	16832	11576	51904	66480	3.95
2010	95-99	0.34277	0.84017	1.97	5256	4416	12883	14576	2.77
2010	100-104	0.48771	0.92911	1.67	840	780	1600	1693	2.02
2010	105-109	0.63600	0.96910	1.41	60	58	91	93	1.57
2010	110+	0.74814	1.00000	1.34	2	2	2	2	1.34
2011	0	0.00749	0.00744	0.07	100000	744	99305	7569944	75.70
2011	1-4	0.00026	0.00103	1.86	99256	102	396806	7470639	75.27
2011	5-9	0.00013	0.00065	2.45	99154	65	495604	7073834	71.34
2011	10-14	0.00017	0.00083	3.22	99089	82	495299	6578229	66.39
2011	15-19	0.00069	0.00346	3.17	99007	343	494406	6082930	61.44
2011	20-24	0.00153	0.00764	2.61	98664	753	491520	5588524	56.64
2011	25-29	0.00169	0.00844	2.57	97911	826	487544	5097003	52.06
2011	30-34	0.00183	0.00909	2.56	97085	882	483273	4609459	47.48
2011	35-39	0.00196	0.00978	2.63	96202	941	478779	4126186	42.89
2011	40-44	0.00264	0.01314	2.64	95262	1252	473357	3647408	38.29
2011	45-49	0.00412	0.02042	2.61	94010	1920	465467	3174051	33.76
2011	50-54	0.00621	0.03061	2.67	92090	2819	453890	2708584	29.41
2011	55-59	0.00896	0.04387	2.63	89272	3916	437091	2254693	25.26
2011	60-64	0.01321	0.06409	2.68	85355	5471	414059	1817602	21.29
2011	65-69	0.01875	0.08982	2.65	79885	7175	382593	1403544	17.57
2011	70-74	0.02901	0.13562	2.6	72709	9861	339891	1020951	14.04
2011	75-79	0.04634	0.20831	2.57	62849	13092	282494	681061	10.84
2011	80-84	0.07747	0.32614	2.58	49757	16228	209473	398566	8.01
2011	85-89	0.13425	0.50066	2.46	33529	16787	125040	189093	5.64
2011	90-94	0.23200	0.70559	2.22	16743	11813	50921	64054	3.83
2011	95-99	0.35848	0.85428	1.94	4929	4211	11747	13133	2.66
2011	100-104	0.51071	0.93811	1.63	718	674	1319	1386	1.93
2011	105-109	0.66259	0.97354	1.37	44	43	65	67	1.50
2011	110+	0.77419	1.00000	1.29	1	1	2	2	1.29
2012	0	0.00740	0.00735	0.06	100000	735	99312	7596613	75.97
2012	1-4	0.00029	0.00118	1.72	99265	117	396792	7497300	75.53
2012	5-9	0.00013	0.00064	2.43	99148	63	495576	7100509	71.62
2012	10-14	0.00015	0.00075	2.87	99084	74	495263	6604933	66.66
2012	15-19	0.00072	0.00360	3.12	99010	356	494380	6109670	61.71
2012	20-24	0.00149	0.00741	2.58	98654	731	491496	5615290	56.92
2012	25-29	0.00170	0.00846	2.48	97922	829	487524	5123794	52.33
2012	30-34	0.00169	0.00840	2.5	97093	816	483427	4636270	47.75
2012	35-39	0.00198	0.00984	2.53	96278	947	479047	4152843	43.13
2012	40-44	0.00258	0.01282	2.61	95330	1222	473736	3673796	38.54
2012	45-49	0.00372	0.01842	2.58	94108	1733	466355	3200059	34.00
2012	50-54	0.00610	0.03006	2.62	92375	2777	455259	2733704	29.59
2012	55-59	0.00869	0.04258	2.62	89599	3815	438911	2278445	25.43
2012	60-64	0.01271	0.06167	2.6	85783	5291	416238	1839534	21.44
2012	65-69	0.01936	0.09259	2.65	80493	7453	384936	1423296	17.68
2012	70-74	0.02830	0.13263	2.63	73040	9687	342284	1038360	14.22
2012	75-79	0.04564	0.20560	2.59	63352	13025	285404	696076	10.99
2012	80-84	0.07525	0.31812	2.57	50327	16010	212763	410672	8.16
2012	85-89	0.12896	0.48501	2.45	34317	16644	129061	197910	5.77
2012	90-94	0.22762	0.69908	2.24	17673	12355	54278	68849	3.90
2012	95-99	0.34729	0.84466	1.96	5318	4492	12935	14571	2.74
2012	100-104	0.49687	0.93299	1.65	826	771	1551	1636	1.98
2012	105-109	0.64846	0.97132	1.39	55	54	83	85	1.54
2012	110+	0.76152	1.00000	1.31	2	2	2	2	1.31
2013	0	0.00711	0.00707	0.06	100000	707	99339	7603036	76.03
2013	1-4	0.00026	0.00102	1.48	99293	102	396917	7503697	75.57
2013	5-9	0.00013	0.00065	2.63	99192	65	495805	7106780	71.65
2013	10-14	0.00013	0.00063	2.91	99127	62	495504	6610975	66.69
2013	15-19	0.00067	0.00333	3.02	99064	330	494669	6115472	61.73
2013	20-24	0.00145	0.00721	2.61	98734	712	491967	5620803	56.93
2013	25-29	0.00145	0.00723	2.55	98022	709	488372	5128836	52.32
2013	30-34	0.00177	0.00880	2.54	97313	857	484458	4640464	47.69
2013	35-39	0.00195	0.00968	2.64	96457	934	480079	4156006	43.09
2013	40-44	0.00261	0.01295	2.64	95522	1237	474692	3675927	38.48
2013	45-49	0.00385	0.01908	2.68	94286	1799	467253	3201235	33.95
2013	50-54	0.00603	0.02974	2.65	92487	2751	455983	2733982	29.56
2013	55-59	0.00888	0.04349	2.62	89736	3903	439372	2277999	25.39
2013	60-64	0.01296	0.06283	2.59	85833	5393	416143	1838627	21.42
2013	65-69	0.01847	0.08849	2.63	80440	7118	385346	1422484	17.68
2013	70-74	0.02912	0.13611	2.6	73322	9980	342677	1037138	14.14
2013	75-79	0.04591	0.20692	2.62	63342	13107	285470	694461	10.96
2013	80-84	0.07656	0.32310	2.59	50235	16231	211996	408990	8.14
2013	85-89	0.13093	0.49183	2.47	34004	16724	127739	196994	5.79
2013	90-94	0.21869	0.68677	2.29	17280	11867	54264	69255	4.01
2013	95-99	0.34319	0.84074	1.97	5413	4551	13260	14991	2.77
2013	100-104	0.48977	0.93005	1.67	862	802	1637	1731	2.01
2013	105-109	0.63944	0.96974	1.41	60	58	91	94	1.56
2013	110+	0.75218	1.00000	1.33	2	2	2	2	1.33
2014	0	0.00624	0.00620	0.06	100000	620	99418	7617868	76.18
2014	1-4	0.00026	0.00104	1.82	99380	103	397295	7518450	75.65
2014	5-9	0.00013	0.00067	2.27	99277	67	496201	7121156	71.73
2014	10-14	0.00013	0.00063	2.75	99210	63	495908	6624954	66.78
2014	15-19	0.00059	0.00295	2.96	99147	292	495139	6129046	61.82
2014	20-24	0.00151	0.00754	2.73	98855	746	492585	5633907	56.99
2014	25-29	0.00153	0.00761	2.5	98109	747	488683	5141322	52.40
2014	30-34	0.00176	0.00878	2.5	97363	855	484673	4652639	47.79
2014	35-39	0.00204	0.01016	2.55	96507	980	480139	4167966	43.19
2014	40-44	0.00248	0.01234	2.65	95527	1179	474865	3687827	38.61
2014	45-49	0.00376	0.01863	2.67	94348	1758	467642	3212962	34.05
2014	50-54	0.00608	0.02999	2.68	92590	2777	456508	2745320	29.65
2014	55-59	0.00899	0.04401	2.58	89813	3953	439515	2288812	25.48
2014	60-64	0.01313	0.06365	2.6	85861	5465	416171	1849297	21.54
2014	65-69	0.01897	0.09076	2.64	80396	7297	384739	1433126	17.83
2014	70-74	0.02873	0.13440	2.6	73100	9824	341954	1048386	14.34
2014	75-79	0.04427	0.20028	2.62	63275	12673	286274	706433	11.16
2014	80-84	0.07333	0.31136	2.58	50602	15756	214866	420159	8.30
2014	85-89	0.12596	0.47773	2.47	34847	16647	132165	205292	5.89
2014	90-94	0.21875	0.68519	2.27	18199	12470	57006	73128	4.02
2014	95-99	0.33688	0.83516	1.98	5729	4785	14204	16122	2.81
2014	100-104	0.48381	0.92776	1.68	944	876	1811	1918	2.03
2014	105-109	0.63489	0.96901	1.42	68	66	104	107	1.57
2014	110+	0.74912	1.00000	1.33	2	2	3	3	1.33
2015	0	0.00641	0.00637	0.06	100000	637	99403	7585023	75.85
2015	1-4	0.00023	0.00090	1.46	99363	90	397224	7485621	75.34
2015	5-9	0.00010	0.00050	2.53	99273	50	496242	7088397	71.40
2015	10-14	0.00015	0.00077	3.1	99223	76	495971	6592155	66.44
2015	15-19	0.00063	0.00316	3.11	99147	314	495141	6096184	61.49
2015	20-24	0.00151	0.00754	2.74	98833	745	492484	5601043	56.67
2015	25-29	0.00190	0.00944	2.53	98088	926	488160	5108559	52.08
2015	30-34	0.00215	0.01069	2.58	97163	1039	483298	4620399	47.55
2015	35-39	0.00225	0.01118	2.59	96124	1075	478034	4137101	43.04
2015	40-44	0.00257	0.01276	2.55	95049	1213	472277	3659066	38.50
2015	45-49	0.00390	0.01934	2.72	93836	1815	465053	3186789	33.96
2015	50-54	0.00624	0.03076	2.65	92022	2831	453454	2721736	29.58
2015	55-59	0.00902	0.04411	2.57	89191	3934	436385	2268282	25.43
2015	60-64	0.01301	0.06310	2.65	85256	5380	413652	1831897	21.49
2015	65-69	0.01882	0.09007	2.61	79876	7194	382220	1418245	17.76
2015	70-74	0.02917	0.13645	2.64	72682	9917	340028	1036025	14.25
2015	75-79	0.04477	0.20209	2.59	62765	12684	283303	695997	11.09
2015	80-84	0.07431	0.31436	2.55	50081	15743	211851	412694	8.24
2015	85-89	0.12642	0.47895	2.47	34337	16446	130085	200843	5.85
2015	90-94	0.22245	0.69144	2.26	17892	12371	55612	70758	3.95
2015	95-99	0.34664	0.84429	1.96	5521	4661	13446	15146	2.74
2015	100-104	0.49778	0.93346	1.65	860	802	1612	1699	1.98
2015	105-109	0.65084	0.97176	1.39	57	56	85	88	1.53
2015	110+	0.76462	1.00000	1.31	2	2	2	2	1.31
2016	0	0.00678	0.00674	0.06	100000	674	99369	7544513	75.45
2016	1-4	0.00029	0.00115	1.73	99326	114	397046	7445144	74.96
2016	5-9	0.00013	0.00067	2.38	99212	66	495887	7048098	71.04
2016	10-14	0.00019	0.00094	2.86	99146	93	495530	6552210	66.09
2016	15-19	0.00066	0.00328	3.12	99053	325	494653	6056680	61.15
2016	20-24	0.00175	0.00870	2.7	98728	859	491667	5562027	56.34
2016	25-29	0.00222	0.01103	2.54	97869	1080	486691	5070360	51.81
2016	30-34	0.00249	0.01237	2.53	96789	1198	480982	4583669	47.36
2016	35-39	0.00274	0.01359	2.49	95591	1299	474700	4102687	42.92
2016	40-44	0.00311	0.01545	2.61	94292	1457	467984	3627988	38.48
2016	45-49	0.00408	0.02018	2.6	92835	1874	459679	3160004	34.04
2016	50-54	0.00636	0.03133	2.66	90962	2850	448155	2700325	29.69
2016	55-59	0.00914	0.04471	2.63	88112	3939	431234	2252170	25.56
2016	60-64	0.01296	0.06287	2.61	84173	5292	408212	1820936	21.63
2016	65-69	0.01910	0.09134	2.63	78880	7205	377334	1412724	17.91
2016	70-74	0.02766	0.12991	2.66	71675	9311	336597	1035391	14.45
2016	75-79	0.04444	0.20065	2.59	62364	12513	281609	698794	11.21
2016	80-84	0.07266	0.30832	2.55	49850	15370	211540	417185	8.37
2016	85-89	0.12262	0.46925	2.5	34481	16180	131954	205644	5.96
2016	90-94	0.21763	0.68107	2.25	18301	12464	57273	73690	4.03
2016	95-99	0.33691	0.83537	1.98	5837	4876	14472	16417	2.81
2016	100-104	0.48533	0.92849	1.68	961	892	1838	1946	2.02
2016	105-109	0.63774	0.96956	1.41	69	67	104	107	1.56
2016	110+	0.75258	1.00000	1.33	2	2	3	3	1.33
2017	0	0.00667	0.00663	0.06	100000	663	99379	7529650	75.30
2017	1-4	0.00022	0.00089	1.75	99337	89	397151	7430271	74.80
2017	5-9	0.00014	0.00070	2.31	99249	69	496058	7033120	70.86
2017	10-14	0.00015	0.00076	2.58	99180	76	495715	6537062	65.91
2017	15-19	0.00067	0.00332	3.13	99104	329	494905	6041347	60.96
2017	20-24	0.00184	0.00918	2.76	98775	907	491842	5546442	56.15
2017	25-29	0.00238	0.01184	2.56	97868	1159	486507	5054599	51.65
2017	30-34	0.00279	0.01385	2.53	96709	1339	480239	4568092	47.24
2017	35-39	0.00289	0.01435	2.53	95370	1369	473474	4087853	42.86
2017	40-44	0.00329	0.01630	2.53	94001	1532	466215	3614379	38.45
2017	45-49	0.00411	0.02035	2.61	92469	1882	457837	3148164	34.05
2017	50-54	0.00629	0.03098	2.59	90587	2807	446180	2690327	29.70
2017	55-59	0.00926	0.04529	2.61	87780	3975	429392	2244148	25.57
2017	60-64	0.01305	0.06327	2.6	83805	5303	406308	1814756	21.65
2017	65-69	0.01840	0.08810	2.59	78502	6916	375827	1408448	17.94
2017	70-74	0.02819	0.13213	2.63	71586	9459	335526	1032621	14.42
2017	75-79	0.04395	0.19866	2.58	62127	12342	280802	697095	11.22
2017	80-84	0.07268	0.30841	2.55	49785	15354	211257	416293	8.36
2017	85-89	0.12399	0.47271	2.49	34431	16276	131270	205036	5.96
2017	90-94	0.21504	0.67594	2.25	18155	12272	57066	73765	4.06
2017	95-99	0.33354	0.83201	1.99	5883	4895	14675	16699	2.84
2017	100-104	0.47964	0.92601	1.69	988	915	1908	2024	2.05
2017	105-109	0.63056	0.96823	1.42	73	71	112	115	1.58
2017	110+	0.74514	1.00000	1.34	2	2	3	3	1.34
2018	0	0.00663	0.00659	0.06	100000	659	99382	7570403	75.70
2018	1-4	0.00025	0.00098	1.57	99341	97	397126	7471020	75.21
2018	5-9	0.00012	0.00061	2.42	99243	60	496061	7073895	71.28
2018	10-14	0.00019	0.00093	3.13	99183	92	495743	6577834	66.32
2018	15-19	0.00060	0.00297	3.06	99091	295	494881	6082090	61.38
2018	20-24	0.00149	0.00744	2.74	98796	735	492323	5587209	56.55
2018	25-29	0.00217	0.01079	2.49	98061	1058	487649	5094886	51.96
2018	30-34	0.00249	0.01239	2.49	97004	1202	481998	4607237	47.50
2018	35-39	0.00280	0.01390	2.54	95801	1332	475724	4125239	43.06
2018	40-44	0.00296	0.01467	2.58	94470	1386	468989	3649514	38.63
2018	45-49	0.00389	0.01927	2.59	93084	1794	461101	3180525	34.17
2018	50-54	0.00593	0.02925	2.64	91290	2670	450142	2719424	29.79
2018	55-59	0.00926	0.04533	2.64	88619	4017	433636	2269283	25.61
2018	60-64	0.01308	0.06344	2.62	84603	5367	410225	1835647	21.70
2018	65-69	0.01818	0.08706	2.59	79235	6898	379536	1425422	17.99
2018	70-74	0.02837	0.13300	2.65	72337	9621	339065	1045886	14.46
2018	75-79	0.04397	0.19867	2.57	62716	12460	283358	706821	11.27
2018	80-84	0.07132	0.30361	2.55	50256	15259	213948	423463	8.43
2018	85-89	0.12372	0.47106	2.47	34998	16486	133252	209515	5.99
2018	90-94	0.21053	0.66887	2.27	18512	12382	58813	76263	4.12
2018	95-99	0.33235	0.83099	1.99	6130	5094	15327	17450	2.85
2018	100-104	0.47915	0.92588	1.69	1036	959	2002	2123	2.05
2018	105-109	0.63090	0.96833	1.42	77	74	118	121	1.58
2018	110+	0.74604	1.00000	1.34	2	2	3	3	1.34
2019	0	0.00656	0.00652	0.06	100000	652	99389	7596275	75.96
2019	1-4	0.00025	0.00100	1.68	99348	100	397160	7496886	75.46
2019	5-9	0.00016	0.00078	2.44	99248	77	496043	7099727	71.54
2019	10-14	0.00018	0.00092	2.79	99171	91	495651	6603684	66.59
2019	15-19	0.00051	0.00253	3.01	99079	251	494897	6108032	61.65
2019	20-24	0.00140	0.00697	2.61	98828	689	492493	5613136	56.80
2019	25-29	0.00199	0.00990	2.51	98139	972	488281	5120643	52.18
2019	30-34	0.00232	0.01154	2.53	97168	1121	483072	4632362	47.67
2019	35-39	0.00269	0.01338	2.57	96046	1285	477107	4149289	43.20
2019	40-44	0.00300	0.01490	2.5	94761	1412	470276	3672182	38.75
2019	45-49	0.00405	0.02007	2.7	93350	1873	462448	3201907	34.30
2019	50-54	0.00597	0.02944	2.65	91476	2693	451047	2739459	29.95
2019	55-59	0.00916	0.04483	2.6	88784	3980	434375	2288412	25.78
2019	60-64	0.01301	0.06308	2.62	84803	5349	411279	1854036	21.86
2019	65-69	0.01772	0.08497	2.57	79454	6751	380894	1442758	18.16
2019	70-74	0.02724	0.12790	2.62	72703	9299	341348	1061864	14.61
2019	75-79	0.04363	0.19729	2.58	63404	12509	286714	720516	11.36
2019	80-84	0.07214	0.30622	2.53	50895	15585	216025	433803	8.52
2019	85-89	0.11766	0.45445	2.5	35310	16047	136385	217777	6.17
2019	90-94	0.20509	0.65853	2.28	19264	12686	61853	81392	4.23
2019	95-99	0.31671	0.81487	2.02	6578	5360	16924	19539	2.97
2019	100-104	0.45582	0.91497	1.73	1218	1114	2444	2615	2.15
2019	105-109	0.60309	0.96275	1.46	104	100	165	171	1.65
2019	110+	0.71781	1.00000	1.39	4	4	5	5	1.39
