SC: South Carolina, Lifetables (period 5x1), Males Last modified: 20 Dec 2020, MPv5 (May07) 

Year	Age	mx	qx	ax	lx	dx	Lx	Tx	ex
1959	0	0.03915	0.03789	0.15	100000	3789	96780	6285349	62.85
1959	1-4	0.00191	0.00760	1.42	96211	731	382963	6188569	64.32
1959	5-9	0.00079	0.00396	2.17	95480	378	476334	5805606	60.80
1959	10-14	0.00071	0.00355	2.74	95103	338	474750	5329272	56.04
1959	15-19	0.00150	0.00748	2.6	94765	709	472123	4854522	51.23
1959	20-24	0.00238	0.01184	2.36	94055	1113	467335	4382398	46.59
1959	25-29	0.00276	0.01372	2.47	92942	1275	461483	3915063	42.12
1959	30-34	0.00366	0.01814	2.58	91667	1663	454308	3453580	37.68
1959	35-39	0.00433	0.02143	2.68	90004	1929	445538	2999272	33.32
1959	40-44	0.00717	0.03527	2.63	88076	3107	433008	2553735	28.99
1959	45-49	0.01052	0.05137	2.7	84969	4364	414803	2120727	24.96
1959	50-54	0.01825	0.08743	2.6	80604	7047	386141	1705924	21.16
1959	55-59	0.02583	0.12151	2.57	73557	8938	346087	1319783	17.94
1959	60-64	0.03820	0.17410	2.46	64619	11250	294507	973696	15.07
1959	65-69	0.04709	0.21086	2.52	53369	11253	238967	679189	12.73
1959	70-74	0.06127	0.26487	2.44	42116	11155	182068	440222	10.45
1959	75-79	0.08092	0.33592	2.47	30960	10400	128520	258154	8.34
1959	80-84	0.13392	0.49329	2.33	20560	10142	75732	129634	6.31
1959	85-89	0.17137	0.58258	2.25	10418	6069	35415	53902	5.17
1959	90-94	0.21669	0.67042	2.16	4349	2915	13454	18487	4.25
1959	95-99	0.26992	0.75093	2.05	1433	1076	3987	5032	3.51
1959	100-104	0.33055	0.81952	1.92	357	293	885	1045	2.93
1959	105-109	0.39731	0.87386	1.8	64	56	142	160	2.48
1959	110+	0.45162	1.00000	2.21	8	8	18	18	2.21
1960	0	0.03867	0.03743	0.15	100000	3743	96814	6255782	62.56
1960	1-4	0.00166	0.00661	1.47	96257	636	383414	6158968	63.98
1960	5-9	0.00076	0.00378	2.39	95620	361	477157	5775554	60.40
1960	10-14	0.00079	0.00392	2.89	95259	374	475507	5298397	55.62
1960	15-19	0.00156	0.00775	2.76	94885	736	472777	4822890	50.83
1960	20-24	0.00213	0.01057	2.58	94150	996	468341	4350113	46.20
1960	25-29	0.00306	0.01517	2.38	93154	1413	462061	3881772	41.67
1960	30-34	0.00328	0.01629	2.62	91741	1495	455143	3419711	37.28
1960	35-39	0.00504	0.02491	2.69	90246	2248	446031	2964568	32.85
1960	40-44	0.00782	0.03841	2.71	87998	3380	432253	2518537	28.62
1960	45-49	0.01124	0.05475	2.63	84618	4633	412105	2086284	24.66
1960	50-54	0.01747	0.08381	2.57	79985	6703	383631	1674179	20.93
1960	55-59	0.02542	0.11952	2.51	73282	8759	344574	1290548	17.61
1960	60-64	0.04032	0.18274	2.44	64523	11791	292466	945975	14.66
1960	65-69	0.04876	0.21811	2.58	52732	11501	235869	653508	12.39
1960	70-74	0.06205	0.26719	2.4	41231	11016	177535	417639	10.13
1960	75-79	0.08495	0.35011	2.49	30214	10578	124526	240104	7.95
1960	80-84	0.14549	0.52324	2.32	19636	10274	70619	115578	5.89
1960	85-89	0.18706	0.61547	2.22	9362	5762	30802	44959	4.80
1960	90-94	0.23676	0.70359	2.12	3600	2533	10698	14158	3.93
1960	95-99	0.29470	0.78180	2	1067	834	2831	3460	3.24
1960	100-104	0.35998	0.84604	1.87	233	197	547	629	2.70
1960	105-109	0.43085	0.89497	1.73	36	32	74	82	2.29
1960	110+	0.48856	1.00000	2.05	4	4	8	8	2.05
1961	0	0.03785	0.03667	0.15	100000	3667	96871	6338611	63.39
1961	1-4	0.00174	0.00693	1.63	96333	667	383753	6241740	64.79
1961	5-9	0.00066	0.00327	2.25	95666	313	477468	5857987	61.23
1961	10-14	0.00079	0.00394	2.87	95353	376	475965	5380519	56.43
1961	15-19	0.00123	0.00615	2.74	94977	584	473566	4904553	51.64
1961	20-24	0.00204	0.01015	2.68	94393	958	469741	4430987	46.94
1961	25-29	0.00254	0.01260	2.65	93435	1178	464404	3961246	42.40
1961	30-34	0.00322	0.01597	2.47	92257	1473	457556	3496842	37.90
1961	35-39	0.00454	0.02245	2.7	90784	2039	449233	3039286	33.48
1961	40-44	0.00696	0.03423	2.7	88745	3038	436729	2590053	29.19
1961	45-49	0.01117	0.05436	2.54	85707	4659	417098	2153324	25.12
1961	50-54	0.01616	0.07778	2.61	81048	6304	390152	1736226	21.42
1961	55-59	0.02320	0.10973	2.54	74744	8201	353578	1346074	18.01
1961	60-64	0.03649	0.16757	2.57	66543	11151	305584	992496	14.92
1961	65-69	0.05106	0.22568	2.43	55392	12501	244849	686912	12.40
1961	70-74	0.06215	0.26703	2.37	42891	11453	184290	442063	10.31
1961	75-79	0.07934	0.33171	2.53	31438	10428	131447	257773	8.20
1961	80-84	0.13951	0.51023	2.37	21010	10720	76841	126326	6.01
1961	85-89	0.18727	0.61353	2.19	10290	6313	33711	49485	4.81
1961	90-94	0.23390	0.69940	2.13	3977	2781	11891	15774	3.97
1961	95-99	0.29373	0.78102	2	1195	934	3178	3883	3.25
1961	100-104	0.36150	0.84760	1.87	262	222	614	704	2.69
1961	105-109	0.43521	0.89769	1.73	40	36	82	91	2.27
1961	110+	0.49538	1.00000	2.02	4	4	8	8	2.02
1962	0	0.03537	0.03433	0.14	100000	3433	97048	6352945	63.53
1962	1-4	0.00170	0.00677	1.5	96567	654	384633	6255898	64.78
1962	5-9	0.00068	0.00339	2.29	95913	325	478683	5871265	61.21
1962	10-14	0.00070	0.00347	2.82	95588	332	477216	5392582	56.41
1962	15-19	0.00166	0.00828	2.95	95256	789	474664	4915366	51.60
1962	20-24	0.00212	0.01052	2.48	94467	994	469826	4440702	47.01
1962	25-29	0.00237	0.01179	2.49	93473	1102	464596	3970877	42.48
1962	30-34	0.00275	0.01368	2.68	92371	1264	458928	3506281	37.96
1962	35-39	0.00472	0.02333	2.7	91107	2126	450640	3047353	33.45
1962	40-44	0.00699	0.03439	2.7	88981	3060	437879	2596713	29.18
1962	45-49	0.01074	0.05234	2.59	85921	4497	418776	2158834	25.13
1962	50-54	0.01631	0.07847	2.61	81424	6389	391851	1740058	21.37
1962	55-59	0.02398	0.11335	2.59	75035	8505	354693	1348208	17.97
1962	60-64	0.03652	0.16793	2.61	66530	11172	305953	993514	14.93
1962	65-69	0.05031	0.22275	2.43	55358	12331	245080	687561	12.42
1962	70-74	0.06469	0.27675	2.39	43027	11908	184063	442481	10.28
1962	75-79	0.08050	0.33514	2.5	31119	10429	129550	258418	8.30
1962	80-84	0.13172	0.48788	2.34	20690	10094	76635	128868	6.23
1962	85-89	0.17830	0.59870	2.26	10596	6344	35579	52233	4.93
1962	90-94	0.23551	0.70306	2.13	4252	2989	12693	16654	3.92
1962	95-99	0.30398	0.79383	1.99	1263	1002	3297	3961	3.14
1962	100-104	0.38220	0.86476	1.83	260	225	589	664	2.55
1962	105-109	0.46702	0.91482	1.68	35	32	69	75	2.12
1962	110+	0.53655	1.00000	1.86	3	3	6	6	1.86
1963	0	0.03828	0.03707	0.15	100000	3707	96841	6281433	62.81
1963	1-4	0.00172	0.00686	1.54	96293	660	383546	6184592	64.23
1963	5-9	0.00070	0.00350	2.32	95633	334	477269	5801046	60.66
1963	10-14	0.00075	0.00372	2.69	95299	355	475672	5323778	55.86
1963	15-19	0.00158	0.00788	2.68	94944	748	472984	4848105	51.06
1963	20-24	0.00226	0.01122	2.59	94196	1057	468427	4375121	46.45
1963	25-29	0.00220	0.01094	2.39	93139	1019	463033	3906694	41.94
1963	30-34	0.00347	0.01720	2.63	92120	1584	456847	3443662	37.38
1963	35-39	0.00434	0.02148	2.61	90536	1945	448025	2986815	32.99
1963	40-44	0.00694	0.03417	2.69	88591	3027	435965	2538789	28.66
1963	45-49	0.01048	0.05118	2.73	85564	4379	417860	2102824	24.58
1963	50-54	0.01716	0.08235	2.57	81185	6685	389697	1684964	20.75
1963	55-59	0.02476	0.11676	2.56	74499	8698	351301	1295266	17.39
1963	60-64	0.03731	0.17090	2.54	65801	11245	301377	943965	14.35
1963	65-69	0.05503	0.24078	2.4	54556	13136	238687	642588	11.78
1963	70-74	0.07222	0.30366	2.38	41420	12577	174144	403901	9.75
1963	75-79	0.08346	0.34304	2.41	28842	9894	118553	229757	7.97
1963	80-84	0.14367	0.52290	2.4	18948	9908	68963	111204	5.87
1963	85-89	0.19179	0.62551	2.22	9040	5655	29484	42241	4.67
1963	90-94	0.24747	0.72063	2.1	3385	2440	9858	12757	3.77
1963	95-99	0.31283	0.80269	1.97	946	759	2427	2898	3.06
1963	100-104	0.38643	0.86720	1.82	187	162	419	471	2.53
1963	105-109	0.46561	0.91365	1.68	25	23	49	53	2.13
1963	110+	0.53025	1.00000	1.89	2	2	4	4	1.89
1964	0	0.03585	0.03478	0.14	100000	3478	97013	6347723	63.48
1964	1-4	0.00171	0.00683	1.44	96522	659	384398	6250710	64.76
1964	5-9	0.00072	0.00358	2.2	95863	343	478355	5866312	61.19
1964	10-14	0.00068	0.00338	2.74	95520	323	476868	5387958	56.41
1964	15-19	0.00165	0.00824	2.75	95197	784	474218	4911089	51.59
1964	20-24	0.00215	0.01068	2.52	94412	1009	469555	4436871	46.99
1964	25-29	0.00250	0.01244	2.66	93404	1162	464293	3967317	42.48
1964	30-34	0.00299	0.01483	2.44	92241	1368	457708	3503024	37.98
1964	35-39	0.00403	0.01997	2.66	90874	1815	450127	3045316	33.51
1964	40-44	0.00708	0.03485	2.69	89059	3104	438132	2595189	29.14
1964	45-49	0.01056	0.05154	2.66	85955	4430	419397	2157057	25.10
1964	50-54	0.01596	0.07689	2.64	81525	6269	392858	1737660	21.31
1964	55-59	0.02384	0.11286	2.65	75256	8493	356304	1344802	17.87
1964	60-64	0.03537	0.16267	2.54	66763	10860	307078	988498	14.81
1964	65-69	0.05254	0.23180	2.46	55903	12958	246617	681420	12.19
1964	70-74	0.06620	0.28395	2.5	42944	12194	184196	434803	10.12
1964	75-79	0.08016	0.33061	2.35	30750	10166	126834	250607	8.15
1964	80-84	0.13582	0.50235	2.41	20584	10340	76133	123773	6.01
1964	85-89	0.18923	0.62217	2.25	10244	6373	33679	47640	4.65
1964	90-94	0.25745	0.73702	2.1	3870	2853	11080	13961	3.61
1964	95-99	0.33953	0.83100	1.93	1018	846	2491	2881	2.83
1964	100-104	0.43235	0.89814	1.75	172	154	357	390	2.27
1964	105-109	0.53034	0.94064	1.57	18	16	31	33	1.87
1964	110+	0.60979	1.00000	1.64	1	1	2	2	1.64
1965	0	0.03454	0.03354	0.14	100000	3354	97108	6301910	63.02
1965	1-4	0.00167	0.00667	1.5	96646	644	384971	6204802	64.20
1965	5-9	0.00063	0.00315	2.25	96002	303	479177	5819831	60.62
1965	10-14	0.00069	0.00346	2.85	95699	331	477786	5340654	55.81
1965	15-19	0.00162	0.00805	2.8	95368	767	475156	4862867	50.99
1965	20-24	0.00197	0.00981	2.53	94601	928	470716	4387712	46.38
1965	25-29	0.00287	0.01426	2.51	93673	1336	465033	3916996	41.82
1965	30-34	0.00304	0.01509	2.57	92337	1393	458296	3451962	37.38
1965	35-39	0.00475	0.02347	2.67	90944	2135	449748	2993667	32.92
1965	40-44	0.00695	0.03418	2.62	88809	3036	436825	2543918	28.64
1965	45-49	0.01098	0.05352	2.66	85773	4591	418124	2107094	24.57
1965	50-54	0.01709	0.08197	2.52	81183	6654	389423	1688970	20.80
1965	55-59	0.02533	0.11938	2.6	74529	8897	351265	1299547	17.44
1965	60-64	0.03692	0.16900	2.5	65632	11092	300440	948282	14.45
1965	65-69	0.05640	0.24658	2.45	54540	13448	238439	647842	11.88
1965	70-74	0.06788	0.28966	2.47	41091	11902	175355	409403	9.96
1965	75-79	0.08966	0.36387	2.41	29189	10621	118459	234048	8.02
1965	80-84	0.13228	0.49229	2.4	18568	9141	69103	115589	6.23
1965	85-89	0.18026	0.60089	2.23	9427	5665	31424	46487	4.93
1965	90-94	0.23070	0.69471	2.14	3762	2614	11330	15062	4.00
1965	95-99	0.29305	0.78065	2.01	1149	897	3060	3733	3.25
1965	100-104	0.36410	0.85012	1.87	252	214	588	673	2.67
1965	105-109	0.44155	0.90149	1.72	38	34	77	84	2.24
1965	110+	0.50495	1.00000	1.98	4	4	7	7	1.98
1966	0	0.03343	0.03249	0.13	100000	3249	97189	6310101	63.10
1966	1-4	0.00171	0.00680	1.54	96751	658	385383	6212913	64.22
1966	5-9	0.00057	0.00284	2.58	96093	273	479805	5827530	60.64
1966	10-14	0.00074	0.00369	2.79	95821	353	478323	5347725	55.81
1966	15-19	0.00173	0.00862	2.79	95467	823	475519	4869402	51.01
1966	20-24	0.00240	0.01194	2.37	94645	1130	470257	4393884	46.42
1966	25-29	0.00276	0.01373	2.68	93515	1284	464596	3923627	41.96
1966	30-34	0.00367	0.01818	2.62	92231	1677	457160	3459031	37.50
1966	35-39	0.00467	0.02308	2.66	90554	2090	447875	3001871	33.15
1966	40-44	0.00675	0.03323	2.62	88464	2939	435319	2553995	28.87
1966	45-49	0.01107	0.05388	2.56	85525	4608	416370	2118676	24.77
1966	50-54	0.01679	0.08073	2.62	80917	6532	389044	1702307	21.04
1966	55-59	0.02513	0.11849	2.59	74384	8814	350684	1313262	17.66
1966	60-64	0.03505	0.16148	2.57	65570	10588	302105	962578	14.68
1966	65-69	0.05340	0.23542	2.49	54982	12944	242398	660473	12.01
1966	70-74	0.06844	0.29102	2.43	42038	12234	178758	418075	9.95
1966	75-79	0.08603	0.35098	2.38	29804	10461	121594	239317	8.03
1966	80-84	0.13344	0.49700	2.43	19344	9614	72048	117723	6.09
1966	85-89	0.18849	0.61846	2.22	9730	6017	31925	45675	4.69
1966	90-94	0.25012	0.72611	2.11	3712	2696	10777	13750	3.70
1966	95-99	0.32788	0.81958	1.95	1017	833	2542	2973	2.92
1966	100-104	0.41620	0.88836	1.77	183	163	392	431	2.35
1966	105-109	0.51033	0.93343	1.6	20	19	37	40	1.94
1966	110+	0.58704	1.00000	1.7	1	1	2	2	1.70
1967	0	0.03139	0.03056	0.13	100000	3056	97339	6367848	63.68
1967	1-4	0.00159	0.00633	1.57	96944	614	386285	6270509	64.68
1967	5-9	0.00055	0.00272	2.45	96330	262	480982	5884224	61.08
1967	10-14	0.00062	0.00308	2.81	96068	296	479691	5403242	56.24
1967	15-19	0.00179	0.00890	2.83	95772	852	477012	4923551	51.41
1967	20-24	0.00254	0.01261	2.41	94920	1197	471507	4446539	46.85
1967	25-29	0.00219	0.01091	2.47	93723	1022	466032	3975032	42.41
1967	30-34	0.00324	0.01607	2.5	92701	1490	459786	3509000	37.85
1967	35-39	0.00448	0.02213	2.48	91212	2019	450981	3049214	33.43
1967	40-44	0.00714	0.03510	2.58	89193	3130	438394	2598234	29.13
1967	45-49	0.01001	0.04890	2.63	86063	4209	420344	2159840	25.10
1967	50-54	0.01667	0.08022	2.66	81854	6567	393875	1739496	21.25
1967	55-59	0.02472	0.11664	2.59	75287	8782	355231	1345620	17.87
1967	60-64	0.03404	0.15682	2.49	66505	10430	306386	990390	14.89
1967	65-69	0.05152	0.22746	2.43	56076	12755	247564	684004	12.20
1967	70-74	0.06723	0.28707	2.46	43321	12436	184965	436440	10.07
1967	75-79	0.08805	0.35783	2.38	30885	11051	125516	251475	8.14
1967	80-84	0.12424	0.46965	2.4	19833	9315	74970	125959	6.35
1967	85-89	0.17898	0.60149	2.27	10519	6327	35349	50988	4.85
1967	90-94	0.24695	0.72219	2.13	4192	3027	12259	15639	3.73
1967	95-99	0.32987	0.82228	1.95	1165	958	2903	3380	2.90
1967	100-104	0.42469	0.89407	1.76	207	185	436	477	2.31
1967	105-109	0.52554	0.93925	1.58	22	21	39	41	1.89
1967	110+	0.60753	1.00000	1.65	1	1	2	2	1.65
1968	0	0.03096	0.03014	0.13	100000	3014	97372	6277230	62.77
1968	1-4	0.00158	0.00630	1.59	96986	611	386470	6179859	63.72
1968	5-9	0.00082	0.00408	2.58	96375	394	480922	5793388	60.11
1968	10-14	0.00085	0.00426	2.81	95981	409	479009	5312466	55.35
1968	15-19	0.00177	0.00884	2.69	95572	845	475906	4833457	50.57
1968	20-24	0.00271	0.01346	2.58	94728	1275	470555	4357551	46.00
1968	25-29	0.00242	0.01205	2.61	93452	1126	464572	3886996	41.59
1968	30-34	0.00399	0.01975	2.51	92326	1823	457097	3422424	37.07
1968	35-39	0.00434	0.02148	2.74	90503	1944	448116	2965327	32.77
1968	40-44	0.00752	0.03697	2.66	88559	3274	435127	2517211	28.42
1968	45-49	0.01075	0.05240	2.62	85285	4469	415775	2082084	24.41
1968	50-54	0.01738	0.08348	2.66	80816	6746	388263	1666308	20.62
1968	55-59	0.02514	0.11828	2.5	74069	8761	348483	1278045	17.25
1968	60-64	0.03523	0.16241	2.6	65308	10606	301068	929562	14.23
1968	65-69	0.05418	0.23833	2.48	54702	13037	240638	628494	11.49
1968	70-74	0.07653	0.31903	2.39	41665	13292	173676	387856	9.31
1968	75-79	0.09874	0.39191	2.37	28373	11120	112614	214180	7.55
1968	80-84	0.13708	0.50202	2.33	17253	8661	63182	101567	5.89
1968	85-89	0.20200	0.64476	2.2	8592	5540	27424	38385	4.47
1968	90-94	0.25941	0.73930	2.09	3052	2256	8698	10961	3.59
1968	95-99	0.33829	0.82939	1.93	796	660	1951	2262	2.84
1968	100-104	0.42715	0.89480	1.75	136	121	284	312	2.30
1968	105-109	0.52109	0.93724	1.58	14	13	26	27	1.90
1968	110+	0.59739	1.00000	1.67	1	1	2	2	1.67
1969	0	0.02824	0.02755	0.12	100000	2755	97578	6346795	63.47
1969	1-4	0.00135	0.00539	1.64	97245	524	387740	6249217	64.26
1969	5-9	0.00067	0.00333	2.55	96721	322	482815	5861477	60.60
1969	10-14	0.00070	0.00351	2.92	96399	338	481289	5378662	55.80
1969	15-19	0.00164	0.00816	2.77	96060	784	478553	4897373	50.98
1969	20-24	0.00259	0.01289	2.52	95277	1228	473336	4418819	46.38
1969	25-29	0.00259	0.01285	2.5	94049	1208	467222	3945483	41.95
1969	30-34	0.00357	0.01771	2.56	92840	1644	460192	3478262	37.46
1969	35-39	0.00426	0.02112	2.84	91196	1926	451819	3018070	33.09
1969	40-44	0.00767	0.03766	2.62	89270	3362	438334	2566252	28.75
1969	45-49	0.01110	0.05410	2.7	85908	4648	418862	2127918	24.77
1969	50-54	0.01696	0.08155	2.64	81260	6627	390637	1709056	21.03
1969	55-59	0.02315	0.10952	2.54	74633	8174	353081	1318419	17.67
1969	60-64	0.03732	0.17114	2.58	66460	11374	304746	965338	14.53
1969	65-69	0.05090	0.22591	2.51	55086	12445	244473	660592	11.99
1969	70-74	0.07181	0.30477	2.52	42641	12996	180985	416119	9.76
1969	75-79	0.08940	0.36216	2.38	29645	10736	120095	235134	7.93
1969	80-84	0.13563	0.49873	2.35	18909	9430	69532	115039	6.08
1969	85-89	0.18994	0.61539	2.14	9479	5833	30709	45507	4.80
1969	90-94	0.22819	0.68996	2.14	3646	2515	11023	14798	4.06
1969	95-99	0.28507	0.77039	2.02	1130	871	3055	3775	3.34
1969	100-104	0.34955	0.83722	1.89	260	217	622	721	2.78
1969	105-109	0.41998	0.88863	1.75	42	38	89	99	2.35
1969	110+	0.47740	1.00000	2.09	5	5	10	10	2.09
1970	0	0.02779	0.02713	0.12	100000	2713	97612	6386771	63.87
1970	1-4	0.00097	0.00387	1.67	97287	376	388272	6289159	64.65
1970	5-9	0.00076	0.00380	2.34	96911	369	483573	5900887	60.89
1970	10-14	0.00055	0.00274	2.81	96542	264	482131	5417314	56.11
1970	15-19	0.00179	0.00889	2.63	96278	856	479363	4935183	51.26
1970	20-24	0.00245	0.01217	2.61	95422	1161	474330	4455820	46.70
1970	25-29	0.00270	0.01340	2.58	94261	1263	468248	3981491	42.24
1970	30-34	0.00320	0.01586	2.47	92998	1475	461262	3513242	37.78
1970	35-39	0.00457	0.02260	2.62	91522	2068	452694	3051980	33.35
1970	40-44	0.00733	0.03601	2.58	89454	3221	439465	2599286	29.06
1970	45-49	0.01123	0.05468	2.61	86233	4715	419906	2159821	25.05
1970	50-54	0.01649	0.07942	2.68	81518	6474	392589	1739914	21.34
1970	55-59	0.02445	0.11550	2.61	75044	8668	354537	1347326	17.95
1970	60-64	0.03395	0.15693	2.6	66376	10416	306849	992788	14.96
1970	65-69	0.04986	0.22228	2.56	55960	12439	249459	685939	12.26
1970	70-74	0.06942	0.29610	2.52	43521	12887	185631	436480	10.03
1970	75-79	0.08383	0.34478	2.43	30634	10562	125997	250849	8.19
1970	80-84	0.13652	0.50103	2.35	20072	10057	73667	124853	6.22
1970	85-89	0.17434	0.59000	2.26	10015	5909	33893	51186	5.11
1970	90-94	0.21938	0.67488	2.15	4106	2771	12632	17293	4.21
1970	95-99	0.27192	0.75338	2.04	1335	1006	3699	4660	3.49
1970	100-104	0.33155	0.82032	1.92	329	270	815	961	2.92
1970	105-109	0.39705	0.87354	1.79	59	52	130	147	2.48
1970	110+	0.45025	1.00000	2.22	7	7	17	17	2.22
1971	0	0.02530	0.02474	0.11	100000	2474	97805	6424772	64.25
1971	1-4	0.00089	0.00357	1.77	97526	348	389327	6326967	64.87
1971	5-9	0.00071	0.00356	2.25	97178	345	484939	5937640	61.10
1971	10-14	0.00070	0.00350	2.91	96832	339	483454	5452701	56.31
1971	15-19	0.00172	0.00855	2.82	96494	825	480667	4969247	51.50
1971	20-24	0.00231	0.01150	2.59	95668	1100	475687	4488579	46.92
1971	25-29	0.00293	0.01456	2.38	94568	1377	469228	4012892	42.43
1971	30-34	0.00334	0.01656	2.65	93191	1544	462320	3543665	38.03
1971	35-39	0.00524	0.02589	2.6	91647	2373	452543	3081345	33.62
1971	40-44	0.00727	0.03572	2.65	89274	3189	438881	2628802	29.45
1971	45-49	0.01026	0.05011	2.67	86085	4313	420389	2189921	25.44
1971	50-54	0.01577	0.07598	2.62	81772	6213	394041	1769532	21.64
1971	55-59	0.02320	0.10967	2.51	75559	8286	357138	1375491	18.20
1971	60-64	0.03488	0.16073	2.56	67272	10813	309959	1018353	15.14
1971	65-69	0.04527	0.20393	2.57	56460	11514	254340	708394	12.55
1971	70-74	0.06724	0.28698	2.45	44946	12899	191829	454054	10.10
1971	75-79	0.08720	0.35643	2.44	32047	11422	130991	262225	8.18
1971	80-84	0.12730	0.47504	2.33	20625	9797	76963	131234	6.36
1971	85-89	0.17725	0.59414	2.23	10827	6433	36292	54271	5.01
1971	90-94	0.22484	0.68515	2.15	4394	3011	13391	17979	4.09
1971	95-99	0.28640	0.77277	2.02	1384	1069	3733	4588	3.32
1971	100-104	0.35687	0.84420	1.88	314	265	744	855	2.72
1971	105-109	0.43406	0.89742	1.73	49	44	101	111	2.27
1971	110+	0.49731	1.00000	2.01	5	5	10	10	2.01
1972	0	0.02486	0.02432	0.11	100000	2432	97840	6407065	64.07
1972	1-4	0.00097	0.00386	1.52	97568	377	389337	6309225	64.66
1972	5-9	0.00062	0.00311	2.38	97191	303	485163	5919888	60.91
1972	10-14	0.00079	0.00393	2.72	96889	381	483572	5434725	56.09
1972	15-19	0.00192	0.00954	2.88	96507	921	480580	4951153	51.30
1972	20-24	0.00231	0.01149	2.44	95586	1098	475125	4470573	46.77
1972	25-29	0.00272	0.01350	2.62	94488	1276	469405	3995448	42.29
1972	30-34	0.00327	0.01623	2.54	93213	1513	462344	3526043	37.83
1972	35-39	0.00481	0.02380	2.78	91700	2182	453644	3063699	33.41
1972	40-44	0.00739	0.03636	2.75	89517	3254	440261	2610055	29.16
1972	45-49	0.01075	0.05240	2.63	86263	4520	420606	2169795	25.15
1972	50-54	0.01617	0.07807	2.79	81743	6381	394579	1749188	21.40
1972	55-59	0.02361	0.11170	2.58	75361	8418	356457	1354610	17.97
1972	60-64	0.03542	0.16322	2.6	66943	10927	308455	998152	14.91
1972	65-69	0.04529	0.20277	2.42	56017	11358	250810	689697	12.31
1972	70-74	0.07151	0.30234	2.45	44658	13502	188824	438887	9.83
1972	75-79	0.09108	0.37350	2.59	31156	11637	127771	250063	8.03
1972	80-84	0.12172	0.46391	2.44	19519	9055	74391	122292	6.27
1972	85-89	0.20207	0.63404	2.06	10464	6635	32834	47900	4.58
1972	90-94	0.23397	0.70082	2.14	3829	2684	11471	15067	3.93
1972	95-99	0.30359	0.79360	1.99	1146	909	2995	3596	3.14
1972	100-104	0.38335	0.86579	1.83	236	205	534	601	2.54
1972	105-109	0.46990	0.91630	1.67	32	29	62	67	2.10
1972	110+	0.54090	1.00000	1.85	3	3	5	5	1.85
1973	0	0.02484	0.02430	0.11	100000	2430	97841	6397118	63.97
1973	1-4	0.00107	0.00429	1.73	97570	419	389327	6299277	64.56
1973	5-9	0.00062	0.00311	2.48	97151	302	484997	5909950	60.83
1973	10-14	0.00067	0.00335	2.43	96849	325	483413	5424953	56.01
1973	15-19	0.00182	0.00907	2.7	96525	876	480609	4941540	51.19
1973	20-24	0.00236	0.01172	2.51	95649	1121	475455	4460931	46.64
1973	25-29	0.00289	0.01434	2.69	94528	1356	469507	3985476	42.16
1973	30-34	0.00328	0.01627	2.69	93172	1516	462365	3515969	37.74
1973	35-39	0.00497	0.02455	2.58	91656	2250	452844	3053604	33.32
1973	40-44	0.00766	0.03760	2.6	89406	3362	438976	2600760	29.09
1973	45-49	0.01070	0.05215	2.55	86044	4488	419208	2161784	25.12
1973	50-54	0.01614	0.07775	2.63	81556	6341	392784	1742576	21.37
1973	55-59	0.02363	0.11191	2.65	75216	8417	356265	1349791	17.95
1973	60-64	0.03628	0.16645	2.52	66798	11119	306470	993526	14.87
1973	65-69	0.04517	0.20291	2.5	55679	11298	250104	687056	12.34
1973	70-74	0.06813	0.29032	2.46	44381	12885	189116	436952	9.85
1973	75-79	0.09385	0.37658	2.38	31497	11861	126389	247836	7.87
1973	80-84	0.13849	0.51203	2.46	19635	10054	72596	121446	6.19
1973	85-89	0.17470	0.58973	2.25	9581	5650	32343	48851	5.10
1973	90-94	0.22005	0.67606	2.15	3931	2658	12077	16507	4.20
1973	95-99	0.27290	0.75469	2.04	1273	961	3522	4430	3.48
1973	100-104	0.33288	0.82162	1.92	312	257	771	909	2.91
1973	105-109	0.39873	0.87470	1.79	56	49	122	138	2.47
1973	110+	0.45223	1.00000	2.21	7	7	15	15	2.21
1974	0	0.02567	0.02510	0.11	100000	2510	97776	6467537	64.68
1974	1-4	0.00092	0.00369	1.73	97490	360	389143	6369761	65.34
1974	5-9	0.00059	0.00296	2.65	97131	288	484977	5980618	61.57
1974	10-14	0.00073	0.00363	2.64	96843	351	483384	5495641	56.75
1974	15-19	0.00178	0.00886	2.72	96491	854	480507	5012257	51.95
1974	20-24	0.00246	0.01222	2.53	95637	1169	475293	4531750	47.38
1974	25-29	0.00275	0.01364	2.63	94468	1289	469292	4056457	42.94
1974	30-34	0.00294	0.01461	2.63	93179	1361	462668	3587165	38.50
1974	35-39	0.00448	0.02219	2.76	91818	2037	454522	3124497	34.03
1974	40-44	0.00607	0.02992	2.68	89781	2686	442683	2669975	29.74
1974	45-49	0.01046	0.05105	2.66	87095	4446	425051	2227292	25.57
1974	50-54	0.01552	0.07482	2.63	82649	6184	398568	1802241	21.81
1974	55-59	0.02255	0.10696	2.6	76465	8179	362661	1403673	18.36
1974	60-64	0.03456	0.15947	2.58	68286	10890	315110	1041013	15.24
1974	65-69	0.04609	0.20627	2.46	57396	11839	256894	725903	12.65
1974	70-74	0.06645	0.28451	2.48	45557	12961	195060	469009	10.29
1974	75-79	0.08200	0.33907	2.45	32596	11052	134778	273950	8.40
1974	80-84	0.12778	0.48343	2.48	21544	10415	81505	139171	6.46
1974	85-89	0.16800	0.57717	2.29	11129	6423	38234	57666	5.18
1974	90-94	0.22181	0.68041	2.16	4706	3202	14434	19433	4.13
1974	95-99	0.28525	0.77171	2.03	1504	1161	4068	4998	3.32
1974	100-104	0.35825	0.84569	1.88	343	290	810	930	2.71
1974	105-109	0.43840	0.90009	1.73	53	48	109	119	2.25
1974	110+	0.50423	1.00000	1.98	5	5	10	10	1.98
1975	0	0.02294	0.02248	0.11	100000	2248	97991	6566391	65.66
1975	1-4	0.00093	0.00371	1.63	97752	362	390147	6468400	66.17
1975	5-9	0.00047	0.00236	2.61	97389	230	486397	6078253	62.41
1975	10-14	0.00057	0.00283	2.69	97160	275	485164	5591855	57.55
1975	15-19	0.00149	0.00745	2.96	96884	722	482950	5106691	52.71
1975	20-24	0.00193	0.00960	2.36	96163	924	478379	4623742	48.08
1975	25-29	0.00218	0.01086	2.55	95239	1035	473660	4145363	43.53
1975	30-34	0.00282	0.01399	2.71	94205	1318	468002	3671703	38.98
1975	35-39	0.00389	0.01928	2.75	92886	1790	460410	3203701	34.49
1975	40-44	0.00632	0.03113	2.59	91096	2836	448659	2743290	30.11
1975	45-49	0.00965	0.04714	2.61	88260	4161	431338	2294631	26.00
1975	50-54	0.01463	0.07063	2.56	84099	5940	405976	1863294	22.16
1975	55-59	0.02260	0.10706	2.55	78159	8368	370319	1457317	18.65
1975	60-64	0.03306	0.15299	2.57	69792	10678	323017	1086999	15.57
1975	65-69	0.04363	0.19697	2.54	59114	11644	266896	763981	12.92
1975	70-74	0.06052	0.26272	2.49	47470	12471	206084	497085	10.47
1975	75-79	0.08260	0.34044	2.42	34999	11915	144256	291001	8.31
1975	80-84	0.12693	0.47972	2.46	23084	11074	87246	146745	6.36
1975	85-89	0.17554	0.59341	2.27	12010	7127	40599	59500	4.95
1975	90-94	0.23750	0.70703	2.14	4883	3453	14537	18901	3.87
1975	95-99	0.31275	0.80419	1.98	1431	1150	3679	4364	3.05
1975	100-104	0.39912	0.87742	1.81	280	246	616	685	2.44
1975	105-109	0.49229	0.92644	1.63	34	32	65	69	2.01
1975	110+	0.56859	1.00000	1.76	3	3	4	4	1.76
1976	0	0.02260	0.02215	0.11	100000	2215	98019	6637083	66.37
1976	1-4	0.00086	0.00343	1.57	97785	335	390323	6539064	66.87
1976	5-9	0.00048	0.00241	2.37	97450	234	486632	6148741	63.10
1976	10-14	0.00046	0.00228	2.77	97215	222	485582	5662109	58.24
1976	15-19	0.00148	0.00738	2.84	96993	716	483420	5176527	53.37
1976	20-24	0.00193	0.00962	2.53	96277	926	479101	4693107	48.75
1976	25-29	0.00223	0.01112	2.77	95352	1060	474396	4214006	44.19
1976	30-34	0.00243	0.01207	2.73	94292	1138	468871	3739610	39.66
1976	35-39	0.00354	0.01755	2.68	93154	1635	461980	3270739	35.11
1976	40-44	0.00625	0.03082	2.7	91519	2821	451111	2808760	30.69
1976	45-49	0.00894	0.04381	2.71	88698	3886	434573	2357649	26.58
1976	50-54	0.01406	0.06797	2.57	84812	5765	410048	1923076	22.67
1976	55-59	0.02106	0.10049	2.72	79047	7943	377132	1513027	19.14
1976	60-64	0.02993	0.13934	2.53	71104	9907	331061	1135895	15.98
1976	65-69	0.04135	0.18747	2.52	61197	11473	277487	804834	13.15
1976	70-74	0.05999	0.26112	2.52	49724	12984	216438	527347	10.61
1976	75-79	0.08156	0.33681	2.42	36740	12375	151727	310909	8.46
1976	80-84	0.12342	0.46483	2.35	24366	11326	91764	159183	6.53
1976	85-89	0.16782	0.57898	2.32	13040	7550	44988	67418	5.17
1976	90-94	0.22405	0.68450	2.16	5490	3758	16773	22430	4.09
1976	95-99	0.29046	0.77834	2.02	1732	1348	4641	5657	3.27
1976	100-104	0.36701	0.85316	1.86	384	328	892	1016	2.65
1976	105-109	0.45086	0.90694	1.7	56	51	113	123	2.19
1976	110+	0.51978	1.00000	1.92	5	5	10	10	1.92
1977	0	0.01886	0.01854	0.1	100000	1854	98323	6651524	66.52
1977	1-4	0.00083	0.00332	1.6	98146	326	391802	6553201	66.77
1977	5-9	0.00049	0.00243	2.23	97820	238	488441	6161400	62.99
1977	10-14	0.00050	0.00249	2.84	97582	243	487387	5672959	58.14
1977	15-19	0.00161	0.00801	2.84	97339	780	485013	5185573	53.27
1977	20-24	0.00214	0.01062	2.55	96559	1026	480285	4700559	48.68
1977	25-29	0.00239	0.01187	2.69	95533	1134	475052	4220274	44.18
1977	30-34	0.00250	0.01242	2.65	94399	1172	469244	3745223	39.67
1977	35-39	0.00364	0.01807	2.65	93227	1684	462183	3275979	35.14
1977	40-44	0.00551	0.02721	2.68	91543	2491	451946	2813796	30.74
1977	45-49	0.00863	0.04229	2.66	89052	3766	436442	2361849	26.52
1977	50-54	0.01310	0.06351	2.62	85286	5416	413537	1925408	22.58
1977	55-59	0.02176	0.10360	2.68	79869	8274	380172	1511870	18.93
1977	60-64	0.03015	0.14040	2.56	71595	10052	333427	1131698	15.81
1977	65-69	0.04233	0.19175	2.55	61543	11801	278754	798271	12.97
1977	70-74	0.06288	0.27233	2.54	49742	13546	215421	519517	10.44
1977	75-79	0.08311	0.34409	2.5	36196	12455	149855	304096	8.40
1977	80-84	0.12315	0.46537	2.38	23741	11048	89716	154241	6.50
1977	85-89	0.17476	0.58940	2.24	12693	7481	42807	64526	5.08
1977	90-94	0.21950	0.67646	2.16	5212	3526	16061	21719	4.17
1977	95-99	0.28227	0.76802	2.03	1686	1295	4588	5657	3.36
1977	100-104	0.35461	0.84259	1.89	391	330	929	1069	2.73
1977	105-109	0.43420	0.89774	1.73	62	55	127	140	2.27
1977	110+	0.49957	1.00000	2	6	6	13	13	2.00
1978	0	0.02137	0.02097	0.1	100000	2097	98118	6708200	67.08
1978	1-4	0.00088	0.00352	1.63	97903	344	390797	6610082	67.52
1978	5-9	0.00045	0.00225	2.44	97559	219	487232	6219285	63.75
1978	10-14	0.00042	0.00207	2.94	97340	202	486281	5732053	58.89
1978	15-19	0.00159	0.00790	2.88	97138	768	484063	5245772	54.00
1978	20-24	0.00174	0.00867	2.51	96370	836	479768	4761709	49.41
1978	25-29	0.00215	0.01067	2.37	95534	1020	474991	4281941	44.82
1978	30-34	0.00235	0.01170	2.7	94515	1106	470032	3806950	40.28
1978	35-39	0.00359	0.01780	2.61	93409	1663	463076	3336918	35.72
1978	40-44	0.00546	0.02697	2.74	91746	2475	453129	2873842	31.32
1978	45-49	0.00817	0.04012	2.72	89271	3581	438189	2420713	27.12
1978	50-54	0.01320	0.06394	2.55	85690	5479	415010	1982524	23.14
1978	55-59	0.02014	0.09617	2.66	80211	7714	383003	1567514	19.54
1978	60-64	0.02914	0.13619	2.61	72497	9874	338876	1184511	16.34
1978	65-69	0.04081	0.18546	2.54	62623	11614	284557	845635	13.50
1978	70-74	0.05702	0.24939	2.49	51009	12721	223086	561078	11.00
1978	75-79	0.07844	0.32636	2.43	38288	12496	159294	337992	8.83
1978	80-84	0.11023	0.42784	2.39	25792	11035	100110	178698	6.93
1978	85-89	0.16160	0.55994	2.26	14757	8263	51133	78589	5.33
1978	90-94	0.21385	0.66775	2.19	6494	4336	20278	27455	4.23
1978	95-99	0.28359	0.77083	2.04	2158	1663	5865	7177	3.33
1978	100-104	0.36521	0.85245	1.87	494	422	1154	1312	2.65
1978	105-109	0.45531	0.90976	1.7	73	66	146	158	2.17
1978	110+	0.52971	1.00000	1.89	7	7	12	12	1.89
1979	0	0.01945	0.01912	0.1	100000	1912	98274	6729449	67.29
1979	1-4	0.00076	0.00305	1.7	98088	299	391666	6631175	67.60
1979	5-9	0.00041	0.00207	2.53	97789	202	488446	6239509	63.81
1979	10-14	0.00058	0.00287	3.1	97587	280	487402	5751063	58.93
1979	15-19	0.00138	0.00688	2.7	97307	670	484993	5263661	54.09
1979	20-24	0.00199	0.00991	2.61	96637	958	480900	4778668	49.45
1979	25-29	0.00198	0.00983	2.41	95679	941	475958	4297769	44.92
1979	30-34	0.00212	0.01056	2.49	94739	1001	471178	3821811	40.34
1979	35-39	0.00344	0.01705	2.57	93738	1598	464801	3350633	35.74
1979	40-44	0.00585	0.02889	2.81	92140	2662	454872	2885832	31.32
1979	45-49	0.00841	0.04120	2.61	89477	3686	438559	2430960	27.17
1979	50-54	0.01402	0.06788	2.66	85791	5824	415356	1992401	23.22
1979	55-59	0.01875	0.08983	2.67	79967	7183	383098	1577045	19.72
1979	60-64	0.02862	0.13386	2.58	72784	9743	340389	1193947	16.40
1979	65-69	0.04067	0.18490	2.55	63042	11657	286629	853557	13.54
1979	70-74	0.05560	0.24472	2.55	51385	12575	226173	566928	11.03
1979	75-79	0.07698	0.32369	2.54	38810	12562	163185	340755	8.78
1979	80-84	0.11394	0.44177	2.46	26248	11595	101767	177570	6.77
1979	85-89	0.16632	0.57426	2.31	14652	8414	50592	75803	5.17
1979	90-94	0.22491	0.68718	2.17	6238	4287	19060	25211	4.04
1979	95-99	0.30085	0.79168	2.01	1951	1545	5135	6151	3.15
1979	100-104	0.38925	0.87104	1.83	407	354	910	1016	2.50
1979	105-109	0.48558	0.92398	1.65	52	48	100	107	2.04
1979	110+	0.56480	1.00000	1.77	4	4	7	7	1.77
1980	0	0.01736	0.01709	0.09	100000	1709	98448	6744859	67.45
1980	1-4	0.00093	0.00370	1.49	98291	364	392252	6646411	67.62
1980	5-9	0.00038	0.00187	2.33	97927	184	489147	6254160	63.87
1980	10-14	0.00042	0.00209	2.88	97744	205	488285	5765013	58.98
1980	15-19	0.00142	0.00707	2.87	97539	689	486227	5276728	54.10
1980	20-24	0.00206	0.01027	2.69	96850	995	481954	4790501	49.46
1980	25-29	0.00223	0.01110	2.59	95855	1064	476710	4308547	44.95
1980	30-34	0.00244	0.01212	2.53	94791	1149	471118	3831837	40.42
1980	35-39	0.00351	0.01742	2.69	93643	1631	464453	3360720	35.89
1980	40-44	0.00468	0.02317	2.71	92012	2131	455177	2896266	31.48
1980	45-49	0.00825	0.04049	2.7	89880	3639	441048	2441090	27.16
1980	50-54	0.01232	0.05988	2.65	86241	5164	419090	2000041	23.19
1980	55-59	0.01902	0.09109	2.69	81077	7385	388301	1580951	19.50
1980	60-64	0.02884	0.13484	2.59	73692	9936	344525	1192650	16.18
1980	65-69	0.04096	0.18616	2.55	63755	11869	289741	848125	13.30
1980	70-74	0.05841	0.25513	2.52	51887	13238	226636	558384	10.76
1980	75-79	0.07680	0.31950	2.37	38648	12348	160790	331749	8.58
1980	80-84	0.12113	0.46158	2.42	26300	12140	100223	170959	6.50
1980	85-89	0.17717	0.59557	2.25	14161	8434	47601	70735	5.00
1980	90-94	0.22646	0.68888	2.16	5727	3945	17421	23134	4.04
1980	95-99	0.29612	0.78536	2.01	1782	1399	4726	5713	3.21
1980	100-104	0.37653	0.86091	1.85	382	329	874	988	2.58
1980	105-109	0.46433	0.91385	1.68	53	49	105	113	2.13
1980	110+	0.53651	1.00000	1.86	5	5	9	9	1.86
1981	0	0.01773	0.01744	0.09	100000	1744	98417	6797846	67.98
1981	1-4	0.00080	0.00320	1.6	98256	314	392268	6699429	68.18
1981	5-9	0.00041	0.00205	2.61	97941	200	489227	6307161	64.40
1981	10-14	0.00049	0.00242	2.78	97741	237	488179	5817934	59.52
1981	15-19	0.00109	0.00545	2.75	97504	532	486323	5329755	54.66
1981	20-24	0.00194	0.00965	2.64	96972	936	482648	4843431	49.95
1981	25-29	0.00215	0.01069	2.52	96037	1026	477637	4360783	45.41
1981	30-34	0.00238	0.01183	2.6	95010	1124	472354	3883146	40.87
1981	35-39	0.00324	0.01609	2.56	93886	1510	465742	3410792	36.33
1981	40-44	0.00490	0.02420	2.62	92376	2235	456565	2945051	31.88
1981	45-49	0.00777	0.03815	2.68	90140	3438	442737	2488486	27.61
1981	50-54	0.01197	0.05825	2.7	86702	5051	421876	2045749	23.60
1981	55-59	0.01799	0.08618	2.57	81651	7037	391131	1623873	19.89
1981	60-64	0.02711	0.12719	2.57	74614	9490	350054	1232742	16.52
1981	65-69	0.03858	0.17647	2.58	65124	11492	297855	882688	13.55
1981	70-74	0.05763	0.25117	2.45	53632	13470	233747	584834	10.90
1981	75-79	0.07783	0.32481	2.46	40161	13045	167613	351087	8.74
1981	80-84	0.11579	0.44480	2.39	27117	12061	104163	183474	6.77
1981	85-89	0.16404	0.56742	2.28	15055	8543	52076	79311	5.27
1981	90-94	0.21712	0.67319	2.18	6513	4384	20193	27236	4.18
1981	95-99	0.28561	0.77302	2.03	2128	1645	5760	7043	3.31
1981	100-104	0.36535	0.85230	1.87	483	412	1127	1282	2.65
1981	105-109	0.45315	0.90848	1.7	71	65	143	155	2.18
1981	110+	0.52555	1.00000	1.9	7	7	12	12	1.90
1982	0	0.01813	0.01783	0.09	100000	1783	98384	6862304	68.62
1982	1-4	0.00068	0.00270	1.5	98217	265	392202	6763920	68.87
1982	5-9	0.00031	0.00156	2.38	97951	153	489355	6371718	65.05
1982	10-14	0.00046	0.00228	2.89	97798	223	488522	5882363	60.15
1982	15-19	0.00126	0.00629	2.77	97575	613	486511	5393841	55.28
1982	20-24	0.00165	0.00822	2.57	96962	797	482872	4907331	50.61
1982	25-29	0.00190	0.00945	2.55	96165	909	478599	4424458	46.01
1982	30-34	0.00236	0.01176	2.51	95257	1120	473495	3945859	41.42
1982	35-39	0.00299	0.01485	2.62	94137	1398	467359	3472363	36.89
1982	40-44	0.00483	0.02388	2.61	92739	2215	458396	3005005	32.40
1982	45-49	0.00700	0.03448	2.88	90524	3121	446007	2546609	28.13
1982	50-54	0.01089	0.05305	2.59	87403	4637	425839	2100602	24.03
1982	55-59	0.01733	0.08320	2.6	82766	6886	397290	1674762	20.24
1982	60-64	0.02555	0.12024	2.55	75880	9124	357089	1277472	16.84
1982	65-69	0.03848	0.17587	2.56	66756	11740	305112	920383	13.79
1982	70-74	0.05475	0.24048	2.47	55016	13230	241630	615271	11.18
1982	75-79	0.07475	0.31435	2.47	41786	13135	175719	373641	8.94
1982	80-84	0.11627	0.44786	2.44	28650	12831	110358	197922	6.91
1982	85-89	0.15730	0.55110	2.28	15819	8718	55421	87564	5.54
1982	90-94	0.19976	0.64061	2.2	7101	4549	22772	32143	4.53
1982	95-99	0.25538	0.73184	2.08	2552	1868	7313	9371	3.67
1982	100-104	0.32008	0.80995	1.95	684	554	1732	2058	3.01
1982	105-109	0.39240	0.87119	1.81	130	113	289	326	2.51
1982	110+	0.45172	1.00000	2.21	17	17	37	37	2.21
1983	0	0.01535	0.01514	0.09	100000	1514	98617	6870601	68.71
1983	1-4	0.00083	0.00330	1.66	98486	325	393184	6771984	68.76
1983	5-9	0.00041	0.00205	2.46	98161	201	490294	6378800	64.98
1983	10-14	0.00048	0.00242	2.67	97960	237	489246	5888507	60.11
1983	15-19	0.00130	0.00651	2.82	97723	636	487226	5399261	55.25
1983	20-24	0.00158	0.00788	2.48	97087	765	483504	4912035	50.59
1983	25-29	0.00178	0.00886	2.4	96322	854	479389	4428530	45.98
1983	30-34	0.00229	0.01140	2.56	95468	1088	474679	3949141	41.37
1983	35-39	0.00291	0.01444	2.66	94380	1363	468707	3474462	36.81
1983	40-44	0.00452	0.02238	2.61	93017	2081	460102	3005755	32.31
1983	45-49	0.00684	0.03366	2.65	90935	3061	447482	2545653	27.99
1983	50-54	0.01009	0.04931	2.74	87874	4334	429561	2098171	23.88
1983	55-59	0.01712	0.08227	2.62	83541	6873	401362	1668610	19.97
1983	60-64	0.02586	0.12172	2.59	76668	9332	360870	1267249	16.53
1983	65-69	0.03878	0.17722	2.57	67336	11934	307702	906379	13.46
1983	70-74	0.05635	0.24753	2.55	55403	13714	243389	598676	10.81
1983	75-79	0.08033	0.33369	2.46	41689	13911	173170	355287	8.52
1983	80-84	0.12085	0.46123	2.43	27778	12812	106016	182117	6.56
1983	85-89	0.17321	0.58905	2.28	14966	8816	50894	76101	5.09
1983	90-94	0.22280	0.68265	2.16	6150	4198	18844	25207	4.10
1983	95-99	0.29078	0.77898	2.02	1952	1520	5229	6363	3.26
1983	100-104	0.36939	0.85528	1.86	431	369	999	1134	2.63
1983	105-109	0.45554	0.90949	1.7	62	57	125	135	2.17
1983	110+	0.52643	1.00000	1.9	6	6	11	11	1.90
1984	0	0.01583	0.01561	0.09	100000	1561	98576	6898209	68.98
1984	1-4	0.00059	0.00235	1.52	98439	232	393184	6799633	69.07
1984	5-9	0.00037	0.00184	2.5	98208	181	490586	6406450	65.23
1984	10-14	0.00045	0.00226	2.75	98027	222	489635	5915863	60.35
1984	15-19	0.00114	0.00571	2.67	97805	558	487723	5426228	55.48
1984	20-24	0.00167	0.00834	2.49	97247	811	484197	4938505	50.78
1984	25-29	0.00193	0.00960	2.63	96436	925	479984	4454308	46.19
1984	30-34	0.00231	0.01150	2.53	95511	1099	474840	3974324	41.61
1984	35-39	0.00292	0.01448	2.52	94412	1367	468666	3499484	37.07
1984	40-44	0.00423	0.02095	2.57	93045	1949	460485	3030818	32.57
1984	45-49	0.00687	0.03385	2.79	91096	3084	448676	2570333	28.22
1984	50-54	0.01065	0.05194	2.65	88012	4571	429328	2121657	24.11
1984	55-59	0.01700	0.08173	2.65	83441	6819	401177	1692329	20.28
1984	60-64	0.02535	0.11970	2.68	76621	9171	361844	1291152	16.85
1984	65-69	0.03737	0.17192	2.68	67450	11596	310335	929308	13.78
1984	70-74	0.05361	0.23679	2.54	55854	13226	246699	618973	11.08
1984	75-79	0.07640	0.31975	2.45	42628	13630	178408	372273	8.73
1984	80-84	0.11384	0.44187	2.47	28998	12813	112549	193865	6.69
1984	85-89	0.17127	0.58660	2.31	16185	9494	55432	81316	5.02
1984	90-94	0.23557	0.70543	2.16	6691	4720	20035	25885	3.87
1984	95-99	0.32111	0.81429	1.97	1971	1605	4998	5849	2.97
1984	100-104	0.42029	0.89203	1.77	366	326	777	851	2.33
1984	105-109	0.52652	0.93996	1.58	40	37	71	74	1.88
1984	110+	0.61300	1.00000	1.63	2	2	4	4	1.63
1985	0	0.01520	0.01499	0.09	100000	1499	98630	6901519	69.02
1985	1-4	0.00066	0.00262	1.77	98501	259	393426	6802889	69.06
1985	5-9	0.00029	0.00146	2.91	98243	143	490914	6409463	65.24
1985	10-14	0.00038	0.00187	2.8	98099	184	490093	5918549	60.33
1985	15-19	0.00115	0.00573	2.8	97916	562	488345	5428456	55.44
1985	20-24	0.00178	0.00887	2.5	97354	863	484610	4940111	50.74
1985	25-29	0.00183	0.00909	2.57	96491	877	480321	4455501	46.18
1985	30-34	0.00223	0.01109	2.59	95614	1060	475513	3975180	41.58
1985	35-39	0.00285	0.01417	2.62	94553	1340	469579	3499667	37.01
1985	40-44	0.00467	0.02311	2.67	93214	2155	461047	3030087	32.51
1985	45-49	0.00645	0.03180	2.69	91059	2895	448614	2569040	28.21
1985	50-54	0.01123	0.05470	2.62	88164	4822	429343	2120427	24.05
1985	55-59	0.01602	0.07712	2.59	83341	6427	401200	1691084	20.29
1985	60-64	0.02470	0.11666	2.62	76914	8973	363220	1289884	16.77
1985	65-69	0.03732	0.17061	2.49	67941	11591	310623	926664	13.64
1985	70-74	0.05584	0.24639	2.61	56350	13884	248629	616041	10.93
1985	75-79	0.07666	0.32039	2.44	42466	13606	177489	367413	8.65
1985	80-84	0.11665	0.44968	2.45	28860	12978	111252	189923	6.58
1985	85-89	0.17537	0.59722	2.33	15882	9485	54086	78672	4.95
1985	90-94	0.23780	0.70868	2.15	6397	4534	19064	24586	3.84
1985	95-99	0.32198	0.81492	1.97	1864	1519	4717	5521	2.96
1985	100-104	0.41925	0.89121	1.77	345	307	733	804	2.33
1985	105-109	0.52338	0.93876	1.58	38	35	67	71	1.89
1985	110+	0.60820	1.00000	1.64	2	2	4	4	1.64
1986	0	0.01467	0.01448	0.08	100000	1448	98674	6886584	68.87
1986	1-4	0.00084	0.00336	1.88	98552	332	393505	6787910	68.88
1986	5-9	0.00036	0.00181	2.2	98220	178	490604	6394405	65.10
1986	10-14	0.00046	0.00228	2.75	98042	223	489709	5903802	60.22
1986	15-19	0.00137	0.00682	2.66	97819	668	487535	5414093	55.35
1986	20-24	0.00182	0.00908	2.64	97152	882	483678	4926558	50.71
1986	25-29	0.00197	0.00980	2.68	96270	944	479159	4442880	46.15
1986	30-34	0.00237	0.01176	2.45	95326	1121	473769	3963720	41.58
1986	35-39	0.00311	0.01541	2.49	94205	1452	467388	3489952	37.05
1986	40-44	0.00432	0.02137	2.68	92753	1982	459173	3022564	32.59
1986	45-49	0.00691	0.03400	2.63	90771	3086	446545	2563391	28.24
1986	50-54	0.01092	0.05323	2.6	87685	4667	427241	2116846	24.14
1986	55-59	0.01576	0.07591	2.6	83018	6302	399958	1689604	20.35
1986	60-64	0.02438	0.11517	2.6	76715	8835	362415	1289647	16.81
1986	65-69	0.03590	0.16494	2.54	67880	11196	311849	927231	13.66
1986	70-74	0.05548	0.24404	2.53	56684	13833	249318	615382	10.86
1986	75-79	0.07760	0.32346	2.43	42851	13861	178621	366063	8.54
1986	80-84	0.12132	0.46065	2.39	28991	13354	110077	187443	6.47
1986	85-89	0.17709	0.59421	2.23	15636	9291	52465	77365	4.95
1986	90-94	0.23348	0.70081	2.15	6345	4447	19044	24900	3.92
1986	95-99	0.30869	0.79996	1.99	1898	1519	4920	5856	3.08
1986	100-104	0.39536	0.87497	1.81	380	332	840	936	2.47
1986	105-109	0.48917	0.92524	1.64	47	44	90	96	2.02
1986	110+	0.56610	1.00000	1.77	4	4	6	6	1.77
1987	0	0.01447	0.01428	0.08	100000	1428	98691	6909474	69.09
1987	1-4	0.00064	0.00254	1.73	98572	251	393717	6810782	69.09
1987	5-9	0.00030	0.00148	2.29	98321	146	491209	6417066	65.27
1987	10-14	0.00049	0.00247	3.01	98175	243	490394	5925856	60.36
1987	15-19	0.00146	0.00729	2.8	97932	714	488088	5435463	55.50
1987	20-24	0.00182	0.00907	2.5	97218	882	483885	4947375	50.89
1987	25-29	0.00202	0.01005	2.62	96336	968	479379	4463490	46.33
1987	30-34	0.00264	0.01310	2.49	95368	1249	473708	3984111	41.78
1987	35-39	0.00305	0.01516	2.52	94119	1427	467063	3510403	37.30
1987	40-44	0.00465	0.02298	2.68	92693	2130	458516	3043340	32.83
1987	45-49	0.00655	0.03228	2.75	90562	2923	446227	2584825	28.54
1987	50-54	0.01081	0.05273	2.69	87639	4621	427496	2138598	24.40
1987	55-59	0.01589	0.07660	2.65	83017	6359	400122	1711102	20.61
1987	60-64	0.02365	0.11184	2.58	76658	8574	362512	1310980	17.10
1987	65-69	0.03564	0.16406	2.58	68084	11170	313395	948468	13.93
1987	70-74	0.05239	0.23264	2.6	56914	13241	252736	635073	11.16
1987	75-79	0.07703	0.32204	2.46	43674	14065	182576	382337	8.75
1987	80-84	0.11475	0.44358	2.44	29609	13134	114459	199761	6.75
1987	85-89	0.15996	0.56322	2.37	16475	9279	58009	85302	5.18
1987	90-94	0.24253	0.71149	2.1	7196	5120	21110	27293	3.79
1987	95-99	0.31981	0.81304	1.98	2076	1688	5278	6182	2.98
1987	100-104	0.41933	0.89151	1.78	388	346	825	905	2.33
1987	105-109	0.52602	0.93983	1.58	42	40	75	79	1.88
1987	110+	0.61292	1.00000	1.63	3	3	4	4	1.63
1988	0	0.01421	0.01402	0.08	100000	1402	98714	6920450	69.20
1988	1-4	0.00063	0.00252	1.63	98598	248	393801	6821736	69.19
1988	5-9	0.00038	0.00190	2.37	98349	187	491255	6427935	65.36
1988	10-14	0.00049	0.00244	3.07	98163	240	490352	5936680	60.48
1988	15-19	0.00156	0.00779	2.71	97923	763	487867	5446328	55.62
1988	20-24	0.00185	0.00918	2.54	97160	892	483602	4958461	51.03
1988	25-29	0.00199	0.00989	2.63	96267	952	479086	4474859	46.48
1988	30-34	0.00248	0.01231	2.47	95316	1174	473613	3995773	41.92
1988	35-39	0.00309	0.01534	2.6	94142	1444	467252	3522160	37.41
1988	40-44	0.00412	0.02038	2.58	92698	1889	458917	3054909	32.96
1988	45-49	0.00631	0.03109	2.58	90809	2823	447207	2595991	28.59
1988	50-54	0.01007	0.04918	2.63	87986	4328	429662	2148784	24.42
1988	55-59	0.01579	0.07608	2.61	83658	6365	403057	1719122	20.55
1988	60-64	0.02394	0.11316	2.59	77294	8746	365366	1316065	17.03
1988	65-69	0.03557	0.16382	2.59	68547	11230	315698	950699	13.87
1988	70-74	0.05217	0.23183	2.6	57318	13288	254687	635001	11.08
1988	75-79	0.07847	0.32732	2.47	44029	14412	183659	380314	8.64
1988	80-84	0.11789	0.45116	2.4	29618	13362	113347	196655	6.64
1988	85-89	0.16591	0.57397	2.32	16256	9330	56236	83309	5.12
1988	90-94	0.23356	0.70160	2.15	6925	4859	20803	27073	3.91
1988	95-99	0.31381	0.80611	1.98	2067	1666	5308	6270	3.03
1988	100-104	0.40671	0.88308	1.8	401	354	870	962	2.40
1988	105-109	0.50686	0.93262	1.61	47	44	86	92	1.95
1988	110+	0.58881	1.00000	1.7	3	3	5	5	1.70
1989	0	0.01516	0.01495	0.09	100000	1495	98633	6920972	69.21
1989	1-4	0.00079	0.00317	1.57	98505	312	393261	6822339	69.26
1989	5-9	0.00033	0.00163	2.73	98193	160	490602	6429078	65.47
1989	10-14	0.00039	0.00196	2.8	98033	192	489744	5938476	60.58
1989	15-19	0.00126	0.00626	2.96	97841	613	487954	5448732	55.69
1989	20-24	0.00167	0.00833	2.56	97228	810	484167	4960777	51.02
1989	25-29	0.00205	0.01018	2.63	96418	982	479764	4476610	46.43
1989	30-34	0.00244	0.01213	2.64	95436	1158	474448	3996846	41.88
1989	35-39	0.00309	0.01535	2.61	94278	1447	467936	3522398	37.36
1989	40-44	0.00464	0.02295	2.65	92831	2131	459149	3054463	32.90
1989	45-49	0.00682	0.03358	2.66	90701	3046	446367	2595314	28.61
1989	50-54	0.00986	0.04818	2.69	87655	4223	428515	2148947	24.52
1989	55-59	0.01650	0.07930	2.55	83432	6616	400960	1720432	20.62
1989	60-64	0.02333	0.11054	2.64	76816	8492	364039	1319471	17.18
1989	65-69	0.03515	0.16220	2.62	68324	11082	315242	955432	13.98
1989	70-74	0.05080	0.22588	2.55	57242	12930	254510	640190	11.18
1989	75-79	0.07853	0.32877	2.53	44312	14568	185522	385680	8.70
1989	80-84	0.11203	0.43528	2.44	29744	12947	115561	200158	6.73
1989	85-89	0.16610	0.57243	2.29	16797	9615	57887	84597	5.04
1989	90-94	0.24924	0.71785	2.05	7182	5155	20685	26710	3.72
1989	95-99	0.32027	0.81359	1.98	2026	1649	5148	6025	2.97
1989	100-104	0.42051	0.89228	1.77	378	337	802	878	2.32
1989	105-109	0.52793	0.94051	1.58	41	38	72	76	1.88
1989	110+	0.61537	1.00000	1.63	2	2	4	4	1.63
1990	0	0.01376	0.01358	0.08	100000	1358	98753	6973889	69.74
1990	1-4	0.00066	0.00262	1.45	98642	258	393908	6875136	69.70
1990	5-9	0.00032	0.00158	2.65	98384	156	491552	6481228	65.88
1990	10-14	0.00038	0.00190	3.15	98228	187	490795	5989675	60.98
1990	15-19	0.00121	0.00605	2.98	98041	593	489010	5498880	56.09
1990	20-24	0.00166	0.00826	2.69	97449	805	485380	5009871	51.41
1990	25-29	0.00218	0.01085	2.6	96644	1049	480697	4524491	46.82
1990	30-34	0.00273	0.01358	2.65	95595	1298	474925	4043794	42.30
1990	35-39	0.00329	0.01634	2.58	94297	1541	467751	3568869	37.85
1990	40-44	0.00440	0.02175	2.57	92756	2017	458873	3101117	33.43
1990	45-49	0.00644	0.03170	2.65	90739	2877	446940	2642245	29.12
1990	50-54	0.00905	0.04431	2.69	87862	3893	430320	2195305	24.99
1990	55-59	0.01478	0.07138	2.6	83969	5994	405448	1764985	21.02
1990	60-64	0.02276	0.10789	2.6	77975	8413	369667	1359537	17.44
1990	65-69	0.03299	0.15292	2.62	69562	10638	322475	989870	14.23
1990	70-74	0.05141	0.22852	2.57	58925	13466	261911	667395	11.33
1990	75-79	0.07336	0.30984	2.49	45459	14085	191992	405484	8.92
1990	80-84	0.11427	0.44036	2.4	31374	13816	120908	213493	6.80
1990	85-89	0.16489	0.57110	2.31	17558	10027	60812	92584	5.27
1990	90-94	0.21622	0.66894	2.15	7531	5038	23298	31772	4.22
1990	95-99	0.27742	0.76251	2.05	2493	1901	6852	8474	3.40
1990	100-104	0.35345	0.84214	1.89	592	499	1411	1621	2.74
1990	105-109	0.43760	0.90007	1.73	93	84	192	211	2.25
1990	110+	0.50700	1.00000	1.97	9	9	18	18	1.97
1991	0	0.01230	0.01216	0.08	100000	1216	98879	6994338	69.94
1991	1-4	0.00054	0.00216	1.64	98784	214	394630	6895459	69.80
1991	5-9	0.00025	0.00127	2.49	98570	125	492535	6500829	65.95
1991	10-14	0.00033	0.00164	3.29	98444	162	491945	6008294	61.03
1991	15-19	0.00147	0.00733	2.92	98283	721	489915	5516349	56.13
1991	20-24	0.00193	0.00961	2.51	97562	938	485475	5026434	51.52
1991	25-29	0.00211	0.01051	2.75	96624	1015	480835	4540958	47.00
1991	30-34	0.00266	0.01319	2.57	95609	1261	474984	4060123	42.47
1991	35-39	0.00372	0.01843	2.65	94347	1739	467653	3585139	38.00
1991	40-44	0.00427	0.02112	2.57	92608	1956	458290	3117486	33.66
1991	45-49	0.00634	0.03124	2.76	90652	2832	446903	2659196	29.33
1991	50-54	0.00956	0.04673	2.62	87820	4104	429349	2212293	25.19
1991	55-59	0.01553	0.07494	2.67	83716	6273	403985	1782944	21.30
1991	60-64	0.02205	0.10475	2.62	77443	8112	367895	1378959	17.81
1991	65-69	0.03227	0.14946	2.53	69331	10362	321103	1011064	14.58
1991	70-74	0.04666	0.20927	2.54	58969	12340	264463	689961	11.70
1991	75-79	0.06959	0.29529	2.44	46629	13769	197843	425499	9.13
1991	80-84	0.10833	0.42183	2.38	32860	13861	127951	227656	6.93
1991	85-89	0.15869	0.56012	2.38	18998	10641	67060	99705	5.25
1991	90-94	0.23411	0.70106	2.14	8357	5859	25026	32645	3.91
1991	95-99	0.31123	0.80414	2	2498	2009	6455	7619	3.05
1991	100-104	0.40986	0.88573	1.79	489	433	1057	1165	2.38
1991	105-109	0.51641	0.93655	1.6	56	52	101	107	1.92
1991	110+	0.60355	1.00000	1.66	4	4	6	6	1.66
1992	0	0.01174	0.01161	0.08	100000	1161	98928	7012132	70.12
1992	1-4	0.00058	0.00230	1.75	98839	227	394845	6913204	69.94
1992	5-9	0.00033	0.00165	2.65	98612	163	492676	6518359	66.10
1992	10-14	0.00039	0.00194	2.98	98449	191	491861	6025683	61.21
1992	15-19	0.00137	0.00681	2.89	98259	669	489881	5533822	56.32
1992	20-24	0.00184	0.00914	2.52	97589	891	485735	5043941	51.69
1992	25-29	0.00189	0.00941	2.58	96698	910	481289	4558206	47.14
1992	30-34	0.00282	0.01402	2.54	95788	1343	475636	4076916	42.56
1992	35-39	0.00334	0.01659	2.61	94445	1567	468487	3601281	38.13
1992	40-44	0.00398	0.01973	2.65	92878	1833	460078	3132794	33.73
1992	45-49	0.00604	0.02980	2.71	91045	2714	448998	2672716	29.36
1992	50-54	0.00932	0.04562	2.68	88332	4029	432311	2223718	25.17
1992	55-59	0.01464	0.07067	2.55	84302	5958	406889	1791408	21.25
1992	60-64	0.02250	0.10676	2.62	78345	8364	371817	1384519	17.67
1992	65-69	0.03237	0.15040	2.64	69980	10525	325097	1012701	14.47
1992	70-74	0.04806	0.21549	2.6	59456	12812	266587	687604	11.56
1992	75-79	0.07366	0.31047	2.47	46644	14481	196589	421017	9.03
1992	80-84	0.10897	0.42442	2.4	32162	13650	125266	224428	6.98
1992	85-89	0.15870	0.55322	2.26	18512	10241	64533	99162	5.36
1992	90-94	0.21553	0.67118	2.19	8271	5551	25756	34629	4.19
1992	95-99	0.28929	0.77827	2.03	2720	2117	7316	8874	3.26
1992	100-104	0.37586	0.86124	1.85	603	519	1382	1557	2.58
1992	105-109	0.47111	0.91764	1.67	84	77	163	176	2.10
1992	110+	0.54974	1.00000	1.82	7	7	13	13	1.82
1993	0	0.01160	0.01147	0.08	100000	1147	98940	7009260	70.09
1993	1-4	0.00060	0.00238	2.06	98853	235	394955	6910320	69.91
1993	5-9	0.00027	0.00136	2.57	98618	134	492762	6515365	66.07
1993	10-14	0.00040	0.00198	3.02	98483	195	492032	6022603	61.15
1993	15-19	0.00128	0.00639	2.82	98289	628	490076	5530571	56.27
1993	20-24	0.00184	0.00914	2.36	97661	893	485944	5040495	51.61
1993	25-29	0.00214	0.01064	2.69	96768	1029	481466	4554550	47.07
1993	30-34	0.00263	0.01304	2.54	95739	1249	475619	4073085	42.54
1993	35-39	0.00362	0.01797	2.73	94490	1698	468590	3597466	38.07
1993	40-44	0.00460	0.02276	2.69	92792	2112	459092	3128876	33.72
1993	45-49	0.00635	0.03127	2.58	90680	2835	446534	2669783	29.44
1993	50-54	0.00985	0.04814	2.64	87845	4229	429243	2223249	25.31
1993	55-59	0.01427	0.06901	2.65	83616	5771	404491	1794006	21.46
1993	60-64	0.02072	0.09870	2.6	77845	7683	370823	1389515	17.85
1993	65-69	0.03161	0.14673	2.56	70162	10295	325672	1018692	14.52
1993	70-74	0.04887	0.21876	2.61	59868	13097	267985	693020	11.58
1993	75-79	0.06947	0.29565	2.48	46771	13828	199059	425035	9.09
1993	80-84	0.11148	0.43479	2.47	32943	14323	128485	225976	6.86
1993	85-89	0.15629	0.55299	2.36	18620	10297	65880	97491	5.24
1993	90-94	0.24007	0.71180	2.14	8323	5924	24678	31611	3.80
1993	95-99	0.33004	0.82401	1.96	2399	1977	5989	6933	2.89
1993	100-104	0.43773	0.90265	1.75	422	381	871	944	2.24
1993	105-109	0.55193	0.94833	1.54	41	39	71	74	1.80
1993	110+	0.64401	1.00000	1.55	2	2	3	3	1.55
1994	0	0.01054	0.01044	0.07	100000	1044	99033	7044359	70.44
1994	1-4	0.00051	0.00204	1.74	98956	202	395369	6945326	70.19
1994	5-9	0.00031	0.00155	2.41	98754	153	493374	6549957	66.33
1994	10-14	0.00046	0.00231	3.02	98601	228	492554	6056583	61.43
1994	15-19	0.00125	0.00624	2.86	98373	614	490553	5564029	56.56
1994	20-24	0.00172	0.00856	2.39	97759	837	486613	5073476	51.90
1994	25-29	0.00214	0.01066	2.66	96922	1033	482193	4586863	47.33
1994	30-34	0.00253	0.01259	2.79	95889	1208	476782	4104671	42.81
1994	35-39	0.00340	0.01687	2.7	94681	1598	469737	3627889	38.32
1994	40-44	0.00450	0.02225	2.51	93084	2071	460271	3158152	33.93
1994	45-49	0.00648	0.03189	2.65	91013	2902	448235	2697881	29.64
1994	50-54	0.00933	0.04567	2.68	88111	4024	431204	2249646	25.53
1994	55-59	0.01326	0.06426	2.62	84086	5404	407561	1818442	21.63
1994	60-64	0.02148	0.10215	2.61	78683	8037	374180	1410880	17.93
1994	65-69	0.03069	0.14306	2.63	70646	10107	329278	1036700	14.67
1994	70-74	0.04792	0.21512	2.63	60539	13023	271776	707422	11.69
1994	75-79	0.06890	0.29370	2.49	47516	13956	202549	435647	9.17
1994	80-84	0.10449	0.41237	2.45	33561	13840	132449	233098	6.95
1994	85-89	0.16675	0.57704	2.33	19721	11380	68244	100648	5.10
1994	90-94	0.23258	0.70383	2.2	8341	5871	25242	32404	3.88
1994	95-99	0.32872	0.82299	1.97	2470	2033	6185	7162	2.90
1994	100-104	0.43838	0.90320	1.75	437	395	901	977	2.23
1994	105-109	0.55472	0.94926	1.54	42	40	72	76	1.79
1994	110+	0.64843	1.00000	1.54	2	2	3	3	1.54
1995	0	0.01100	0.01088	0.07	100000	1088	98993	7042617	70.43
1995	1-4	0.00047	0.00189	1.71	98912	187	395217	6943624	70.20
1995	5-9	0.00029	0.00144	2.59	98724	142	493280	6548407	66.33
1995	10-14	0.00036	0.00180	2.84	98582	177	492530	6055127	61.42
1995	15-19	0.00120	0.00596	2.71	98405	587	490684	5562598	56.53
1995	20-24	0.00159	0.00793	2.64	97818	776	487258	5071913	51.85
1995	25-29	0.00170	0.00849	2.67	97043	824	483290	4584656	47.24
1995	30-34	0.00262	0.01303	2.62	96219	1254	478111	4101366	42.63
1995	35-39	0.00326	0.01615	2.63	94965	1534	471183	3623254	38.15
1995	40-44	0.00476	0.02352	2.56	93431	2197	461799	3152072	33.74
1995	45-49	0.00604	0.02976	2.54	91234	2715	449481	2690273	29.49
1995	50-54	0.00934	0.04571	2.66	88519	4046	433134	2240792	25.31
1995	55-59	0.01428	0.06903	2.59	84472	5832	408324	1807658	21.40
1995	60-64	0.02199	0.10445	2.61	78641	8214	373580	1399334	17.79
1995	65-69	0.03027	0.14144	2.69	70426	9961	329109	1025754	14.56
1995	70-74	0.04735	0.21218	2.55	60466	12830	270956	696646	11.52
1995	75-79	0.07144	0.30206	2.44	47636	14389	201401	425690	8.94
1995	80-84	0.11014	0.43078	2.47	33247	14322	130033	224289	6.75
1995	85-89	0.17127	0.58545	2.3	18925	11080	64692	94256	4.98
1995	90-94	0.24117	0.71742	2.18	7845	5628	23338	29564	3.77
1995	95-99	0.34069	0.83431	1.94	2217	1850	5429	6226	2.81
1995	100-104	0.45244	0.91052	1.72	367	334	739	797	2.17
1995	105-109	0.56960	0.95334	1.51	33	31	55	57	1.74
1995	110+	0.66324	1.00000	1.51	2	2	2	2	1.51
1996	0	0.00905	0.00897	0.07	100000	897	99165	7075184	70.75
1996	1-4	0.00063	0.00251	1.75	99103	249	395851	6976018	70.39
1996	5-9	0.00029	0.00146	2.19	98854	144	493865	6580168	66.56
1996	10-14	0.00044	0.00221	2.58	98710	218	493023	6086303	61.66
1996	15-19	0.00128	0.00638	2.73	98492	629	491034	5593280	56.79
1996	20-24	0.00180	0.00895	2.46	97864	876	487088	5102246	52.14
1996	25-29	0.00200	0.00996	2.5	96987	966	482525	4615158	47.59
1996	30-34	0.00252	0.01254	2.51	96022	1204	477116	4132633	43.04
1996	35-39	0.00307	0.01524	2.65	94818	1445	470688	3655517	38.55
1996	40-44	0.00433	0.02145	2.64	93373	2003	462130	3184829	34.11
1996	45-49	0.00627	0.03087	2.6	91370	2820	450081	2722700	29.80
1996	50-54	0.00947	0.04633	2.71	88550	4102	433353	2272619	25.66
1996	55-59	0.01349	0.06535	2.62	84447	5519	409087	1839266	21.78
1996	60-64	0.02076	0.09904	2.69	78928	7817	376603	1430179	18.12
1996	65-69	0.02934	0.13713	2.62	71111	9752	332362	1053576	14.82
1996	70-74	0.04548	0.20464	2.56	61360	12556	276104	721214	11.75
1996	75-79	0.07056	0.30046	2.53	48803	14663	207828	445110	9.12
1996	80-84	0.10703	0.42217	2.5	34140	14413	134669	237282	6.95
1996	85-89	0.15709	0.55679	2.39	19727	10984	69922	102613	5.20
1996	90-94	0.24459	0.72194	2.16	8743	6312	25807	32691	3.74
1996	95-99	0.33721	0.83151	1.95	2431	2021	5995	6884	2.83
1996	100-104	0.45174	0.91046	1.72	410	373	826	889	2.17
1996	105-109	0.57205	0.95415	1.51	37	35	61	64	1.74
1996	110+	0.66807	1.00000	1.5	2	2	3	3	1.50
1997	0	0.01140	0.01128	0.08	100000	1128	98957	7126579	71.27
1997	1-4	0.00047	0.00188	1.56	98872	186	395034	7027622	71.08
1997	5-9	0.00018	0.00092	2.45	98686	91	493198	6632588	67.21
1997	10-14	0.00037	0.00187	3.05	98595	185	492617	6139390	62.27
1997	15-19	0.00112	0.00560	2.78	98411	551	490833	5646773	57.38
1997	20-24	0.00165	0.00820	2.39	97860	803	487200	5155941	52.69
1997	25-29	0.00172	0.00859	2.54	97057	834	483232	4668740	48.10
1997	30-34	0.00224	0.01112	2.55	96223	1070	478493	4185509	43.50
1997	35-39	0.00290	0.01441	2.77	95154	1371	472708	3707016	38.96
1997	40-44	0.00399	0.01976	2.62	93782	1853	464503	3234308	34.49
1997	45-49	0.00568	0.02801	2.65	91929	2574	453588	2769804	30.13
1997	50-54	0.00920	0.04498	2.59	89355	4020	437104	2316216	25.92
1997	55-59	0.01300	0.06307	2.64	85335	5382	413969	1879113	22.02
1997	60-64	0.02122	0.10114	2.68	79953	8086	381043	1465144	18.33
1997	65-69	0.02844	0.13332	2.66	71867	9582	336891	1084101	15.08
1997	70-74	0.04410	0.19932	2.59	62285	12415	281499	747210	12.00
1997	75-79	0.06382	0.27517	2.5	49871	13723	215018	465711	9.34
1997	80-84	0.10697	0.42000	2.44	36148	15182	141932	250694	6.94
1997	85-89	0.16107	0.55931	2.27	20966	11726	72802	108762	5.19
1997	90-94	0.23516	0.70434	2.15	9239	6508	27673	35959	3.89
1997	95-99	0.31298	0.80621	1.99	2732	2202	7037	8286	3.03
1997	100-104	0.41353	0.88819	1.79	529	470	1137	1249	2.36
1997	105-109	0.52198	0.93860	1.59	59	56	106	112	1.90
1997	110+	0.61052	1.00000	1.64	4	4	6	6	1.64
1998	0	0.01063	0.01053	0.07	100000	1053	99025	7149858	71.50
1998	1-4	0.00041	0.00162	1.36	98947	160	395367	7050833	71.26
1998	5-9	0.00026	0.00132	1.94	98787	130	493537	6655467	67.37
1998	10-14	0.00037	0.00184	2.48	98657	182	492824	6161930	62.46
1998	15-19	0.00111	0.00553	2.77	98475	545	491158	5669106	57.57
1998	20-24	0.00167	0.00832	2.74	97930	815	487811	5177948	52.87
1998	25-29	0.00158	0.00786	2.35	97115	763	483553	4690137	48.29
1998	30-34	0.00212	0.01052	2.59	96352	1014	479317	4206584	43.66
1998	35-39	0.00285	0.01416	2.66	95338	1350	473525	3727267	39.10
1998	40-44	0.00420	0.02080	2.66	93988	1955	465355	3253742	34.62
1998	45-49	0.00591	0.02916	2.67	92033	2684	453905	2788386	30.30
1998	50-54	0.00850	0.04168	2.64	89349	3724	437947	2334481	26.13
1998	55-59	0.01276	0.06192	2.61	85625	5302	415455	1896534	22.15
1998	60-64	0.01947	0.09303	2.63	80323	7472	383874	1481079	18.44
1998	65-69	0.02784	0.13053	2.61	72851	9510	341560	1097205	15.06
1998	70-74	0.04394	0.19860	2.58	63342	12579	286286	755645	11.93
1998	75-79	0.06557	0.28263	2.56	50762	14347	218815	469359	9.25
1998	80-84	0.10406	0.41128	2.45	36415	14977	143927	250544	6.88
1998	85-89	0.16714	0.58082	2.37	21438	12452	74497	106616	4.97
1998	90-94	0.25765	0.73768	2.1	8987	6629	25730	32119	3.57
1998	95-99	0.35372	0.84685	1.92	2357	1996	5644	6389	2.71
1998	100-104	0.47619	0.92236	1.68	361	333	699	746	2.07
1998	105-109	0.60227	0.96156	1.46	28	27	45	46	1.65
1998	110+	0.70096	1.00000	1.43	1	1	2	2	1.43
1999	0	0.01088	0.01077	0.07	100000	1077	99003	7140029	71.40
1999	1-4	0.00052	0.00209	1.6	98923	207	395194	7041027	71.18
1999	5-9	0.00020	0.00098	2.8	98716	96	493367	6645833	67.32
1999	10-14	0.00037	0.00186	2.7	98619	183	492675	6152465	62.39
1999	15-19	0.00118	0.00591	2.8	98436	581	490905	5659790	57.50
1999	20-24	0.00164	0.00814	2.55	97855	797	487322	5168885	52.82
1999	25-29	0.00159	0.00793	2.47	97058	770	483342	4681563	48.23
1999	30-34	0.00201	0.01001	2.5	96288	964	479033	4198221	43.60
1999	35-39	0.00273	0.01356	2.73	95325	1292	473690	3719189	39.02
1999	40-44	0.00409	0.02027	2.62	94032	1906	465626	3245499	34.51
1999	45-49	0.00622	0.03062	2.56	92126	2821	453755	2779873	30.17
1999	50-54	0.00874	0.04281	2.64	89305	3823	437492	2326118	26.05
1999	55-59	0.01303	0.06319	2.64	85482	5402	414654	1888626	22.09
1999	60-64	0.02014	0.09614	2.65	80080	7699	382311	1473972	18.41
1999	65-69	0.02909	0.13618	2.66	72381	9857	338835	1091661	15.08
1999	70-74	0.04350	0.19688	2.59	62524	12310	282951	752826	12.04
1999	75-79	0.06483	0.28003	2.57	50215	14062	216907	469875	9.36
1999	80-84	0.10066	0.40077	2.46	36153	14489	143937	252968	7.00
1999	85-89	0.16427	0.57501	2.39	21664	12457	75830	109031	5.03
1999	90-94	0.25382	0.73158	2.11	9207	6736	26537	33201	3.61
1999	95-99	0.35546	0.84873	1.92	2471	2097	5901	6664	2.70
1999	100-104	0.48161	0.92496	1.67	374	346	718	764	2.04
1999	105-109	0.61091	0.96354	1.45	28	27	44	46	1.63
1999	110+	0.71144	1.00000	1.41	1	1	1	1	1.41
2000	0	0.00981	0.00972	0.07	100000	972	99097	7146044	71.46
2000	1-4	0.00038	0.00152	1.48	99028	150	395731	7046947	71.16
2000	5-9	0.00029	0.00144	2.4	98877	143	494015	6651216	67.27
2000	10-14	0.00022	0.00109	2.83	98735	108	493440	6157201	62.36
2000	15-19	0.00117	0.00583	2.98	98627	575	491973	5663762	57.43
2000	20-24	0.00183	0.00909	2.51	98052	892	488037	5171789	52.75
2000	25-29	0.00182	0.00908	2.56	97161	882	483651	4683752	48.21
2000	30-34	0.00200	0.00993	2.75	96279	956	479238	4200100	43.62
2000	35-39	0.00265	0.01319	2.71	95322	1257	473740	3720863	39.03
2000	40-44	0.00429	0.02124	2.64	94065	1998	465618	3247123	34.52
2000	45-49	0.00641	0.03156	2.52	92067	2906	453115	2781505	30.21
2000	50-54	0.00865	0.04239	2.67	89161	3779	436994	2328390	26.11
2000	55-59	0.01279	0.06207	2.62	85382	5300	414321	1891396	22.15
2000	60-64	0.01866	0.08932	2.61	80082	7153	383280	1477075	18.44
2000	65-69	0.02842	0.13297	2.59	72929	9697	341240	1093795	15.00
2000	70-74	0.04332	0.19607	2.58	63232	12398	286216	752555	11.90
2000	75-79	0.06535	0.28114	2.52	50834	14292	218709	466339	9.17
2000	80-84	0.10737	0.42144	2.45	36542	15400	143435	247630	6.78
2000	85-89	0.17205	0.58737	2.3	21142	12418	72177	104195	4.93
2000	90-94	0.24779	0.72815	2.17	8724	6352	25635	32018	3.67
2000	95-99	0.35670	0.84913	1.92	2371	2014	5645	6382	2.69
2000	100-104	0.47758	0.92280	1.68	358	330	691	737	2.06
2000	105-109	0.60178	0.96137	1.46	28	27	44	46	1.65
2000	110+	0.69908	1.00000	1.43	1	1	2	2	1.43
2001	0	0.00995	0.00986	0.07	100000	986	99085	7175370	71.75
2001	1-4	0.00039	0.00157	1.88	99014	155	395727	7076285	71.47
2001	5-9	0.00019	0.00095	2.6	98859	93	494070	6680559	67.58
2001	10-14	0.00033	0.00166	2.8	98765	164	493466	6186488	62.64
2001	15-19	0.00112	0.00560	3	98602	552	491905	5693022	57.74
2001	20-24	0.00182	0.00905	2.57	98049	888	488088	5201117	53.05
2001	25-29	0.00194	0.00967	2.57	97162	940	483524	4713029	48.51
2001	30-34	0.00211	0.01048	2.48	96222	1009	478564	4229504	43.96
2001	35-39	0.00289	0.01434	2.61	95213	1365	472804	3750940	39.40
2001	40-44	0.00433	0.02142	2.6	93848	2010	464409	3278136	34.93
2001	45-49	0.00618	0.03045	2.64	91838	2797	452583	2813728	30.64
2001	50-54	0.00818	0.04015	2.7	89041	3575	436966	2361145	26.52
2001	55-59	0.01269	0.06159	2.62	85466	5264	414778	1924179	22.51
2001	60-64	0.01833	0.08771	2.56	80202	7035	383880	1509402	18.82
2001	65-69	0.02725	0.12809	2.66	73168	9372	343875	1125522	15.38
2001	70-74	0.04039	0.18398	2.58	63796	11737	290629	781647	12.25
2001	75-79	0.06456	0.27844	2.53	52059	14495	224509	491018	9.43
2001	80-84	0.09946	0.39635	2.44	37564	14888	149695	266509	7.09
2001	85-89	0.15550	0.55196	2.37	22675	12516	80488	116814	5.15
2001	90-94	0.25823	0.74066	2.12	10159	7525	29139	36326	3.58
2001	95-99	0.35090	0.84489	1.93	2635	2226	6344	7187	2.73
2001	100-104	0.47679	0.92294	1.68	409	377	791	843	2.06
2001	105-109	0.60645	0.96262	1.45	31	30	50	52	1.64
2001	110+	0.70756	1.00000	1.41	1	1	2	2	1.41
2002	0	0.01051	0.01041	0.07	100000	1041	99035	7183355	71.83
2002	1-4	0.00043	0.00172	1.55	98959	170	395420	7084320	71.59
2002	5-9	0.00022	0.00110	2.76	98789	109	493701	6688900	67.71
2002	10-14	0.00036	0.00180	3.21	98680	177	493083	6195199	62.78
2002	15-19	0.00123	0.00613	2.93	98503	604	491266	5702116	57.89
2002	20-24	0.00176	0.00875	2.64	97899	856	487472	5210850	53.23
2002	25-29	0.00178	0.00886	2.47	97042	860	483033	4723378	48.67
2002	30-34	0.00212	0.01056	2.65	96182	1015	478524	4240345	44.09
2002	35-39	0.00278	0.01381	2.65	95167	1314	472746	3761822	39.53
2002	40-44	0.00444	0.02196	2.61	93853	2061	464344	3289075	35.05
2002	45-49	0.00598	0.02948	2.63	91792	2706	452558	2824731	30.77
2002	50-54	0.00839	0.04115	2.65	89086	3665	436811	2372173	26.63
2002	55-59	0.01202	0.05844	2.61	85421	4992	415159	1935362	22.66
2002	60-64	0.01744	0.08367	2.59	80428	6730	385933	1520203	18.90
2002	65-69	0.02692	0.12642	2.6	73699	9317	346104	1134270	15.39
2002	70-74	0.04009	0.18282	2.6	64381	11770	293607	788166	12.24
2002	75-79	0.06361	0.27479	2.52	52611	14457	227271	494559	9.40
2002	80-84	0.09893	0.39715	2.52	38155	15153	153169	267289	7.01
2002	85-89	0.16717	0.57821	2.33	23002	13300	79558	114119	4.96
2002	90-94	0.25587	0.74382	2.19	9702	7216	28203	34561	3.56
2002	95-99	0.37645	0.86638	1.89	2485	2153	5720	6358	2.56
2002	100-104	0.51357	0.93789	1.62	332	311	607	638	1.92
2002	105-109	0.64983	0.97099	1.39	21	20	31	32	1.53
2002	110+	0.75220	1.00000	1.33	1	1	1	1	1.33
2003	0	0.00993	0.00984	0.07	100000	984	99086	7219151	72.19
2003	1-4	0.00037	0.00150	1.9	99016	148	395753	7120064	71.91
2003	5-9	0.00020	0.00100	2.51	98868	99	494091	6724311	68.01
2003	10-14	0.00029	0.00145	2.68	98768	144	493509	6230220	63.08
2003	15-19	0.00112	0.00556	2.98	98625	549	492014	5736711	58.17
2003	20-24	0.00167	0.00829	2.53	98076	813	488376	5244697	53.48
2003	25-29	0.00170	0.00846	2.69	97263	823	484415	4756321	48.90
2003	30-34	0.00205	0.01021	2.51	96440	984	479753	4271906	44.30
2003	35-39	0.00267	0.01328	2.71	95456	1267	474375	3792153	39.73
2003	40-44	0.00411	0.02038	2.68	94188	1919	466486	3317778	35.23
2003	45-49	0.00573	0.02825	2.65	92269	2607	455218	2851292	30.90
2003	50-54	0.00841	0.04124	2.62	89662	3697	439505	2396074	26.72
2003	55-59	0.01232	0.05983	2.63	85964	5143	417629	1956569	22.76
2003	60-64	0.01907	0.09111	2.56	80821	7363	386108	1538940	19.04
2003	65-69	0.02602	0.12260	2.65	73458	9006	346134	1152832	15.69
2003	70-74	0.03812	0.17437	2.56	64452	11239	294789	806698	12.52
2003	75-79	0.06065	0.26380	2.53	53213	14038	231462	511909	9.62
2003	80-84	0.09681	0.38973	2.5	39175	15268	157714	280447	7.16
2003	85-89	0.15344	0.54719	2.38	23908	13082	85257	122733	5.13
2003	90-94	0.26776	0.74779	2.05	10826	8095	30233	37476	3.46
2003	95-99	0.36154	0.85454	1.91	2730	2333	6453	7243	2.65
2003	100-104	0.49509	0.93094	1.65	397	370	747	790	1.99
2003	105-109	0.63033	0.96756	1.42	27	27	42	43	1.58
2003	110+	0.73369	1.00000	1.36	1	1	1	1	1.36
2004	0	0.01003	0.00994	0.07	100000	994	99078	7261008	72.61
2004	1-4	0.00043	0.00171	1.92	99006	169	395672	7161930	72.34
2004	5-9	0.00017	0.00085	2.65	98837	84	493987	6766258	68.46
2004	10-14	0.00026	0.00128	3.03	98753	127	493514	6272272	63.51
2004	15-19	0.00111	0.00553	2.86	98626	545	491961	5778758	58.59
2004	20-24	0.00178	0.00887	2.55	98081	870	488271	5286797	53.90
2004	25-29	0.00198	0.00985	2.62	97211	958	483773	4798526	49.36
2004	30-34	0.00206	0.01024	2.56	96254	985	478866	4314753	44.83
2004	35-39	0.00247	0.01226	2.64	95268	1168	473587	3835887	40.26
2004	40-44	0.00404	0.02000	2.62	94101	1882	466022	3362300	35.73
2004	45-49	0.00596	0.02937	2.59	92219	2708	454570	2896278	31.41
2004	50-54	0.00872	0.04272	2.62	89511	3824	438460	2441708	27.28
2004	55-59	0.01200	0.05827	2.56	85686	4993	416241	2003248	23.38
2004	60-64	0.01668	0.08034	2.71	80693	6483	388598	1587007	19.67
2004	65-69	0.02383	0.11269	2.6	74210	8363	350987	1198409	16.15
2004	70-74	0.03541	0.16315	2.6	65848	10743	303416	847423	12.87
2004	75-79	0.05803	0.25417	2.56	55104	14006	241338	544006	9.87
2004	80-84	0.09128	0.37173	2.5	41098	15278	167367	302668	7.36
2004	85-89	0.15313	0.54716	2.39	25821	14128	92259	135302	5.24
2004	90-94	0.24477	0.72439	2.18	11693	8470	34604	43042	3.68
2004	95-99	0.36647	0.85922	1.91	3223	2769	7556	8438	2.62
2004	100-104	0.50695	0.93586	1.63	454	425	838	882	1.94
2004	105-109	0.64757	0.97078	1.39	29	28	44	45	1.54
2004	110+	0.75316	1.00000	1.33	1	1	1	1	1.33
2005	0	0.01139	0.01127	0.08	100000	1127	98958	7243470	72.43
2005	1-4	0.00041	0.00166	1.85	98873	164	395139	7144512	72.26
2005	5-9	0.00024	0.00121	2.48	98709	119	493244	6749373	68.38
2005	10-14	0.00029	0.00143	2.87	98590	141	492647	6256129	63.46
2005	15-19	0.00110	0.00549	3.04	98448	541	491183	5763482	58.54
2005	20-24	0.00177	0.00883	2.54	97908	864	487409	5272299	53.85
2005	25-29	0.00194	0.00967	2.48	97043	938	482856	4784890	49.31
2005	30-34	0.00234	0.01163	2.65	96105	1118	477895	4302034	44.76
2005	35-39	0.00254	0.01260	2.61	94987	1197	472075	3824139	40.26
2005	40-44	0.00381	0.01889	2.71	93790	1772	464902	3352065	35.74
2005	45-49	0.00627	0.03088	2.63	92019	2842	453348	2887163	31.38
2005	50-54	0.00878	0.04299	2.53	89177	3834	436400	2433815	27.29
2005	55-59	0.01173	0.05706	2.62	85343	4870	415144	1997415	23.40
2005	60-64	0.01624	0.07806	2.53	80473	6282	386842	1582270	19.66
2005	65-69	0.02421	0.11442	2.6	74191	8489	350619	1195428	16.11
2005	70-74	0.03574	0.16469	2.62	65702	10821	302746	844809	12.86
2005	75-79	0.05694	0.24998	2.56	54881	13719	240955	542064	9.88
2005	80-84	0.09086	0.36976	2.48	41162	15220	167521	301109	7.32
2005	85-89	0.15622	0.55174	2.34	25942	14313	91622	133588	5.15
2005	90-94	0.25165	0.73359	2.16	11629	8531	33899	41966	3.61
2005	95-99	0.36877	0.86102	1.9	3098	2667	7233	8067	2.60
2005	100-104	0.50954	0.93679	1.63	431	403	792	833	1.94
2005	105-109	0.65005	0.97118	1.39	27	26	41	42	1.53
2005	110+	0.75533	1.00000	1.32	1	1	1	1	1.32
2006	0	0.00978	0.00969	0.07	100000	969	99100	7284612	72.85
2006	1-4	0.00033	0.00132	1.66	99031	131	395818	7185512	72.56
2006	5-9	0.00020	0.00098	2.09	98900	96	494220	6789694	68.65
2006	10-14	0.00024	0.00118	3.14	98804	117	493801	6295474	63.72
2006	15-19	0.00099	0.00495	3.02	98687	489	492467	5801673	58.79
2006	20-24	0.00196	0.00977	2.48	98198	959	488576	5309205	54.07
2006	25-29	0.00209	0.01040	2.61	97240	1011	483782	4820630	49.57
2006	30-34	0.00208	0.01035	2.49	96228	996	478644	4336847	45.07
2006	35-39	0.00259	0.01287	2.82	95233	1225	473492	3858203	40.51
2006	40-44	0.00400	0.01981	2.64	94007	1862	465638	3384711	36.00
2006	45-49	0.00586	0.02890	2.64	92145	2663	454445	2919073	31.68
2006	50-54	0.00877	0.04294	2.59	89482	3842	438147	2464628	27.54
2006	55-59	0.01188	0.05780	2.65	85640	4950	416549	2026481	23.66
2006	60-64	0.01615	0.07770	2.56	80690	6270	388151	1609932	19.95
2006	65-69	0.02336	0.11056	2.58	74420	8228	352153	1221781	16.42
2006	70-74	0.03457	0.15934	2.55	66192	10547	305111	869628	13.14
2006	75-79	0.05592	0.24600	2.56	55645	13689	244780	564516	10.14
2006	80-84	0.08948	0.36761	2.57	41957	15424	172359	319736	7.62
2006	85-89	0.13906	0.51315	2.45	26533	13615	97909	147377	5.55
2006	90-94	0.23528	0.70623	2.17	12918	9123	38775	49467	3.83
2006	95-99	0.33764	0.83389	1.97	3795	3164	9372	10693	2.82
2006	100-104	0.46853	0.91986	1.7	630	580	1238	1321	2.10
2006	105-109	0.60470	0.96256	1.46	51	49	80	83	1.64
2006	110+	0.71087	1.00000	1.41	2	2	3	3	1.41
2007	0	0.01050	0.01040	0.07	100000	1040	99036	7317133	73.17
2007	1-4	0.00039	0.00156	1.54	98960	154	395460	7218097	72.94
2007	5-9	0.00012	0.00058	2.57	98806	58	493889	6822637	69.05
2007	10-14	0.00030	0.00152	2.83	98748	150	493415	6328748	64.09
2007	15-19	0.00108	0.00538	2.91	98598	531	491882	5835333	59.18
2007	20-24	0.00187	0.00929	2.56	98067	911	488113	5343450	54.49
2007	25-29	0.00185	0.00921	2.53	97156	895	483565	4855337	49.97
2007	30-34	0.00209	0.01040	2.38	96261	1001	478685	4371772	45.42
2007	35-39	0.00242	0.01203	2.66	95260	1146	473615	3893087	40.87
2007	40-44	0.00375	0.01860	2.72	94115	1750	466581	3419471	36.33
2007	45-49	0.00536	0.02646	2.61	92364	2444	455982	2952891	31.97
2007	50-54	0.00860	0.04212	2.58	89921	3787	440440	2496909	27.77
2007	55-59	0.01169	0.05680	2.5	86134	4892	418430	2056469	23.88
2007	60-64	0.01666	0.08011	2.6	81242	6508	390617	1638039	20.16
2007	65-69	0.02365	0.11191	2.6	74734	8364	353580	1247422	16.69
2007	70-74	0.03298	0.15290	2.62	66370	10148	307670	893842	13.47
2007	75-79	0.05209	0.23111	2.56	56222	12993	249430	586172	10.43
2007	80-84	0.08645	0.35636	2.54	43229	15405	178190	336742	7.79
2007	85-89	0.13477	0.49989	2.42	27824	13909	103202	158552	5.70
2007	90-94	0.22499	0.69314	2.23	13915	9645	42869	55350	3.98
2007	95-99	0.32394	0.82048	1.99	4270	3503	10815	12481	2.92
2007	100-104	0.45050	0.91112	1.73	767	698	1550	1666	2.17
2007	105-109	0.58442	0.95793	1.49	68	65	112	116	1.70
2007	110+	0.69044	1.00000	1.45	3	3	4	4	1.45
2008	0	0.00812	0.00805	0.07	100000	805	99248	7364847	73.65
2008	1-4	0.00036	0.00145	1.73	99195	144	396451	7265598	73.25
2008	5-9	0.00018	0.00088	2.58	99050	87	495041	6869147	69.35
2008	10-14	0.00027	0.00136	2.59	98963	134	494492	6374106	64.41
2008	15-19	0.00098	0.00490	2.96	98829	484	493155	5879613	59.49
2008	20-24	0.00182	0.00905	2.53	98345	890	489527	5386458	54.77
2008	25-29	0.00187	0.00932	2.53	97455	908	485034	4896932	50.25
2008	30-34	0.00176	0.00874	2.43	96547	844	480569	4411897	45.70
2008	35-39	0.00227	0.01127	2.57	95703	1079	475896	3931328	41.08
2008	40-44	0.00344	0.01706	2.75	94624	1614	469491	3455432	36.52
2008	45-49	0.00553	0.02732	2.71	93009	2541	459238	2985941	32.10
2008	50-54	0.00876	0.04291	2.65	90468	3882	443237	2526703	27.93
2008	55-59	0.01168	0.05684	2.64	86586	4922	421317	2083466	24.06
2008	60-64	0.01542	0.07440	2.64	81664	6075	393959	1662149	20.35
2008	65-69	0.02175	0.10331	2.58	75589	7809	359057	1268190	16.78
2008	70-74	0.03298	0.15294	2.63	67780	10366	314364	909133	13.41
2008	75-79	0.05152	0.22908	2.58	57414	13152	255276	594770	10.36
2008	80-84	0.08659	0.35761	2.57	44261	15828	182792	339493	7.67
2008	85-89	0.14236	0.52104	2.43	28433	14815	104065	156702	5.51
2008	90-94	0.22927	0.69381	2.16	13618	9448	41211	52637	3.87
2008	95-99	0.34810	0.84394	1.95	4170	3519	10109	11426	2.74
2008	100-104	0.48596	0.92778	1.67	651	604	1242	1317	2.02
2008	105-109	0.62705	0.96720	1.43	47	45	72	75	1.59
2008	110+	0.73493	1.00000	1.36	2	2	2	2	1.36
2009	0	0.00736	0.00731	0.06	100000	731	99316	7384800	73.85
2009	1-4	0.00035	0.00140	1.68	99269	139	396753	7285484	73.39
2009	5-9	0.00019	0.00094	2.21	99130	93	495389	6888732	69.49
2009	10-14	0.00016	0.00079	2.5	99037	79	494987	6393343	64.56
2009	15-19	0.00088	0.00439	2.83	98958	435	493847	5898356	59.60
2009	20-24	0.00159	0.00793	2.52	98523	781	490681	5404509	54.86
2009	25-29	0.00181	0.00900	2.59	97742	879	486589	4913828	50.27
2009	30-34	0.00187	0.00929	2.5	96863	900	482063	4427239	45.71
2009	35-39	0.00225	0.01121	2.66	95963	1076	477299	3945176	41.11
2009	40-44	0.00341	0.01690	2.59	94887	1604	470571	3467877	36.55
2009	45-49	0.00529	0.02614	2.63	93283	2438	460639	2997307	32.13
2009	50-54	0.00855	0.04189	2.62	90844	3806	445161	2536668	27.92
2009	55-59	0.01221	0.05931	2.6	87038	5162	422801	2091507	24.03
2009	60-64	0.01611	0.07755	2.61	81876	6350	394223	1668706	20.38
2009	65-69	0.02158	0.10243	2.52	75527	7737	358423	1274484	16.87
2009	70-74	0.03289	0.15259	2.63	67790	10344	314482	916061	13.51
2009	75-79	0.04978	0.22217	2.58	57446	12763	256393	601580	10.47
2009	80-84	0.08489	0.35187	2.57	44683	15723	185204	345187	7.73
2009	85-89	0.13935	0.51345	2.44	28960	14870	106711	159983	5.52
2009	90-94	0.23727	0.71308	2.2	14090	10048	42347	53272	3.78
2009	95-99	0.35336	0.84892	1.94	4043	3432	9713	10925	2.70
2009	100-104	0.49583	0.93198	1.65	611	569	1148	1213	1.99
2009	105-109	0.64021	0.96968	1.41	42	40	63	65	1.56
2009	110+	0.74916	1.00000	1.33	1	1	2	2	1.33
2010	0	0.00839	0.00832	0.07	100000	832	99224	7384429	73.84
2010	1-4	0.00035	0.00139	1.26	99168	138	396293	7285205	73.46
2010	5-9	0.00012	0.00060	2.32	99030	59	494989	6888912	69.56
2010	10-14	0.00027	0.00135	2.73	98970	133	494548	6393924	64.60
2010	15-19	0.00087	0.00436	2.95	98837	431	493301	5899375	59.69
2010	20-24	0.00143	0.00715	2.74	98406	704	490437	5406075	54.94
2010	25-29	0.00168	0.00838	2.55	97702	819	486504	4915638	50.31
2010	30-34	0.00202	0.01007	2.39	96883	975	481875	4429134	45.72
2010	35-39	0.00245	0.01217	2.52	95908	1167	476643	3947259	41.16
2010	40-44	0.00320	0.01588	2.64	94741	1504	470156	3470616	36.63
2010	45-49	0.00561	0.02771	2.73	93237	2584	460311	3000460	32.18
2010	50-54	0.00857	0.04199	2.65	90653	3807	444334	2540149	28.02
2010	55-59	0.01202	0.05840	2.57	86846	5072	421900	2095814	24.13
2010	60-64	0.01592	0.07668	2.6	81775	6271	393816	1673914	20.47
2010	65-69	0.02207	0.10484	2.62	75504	7916	358671	1280098	16.95
2010	70-74	0.03159	0.14676	2.58	67588	9919	313966	921427	13.63
2010	75-79	0.04988	0.22248	2.58	57669	12830	257236	607461	10.53
2010	80-84	0.08305	0.34396	2.5	44839	15423	185709	350225	7.81
2010	85-89	0.13908	0.51290	2.44	29416	15087	108479	164516	5.59
2010	90-94	0.22575	0.68764	2.16	14329	9853	43644	56037	3.91
2010	95-99	0.34390	0.84040	1.96	4476	3761	10938	12393	2.77
2010	100-104	0.48254	0.92649	1.68	714	662	1372	1455	2.04
2010	105-109	0.62499	0.96687	1.43	53	51	81	84	1.59
2010	110+	0.73404	1.00000	1.36	2	2	2	2	1.36
2011	0	0.00798	0.00792	0.07	100000	792	99260	7425461	74.25
2011	1-4	0.00030	0.00122	1.51	99208	121	396529	7326201	73.85
2011	5-9	0.00018	0.00089	1.88	99087	88	495159	6929672	69.94
2011	10-14	0.00024	0.00118	3.01	98999	117	494761	6434513	65.00
2011	15-19	0.00081	0.00406	2.98	98882	401	493600	5939752	60.07
2011	20-24	0.00149	0.00744	2.51	98481	732	490578	5446152	55.30
2011	25-29	0.00178	0.00884	2.48	97748	864	486563	4955574	50.70
2011	30-34	0.00191	0.00949	2.5	96885	919	482127	4469011	46.13
2011	35-39	0.00231	0.01150	2.54	95965	1103	477112	3986885	41.54
2011	40-44	0.00325	0.01611	2.66	94862	1528	470729	3509772	37.00
2011	45-49	0.00521	0.02574	2.74	93334	2403	461232	3039044	32.56
2011	50-54	0.00849	0.04162	2.68	90931	3785	445869	2577812	28.35
2011	55-59	0.01195	0.05800	2.49	87146	5054	423039	2131943	24.46
2011	60-64	0.01505	0.07265	2.64	82092	5964	396404	1708904	20.82
2011	65-69	0.02047	0.09764	2.63	76128	7433	363038	1312500	17.24
2011	70-74	0.03108	0.14454	2.58	68695	9929	319446	949461	13.82
2011	75-79	0.04755	0.21322	2.58	58766	12530	263496	630015	10.72
2011	80-84	0.08187	0.34096	2.55	46236	15765	192564	366519	7.93
2011	85-89	0.13640	0.50534	2.44	30471	15398	112894	173955	5.71
2011	90-94	0.21618	0.67865	2.26	15073	10229	47319	61061	4.05
2011	95-99	0.33453	0.83168	1.98	4844	4028	12042	13742	2.84
2011	100-104	0.47057	0.92125	1.7	815	751	1596	1700	2.09
2011	105-109	0.61205	0.96432	1.45	64	62	101	104	1.63
2011	110+	0.72158	1.00000	1.39	2	2	3	3	1.39
2012	0	0.00845	0.00838	0.07	100000	838	99219	7439051	74.39
2012	1-4	0.00029	0.00114	1.25	99162	114	396335	7339832	74.02
2012	5-9	0.00013	0.00066	2.92	99048	65	495107	6943497	70.10
2012	10-14	0.00018	0.00088	2.95	98983	87	494738	6448390	65.15
2012	15-19	0.00076	0.00380	3.16	98897	376	493791	5953652	60.20
2012	20-24	0.00139	0.00693	2.66	98521	683	491008	5459861	55.42
2012	25-29	0.00169	0.00841	2.55	97838	823	487178	4968853	50.79
2012	30-34	0.00200	0.00996	2.42	97015	967	482586	4481675	46.20
2012	35-39	0.00234	0.01166	2.68	96049	1120	477647	3999089	41.64
2012	40-44	0.00325	0.01615	2.78	94929	1534	471240	3521441	37.10
2012	45-49	0.00526	0.02601	2.74	93395	2429	461487	3050201	32.66
2012	50-54	0.00787	0.03860	2.54	90967	3512	446203	2588715	28.46
2012	55-59	0.01166	0.05673	2.6	87455	4962	425385	2142512	24.50
2012	60-64	0.01507	0.07257	2.47	82493	5987	397340	1717128	20.82
2012	65-69	0.02122	0.10102	2.64	76507	7729	364294	1319788	17.25
2012	70-74	0.03028	0.14118	2.61	68778	9710	320661	955494	13.89
2012	75-79	0.04842	0.21699	2.61	59068	12817	264711	634834	10.75
2012	80-84	0.07789	0.32707	2.55	46251	15127	194219	370122	8.00
2012	85-89	0.13650	0.50678	2.46	31123	15773	115552	175904	5.65
2012	90-94	0.22498	0.70048	2.31	15351	10753	47795	60352	3.93
2012	95-99	0.34878	0.84556	1.95	4598	3888	11147	12558	2.73
2012	100-104	0.49530	0.93214	1.65	710	662	1336	1411	1.99
2012	105-109	0.64399	0.97048	1.4	48	47	73	75	1.55
2012	110+	0.75554	1.00000	1.32	1	1	2	2	1.32
2013	0	0.00699	0.00695	0.06	100000	695	99350	7430494	74.30
2013	1-4	0.00036	0.00146	1.46	99305	145	396854	7331145	73.82
2013	5-9	0.00017	0.00084	2.33	99161	83	495580	6934291	69.93
2013	10-14	0.00012	0.00061	3.07	99077	61	495269	6438711	64.99
2013	15-19	0.00070	0.00349	2.98	99017	346	494384	5943441	60.02
2013	20-24	0.00148	0.00739	2.5	98671	729	491533	5449057	55.22
2013	25-29	0.00156	0.00776	2.51	97942	760	487819	4957525	50.62
2013	30-34	0.00196	0.00974	2.67	97181	947	483699	4469706	45.99
2013	35-39	0.00232	0.01155	2.57	96235	1111	478476	3986007	41.42
2013	40-44	0.00331	0.01644	2.67	95123	1564	471969	3507531	36.87
2013	45-49	0.00517	0.02553	2.69	93559	2389	462276	3035562	32.45
2013	50-54	0.00814	0.03994	2.68	91171	3641	447399	2573286	28.22
2013	55-59	0.01219	0.05921	2.58	87529	5182	425120	2125887	24.29
2013	60-64	0.01596	0.07678	2.54	82347	6323	396211	1700767	20.65
2013	65-69	0.02143	0.10191	2.6	76025	7747	361547	1304556	17.16
2013	70-74	0.03151	0.14659	2.62	68277	10009	317615	943009	13.81
2013	75-79	0.04893	0.21887	2.59	58268	12753	260661	625394	10.73
2013	80-84	0.08012	0.33402	2.51	45515	15203	189757	364733	8.01
2013	85-89	0.12936	0.48942	2.51	30312	14835	114683	174976	5.77
2013	90-94	0.22996	0.70775	2.28	15477	10954	47634	60293	3.90
2013	95-99	0.33943	0.83678	1.97	4523	3785	11150	12659	2.80
2013	100-104	0.48079	0.92603	1.68	738	684	1422	1509	2.04
2013	105-109	0.62641	0.96726	1.43	55	53	84	87	1.59
2013	110+	0.73762	1.00000	1.36	2	2	2	2	1.36
2014	0	0.00786	0.00780	0.07	100000	780	99272	7433470	74.33
2014	1-4	0.00037	0.00149	1.74	99220	148	396546	7334198	73.92
2014	5-9	0.00022	0.00109	2.44	99072	108	495086	6937651	70.03
2014	10-14	0.00017	0.00087	2.92	98965	86	494645	6442565	65.10
2014	15-19	0.00085	0.00423	3.06	98879	418	493585	5947920	60.15
2014	20-24	0.00148	0.00739	2.77	98461	728	490684	5454334	55.40
2014	25-29	0.00175	0.00869	2.66	97733	849	486677	4963650	50.79
2014	30-34	0.00199	0.00991	2.65	96884	960	482160	4476973	46.21
2014	35-39	0.00247	0.01229	2.72	95924	1179	476936	3994812	41.65
2014	40-44	0.00304	0.01508	2.67	94745	1428	470397	3517877	37.13
2014	45-49	0.00479	0.02368	2.7	93317	2210	461506	3047480	32.66
2014	50-54	0.00835	0.04097	2.68	91107	3733	446873	2585974	28.38
2014	55-59	0.01151	0.05603	2.62	87374	4895	425213	2139100	24.48
2014	60-64	0.01631	0.07838	2.52	82479	6464	396349	1713887	20.78
2014	65-69	0.02111	0.10044	2.6	76014	7635	361728	1317539	17.33
2014	70-74	0.03090	0.14372	2.57	68379	9828	318016	955811	13.98
2014	75-79	0.04713	0.21180	2.61	58552	12401	263143	637795	10.89
2014	80-84	0.07579	0.32048	2.59	46150	14790	195145	374653	8.12
2014	85-89	0.13207	0.49370	2.44	31360	15482	117231	179508	5.72
2014	90-94	0.22468	0.69211	2.23	15878	10989	48909	62277	3.92
2014	95-99	0.34810	0.84528	1.96	4889	4132	11871	13368	2.73
2014	100-104	0.49704	0.93299	1.65	756	706	1420	1498	1.98
2014	105-109	0.64794	0.97121	1.4	51	49	76	78	1.54
2014	110+	0.76058	1.00000	1.31	1	1	2	2	1.31
2015	0	0.00799	0.00793	0.07	100000	793	99260	7400062	74.00
2015	1-4	0.00052	0.00206	1.59	99207	204	396336	7300803	73.59
2015	5-9	0.00010	0.00052	1.79	99003	51	494850	6904467	69.74
2015	10-14	0.00019	0.00096	3.12	98952	95	494579	6409617	64.78
2015	15-19	0.00087	0.00436	2.82	98856	431	493342	5915038	59.83
2015	20-24	0.00175	0.00871	2.69	98425	857	490143	5421696	55.08
2015	25-29	0.00213	0.01060	2.66	97568	1034	485421	4931553	50.54
2015	30-34	0.00228	0.01132	2.52	96534	1093	479961	4446132	46.06
2015	35-39	0.00269	0.01336	2.58	95441	1275	474122	3966171	41.56
2015	40-44	0.00346	0.01715	2.6	94166	1615	466952	3492049	37.08
2015	45-49	0.00505	0.02496	2.61	92551	2310	457231	3025098	32.69
2015	50-54	0.00801	0.03930	2.68	90241	3547	442978	2567866	28.46
2015	55-59	0.01205	0.05852	2.58	86694	5074	421187	2124888	24.51
2015	60-64	0.01617	0.07776	2.55	81620	6347	392562	1703701	20.87
2015	65-69	0.02034	0.09684	2.53	75273	7289	358328	1311139	17.42
2015	70-74	0.03108	0.14469	2.62	67984	9836	316524	952811	14.02
2015	75-79	0.04681	0.20997	2.55	58147	12209	260837	636287	10.94
2015	80-84	0.07657	0.32227	2.55	45938	14804	193351	375450	8.17
2015	85-89	0.12926	0.48446	2.42	31134	15083	116688	182099	5.85
2015	90-94	0.21498	0.67399	2.23	16051	10818	50322	65412	4.08
2015	95-99	0.32807	0.82587	1.99	5233	4321	13172	15090	2.88
2015	100-104	0.46603	0.91947	1.71	911	838	1798	1917	2.10
2015	105-109	0.61035	0.96410	1.45	73	71	116	120	1.63
2015	110+	0.72215	1.00000	1.38	3	3	4	4	1.38
2016	0	0.00697	0.00693	0.06	100000	693	99351	7405725	74.06
2016	1-4	0.00034	0.00137	1.74	99307	136	396921	7306374	73.57
2016	5-9	0.00013	0.00067	2.42	99171	66	495684	6909453	69.67
2016	10-14	0.00021	0.00105	2.81	99105	104	495296	6413769	64.72
2016	15-19	0.00095	0.00476	2.88	99000	471	494002	5918474	59.78
2016	20-24	0.00175	0.00871	2.64	98529	858	490619	5424472	55.05
2016	25-29	0.00187	0.00933	2.63	97671	911	486198	4933852	50.51
2016	30-34	0.00261	0.01296	2.51	96760	1254	480681	4447655	45.97
2016	35-39	0.00303	0.01503	2.6	95506	1435	474082	3966973	41.54
2016	40-44	0.00344	0.01709	2.72	94071	1607	466689	3492891	37.13
2016	45-49	0.00506	0.02499	2.67	92464	2311	456944	3026202	32.73
2016	50-54	0.00818	0.04012	2.65	90154	3617	442252	2569258	28.50
2016	55-59	0.01178	0.05724	2.57	86536	4954	420644	2127006	24.58
2016	60-64	0.01684	0.08091	2.6	81583	6601	392049	1706362	20.92
2016	65-69	0.02148	0.10205	2.56	74982	7652	356220	1314313	17.53
2016	70-74	0.03002	0.14007	2.62	67330	9431	314184	958093	14.23
2016	75-79	0.04649	0.20895	2.58	57899	12098	260253	643909	11.12
2016	80-84	0.07118	0.30242	2.51	45801	13851	194584	383656	8.38
2016	85-89	0.12542	0.47428	2.43	31950	15153	120823	189072	5.92
2016	90-94	0.21550	0.67959	2.28	16797	11415	52971	68248	4.06
2016	95-99	0.33350	0.83198	1.99	5382	4478	13426	15277	2.84
2016	100-104	0.47972	0.92605	1.69	904	837	1746	1851	2.05
2016	105-109	0.63076	0.96828	1.42	67	65	103	105	1.58
2016	110+	0.74541	1.00000	1.34	2	2	3	3	1.34
2017	0	0.00812	0.00806	0.07	100000	806	99248	7391776	73.92
2017	1-4	0.00044	0.00177	1.4	99194	175	396322	7292527	73.52
2017	5-9	0.00015	0.00074	2.3	99019	73	494899	6896205	69.65
2017	10-14	0.00022	0.00110	2.69	98946	109	494481	6401306	64.69
2017	15-19	0.00086	0.00427	3	98838	422	493342	5906825	59.76
2017	20-24	0.00163	0.00810	2.68	98415	798	490225	5413483	55.01
2017	25-29	0.00215	0.01070	2.57	97618	1045	485554	4923258	50.43
2017	30-34	0.00255	0.01268	2.58	96573	1225	479908	4437704	45.95
2017	35-39	0.00297	0.01474	2.54	95349	1405	473291	3957795	41.51
2017	40-44	0.00367	0.01820	2.56	93944	1710	465551	3484504	37.09
2017	45-49	0.00502	0.02478	2.63	92233	2286	455759	3018953	32.73
2017	50-54	0.00772	0.03791	2.63	89948	3410	441641	2563193	28.50
2017	55-59	0.01227	0.05959	2.57	86538	5157	420161	2121552	24.52
2017	60-64	0.01700	0.08167	2.59	81381	6646	390914	1701391	20.91
2017	65-69	0.02124	0.10095	2.54	74735	7544	355133	1310478	17.54
2017	70-74	0.03012	0.14050	2.61	67190	9440	313402	955345	14.22
2017	75-79	0.04577	0.20614	2.59	57750	11904	260099	641942	11.12
2017	80-84	0.07477	0.31557	2.53	45846	14468	193496	381843	8.33
2017	85-89	0.12485	0.47573	2.5	31378	14927	119558	188347	6.00
2017	90-94	0.20821	0.66416	2.27	16451	10926	52476	68789	4.18
2017	95-99	0.31923	0.81704	2.01	5525	4514	14140	16313	2.95
2017	100-104	0.45545	0.91450	1.73	1011	924	2030	2173	2.15
2017	105-109	0.59952	0.96184	1.47	86	83	139	143	1.66
2017	110+	0.71214	1.00000	1.4	3	3	5	5	1.40
2018	0	0.00743	0.00738	0.06	100000	738	99310	7408285	74.08
2018	1-4	0.00039	0.00156	1.63	99262	155	396682	7308975	73.63
2018	5-9	0.00014	0.00070	2.83	99107	69	495385	6912293	69.75
2018	10-14	0.00017	0.00084	3.33	99038	83	495050	6416907	64.79
2018	15-19	0.00100	0.00499	3.07	98955	494	493821	5921858	59.84
2018	20-24	0.00179	0.00892	2.67	98460	878	490254	5428036	55.13
2018	25-29	0.00232	0.01152	2.59	97582	1124	485201	4937783	50.60
2018	30-34	0.00262	0.01303	2.59	96458	1256	479267	4452582	46.16
2018	35-39	0.00295	0.01463	2.68	95201	1392	472782	3973315	41.74
2018	40-44	0.00362	0.01794	2.64	93809	1683	465073	3500533	37.32
2018	45-49	0.00530	0.02616	2.64	92126	2410	454938	3035460	32.95
2018	50-54	0.00739	0.03637	2.79	89716	3263	441364	2580522	28.76
2018	55-59	0.01160	0.05640	2.58	86453	4876	420474	2139158	24.74
2018	60-64	0.01690	0.08116	2.58	81576	6621	391830	1718684	21.07
2018	65-69	0.02127	0.10110	2.56	74956	7578	356320	1326854	17.70
2018	70-74	0.02895	0.13527	2.58	67378	9114	314821	970534	14.40
2018	75-79	0.04520	0.20320	2.52	58263	11839	261943	655713	11.25
2018	80-84	0.07195	0.30617	2.57	46424	14213	197559	393769	8.48
2018	85-89	0.12052	0.46104	2.45	32211	14851	123219	196211	6.09
2018	90-94	0.20660	0.66370	2.31	17360	11522	55770	72992	4.20
2018	95-99	0.31927	0.81751	2.02	5838	4773	14949	17222	2.95
2018	100-104	0.45900	0.91650	1.72	1065	976	2127	2273	2.13
2018	105-109	0.60644	0.96345	1.46	89	86	141	146	1.64
2018	110+	0.72096	1.00000	1.39	3	3	5	5	1.39
2019	0	0.00786	0.00780	0.07	100000	780	99271	7423021	74.23
2019	1-4	0.00037	0.00147	1.61	99220	146	396531	7323750	73.81
2019	5-9	0.00015	0.00074	2.1	99074	73	495159	6927219	69.92
2019	10-14	0.00023	0.00115	2.69	99001	114	494742	6432059	64.97
2019	15-19	0.00094	0.00469	2.98	98887	463	493497	5937318	60.04
2019	20-24	0.00183	0.00909	2.48	98424	894	489868	5443821	55.31
2019	25-29	0.00224	0.01112	2.67	97529	1084	485116	4953953	50.79
2019	30-34	0.00248	0.01233	2.7	96445	1190	479488	4468837	46.34
2019	35-39	0.00318	0.01580	2.71	95255	1505	472829	3989348	41.88
2019	40-44	0.00397	0.01966	2.69	93750	1843	464499	3516519	37.51
2019	45-49	0.00542	0.02676	2.63	91907	2460	453695	3052020	33.21
2019	50-54	0.00716	0.03517	2.59	89447	3146	439654	2598325	29.05
2019	55-59	0.01126	0.05478	2.57	86301	4727	420001	2158671	25.01
2019	60-64	0.01642	0.07894	2.57	81574	6439	392238	1738671	21.31
2019	65-69	0.02116	0.10066	2.59	75135	7563	357449	1346432	17.92
2019	70-74	0.02774	0.13015	2.64	67572	8795	317073	988984	14.64
2019	75-79	0.04509	0.20325	2.58	58777	11947	264957	671911	11.43
2019	80-84	0.07029	0.29930	2.52	46831	14017	199402	406954	8.69
2019	85-89	0.11372	0.44242	2.49	32814	14517	127661	207552	6.33
2019	90-94	0.19781	0.64891	2.35	18297	11873	60022	79891	4.37
2019	95-99	0.30236	0.79904	2.05	6424	5133	16976	19868	3.09
2019	100-104	0.43557	0.90438	1.77	1291	1167	2680	2892	2.24
2019	105-109	0.57942	0.95728	1.5	123	118	204	212	1.71
2019	110+	0.69368	1.00000	1.44	5	5	8	8	1.44
