HI: Hawaii, Lifetables (period 1x5), Males Last modified: 20 Dec 2020, MPv5 (May07) 

Year     	Age	mx	qx	ax	lx	dx	Lx	Tx	ex
1960-1964	0	0.02556	0.02499	0.11	100000	2499	97785	7010736	70.11
1960-1964	1	0.00150	0.00150	0.5	97501	146	97427	6912952	70.90
1960-1964	2	0.00084	0.00084	0.5	97354	82	97313	6815524	70.01
1960-1964	3	0.00060	0.00060	0.5	97272	58	97243	6718211	69.07
1960-1964	4	0.00053	0.00053	0.5	97214	52	97188	6620968	68.11
1960-1964	5	0.00062	0.00062	0.5	97162	60	97132	6523780	67.14
1960-1964	6	0.00043	0.00043	0.5	97102	41	97081	6426648	66.18
1960-1964	7	0.00051	0.00051	0.5	97061	49	97036	6329567	65.21
1960-1964	8	0.00021	0.00021	0.5	97011	20	97001	6232531	64.25
1960-1964	9	0.00040	0.00040	0.5	96991	39	96972	6135530	63.26
1960-1964	10	0.00030	0.00030	0.5	96952	29	96938	6038558	62.28
1960-1964	11	0.00050	0.00050	0.5	96923	49	96899	5941621	61.30
1960-1964	12	0.00036	0.00036	0.5	96874	35	96857	5844722	60.33
1960-1964	13	0.00055	0.00055	0.5	96839	54	96812	5747866	59.35
1960-1964	14	0.00033	0.00033	0.5	96785	32	96769	5651053	58.39
1960-1964	15	0.00070	0.00070	0.5	96753	68	96720	5554284	57.41
1960-1964	16	0.00094	0.00094	0.5	96686	91	96640	5457564	56.45
1960-1964	17	0.00100	0.00100	0.5	96595	96	96547	5360924	55.50
1960-1964	18	0.00111	0.00111	0.5	96499	107	96445	5264377	54.55
1960-1964	19	0.00152	0.00152	0.5	96392	146	96319	5167932	53.61
1960-1964	20	0.00175	0.00175	0.5	96246	168	96162	5071613	52.69
1960-1964	21	0.00088	0.00087	0.5	96078	84	96035	4975451	51.79
1960-1964	22	0.00122	0.00122	0.5	95993	117	95935	4879416	50.83
1960-1964	23	0.00146	0.00146	0.5	95876	140	95807	4783481	49.89
1960-1964	24	0.00118	0.00118	0.5	95737	113	95680	4687674	48.96
1960-1964	25	0.00108	0.00107	0.5	95624	103	95572	4591994	48.02
1960-1964	26	0.00111	0.00111	0.5	95521	106	95468	4496422	47.07
1960-1964	27	0.00141	0.00141	0.5	95415	135	95347	4400954	46.12
1960-1964	28	0.00094	0.00094	0.5	95280	90	95235	4305606	45.19
1960-1964	29	0.00127	0.00127	0.5	95190	121	95130	4210371	44.23
1960-1964	30	0.00186	0.00186	0.5	95069	177	94981	4115242	43.29
1960-1964	31	0.00105	0.00105	0.5	94892	100	94842	4020261	42.37
1960-1964	32	0.00120	0.00120	0.5	94792	114	94736	3925419	41.41
1960-1964	33	0.00168	0.00168	0.5	94679	159	94599	3830683	40.46
1960-1964	34	0.00186	0.00186	0.5	94520	176	94432	3736084	39.53
1960-1964	35	0.00175	0.00175	0.5	94344	165	94261	3641652	38.60
1960-1964	36	0.00174	0.00173	0.5	94179	163	94097	3547391	37.67
1960-1964	37	0.00194	0.00194	0.5	94016	182	93924	3453294	36.73
1960-1964	38	0.00222	0.00222	0.5	93833	208	93729	3359369	35.80
1960-1964	39	0.00290	0.00290	0.5	93625	271	93490	3265640	34.88
1960-1964	40	0.00302	0.00301	0.5	93354	281	93213	3172150	33.98
1960-1964	41	0.00277	0.00277	0.5	93073	257	92944	3078937	33.08
1960-1964	42	0.00305	0.00304	0.5	92815	283	92674	2985993	32.17
1960-1964	43	0.00328	0.00328	0.5	92533	303	92381	2893319	31.27
1960-1964	44	0.00431	0.00430	0.5	92229	396	92031	2800938	30.37
1960-1964	45	0.00387	0.00386	0.5	91833	355	91656	2708907	29.50
1960-1964	46	0.00385	0.00385	0.5	91478	352	91302	2617252	28.61
1960-1964	47	0.00560	0.00559	0.5	91127	509	90872	2525949	27.72
1960-1964	48	0.00605	0.00603	0.5	90617	546	90344	2435077	26.87
1960-1964	49	0.00628	0.00626	0.5	90071	564	89789	2344733	26.03
1960-1964	50	0.00736	0.00734	0.5	89507	657	89179	2254944	25.19
1960-1964	51	0.00872	0.00868	0.5	88850	771	88465	2165765	24.38
1960-1964	52	0.00846	0.00842	0.5	88079	742	87709	2077300	23.58
1960-1964	53	0.00991	0.00986	0.5	87338	861	86907	1989592	22.78
1960-1964	54	0.01082	0.01077	0.5	86476	931	86011	1902684	22.00
1960-1964	55	0.01098	0.01092	0.5	85545	934	85079	1816674	21.24
1960-1964	56	0.01119	0.01113	0.5	84612	941	84141	1731595	20.47
1960-1964	57	0.01413	0.01403	0.5	83670	1174	83083	1647454	19.69
1960-1964	58	0.01353	0.01343	0.5	82496	1108	81942	1564371	18.96
1960-1964	59	0.01469	0.01459	0.5	81388	1187	80795	1482428	18.21
1960-1964	60	0.01866	0.01849	0.5	80201	1483	79460	1401634	17.48
1960-1964	61	0.01879	0.01862	0.5	78718	1466	77986	1322174	16.80
1960-1964	62	0.02088	0.02067	0.5	77253	1597	76454	1244188	16.11
1960-1964	63	0.02255	0.02230	0.5	75656	1687	74813	1167734	15.43
1960-1964	64	0.02505	0.02474	0.5	73969	1830	73054	1092921	14.78
1960-1964	65	0.03192	0.03142	0.5	72139	2267	71006	1019867	14.14
1960-1964	66	0.03337	0.03282	0.5	69873	2293	68726	948861	13.58
1960-1964	67	0.03555	0.03493	0.5	67579	2361	66399	880135	13.02
1960-1964	68	0.03933	0.03857	0.5	65219	2515	63961	813736	12.48
1960-1964	69	0.03602	0.03538	0.5	62703	2218	61594	749775	11.96
1960-1964	70	0.04724	0.04615	0.5	60485	2792	59089	688181	11.38
1960-1964	71	0.04295	0.04205	0.5	57693	2426	56480	629092	10.90
1960-1964	72	0.04637	0.04532	0.5	55267	2504	54015	572612	10.36
1960-1964	73	0.05515	0.05367	0.5	52763	2832	51347	518597	9.83
1960-1964	74	0.06649	0.06435	0.5	49931	3213	48324	467250	9.36
1960-1964	75	0.05814	0.05650	0.5	46718	2639	45398	418925	8.97
1960-1964	76	0.06305	0.06112	0.5	44078	2694	42731	373527	8.47
1960-1964	77	0.06773	0.06551	0.5	41384	2711	40029	330796	7.99
1960-1964	78	0.07615	0.07335	0.5	38673	2837	37255	290767	7.52
1960-1964	79	0.08290	0.07960	0.5	35836	2853	34410	253512	7.07
1960-1964	80	0.09484	0.09054	0.5	32984	2986	31490	219102	6.64
1960-1964	81	0.10400	0.09886	0.5	29997	2966	28515	187612	6.25
1960-1964	82	0.11394	0.10780	0.5	27032	2914	25575	159097	5.89
1960-1964	83	0.12470	0.11738	0.5	24118	2831	22702	133522	5.54
1960-1964	84	0.13632	0.12762	0.5	21287	2717	19928	110820	5.21
1960-1964	85	0.14883	0.13852	0.5	18570	2572	17284	90892	4.89
1960-1964	86	0.16228	0.15010	0.5	15998	2401	14797	73608	4.60
1960-1964	87	0.17669	0.16235	0.5	13596	2207	12493	58811	4.33
1960-1964	88	0.19209	0.17526	0.5	11389	1996	10391	46318	4.07
1960-1964	89	0.20849	0.18881	0.5	9393	1773	8506	35927	3.82
1960-1964	90	0.22590	0.20298	0.5	7619	1547	6846	27421	3.60
1960-1964	91	0.24432	0.21772	0.5	6073	1322	5412	20575	3.39
1960-1964	92	0.26372	0.23300	0.5	4751	1107	4197	15163	3.19
1960-1964	93	0.28409	0.24875	0.5	3644	906	3191	10966	3.01
1960-1964	94	0.30537	0.26492	0.5	2737	725	2375	7775	2.84
1960-1964	95	0.32753	0.28144	0.5	2012	566	1729	5400	2.68
1960-1964	96	0.35047	0.29822	0.5	1446	431	1230	3671	2.54
1960-1964	97	0.37413	0.31518	0.5	1015	320	855	2441	2.41
1960-1964	98	0.39841	0.33223	0.5	695	231	579	1586	2.28
1960-1964	99	0.42320	0.34929	0.5	464	162	383	1007	2.17
1960-1964	100	0.44838	0.36627	0.5	302	111	247	624	2.07
1960-1964	101	0.47383	0.38308	0.5	191	73	155	377	1.97
1960-1964	102	0.49942	0.39963	0.5	118	47	94	222	1.88
1960-1964	103	0.52501	0.41585	0.5	71	29	56	128	1.80
1960-1964	104	0.55046	0.43166	0.5	41	18	32	72	1.73
1960-1964	105	0.57566	0.44700	0.5	24	11	18	39	1.66
1960-1964	106	0.60047	0.46182	0.5	13	6	10	21	1.60
1960-1964	107	0.62477	0.47606	0.5	7	3	5	11	1.55
1960-1964	108	0.64847	0.48969	0.5	4	2	3	6	1.50
1960-1964	109	0.67145	0.50268	0.5	2	1	1	3	1.47
1960-1964	110+	0.69364	1.00000	1.44	1	1	1	1	1.44
1965-1969	0	0.02153	0.02112	0.1	100000	2112	98105	7085408	70.85
1965-1969	1	0.00113	0.00113	0.5	97888	111	97833	6987303	71.38
1965-1969	2	0.00080	0.00080	0.5	97777	78	97738	6889470	70.46
1965-1969	3	0.00066	0.00066	0.5	97699	64	97667	6791732	69.52
1965-1969	4	0.00031	0.00031	0.5	97635	30	97620	6694065	68.56
1965-1969	5	0.00050	0.00050	0.5	97605	49	97580	6596445	67.58
1965-1969	6	0.00045	0.00045	0.5	97556	44	97534	6498865	66.62
1965-1969	7	0.00046	0.00046	0.5	97512	44	97489	6401331	65.65
1965-1969	8	0.00051	0.00051	0.5	97467	50	97442	6303842	64.68
1965-1969	9	0.00024	0.00024	0.5	97418	24	97406	6206399	63.71
1965-1969	10	0.00027	0.00027	0.5	97394	27	97380	6108994	62.72
1965-1969	11	0.00033	0.00033	0.5	97367	32	97351	6011613	61.74
1965-1969	12	0.00033	0.00033	0.5	97335	33	97319	5914262	60.76
1965-1969	13	0.00045	0.00045	0.5	97303	43	97281	5816943	59.78
1965-1969	14	0.00045	0.00045	0.5	97259	44	97237	5719662	58.81
1965-1969	15	0.00067	0.00067	0.5	97215	65	97183	5622425	57.83
1965-1969	16	0.00067	0.00067	0.5	97151	65	97118	5525242	56.87
1965-1969	17	0.00110	0.00110	0.5	97086	107	97033	5428124	55.91
1965-1969	18	0.00085	0.00085	0.5	96979	82	96938	5331091	54.97
1965-1969	19	0.00097	0.00097	0.5	96897	94	96850	5234153	54.02
1965-1969	20	0.00103	0.00103	0.5	96803	99	96753	5137302	53.07
1965-1969	21	0.00103	0.00103	0.5	96704	100	96654	5040549	52.12
1965-1969	22	0.00142	0.00142	0.5	96604	137	96536	4943895	51.18
1965-1969	23	0.00111	0.00111	0.5	96467	107	96414	4847360	50.25
1965-1969	24	0.00121	0.00121	0.5	96360	117	96302	4750946	49.30
1965-1969	25	0.00088	0.00088	0.5	96244	85	96201	4654644	48.36
1965-1969	26	0.00075	0.00075	0.5	96159	72	96123	4558443	47.41
1965-1969	27	0.00150	0.00150	0.5	96087	144	96015	4462319	46.44
1965-1969	28	0.00106	0.00105	0.5	95943	101	95892	4366304	45.51
1965-1969	29	0.00110	0.00110	0.5	95842	105	95789	4270412	44.56
1965-1969	30	0.00122	0.00122	0.5	95737	117	95678	4174623	43.61
1965-1969	31	0.00118	0.00118	0.5	95620	113	95563	4078944	42.66
1965-1969	32	0.00195	0.00195	0.5	95507	186	95414	3983381	41.71
1965-1969	33	0.00166	0.00166	0.5	95321	158	95241	3887968	40.79
1965-1969	34	0.00188	0.00188	0.5	95162	179	95073	3792726	39.86
1965-1969	35	0.00157	0.00157	0.5	94983	149	94909	3697653	38.93
1965-1969	36	0.00211	0.00211	0.5	94835	200	94735	3602744	37.99
1965-1969	37	0.00200	0.00199	0.5	94635	189	94541	3508009	37.07
1965-1969	38	0.00198	0.00198	0.5	94446	187	94353	3413469	36.14
1965-1969	39	0.00271	0.00271	0.5	94260	255	94132	3319116	35.21
1965-1969	40	0.00261	0.00260	0.5	94004	245	93882	3224984	34.31
1965-1969	41	0.00306	0.00306	0.5	93760	287	93616	3131102	33.40
1965-1969	42	0.00270	0.00269	0.5	93473	252	93347	3037485	32.50
1965-1969	43	0.00414	0.00413	0.5	93221	385	93029	2944138	31.58
1965-1969	44	0.00441	0.00440	0.5	92836	409	92631	2851110	30.71
1965-1969	45	0.00504	0.00502	0.5	92427	464	92195	2758478	29.84
1965-1969	46	0.00449	0.00448	0.5	91963	412	91757	2666284	28.99
1965-1969	47	0.00494	0.00493	0.5	91551	451	91325	2574527	28.12
1965-1969	48	0.00566	0.00565	0.5	91100	514	90843	2483201	27.26
1965-1969	49	0.00658	0.00656	0.5	90585	594	90288	2392358	26.41
1965-1969	50	0.00806	0.00803	0.5	89991	722	89630	2302070	25.58
1965-1969	51	0.00762	0.00759	0.5	89269	677	88930	2212440	24.78
1965-1969	52	0.00905	0.00901	0.5	88591	798	88192	2123510	23.97
1965-1969	53	0.01004	0.00999	0.5	87793	877	87355	2035318	23.18
1965-1969	54	0.01185	0.01178	0.5	86916	1024	86404	1947964	22.41
1965-1969	55	0.01176	0.01170	0.5	85892	1005	85390	1861559	21.67
1965-1969	56	0.00928	0.00924	0.5	84888	784	84496	1776169	20.92
1965-1969	57	0.01400	0.01390	0.5	84103	1169	83519	1691674	20.11
1965-1969	58	0.01554	0.01542	0.5	82934	1279	82295	1608155	19.39
1965-1969	59	0.01555	0.01543	0.5	81655	1260	81025	1525860	18.69
1965-1969	60	0.01791	0.01775	0.5	80396	1427	79682	1444835	17.97
1965-1969	61	0.01652	0.01639	0.5	78968	1294	78321	1365153	17.29
1965-1969	62	0.02084	0.02062	0.5	77674	1602	76873	1286832	16.57
1965-1969	63	0.01988	0.01968	0.5	76072	1497	75324	1209958	15.91
1965-1969	64	0.02398	0.02370	0.5	74575	1767	73691	1134635	15.21
1965-1969	65	0.02687	0.02652	0.5	72808	1931	71842	1060943	14.57
1965-1969	66	0.02782	0.02744	0.5	70877	1945	69905	989101	13.96
1965-1969	67	0.03065	0.03019	0.5	68933	2081	67892	919196	13.33
1965-1969	68	0.03104	0.03057	0.5	66852	2043	65830	851304	12.73
1965-1969	69	0.03801	0.03730	0.5	64808	2417	63600	785473	12.12
1965-1969	70	0.04372	0.04279	0.5	62391	2670	61056	721874	11.57
1965-1969	71	0.04482	0.04384	0.5	59721	2618	58412	660817	11.06
1965-1969	72	0.05079	0.04954	0.5	57104	2829	55689	602405	10.55
1965-1969	73	0.05243	0.05109	0.5	54275	2773	52888	546716	10.07
1965-1969	74	0.06478	0.06275	0.5	51502	3232	49886	493827	9.59
1965-1969	75	0.06503	0.06299	0.5	48270	3040	46750	443942	9.20
1965-1969	76	0.07663	0.07380	0.5	45230	3338	43561	397192	8.78
1965-1969	77	0.07429	0.07163	0.5	41892	3001	40391	353631	8.44
1965-1969	78	0.07575	0.07298	0.5	38891	2838	37472	313240	8.05
1965-1969	79	0.08071	0.07758	0.5	36053	2797	34654	275768	7.65
1965-1969	80	0.08167	0.07846	0.5	33256	2609	31951	241114	7.25
1965-1969	81	0.08990	0.08604	0.5	30646	2637	29328	209162	6.83
1965-1969	82	0.09888	0.09422	0.5	28010	2639	26690	179834	6.42
1965-1969	83	0.10864	0.10305	0.5	25371	2614	24063	153144	6.04
1965-1969	84	0.11925	0.11254	0.5	22756	2561	21476	129081	5.67
1965-1969	85	0.13073	0.12271	0.5	20195	2478	18956	107605	5.33
1965-1969	86	0.14314	0.13358	0.5	17717	2367	16534	88649	5.00
1965-1969	87	0.15652	0.14516	0.5	15350	2228	14236	72115	4.70
1965-1969	88	0.17090	0.15745	0.5	13122	2066	12089	57878	4.41
1965-1969	89	0.18631	0.17043	0.5	11056	1884	10114	45789	4.14
1965-1969	90	0.20276	0.18410	0.5	9172	1689	8328	35675	3.89
1965-1969	91	0.22028	0.19843	0.5	7483	1485	6741	27348	3.65
1965-1969	92	0.23886	0.21338	0.5	5998	1280	5358	20607	3.44
1965-1969	93	0.25848	0.22890	0.5	4719	1080	4178	15248	3.23
1965-1969	94	0.27913	0.24494	0.5	3638	891	3193	11070	3.04
1965-1969	95	0.30075	0.26144	0.5	2747	718	2388	7877	2.87
1965-1969	96	0.32330	0.27831	0.5	2029	565	1747	5489	2.71
1965-1969	97	0.34671	0.29548	0.5	1464	433	1248	3742	2.56
1965-1969	98	0.37087	0.31286	0.5	1032	323	870	2494	2.42
1965-1969	99	0.39571	0.33035	0.5	709	234	592	1624	2.29
1965-1969	100	0.42109	0.34785	0.5	475	165	392	1032	2.17
1965-1969	101	0.44689	0.36527	0.5	310	113	253	640	2.07
1965-1969	102	0.47299	0.38252	0.5	196	75	159	387	1.97
1965-1969	103	0.49923	0.39951	0.5	121	48	97	228	1.88
1965-1969	104	0.52548	0.41614	0.5	73	30	58	131	1.80
1965-1969	105	0.55159	0.43235	0.5	43	18	33	73	1.73
1965-1969	106	0.57742	0.44806	0.5	24	11	19	40	1.66
1965-1969	107	0.60283	0.46321	0.5	13	6	10	21	1.60
1965-1969	108	0.62769	0.47775	0.5	7	3	5	11	1.55
1965-1969	109	0.65190	0.49165	0.5	4	2	3	6	1.51
1965-1969	110+	0.67535	1.00000	1.48	2	2	3	3	1.48
1970-1974	0	0.01845	0.01814	0.09	100000	1814	98357	7210221	72.10
1970-1974	1	0.00113	0.00113	0.5	98186	111	98130	7111864	72.43
1970-1974	2	0.00059	0.00059	0.5	98075	58	98046	7013733	71.51
1970-1974	3	0.00057	0.00057	0.5	98017	56	97989	6915687	70.56
1970-1974	4	0.00050	0.00050	0.5	97961	49	97937	6817698	69.60
1970-1974	5	0.00040	0.00040	0.5	97913	39	97893	6719761	68.63
1970-1974	6	0.00026	0.00026	0.5	97873	25	97861	6621868	67.66
1970-1974	7	0.00033	0.00033	0.5	97848	32	97832	6524007	66.67
1970-1974	8	0.00019	0.00019	0.5	97816	19	97807	6426175	65.70
1970-1974	9	0.00024	0.00024	0.5	97797	23	97786	6328368	64.71
1970-1974	10	0.00032	0.00032	0.5	97774	31	97758	6230583	63.72
1970-1974	11	0.00034	0.00034	0.5	97743	33	97726	6132824	62.74
1970-1974	12	0.00021	0.00021	0.5	97710	21	97699	6035098	61.77
1970-1974	13	0.00023	0.00023	0.5	97689	23	97678	5937399	60.78
1970-1974	14	0.00050	0.00050	0.5	97667	49	97642	5839721	59.79
1970-1974	15	0.00067	0.00067	0.5	97617	66	97584	5742079	58.82
1970-1974	16	0.00076	0.00076	0.5	97552	75	97514	5644494	57.86
1970-1974	17	0.00128	0.00128	0.5	97477	125	97415	5546980	56.91
1970-1974	18	0.00131	0.00131	0.5	97352	127	97289	5449565	55.98
1970-1974	19	0.00142	0.00142	0.5	97225	138	97156	5352276	55.05
1970-1974	20	0.00100	0.00100	0.5	97087	97	97038	5255120	54.13
1970-1974	21	0.00109	0.00109	0.5	96990	105	96937	5158082	53.18
1970-1974	22	0.00093	0.00093	0.5	96885	90	96840	5061145	52.24
1970-1974	23	0.00085	0.00085	0.5	96795	82	96754	4964305	51.29
1970-1974	24	0.00088	0.00088	0.5	96712	85	96670	4867551	50.33
1970-1974	25	0.00127	0.00127	0.5	96627	123	96566	4770882	49.37
1970-1974	26	0.00101	0.00101	0.5	96504	97	96456	4674316	48.44
1970-1974	27	0.00148	0.00148	0.5	96407	143	96336	4577860	47.48
1970-1974	28	0.00158	0.00158	0.5	96264	152	96189	4481524	46.55
1970-1974	29	0.00189	0.00189	0.5	96113	181	96022	4385336	45.63
1970-1974	30	0.00118	0.00118	0.5	95932	113	95875	4289314	44.71
1970-1974	31	0.00145	0.00145	0.5	95819	139	95749	4193438	43.76
1970-1974	32	0.00115	0.00114	0.5	95680	110	95625	4097689	42.83
1970-1974	33	0.00116	0.00116	0.5	95570	111	95515	4002064	41.88
1970-1974	34	0.00117	0.00117	0.5	95459	112	95403	3906549	40.92
1970-1974	35	0.00136	0.00136	0.5	95347	130	95283	3811146	39.97
1970-1974	36	0.00193	0.00193	0.5	95218	184	95126	3715863	39.02
1970-1974	37	0.00187	0.00187	0.5	95034	178	94945	3620738	38.10
1970-1974	38	0.00175	0.00175	0.5	94856	166	94773	3525792	37.17
1970-1974	39	0.00246	0.00245	0.5	94690	232	94574	3431019	36.23
1970-1974	40	0.00264	0.00263	0.5	94458	249	94334	3336445	35.32
1970-1974	41	0.00256	0.00256	0.5	94209	241	94089	3242112	34.41
1970-1974	42	0.00385	0.00385	0.5	93968	361	93787	3148023	33.50
1970-1974	43	0.00341	0.00341	0.5	93607	319	93447	3054236	32.63
1970-1974	44	0.00310	0.00309	0.5	93288	288	93143	2960788	31.74
1970-1974	45	0.00401	0.00400	0.5	92999	372	92813	2867645	30.84
1970-1974	46	0.00485	0.00483	0.5	92627	448	92403	2774832	29.96
1970-1974	47	0.00591	0.00589	0.5	92180	543	91908	2682428	29.10
1970-1974	48	0.00570	0.00568	0.5	91637	521	91376	2590520	28.27
1970-1974	49	0.00613	0.00611	0.5	91116	557	90837	2499144	27.43
1970-1974	50	0.00703	0.00700	0.5	90559	634	90242	2408307	26.59
1970-1974	51	0.00712	0.00710	0.5	89925	638	89606	2318065	25.78
1970-1974	52	0.00785	0.00782	0.5	89286	698	88937	2228459	24.96
1970-1974	53	0.00828	0.00825	0.5	88588	731	88223	2139522	24.15
1970-1974	54	0.01006	0.01001	0.5	87857	879	87418	2051299	23.35
1970-1974	55	0.01076	0.01070	0.5	86978	931	86513	1963881	22.58
1970-1974	56	0.01127	0.01120	0.5	86048	964	85566	1877368	21.82
1970-1974	57	0.01255	0.01247	0.5	85084	1061	84553	1791802	21.06
1970-1974	58	0.01340	0.01331	0.5	84022	1118	83463	1707249	20.32
1970-1974	59	0.01275	0.01267	0.5	82904	1050	82379	1623786	19.59
1970-1974	60	0.01739	0.01724	0.5	81854	1411	81149	1541407	18.83
1970-1974	61	0.01621	0.01608	0.5	80443	1294	79796	1460258	18.15
1970-1974	62	0.01738	0.01723	0.5	79150	1364	78468	1380462	17.44
1970-1974	63	0.01685	0.01671	0.5	77786	1300	77136	1301994	16.74
1970-1974	64	0.02180	0.02157	0.5	76486	1650	75661	1224858	16.01
1970-1974	65	0.02369	0.02341	0.5	74837	1752	73961	1149197	15.36
1970-1974	66	0.02266	0.02241	0.5	73085	1637	72266	1075236	14.71
1970-1974	67	0.02462	0.02432	0.5	71447	1738	70578	1002970	14.04
1970-1974	68	0.03143	0.03094	0.5	69709	2157	68631	932392	13.38
1970-1974	69	0.03059	0.03013	0.5	67552	2036	66534	863761	12.79
1970-1974	70	0.03834	0.03762	0.5	65517	2464	64285	797227	12.17
1970-1974	71	0.03708	0.03641	0.5	63052	2296	61904	732942	11.62
1970-1974	72	0.04321	0.04230	0.5	60757	2570	59472	671038	11.04
1970-1974	73	0.05005	0.04883	0.5	58187	2841	56766	611566	10.51
1970-1974	74	0.05279	0.05143	0.5	55346	2846	53922	554800	10.02
1970-1974	75	0.05981	0.05808	0.5	52499	3049	50975	500878	9.54
1970-1974	76	0.06423	0.06223	0.5	49450	3077	47912	449903	9.10
1970-1974	77	0.07484	0.07214	0.5	46373	3345	44700	401991	8.67
1970-1974	78	0.07133	0.06888	0.5	43028	2964	41546	357291	8.30
1970-1974	79	0.08415	0.08075	0.5	40064	3235	38446	315745	7.88
1970-1974	80	0.07760	0.07470	0.5	36829	2751	35453	277299	7.53
1970-1974	81	0.08530	0.08181	0.5	34077	2788	32683	241846	7.10
1970-1974	82	0.09369	0.08950	0.5	31290	2800	29889	209162	6.68
1970-1974	83	0.10281	0.09778	0.5	28489	2786	27096	179273	6.29
1970-1974	84	0.11271	0.10670	0.5	25703	2742	24332	152177	5.92
1970-1974	85	0.12343	0.11625	0.5	22961	2669	21626	127845	5.57
1970-1974	86	0.13501	0.12647	0.5	20292	2566	19008	106218	5.23
1970-1974	87	0.14750	0.13737	0.5	17725	2435	16508	87210	4.92
1970-1974	88	0.16093	0.14894	0.5	15290	2277	14152	70702	4.62
1970-1974	89	0.17533	0.16120	0.5	13013	2098	11964	56550	4.35
1970-1974	90	0.19072	0.17412	0.5	10915	1901	9965	44586	4.08
1970-1974	91	0.20713	0.18769	0.5	9015	1692	8169	34621	3.84
1970-1974	92	0.22455	0.20189	0.5	7323	1478	6584	26452	3.61
1970-1974	93	0.24300	0.21667	0.5	5844	1266	5211	19869	3.40
1970-1974	94	0.26244	0.23200	0.5	4578	1062	4047	14657	3.20
1970-1974	95	0.28286	0.24782	0.5	3516	871	3080	10610	3.02
1970-1974	96	0.30422	0.26405	0.5	2645	698	2295	7530	2.85
1970-1974	97	0.32645	0.28064	0.5	1946	546	1673	5235	2.69
1970-1974	98	0.34949	0.29750	0.5	1400	417	1192	3561	2.54
1970-1974	99	0.37326	0.31455	0.5	984	309	829	2370	2.41
1970-1974	100	0.39765	0.33170	0.5	674	224	562	1541	2.29
1970-1974	101	0.42256	0.34886	0.5	451	157	372	978	2.17
1970-1974	102	0.44788	0.36593	0.5	293	107	240	606	2.07
1970-1974	103	0.47346	0.38283	0.5	186	71	150	367	1.97
1970-1974	104	0.49919	0.39948	0.5	115	46	92	216	1.88
1970-1974	105	0.52492	0.41579	0.5	69	29	55	124	1.80
1970-1974	106	0.55052	0.43169	0.5	40	17	32	70	1.73
1970-1974	107	0.57585	0.44712	0.5	23	10	18	38	1.67
1970-1974	108	0.60080	0.46201	0.5	13	6	10	20	1.61
1970-1974	109	0.62523	0.47632	0.5	7	3	5	11	1.57
1970-1974	110+	0.64903	1.00000	1.54	4	4	5	5	1.54
1975-1979	0	0.01334	0.01318	0.08	100000	1318	98789	7400728	74.01
1975-1979	1	0.00071	0.00071	0.5	98682	70	98647	7301940	73.99
1975-1979	2	0.00049	0.00049	0.5	98613	48	98589	7203292	73.05
1975-1979	3	0.00049	0.00049	0.5	98565	48	98540	7104704	72.08
1975-1979	4	0.00041	0.00041	0.5	98516	40	98496	7006163	71.12
1975-1979	5	0.00044	0.00044	0.5	98476	44	98454	6907667	70.15
1975-1979	6	0.00026	0.00026	0.5	98432	26	98419	6809213	69.18
1975-1979	7	0.00026	0.00026	0.5	98406	26	98394	6710794	68.19
1975-1979	8	0.00024	0.00024	0.5	98381	23	98369	6612400	67.21
1975-1979	9	0.00026	0.00026	0.5	98357	26	98344	6514031	66.23
1975-1979	10	0.00021	0.00021	0.5	98331	20	98321	6415687	65.25
1975-1979	11	0.00023	0.00023	0.5	98311	22	98300	6317366	64.26
1975-1979	12	0.00025	0.00025	0.5	98289	24	98276	6219066	63.27
1975-1979	13	0.00033	0.00033	0.5	98264	33	98248	6120789	62.29
1975-1979	14	0.00030	0.00030	0.5	98232	29	98217	6022541	61.31
1975-1979	15	0.00061	0.00061	0.5	98203	60	98173	5924324	60.33
1975-1979	16	0.00097	0.00097	0.5	98143	95	98095	5826151	59.36
1975-1979	17	0.00094	0.00094	0.5	98048	92	98002	5728056	58.42
1975-1979	18	0.00128	0.00128	0.5	97956	125	97894	5630054	57.48
1975-1979	19	0.00167	0.00167	0.5	97831	163	97750	5532160	56.55
1975-1979	20	0.00117	0.00117	0.5	97668	114	97611	5434410	55.64
1975-1979	21	0.00125	0.00125	0.5	97554	122	97493	5336799	54.71
1975-1979	22	0.00172	0.00172	0.5	97432	168	97348	5239306	53.77
1975-1979	23	0.00165	0.00165	0.5	97265	160	97184	5141958	52.87
1975-1979	24	0.00113	0.00113	0.5	97104	109	97050	5044773	51.95
1975-1979	25	0.00165	0.00165	0.5	96995	160	96915	4947724	51.01
1975-1979	26	0.00135	0.00135	0.5	96835	130	96770	4850809	50.09
1975-1979	27	0.00157	0.00156	0.5	96704	151	96629	4754039	49.16
1975-1979	28	0.00168	0.00167	0.5	96553	162	96472	4657411	48.24
1975-1979	29	0.00121	0.00121	0.5	96391	116	96333	4560938	47.32
1975-1979	30	0.00140	0.00140	0.5	96275	135	96208	4464605	46.37
1975-1979	31	0.00152	0.00151	0.5	96140	146	96067	4368398	45.44
1975-1979	32	0.00154	0.00154	0.5	95994	147	95921	4272330	44.51
1975-1979	33	0.00179	0.00179	0.5	95847	172	95761	4176410	43.57
1975-1979	34	0.00154	0.00154	0.5	95675	147	95602	4080648	42.65
1975-1979	35	0.00134	0.00134	0.5	95528	128	95464	3985047	41.72
1975-1979	36	0.00136	0.00136	0.5	95400	130	95335	3889582	40.77
1975-1979	37	0.00188	0.00188	0.5	95270	179	95181	3794247	39.83
1975-1979	38	0.00191	0.00191	0.5	95091	182	95000	3699066	38.90
1975-1979	39	0.00205	0.00205	0.5	94910	194	94812	3604066	37.97
1975-1979	40	0.00217	0.00217	0.5	94715	205	94613	3509254	37.05
1975-1979	41	0.00233	0.00233	0.5	94510	220	94400	3414641	36.13
1975-1979	42	0.00314	0.00313	0.5	94289	295	94142	3320241	35.21
1975-1979	43	0.00236	0.00235	0.5	93994	221	93883	3226100	34.32
1975-1979	44	0.00297	0.00296	0.5	93773	278	93634	3132216	33.40
1975-1979	45	0.00379	0.00378	0.5	93495	353	93318	3038582	32.50
1975-1979	46	0.00341	0.00341	0.5	93142	318	92983	2945264	31.62
1975-1979	47	0.00450	0.00449	0.5	92824	417	92616	2852281	30.73
1975-1979	48	0.00410	0.00409	0.5	92407	378	92218	2759666	29.86
1975-1979	49	0.00539	0.00537	0.5	92029	495	91782	2667447	28.98
1975-1979	50	0.00569	0.00568	0.5	91535	520	91275	2575665	28.14
1975-1979	51	0.00704	0.00701	0.5	91015	638	90696	2484391	27.30
1975-1979	52	0.00709	0.00706	0.5	90377	638	90058	2393695	26.49
1975-1979	53	0.00812	0.00809	0.5	89739	726	89376	2303637	25.67
1975-1979	54	0.00936	0.00932	0.5	89013	829	88598	2214261	24.88
1975-1979	55	0.00793	0.00790	0.5	88184	696	87836	2125662	24.10
1975-1979	56	0.00898	0.00894	0.5	87488	782	87097	2037827	23.29
1975-1979	57	0.01027	0.01022	0.5	86706	886	86263	1950730	22.50
1975-1979	58	0.01057	0.01051	0.5	85820	902	85369	1864467	21.73
1975-1979	59	0.01310	0.01301	0.5	84918	1105	84365	1779098	20.95
1975-1979	60	0.01239	0.01231	0.5	83813	1032	83297	1694733	20.22
1975-1979	61	0.01510	0.01499	0.5	82781	1241	82160	1611437	19.47
1975-1979	62	0.01555	0.01543	0.5	81540	1258	80911	1529276	18.75
1975-1979	63	0.01481	0.01470	0.5	80282	1180	79692	1448365	18.04
1975-1979	64	0.01920	0.01902	0.5	79102	1505	78350	1368673	17.30
1975-1979	65	0.02014	0.01994	0.5	77598	1547	76824	1290323	16.63
1975-1979	66	0.01938	0.01920	0.5	76050	1460	75320	1213499	15.96
1975-1979	67	0.02431	0.02402	0.5	74590	1792	73694	1138179	15.26
1975-1979	68	0.02530	0.02499	0.5	72798	1819	71889	1064485	14.62
1975-1979	69	0.02926	0.02884	0.5	70980	2047	69956	992596	13.98
1975-1979	70	0.03138	0.03090	0.5	68933	2130	67868	922640	13.38
1975-1979	71	0.03021	0.02976	0.5	66803	1988	65809	854772	12.80
1975-1979	72	0.03307	0.03254	0.5	64815	2109	63760	788963	12.17
1975-1979	73	0.03660	0.03594	0.5	62706	2254	61579	725203	11.57
1975-1979	74	0.04195	0.04109	0.5	60452	2484	59210	663624	10.98
1975-1979	75	0.04564	0.04462	0.5	57968	2587	56675	604414	10.43
1975-1979	76	0.04867	0.04751	0.5	55382	2631	54066	547739	9.89
1975-1979	77	0.05450	0.05305	0.5	52751	2798	51351	493673	9.36
1975-1979	78	0.05940	0.05769	0.5	49952	2882	48511	442322	8.85
1975-1979	79	0.05508	0.05361	0.5	47070	2523	45809	393811	8.37
1975-1979	80	0.07353	0.07092	0.5	44547	3159	42967	348002	7.81
1975-1979	81	0.08078	0.07764	0.5	41388	3213	39781	305034	7.37
1975-1979	82	0.08866	0.08490	0.5	38174	3241	36554	265253	6.95
1975-1979	83	0.09724	0.09273	0.5	34933	3239	33314	228700	6.55
1975-1979	84	0.10655	0.10116	0.5	31694	3206	30091	195386	6.16
1975-1979	85	0.11664	0.11021	0.5	28488	3140	26918	165295	5.80
1975-1979	86	0.12755	0.11990	0.5	25348	3039	23828	138378	5.46
1975-1979	87	0.13931	0.13024	0.5	22309	2905	20856	114549	5.13
1975-1979	88	0.15197	0.14124	0.5	19403	2740	18033	93693	4.83
1975-1979	89	0.16556	0.15290	0.5	16663	2548	15389	75660	4.54
1975-1979	90	0.18011	0.16523	0.5	14115	2332	12949	60271	4.27
1975-1979	91	0.19563	0.17820	0.5	11783	2100	10733	47323	4.02
1975-1979	92	0.21215	0.19180	0.5	9683	1857	8754	36590	3.78
1975-1979	93	0.22966	0.20601	0.5	7826	1612	7020	27835	3.56
1975-1979	94	0.24817	0.22077	0.5	6214	1372	5528	20815	3.35
1975-1979	95	0.26764	0.23605	0.5	4842	1143	4270	15288	3.16
1975-1979	96	0.28806	0.25180	0.5	3699	931	3233	11017	2.98
1975-1979	97	0.30938	0.26794	0.5	2768	742	2397	7784	2.81
1975-1979	98	0.33154	0.28440	0.5	2026	576	1738	5387	2.66
1975-1979	99	0.35448	0.30111	0.5	1450	437	1232	3649	2.52
1975-1979	100	0.37810	0.31799	0.5	1013	322	852	2418	2.39
1975-1979	101	0.40232	0.33494	0.5	691	231	575	1565	2.27
1975-1979	102	0.42703	0.35189	0.5	460	162	379	990	2.15
1975-1979	103	0.45210	0.36874	0.5	298	110	243	611	2.05
1975-1979	104	0.47742	0.38542	0.5	188	72	152	368	1.96
1975-1979	105	0.50285	0.40182	0.5	116	46	92	217	1.87
1975-1979	106	0.52827	0.41789	0.5	69	29	55	124	1.80
1975-1979	107	0.55355	0.43355	0.5	40	17	32	70	1.73
1975-1979	108	0.57855	0.44874	0.5	23	10	18	38	1.67
1975-1979	109	0.60315	0.46340	0.5	13	6	10	20	1.62
1975-1979	110+	0.62725	1.00000	1.59	7	7	11	11	1.59
1980-1984	0	0.01065	0.01054	0.07	100000	1054	99023	7465038	74.65
1980-1984	1	0.00086	0.00086	0.5	98946	85	98903	7366015	74.45
1980-1984	2	0.00047	0.00047	0.5	98860	47	98837	7267112	73.51
1980-1984	3	0.00037	0.00037	0.5	98814	36	98795	7168275	72.54
1980-1984	4	0.00043	0.00043	0.5	98777	43	98756	7069479	71.57
1980-1984	5	0.00039	0.00039	0.5	98735	38	98715	6970724	70.60
1980-1984	6	0.00019	0.00019	0.5	98696	19	98687	6872008	69.63
1980-1984	7	0.00016	0.00016	0.5	98677	16	98669	6773321	68.64
1980-1984	8	0.00033	0.00033	0.5	98661	33	98645	6674652	67.65
1980-1984	9	0.00021	0.00021	0.5	98628	21	98618	6576007	66.67
1980-1984	10	0.00021	0.00021	0.5	98607	20	98597	6477390	65.69
1980-1984	11	0.00018	0.00018	0.5	98587	18	98578	6378793	64.70
1980-1984	12	0.00005	0.00005	0.5	98569	5	98566	6280215	63.71
1980-1984	13	0.00036	0.00036	0.5	98564	36	98546	6181649	62.72
1980-1984	14	0.00060	0.00060	0.5	98528	59	98498	6083103	61.74
1980-1984	15	0.00041	0.00040	0.5	98469	40	98449	5984605	60.78
1980-1984	16	0.00083	0.00083	0.5	98429	81	98388	5886156	59.80
1980-1984	17	0.00071	0.00071	0.5	98347	70	98312	5787768	58.85
1980-1984	18	0.00131	0.00131	0.5	98277	129	98213	5689456	57.89
1980-1984	19	0.00131	0.00131	0.5	98149	128	98084	5591243	56.97
1980-1984	20	0.00140	0.00140	0.5	98020	137	97952	5493159	56.04
1980-1984	21	0.00160	0.00160	0.5	97883	157	97805	5395207	55.12
1980-1984	22	0.00115	0.00115	0.5	97726	113	97670	5297402	54.21
1980-1984	23	0.00118	0.00118	0.5	97614	115	97556	5199732	53.27
1980-1984	24	0.00146	0.00146	0.5	97498	142	97427	5102176	52.33
1980-1984	25	0.00139	0.00139	0.5	97356	135	97289	5004749	51.41
1980-1984	26	0.00107	0.00107	0.5	97221	104	97169	4907460	50.48
1980-1984	27	0.00133	0.00133	0.5	97117	129	97053	4810291	49.53
1980-1984	28	0.00140	0.00140	0.5	96989	135	96921	4713238	48.60
1980-1984	29	0.00090	0.00090	0.5	96853	87	96810	4616317	47.66
1980-1984	30	0.00137	0.00136	0.5	96766	132	96700	4519507	46.71
1980-1984	31	0.00121	0.00121	0.5	96634	117	96576	4422807	45.77
1980-1984	32	0.00148	0.00148	0.5	96518	142	96446	4326231	44.82
1980-1984	33	0.00143	0.00143	0.5	96375	138	96306	4229785	43.89
1980-1984	34	0.00124	0.00124	0.5	96237	119	96178	4133479	42.95
1980-1984	35	0.00147	0.00147	0.5	96118	141	96048	4037301	42.00
1980-1984	36	0.00152	0.00152	0.5	95977	146	95904	3941254	41.06
1980-1984	37	0.00173	0.00173	0.5	95831	165	95748	3845350	40.13
1980-1984	38	0.00165	0.00165	0.5	95666	158	95587	3749601	39.19
1980-1984	39	0.00198	0.00198	0.5	95508	189	95413	3654015	38.26
1980-1984	40	0.00257	0.00257	0.5	95319	245	95196	3558601	37.33
1980-1984	41	0.00248	0.00248	0.5	95074	236	94956	3463405	36.43
1980-1984	42	0.00246	0.00245	0.5	94838	233	94722	3368449	35.52
1980-1984	43	0.00299	0.00299	0.5	94606	283	94464	3273727	34.60
1980-1984	44	0.00326	0.00326	0.5	94323	307	94169	3179263	33.71
1980-1984	45	0.00298	0.00297	0.5	94015	280	93876	3085094	32.81
1980-1984	46	0.00353	0.00353	0.5	93736	330	93571	2991218	31.91
1980-1984	47	0.00415	0.00414	0.5	93405	386	93212	2897648	31.02
1980-1984	48	0.00515	0.00514	0.5	93019	478	92780	2804436	30.15
1980-1984	49	0.00534	0.00533	0.5	92541	493	92294	2711656	29.30
1980-1984	50	0.00463	0.00462	0.5	92048	425	91835	2619361	28.46
1980-1984	51	0.00701	0.00698	0.5	91623	640	91303	2527526	27.59
1980-1984	52	0.00660	0.00658	0.5	90983	598	90684	2436223	26.78
1980-1984	53	0.00756	0.00753	0.5	90385	681	90045	2345538	25.95
1980-1984	54	0.00745	0.00742	0.5	89704	665	89371	2255494	25.14
1980-1984	55	0.00766	0.00763	0.5	89039	679	88699	2166122	24.33
1980-1984	56	0.00946	0.00941	0.5	88359	832	87943	2077423	23.51
1980-1984	57	0.00980	0.00975	0.5	87527	854	87101	1989480	22.73
1980-1984	58	0.01100	0.01094	0.5	86674	948	86200	1902379	21.95
1980-1984	59	0.01064	0.01059	0.5	85726	908	85272	1816180	21.19
1980-1984	60	0.01306	0.01298	0.5	84818	1101	84268	1730908	20.41
1980-1984	61	0.01195	0.01188	0.5	83717	994	83220	1646640	19.67
1980-1984	62	0.01563	0.01551	0.5	82723	1283	82081	1563421	18.90
1980-1984	63	0.01772	0.01756	0.5	81440	1430	80725	1481339	18.19
1980-1984	64	0.01780	0.01765	0.5	80010	1412	79304	1400614	17.51
1980-1984	65	0.01836	0.01819	0.5	78598	1430	77883	1321311	16.81
1980-1984	66	0.02197	0.02173	0.5	77168	1677	76329	1243428	16.11
1980-1984	67	0.02188	0.02165	0.5	75490	1634	74673	1167099	15.46
1980-1984	68	0.02661	0.02626	0.5	73856	1939	72887	1092426	14.79
1980-1984	69	0.02506	0.02475	0.5	71917	1780	71027	1019539	14.18
1980-1984	70	0.02864	0.02824	0.5	70137	1980	69147	948512	13.52
1980-1984	71	0.02805	0.02766	0.5	68156	1885	67214	879365	12.90
1980-1984	72	0.03673	0.03607	0.5	66271	2391	65076	812151	12.25
1980-1984	73	0.03405	0.03348	0.5	63881	2139	62811	747076	11.69
1980-1984	74	0.04122	0.04038	0.5	61742	2493	60495	684265	11.08
1980-1984	75	0.03912	0.03837	0.5	59248	2273	58112	623770	10.53
1980-1984	76	0.04376	0.04282	0.5	56975	2440	55755	565658	9.93
1980-1984	77	0.05555	0.05405	0.5	54535	2948	53062	509903	9.35
1980-1984	78	0.05779	0.05617	0.5	51588	2898	50139	456841	8.86
1980-1984	79	0.06708	0.06490	0.5	48690	3160	47110	406702	8.35
1980-1984	80	0.07066	0.06824	0.5	45530	3107	43976	359592	7.90
1980-1984	81	0.07795	0.07503	0.5	42423	3183	40831	315616	7.44
1980-1984	82	0.08593	0.08239	0.5	39240	3233	37624	274785	7.00
1980-1984	83	0.09464	0.09036	0.5	36007	3254	34380	237161	6.59
1980-1984	84	0.10413	0.09898	0.5	32753	3242	31133	202781	6.19
1980-1984	85	0.11445	0.10826	0.5	29512	3195	27914	171648	5.82
1980-1984	86	0.12566	0.11823	0.5	26317	3111	24761	143734	5.46
1980-1984	87	0.13779	0.12891	0.5	23205	2991	21710	118973	5.13
1980-1984	88	0.15089	0.14030	0.5	20214	2836	18796	97263	4.81
1980-1984	89	0.16499	0.15242	0.5	17378	2649	16054	78467	4.52
1980-1984	90	0.18014	0.16525	0.5	14729	2434	13512	62413	4.24
1980-1984	91	0.19635	0.17879	0.5	12295	2198	11196	48901	3.98
1980-1984	92	0.21363	0.19302	0.5	10097	1949	9122	37705	3.73
1980-1984	93	0.23200	0.20789	0.5	8148	1694	7301	28583	3.51
1980-1984	94	0.25145	0.22336	0.5	6454	1442	5733	21282	3.30
1980-1984	95	0.27194	0.23939	0.5	5013	1200	4413	15548	3.10
1980-1984	96	0.29345	0.25591	0.5	3813	976	3325	11136	2.92
1980-1984	97	0.31593	0.27283	0.5	2837	774	2450	7811	2.75
1980-1984	98	0.33930	0.29009	0.5	2063	598	1764	5361	2.60
1980-1984	99	0.36348	0.30758	0.5	1464	450	1239	3597	2.46
1980-1984	100	0.38837	0.32522	0.5	1014	330	849	2358	2.33
1980-1984	101	0.41386	0.34290	0.5	684	235	567	1509	2.21
1980-1984	102	0.43981	0.36053	0.5	450	162	369	942	2.10
1980-1984	103	0.46610	0.37801	0.5	288	109	233	573	1.99
1980-1984	104	0.49258	0.39524	0.5	179	71	143	340	1.90
1980-1984	105	0.51910	0.41213	0.5	108	45	86	197	1.82
1980-1984	106	0.54552	0.42861	0.5	64	27	50	111	1.74
1980-1984	107	0.57168	0.44459	0.5	36	16	28	61	1.68
1980-1984	108	0.59744	0.46002	0.5	20	9	16	33	1.62
1980-1984	109	0.62268	0.47484	0.5	11	5	8	17	1.57
1980-1984	110+	0.64727	1.00000	1.54	6	6	9	9	1.54
1985-1989	0	0.01016	0.01007	0.07	100000	1007	99066	7519774	75.20
1985-1989	1	0.00068	0.00068	0.5	98993	67	98960	7420708	74.96
1985-1989	2	0.00032	0.00032	0.5	98926	32	98910	7321748	74.01
1985-1989	3	0.00041	0.00041	0.5	98894	41	98874	7222838	73.04
1985-1989	4	0.00027	0.00027	0.5	98854	27	98840	7123964	72.07
1985-1989	5	0.00019	0.00019	0.5	98827	18	98817	7025124	71.09
1985-1989	6	0.00017	0.00017	0.5	98808	17	98800	6926306	70.10
1985-1989	7	0.00032	0.00032	0.5	98791	32	98775	6827507	69.11
1985-1989	8	0.00024	0.00024	0.5	98759	24	98748	6728731	68.13
1985-1989	9	0.00016	0.00016	0.5	98736	15	98728	6629984	67.15
1985-1989	10	0.00011	0.00011	0.5	98720	10	98715	6531255	66.16
1985-1989	11	0.00029	0.00029	0.5	98710	29	98696	6432540	65.17
1985-1989	12	0.00022	0.00022	0.5	98681	21	98670	6333845	64.19
1985-1989	13	0.00033	0.00033	0.5	98660	32	98643	6235174	63.20
1985-1989	14	0.00046	0.00046	0.5	98627	45	98604	6136531	62.22
1985-1989	15	0.00064	0.00064	0.5	98582	63	98550	6037926	61.25
1985-1989	16	0.00077	0.00077	0.5	98518	76	98480	5939376	60.29
1985-1989	17	0.00083	0.00083	0.5	98442	82	98401	5840896	59.33
1985-1989	18	0.00123	0.00123	0.5	98360	121	98300	5742495	58.38
1985-1989	19	0.00097	0.00097	0.5	98240	95	98192	5644195	57.45
1985-1989	20	0.00113	0.00113	0.5	98144	111	98089	5546003	56.51
1985-1989	21	0.00103	0.00103	0.5	98033	101	97983	5447914	55.57
1985-1989	22	0.00094	0.00094	0.5	97932	92	97886	5349932	54.63
1985-1989	23	0.00113	0.00113	0.5	97841	111	97785	5252045	53.68
1985-1989	24	0.00107	0.00107	0.5	97730	104	97678	5154260	52.74
1985-1989	25	0.00126	0.00126	0.5	97626	123	97564	5056582	51.80
1985-1989	26	0.00120	0.00120	0.5	97503	117	97444	4959018	50.86
1985-1989	27	0.00127	0.00127	0.5	97386	124	97324	4861574	49.92
1985-1989	28	0.00111	0.00111	0.5	97262	108	97208	4764250	48.98
1985-1989	29	0.00122	0.00122	0.5	97154	119	97094	4667043	48.04
1985-1989	30	0.00146	0.00145	0.5	97035	141	96964	4569948	47.10
1985-1989	31	0.00127	0.00127	0.5	96894	123	96832	4472984	46.16
1985-1989	32	0.00159	0.00159	0.5	96771	153	96694	4376152	45.22
1985-1989	33	0.00159	0.00158	0.5	96617	153	96541	4279458	44.29
1985-1989	34	0.00155	0.00155	0.5	96464	149	96390	4182917	43.36
1985-1989	35	0.00145	0.00145	0.5	96315	139	96245	4086527	42.43
1985-1989	36	0.00176	0.00176	0.5	96175	170	96091	3990282	41.49
1985-1989	37	0.00200	0.00200	0.5	96006	192	95910	3894192	40.56
1985-1989	38	0.00189	0.00189	0.5	95814	181	95724	3798282	39.64
1985-1989	39	0.00183	0.00183	0.5	95633	175	95546	3702558	38.72
1985-1989	40	0.00167	0.00167	0.5	95458	159	95379	3607012	37.79
1985-1989	41	0.00191	0.00191	0.5	95299	182	95208	3511634	36.85
1985-1989	42	0.00288	0.00288	0.5	95117	274	94980	3416425	35.92
1985-1989	43	0.00241	0.00241	0.5	94843	229	94729	3321445	35.02
1985-1989	44	0.00308	0.00308	0.5	94615	291	94469	3226716	34.10
1985-1989	45	0.00292	0.00291	0.5	94324	275	94186	3132247	33.21
1985-1989	46	0.00373	0.00372	0.5	94049	350	93874	3038061	32.30
1985-1989	47	0.00365	0.00365	0.5	93699	342	93528	2944187	31.42
1985-1989	48	0.00435	0.00435	0.5	93357	406	93154	2850659	30.53
1985-1989	49	0.00447	0.00446	0.5	92951	415	92744	2757504	29.67
1985-1989	50	0.00517	0.00516	0.5	92537	477	92298	2664760	28.80
1985-1989	51	0.00522	0.00520	0.5	92059	479	91820	2572462	27.94
1985-1989	52	0.00684	0.00681	0.5	91580	624	91268	2480642	27.09
1985-1989	53	0.00605	0.00603	0.5	90956	549	90682	2389374	26.27
1985-1989	54	0.00740	0.00738	0.5	90408	667	90074	2298692	25.43
1985-1989	55	0.00826	0.00823	0.5	89741	738	89372	2208618	24.61
1985-1989	56	0.01051	0.01046	0.5	89002	931	88537	2119246	23.81
1985-1989	57	0.00967	0.00963	0.5	88071	848	87648	2030709	23.06
1985-1989	58	0.01162	0.01155	0.5	87224	1008	86720	1943062	22.28
1985-1989	59	0.01158	0.01151	0.5	86216	993	85720	1856342	21.53
1985-1989	60	0.01236	0.01229	0.5	85224	1047	84700	1770622	20.78
1985-1989	61	0.01449	0.01439	0.5	84176	1211	83571	1685922	20.03
1985-1989	62	0.01465	0.01454	0.5	82965	1206	82362	1602351	19.31
1985-1989	63	0.01649	0.01635	0.5	81759	1337	81090	1519990	18.59
1985-1989	64	0.01549	0.01537	0.5	80422	1236	79804	1438899	17.89
1985-1989	65	0.01897	0.01879	0.5	79185	1488	78441	1359096	17.16
1985-1989	66	0.01797	0.01781	0.5	77697	1384	77005	1280655	16.48
1985-1989	67	0.01969	0.01950	0.5	76313	1488	75569	1203649	15.77
1985-1989	68	0.02372	0.02345	0.5	74825	1754	73948	1128080	15.08
1985-1989	69	0.02488	0.02457	0.5	73071	1796	72173	1054132	14.43
1985-1989	70	0.02780	0.02742	0.5	71275	1954	70298	981959	13.78
1985-1989	71	0.02936	0.02894	0.5	69321	2006	68318	911662	13.15
1985-1989	72	0.03409	0.03352	0.5	67315	2257	66187	843344	12.53
1985-1989	73	0.03730	0.03662	0.5	65058	2383	63867	777157	11.95
1985-1989	74	0.03781	0.03711	0.5	62676	2326	61513	713290	11.38
1985-1989	75	0.04054	0.03973	0.5	60350	2398	59151	651777	10.80
1985-1989	76	0.04418	0.04322	0.5	57952	2505	56700	592626	10.23
1985-1989	77	0.04361	0.04268	0.5	55447	2366	54264	535926	9.67
1985-1989	78	0.05140	0.05011	0.5	53081	2660	51751	481662	9.07
1985-1989	79	0.06199	0.06013	0.5	50421	3032	48905	429911	8.53
1985-1989	80	0.06732	0.06513	0.5	47389	3086	45846	381006	8.04
1985-1989	81	0.07454	0.07187	0.5	44303	3184	42711	335160	7.57
1985-1989	82	0.08248	0.07921	0.5	41119	3257	39491	292449	7.11
1985-1989	83	0.09117	0.08719	0.5	37862	3301	36211	252958	6.68
1985-1989	84	0.10068	0.09585	0.5	34561	3313	32904	216747	6.27
1985-1989	85	0.11105	0.10521	0.5	31248	3288	29604	183842	5.88
1985-1989	86	0.12236	0.11530	0.5	27960	3224	26348	154238	5.52
1985-1989	87	0.13464	0.12614	0.5	24736	3120	23176	127890	5.17
1985-1989	88	0.14794	0.13775	0.5	21616	2978	20127	104713	4.84
1985-1989	89	0.16231	0.15013	0.5	18638	2798	17239	84586	4.54
1985-1989	90	0.17779	0.16327	0.5	15840	2586	14547	67347	4.25
1985-1989	91	0.19440	0.17718	0.5	13254	2348	12080	52800	3.98
1985-1989	92	0.21216	0.19181	0.5	10906	2092	9860	40720	3.73
1985-1989	93	0.23108	0.20714	0.5	8814	1826	7901	30860	3.50
1985-1989	94	0.25114	0.22313	0.5	6988	1559	6209	22959	3.29
1985-1989	95	0.27234	0.23970	0.5	5429	1301	4778	16750	3.09
1985-1989	96	0.29461	0.25679	0.5	4128	1060	3598	11972	2.90
1985-1989	97	0.31792	0.27431	0.5	3068	842	2647	8374	2.73
1985-1989	98	0.34217	0.29218	0.5	2226	650	1901	5727	2.57
1985-1989	99	0.36728	0.31029	0.5	1576	489	1331	3826	2.43
1985-1989	100	0.39312	0.32855	0.5	1087	357	908	2495	2.30
1985-1989	101	0.41959	0.34682	0.5	730	253	603	1587	2.17
1985-1989	102	0.44652	0.36502	0.5	477	174	390	984	2.06
1985-1989	103	0.47377	0.38303	0.5	303	116	245	594	1.96
1985-1989	104	0.50117	0.40075	0.5	187	75	149	349	1.87
1985-1989	105	0.52857	0.41808	0.5	112	47	89	200	1.79
1985-1989	106	0.55580	0.43493	0.5	65	28	51	112	1.71
1985-1989	107	0.58270	0.45123	0.5	37	17	28	61	1.65
1985-1989	108	0.60911	0.46691	0.5	20	9	15	32	1.59
1985-1989	109	0.63490	0.48192	0.5	11	5	8	17	1.54
1985-1989	110+	0.65994	1.00000	1.52	6	6	8	8	1.52
1990-1994	0	0.00814	0.00808	0.07	100000	808	99246	7558524	75.59
1990-1994	1	0.00053	0.00052	0.5	99192	52	99166	7459278	75.20
1990-1994	2	0.00039	0.00039	0.5	99140	38	99121	7360112	74.24
1990-1994	3	0.00044	0.00044	0.5	99102	44	99080	7260991	73.27
1990-1994	4	0.00031	0.00031	0.5	99058	31	99043	7161911	72.30
1990-1994	5	0.00016	0.00016	0.5	99027	16	99019	7062869	71.32
1990-1994	6	0.00021	0.00021	0.5	99011	21	99000	6963850	70.33
1990-1994	7	0.00019	0.00019	0.5	98990	19	98980	6864849	69.35
1990-1994	8	0.00020	0.00020	0.5	98971	20	98961	6765869	68.36
1990-1994	9	0.00021	0.00021	0.5	98951	21	98940	6666909	67.38
1990-1994	10	0.00017	0.00017	0.5	98930	16	98921	6567969	66.39
1990-1994	11	0.00027	0.00027	0.5	98913	26	98900	6469047	65.40
1990-1994	12	0.00034	0.00034	0.5	98887	34	98870	6370147	64.42
1990-1994	13	0.00028	0.00028	0.5	98853	27	98840	6271277	63.44
1990-1994	14	0.00028	0.00028	0.5	98826	28	98812	6172437	62.46
1990-1994	15	0.00052	0.00052	0.5	98798	51	98772	6073626	61.48
1990-1994	16	0.00063	0.00063	0.5	98747	63	98716	5974853	60.51
1990-1994	17	0.00063	0.00063	0.5	98684	63	98653	5876138	59.54
1990-1994	18	0.00093	0.00093	0.5	98622	92	98576	5777485	58.58
1990-1994	19	0.00134	0.00134	0.5	98530	132	98464	5678909	57.64
1990-1994	20	0.00109	0.00109	0.5	98398	107	98344	5580445	56.71
1990-1994	21	0.00114	0.00114	0.5	98291	112	98235	5482101	55.77
1990-1994	22	0.00132	0.00132	0.5	98179	130	98114	5383865	54.84
1990-1994	23	0.00111	0.00111	0.5	98049	109	97995	5285751	53.91
1990-1994	24	0.00112	0.00112	0.5	97940	109	97885	5187756	52.97
1990-1994	25	0.00134	0.00134	0.5	97831	131	97765	5089871	52.03
1990-1994	26	0.00114	0.00114	0.5	97700	111	97644	4992106	51.10
1990-1994	27	0.00135	0.00135	0.5	97589	132	97523	4894461	50.15
1990-1994	28	0.00143	0.00142	0.5	97457	139	97387	4796939	49.22
1990-1994	29	0.00135	0.00135	0.5	97318	131	97252	4699552	48.29
1990-1994	30	0.00135	0.00135	0.5	97187	131	97121	4602299	47.36
1990-1994	31	0.00167	0.00167	0.5	97056	162	96975	4505178	46.42
1990-1994	32	0.00193	0.00193	0.5	96894	187	96800	4408203	45.50
1990-1994	33	0.00189	0.00189	0.5	96707	183	96616	4311403	44.58
1990-1994	34	0.00163	0.00163	0.5	96524	157	96446	4214787	43.67
1990-1994	35	0.00207	0.00207	0.5	96367	200	96267	4118341	42.74
1990-1994	36	0.00223	0.00223	0.5	96167	214	96060	4022074	41.82
1990-1994	37	0.00244	0.00244	0.5	95953	234	95836	3926014	40.92
1990-1994	38	0.00192	0.00192	0.5	95719	184	95627	3830178	40.01
1990-1994	39	0.00219	0.00219	0.5	95535	209	95431	3734551	39.09
1990-1994	40	0.00232	0.00231	0.5	95326	221	95216	3639120	38.18
1990-1994	41	0.00266	0.00265	0.5	95105	252	94979	3543905	37.26
1990-1994	42	0.00323	0.00323	0.5	94853	306	94700	3448925	36.36
1990-1994	43	0.00314	0.00313	0.5	94547	296	94399	3354225	35.48
1990-1994	44	0.00400	0.00400	0.5	94251	377	94063	3259826	34.59
1990-1994	45	0.00323	0.00322	0.5	93874	303	93723	3165764	33.72
1990-1994	46	0.00361	0.00360	0.5	93572	337	93403	3072041	32.83
1990-1994	47	0.00410	0.00409	0.5	93235	382	93044	2978638	31.95
1990-1994	48	0.00438	0.00437	0.5	92853	405	92651	2885594	31.08
1990-1994	49	0.00482	0.00481	0.5	92448	445	92225	2792943	30.21
1990-1994	50	0.00541	0.00539	0.5	92003	496	91755	2700718	29.35
1990-1994	51	0.00583	0.00581	0.5	91507	532	91241	2608963	28.51
1990-1994	52	0.00600	0.00599	0.5	90975	545	90703	2517721	27.67
1990-1994	53	0.00597	0.00596	0.5	90431	539	90161	2427019	26.84
1990-1994	54	0.00706	0.00704	0.5	89892	633	89576	2336857	26.00
1990-1994	55	0.00768	0.00765	0.5	89259	683	88918	2247282	25.18
1990-1994	56	0.00906	0.00902	0.5	88577	799	88177	2158363	24.37
1990-1994	57	0.00846	0.00843	0.5	87778	740	87408	2070186	23.58
1990-1994	58	0.01011	0.01006	0.5	87038	875	86601	1982778	22.78
1990-1994	59	0.00922	0.00918	0.5	86163	791	85768	1896178	22.01
1990-1994	60	0.01087	0.01082	0.5	85372	923	84911	1810410	21.21
1990-1994	61	0.01282	0.01274	0.5	84449	1075	83911	1725499	20.43
1990-1994	62	0.01279	0.01271	0.5	83373	1060	82843	1641588	19.69
1990-1994	63	0.01354	0.01345	0.5	82314	1107	81760	1558745	18.94
1990-1994	64	0.01556	0.01544	0.5	81207	1254	80580	1476985	18.19
1990-1994	65	0.01953	0.01934	0.5	79953	1546	79180	1396405	17.47
1990-1994	66	0.01881	0.01864	0.5	78407	1461	77676	1317225	16.80
1990-1994	67	0.02008	0.01988	0.5	76945	1530	76181	1239549	16.11
1990-1994	68	0.02234	0.02209	0.5	75416	1666	74583	1163369	15.43
1990-1994	69	0.02223	0.02199	0.5	73750	1622	72939	1088786	14.76
1990-1994	70	0.02558	0.02525	0.5	72128	1821	71217	1015847	14.08
1990-1994	71	0.02773	0.02736	0.5	70307	1923	69345	944630	13.44
1990-1994	72	0.03488	0.03428	0.5	68383	2344	67211	875285	12.80
1990-1994	73	0.03248	0.03196	0.5	66039	2110	64984	808074	12.24
1990-1994	74	0.03441	0.03382	0.5	63929	2162	62847	743090	11.62
1990-1994	75	0.03822	0.03750	0.5	61766	2316	60608	680243	11.01
1990-1994	76	0.04290	0.04200	0.5	59450	2497	58202	619634	10.42
1990-1994	77	0.04478	0.04380	0.5	56953	2494	55706	561433	9.86
1990-1994	78	0.04723	0.04614	0.5	54459	2513	53203	505727	9.29
1990-1994	79	0.06049	0.05871	0.5	51946	3050	50421	452524	8.71
1990-1994	80	0.06396	0.06198	0.5	48896	3030	47381	402102	8.22
1990-1994	81	0.07101	0.06858	0.5	45866	3145	44293	354721	7.73
1990-1994	82	0.07877	0.07579	0.5	42721	3238	41102	310428	7.27
1990-1994	83	0.08730	0.08365	0.5	39483	3303	37832	269326	6.82
1990-1994	84	0.09666	0.09220	0.5	36180	3336	34512	231494	6.40
1990-1994	85	0.10690	0.10148	0.5	32844	3333	31178	196982	6.00
1990-1994	86	0.11809	0.11150	0.5	29511	3291	27866	165804	5.62
1990-1994	87	0.13027	0.12231	0.5	26221	3207	24617	137938	5.26
1990-1994	88	0.14351	0.13390	0.5	23014	3082	21473	113321	4.92
1990-1994	89	0.15785	0.14630	0.5	19932	2916	18474	91848	4.61
1990-1994	90	0.17333	0.15951	0.5	17016	2714	15659	73374	4.31
1990-1994	91	0.18999	0.17351	0.5	14302	2482	13061	57715	4.04
1990-1994	92	0.20785	0.18828	0.5	11820	2226	10707	44654	3.78
1990-1994	93	0.22692	0.20379	0.5	9595	1955	8617	33946	3.54
1990-1994	94	0.24718	0.21999	0.5	7639	1681	6799	25329	3.32
1990-1994	95	0.26863	0.23682	0.5	5959	1411	5253	18530	3.11
1990-1994	96	0.29123	0.25421	0.5	4548	1156	3970	13277	2.92
1990-1994	97	0.31490	0.27206	0.5	3392	923	2930	9308	2.74
1990-1994	98	0.33957	0.29029	0.5	2469	717	2110	6377	2.58
1990-1994	99	0.36515	0.30878	0.5	1752	541	1482	4267	2.44
1990-1994	100	0.39151	0.32742	0.5	1211	397	1013	2785	2.30
1990-1994	101	0.41853	0.34610	0.5	815	282	674	1772	2.18
1990-1994	102	0.44603	0.36470	0.5	533	194	436	1099	2.06
1990-1994	103	0.47388	0.38311	0.5	338	130	274	663	1.96
1990-1994	104	0.50188	0.40121	0.5	209	84	167	390	1.87
1990-1994	105	0.52988	0.41890	0.5	125	52	99	223	1.78
1990-1994	106	0.55769	0.43609	0.5	73	32	57	124	1.71
1990-1994	107	0.58514	0.45269	0.5	41	19	32	67	1.64
1990-1994	108	0.61207	0.46865	0.5	22	11	17	35	1.58
1990-1994	109	0.63834	0.48389	0.5	12	6	9	18	1.54
1990-1994	110+	0.66380	1.00000	1.51	6	6	9	9	1.51
1995-1999	0	0.00741	0.00736	0.06	100000	736	99312	7617725	76.18
1995-1999	1	0.00039	0.00039	0.5	99264	39	99244	7518414	75.74
1995-1999	2	0.00032	0.00032	0.5	99225	31	99209	7419169	74.77
1995-1999	3	0.00018	0.00018	0.5	99193	17	99185	7319960	73.79
1995-1999	4	0.00011	0.00011	0.5	99176	10	99171	7220776	72.81
1995-1999	5	0.00021	0.00021	0.5	99165	21	99155	7121605	71.82
1995-1999	6	0.00007	0.00007	0.5	99144	6	99141	7022450	70.83
1995-1999	7	0.00016	0.00016	0.5	99138	15	99130	6923309	69.84
1995-1999	8	0.00014	0.00014	0.5	99122	14	99115	6824179	68.85
1995-1999	9	0.00019	0.00019	0.5	99109	19	99099	6725064	67.86
1995-1999	10	0.00023	0.00023	0.5	99090	23	99078	6625964	66.87
1995-1999	11	0.00012	0.00012	0.5	99067	12	99061	6526886	65.88
1995-1999	12	0.00023	0.00023	0.5	99055	23	99044	6427825	64.89
1995-1999	13	0.00021	0.00021	0.5	99032	20	99022	6328781	63.91
1995-1999	14	0.00014	0.00014	0.5	99012	14	99005	6229759	62.92
1995-1999	15	0.00030	0.00030	0.5	98998	30	98983	6130754	61.93
1995-1999	16	0.00044	0.00044	0.5	98969	43	98947	6031771	60.95
1995-1999	17	0.00075	0.00075	0.5	98926	74	98889	5932823	59.97
1995-1999	18	0.00114	0.00114	0.5	98852	113	98795	5833935	59.02
1995-1999	19	0.00089	0.00089	0.5	98739	88	98695	5735140	58.08
1995-1999	20	0.00076	0.00076	0.5	98651	75	98613	5636445	57.14
1995-1999	21	0.00089	0.00089	0.5	98576	88	98532	5537832	56.18
1995-1999	22	0.00123	0.00122	0.5	98488	121	98427	5439300	55.23
1995-1999	23	0.00104	0.00104	0.5	98367	102	98316	5340873	54.30
1995-1999	24	0.00103	0.00102	0.5	98265	101	98214	5242557	53.35
1995-1999	25	0.00094	0.00094	0.5	98164	92	98118	5144342	52.41
1995-1999	26	0.00128	0.00128	0.5	98072	125	98010	5046224	51.45
1995-1999	27	0.00088	0.00088	0.5	97947	86	97904	4948214	50.52
1995-1999	28	0.00100	0.00100	0.5	97861	98	97812	4850311	49.56
1995-1999	29	0.00121	0.00121	0.5	97763	118	97704	4752499	48.61
1995-1999	30	0.00095	0.00095	0.5	97644	92	97598	4654796	47.67
1995-1999	31	0.00131	0.00131	0.5	97552	128	97488	4557198	46.72
1995-1999	32	0.00151	0.00151	0.5	97424	147	97351	4459709	45.78
1995-1999	33	0.00164	0.00164	0.5	97277	160	97197	4362359	44.84
1995-1999	34	0.00198	0.00197	0.5	97118	192	97022	4265161	43.92
1995-1999	35	0.00191	0.00191	0.5	96926	185	96834	4168139	43.00
1995-1999	36	0.00189	0.00189	0.5	96741	183	96650	4071306	42.08
1995-1999	37	0.00211	0.00210	0.5	96558	203	96457	3974656	41.16
1995-1999	38	0.00228	0.00228	0.5	96355	220	96245	3878199	40.25
1995-1999	39	0.00243	0.00243	0.5	96135	234	96019	3781954	39.34
1995-1999	40	0.00217	0.00217	0.5	95902	208	95798	3685935	38.43
1995-1999	41	0.00275	0.00275	0.5	95694	263	95563	3590137	37.52
1995-1999	42	0.00252	0.00252	0.5	95431	241	95311	3494575	36.62
1995-1999	43	0.00316	0.00316	0.5	95190	300	95040	3399264	35.71
1995-1999	44	0.00327	0.00326	0.5	94890	310	94735	3304224	34.82
1995-1999	45	0.00335	0.00335	0.5	94581	317	94422	3209488	33.93
1995-1999	46	0.00372	0.00371	0.5	94264	350	94089	3115066	33.05
1995-1999	47	0.00389	0.00388	0.5	93914	364	93732	3020977	32.17
1995-1999	48	0.00403	0.00403	0.5	93550	377	93361	2927245	31.29
1995-1999	49	0.00499	0.00498	0.5	93173	464	92941	2833884	30.42
1995-1999	50	0.00458	0.00457	0.5	92709	423	92498	2740943	29.56
1995-1999	51	0.00576	0.00575	0.5	92286	530	92021	2648445	28.70
1995-1999	52	0.00567	0.00566	0.5	91756	519	91496	2556424	27.86
1995-1999	53	0.00648	0.00646	0.5	91237	589	90942	2464928	27.02
1995-1999	54	0.00533	0.00532	0.5	90648	482	90407	2373986	26.19
1995-1999	55	0.00789	0.00786	0.5	90165	709	89811	2283580	25.33
1995-1999	56	0.00856	0.00852	0.5	89457	763	89075	2193769	24.52
1995-1999	57	0.00973	0.00969	0.5	88694	859	88265	2104693	23.73
1995-1999	58	0.00994	0.00989	0.5	87835	869	87401	2016428	22.96
1995-1999	59	0.01205	0.01198	0.5	86966	1041	86445	1929028	22.18
1995-1999	60	0.01117	0.01111	0.5	85925	954	85447	1842583	21.44
1995-1999	61	0.01302	0.01293	0.5	84970	1099	84421	1757135	20.68
1995-1999	62	0.01417	0.01407	0.5	83871	1180	83281	1672714	19.94
1995-1999	63	0.01271	0.01263	0.5	82691	1044	82169	1589433	19.22
1995-1999	64	0.01515	0.01503	0.5	81647	1227	81034	1507264	18.46
1995-1999	65	0.01643	0.01630	0.5	80420	1311	79765	1426230	17.73
1995-1999	66	0.01647	0.01634	0.5	79109	1293	78463	1346465	17.02
1995-1999	67	0.01945	0.01927	0.5	77817	1499	77067	1268002	16.29
1995-1999	68	0.02171	0.02148	0.5	76318	1639	75498	1190935	15.60
1995-1999	69	0.02266	0.02241	0.5	74679	1673	73842	1115437	14.94
1995-1999	70	0.02342	0.02315	0.5	73005	1690	72161	1041595	14.27
1995-1999	71	0.02779	0.02741	0.5	71316	1955	70338	969434	13.59
1995-1999	72	0.02981	0.02937	0.5	69361	2037	68342	899096	12.96
1995-1999	73	0.03237	0.03185	0.5	67324	2144	66251	830754	12.34
1995-1999	74	0.03506	0.03446	0.5	65179	2246	64056	764503	11.73
1995-1999	75	0.03543	0.03481	0.5	62933	2191	61838	700446	11.13
1995-1999	76	0.04189	0.04103	0.5	60743	2492	59497	638608	10.51
1995-1999	77	0.04468	0.04371	0.5	58251	2546	56978	579112	9.94
1995-1999	78	0.04709	0.04601	0.5	55705	2563	54423	522134	9.37
1995-1999	79	0.05528	0.05379	0.5	53142	2859	51712	467711	8.80
1995-1999	80	0.06272	0.06081	0.5	50283	3058	48754	415999	8.27
1995-1999	81	0.06975	0.06740	0.5	47225	3183	45634	367245	7.78
1995-1999	82	0.07751	0.07462	0.5	44042	3286	42399	321611	7.30
1995-1999	83	0.08605	0.08250	0.5	40756	3362	39075	279212	6.85
1995-1999	84	0.09544	0.09109	0.5	37393	3406	35690	240138	6.42
1995-1999	85	0.10573	0.10042	0.5	33987	3413	32280	204448	6.02
1995-1999	86	0.11699	0.11053	0.5	30574	3379	28884	172167	5.63
1995-1999	87	0.12927	0.12143	0.5	27195	3302	25544	143283	5.27
1995-1999	88	0.14264	0.13314	0.5	23893	3181	22302	117739	4.93
1995-1999	89	0.15714	0.14569	0.5	20711	3017	19203	95437	4.61
1995-1999	90	0.17281	0.15907	0.5	17694	2815	16287	76234	4.31
1995-1999	91	0.18970	0.17326	0.5	14879	2578	13590	59948	4.03
1995-1999	92	0.20782	0.18826	0.5	12301	2316	11143	46357	3.77
1995-1999	93	0.22719	0.20401	0.5	9986	2037	8967	35214	3.53
1995-1999	94	0.24779	0.22048	0.5	7948	1752	7072	26247	3.30
1995-1999	95	0.26962	0.23759	0.5	6196	1472	5460	19175	3.09
1995-1999	96	0.29262	0.25527	0.5	4724	1206	4121	13715	2.90
1995-1999	97	0.31673	0.27343	0.5	3518	962	3037	9594	2.73
1995-1999	98	0.34186	0.29196	0.5	2556	746	2183	6557	2.57
1995-1999	99	0.36792	0.31075	0.5	1810	562	1529	4374	2.42
1995-1999	100	0.39477	0.32970	0.5	1247	411	1042	2845	2.28
1995-1999	101	0.42228	0.34866	0.5	836	292	690	1804	2.16
1995-1999	102	0.45027	0.36753	0.5	545	200	445	1113	2.04
1995-1999	103	0.47858	0.38617	0.5	344	133	278	669	1.94
1995-1999	104	0.50703	0.40449	0.5	211	86	169	391	1.85
1995-1999	105	0.53543	0.42236	0.5	126	53	99	222	1.76
1995-1999	106	0.56361	0.43970	0.5	73	32	57	123	1.69
1995-1999	107	0.59138	0.45642	0.5	41	19	31	66	1.62
1995-1999	108	0.61858	0.47246	0.5	22	10	17	35	1.57
1995-1999	109	0.64506	0.48775	0.5	12	6	9	18	1.52
1995-1999	110+	0.67068	1.00000	1.49	6	6	9	9	1.49
2000-2004	0	0.00830	0.00824	0.07	100000	824	99232	7704809	77.05
2000-2004	1	0.00065	0.00065	0.5	99176	65	99144	7605577	76.69
2000-2004	2	0.00025	0.00025	0.5	99111	25	99099	7506434	75.74
2000-2004	3	0.00025	0.00025	0.5	99087	25	99074	7407335	74.76
2000-2004	4	0.00018	0.00018	0.5	99062	18	99053	7308261	73.77
2000-2004	5	0.00003	0.00003	0.5	99044	2	99043	7209208	72.79
2000-2004	6	0.00010	0.00010	0.5	99042	10	99037	7110165	71.79
2000-2004	7	0.00012	0.00012	0.5	99032	12	99026	7011128	70.80
2000-2004	8	0.00005	0.00005	0.5	99020	5	99018	6912103	69.81
2000-2004	9	0.00021	0.00021	0.5	99015	20	99005	6813085	68.81
2000-2004	10	0.00007	0.00007	0.5	98995	7	98991	6714080	67.82
2000-2004	11	0.00011	0.00011	0.5	98988	11	98983	6615089	66.83
2000-2004	12	0.00018	0.00018	0.5	98977	18	98968	6516106	65.83
2000-2004	13	0.00025	0.00025	0.5	98959	25	98947	6417138	64.85
2000-2004	14	0.00030	0.00030	0.5	98934	30	98919	6318191	63.86
2000-2004	15	0.00038	0.00038	0.5	98904	37	98886	6219272	62.88
2000-2004	16	0.00047	0.00047	0.5	98867	47	98844	6120386	61.91
2000-2004	17	0.00064	0.00063	0.5	98821	63	98789	6021543	60.93
2000-2004	18	0.00082	0.00081	0.5	98758	80	98718	5922753	59.97
2000-2004	19	0.00101	0.00100	0.5	98677	99	98628	5824036	59.02
2000-2004	20	0.00078	0.00078	0.5	98578	77	98540	5725408	58.08
2000-2004	21	0.00117	0.00116	0.5	98501	115	98444	5626868	57.12
2000-2004	22	0.00091	0.00091	0.5	98387	89	98342	5528424	56.19
2000-2004	23	0.00086	0.00086	0.5	98297	85	98255	5430082	55.24
2000-2004	24	0.00085	0.00085	0.5	98213	83	98171	5331827	54.29
2000-2004	25	0.00065	0.00065	0.5	98129	63	98098	5233656	53.33
2000-2004	26	0.00103	0.00103	0.5	98066	101	98016	5135558	52.37
2000-2004	27	0.00097	0.00097	0.5	97965	95	97918	5037543	51.42
2000-2004	28	0.00091	0.00091	0.5	97870	89	97826	4939625	50.47
2000-2004	29	0.00085	0.00085	0.5	97782	83	97740	4841799	49.52
2000-2004	30	0.00115	0.00115	0.5	97699	113	97642	4744059	48.56
2000-2004	31	0.00126	0.00126	0.5	97586	123	97524	4646416	47.61
2000-2004	32	0.00096	0.00096	0.5	97463	94	97416	4548892	46.67
2000-2004	33	0.00157	0.00157	0.5	97369	152	97293	4451476	45.72
2000-2004	34	0.00126	0.00126	0.5	97217	122	97156	4354183	44.79
2000-2004	35	0.00126	0.00126	0.5	97094	123	97033	4257027	43.84
2000-2004	36	0.00148	0.00148	0.5	96972	143	96900	4159994	42.90
2000-2004	37	0.00164	0.00164	0.5	96828	159	96749	4063094	41.96
2000-2004	38	0.00188	0.00188	0.5	96670	182	96579	3966345	41.03
2000-2004	39	0.00217	0.00217	0.5	96488	209	96383	3869766	40.11
2000-2004	40	0.00178	0.00177	0.5	96279	171	96193	3773383	39.19
2000-2004	41	0.00225	0.00225	0.5	96108	216	95999	3677190	38.26
2000-2004	42	0.00258	0.00258	0.5	95891	247	95768	3581191	37.35
2000-2004	43	0.00288	0.00288	0.5	95644	275	95506	3485423	36.44
2000-2004	44	0.00316	0.00316	0.5	95369	301	95218	3389917	35.55
2000-2004	45	0.00379	0.00378	0.5	95067	360	94887	3294699	34.66
2000-2004	46	0.00338	0.00337	0.5	94708	319	94548	3199811	33.79
2000-2004	47	0.00444	0.00443	0.5	94388	418	94179	3105263	32.90
2000-2004	48	0.00440	0.00439	0.5	93970	412	93764	3011084	32.04
2000-2004	49	0.00452	0.00451	0.5	93558	422	93347	2917320	31.18
2000-2004	50	0.00496	0.00494	0.5	93136	460	92906	2823973	30.32
2000-2004	51	0.00456	0.00455	0.5	92676	422	92465	2731067	29.47
2000-2004	52	0.00611	0.00609	0.5	92254	562	91973	2638603	28.60
2000-2004	53	0.00524	0.00523	0.5	91692	480	91453	2546629	27.77
2000-2004	54	0.00567	0.00565	0.5	91213	516	90955	2455177	26.92
2000-2004	55	0.00617	0.00615	0.5	90697	558	90418	2364222	26.07
2000-2004	56	0.00672	0.00670	0.5	90139	604	89837	2273804	25.23
2000-2004	57	0.00805	0.00801	0.5	89535	717	89176	2183967	24.39
2000-2004	58	0.00908	0.00904	0.5	88818	803	88416	2094790	23.59
2000-2004	59	0.00885	0.00881	0.5	88015	775	87627	2006374	22.80
2000-2004	60	0.01027	0.01022	0.5	87240	891	86794	1918746	21.99
2000-2004	61	0.01181	0.01174	0.5	86348	1014	85841	1831952	21.22
2000-2004	62	0.01167	0.01160	0.5	85335	990	84840	1746111	20.46
2000-2004	63	0.01276	0.01268	0.5	84345	1070	83810	1661271	19.70
2000-2004	64	0.01462	0.01451	0.5	83275	1209	82671	1577461	18.94
2000-2004	65	0.01570	0.01558	0.5	82066	1278	81427	1494791	18.21
2000-2004	66	0.01635	0.01622	0.5	80788	1310	80133	1413364	17.49
2000-2004	67	0.01760	0.01745	0.5	79478	1387	78785	1333231	16.77
2000-2004	68	0.01792	0.01776	0.5	78091	1387	77398	1254446	16.06
2000-2004	69	0.02052	0.02031	0.5	76705	1558	75926	1177048	15.35
2000-2004	70	0.02129	0.02106	0.5	75147	1583	74355	1101122	14.65
2000-2004	71	0.02481	0.02450	0.5	73564	1803	72663	1026767	13.96
2000-2004	72	0.02632	0.02598	0.5	71762	1865	70829	954104	13.30
2000-2004	73	0.02997	0.02953	0.5	69897	2064	68865	883275	12.64
2000-2004	74	0.03007	0.02962	0.5	67833	2010	66828	814410	12.01
2000-2004	75	0.03386	0.03330	0.5	65824	2192	64728	747581	11.36
2000-2004	76	0.03790	0.03720	0.5	63632	2367	62448	682854	10.73
2000-2004	77	0.04284	0.04194	0.5	61265	2569	59980	620405	10.13
2000-2004	78	0.04722	0.04613	0.5	58695	2708	57342	560425	9.55
2000-2004	79	0.04837	0.04723	0.5	55988	2644	54666	503084	8.99
2000-2004	80	0.05776	0.05614	0.5	53344	2995	51846	448418	8.41
2000-2004	81	0.06488	0.06285	0.5	50349	3164	48767	396572	7.88
2000-2004	82	0.07282	0.07026	0.5	47185	3315	45527	347805	7.37
2000-2004	83	0.08164	0.07844	0.5	43869	3441	42149	302278	6.89
2000-2004	84	0.09142	0.08743	0.5	40428	3535	38661	260129	6.43
2000-2004	85	0.10225	0.09728	0.5	36894	3589	35099	221468	6.00
2000-2004	86	0.11420	0.10803	0.5	33305	3598	31506	186369	5.60
2000-2004	87	0.12734	0.11972	0.5	29707	3556	27929	154863	5.21
2000-2004	88	0.14176	0.13237	0.5	26151	3462	24420	126934	4.85
2000-2004	89	0.15751	0.14601	0.5	22689	3313	21033	102514	4.52
2000-2004	90	0.17466	0.16063	0.5	19376	3112	17820	81481	4.21
2000-2004	91	0.19324	0.17622	0.5	16264	2866	14831	63661	3.91
2000-2004	92	0.21329	0.19274	0.5	13398	2582	12107	48831	3.64
2000-2004	93	0.23482	0.21015	0.5	10816	2273	9679	36724	3.40
2000-2004	94	0.25781	0.22837	0.5	8543	1951	7567	27045	3.17
2000-2004	95	0.28222	0.24732	0.5	6592	1630	5777	19478	2.95
2000-2004	96	0.30798	0.26688	0.5	4962	1324	4299	13701	2.76
2000-2004	97	0.33499	0.28693	0.5	3637	1044	3116	9401	2.58
2000-2004	98	0.36313	0.30733	0.5	2594	797	2195	6286	2.42
2000-2004	99	0.39224	0.32793	0.5	1797	589	1502	4091	2.28
2000-2004	100	0.42214	0.34857	0.5	1207	421	997	2589	2.14
2000-2004	101	0.45262	0.36909	0.5	787	290	641	1592	2.02
2000-2004	102	0.48345	0.38934	0.5	496	193	400	950	1.91
2000-2004	103	0.51442	0.40917	0.5	303	124	241	551	1.82
2000-2004	104	0.54527	0.42846	0.5	179	77	141	310	1.73
2000-2004	105	0.57578	0.44707	0.5	102	46	79	169	1.65
2000-2004	106	0.60573	0.46492	0.5	57	26	43	89	1.58
2000-2004	107	0.63490	0.48191	0.5	30	15	23	46	1.52
2000-2004	108	0.66311	0.49800	0.5	16	8	12	23	1.47
2000-2004	109	0.69020	0.51312	0.5	8	4	6	11	1.42
2000-2004	110+	0.71605	1.00000	1.4	4	4	5	5	1.40
2005-2009	0	0.00692	0.00688	0.06	100000	688	99356	7768858	77.69
2005-2009	1	0.00060	0.00060	0.5	99312	60	99282	7669502	77.23
2005-2009	2	0.00023	0.00023	0.5	99252	23	99241	7570220	76.27
2005-2009	3	0.00028	0.00028	0.5	99229	27	99216	7470979	75.29
2005-2009	4	0.00021	0.00021	0.5	99202	21	99192	7371764	74.31
2005-2009	5	0.00020	0.00020	0.5	99181	20	99171	7272572	73.33
2005-2009	6	0.00010	0.00010	0.5	99161	10	99156	7173401	72.34
2005-2009	7	0.00007	0.00007	0.5	99151	7	99147	7074245	71.35
2005-2009	8	0.00015	0.00015	0.5	99144	15	99136	6975097	70.35
2005-2009	9	0.00017	0.00017	0.5	99129	17	99120	6875961	69.36
2005-2009	10	0.00019	0.00019	0.5	99112	19	99102	6776841	68.38
2005-2009	11	0.00026	0.00026	0.5	99093	26	99080	6677739	67.39
2005-2009	12	0.00009	0.00009	0.5	99067	9	99062	6578659	66.41
2005-2009	13	0.00007	0.00007	0.5	99058	7	99054	6479597	65.41
2005-2009	14	0.00023	0.00023	0.5	99051	22	99040	6380542	64.42
2005-2009	15	0.00033	0.00033	0.5	99029	33	99012	6281502	63.43
2005-2009	16	0.00042	0.00042	0.5	98996	42	98975	6182490	62.45
2005-2009	17	0.00058	0.00058	0.5	98954	58	98925	6083515	61.48
2005-2009	18	0.00064	0.00064	0.5	98896	63	98865	5984590	60.51
2005-2009	19	0.00099	0.00099	0.5	98833	98	98784	5885725	59.55
2005-2009	20	0.00069	0.00069	0.5	98735	68	98701	5786941	58.61
2005-2009	21	0.00094	0.00094	0.5	98667	93	98620	5688240	57.65
2005-2009	22	0.00072	0.00072	0.5	98574	71	98538	5589620	56.70
2005-2009	23	0.00118	0.00118	0.5	98503	116	98445	5491082	55.75
2005-2009	24	0.00074	0.00074	0.5	98387	73	98350	5392637	54.81
2005-2009	25	0.00078	0.00078	0.5	98314	77	98275	5294287	53.85
2005-2009	26	0.00095	0.00095	0.5	98237	93	98190	5196011	52.89
2005-2009	27	0.00105	0.00105	0.5	98144	103	98092	5097821	51.94
2005-2009	28	0.00117	0.00117	0.5	98040	115	97983	4999729	51.00
2005-2009	29	0.00103	0.00103	0.5	97925	101	97875	4901746	50.06
2005-2009	30	0.00097	0.00097	0.5	97824	95	97777	4803871	49.11
2005-2009	31	0.00144	0.00144	0.5	97729	140	97659	4706094	48.15
2005-2009	32	0.00100	0.00100	0.5	97589	98	97540	4608435	47.22
2005-2009	33	0.00169	0.00169	0.5	97491	165	97409	4510895	46.27
2005-2009	34	0.00143	0.00143	0.5	97326	139	97256	4413486	45.35
2005-2009	35	0.00169	0.00169	0.5	97187	164	97105	4316230	44.41
2005-2009	36	0.00158	0.00158	0.5	97022	153	96946	4219125	43.49
2005-2009	37	0.00150	0.00150	0.5	96869	145	96797	4122179	42.55
2005-2009	38	0.00190	0.00189	0.5	96725	183	96633	4025382	41.62
2005-2009	39	0.00167	0.00167	0.5	96541	161	96461	3928749	40.70
2005-2009	40	0.00173	0.00173	0.5	96380	167	96297	3832289	39.76
2005-2009	41	0.00230	0.00229	0.5	96213	221	96103	3735992	38.83
2005-2009	42	0.00241	0.00241	0.5	95993	231	95877	3639889	37.92
2005-2009	43	0.00281	0.00281	0.5	95762	269	95627	3544012	37.01
2005-2009	44	0.00289	0.00288	0.5	95493	275	95355	3448385	36.11
2005-2009	45	0.00328	0.00327	0.5	95217	312	95061	3353030	35.21
2005-2009	46	0.00376	0.00375	0.5	94905	356	94727	3257969	34.33
2005-2009	47	0.00438	0.00437	0.5	94549	413	94343	3163242	33.46
2005-2009	48	0.00380	0.00380	0.5	94136	358	93957	3068899	32.60
2005-2009	49	0.00485	0.00484	0.5	93779	453	93552	2974942	31.72
2005-2009	50	0.00472	0.00471	0.5	93325	440	93105	2881390	30.87
2005-2009	51	0.00506	0.00504	0.5	92885	468	92651	2788284	30.02
2005-2009	52	0.00652	0.00650	0.5	92417	600	92117	2695633	29.17
2005-2009	53	0.00615	0.00613	0.5	91817	563	91535	2603517	28.36
2005-2009	54	0.00562	0.00560	0.5	91254	511	90998	2511981	27.53
2005-2009	55	0.00672	0.00670	0.5	90742	608	90438	2420983	26.68
2005-2009	56	0.00784	0.00781	0.5	90135	704	89782	2330545	25.86
2005-2009	57	0.00748	0.00745	0.5	89430	666	89097	2240763	25.06
2005-2009	58	0.00836	0.00833	0.5	88764	739	88394	2151665	24.24
2005-2009	59	0.00931	0.00927	0.5	88025	816	87617	2063271	23.44
2005-2009	60	0.00958	0.00954	0.5	87209	832	86793	1975654	22.65
2005-2009	61	0.01029	0.01023	0.5	86377	884	85935	1888861	21.87
2005-2009	62	0.01089	0.01083	0.5	85493	926	85030	1802926	21.09
2005-2009	63	0.01104	0.01097	0.5	84567	928	84103	1717896	20.31
2005-2009	64	0.01343	0.01334	0.5	83639	1116	83081	1633793	19.53
2005-2009	65	0.01430	0.01420	0.5	82523	1172	81937	1550712	18.79
2005-2009	66	0.01518	0.01506	0.5	81351	1225	80739	1468775	18.05
2005-2009	67	0.01726	0.01712	0.5	80126	1371	79440	1388036	17.32
2005-2009	68	0.01867	0.01849	0.5	78755	1456	78026	1308596	16.62
2005-2009	69	0.02042	0.02022	0.5	77298	1563	76517	1230569	15.92
2005-2009	70	0.02016	0.01996	0.5	75735	1511	74980	1154053	15.24
2005-2009	71	0.02345	0.02317	0.5	74224	1720	73364	1079073	14.54
2005-2009	72	0.02258	0.02233	0.5	72504	1619	71694	1005709	13.87
2005-2009	73	0.02503	0.02472	0.5	70885	1752	70009	934015	13.18
2005-2009	74	0.02898	0.02857	0.5	69133	1975	68145	864006	12.50
2005-2009	75	0.03122	0.03074	0.5	67158	2064	66125	795861	11.85
2005-2009	76	0.03399	0.03342	0.5	65093	2176	64005	729736	11.21
2005-2009	77	0.03784	0.03714	0.5	62918	2337	61749	665730	10.58
2005-2009	78	0.04535	0.04434	0.5	60581	2686	59238	603981	9.97
2005-2009	79	0.04727	0.04618	0.5	57895	2674	56558	544743	9.41
2005-2009	80	0.05058	0.04933	0.5	55221	2724	53859	488185	8.84
2005-2009	81	0.05725	0.05566	0.5	52497	2922	51036	434326	8.27
2005-2009	82	0.06475	0.06272	0.5	49575	3109	48020	383290	7.73
2005-2009	83	0.07314	0.07056	0.5	46466	3279	44827	335270	7.22
2005-2009	84	0.08253	0.07926	0.5	43187	3423	41476	290443	6.73
2005-2009	85	0.09301	0.08888	0.5	39764	3534	37997	248968	6.26
2005-2009	86	0.10466	0.09946	0.5	36230	3603	34428	210971	5.82
2005-2009	87	0.11759	0.11106	0.5	32626	3623	30815	176543	5.41
2005-2009	88	0.13187	0.12372	0.5	29003	3588	27209	145728	5.02
2005-2009	89	0.14761	0.13746	0.5	25415	3494	23668	118519	4.66
2005-2009	90	0.16486	0.15230	0.5	21921	3339	20252	94851	4.33
2005-2009	91	0.18369	0.16824	0.5	18583	3126	17019	74599	4.01
2005-2009	92	0.20415	0.18524	0.5	15456	2863	14025	57579	3.73
2005-2009	93	0.22625	0.20326	0.5	12593	2560	11313	43555	3.46
2005-2009	94	0.25000	0.22222	0.5	10034	2230	8919	32241	3.21
2005-2009	95	0.27535	0.24203	0.5	7804	1889	6859	23323	2.99
2005-2009	96	0.30224	0.26256	0.5	5915	1553	5139	16463	2.78
2005-2009	97	0.33055	0.28367	0.5	4362	1237	3743	11325	2.60
2005-2009	98	0.36015	0.30519	0.5	3125	954	2648	7581	2.43
2005-2009	99	0.39085	0.32696	0.5	2171	710	1816	4933	2.27
2005-2009	100	0.42244	0.34877	0.5	1461	510	1206	3117	2.13
2005-2009	101	0.45468	0.37046	0.5	952	353	775	1911	2.01
2005-2009	102	0.48730	0.39183	0.5	599	235	482	1136	1.90
2005-2009	103	0.52003	0.41272	0.5	364	150	289	654	1.79
2005-2009	104	0.55259	0.43297	0.5	214	93	168	365	1.70
2005-2009	105	0.58471	0.45244	0.5	121	55	94	197	1.62
2005-2009	106	0.61612	0.47102	0.5	66	31	51	103	1.55
2005-2009	107	0.64659	0.48862	0.5	35	17	27	52	1.49
2005-2009	108	0.67592	0.50519	0.5	18	9	13	26	1.44
2005-2009	109	0.70392	0.52067	0.5	9	5	7	12	1.40
2005-2009	110+	0.73047	1.00000	1.37	4	4	6	6	1.37
2010-2014	0	0.00605	0.00602	0.06	100000	602	99435	7859039	78.59
2010-2014	1	0.00034	0.00034	0.5	99398	33	99381	7759604	78.07
2010-2014	2	0.00021	0.00021	0.5	99365	21	99354	7660222	77.09
2010-2014	3	0.00024	0.00024	0.5	99344	24	99332	7560868	76.11
2010-2014	4	0.00022	0.00022	0.5	99320	22	99309	7461537	75.13
2010-2014	5	0.00002	0.00002	0.5	99298	2	99297	7362228	74.14
2010-2014	6	0.00014	0.00014	0.5	99296	14	99289	7262931	73.14
2010-2014	7	0.00007	0.00007	0.5	99282	7	99279	7163642	72.15
2010-2014	8	0.00014	0.00014	0.5	99275	14	99268	7064363	71.16
2010-2014	9	0.00014	0.00014	0.5	99262	14	99255	6965095	70.17
2010-2014	10	0.00019	0.00019	0.5	99248	19	99238	6865840	69.18
2010-2014	11	0.00005	0.00005	0.5	99229	5	99227	6766602	68.19
2010-2014	12	0.00012	0.00012	0.5	99224	12	99218	6667375	67.20
2010-2014	13	0.00010	0.00010	0.5	99212	10	99208	6568157	66.20
2010-2014	14	0.00024	0.00024	0.5	99203	24	99191	6468949	65.21
2010-2014	15	0.00022	0.00022	0.5	99179	21	99168	6369759	64.22
2010-2014	16	0.00041	0.00041	0.5	99157	40	99137	6270590	63.24
2010-2014	17	0.00066	0.00066	0.5	99117	66	99084	6171453	62.26
2010-2014	18	0.00055	0.00055	0.5	99052	54	99025	6072369	61.31
2010-2014	19	0.00077	0.00077	0.5	98997	76	98959	5973344	60.34
2010-2014	20	0.00114	0.00114	0.5	98921	113	98865	5874385	59.38
2010-2014	21	0.00089	0.00089	0.5	98808	88	98764	5775520	58.45
2010-2014	22	0.00088	0.00088	0.5	98720	87	98677	5676756	57.50
2010-2014	23	0.00104	0.00104	0.5	98633	103	98582	5578079	56.55
2010-2014	24	0.00083	0.00083	0.5	98531	82	98490	5479497	55.61
2010-2014	25	0.00092	0.00092	0.5	98449	90	98403	5381008	54.66
2010-2014	26	0.00122	0.00122	0.5	98358	120	98298	5282604	53.71
2010-2014	27	0.00083	0.00083	0.5	98238	81	98198	5184306	52.77
2010-2014	28	0.00107	0.00107	0.5	98157	105	98105	5086108	51.82
2010-2014	29	0.00106	0.00105	0.5	98052	103	98001	4988004	50.87
2010-2014	30	0.00105	0.00105	0.5	97949	103	97897	4890003	49.92
2010-2014	31	0.00118	0.00118	0.5	97846	115	97788	4792106	48.98
2010-2014	32	0.00132	0.00132	0.5	97731	129	97666	4694318	48.03
2010-2014	33	0.00121	0.00121	0.5	97602	118	97543	4596652	47.10
2010-2014	34	0.00128	0.00128	0.5	97484	124	97421	4499109	46.15
2010-2014	35	0.00131	0.00131	0.5	97359	127	97296	4401688	45.21
2010-2014	36	0.00171	0.00171	0.5	97232	166	97149	4304392	44.27
2010-2014	37	0.00185	0.00185	0.5	97066	179	96976	4207243	43.34
2010-2014	38	0.00179	0.00178	0.5	96886	173	96800	4110268	42.42
2010-2014	39	0.00208	0.00208	0.5	96713	201	96613	4013468	41.50
2010-2014	40	0.00211	0.00210	0.5	96512	203	96411	3916855	40.58
2010-2014	41	0.00212	0.00211	0.5	96309	204	96207	3820444	39.67
2010-2014	42	0.00210	0.00210	0.5	96106	202	96005	3724237	38.75
2010-2014	43	0.00247	0.00247	0.5	95904	237	95785	3628233	37.83
2010-2014	44	0.00253	0.00252	0.5	95667	241	95546	3532447	36.92
2010-2014	45	0.00276	0.00275	0.5	95426	263	95294	3436901	36.02
2010-2014	46	0.00353	0.00352	0.5	95163	335	94995	3341607	35.11
2010-2014	47	0.00350	0.00350	0.5	94827	332	94662	3246612	34.24
2010-2014	48	0.00460	0.00459	0.5	94496	434	94279	3151950	33.36
2010-2014	49	0.00415	0.00414	0.5	94062	389	93867	3057671	32.51
2010-2014	50	0.00421	0.00420	0.5	93673	393	93476	2963804	31.64
2010-2014	51	0.00482	0.00481	0.5	93279	448	93055	2870328	30.77
2010-2014	52	0.00533	0.00532	0.5	92831	493	92584	2777272	29.92
2010-2014	53	0.00581	0.00580	0.5	92338	535	92070	2684688	29.07
2010-2014	54	0.00716	0.00713	0.5	91802	655	91475	2592618	28.24
2010-2014	55	0.00695	0.00693	0.5	91148	631	90832	2501143	27.44
2010-2014	56	0.00762	0.00759	0.5	90516	687	90173	2410311	26.63
2010-2014	57	0.00714	0.00711	0.5	89829	639	89509	2320138	25.83
2010-2014	58	0.00870	0.00866	0.5	89190	773	88804	2230629	25.01
2010-2014	59	0.00932	0.00928	0.5	88417	820	88007	2141825	24.22
2010-2014	60	0.01002	0.00997	0.5	87597	873	87161	2053818	23.45
2010-2014	61	0.01099	0.01093	0.5	86724	948	86250	1966657	22.68
2010-2014	62	0.01000	0.00995	0.5	85776	854	85349	1880407	21.92
2010-2014	63	0.01099	0.01093	0.5	84922	928	84458	1795059	21.14
2010-2014	64	0.01285	0.01277	0.5	83994	1073	83458	1710600	20.37
2010-2014	65	0.01274	0.01266	0.5	82921	1050	82397	1627143	19.62
2010-2014	66	0.01479	0.01469	0.5	81872	1202	81271	1544746	18.87
2010-2014	67	0.01553	0.01541	0.5	80669	1243	80048	1463476	18.14
2010-2014	68	0.01588	0.01575	0.5	79426	1251	78800	1383428	17.42
2010-2014	69	0.01935	0.01917	0.5	78175	1498	77426	1304627	16.69
2010-2014	70	0.01912	0.01894	0.5	76676	1452	75950	1227202	16.00
2010-2014	71	0.02026	0.02005	0.5	75224	1509	74470	1151252	15.30
2010-2014	72	0.02144	0.02121	0.5	73716	1564	72934	1076782	14.61
2010-2014	73	0.02452	0.02423	0.5	72152	1748	71278	1003848	13.91
2010-2014	74	0.02633	0.02599	0.5	70404	1830	69489	932570	13.25
2010-2014	75	0.03028	0.02983	0.5	68574	2046	67551	863081	12.59
2010-2014	76	0.02895	0.02854	0.5	66529	1899	65579	795530	11.96
2010-2014	77	0.03472	0.03413	0.5	64630	2206	63527	729951	11.29
2010-2014	78	0.03864	0.03791	0.5	62424	2366	61241	666424	10.68
2010-2014	79	0.04348	0.04256	0.5	60058	2556	58780	605183	10.08
2010-2014	80	0.04164	0.04079	0.5	57502	2345	56329	546403	9.50
2010-2014	81	0.04759	0.04649	0.5	55156	2564	53874	490074	8.89
2010-2014	82	0.05435	0.05291	0.5	52592	2783	51201	436200	8.29
2010-2014	83	0.06201	0.06014	0.5	49810	2996	48312	384999	7.73
2010-2014	84	0.07066	0.06825	0.5	46814	3195	45216	336687	7.19
2010-2014	85	0.08042	0.07731	0.5	43619	3372	41933	291471	6.68
2010-2014	86	0.09139	0.08740	0.5	40247	3517	38488	249538	6.20
2010-2014	87	0.10369	0.09858	0.5	36729	3621	34919	211050	5.75
2010-2014	88	0.11744	0.11092	0.5	33108	3672	31272	176131	5.32
2010-2014	89	0.13273	0.12447	0.5	29436	3664	27604	144859	4.92
2010-2014	90	0.14968	0.13926	0.5	25772	3589	23978	117255	4.55
2010-2014	91	0.16837	0.15530	0.5	22183	3445	20461	93278	4.20
2010-2014	92	0.18888	0.17258	0.5	18738	3234	17121	72817	3.89
2010-2014	93	0.21125	0.19107	0.5	15504	2962	14023	55696	3.59
2010-2014	94	0.23550	0.21069	0.5	12542	2643	11221	41673	3.32
2010-2014	95	0.26162	0.23135	0.5	9899	2290	8754	30452	3.08
2010-2014	96	0.28953	0.25292	0.5	7609	1924	6647	21698	2.85
2010-2014	97	0.31913	0.27522	0.5	5685	1565	4902	15051	2.65
2010-2014	98	0.35027	0.29807	0.5	4120	1228	3506	10149	2.46
2010-2014	99	0.38274	0.32126	0.5	2892	929	2427	6643	2.30
2010-2014	100	0.41629	0.34457	0.5	1963	676	1625	4215	2.15
2010-2014	101	0.45063	0.36777	0.5	1287	473	1050	2590	2.01
2010-2014	102	0.48545	0.39063	0.5	813	318	655	1540	1.89
2010-2014	103	0.52041	0.41296	0.5	496	205	393	886	1.79
2010-2014	104	0.55518	0.43455	0.5	291	126	228	492	1.69
2010-2014	105	0.58941	0.45525	0.5	165	75	127	265	1.61
2010-2014	106	0.62279	0.47491	0.5	90	43	68	138	1.53
2010-2014	107	0.65506	0.49344	0.5	47	23	35	69	1.47
2010-2014	108	0.68595	0.51077	0.5	24	12	18	34	1.42
2010-2014	109	0.71528	0.52685	0.5	12	6	9	16	1.37
2010-2014	110+	0.74289	1.00000	1.35	6	6	7	7	1.35
2015-2019	0	0.00649	0.00645	0.06	100000	645	99395	7878840	78.79
2015-2019	1	0.00054	0.00054	0.5	99355	54	99328	7779445	78.30
2015-2019	2	0.00017	0.00017	0.5	99301	17	99293	7680117	77.34
2015-2019	3	0.00017	0.00017	0.5	99284	17	99276	7580824	76.35
2015-2019	4	0.00013	0.00013	0.5	99267	13	99261	7481548	75.37
2015-2019	5	0.00013	0.00013	0.5	99255	13	99248	7382287	74.38
2015-2019	6	0.00013	0.00013	0.5	99242	13	99236	7283038	73.39
2015-2019	7	0.00018	0.00018	0.5	99229	18	99220	7183803	72.40
2015-2019	8	0.00005	0.00005	0.5	99211	5	99209	7084583	71.41
2015-2019	9	0.00012	0.00012	0.5	99207	12	99201	6985374	70.41
2015-2019	10	0.00007	0.00007	0.5	99195	7	99192	6886173	69.42
2015-2019	11	0.00026	0.00026	0.5	99188	26	99175	6786981	68.43
2015-2019	12	0.00019	0.00019	0.5	99162	19	99153	6687806	67.44
2015-2019	13	0.00019	0.00019	0.5	99143	19	99133	6588653	66.46
2015-2019	14	0.00025	0.00025	0.5	99124	24	99112	6489520	65.47
2015-2019	15	0.00027	0.00027	0.5	99099	27	99086	6390408	64.48
2015-2019	16	0.00053	0.00053	0.5	99072	52	99046	6291323	63.50
2015-2019	17	0.00033	0.00033	0.5	99020	33	99003	6192277	62.54
2015-2019	18	0.00093	0.00093	0.5	98987	92	98941	6093274	61.56
2015-2019	19	0.00089	0.00089	0.5	98895	88	98851	5994333	60.61
2015-2019	20	0.00077	0.00077	0.5	98807	76	98769	5895482	59.67
2015-2019	21	0.00102	0.00102	0.5	98731	101	98681	5796712	58.71
2015-2019	22	0.00071	0.00071	0.5	98631	70	98596	5698031	57.77
2015-2019	23	0.00102	0.00102	0.5	98561	100	98510	5599435	56.81
2015-2019	24	0.00100	0.00100	0.5	98460	98	98411	5500925	55.87
2015-2019	25	0.00090	0.00090	0.5	98362	88	98318	5402514	54.92
2015-2019	26	0.00118	0.00118	0.5	98274	116	98215	5304196	53.97
2015-2019	27	0.00108	0.00108	0.5	98157	106	98104	5205981	53.04
2015-2019	28	0.00130	0.00130	0.5	98051	128	97987	5107877	52.09
2015-2019	29	0.00107	0.00107	0.5	97923	104	97871	5009889	51.16
2015-2019	30	0.00131	0.00131	0.5	97819	128	97755	4912018	50.22
2015-2019	31	0.00131	0.00131	0.5	97691	128	97627	4814263	49.28
2015-2019	32	0.00134	0.00134	0.5	97563	131	97497	4716636	48.34
2015-2019	33	0.00131	0.00131	0.5	97432	128	97368	4619139	47.41
2015-2019	34	0.00126	0.00125	0.5	97305	122	97244	4521771	46.47
2015-2019	35	0.00158	0.00158	0.5	97182	153	97106	4424527	45.53
2015-2019	36	0.00185	0.00185	0.5	97029	180	96939	4327421	44.60
2015-2019	37	0.00191	0.00191	0.5	96850	185	96757	4230482	43.68
2015-2019	38	0.00190	0.00189	0.5	96664	183	96573	4133725	42.76
2015-2019	39	0.00203	0.00203	0.5	96481	196	96384	4037152	41.84
2015-2019	40	0.00191	0.00191	0.5	96286	184	96194	3940768	40.93
2015-2019	41	0.00237	0.00237	0.5	96102	228	95988	3844575	40.01
2015-2019	42	0.00249	0.00249	0.5	95874	238	95755	3748587	39.10
2015-2019	43	0.00256	0.00255	0.5	95635	244	95513	3652832	38.20
2015-2019	44	0.00246	0.00246	0.5	95391	235	95274	3557319	37.29
2015-2019	45	0.00289	0.00288	0.5	95157	274	95020	3462045	36.38
2015-2019	46	0.00304	0.00304	0.5	94882	288	94738	3367025	35.49
2015-2019	47	0.00380	0.00379	0.5	94594	359	94415	3272287	34.59
2015-2019	48	0.00407	0.00406	0.5	94235	383	94044	3177872	33.72
2015-2019	49	0.00410	0.00409	0.5	93853	384	93661	3083828	32.86
2015-2019	50	0.00442	0.00441	0.5	93469	412	93263	2990167	31.99
2015-2019	51	0.00536	0.00535	0.5	93056	498	92808	2896905	31.13
2015-2019	52	0.00543	0.00541	0.5	92559	501	92308	2804097	30.30
2015-2019	53	0.00590	0.00588	0.5	92058	541	91787	2711789	29.46
2015-2019	54	0.00669	0.00667	0.5	91517	610	91211	2620001	28.63
2015-2019	55	0.00715	0.00713	0.5	90906	648	90582	2528790	27.82
2015-2019	56	0.00711	0.00708	0.5	90258	639	89938	2438208	27.01
2015-2019	57	0.00820	0.00816	0.5	89619	732	89253	2348269	26.20
2015-2019	58	0.00856	0.00853	0.5	88887	758	88508	2259016	25.41
2015-2019	59	0.00939	0.00935	0.5	88129	824	87717	2170508	24.63
2015-2019	60	0.01066	0.01061	0.5	87305	926	86842	2082791	23.86
2015-2019	61	0.01113	0.01106	0.5	86379	956	85902	1995949	23.11
2015-2019	62	0.01207	0.01200	0.5	85424	1025	84911	1910047	22.36
2015-2019	63	0.01253	0.01245	0.5	84399	1051	83873	1825136	21.63
2015-2019	64	0.01295	0.01286	0.5	83348	1072	82812	1741263	20.89
2015-2019	65	0.01339	0.01330	0.5	82276	1094	81729	1658451	20.16
2015-2019	66	0.01415	0.01405	0.5	81182	1141	80611	1576722	19.42
2015-2019	67	0.01510	0.01499	0.5	80041	1200	79441	1496111	18.69
2015-2019	68	0.01556	0.01544	0.5	78841	1217	78232	1416670	17.97
2015-2019	69	0.01707	0.01693	0.5	77623	1314	76966	1338437	17.24
2015-2019	70	0.01857	0.01840	0.5	76309	1404	75607	1261471	16.53
2015-2019	71	0.01979	0.01959	0.5	74905	1468	74171	1185864	15.83
2015-2019	72	0.02268	0.02243	0.5	73438	1647	72614	1111692	15.14
2015-2019	73	0.02286	0.02260	0.5	71791	1623	70979	1039078	14.47
2015-2019	74	0.02634	0.02600	0.5	70168	1825	69256	968099	13.80
2015-2019	75	0.02759	0.02722	0.5	68343	1860	67413	898843	13.15
2015-2019	76	0.03158	0.03109	0.5	66483	2067	65450	831430	12.51
2015-2019	77	0.03383	0.03327	0.5	64416	2143	63345	765980	11.89
2015-2019	78	0.03696	0.03629	0.5	62273	2260	61144	702635	11.28
2015-2019	79	0.04186	0.04100	0.5	60014	2461	58783	641492	10.69
2015-2019	80	0.03862	0.03789	0.5	57553	2181	56463	582708	10.12
2015-2019	81	0.04382	0.04288	0.5	55372	2374	54185	526246	9.50
2015-2019	82	0.04968	0.04847	0.5	52998	2569	51713	472061	8.91
2015-2019	83	0.05627	0.05473	0.5	50429	2760	49049	420347	8.34
2015-2019	84	0.06368	0.06172	0.5	47669	2942	46198	371298	7.79
2015-2019	85	0.07200	0.06950	0.5	44727	3108	43173	325101	7.27
2015-2019	86	0.08130	0.07813	0.5	41618	3252	39993	281928	6.77
2015-2019	87	0.09169	0.08767	0.5	38367	3364	36685	241936	6.31
2015-2019	88	0.10326	0.09819	0.5	35003	3437	33284	205251	5.86
2015-2019	89	0.11610	0.10973	0.5	31566	3464	29834	171966	5.45
2015-2019	90	0.13031	0.12234	0.5	28102	3438	26383	142132	5.06
2015-2019	91	0.14596	0.13604	0.5	24664	3355	22987	115749	4.69
2015-2019	92	0.16315	0.15084	0.5	21309	3214	19702	92762	4.35
2015-2019	93	0.18193	0.16676	0.5	18095	3017	16586	73061	4.04
2015-2019	94	0.20234	0.18375	0.5	15077	2770	13692	56475	3.75
2015-2019	95	0.22442	0.20178	0.5	12307	2483	11065	42783	3.48
2015-2019	96	0.24816	0.22076	0.5	9824	2169	8739	31717	3.23
2015-2019	97	0.27352	0.24061	0.5	7655	1842	6734	22978	3.00
2015-2019	98	0.30044	0.26120	0.5	5813	1518	5054	16244	2.79
2015-2019	99	0.32881	0.28238	0.5	4295	1213	3688	11190	2.61
2015-2019	100	0.35848	0.30399	0.5	3082	937	2613	7502	2.43
2015-2019	101	0.38928	0.32586	0.5	2145	699	1796	4889	2.28
2015-2019	102	0.42099	0.34778	0.5	1446	503	1195	3093	2.14
2015-2019	103	0.45337	0.36959	0.5	943	349	769	1899	2.01
2015-2019	104	0.48614	0.39108	0.5	595	233	478	1130	1.90
2015-2019	105	0.51904	0.41209	0.5	362	149	287	651	1.80
2015-2019	106	0.55177	0.43246	0.5	213	92	167	364	1.71
2015-2019	107	0.58405	0.45204	0.5	121	55	93	197	1.63
2015-2019	108	0.61564	0.47074	0.5	66	31	51	104	1.57
2015-2019	109	0.64627	0.48844	0.5	35	17	26	53	1.51
2015-2019	110+	0.67575	1.00000	1.48	18	18	27	27	1.48
