WA: Washington, Lifetables (period 1x5), Females Last modified: 20 Dec 2020, MPv5 (May07) 

Year     	Age	mx	qx	ax	lx	dx	Lx	Tx	ex
1960-1964	0	0.01916	0.01884	0.11	100000	1884	98317	7512507	75.13
1960-1964	1	0.00118	0.00117	0.5	98116	115	98058	7414190	75.57
1960-1964	2	0.00073	0.00073	0.5	98001	71	97965	7316132	74.65
1960-1964	3	0.00066	0.00066	0.5	97929	64	97897	7218167	73.71
1960-1964	4	0.00055	0.00055	0.5	97865	54	97838	7120270	72.76
1960-1964	5	0.00042	0.00042	0.5	97811	41	97791	7022432	71.80
1960-1964	6	0.00035	0.00035	0.5	97770	34	97753	6924641	70.83
1960-1964	7	0.00038	0.00038	0.5	97736	37	97717	6826888	69.85
1960-1964	8	0.00024	0.00024	0.5	97698	23	97687	6729171	68.88
1960-1964	9	0.00027	0.00027	0.5	97675	26	97662	6631485	67.89
1960-1964	10	0.00024	0.00024	0.5	97649	23	97637	6533823	66.91
1960-1964	11	0.00030	0.00030	0.5	97626	29	97611	6436186	65.93
1960-1964	12	0.00019	0.00019	0.5	97596	19	97587	6338575	64.95
1960-1964	13	0.00031	0.00031	0.5	97577	30	97562	6240988	63.96
1960-1964	14	0.00034	0.00034	0.5	97548	33	97531	6143426	62.98
1960-1964	15	0.00037	0.00037	0.5	97514	36	97496	6045895	62.00
1960-1964	16	0.00037	0.00037	0.5	97478	36	97460	5948399	61.02
1960-1964	17	0.00064	0.00064	0.5	97442	62	97411	5850938	60.05
1960-1964	18	0.00054	0.00054	0.5	97380	52	97353	5753528	59.08
1960-1964	19	0.00052	0.00052	0.5	97327	51	97302	5656174	58.11
1960-1964	20	0.00050	0.00050	0.5	97277	48	97253	5558872	57.14
1960-1964	21	0.00069	0.00069	0.5	97228	67	97195	5461620	56.17
1960-1964	22	0.00057	0.00057	0.5	97162	56	97134	5364425	55.21
1960-1964	23	0.00079	0.00079	0.5	97106	77	97067	5267291	54.24
1960-1964	24	0.00065	0.00065	0.5	97029	63	96997	5170223	53.29
1960-1964	25	0.00067	0.00067	0.5	96966	65	96933	5073226	52.32
1960-1964	26	0.00072	0.00072	0.5	96900	70	96866	4976293	51.35
1960-1964	27	0.00084	0.00084	0.5	96831	81	96790	4879427	50.39
1960-1964	28	0.00073	0.00073	0.5	96750	71	96714	4782637	49.43
1960-1964	29	0.00074	0.00074	0.5	96679	72	96643	4685923	48.47
1960-1964	30	0.00084	0.00084	0.5	96607	81	96567	4589280	47.50
1960-1964	31	0.00089	0.00089	0.5	96526	86	96483	4492713	46.54
1960-1964	32	0.00113	0.00113	0.5	96440	109	96386	4396230	45.59
1960-1964	33	0.00112	0.00112	0.5	96331	108	96277	4299845	44.64
1960-1964	34	0.00136	0.00136	0.5	96223	130	96158	4203567	43.69
1960-1964	35	0.00128	0.00128	0.5	96093	123	96031	4107409	42.74
1960-1964	36	0.00143	0.00143	0.5	95970	137	95901	4011378	41.80
1960-1964	37	0.00152	0.00152	0.5	95833	146	95760	3915477	40.86
1960-1964	38	0.00161	0.00161	0.5	95687	154	95610	3819717	39.92
1960-1964	39	0.00201	0.00201	0.5	95533	192	95437	3724108	38.98
1960-1964	40	0.00197	0.00197	0.5	95341	188	95247	3628670	38.06
1960-1964	41	0.00209	0.00209	0.5	95154	199	95054	3533423	37.13
1960-1964	42	0.00236	0.00236	0.5	94955	224	94843	3438369	36.21
1960-1964	43	0.00270	0.00269	0.5	94731	255	94603	3343526	35.29
1960-1964	44	0.00269	0.00269	0.5	94476	254	94349	3248922	34.39
1960-1964	45	0.00296	0.00296	0.5	94222	279	94083	3154573	33.48
1960-1964	46	0.00348	0.00348	0.5	93943	327	93780	3060491	32.58
1960-1964	47	0.00360	0.00359	0.5	93616	336	93448	2966711	31.69
1960-1964	48	0.00387	0.00386	0.5	93280	360	93100	2873263	30.80
1960-1964	49	0.00455	0.00454	0.5	92920	422	92709	2780162	29.92
1960-1964	50	0.00486	0.00485	0.5	92498	448	92274	2687453	29.05
1960-1964	51	0.00544	0.00542	0.5	92050	499	91800	2595180	28.19
1960-1964	52	0.00534	0.00532	0.5	91550	487	91307	2503380	27.34
1960-1964	53	0.00632	0.00630	0.5	91063	573	90777	2412073	26.49
1960-1964	54	0.00627	0.00625	0.5	90490	566	90207	2321296	25.65
1960-1964	55	0.00593	0.00591	0.5	89924	532	89658	2231089	24.81
1960-1964	56	0.00687	0.00685	0.5	89392	612	89086	2141431	23.96
1960-1964	57	0.00812	0.00809	0.5	88780	718	88421	2052345	23.12
1960-1964	58	0.00840	0.00837	0.5	88062	737	87694	1963924	22.30
1960-1964	59	0.00961	0.00957	0.5	87325	836	86907	1876230	21.49
1960-1964	60	0.01002	0.00997	0.5	86489	862	86058	1789323	20.69
1960-1964	61	0.01089	0.01083	0.5	85627	927	85164	1703265	19.89
1960-1964	62	0.01203	0.01196	0.5	84700	1013	84194	1618101	19.10
1960-1964	63	0.01351	0.01342	0.5	83687	1123	83126	1533907	18.33
1960-1964	64	0.01490	0.01479	0.5	82564	1221	81953	1450782	17.57
1960-1964	65	0.01595	0.01583	0.5	81343	1288	80699	1368828	16.83
1960-1964	66	0.01640	0.01627	0.5	80055	1303	79404	1288129	16.09
1960-1964	67	0.01905	0.01887	0.5	78753	1486	78010	1208725	15.35
1960-1964	68	0.02161	0.02138	0.5	77266	1652	76440	1130716	14.63
1960-1964	69	0.02253	0.02228	0.5	75614	1685	74772	1054275	13.94
1960-1964	70	0.02482	0.02451	0.5	73929	1812	73023	979504	13.25
1960-1964	71	0.02788	0.02750	0.5	72117	1983	71126	906480	12.57
1960-1964	72	0.03127	0.03078	0.5	70134	2159	69055	835355	11.91
1960-1964	73	0.03498	0.03438	0.5	67975	2337	66807	766300	11.27
1960-1964	74	0.03765	0.03696	0.5	65638	2426	64425	699494	10.66
1960-1964	75	0.04480	0.04382	0.5	63212	2770	61828	635068	10.05
1960-1964	76	0.04923	0.04805	0.5	60443	2904	58991	573241	9.48
1960-1964	77	0.05284	0.05148	0.5	57538	2962	56057	514250	8.94
1960-1964	78	0.06087	0.05908	0.5	54576	3224	52964	458193	8.40
1960-1964	79	0.06705	0.06487	0.5	51352	3331	49687	405228	7.89
1960-1964	80	0.07461	0.07192	0.5	48021	3454	46294	355542	7.40
1960-1964	81	0.08016	0.07707	0.5	44567	3435	42850	309248	6.94
1960-1964	82	0.09008	0.08620	0.5	41132	3546	39360	266398	6.48
1960-1964	83	0.10671	0.10130	0.5	37587	3808	35683	227038	6.04
1960-1964	84	0.11680	0.11035	0.5	33779	3728	31915	191356	5.66
1960-1964	85	0.11994	0.11315	0.5	30052	3400	28351	159440	5.31
1960-1964	86	0.14434	0.13462	0.5	26651	3588	24857	131089	4.92
1960-1964	87	0.16096	0.14897	0.5	23063	3436	21345	106231	4.61
1960-1964	88	0.17776	0.16325	0.5	19628	3204	18025	84886	4.32
1960-1964	89	0.17817	0.16359	0.5	16423	2687	15080	66861	4.07
1960-1964	90	0.21295	0.19246	0.5	13737	2644	12415	51781	3.77
1960-1964	91	0.21318	0.19265	0.5	11093	2137	10024	39366	3.55
1960-1964	92	0.24869	0.22119	0.5	8956	1981	7965	29341	3.28
1960-1964	93	0.27138	0.23896	0.5	6975	1667	6142	21376	3.06
1960-1964	94	0.29533	0.25733	0.5	5308	1366	4625	15235	2.87
1960-1964	95	0.32047	0.27621	0.5	3942	1089	3398	10609	2.69
1960-1964	96	0.34669	0.29547	0.5	2853	843	2432	7212	2.53
1960-1964	97	0.37387	0.31499	0.5	2010	633	1694	4780	2.38
1960-1964	98	0.40188	0.33464	0.5	1377	461	1147	3086	2.24
1960-1964	99	0.43054	0.35428	0.5	916	325	754	1939	2.12
1960-1964	100	0.45968	0.37377	0.5	592	221	481	1186	2.00
1960-1964	101	0.48909	0.39299	0.5	370	146	298	704	1.90
1960-1964	102	0.51858	0.41180	0.5	225	93	179	407	1.81
1960-1964	103	0.54794	0.43010	0.5	132	57	104	228	1.73
1960-1964	104	0.57697	0.44779	0.5	75	34	59	124	1.65
1960-1964	105	0.60548	0.46477	0.5	42	19	32	66	1.58
1960-1964	106	0.63328	0.48098	0.5	22	11	17	34	1.52
1960-1964	107	0.66023	0.49637	0.5	12	6	9	17	1.47
1960-1964	108	0.68618	0.51090	0.5	6	3	4	8	1.42
1960-1964	109	0.71101	0.52454	0.5	3	1	2	4	1.38
1960-1964	110+	0.73464	1.00000	1.36	1	1	2	2	1.36
1965-1969	0	0.01739	0.01712	0.1	100000	1712	98462	7542555	75.43
1965-1969	1	0.00115	0.00115	0.5	98288	113	98232	7444093	75.74
1965-1969	2	0.00080	0.00080	0.5	98175	78	98136	7345861	74.82
1965-1969	3	0.00051	0.00051	0.5	98097	50	98072	7247725	73.88
1965-1969	4	0.00055	0.00055	0.5	98047	54	98020	7149653	72.92
1965-1969	5	0.00047	0.00047	0.5	97993	46	97970	7051633	71.96
1965-1969	6	0.00039	0.00039	0.5	97947	38	97928	6953663	70.99
1965-1969	7	0.00026	0.00026	0.5	97909	25	97896	6855735	70.02
1965-1969	8	0.00039	0.00039	0.5	97884	38	97864	6757839	69.04
1965-1969	9	0.00020	0.00020	0.5	97845	19	97836	6659974	68.07
1965-1969	10	0.00027	0.00027	0.5	97826	27	97813	6562139	67.08
1965-1969	11	0.00029	0.00029	0.5	97799	29	97785	6464326	66.10
1965-1969	12	0.00030	0.00030	0.5	97771	29	97756	6366541	65.12
1965-1969	13	0.00040	0.00040	0.5	97741	39	97722	6268785	64.14
1965-1969	14	0.00033	0.00033	0.5	97702	33	97686	6171063	63.16
1965-1969	15	0.00035	0.00035	0.5	97669	35	97652	6073378	62.18
1965-1969	16	0.00037	0.00037	0.5	97635	36	97617	5975725	61.20
1965-1969	17	0.00050	0.00050	0.5	97599	49	97574	5878109	60.23
1965-1969	18	0.00053	0.00053	0.5	97550	52	97524	5780535	59.26
1965-1969	19	0.00078	0.00078	0.5	97498	76	97460	5683011	58.29
1965-1969	20	0.00064	0.00064	0.5	97422	62	97391	5585551	57.33
1965-1969	21	0.00067	0.00067	0.5	97360	65	97327	5488161	56.37
1965-1969	22	0.00066	0.00066	0.5	97294	64	97262	5390834	55.41
1965-1969	23	0.00067	0.00067	0.5	97230	65	97198	5293571	54.44
1965-1969	24	0.00063	0.00063	0.5	97165	61	97134	5196374	53.48
1965-1969	25	0.00071	0.00071	0.5	97104	69	97070	5099239	52.51
1965-1969	26	0.00082	0.00082	0.5	97035	79	96995	5002170	51.55
1965-1969	27	0.00077	0.00077	0.5	96956	75	96918	4905174	50.59
1965-1969	28	0.00069	0.00069	0.5	96881	67	96848	4808256	49.63
1965-1969	29	0.00095	0.00095	0.5	96815	92	96769	4711408	48.66
1965-1969	30	0.00083	0.00083	0.5	96723	80	96683	4614640	47.71
1965-1969	31	0.00100	0.00100	0.5	96642	97	96594	4517957	46.75
1965-1969	32	0.00097	0.00097	0.5	96546	94	96499	4421363	45.80
1965-1969	33	0.00112	0.00112	0.5	96452	108	96398	4324864	44.84
1965-1969	34	0.00129	0.00129	0.5	96343	124	96281	4228467	43.89
1965-1969	35	0.00139	0.00139	0.5	96219	134	96152	4132186	42.95
1965-1969	36	0.00139	0.00139	0.5	96085	134	96019	4036033	42.00
1965-1969	37	0.00152	0.00152	0.5	95952	146	95879	3940015	41.06
1965-1969	38	0.00161	0.00161	0.5	95806	154	95729	3844136	40.12
1965-1969	39	0.00203	0.00203	0.5	95652	194	95555	3748407	39.19
1965-1969	40	0.00219	0.00219	0.5	95458	209	95353	3652853	38.27
1965-1969	41	0.00221	0.00221	0.5	95249	210	95144	3557499	37.35
1965-1969	42	0.00203	0.00203	0.5	95039	193	94942	3462355	36.43
1965-1969	43	0.00271	0.00270	0.5	94846	256	94718	3367413	35.50
1965-1969	44	0.00244	0.00244	0.5	94590	230	94475	3272695	34.60
1965-1969	45	0.00338	0.00338	0.5	94359	319	94200	3178220	33.68
1965-1969	46	0.00298	0.00297	0.5	94041	279	93901	3084020	32.79
1965-1969	47	0.00327	0.00326	0.5	93761	306	93608	2990119	31.89
1965-1969	48	0.00407	0.00406	0.5	93455	379	93266	2896511	30.99
1965-1969	49	0.00422	0.00421	0.5	93076	392	92880	2803245	30.12
1965-1969	50	0.00508	0.00507	0.5	92685	470	92450	2710365	29.24
1965-1969	51	0.00446	0.00445	0.5	92215	410	92010	2617915	28.39
1965-1969	52	0.00588	0.00586	0.5	91805	538	91536	2525905	27.51
1965-1969	53	0.00595	0.00593	0.5	91266	541	90996	2434370	26.67
1965-1969	54	0.00640	0.00638	0.5	90725	579	90436	2343374	25.83
1965-1969	55	0.00718	0.00716	0.5	90147	645	89824	2252938	24.99
1965-1969	56	0.00825	0.00822	0.5	89501	735	89134	2163114	24.17
1965-1969	57	0.00792	0.00789	0.5	88766	700	88416	2073980	23.36
1965-1969	58	0.00900	0.00896	0.5	88066	789	87671	1985564	22.55
1965-1969	59	0.00873	0.00869	0.5	87277	759	86897	1897892	21.75
1965-1969	60	0.01027	0.01021	0.5	86518	884	86076	1810995	20.93
1965-1969	61	0.01112	0.01106	0.5	85634	947	85161	1724919	20.14
1965-1969	62	0.01218	0.01211	0.5	84687	1025	84175	1639759	19.36
1965-1969	63	0.01269	0.01261	0.5	83662	1055	83134	1555584	18.59
1965-1969	64	0.01424	0.01414	0.5	82607	1168	82023	1472450	17.82
1965-1969	65	0.01515	0.01504	0.5	81439	1224	80827	1390426	17.07
1965-1969	66	0.01759	0.01744	0.5	80215	1399	79515	1309599	16.33
1965-1969	67	0.01888	0.01870	0.5	78816	1474	78079	1230084	15.61
1965-1969	68	0.02064	0.02043	0.5	77342	1580	76552	1152005	14.89
1965-1969	69	0.02262	0.02236	0.5	75762	1694	74915	1075453	14.20
1965-1969	70	0.02577	0.02544	0.5	74068	1884	73126	1000538	13.51
1965-1969	71	0.02642	0.02608	0.5	72184	1882	71242	927412	12.85
1965-1969	72	0.02988	0.02944	0.5	70301	2070	69266	856170	12.18
1965-1969	73	0.03503	0.03443	0.5	68232	2349	67057	786903	11.53
1965-1969	74	0.03646	0.03580	0.5	65883	2359	64703	719846	10.93
1965-1969	75	0.04397	0.04302	0.5	63524	2733	62157	655143	10.31
1965-1969	76	0.04514	0.04415	0.5	60791	2684	59449	592986	9.75
1965-1969	77	0.05198	0.05066	0.5	58107	2944	56635	533537	9.18
1965-1969	78	0.05971	0.05798	0.5	55163	3199	53564	476902	8.65
1965-1969	79	0.06486	0.06282	0.5	51965	3264	50332	423338	8.15
1965-1969	80	0.06895	0.06665	0.5	48700	3246	47077	373006	7.66
1965-1969	81	0.07830	0.07535	0.5	45454	3425	43742	325929	7.17
1965-1969	82	0.08736	0.08370	0.5	42030	3518	40271	282187	6.71
1965-1969	83	0.09562	0.09126	0.5	38512	3515	36754	241916	6.28
1965-1969	84	0.10970	0.10399	0.5	34997	3639	33177	205162	5.86
1965-1969	85	0.12217	0.11513	0.5	31358	3610	29552	171985	5.48
1965-1969	86	0.13412	0.12569	0.5	27747	3488	26003	142432	5.13
1965-1969	87	0.14916	0.13880	0.5	24260	3367	22576	116429	4.80
1965-1969	88	0.16185	0.14974	0.5	20892	3128	19328	93853	4.49
1965-1969	89	0.17957	0.16477	0.5	17764	2927	16301	74524	4.20
1965-1969	90	0.19097	0.17432	0.5	14837	2586	13544	58224	3.92
1965-1969	91	0.21572	0.19472	0.5	12251	2385	11058	44680	3.65
1965-1969	92	0.23625	0.21129	0.5	9865	2084	8823	33622	3.41
1965-1969	93	0.25809	0.22859	0.5	7781	1779	6891	24799	3.19
1965-1969	94	0.28120	0.24654	0.5	6002	1480	5262	17908	2.98
1965-1969	95	0.30553	0.26504	0.5	4522	1199	3923	12645	2.80
1965-1969	96	0.33100	0.28400	0.5	3324	944	2852	8722	2.62
1965-1969	97	0.35750	0.30329	0.5	2380	722	2019	5870	2.47
1965-1969	98	0.38490	0.32278	0.5	1658	535	1390	3852	2.32
1965-1969	99	0.41305	0.34235	0.5	1123	384	931	2461	2.19
1965-1969	100	0.44178	0.36185	0.5	738	267	605	1530	2.07
1965-1969	101	0.47091	0.38116	0.5	471	180	381	926	1.96
1965-1969	102	0.50023	0.40015	0.5	292	117	233	544	1.87
1965-1969	103	0.52955	0.41869	0.5	175	73	138	311	1.78
1965-1969	104	0.55867	0.43669	0.5	102	44	79	173	1.70
1965-1969	105	0.58740	0.45404	0.5	57	26	44	93	1.63
1965-1969	106	0.61554	0.47068	0.5	31	15	24	49	1.56
1965-1969	107	0.64292	0.48652	0.5	17	8	13	25	1.50
1965-1969	108	0.66941	0.50154	0.5	8	4	6	12	1.45
1965-1969	109	0.69486	0.51569	0.5	4	2	3	6	1.42
1965-1969	110+	0.71917	1.00000	1.39	2	2	3	3	1.39
1970-1974	0	0.01493	0.01473	0.09	100000	1473	98667	7637458	76.37
1970-1974	1	0.00094	0.00094	0.5	98527	92	98481	7538791	76.52
1970-1974	2	0.00071	0.00071	0.5	98435	69	98400	7440310	75.59
1970-1974	3	0.00058	0.00058	0.5	98365	58	98336	7341910	74.64
1970-1974	4	0.00053	0.00053	0.5	98308	52	98282	7243574	73.68
1970-1974	5	0.00035	0.00035	0.5	98256	34	98239	7145292	72.72
1970-1974	6	0.00035	0.00035	0.5	98222	34	98205	7047053	71.75
1970-1974	7	0.00033	0.00033	0.5	98188	32	98172	6948848	70.77
1970-1974	8	0.00028	0.00028	0.5	98156	27	98142	6850676	69.79
1970-1974	9	0.00030	0.00030	0.5	98129	29	98114	6752534	68.81
1970-1974	10	0.00027	0.00027	0.5	98099	27	98086	6654420	67.83
1970-1974	11	0.00027	0.00027	0.5	98073	26	98060	6556334	66.85
1970-1974	12	0.00025	0.00025	0.5	98046	25	98034	6458274	65.87
1970-1974	13	0.00033	0.00033	0.5	98022	32	98006	6360240	64.89
1970-1974	14	0.00036	0.00036	0.5	97990	35	97972	6262235	63.91
1970-1974	15	0.00042	0.00042	0.5	97955	41	97934	6164262	62.93
1970-1974	16	0.00055	0.00055	0.5	97913	54	97886	6066328	61.96
1970-1974	17	0.00043	0.00043	0.5	97859	42	97838	5968442	60.99
1970-1974	18	0.00071	0.00071	0.5	97818	70	97783	5870604	60.02
1970-1974	19	0.00064	0.00064	0.5	97748	63	97717	5772821	59.06
1970-1974	20	0.00077	0.00076	0.5	97685	75	97648	5675104	58.10
1970-1974	21	0.00075	0.00075	0.5	97610	73	97574	5577456	57.14
1970-1974	22	0.00061	0.00061	0.5	97537	60	97507	5479883	56.18
1970-1974	23	0.00070	0.00070	0.5	97477	68	97443	5382375	55.22
1970-1974	24	0.00065	0.00065	0.5	97409	64	97377	5284932	54.25
1970-1974	25	0.00062	0.00062	0.5	97346	60	97316	5187554	53.29
1970-1974	26	0.00063	0.00063	0.5	97286	61	97255	5090239	52.32
1970-1974	27	0.00066	0.00066	0.5	97225	64	97193	4992984	51.36
1970-1974	28	0.00077	0.00077	0.5	97161	75	97123	4895791	50.39
1970-1974	29	0.00073	0.00073	0.5	97086	71	97051	4798668	49.43
1970-1974	30	0.00083	0.00083	0.5	97015	81	96975	4701617	48.46
1970-1974	31	0.00091	0.00091	0.5	96934	88	96890	4604642	47.50
1970-1974	32	0.00091	0.00091	0.5	96846	89	96802	4507752	46.55
1970-1974	33	0.00104	0.00104	0.5	96758	101	96707	4410950	45.59
1970-1974	34	0.00090	0.00090	0.5	96657	87	96613	4314243	44.63
1970-1974	35	0.00118	0.00118	0.5	96569	114	96513	4217630	43.67
1970-1974	36	0.00139	0.00139	0.5	96456	134	96389	4121117	42.73
1970-1974	37	0.00141	0.00141	0.5	96322	136	96254	4024729	41.78
1970-1974	38	0.00130	0.00130	0.5	96186	125	96124	3928474	40.84
1970-1974	39	0.00141	0.00141	0.5	96061	135	95994	3832350	39.89
1970-1974	40	0.00176	0.00176	0.5	95926	168	95842	3736357	38.95
1970-1974	41	0.00199	0.00199	0.5	95758	191	95662	3640515	38.02
1970-1974	42	0.00217	0.00217	0.5	95567	207	95463	3544853	37.09
1970-1974	43	0.00239	0.00238	0.5	95360	227	95246	3449389	36.17
1970-1974	44	0.00238	0.00238	0.5	95133	226	95019	3354143	35.26
1970-1974	45	0.00310	0.00309	0.5	94906	294	94759	3259123	34.34
1970-1974	46	0.00356	0.00356	0.5	94613	336	94444	3164364	33.45
1970-1974	47	0.00363	0.00363	0.5	94276	342	94105	3069920	32.56
1970-1974	48	0.00393	0.00393	0.5	93934	369	93750	2975815	31.68
1970-1974	49	0.00435	0.00434	0.5	93565	406	93363	2882065	30.80
1970-1974	50	0.00492	0.00490	0.5	93160	457	92931	2788702	29.93
1970-1974	51	0.00497	0.00496	0.5	92703	460	92473	2695771	29.08
1970-1974	52	0.00546	0.00545	0.5	92243	503	91991	2603298	28.22
1970-1974	53	0.00582	0.00580	0.5	91740	532	91474	2511307	27.37
1970-1974	54	0.00655	0.00653	0.5	91208	596	90910	2419833	26.53
1970-1974	55	0.00682	0.00680	0.5	90612	616	90304	2328923	25.70
1970-1974	56	0.00763	0.00760	0.5	89996	684	89654	2238619	24.87
1970-1974	57	0.00805	0.00801	0.5	89312	716	88954	2148965	24.06
1970-1974	58	0.00866	0.00862	0.5	88596	764	88214	2060011	23.25
1970-1974	59	0.01001	0.00996	0.5	87832	875	87395	1971797	22.45
1970-1974	60	0.00954	0.00949	0.5	86957	826	86544	1884403	21.67
1970-1974	61	0.01175	0.01168	0.5	86132	1006	85628	1797858	20.87
1970-1974	62	0.01166	0.01159	0.5	85125	986	84632	1712230	20.11
1970-1974	63	0.01288	0.01280	0.5	84139	1077	83601	1627598	19.34
1970-1974	64	0.01457	0.01446	0.5	83062	1201	82462	1543997	18.59
1970-1974	65	0.01484	0.01473	0.5	81861	1205	81258	1461535	17.85
1970-1974	66	0.01556	0.01544	0.5	80656	1245	80033	1380277	17.11
1970-1974	67	0.01803	0.01787	0.5	79411	1419	78701	1300244	16.37
1970-1974	68	0.01951	0.01932	0.5	77992	1507	77238	1221543	15.66
1970-1974	69	0.02173	0.02149	0.5	76485	1644	75663	1144304	14.96
1970-1974	70	0.02288	0.02263	0.5	74841	1693	73995	1068641	14.28
1970-1974	71	0.02641	0.02607	0.5	73148	1907	72194	994647	13.60
1970-1974	72	0.02882	0.02841	0.5	71241	2024	70229	922452	12.95
1970-1974	73	0.03090	0.03043	0.5	69217	2106	68164	852223	12.31
1970-1974	74	0.03337	0.03282	0.5	67111	2203	66009	784060	11.68
1970-1974	75	0.03935	0.03859	0.5	64908	2505	63655	718051	11.06
1970-1974	76	0.04208	0.04122	0.5	62403	2572	61117	654395	10.49
1970-1974	77	0.04529	0.04429	0.5	59831	2650	58506	593278	9.92
1970-1974	78	0.05391	0.05250	0.5	57181	3002	55680	534772	9.35
1970-1974	79	0.05500	0.05353	0.5	54179	2900	52729	479092	8.84
1970-1974	80	0.06178	0.05993	0.5	51279	3073	49743	426363	8.31
1970-1974	81	0.06837	0.06611	0.5	48206	3187	46613	376620	7.81
1970-1974	82	0.07326	0.07067	0.5	45019	3182	43429	330007	7.33
1970-1974	83	0.08419	0.08079	0.5	41838	3380	40148	286578	6.85
1970-1974	84	0.09517	0.09085	0.5	38458	3494	36711	246431	6.41
1970-1974	85	0.10480	0.09958	0.5	34964	3482	33223	209720	6.00
1970-1974	86	0.11623	0.10984	0.5	31482	3458	29753	176497	5.61
1970-1974	87	0.12835	0.12061	0.5	28024	3380	26334	146744	5.24
1970-1974	88	0.14010	0.13093	0.5	24644	3227	23031	120409	4.89
1970-1974	89	0.16352	0.15116	0.5	21418	3237	19799	97378	4.55
1970-1974	90	0.17372	0.15983	0.5	18180	2906	16727	77580	4.27
1970-1974	91	0.19121	0.17452	0.5	15274	2666	13941	60852	3.98
1970-1974	92	0.21001	0.19006	0.5	12609	2396	11410	46911	3.72
1970-1974	93	0.23014	0.20639	0.5	10212	2108	9158	35500	3.48
1970-1974	94	0.25158	0.22347	0.5	8105	1811	7199	26342	3.25
1970-1974	95	0.27431	0.24123	0.5	6293	1518	5534	19143	3.04
1970-1974	96	0.29827	0.25956	0.5	4775	1239	4156	13609	2.85
1970-1974	97	0.32340	0.27838	0.5	3536	984	3044	9453	2.67
1970-1974	98	0.34958	0.29757	0.5	2551	759	2172	6409	2.51
1970-1974	99	0.37671	0.31700	0.5	1792	568	1508	4238	2.36
1970-1974	100	0.40463	0.33654	0.5	1224	412	1018	2729	2.23
1970-1974	101	0.43318	0.35606	0.5	812	289	668	1711	2.11
1970-1974	102	0.46219	0.37543	0.5	523	196	425	1044	2.00
1970-1974	103	0.49145	0.39451	0.5	327	129	262	619	1.89
1970-1974	104	0.52077	0.41318	0.5	198	82	157	357	1.80
1970-1974	105	0.54995	0.43134	0.5	116	50	91	200	1.72
1970-1974	106	0.57878	0.44888	0.5	66	30	51	109	1.65
1970-1974	107	0.60709	0.46572	0.5	36	17	28	58	1.58
1970-1974	108	0.63470	0.48180	0.5	19	9	15	30	1.53
1970-1974	109	0.66145	0.49706	0.5	10	5	8	15	1.48
1970-1974	110+	0.68721	1.00000	1.46	5	5	7	7	1.46
1975-1979	0	0.01161	0.01148	0.09	100000	1148	98950	7805803	78.06
1975-1979	1	0.00086	0.00086	0.5	98852	85	98809	7706853	77.96
1975-1979	2	0.00057	0.00057	0.5	98766	57	98738	7608044	77.03
1975-1979	3	0.00044	0.00044	0.5	98710	43	98688	7509306	76.07
1975-1979	4	0.00034	0.00034	0.5	98666	33	98650	7410618	75.11
1975-1979	5	0.00026	0.00026	0.5	98633	26	98620	7311968	74.13
1975-1979	6	0.00035	0.00035	0.5	98607	35	98590	7213348	73.15
1975-1979	7	0.00026	0.00026	0.5	98573	26	98560	7114758	72.18
1975-1979	8	0.00020	0.00020	0.5	98547	19	98537	7016198	71.20
1975-1979	9	0.00024	0.00024	0.5	98528	23	98516	6917661	70.21
1975-1979	10	0.00023	0.00023	0.5	98504	23	98493	6819145	69.23
1975-1979	11	0.00022	0.00022	0.5	98481	22	98471	6720652	68.24
1975-1979	12	0.00020	0.00020	0.5	98460	20	98450	6622182	67.26
1975-1979	13	0.00026	0.00026	0.5	98440	26	98427	6523732	66.27
1975-1979	14	0.00030	0.00030	0.5	98414	29	98400	6425305	65.29
1975-1979	15	0.00038	0.00038	0.5	98385	37	98367	6326905	64.31
1975-1979	16	0.00049	0.00049	0.5	98348	48	98324	6228538	63.33
1975-1979	17	0.00061	0.00061	0.5	98300	60	98270	6130214	62.36
1975-1979	18	0.00070	0.00070	0.5	98240	69	98206	6031944	61.40
1975-1979	19	0.00062	0.00062	0.5	98171	61	98141	5933738	60.44
1975-1979	20	0.00058	0.00058	0.5	98111	57	98082	5835597	59.48
1975-1979	21	0.00063	0.00063	0.5	98054	62	98023	5737514	58.51
1975-1979	22	0.00067	0.00067	0.5	97992	66	97959	5639491	57.55
1975-1979	23	0.00062	0.00062	0.5	97926	61	97896	5541532	56.59
1975-1979	24	0.00069	0.00069	0.5	97865	67	97832	5443637	55.62
1975-1979	25	0.00065	0.00065	0.5	97798	64	97767	5345805	54.66
1975-1979	26	0.00073	0.00073	0.5	97735	71	97699	5248038	53.70
1975-1979	27	0.00062	0.00062	0.5	97663	60	97633	5150339	52.74
1975-1979	28	0.00065	0.00065	0.5	97603	63	97572	5052706	51.77
1975-1979	29	0.00074	0.00074	0.5	97540	73	97504	4955134	50.80
1975-1979	30	0.00070	0.00070	0.5	97468	68	97433	4857630	49.84
1975-1979	31	0.00085	0.00085	0.5	97399	83	97358	4760197	48.87
1975-1979	32	0.00077	0.00077	0.5	97317	75	97279	4662839	47.91
1975-1979	33	0.00087	0.00087	0.5	97242	84	97199	4565560	46.95
1975-1979	34	0.00090	0.00090	0.5	97157	87	97114	4468361	45.99
1975-1979	35	0.00100	0.00100	0.5	97070	97	97021	4371247	45.03
1975-1979	36	0.00109	0.00109	0.5	96973	105	96920	4274226	44.08
1975-1979	37	0.00123	0.00123	0.5	96867	119	96808	4177306	43.12
1975-1979	38	0.00132	0.00132	0.5	96748	127	96684	4080498	42.18
1975-1979	39	0.00146	0.00146	0.5	96621	141	96550	3983814	41.23
1975-1979	40	0.00145	0.00145	0.5	96480	140	96410	3887264	40.29
1975-1979	41	0.00160	0.00160	0.5	96340	154	96262	3790854	39.35
1975-1979	42	0.00204	0.00204	0.5	96185	196	96087	3694591	38.41
1975-1979	43	0.00239	0.00239	0.5	95989	229	95874	3598504	37.49
1975-1979	44	0.00227	0.00227	0.5	95760	217	95651	3502630	36.58
1975-1979	45	0.00230	0.00230	0.5	95542	220	95433	3406979	35.66
1975-1979	46	0.00272	0.00272	0.5	95323	259	95193	3311546	34.74
1975-1979	47	0.00368	0.00367	0.5	95064	349	94889	3216353	33.83
1975-1979	48	0.00318	0.00317	0.5	94714	300	94564	3121464	32.96
1975-1979	49	0.00370	0.00369	0.5	94414	348	94240	3026900	32.06
1975-1979	50	0.00431	0.00430	0.5	94066	405	93863	2932660	31.18
1975-1979	51	0.00436	0.00435	0.5	93661	408	93457	2838797	30.31
1975-1979	52	0.00505	0.00504	0.5	93254	470	93019	2745340	29.44
1975-1979	53	0.00545	0.00544	0.5	92784	505	92531	2652321	28.59
1975-1979	54	0.00570	0.00568	0.5	92279	524	92017	2559790	27.74
1975-1979	55	0.00593	0.00591	0.5	91754	542	91483	2467773	26.90
1975-1979	56	0.00624	0.00622	0.5	91212	568	90928	2376290	26.05
1975-1979	57	0.00746	0.00744	0.5	90644	674	90307	2285362	25.21
1975-1979	58	0.00821	0.00817	0.5	89970	735	89603	2195054	24.40
1975-1979	59	0.00798	0.00795	0.5	89235	709	88881	2105451	23.59
1975-1979	60	0.00919	0.00915	0.5	88526	810	88121	2016571	22.78
1975-1979	61	0.01006	0.01001	0.5	87716	878	87277	1928449	21.99
1975-1979	62	0.01067	0.01061	0.5	86838	921	86377	1841172	21.20
1975-1979	63	0.01133	0.01127	0.5	85917	968	85433	1754795	20.42
1975-1979	64	0.01319	0.01311	0.5	84949	1113	84392	1669362	19.65
1975-1979	65	0.01287	0.01278	0.5	83835	1072	83299	1584970	18.91
1975-1979	66	0.01403	0.01393	0.5	82764	1153	82187	1501670	18.14
1975-1979	67	0.01533	0.01522	0.5	81611	1242	80990	1419483	17.39
1975-1979	68	0.01731	0.01716	0.5	80369	1379	79679	1338494	16.65
1975-1979	69	0.01937	0.01918	0.5	78989	1515	78232	1258814	15.94
1975-1979	70	0.02032	0.02012	0.5	77474	1559	76695	1180583	15.24
1975-1979	71	0.02249	0.02224	0.5	75916	1689	75071	1103888	14.54
1975-1979	72	0.02568	0.02536	0.5	74227	1882	73286	1028816	13.86
1975-1979	73	0.02788	0.02749	0.5	72345	1989	71350	955530	13.21
1975-1979	74	0.02991	0.02947	0.5	70356	2073	69319	884180	12.57
1975-1979	75	0.03331	0.03277	0.5	68283	2237	67164	814861	11.93
1975-1979	76	0.03495	0.03435	0.5	66045	2269	64911	747697	11.32
1975-1979	77	0.03878	0.03804	0.5	63776	2426	62563	682786	10.71
1975-1979	78	0.04555	0.04454	0.5	61350	2733	59984	620223	10.11
1975-1979	79	0.05112	0.04985	0.5	58618	2922	57157	560239	9.56
1975-1979	80	0.05128	0.05000	0.5	55696	2785	54303	503082	9.03
1975-1979	81	0.05731	0.05571	0.5	52911	2948	51437	448779	8.48
1975-1979	82	0.06524	0.06318	0.5	49963	3157	48385	397342	7.95
1975-1979	83	0.07485	0.07215	0.5	46806	3377	45118	348957	7.46
1975-1979	84	0.08092	0.07777	0.5	43430	3378	41741	303839	7.00
1975-1979	85	0.08774	0.08405	0.5	40052	3367	38369	262098	6.54
1975-1979	86	0.10445	0.09927	0.5	36685	3642	34865	223730	6.10
1975-1979	87	0.11018	0.10443	0.5	33044	3451	31318	188865	5.72
1975-1979	88	0.12443	0.11715	0.5	29593	3467	27860	157547	5.32
1975-1979	89	0.13431	0.12585	0.5	26126	3288	24482	129687	4.96
1975-1979	90	0.16410	0.15166	0.5	22838	3464	21106	105205	4.61
1975-1979	91	0.16887	0.15572	0.5	19375	3017	17866	84098	4.34
1975-1979	92	0.18625	0.17038	0.5	16358	2787	14964	66232	4.05
1975-1979	93	0.20497	0.18592	0.5	13571	2523	12309	51268	3.78
1975-1979	94	0.22506	0.20229	0.5	11048	2235	9930	38959	3.53
1975-1979	95	0.24650	0.21945	0.5	8813	1934	7846	29029	3.29
1975-1979	96	0.26928	0.23733	0.5	6879	1633	6063	21183	3.08
1975-1979	97	0.29334	0.25582	0.5	5246	1342	4575	15120	2.88
1975-1979	98	0.31862	0.27483	0.5	3904	1073	3368	10545	2.70
1975-1979	99	0.34501	0.29425	0.5	2831	833	2415	7178	2.54
1975-1979	100	0.37239	0.31394	0.5	1998	627	1684	4763	2.38
1975-1979	101	0.40061	0.33376	0.5	1371	458	1142	3078	2.25
1975-1979	102	0.42951	0.35358	0.5	913	323	752	1936	2.12
1975-1979	103	0.45890	0.37326	0.5	590	220	480	1185	2.01
1975-1979	104	0.48858	0.39266	0.5	370	145	297	704	1.90
1975-1979	105	0.51834	0.41165	0.5	225	93	178	407	1.81
1975-1979	106	0.54797	0.43012	0.5	132	57	104	229	1.73
1975-1979	107	0.57726	0.44797	0.5	75	34	58	125	1.66
1975-1979	108	0.60602	0.46509	0.5	42	19	32	66	1.59
1975-1979	109	0.63406	0.48143	0.5	22	11	17	34	1.54
1975-1979	110+	0.66123	1.00000	1.51	12	12	17	17	1.51
1980-1984	0	0.00900	0.00892	0.08	100000	892	99177	7893214	78.93
1980-1984	1	0.00080	0.00080	0.5	99108	79	99068	7794037	78.64
1980-1984	2	0.00042	0.00042	0.5	99028	42	99008	7694969	77.70
1980-1984	3	0.00030	0.00030	0.5	98987	30	98972	7595961	76.74
1980-1984	4	0.00026	0.00026	0.5	98957	26	98944	7496990	75.76
1980-1984	5	0.00029	0.00029	0.5	98931	29	98917	7398046	74.78
1980-1984	6	0.00026	0.00026	0.5	98902	25	98890	7299129	73.80
1980-1984	7	0.00019	0.00019	0.5	98877	19	98867	7200240	72.82
1980-1984	8	0.00021	0.00021	0.5	98858	21	98847	7101372	71.83
1980-1984	9	0.00017	0.00017	0.5	98837	17	98829	7002525	70.85
1980-1984	10	0.00010	0.00010	0.5	98821	10	98816	6903696	69.86
1980-1984	11	0.00016	0.00016	0.5	98811	15	98803	6804880	68.87
1980-1984	12	0.00016	0.00016	0.5	98795	16	98788	6706077	67.88
1980-1984	13	0.00021	0.00021	0.5	98780	21	98769	6607290	66.89
1980-1984	14	0.00026	0.00026	0.5	98759	26	98746	6508520	65.90
1980-1984	15	0.00030	0.00030	0.5	98733	30	98718	6409774	64.92
1980-1984	16	0.00055	0.00055	0.5	98704	54	98676	6311056	63.94
1980-1984	17	0.00054	0.00054	0.5	98649	53	98623	6212380	62.97
1980-1984	18	0.00070	0.00070	0.5	98597	69	98562	6113757	62.01
1980-1984	19	0.00061	0.00061	0.5	98527	60	98497	6015195	61.05
1980-1984	20	0.00055	0.00055	0.5	98467	54	98440	5916698	60.09
1980-1984	21	0.00053	0.00053	0.5	98414	52	98388	5818257	59.12
1980-1984	22	0.00051	0.00051	0.5	98362	50	98336	5719870	58.15
1980-1984	23	0.00051	0.00051	0.5	98311	50	98286	5621533	57.18
1980-1984	24	0.00061	0.00061	0.5	98261	60	98231	5523247	56.21
1980-1984	25	0.00058	0.00058	0.5	98200	57	98172	5425017	55.24
1980-1984	26	0.00066	0.00066	0.5	98144	64	98112	5326845	54.28
1980-1984	27	0.00063	0.00063	0.5	98079	62	98048	5228733	53.31
1980-1984	28	0.00057	0.00057	0.5	98018	56	97990	5130685	52.34
1980-1984	29	0.00062	0.00062	0.5	97962	60	97932	5032695	51.37
1980-1984	30	0.00067	0.00067	0.5	97902	65	97869	4934763	50.41
1980-1984	31	0.00066	0.00066	0.5	97836	65	97804	4836894	49.44
1980-1984	32	0.00067	0.00067	0.5	97772	65	97739	4739090	48.47
1980-1984	33	0.00066	0.00066	0.5	97707	65	97674	4641351	47.50
1980-1984	34	0.00070	0.00070	0.5	97642	69	97608	4543677	46.53
1980-1984	35	0.00094	0.00094	0.5	97573	92	97527	4446069	45.57
1980-1984	36	0.00079	0.00079	0.5	97481	77	97443	4348542	44.61
1980-1984	37	0.00103	0.00103	0.5	97404	101	97354	4251099	43.64
1980-1984	38	0.00104	0.00104	0.5	97303	101	97253	4153745	42.69
1980-1984	39	0.00126	0.00126	0.5	97202	123	97141	4056492	41.73
1980-1984	40	0.00120	0.00120	0.5	97080	116	97021	3959351	40.78
1980-1984	41	0.00162	0.00162	0.5	96963	157	96885	3862330	39.83
1980-1984	42	0.00149	0.00149	0.5	96806	144	96735	3765445	38.90
1980-1984	43	0.00165	0.00165	0.5	96663	159	96583	3668710	37.95
1980-1984	44	0.00194	0.00194	0.5	96504	187	96410	3572127	37.02
1980-1984	45	0.00208	0.00208	0.5	96316	200	96216	3475718	36.09
1980-1984	46	0.00197	0.00197	0.5	96116	189	96022	3379501	35.16
1980-1984	47	0.00254	0.00254	0.5	95927	243	95805	3283480	34.23
1980-1984	48	0.00300	0.00299	0.5	95684	287	95540	3187675	33.31
1980-1984	49	0.00297	0.00297	0.5	95397	283	95256	3092134	32.41
1980-1984	50	0.00342	0.00342	0.5	95114	325	94952	2996879	31.51
1980-1984	51	0.00404	0.00403	0.5	94789	382	94598	2901927	30.61
1980-1984	52	0.00434	0.00433	0.5	94407	409	94203	2807329	29.74
1980-1984	53	0.00479	0.00478	0.5	93998	449	93773	2713127	28.86
1980-1984	54	0.00515	0.00514	0.5	93549	480	93309	2619353	28.00
1980-1984	55	0.00502	0.00500	0.5	93068	466	92836	2526045	27.14
1980-1984	56	0.00626	0.00624	0.5	92603	578	92314	2433209	26.28
1980-1984	57	0.00648	0.00646	0.5	92025	594	91728	2340895	25.44
1980-1984	58	0.00719	0.00716	0.5	91431	655	91103	2249167	24.60
1980-1984	59	0.00824	0.00821	0.5	90776	745	90404	2158064	23.77
1980-1984	60	0.00919	0.00915	0.5	90031	824	89619	2067660	22.97
1980-1984	61	0.00964	0.00960	0.5	89207	856	88779	1978041	22.17
1980-1984	62	0.01054	0.01049	0.5	88351	927	87888	1889262	21.38
1980-1984	63	0.01180	0.01173	0.5	87424	1025	86912	1801374	20.60
1980-1984	64	0.01190	0.01183	0.5	86399	1022	85888	1714462	19.84
1980-1984	65	0.01393	0.01383	0.5	85377	1181	84787	1628574	19.08
1980-1984	66	0.01531	0.01519	0.5	84196	1279	83557	1543787	18.34
1980-1984	67	0.01624	0.01611	0.5	82917	1335	82249	1460231	17.61
1980-1984	68	0.01729	0.01714	0.5	81582	1399	80882	1377981	16.89
1980-1984	69	0.01914	0.01895	0.5	80183	1520	79423	1297099	16.18
1980-1984	70	0.02154	0.02131	0.5	78663	1677	77825	1217676	15.48
1980-1984	71	0.02180	0.02157	0.5	76987	1660	76157	1139851	14.81
1980-1984	72	0.02511	0.02480	0.5	75326	1868	74392	1063694	14.12
1980-1984	73	0.02758	0.02720	0.5	73458	1998	72459	989302	13.47
1980-1984	74	0.02938	0.02895	0.5	71460	2069	70426	916842	12.83
1980-1984	75	0.03182	0.03132	0.5	69391	2173	68305	846417	12.20
1980-1984	76	0.03516	0.03456	0.5	67218	2323	66057	778112	11.58
1980-1984	77	0.03787	0.03717	0.5	64895	2412	63689	712055	10.97
1980-1984	78	0.04034	0.03955	0.5	62483	2471	61248	648366	10.38
1980-1984	79	0.04947	0.04828	0.5	60012	2897	58564	587119	9.78
1980-1984	80	0.05049	0.04924	0.5	57115	2813	55709	528555	9.25
1980-1984	81	0.05643	0.05488	0.5	54303	2980	52812	472846	8.71
1980-1984	82	0.06415	0.06215	0.5	51322	3190	49727	420034	8.18
1980-1984	83	0.07086	0.06844	0.5	48133	3294	46485	370306	7.69
1980-1984	84	0.07458	0.07190	0.5	44838	3224	43226	323821	7.22
1980-1984	85	0.08517	0.08170	0.5	41615	3400	39915	280594	6.74
1980-1984	86	0.09605	0.09164	0.5	38215	3502	36464	240679	6.30
1980-1984	87	0.10588	0.10056	0.5	34713	3491	32967	204216	5.88
1980-1984	88	0.11849	0.11186	0.5	31222	3493	29476	171248	5.48
1980-1984	89	0.13638	0.12767	0.5	27730	3540	25959	141772	5.11
1980-1984	90	0.14848	0.13822	0.5	24189	3343	22518	115813	4.79
1980-1984	91	0.16198	0.14984	0.5	20846	3124	19284	93295	4.48
1980-1984	92	0.17868	0.16403	0.5	17722	2907	16269	74011	4.18
1980-1984	93	0.19670	0.17909	0.5	14815	2653	13489	57742	3.90
1980-1984	94	0.21606	0.19500	0.5	12162	2372	10976	44254	3.64
1980-1984	95	0.23677	0.21170	0.5	9791	2073	8754	33277	3.40
1980-1984	96	0.25880	0.22915	0.5	7718	1769	6834	24523	3.18
1980-1984	97	0.28213	0.24725	0.5	5949	1471	5214	17689	2.97
1980-1984	98	0.30668	0.26591	0.5	4478	1191	3883	12476	2.79
1980-1984	99	0.33239	0.28502	0.5	3288	937	2819	8593	2.61
1980-1984	100	0.35914	0.30446	0.5	2351	716	1993	5774	2.46
1980-1984	101	0.38679	0.32411	0.5	1635	530	1370	3781	2.31
1980-1984	102	0.41519	0.34381	0.5	1105	380	915	2411	2.18
1980-1984	103	0.44416	0.36345	0.5	725	264	593	1496	2.06
1980-1984	104	0.47352	0.38287	0.5	462	177	373	903	1.96
1980-1984	105	0.50306	0.40196	0.5	285	114	228	530	1.86
1980-1984	106	0.53258	0.42059	0.5	170	72	135	302	1.77
1980-1984	107	0.56188	0.43865	0.5	99	43	77	167	1.70
1980-1984	108	0.59075	0.45605	0.5	55	25	43	90	1.63
1980-1984	109	0.61901	0.47270	0.5	30	14	23	48	1.58
1980-1984	110+	0.64648	1.00000	1.55	16	16	25	25	1.55
1985-1989	0	0.00826	0.00820	0.08	100000	820	99242	7939408	79.39
1985-1989	1	0.00074	0.00074	0.5	99180	73	99143	7840165	79.05
1985-1989	2	0.00035	0.00035	0.5	99107	35	99090	7741022	78.11
1985-1989	3	0.00029	0.00029	0.5	99072	29	99058	7641932	77.13
1985-1989	4	0.00020	0.00020	0.5	99044	20	99034	7542874	76.16
1985-1989	5	0.00022	0.00022	0.5	99023	21	99013	7443841	75.17
1985-1989	6	0.00017	0.00017	0.5	99002	17	98994	7344828	74.19
1985-1989	7	0.00018	0.00018	0.5	98986	18	98977	7245834	73.20
1985-1989	8	0.00020	0.00020	0.5	98968	20	98958	7146857	72.21
1985-1989	9	0.00015	0.00015	0.5	98948	15	98941	7047899	71.23
1985-1989	10	0.00018	0.00018	0.5	98933	17	98924	6948959	70.24
1985-1989	11	0.00016	0.00016	0.5	98916	16	98908	6850034	69.25
1985-1989	12	0.00021	0.00021	0.5	98900	21	98889	6751127	68.26
1985-1989	13	0.00021	0.00021	0.5	98878	21	98868	6652238	67.28
1985-1989	14	0.00026	0.00026	0.5	98857	25	98845	6553370	66.29
1985-1989	15	0.00040	0.00040	0.5	98832	40	98812	6454525	65.31
1985-1989	16	0.00051	0.00051	0.5	98792	50	98767	6355713	64.33
1985-1989	17	0.00053	0.00053	0.5	98742	53	98715	6256947	63.37
1985-1989	18	0.00060	0.00060	0.5	98689	59	98659	6158231	62.40
1985-1989	19	0.00059	0.00059	0.5	98630	58	98600	6059572	61.44
1985-1989	20	0.00049	0.00049	0.5	98571	48	98547	5960972	60.47
1985-1989	21	0.00054	0.00054	0.5	98523	53	98496	5862425	59.50
1985-1989	22	0.00043	0.00043	0.5	98470	42	98449	5763929	58.54
1985-1989	23	0.00044	0.00044	0.5	98428	44	98406	5665480	57.56
1985-1989	24	0.00051	0.00051	0.5	98384	50	98359	5567074	56.59
1985-1989	25	0.00055	0.00055	0.5	98334	54	98307	5468716	55.61
1985-1989	26	0.00062	0.00062	0.5	98280	61	98249	5370409	54.64
1985-1989	27	0.00053	0.00053	0.5	98219	52	98193	5272159	53.68
1985-1989	28	0.00061	0.00061	0.5	98167	60	98137	5173966	52.71
1985-1989	29	0.00055	0.00055	0.5	98107	54	98079	5075830	51.74
1985-1989	30	0.00052	0.00052	0.5	98052	51	98027	4977750	50.77
1985-1989	31	0.00064	0.00064	0.5	98001	63	97970	4879723	49.79
1985-1989	32	0.00064	0.00064	0.5	97938	62	97907	4781754	48.82
1985-1989	33	0.00069	0.00069	0.5	97876	68	97842	4683847	47.85
1985-1989	34	0.00078	0.00078	0.5	97808	76	97770	4586005	46.89
1985-1989	35	0.00081	0.00081	0.5	97732	79	97692	4488235	45.92
1985-1989	36	0.00097	0.00096	0.5	97653	94	97606	4390542	44.96
1985-1989	37	0.00082	0.00082	0.5	97559	80	97519	4292936	44.00
1985-1989	38	0.00108	0.00108	0.5	97479	105	97426	4195417	43.04
1985-1989	39	0.00094	0.00093	0.5	97374	91	97328	4097991	42.09
1985-1989	40	0.00111	0.00111	0.5	97283	108	97229	4000663	41.12
1985-1989	41	0.00124	0.00124	0.5	97175	121	97115	3903434	40.17
1985-1989	42	0.00138	0.00138	0.5	97054	134	96987	3806319	39.22
1985-1989	43	0.00160	0.00160	0.5	96920	155	96843	3709332	38.27
1985-1989	44	0.00163	0.00163	0.5	96765	157	96687	3612489	37.33
1985-1989	45	0.00169	0.00169	0.5	96608	163	96526	3515802	36.39
1985-1989	46	0.00220	0.00220	0.5	96445	212	96339	3419276	35.45
1985-1989	47	0.00248	0.00248	0.5	96233	238	96114	3322937	34.53
1985-1989	48	0.00275	0.00274	0.5	95995	263	95863	3226824	33.61
1985-1989	49	0.00272	0.00271	0.5	95731	260	95601	3130961	32.71
1985-1989	50	0.00292	0.00292	0.5	95471	278	95332	3035359	31.79
1985-1989	51	0.00346	0.00345	0.5	95193	328	95029	2940027	30.88
1985-1989	52	0.00432	0.00431	0.5	94865	408	94660	2844998	29.99
1985-1989	53	0.00431	0.00430	0.5	94456	406	94253	2750338	29.12
1985-1989	54	0.00453	0.00452	0.5	94050	425	93837	2656085	28.24
1985-1989	55	0.00546	0.00544	0.5	93625	509	93370	2562248	27.37
1985-1989	56	0.00587	0.00585	0.5	93115	545	92843	2468878	26.51
1985-1989	57	0.00626	0.00624	0.5	92570	578	92281	2376035	25.67
1985-1989	58	0.00799	0.00796	0.5	91993	732	91626	2283753	24.83
1985-1989	59	0.00660	0.00658	0.5	91260	600	90960	2192127	24.02
1985-1989	60	0.00875	0.00872	0.5	90660	790	90265	2101167	23.18
1985-1989	61	0.00955	0.00950	0.5	89870	854	89443	2010902	22.38
1985-1989	62	0.01095	0.01089	0.5	89016	969	88531	1921460	21.59
1985-1989	63	0.01176	0.01169	0.5	88046	1029	87532	1832929	20.82
1985-1989	64	0.01243	0.01236	0.5	87017	1075	86480	1745397	20.06
1985-1989	65	0.01204	0.01197	0.5	85942	1028	85428	1658917	19.30
1985-1989	66	0.01322	0.01313	0.5	84914	1115	84356	1573489	18.53
1985-1989	67	0.01505	0.01494	0.5	83799	1252	83173	1489132	17.77
1985-1989	68	0.01700	0.01685	0.5	82547	1391	81851	1405959	17.03
1985-1989	69	0.01843	0.01826	0.5	81156	1482	80415	1324108	16.32
1985-1989	70	0.02040	0.02020	0.5	79674	1609	78869	1243693	15.61
1985-1989	71	0.02130	0.02108	0.5	78065	1645	77242	1164824	14.92
1985-1989	72	0.02454	0.02425	0.5	76419	1853	75493	1087582	14.23
1985-1989	73	0.02672	0.02637	0.5	74566	1966	73583	1012090	13.57
1985-1989	74	0.02891	0.02850	0.5	72600	2069	71565	938506	12.93
1985-1989	75	0.03137	0.03089	0.5	70531	2179	69442	866941	12.29
1985-1989	76	0.03491	0.03431	0.5	68352	2345	67179	797499	11.67
1985-1989	77	0.03672	0.03606	0.5	66007	2380	64817	730320	11.06
1985-1989	78	0.03988	0.03910	0.5	63627	2488	62383	665503	10.46
1985-1989	79	0.04675	0.04569	0.5	61139	2793	59742	603120	9.86
1985-1989	80	0.04961	0.04841	0.5	58346	2825	56933	543378	9.31
1985-1989	81	0.05295	0.05158	0.5	55521	2864	54089	486445	8.76
1985-1989	82	0.06142	0.05959	0.5	52657	3138	51088	432356	8.21
1985-1989	83	0.06987	0.06751	0.5	49519	3343	47848	381268	7.70
1985-1989	84	0.07810	0.07517	0.5	46176	3471	44441	333420	7.22
1985-1989	85	0.08410	0.08071	0.5	42705	3447	40982	288979	6.77
1985-1989	86	0.09553	0.09118	0.5	39259	3579	37469	247997	6.32
1985-1989	87	0.10624	0.10088	0.5	35679	3599	33879	210529	5.90
1985-1989	88	0.11951	0.11277	0.5	32080	3618	30271	176649	5.51
1985-1989	89	0.13470	0.12620	0.5	28462	3592	26666	146378	5.14
1985-1989	90	0.14672	0.13669	0.5	24870	3399	23170	119712	4.81
1985-1989	91	0.15636	0.14502	0.5	21471	3114	19914	96542	4.50
1985-1989	92	0.17814	0.16357	0.5	18357	3003	16856	76628	4.17
1985-1989	93	0.19637	0.17881	0.5	15354	2746	13981	59772	3.89
1985-1989	94	0.21598	0.19493	0.5	12609	2458	11380	45791	3.63
1985-1989	95	0.23696	0.21186	0.5	10151	2151	9076	34411	3.39
1985-1989	96	0.25931	0.22955	0.5	8000	1836	7082	25336	3.17
1985-1989	97	0.28299	0.24791	0.5	6164	1528	5400	18253	2.96
1985-1989	98	0.30792	0.26684	0.5	4636	1237	4017	12854	2.77
1985-1989	99	0.33404	0.28623	0.5	3399	973	2912	8836	2.60
1985-1989	100	0.36121	0.30595	0.5	2426	742	2055	5924	2.44
1985-1989	101	0.38930	0.32587	0.5	1684	549	1409	3869	2.30
1985-1989	102	0.41814	0.34584	0.5	1135	393	939	2460	2.17
1985-1989	103	0.44755	0.36572	0.5	743	272	607	1521	2.05
1985-1989	104	0.47734	0.38537	0.5	471	181	380	914	1.94
1985-1989	105	0.50729	0.40465	0.5	289	117	231	534	1.84
1985-1989	106	0.53719	0.42345	0.5	172	73	136	303	1.76
1985-1989	107	0.56682	0.44165	0.5	99	44	77	167	1.68
1985-1989	108	0.59598	0.45915	0.5	55	25	43	90	1.62
1985-1989	109	0.62448	0.47589	0.5	30	14	23	47	1.57
1985-1989	110+	0.65214	1.00000	1.53	16	16	24	24	1.53
1990-1994	0	0.00650	0.00647	0.07	100000	647	99400	8004813	80.05
1990-1994	1	0.00060	0.00060	0.5	99353	59	99324	7905414	79.57
1990-1994	2	0.00035	0.00035	0.5	99294	35	99277	7806090	78.62
1990-1994	3	0.00024	0.00024	0.5	99259	24	99247	7706813	77.64
1990-1994	4	0.00021	0.00021	0.5	99235	21	99225	7607566	76.66
1990-1994	5	0.00017	0.00017	0.5	99215	17	99206	7508341	75.68
1990-1994	6	0.00021	0.00021	0.5	99197	21	99187	7409135	74.69
1990-1994	7	0.00019	0.00019	0.5	99176	18	99167	7309948	73.71
1990-1994	8	0.00014	0.00014	0.5	99158	13	99151	7210781	72.72
1990-1994	9	0.00013	0.00013	0.5	99144	13	99138	7111630	71.73
1990-1994	10	0.00014	0.00014	0.5	99131	14	99124	7012492	70.74
1990-1994	11	0.00012	0.00012	0.5	99117	12	99111	6913368	69.75
1990-1994	12	0.00016	0.00016	0.5	99105	16	99097	6814257	68.76
1990-1994	13	0.00018	0.00018	0.5	99089	18	99080	6715160	67.77
1990-1994	14	0.00023	0.00023	0.5	99071	23	99060	6616080	66.78
1990-1994	15	0.00029	0.00029	0.5	99048	28	99034	6517020	65.80
1990-1994	16	0.00039	0.00039	0.5	99020	38	99001	6417986	64.81
1990-1994	17	0.00052	0.00052	0.5	98982	52	98956	6318984	63.84
1990-1994	18	0.00046	0.00046	0.5	98930	46	98907	6220028	62.87
1990-1994	19	0.00043	0.00043	0.5	98885	42	98864	6121121	61.90
1990-1994	20	0.00042	0.00042	0.5	98842	42	98822	6022257	60.93
1990-1994	21	0.00046	0.00046	0.5	98801	45	98778	5923435	59.95
1990-1994	22	0.00044	0.00044	0.5	98756	44	98734	5824657	58.98
1990-1994	23	0.00043	0.00043	0.5	98712	43	98690	5725923	58.01
1990-1994	24	0.00046	0.00046	0.5	98669	45	98646	5627233	57.03
1990-1994	25	0.00046	0.00046	0.5	98624	46	98601	5528587	56.06
1990-1994	26	0.00045	0.00045	0.5	98578	44	98556	5429986	55.08
1990-1994	27	0.00059	0.00059	0.5	98533	58	98504	5331430	54.11
1990-1994	28	0.00049	0.00049	0.5	98475	48	98451	5232926	53.14
1990-1994	29	0.00059	0.00059	0.5	98427	58	98398	5134476	52.17
1990-1994	30	0.00052	0.00052	0.5	98369	51	98343	5036078	51.20
1990-1994	31	0.00059	0.00059	0.5	98318	58	98289	4937735	50.22
1990-1994	32	0.00059	0.00059	0.5	98260	58	98231	4839446	49.25
1990-1994	33	0.00074	0.00074	0.5	98202	72	98166	4741216	48.28
1990-1994	34	0.00073	0.00073	0.5	98129	72	98093	4643050	47.32
1990-1994	35	0.00071	0.00071	0.5	98058	70	98023	4544957	46.35
1990-1994	36	0.00073	0.00073	0.5	97988	72	97952	4446934	45.38
1990-1994	37	0.00086	0.00086	0.5	97916	84	97874	4348982	44.42
1990-1994	38	0.00098	0.00098	0.5	97831	95	97784	4251109	43.45
1990-1994	39	0.00093	0.00093	0.5	97736	90	97691	4153325	42.50
1990-1994	40	0.00109	0.00109	0.5	97646	106	97592	4055634	41.53
1990-1994	41	0.00113	0.00113	0.5	97539	110	97484	3958042	40.58
1990-1994	42	0.00123	0.00123	0.5	97429	120	97369	3860558	39.62
1990-1994	43	0.00135	0.00134	0.5	97309	131	97243	3763189	38.67
1990-1994	44	0.00156	0.00155	0.5	97178	151	97103	3665946	37.72
1990-1994	45	0.00171	0.00171	0.5	97027	166	96944	3568843	36.78
1990-1994	46	0.00193	0.00192	0.5	96861	186	96768	3471899	35.84
1990-1994	47	0.00227	0.00227	0.5	96675	219	96565	3375131	34.91
1990-1994	48	0.00226	0.00226	0.5	96455	218	96346	3278566	33.99
1990-1994	49	0.00274	0.00273	0.5	96237	263	96106	3182220	33.07
1990-1994	50	0.00272	0.00272	0.5	95974	261	95844	3086114	32.16
1990-1994	51	0.00317	0.00316	0.5	95714	302	95562	2990270	31.24
1990-1994	52	0.00363	0.00362	0.5	95411	346	95238	2894708	30.34
1990-1994	53	0.00403	0.00402	0.5	95066	382	94874	2799469	29.45
1990-1994	54	0.00442	0.00442	0.5	94683	418	94474	2704595	28.56
1990-1994	55	0.00499	0.00498	0.5	94265	470	94031	2610120	27.69
1990-1994	56	0.00544	0.00543	0.5	93796	509	93541	2516090	26.83
1990-1994	57	0.00598	0.00596	0.5	93287	556	93008	2422549	25.97
1990-1994	58	0.00680	0.00677	0.5	92730	628	92416	2329540	25.12
1990-1994	59	0.00743	0.00740	0.5	92102	682	91761	2237124	24.29
1990-1994	60	0.00786	0.00783	0.5	91420	716	91062	2145363	23.47
1990-1994	61	0.00884	0.00880	0.5	90704	798	90305	2054301	22.65
1990-1994	62	0.00997	0.00992	0.5	89906	892	89460	1963996	21.85
1990-1994	63	0.01048	0.01042	0.5	89014	928	88550	1874536	21.06
1990-1994	64	0.01106	0.01100	0.5	88086	969	87602	1785986	20.28
1990-1994	65	0.01230	0.01222	0.5	87118	1065	86585	1698384	19.50
1990-1994	66	0.01331	0.01322	0.5	86053	1138	85484	1611798	18.73
1990-1994	67	0.01474	0.01463	0.5	84915	1242	84294	1526315	17.97
1990-1994	68	0.01714	0.01699	0.5	83673	1422	82962	1442021	17.23
1990-1994	69	0.01689	0.01675	0.5	82251	1378	81562	1359059	16.52
1990-1994	70	0.01955	0.01936	0.5	80873	1565	80091	1277496	15.80
1990-1994	71	0.02082	0.02061	0.5	79308	1634	78491	1197406	15.10
1990-1994	72	0.02428	0.02399	0.5	77674	1863	76742	1118915	14.41
1990-1994	73	0.02559	0.02527	0.5	75811	1916	74853	1042172	13.75
1990-1994	74	0.02755	0.02718	0.5	73895	2008	72891	967320	13.09
1990-1994	75	0.03074	0.03028	0.5	71887	2176	70798	894429	12.44
1990-1994	76	0.03415	0.03358	0.5	69710	2341	68540	823631	11.82
1990-1994	77	0.03690	0.03623	0.5	67369	2441	66149	755091	11.21
1990-1994	78	0.03892	0.03818	0.5	64928	2479	63689	688942	10.61
1990-1994	79	0.04354	0.04261	0.5	62450	2661	61119	625253	10.01
1990-1994	80	0.04594	0.04491	0.5	59789	2685	58446	564134	9.44
1990-1994	81	0.05470	0.05324	0.5	57103	3040	55583	505688	8.86
1990-1994	82	0.05914	0.05744	0.5	54063	3106	52510	450105	8.33
1990-1994	83	0.06483	0.06280	0.5	50957	3200	49358	397594	7.80
1990-1994	84	0.07333	0.07074	0.5	47758	3378	46068	348237	7.29
1990-1994	85	0.08470	0.08126	0.5	44379	3606	42576	302168	6.81
1990-1994	86	0.09395	0.08973	0.5	40773	3659	38944	259592	6.37
1990-1994	87	0.10312	0.09806	0.5	37115	3639	35295	220648	5.95
1990-1994	88	0.11532	0.10903	0.5	33475	3650	31650	185354	5.54
1990-1994	89	0.12753	0.11989	0.5	29825	3576	28037	153703	5.15
1990-1994	90	0.14048	0.13126	0.5	26249	3445	24527	125666	4.79
1990-1994	91	0.16139	0.14934	0.5	22804	3406	21101	101139	4.44
1990-1994	92	0.17902	0.16431	0.5	19398	3187	17805	80038	4.13
1990-1994	93	0.19813	0.18027	0.5	16211	2922	14750	62233	3.84
1990-1994	94	0.21873	0.19716	0.5	13289	2620	11979	47483	3.57
1990-1994	95	0.24082	0.21494	0.5	10669	2293	9522	35505	3.33
1990-1994	96	0.26440	0.23353	0.5	8375	1956	7398	25983	3.10
1990-1994	97	0.28940	0.25282	0.5	6420	1623	5608	18585	2.90
1990-1994	98	0.31576	0.27270	0.5	4797	1308	4143	12977	2.71
1990-1994	99	0.34335	0.29304	0.5	3489	1022	2977	8835	2.53
1990-1994	100	0.37204	0.31369	0.5	2466	774	2079	5857	2.37
1990-1994	101	0.40167	0.33449	0.5	1693	566	1410	3778	2.23
1990-1994	102	0.43203	0.35528	0.5	1126	400	926	2368	2.10
1990-1994	103	0.46291	0.37591	0.5	726	273	590	1442	1.99
1990-1994	104	0.49408	0.39620	0.5	453	180	363	852	1.88
1990-1994	105	0.52529	0.41602	0.5	274	114	217	489	1.79
1990-1994	106	0.55631	0.43524	0.5	160	70	125	272	1.70
1990-1994	107	0.58689	0.45374	0.5	90	41	70	147	1.63
1990-1994	108	0.61682	0.47143	0.5	49	23	38	77	1.57
1990-1994	109	0.64589	0.48822	0.5	26	13	20	39	1.52
1990-1994	110+	0.67392	1.00000	1.48	13	13	20	20	1.48
1995-1999	0	0.00523	0.00521	0.07	100000	521	99515	8029535	80.30
1995-1999	1	0.00043	0.00043	0.5	99479	43	99458	7930020	79.72
1995-1999	2	0.00029	0.00029	0.5	99437	28	99422	7830562	78.75
1995-1999	3	0.00028	0.00028	0.5	99408	28	99394	7731140	77.77
1995-1999	4	0.00015	0.00015	0.5	99380	15	99373	7631746	76.79
1995-1999	5	0.00016	0.00016	0.5	99366	16	99358	7532373	75.80
1995-1999	6	0.00017	0.00017	0.5	99350	17	99341	7433015	74.82
1995-1999	7	0.00015	0.00015	0.5	99333	15	99326	7333673	73.83
1995-1999	8	0.00010	0.00010	0.5	99318	10	99313	7234348	72.84
1995-1999	9	0.00013	0.00013	0.5	99308	13	99302	7135034	71.85
1995-1999	10	0.00010	0.00010	0.5	99295	10	99290	7035733	70.86
1995-1999	11	0.00012	0.00012	0.5	99285	12	99279	6936442	69.86
1995-1999	12	0.00015	0.00015	0.5	99273	15	99266	6837163	68.87
1995-1999	13	0.00015	0.00015	0.5	99258	15	99251	6737898	67.88
1995-1999	14	0.00024	0.00024	0.5	99243	24	99231	6638647	66.89
1995-1999	15	0.00028	0.00028	0.5	99220	28	99206	6539416	65.91
1995-1999	16	0.00036	0.00036	0.5	99192	36	99174	6440210	64.93
1995-1999	17	0.00035	0.00035	0.5	99156	34	99139	6341036	63.95
1995-1999	18	0.00044	0.00044	0.5	99121	44	99099	6241897	62.97
1995-1999	19	0.00040	0.00040	0.5	99077	39	99058	6142798	62.00
1995-1999	20	0.00040	0.00040	0.5	99038	40	99018	6043740	61.02
1995-1999	21	0.00038	0.00038	0.5	98998	38	98980	5944722	60.05
1995-1999	22	0.00054	0.00054	0.5	98961	53	98934	5845742	59.07
1995-1999	23	0.00040	0.00040	0.5	98908	39	98888	5746808	58.10
1995-1999	24	0.00046	0.00046	0.5	98868	46	98846	5647920	57.13
1995-1999	25	0.00041	0.00041	0.5	98823	40	98803	5549075	56.15
1995-1999	26	0.00046	0.00046	0.5	98783	45	98760	5450272	55.17
1995-1999	27	0.00045	0.00045	0.5	98737	44	98715	5351512	54.20
1995-1999	28	0.00051	0.00051	0.5	98693	50	98668	5252797	53.22
1995-1999	29	0.00042	0.00042	0.5	98643	41	98622	5154129	52.25
1995-1999	30	0.00053	0.00053	0.5	98602	52	98576	5055506	51.27
1995-1999	31	0.00068	0.00068	0.5	98550	67	98517	4956930	50.30
1995-1999	32	0.00064	0.00064	0.5	98483	63	98451	4858414	49.33
1995-1999	33	0.00064	0.00064	0.5	98420	63	98388	4759962	48.36
1995-1999	34	0.00080	0.00080	0.5	98357	79	98317	4661574	47.39
1995-1999	35	0.00074	0.00074	0.5	98278	73	98241	4563257	46.43
1995-1999	36	0.00076	0.00076	0.5	98205	75	98168	4465015	45.47
1995-1999	37	0.00084	0.00084	0.5	98130	83	98089	4366848	44.50
1995-1999	38	0.00102	0.00102	0.5	98047	100	97997	4268759	43.54
1995-1999	39	0.00117	0.00117	0.5	97948	114	97891	4170762	42.58
1995-1999	40	0.00125	0.00125	0.5	97833	122	97772	4072871	41.63
1995-1999	41	0.00131	0.00131	0.5	97711	128	97648	3975099	40.68
1995-1999	42	0.00146	0.00146	0.5	97584	142	97513	3877451	39.73
1995-1999	43	0.00161	0.00161	0.5	97442	157	97363	3779938	38.79
1995-1999	44	0.00146	0.00146	0.5	97285	142	97214	3682575	37.85
1995-1999	45	0.00171	0.00171	0.5	97142	166	97060	3585361	36.91
1995-1999	46	0.00191	0.00191	0.5	96977	185	96884	3488302	35.97
1995-1999	47	0.00201	0.00200	0.5	96791	194	96694	3391418	35.04
1995-1999	48	0.00230	0.00229	0.5	96597	222	96487	3294723	34.11
1995-1999	49	0.00226	0.00226	0.5	96376	218	96267	3198237	33.19
1995-1999	50	0.00250	0.00250	0.5	96158	240	96038	3101970	32.26
1995-1999	51	0.00292	0.00291	0.5	95918	279	95779	3005931	31.34
1995-1999	52	0.00353	0.00352	0.5	95639	337	95471	2910153	30.43
1995-1999	53	0.00407	0.00407	0.5	95302	388	95109	2814682	29.53
1995-1999	54	0.00405	0.00404	0.5	94915	383	94723	2719573	28.65
1995-1999	55	0.00428	0.00427	0.5	94532	404	94330	2624850	27.77
1995-1999	56	0.00513	0.00511	0.5	94128	481	93887	2530521	26.88
1995-1999	57	0.00531	0.00530	0.5	93646	496	93398	2436634	26.02
1995-1999	58	0.00609	0.00607	0.5	93150	565	92868	2343235	25.16
1995-1999	59	0.00708	0.00705	0.5	92585	653	92259	2250367	24.31
1995-1999	60	0.00726	0.00723	0.5	91932	665	91600	2158109	23.48
1995-1999	61	0.00880	0.00876	0.5	91267	799	90868	2066509	22.64
1995-1999	62	0.00987	0.00982	0.5	90468	889	90024	1975641	21.84
1995-1999	63	0.00980	0.00975	0.5	89580	873	89143	1885617	21.05
1995-1999	64	0.01102	0.01096	0.5	88706	972	88220	1796474	20.25
1995-1999	65	0.01213	0.01205	0.5	87734	1058	87205	1708254	19.47
1995-1999	66	0.01319	0.01310	0.5	86677	1136	86109	1621049	18.70
1995-1999	67	0.01451	0.01441	0.5	85541	1232	84925	1534940	17.94
1995-1999	68	0.01580	0.01567	0.5	84309	1321	83648	1450015	17.20
1995-1999	69	0.01686	0.01672	0.5	82987	1387	82294	1366367	16.46
1995-1999	70	0.01997	0.01977	0.5	81600	1613	80793	1284073	15.74
1995-1999	71	0.02107	0.02085	0.5	79987	1668	79153	1203280	15.04
1995-1999	72	0.02358	0.02331	0.5	78319	1825	77406	1124127	14.35
1995-1999	73	0.02440	0.02410	0.5	76493	1844	75571	1046721	13.68
1995-1999	74	0.02681	0.02646	0.5	74650	1975	73662	971149	13.01
1995-1999	75	0.03047	0.03002	0.5	72675	2181	71584	897487	12.35
1995-1999	76	0.03160	0.03111	0.5	70493	2193	69397	825903	11.72
1995-1999	77	0.03606	0.03542	0.5	68300	2419	67091	756507	11.08
1995-1999	78	0.03902	0.03827	0.5	65881	2522	64620	689416	10.46
1995-1999	79	0.04337	0.04245	0.5	63359	2690	62015	624796	9.86
1995-1999	80	0.04833	0.04719	0.5	60670	2863	59238	562781	9.28
1995-1999	81	0.05333	0.05194	0.5	57807	3003	56305	503543	8.71
1995-1999	82	0.06027	0.05851	0.5	54804	3207	53201	447238	8.16
1995-1999	83	0.06656	0.06442	0.5	51597	3324	49936	394037	7.64
1995-1999	84	0.07497	0.07226	0.5	48274	3488	46529	344101	7.13
1995-1999	85	0.08517	0.08169	0.5	44785	3658	42956	297572	6.64
1995-1999	86	0.09536	0.09102	0.5	41127	3743	39255	254616	6.19
1995-1999	87	0.10768	0.10218	0.5	37383	3820	35474	215361	5.76
1995-1999	88	0.11825	0.11165	0.5	33564	3747	31690	179887	5.36
1995-1999	89	0.13417	0.12574	0.5	29816	3749	27942	148197	4.97
1995-1999	90	0.14953	0.13912	0.5	26067	3627	24254	120256	4.61
1995-1999	91	0.16999	0.15667	0.5	22441	3516	20683	96002	4.28
1995-1999	92	0.18693	0.17095	0.5	18925	3235	17307	75319	3.98
1995-1999	93	0.20726	0.18780	0.5	15689	2946	14216	58012	3.70
1995-1999	94	0.22918	0.20561	0.5	12743	2620	11433	43796	3.44
1995-1999	95	0.25267	0.22433	0.5	10123	2271	8987	32363	3.20
1995-1999	96	0.27770	0.24384	0.5	7852	1915	6895	23375	2.98
1995-1999	97	0.30421	0.26405	0.5	5937	1568	5153	16481	2.78
1995-1999	98	0.33208	0.28479	0.5	4370	1244	3747	11327	2.59
1995-1999	99	0.36118	0.30593	0.5	3125	956	2647	7580	2.43
1995-1999	100	0.39133	0.32729	0.5	2169	710	1814	4932	2.27
1995-1999	101	0.42234	0.34871	0.5	1459	509	1205	3118	2.14
1995-1999	102	0.45398	0.36999	0.5	950	352	775	1914	2.01
1995-1999	103	0.48598	0.39098	0.5	599	234	482	1139	1.90
1995-1999	104	0.51811	0.41151	0.5	365	150	290	657	1.80
1995-1999	105	0.55008	0.43142	0.5	215	93	168	368	1.71
1995-1999	106	0.58165	0.45060	0.5	122	55	95	199	1.63
1995-1999	107	0.61256	0.46894	0.5	67	31	51	105	1.57
1995-1999	108	0.64259	0.48634	0.5	36	17	27	54	1.51
1995-1999	109	0.67155	0.50274	0.5	18	9	14	27	1.46
1995-1999	110+	0.69925	1.00000	1.43	9	9	13	13	1.43
2000-2004	0	0.00502	0.00499	0.07	100000	499	99534	8067861	80.68
2000-2004	1	0.00041	0.00041	0.5	99501	40	99480	7968327	80.08
2000-2004	2	0.00022	0.00022	0.5	99460	21	99449	7868847	79.12
2000-2004	3	0.00015	0.00015	0.5	99439	15	99431	7769397	78.13
2000-2004	4	0.00017	0.00017	0.5	99423	17	99415	7669966	77.14
2000-2004	5	0.00014	0.00014	0.5	99406	14	99400	7570551	76.16
2000-2004	6	0.00015	0.00015	0.5	99393	15	99385	7471152	75.17
2000-2004	7	0.00007	0.00007	0.5	99378	7	99374	7371767	74.18
2000-2004	8	0.00009	0.00009	0.5	99371	9	99366	7272393	73.18
2000-2004	9	0.00013	0.00013	0.5	99362	13	99355	7173026	72.19
2000-2004	10	0.00011	0.00011	0.5	99348	11	99343	7073671	71.20
2000-2004	11	0.00017	0.00017	0.5	99338	17	99329	6974328	70.21
2000-2004	12	0.00008	0.00008	0.5	99321	8	99317	6874999	69.22
2000-2004	13	0.00016	0.00016	0.5	99313	16	99305	6775682	68.23
2000-2004	14	0.00012	0.00012	0.5	99297	12	99291	6676377	67.24
2000-2004	15	0.00021	0.00021	0.5	99286	21	99275	6577085	66.24
2000-2004	16	0.00031	0.00031	0.5	99265	31	99249	6477810	65.26
2000-2004	17	0.00038	0.00038	0.5	99234	38	99215	6378561	64.28
2000-2004	18	0.00042	0.00042	0.5	99196	42	99175	6279346	63.30
2000-2004	19	0.00044	0.00044	0.5	99154	43	99133	6180171	62.33
2000-2004	20	0.00044	0.00044	0.5	99111	44	99089	6081038	61.36
2000-2004	21	0.00041	0.00041	0.5	99067	40	99047	5981949	60.38
2000-2004	22	0.00027	0.00027	0.5	99027	27	99014	5882902	59.41
2000-2004	23	0.00033	0.00033	0.5	99000	33	98984	5783888	58.42
2000-2004	24	0.00044	0.00044	0.5	98967	44	98945	5684904	57.44
2000-2004	25	0.00041	0.00041	0.5	98923	41	98903	5585959	56.47
2000-2004	26	0.00042	0.00042	0.5	98882	42	98861	5487056	55.49
2000-2004	27	0.00040	0.00040	0.5	98840	40	98821	5388195	54.51
2000-2004	28	0.00045	0.00045	0.5	98801	44	98779	5289374	53.54
2000-2004	29	0.00044	0.00044	0.5	98757	43	98735	5190596	52.56
2000-2004	30	0.00043	0.00043	0.5	98713	42	98692	5091861	51.58
2000-2004	31	0.00052	0.00052	0.5	98671	51	98645	4993168	50.60
2000-2004	32	0.00052	0.00052	0.5	98620	52	98594	4894523	49.63
2000-2004	33	0.00068	0.00068	0.5	98568	67	98534	4795929	48.66
2000-2004	34	0.00076	0.00076	0.5	98501	75	98463	4697395	47.69
2000-2004	35	0.00083	0.00083	0.5	98426	81	98385	4598931	46.72
2000-2004	36	0.00069	0.00069	0.5	98345	68	98311	4500546	45.76
2000-2004	37	0.00082	0.00082	0.5	98276	80	98236	4402235	44.79
2000-2004	38	0.00105	0.00105	0.5	98196	103	98145	4303999	43.83
2000-2004	39	0.00109	0.00109	0.5	98094	107	98040	4205854	42.88
2000-2004	40	0.00131	0.00131	0.5	97986	128	97922	4107814	41.92
2000-2004	41	0.00134	0.00134	0.5	97858	131	97792	4009892	40.98
2000-2004	42	0.00138	0.00138	0.5	97727	135	97659	3912100	40.03
2000-2004	43	0.00167	0.00167	0.5	97592	163	97511	3814441	39.09
2000-2004	44	0.00171	0.00171	0.5	97429	167	97346	3716930	38.15
2000-2004	45	0.00197	0.00196	0.5	97263	191	97167	3619585	37.21
2000-2004	46	0.00194	0.00194	0.5	97072	188	96978	3522417	36.29
2000-2004	47	0.00214	0.00214	0.5	96884	207	96780	3425440	35.36
2000-2004	48	0.00216	0.00216	0.5	96676	208	96572	3328660	34.43
2000-2004	49	0.00256	0.00255	0.5	96468	246	96345	3232087	33.50
2000-2004	50	0.00267	0.00266	0.5	96222	256	96094	3135743	32.59
2000-2004	51	0.00305	0.00305	0.5	95966	293	95819	3039649	31.67
2000-2004	52	0.00320	0.00319	0.5	95673	306	95520	2943829	30.77
2000-2004	53	0.00351	0.00351	0.5	95368	335	95200	2848309	29.87
2000-2004	54	0.00383	0.00382	0.5	95033	363	94851	2753109	28.97
2000-2004	55	0.00419	0.00418	0.5	94670	396	94472	2658257	28.08
2000-2004	56	0.00462	0.00461	0.5	94274	434	94057	2563785	27.19
2000-2004	57	0.00498	0.00496	0.5	93840	466	93607	2469728	26.32
2000-2004	58	0.00544	0.00542	0.5	93374	506	93121	2376121	25.45
2000-2004	59	0.00607	0.00605	0.5	92868	562	92587	2282999	24.58
2000-2004	60	0.00708	0.00705	0.5	92306	651	91981	2190412	23.73
2000-2004	61	0.00816	0.00813	0.5	91655	745	91283	2098432	22.89
2000-2004	62	0.00890	0.00886	0.5	90910	806	90507	2007149	22.08
2000-2004	63	0.00914	0.00909	0.5	90105	819	89695	1916642	21.27
2000-2004	64	0.01038	0.01032	0.5	89285	922	88824	1826947	20.46
2000-2004	65	0.01177	0.01170	0.5	88364	1034	87847	1738122	19.67
2000-2004	66	0.01222	0.01215	0.5	87330	1061	86799	1650276	18.90
2000-2004	67	0.01351	0.01342	0.5	86269	1158	85690	1563477	18.12
2000-2004	68	0.01470	0.01459	0.5	85111	1242	84490	1477787	17.36
2000-2004	69	0.01705	0.01690	0.5	83869	1418	83160	1393297	16.61
2000-2004	70	0.01899	0.01881	0.5	82451	1551	81676	1310137	15.89
2000-2004	71	0.01936	0.01917	0.5	80901	1551	80125	1228461	15.18
2000-2004	72	0.02213	0.02189	0.5	79349	1737	78481	1148336	14.47
2000-2004	73	0.02393	0.02365	0.5	77612	1835	76695	1069855	13.78
2000-2004	74	0.02719	0.02683	0.5	75777	2033	74761	993160	13.11
2000-2004	75	0.02910	0.02868	0.5	73744	2115	72687	918399	12.45
2000-2004	76	0.03122	0.03074	0.5	71629	2202	70528	845713	11.81
2000-2004	77	0.03581	0.03518	0.5	69427	2442	68206	775184	11.17
2000-2004	78	0.03934	0.03858	0.5	66985	2584	65693	706978	10.55
2000-2004	79	0.04382	0.04288	0.5	64401	2761	63020	641286	9.96
2000-2004	80	0.04612	0.04508	0.5	61639	2779	60250	578266	9.38
2000-2004	81	0.05106	0.04979	0.5	58860	2930	57395	518016	8.80
2000-2004	82	0.05790	0.05627	0.5	55930	3147	54356	460621	8.24
2000-2004	83	0.06515	0.06310	0.5	52783	3330	51117	406265	7.70
2000-2004	84	0.07445	0.07178	0.5	49452	3550	47677	355147	7.18
2000-2004	85	0.08229	0.07904	0.5	45903	3628	44088	307470	6.70
2000-2004	86	0.09596	0.09157	0.5	42274	3871	40339	263381	6.23
2000-2004	87	0.10288	0.09785	0.5	38403	3758	36525	223042	5.81
2000-2004	88	0.11578	0.10944	0.5	34646	3792	32750	186518	5.38
2000-2004	89	0.13134	0.12325	0.5	30854	3803	28953	153768	4.98
2000-2004	90	0.14818	0.13796	0.5	27051	3732	25185	124815	4.61
2000-2004	91	0.16615	0.15340	0.5	23319	3577	21531	99630	4.27
2000-2004	92	0.18699	0.17100	0.5	19742	3376	18054	78099	3.96
2000-2004	93	0.20796	0.18838	0.5	16366	3083	14825	60045	3.67
2000-2004	94	0.23062	0.20678	0.5	13283	2747	11910	45220	3.40
2000-2004	95	0.25496	0.22613	0.5	10536	2383	9345	33310	3.16
2000-2004	96	0.28092	0.24632	0.5	8154	2008	7150	23965	2.94
2000-2004	97	0.30843	0.26722	0.5	6145	1642	5324	16816	2.74
2000-2004	98	0.33737	0.28868	0.5	4503	1300	3853	11491	2.55
2000-2004	99	0.36759	0.31052	0.5	3203	995	2706	7638	2.38
2000-2004	100	0.39888	0.33256	0.5	2209	734	1841	4932	2.23
2000-2004	101	0.43102	0.35460	0.5	1474	523	1213	3091	2.10
2000-2004	102	0.46376	0.37646	0.5	951	358	772	1878	1.97
2000-2004	103	0.49680	0.39795	0.5	593	236	475	1106	1.86
2000-2004	104	0.52988	0.41890	0.5	357	150	282	631	1.77
2000-2004	105	0.56270	0.43914	0.5	208	91	162	348	1.68
2000-2004	106	0.59497	0.45856	0.5	116	53	90	186	1.60
2000-2004	107	0.62645	0.47703	0.5	63	30	48	97	1.53
2000-2004	108	0.65689	0.49448	0.5	33	16	25	49	1.48
2000-2004	109	0.68609	0.51085	0.5	17	9	12	24	1.43
2000-2004	110+	0.71389	1.00000	1.4	8	8	11	11	1.40
2005-2009	0	0.00447	0.00445	0.07	100000	445	99584	8143494	81.43
2005-2009	1	0.00033	0.00033	0.5	99555	32	99539	8043909	80.80
2005-2009	2	0.00015	0.00015	0.5	99523	15	99515	7944370	79.82
2005-2009	3	0.00015	0.00015	0.5	99508	15	99500	7844855	78.84
2005-2009	4	0.00013	0.00013	0.5	99492	13	99486	7745355	77.85
2005-2009	5	0.00012	0.00012	0.5	99480	12	99474	7645869	76.86
2005-2009	6	0.00005	0.00005	0.5	99468	5	99465	7546395	75.87
2005-2009	7	0.00006	0.00006	0.5	99462	6	99460	7446930	74.87
2005-2009	8	0.00010	0.00010	0.5	99457	10	99452	7347471	73.88
2005-2009	9	0.00010	0.00010	0.5	99447	10	99442	7248019	72.88
2005-2009	10	0.00009	0.00009	0.5	99437	9	99432	7148577	71.89
2005-2009	11	0.00008	0.00008	0.5	99428	8	99424	7049145	70.90
2005-2009	12	0.00013	0.00013	0.5	99420	13	99413	6949721	69.90
2005-2009	13	0.00009	0.00009	0.5	99407	9	99403	6850307	68.91
2005-2009	14	0.00016	0.00016	0.5	99398	16	99390	6750905	67.92
2005-2009	15	0.00021	0.00021	0.5	99382	21	99372	6651514	66.93
2005-2009	16	0.00030	0.00030	0.5	99362	30	99347	6552142	65.94
2005-2009	17	0.00029	0.00029	0.5	99332	29	99317	6452795	64.96
2005-2009	18	0.00035	0.00035	0.5	99303	35	99285	6353478	63.98
2005-2009	19	0.00032	0.00032	0.5	99268	31	99252	6254192	63.00
2005-2009	20	0.00041	0.00041	0.5	99237	40	99217	6154940	62.02
2005-2009	21	0.00042	0.00042	0.5	99196	42	99176	6055723	61.05
2005-2009	22	0.00042	0.00042	0.5	99155	41	99134	5956548	60.07
2005-2009	23	0.00034	0.00034	0.5	99113	34	99096	5857414	59.10
2005-2009	24	0.00037	0.00037	0.5	99080	37	99061	5758317	58.12
2005-2009	25	0.00035	0.00035	0.5	99042	34	99025	5659257	57.14
2005-2009	26	0.00047	0.00047	0.5	99008	47	98985	5560231	56.16
2005-2009	27	0.00041	0.00041	0.5	98962	41	98941	5461246	55.19
2005-2009	28	0.00051	0.00051	0.5	98921	50	98896	5362305	54.21
2005-2009	29	0.00045	0.00045	0.5	98871	44	98848	5263410	53.24
2005-2009	30	0.00054	0.00054	0.5	98826	54	98800	5164561	52.26
2005-2009	31	0.00068	0.00068	0.5	98773	67	98739	5065762	51.29
2005-2009	32	0.00059	0.00059	0.5	98706	58	98676	4967022	50.32
2005-2009	33	0.00056	0.00056	0.5	98647	55	98620	4868346	49.35
2005-2009	34	0.00072	0.00072	0.5	98592	71	98557	4769726	48.38
2005-2009	35	0.00065	0.00065	0.5	98521	64	98489	4671170	47.41
2005-2009	36	0.00080	0.00080	0.5	98457	79	98418	4572680	46.44
2005-2009	37	0.00090	0.00090	0.5	98379	89	98334	4474262	45.48
2005-2009	38	0.00087	0.00087	0.5	98290	85	98247	4375928	44.52
2005-2009	39	0.00106	0.00106	0.5	98205	104	98153	4277681	43.56
2005-2009	40	0.00110	0.00110	0.5	98101	107	98047	4179528	42.60
2005-2009	41	0.00123	0.00123	0.5	97993	121	97933	4081481	41.65
2005-2009	42	0.00127	0.00127	0.5	97873	125	97810	3983548	40.70
2005-2009	43	0.00160	0.00160	0.5	97748	156	97670	3885738	39.75
2005-2009	44	0.00148	0.00148	0.5	97592	145	97519	3788068	38.82
2005-2009	45	0.00195	0.00194	0.5	97447	189	97352	3690549	37.87
2005-2009	46	0.00203	0.00203	0.5	97258	198	97159	3593196	36.95
2005-2009	47	0.00212	0.00212	0.5	97060	206	96957	3496038	36.02
2005-2009	48	0.00256	0.00255	0.5	96854	247	96730	3399081	35.09
2005-2009	49	0.00261	0.00261	0.5	96607	252	96481	3302350	34.18
2005-2009	50	0.00281	0.00280	0.5	96355	270	96220	3205869	33.27
2005-2009	51	0.00306	0.00305	0.5	96085	293	95938	3109650	32.36
2005-2009	52	0.00332	0.00331	0.5	95792	317	95633	3013712	31.46
2005-2009	53	0.00349	0.00348	0.5	95474	332	95308	2918079	30.56
2005-2009	54	0.00387	0.00387	0.5	95142	368	94958	2822771	29.67
2005-2009	55	0.00407	0.00406	0.5	94774	385	94582	2727813	28.78
2005-2009	56	0.00422	0.00422	0.5	94389	398	94190	2633231	27.90
2005-2009	57	0.00474	0.00472	0.5	93991	444	93769	2539041	27.01
2005-2009	58	0.00519	0.00518	0.5	93547	484	93305	2445272	26.14
2005-2009	59	0.00590	0.00588	0.5	93063	547	92789	2351967	25.27
2005-2009	60	0.00641	0.00639	0.5	92515	591	92220	2259178	24.42
2005-2009	61	0.00672	0.00670	0.5	91924	616	91616	2166958	23.57
2005-2009	62	0.00796	0.00793	0.5	91308	724	90946	2075342	22.73
2005-2009	63	0.00872	0.00868	0.5	90584	786	90191	1984396	21.91
2005-2009	64	0.00914	0.00910	0.5	89798	817	89389	1894204	21.09
2005-2009	65	0.01029	0.01024	0.5	88981	911	88525	1804815	20.28
2005-2009	66	0.01109	0.01103	0.5	88070	972	87584	1716290	19.49
2005-2009	67	0.01236	0.01229	0.5	87098	1070	86563	1628706	18.70
2005-2009	68	0.01298	0.01290	0.5	86028	1110	85473	1542143	17.93
2005-2009	69	0.01441	0.01431	0.5	84918	1215	84311	1456670	17.15
2005-2009	70	0.01607	0.01594	0.5	83703	1334	83036	1372359	16.40
2005-2009	71	0.01820	0.01804	0.5	82369	1486	81626	1289323	15.65
2005-2009	72	0.02000	0.01980	0.5	80883	1602	80082	1207697	14.93
2005-2009	73	0.02246	0.02221	0.5	79282	1761	78401	1127614	14.22
2005-2009	74	0.02548	0.02516	0.5	77521	1950	76545	1049213	13.53
2005-2009	75	0.02676	0.02641	0.5	75570	1996	74572	972668	12.87
2005-2009	76	0.02911	0.02869	0.5	73574	2111	72519	898096	12.21
2005-2009	77	0.03272	0.03219	0.5	71463	2301	70313	825577	11.55
2005-2009	78	0.03672	0.03606	0.5	69163	2494	67915	755264	10.92
2005-2009	79	0.03978	0.03900	0.5	66668	2600	65368	687348	10.31
2005-2009	80	0.04355	0.04262	0.5	64068	2731	62703	621980	9.71
2005-2009	81	0.04780	0.04668	0.5	61337	2863	59906	559278	9.12
2005-2009	82	0.05362	0.05222	0.5	58474	3053	56947	499372	8.54
2005-2009	83	0.05996	0.05821	0.5	55421	3226	53808	442424	7.98
2005-2009	84	0.06898	0.06668	0.5	52194	3480	50454	388617	7.45
2005-2009	85	0.07794	0.07501	0.5	48714	3654	46887	338163	6.94
2005-2009	86	0.08470	0.08126	0.5	45060	3662	43229	291275	6.46
2005-2009	87	0.09765	0.09311	0.5	41399	3854	39471	248046	5.99
2005-2009	88	0.11163	0.10572	0.5	37544	3969	35559	208575	5.56
2005-2009	89	0.12226	0.11522	0.5	33575	3868	31641	173015	5.15
2005-2009	90	0.13901	0.12998	0.5	29706	3861	27776	141375	4.76
2005-2009	91	0.16264	0.15041	0.5	25845	3887	23902	113599	4.40
2005-2009	92	0.17781	0.16330	0.5	21958	3586	20165	89698	4.08
2005-2009	93	0.19832	0.18043	0.5	18372	3315	16715	69533	3.78
2005-2009	94	0.22056	0.19865	0.5	15057	2991	13562	52818	3.51
2005-2009	95	0.24453	0.21789	0.5	12066	2629	10752	39256	3.25
2005-2009	96	0.27021	0.23805	0.5	9437	2246	8314	28505	3.02
2005-2009	97	0.29752	0.25899	0.5	7191	1862	6259	20191	2.81
2005-2009	98	0.32635	0.28057	0.5	5328	1495	4581	13931	2.61
2005-2009	99	0.35656	0.30261	0.5	3833	1160	3253	9350	2.44
2005-2009	100	0.38796	0.32493	0.5	2673	869	2239	6097	2.28
2005-2009	101	0.42031	0.34732	0.5	1805	627	1491	3858	2.14
2005-2009	102	0.45337	0.36959	0.5	1178	435	960	2367	2.01
2005-2009	103	0.48684	0.39153	0.5	743	291	597	1407	1.89
2005-2009	104	0.52043	0.41297	0.5	452	187	359	809	1.79
2005-2009	105	0.55383	0.43373	0.5	265	115	208	451	1.70
2005-2009	106	0.58676	0.45366	0.5	150	68	116	243	1.62
2005-2009	107	0.61893	0.47266	0.5	82	39	63	127	1.55
2005-2009	108	0.65009	0.49062	0.5	43	21	33	64	1.49
2005-2009	109	0.68002	0.50747	0.5	22	11	16	32	1.44
2005-2009	110+	0.70853	1.00000	1.41	11	11	15	15	1.41
2010-2014	0	0.00422	0.00421	0.06	100000	421	99607	8229712	82.30
2010-2014	1	0.00025	0.00025	0.5	99579	25	99567	8130106	81.64
2010-2014	2	0.00019	0.00019	0.5	99554	19	99545	8030539	80.66
2010-2014	3	0.00012	0.00012	0.5	99535	12	99529	7930994	79.68
2010-2014	4	0.00007	0.00007	0.5	99523	7	99520	7831465	78.69
2010-2014	5	0.00011	0.00011	0.5	99516	11	99510	7731945	77.70
2010-2014	6	0.00008	0.00008	0.5	99505	8	99501	7632435	76.70
2010-2014	7	0.00010	0.00010	0.5	99496	10	99491	7532934	75.71
2010-2014	8	0.00010	0.00010	0.5	99486	10	99481	7433443	74.72
2010-2014	9	0.00008	0.00008	0.5	99476	8	99472	7333962	73.73
2010-2014	10	0.00007	0.00007	0.5	99468	7	99464	7234490	72.73
2010-2014	11	0.00006	0.00006	0.5	99461	6	99458	7135026	71.74
2010-2014	12	0.00006	0.00006	0.5	99455	6	99451	7035568	70.74
2010-2014	13	0.00008	0.00008	0.5	99448	8	99444	6936117	69.75
2010-2014	14	0.00013	0.00013	0.5	99440	13	99433	6836672	68.75
2010-2014	15	0.00017	0.00017	0.5	99427	17	99418	6737239	67.76
2010-2014	16	0.00017	0.00017	0.5	99410	16	99401	6637821	66.77
2010-2014	17	0.00020	0.00020	0.5	99393	20	99383	6538419	65.78
2010-2014	18	0.00028	0.00028	0.5	99373	28	99360	6439036	64.80
2010-2014	19	0.00034	0.00034	0.5	99346	34	99329	6339676	63.81
2010-2014	20	0.00037	0.00037	0.5	99312	36	99294	6240347	62.84
2010-2014	21	0.00039	0.00039	0.5	99276	39	99256	6141053	61.86
2010-2014	22	0.00037	0.00037	0.5	99237	37	99218	6041797	60.88
2010-2014	23	0.00044	0.00044	0.5	99200	44	99178	5942578	59.91
2010-2014	24	0.00038	0.00038	0.5	99156	38	99137	5843400	58.93
2010-2014	25	0.00036	0.00036	0.5	99118	36	99100	5744263	57.95
2010-2014	26	0.00045	0.00045	0.5	99083	44	99060	5645162	56.97
2010-2014	27	0.00041	0.00041	0.5	99038	41	99018	5546102	56.00
2010-2014	28	0.00053	0.00053	0.5	98997	53	98971	5447084	55.02
2010-2014	29	0.00054	0.00054	0.5	98944	54	98917	5348114	54.05
2010-2014	30	0.00052	0.00052	0.5	98891	52	98865	5249196	53.08
2010-2014	31	0.00059	0.00059	0.5	98839	59	98810	5150332	52.11
2010-2014	32	0.00056	0.00056	0.5	98780	55	98753	5051522	51.14
2010-2014	33	0.00063	0.00063	0.5	98725	62	98694	4952769	50.17
2010-2014	34	0.00072	0.00072	0.5	98664	71	98628	4854075	49.20
2010-2014	35	0.00064	0.00064	0.5	98593	63	98561	4755446	48.23
2010-2014	36	0.00071	0.00071	0.5	98529	70	98494	4656885	47.26
2010-2014	37	0.00077	0.00077	0.5	98459	76	98421	4558391	46.30
2010-2014	38	0.00088	0.00088	0.5	98383	87	98340	4459970	45.33
2010-2014	39	0.00095	0.00095	0.5	98296	93	98250	4361631	44.37
2010-2014	40	0.00099	0.00099	0.5	98203	97	98155	4263381	43.41
2010-2014	41	0.00121	0.00121	0.5	98106	119	98047	4165226	42.46
2010-2014	42	0.00150	0.00150	0.5	97987	147	97914	4067179	41.51
2010-2014	43	0.00138	0.00138	0.5	97840	135	97773	3969266	40.57
2010-2014	44	0.00151	0.00151	0.5	97705	147	97632	3871493	39.62
2010-2014	45	0.00163	0.00163	0.5	97558	159	97479	3773861	38.68
2010-2014	46	0.00184	0.00184	0.5	97399	179	97310	3676383	37.75
2010-2014	47	0.00203	0.00203	0.5	97220	198	97121	3579073	36.81
2010-2014	48	0.00239	0.00239	0.5	97022	232	96906	3481952	35.89
2010-2014	49	0.00259	0.00258	0.5	96791	250	96666	3385046	34.97
2010-2014	50	0.00271	0.00271	0.5	96541	262	96410	3288380	34.06
2010-2014	51	0.00308	0.00308	0.5	96279	296	96131	3191970	33.15
2010-2014	52	0.00320	0.00319	0.5	95983	307	95830	3095839	32.25
2010-2014	53	0.00356	0.00356	0.5	95676	340	95506	3000010	31.36
2010-2014	54	0.00351	0.00350	0.5	95336	334	95169	2904503	30.47
2010-2014	55	0.00398	0.00397	0.5	95002	377	94813	2809334	29.57
2010-2014	56	0.00428	0.00427	0.5	94625	404	94423	2714521	28.69
2010-2014	57	0.00473	0.00471	0.5	94221	444	93998	2620098	27.81
2010-2014	58	0.00492	0.00491	0.5	93776	460	93546	2526100	26.94
2010-2014	59	0.00544	0.00543	0.5	93316	506	93063	2432554	26.07
2010-2014	60	0.00556	0.00555	0.5	92810	515	92552	2339490	25.21
2010-2014	61	0.00632	0.00630	0.5	92295	581	92004	2246938	24.35
2010-2014	62	0.00636	0.00634	0.5	91714	581	91423	2154934	23.50
2010-2014	63	0.00769	0.00766	0.5	91132	698	90784	2063511	22.64
2010-2014	64	0.00807	0.00803	0.5	90435	726	90071	1972727	21.81
2010-2014	65	0.00880	0.00876	0.5	89708	786	89315	1882656	20.99
2010-2014	66	0.00924	0.00919	0.5	88922	817	88513	1793341	20.17
2010-2014	67	0.01035	0.01030	0.5	88105	907	87651	1704827	19.35
2010-2014	68	0.01230	0.01222	0.5	87197	1066	86664	1617176	18.55
2010-2014	69	0.01316	0.01307	0.5	86131	1126	85568	1530512	17.77
2010-2014	70	0.01437	0.01427	0.5	85005	1213	84399	1444944	17.00
2010-2014	71	0.01665	0.01651	0.5	83792	1384	83101	1360545	16.24
2010-2014	72	0.01781	0.01765	0.5	82409	1455	81682	1277444	15.50
2010-2014	73	0.02005	0.01985	0.5	80954	1607	80151	1195763	14.77
2010-2014	74	0.02131	0.02109	0.5	79347	1673	78511	1115612	14.06
2010-2014	75	0.02411	0.02382	0.5	77674	1850	76749	1037101	13.35
2010-2014	76	0.02685	0.02650	0.5	75824	2009	74819	960352	12.67
2010-2014	77	0.03016	0.02971	0.5	73815	2193	72718	885533	12.00
2010-2014	78	0.03219	0.03168	0.5	71622	2269	70487	812815	11.35
2010-2014	79	0.03619	0.03555	0.5	69352	2465	68120	742328	10.70
2010-2014	80	0.03990	0.03912	0.5	66887	2617	65579	674209	10.08
2010-2014	81	0.04602	0.04499	0.5	64270	2891	62825	608630	9.47
2010-2014	82	0.04896	0.04779	0.5	61379	2933	59912	545805	8.89
2010-2014	83	0.05512	0.05364	0.5	58446	3135	56878	485893	8.31
2010-2014	84	0.06426	0.06226	0.5	55311	3443	53589	429015	7.76
2010-2014	85	0.07035	0.06796	0.5	51867	3525	50105	375426	7.24
2010-2014	86	0.07973	0.07667	0.5	48342	3706	46489	325321	6.73
2010-2014	87	0.09069	0.08676	0.5	44636	3873	42700	278832	6.25
2010-2014	88	0.10210	0.09714	0.5	40763	3960	38783	236132	5.79
2010-2014	89	0.11618	0.10980	0.5	36804	4041	34783	197349	5.36
2010-2014	90	0.13089	0.12285	0.5	32763	4025	30750	162566	4.96
2010-2014	91	0.15129	0.14065	0.5	28738	4042	26716	131816	4.59
2010-2014	92	0.16488	0.15233	0.5	24695	3762	22815	105099	4.26
2010-2014	93	0.18735	0.17130	0.5	20934	3586	19141	82284	3.93
2010-2014	94	0.20892	0.18916	0.5	17348	3282	15707	63144	3.64
2010-2014	95	0.23227	0.20810	0.5	14066	2927	12603	47437	3.37
2010-2014	96	0.25738	0.22804	0.5	11139	2540	9869	34834	3.13
2010-2014	97	0.28420	0.24884	0.5	8599	2140	7529	24965	2.90
2010-2014	98	0.31264	0.27037	0.5	6459	1746	5586	17436	2.70
2010-2014	99	0.34256	0.29247	0.5	4713	1378	4024	11850	2.51
2010-2014	100	0.37379	0.31493	0.5	3334	1050	2809	7826	2.35
2010-2014	101	0.40611	0.33756	0.5	2284	771	1899	5017	2.20
2010-2014	102	0.43926	0.36016	0.5	1513	545	1241	3118	2.06
2010-2014	103	0.47296	0.38251	0.5	968	370	783	1878	1.94
2010-2014	104	0.50691	0.40441	0.5	598	242	477	1095	1.83
2010-2014	105	0.54080	0.42569	0.5	356	152	280	618	1.73
2010-2014	106	0.57431	0.44619	0.5	205	91	159	337	1.65
2010-2014	107	0.60715	0.46576	0.5	113	53	87	178	1.57
2010-2014	108	0.63906	0.48431	0.5	61	29	46	91	1.51
2010-2014	109	0.66978	0.50175	0.5	31	16	23	46	1.46
2010-2014	110+	0.69912	1.00000	1.43	16	16	22	22	1.43
2015-2019	0	0.00409	0.00407	0.06	100000	407	99619	8244472	82.44
2015-2019	1	0.00031	0.00031	0.5	99593	30	99578	8144853	81.78
2015-2019	2	0.00015	0.00015	0.5	99562	15	99555	8045276	80.81
2015-2019	3	0.00012	0.00012	0.5	99548	12	99541	7945721	79.82
2015-2019	4	0.00008	0.00008	0.5	99535	7	99531	7846179	78.83
2015-2019	5	0.00013	0.00013	0.5	99528	13	99521	7746648	77.83
2015-2019	6	0.00009	0.00009	0.5	99515	9	99511	7647126	76.84
2015-2019	7	0.00010	0.00010	0.5	99506	10	99501	7547616	75.85
2015-2019	8	0.00007	0.00007	0.5	99497	7	99493	7448115	74.86
2015-2019	9	0.00006	0.00006	0.5	99490	6	99486	7348622	73.86
2015-2019	10	0.00007	0.00007	0.5	99483	7	99480	7249135	72.87
2015-2019	11	0.00008	0.00008	0.5	99476	8	99472	7149655	71.87
2015-2019	12	0.00011	0.00011	0.5	99468	11	99463	7050183	70.88
2015-2019	13	0.00015	0.00015	0.5	99457	14	99450	6950720	69.89
2015-2019	14	0.00013	0.00013	0.5	99443	13	99436	6851270	68.90
2015-2019	15	0.00022	0.00022	0.5	99430	22	99419	6751834	67.91
2015-2019	16	0.00024	0.00024	0.5	99408	23	99396	6652415	66.92
2015-2019	17	0.00023	0.00023	0.5	99384	22	99373	6553019	65.94
2015-2019	18	0.00033	0.00033	0.5	99362	33	99346	6453646	64.95
2015-2019	19	0.00025	0.00025	0.5	99329	25	99317	6354300	63.97
2015-2019	20	0.00038	0.00038	0.5	99304	38	99285	6254983	62.99
2015-2019	21	0.00038	0.00038	0.5	99266	37	99248	6155698	62.01
2015-2019	22	0.00045	0.00045	0.5	99229	44	99207	6056450	61.04
2015-2019	23	0.00037	0.00037	0.5	99184	36	99166	5957244	60.06
2015-2019	24	0.00044	0.00044	0.5	99148	43	99126	5858077	59.08
2015-2019	25	0.00047	0.00047	0.5	99105	46	99082	5758951	58.11
2015-2019	26	0.00042	0.00042	0.5	99058	42	99038	5659869	57.14
2015-2019	27	0.00051	0.00051	0.5	99017	50	98992	5560832	56.16
2015-2019	28	0.00048	0.00048	0.5	98966	47	98943	5461840	55.19
2015-2019	29	0.00057	0.00057	0.5	98919	56	98891	5362898	54.22
2015-2019	30	0.00055	0.00055	0.5	98863	54	98836	5264007	53.25
2015-2019	31	0.00061	0.00061	0.5	98808	60	98778	5165171	52.27
2015-2019	32	0.00067	0.00067	0.5	98748	66	98715	5066393	51.31
2015-2019	33	0.00079	0.00079	0.5	98682	78	98643	4967678	50.34
2015-2019	34	0.00075	0.00075	0.5	98604	74	98567	4869034	49.38
2015-2019	35	0.00078	0.00078	0.5	98531	77	98492	4770467	48.42
2015-2019	36	0.00082	0.00082	0.5	98454	81	98413	4671975	47.45
2015-2019	37	0.00090	0.00090	0.5	98373	89	98328	4573562	46.49
2015-2019	38	0.00108	0.00108	0.5	98284	106	98231	4475233	45.53
2015-2019	39	0.00097	0.00097	0.5	98178	95	98130	4377002	44.58
2015-2019	40	0.00101	0.00101	0.5	98083	99	98033	4278872	43.63
2015-2019	41	0.00113	0.00113	0.5	97984	111	97929	4180838	42.67
2015-2019	42	0.00128	0.00128	0.5	97873	126	97810	4082910	41.72
2015-2019	43	0.00136	0.00136	0.5	97747	133	97681	3985099	40.77
2015-2019	44	0.00145	0.00145	0.5	97614	142	97544	3887418	39.82
2015-2019	45	0.00165	0.00165	0.5	97473	161	97392	3789875	38.88
2015-2019	46	0.00184	0.00184	0.5	97312	179	97222	3692482	37.94
2015-2019	47	0.00206	0.00205	0.5	97133	199	97033	3595260	37.01
2015-2019	48	0.00225	0.00225	0.5	96934	218	96825	3498227	36.09
2015-2019	49	0.00250	0.00250	0.5	96716	242	96595	3401402	35.17
2015-2019	50	0.00287	0.00287	0.5	96474	276	96336	3304807	34.26
2015-2019	51	0.00305	0.00304	0.5	96198	292	96052	3208471	33.35
2015-2019	52	0.00330	0.00330	0.5	95905	316	95747	3112420	32.45
2015-2019	53	0.00345	0.00344	0.5	95589	329	95424	3016672	31.56
2015-2019	54	0.00365	0.00365	0.5	95260	347	95086	2921248	30.67
2015-2019	55	0.00401	0.00400	0.5	94913	380	94723	2826162	29.78
2015-2019	56	0.00459	0.00458	0.5	94533	433	94316	2731439	28.89
2015-2019	57	0.00487	0.00486	0.5	94100	457	93872	2637122	28.02
2015-2019	58	0.00559	0.00557	0.5	93643	522	93382	2543251	27.16
2015-2019	59	0.00568	0.00566	0.5	93121	528	92857	2449869	26.31
2015-2019	60	0.00614	0.00612	0.5	92594	567	92310	2357011	25.46
2015-2019	61	0.00644	0.00642	0.5	92027	590	91731	2264701	24.61
2015-2019	62	0.00689	0.00686	0.5	91436	627	91123	2172970	23.76
2015-2019	63	0.00714	0.00711	0.5	90809	646	90486	2081847	22.93
2015-2019	64	0.00793	0.00790	0.5	90163	712	89807	1991361	22.09
2015-2019	65	0.00852	0.00849	0.5	89450	759	89071	1901555	21.26
2015-2019	66	0.00954	0.00949	0.5	88691	842	88270	1812484	20.44
2015-2019	67	0.00995	0.00990	0.5	87849	870	87414	1724214	19.63
2015-2019	68	0.01109	0.01103	0.5	86979	960	86499	1636800	18.82
2015-2019	69	0.01175	0.01168	0.5	86020	1005	85517	1550300	18.02
2015-2019	70	0.01379	0.01370	0.5	85015	1164	84433	1464783	17.23
2015-2019	71	0.01537	0.01526	0.5	83851	1279	83211	1380350	16.46
2015-2019	72	0.01688	0.01674	0.5	82571	1382	81880	1297139	15.71
2015-2019	73	0.01833	0.01817	0.5	81189	1475	80452	1215259	14.97
2015-2019	74	0.02049	0.02028	0.5	79714	1617	78906	1134808	14.24
2015-2019	75	0.02216	0.02192	0.5	78098	1712	77242	1055902	13.52
2015-2019	76	0.02506	0.02475	0.5	76386	1890	75441	978660	12.81
2015-2019	77	0.02820	0.02781	0.5	74496	2071	73460	903219	12.12
2015-2019	78	0.03107	0.03060	0.5	72424	2216	71316	829759	11.46
2015-2019	79	0.03554	0.03492	0.5	70208	2452	68982	758443	10.80
2015-2019	80	0.04117	0.04034	0.5	67757	2734	66390	689460	10.18
2015-2019	81	0.04283	0.04194	0.5	65023	2727	63660	623071	9.58
2015-2019	82	0.04895	0.04778	0.5	62296	2977	60808	559411	8.98
2015-2019	83	0.05443	0.05298	0.5	59320	3143	57748	498603	8.41
2015-2019	84	0.06225	0.06037	0.5	56177	3391	54481	440855	7.85
2015-2019	85	0.07060	0.06819	0.5	52785	3599	50985	386374	7.32
2015-2019	86	0.07533	0.07259	0.5	49186	3570	47401	335388	6.82
2015-2019	87	0.08719	0.08355	0.5	45615	3811	43710	287988	6.31
2015-2019	88	0.10239	0.09740	0.5	41804	4072	39768	244278	5.84
2015-2019	89	0.11222	0.10626	0.5	37732	4009	35728	204510	5.42
2015-2019	90	0.12987	0.12195	0.5	33723	4113	31667	168782	5.00
2015-2019	91	0.14396	0.13429	0.5	29610	3976	27622	137115	4.63
2015-2019	92	0.16569	0.15302	0.5	25634	3922	23673	109493	4.27
2015-2019	93	0.18548	0.16974	0.5	21712	3685	19869	85820	3.95
2015-2019	94	0.20705	0.18763	0.5	18026	3382	16335	65951	3.66
2015-2019	95	0.23042	0.20662	0.5	14644	3026	13131	49616	3.39
2015-2019	96	0.25558	0.22662	0.5	11618	2633	10302	36485	3.14
2015-2019	97	0.28247	0.24752	0.5	8985	2224	7873	26183	2.91
2015-2019	98	0.31102	0.26916	0.5	6761	1820	5851	18310	2.71
2015-2019	99	0.34107	0.29138	0.5	4941	1440	4222	12458	2.52
2015-2019	100	0.37246	0.31399	0.5	3502	1099	2952	8237	2.35
2015-2019	101	0.40496	0.33677	0.5	2402	809	1998	5285	2.20
2015-2019	102	0.43832	0.35953	0.5	1593	573	1307	3287	2.06
2015-2019	103	0.47224	0.38204	0.5	1020	390	825	1980	1.94
2015-2019	104	0.50643	0.40410	0.5	631	255	503	1155	1.83
2015-2019	105	0.54055	0.42554	0.5	376	160	296	652	1.73
2015-2019	106	0.57430	0.44618	0.5	216	96	168	356	1.65
2015-2019	107	0.60737	0.46589	0.5	120	56	92	188	1.57
2015-2019	108	0.63948	0.48455	0.5	64	31	48	96	1.51
2015-2019	109	0.67039	0.50209	0.5	33	17	25	48	1.46
2015-2019	110+	0.69990	1.00000	1.43	16	16	23	23	1.43
