WA: Washington, Lifetables (period 1x5), Males Last modified: 20 Dec 2020, MPv5 (May07) 

Year     	Age	mx	qx	ax	lx	dx	Lx	Tx	ex
1960-1964	0	0.02623	0.02563	0.12	100000	2563	97733	6801595	68.02
1960-1964	1	0.00157	0.00157	0.5	97437	153	97360	6703863	68.80
1960-1964	2	0.00102	0.00102	0.5	97284	99	97234	6606502	67.91
1960-1964	3	0.00081	0.00081	0.5	97185	78	97146	6509268	66.98
1960-1964	4	0.00066	0.00066	0.5	97106	64	97074	6412123	66.03
1960-1964	5	0.00065	0.00065	0.5	97042	63	97011	6315048	65.08
1960-1964	6	0.00053	0.00053	0.5	96979	52	96953	6218038	64.12
1960-1964	7	0.00049	0.00049	0.5	96927	47	96904	6121085	63.15
1960-1964	8	0.00046	0.00046	0.5	96880	45	96858	6024181	62.18
1960-1964	9	0.00034	0.00034	0.5	96835	33	96819	5927323	61.21
1960-1964	10	0.00051	0.00051	0.5	96802	50	96777	5830504	60.23
1960-1964	11	0.00045	0.00045	0.5	96752	44	96731	5733727	59.26
1960-1964	12	0.00053	0.00053	0.5	96709	51	96683	5636997	58.29
1960-1964	13	0.00054	0.00054	0.5	96657	52	96631	5540314	57.32
1960-1964	14	0.00062	0.00062	0.5	96605	60	96575	5443683	56.35
1960-1964	15	0.00070	0.00070	0.5	96545	68	96511	5347108	55.38
1960-1964	16	0.00109	0.00109	0.5	96477	105	96425	5250596	54.42
1960-1964	17	0.00125	0.00125	0.5	96372	121	96312	5154172	53.48
1960-1964	18	0.00119	0.00119	0.5	96252	115	96194	5057860	52.55
1960-1964	19	0.00141	0.00141	0.5	96137	136	96069	4961665	51.61
1960-1964	20	0.00139	0.00139	0.5	96001	134	95935	4865596	50.68
1960-1964	21	0.00190	0.00190	0.5	95868	182	95777	4769661	49.75
1960-1964	22	0.00154	0.00154	0.5	95686	147	95612	4673884	48.85
1960-1964	23	0.00152	0.00152	0.5	95539	145	95466	4578272	47.92
1960-1964	24	0.00156	0.00156	0.5	95394	149	95320	4482805	46.99
1960-1964	25	0.00145	0.00145	0.5	95245	138	95176	4387486	46.07
1960-1964	26	0.00135	0.00135	0.5	95107	128	95043	4292310	45.13
1960-1964	27	0.00124	0.00124	0.5	94979	117	94920	4197267	44.19
1960-1964	28	0.00159	0.00159	0.5	94861	150	94786	4102347	43.25
1960-1964	29	0.00156	0.00156	0.5	94711	148	94637	4007561	42.31
1960-1964	30	0.00140	0.00140	0.5	94563	132	94497	3912924	41.38
1960-1964	31	0.00194	0.00194	0.5	94431	183	94339	3818428	40.44
1960-1964	32	0.00192	0.00191	0.5	94248	180	94158	3724088	39.51
1960-1964	33	0.00172	0.00172	0.5	94067	161	93987	3629931	38.59
1960-1964	34	0.00177	0.00177	0.5	93906	166	93823	3535944	37.65
1960-1964	35	0.00207	0.00206	0.5	93740	193	93643	3442121	36.72
1960-1964	36	0.00221	0.00221	0.5	93546	206	93443	3348479	35.79
1960-1964	37	0.00255	0.00255	0.5	93340	238	93221	3255036	34.87
1960-1964	38	0.00264	0.00264	0.5	93102	246	92979	3161815	33.96
1960-1964	39	0.00320	0.00319	0.5	92857	296	92709	3068835	33.05
1960-1964	40	0.00339	0.00339	0.5	92560	314	92404	2976127	32.15
1960-1964	41	0.00358	0.00357	0.5	92247	330	92082	2883723	31.26
1960-1964	42	0.00382	0.00382	0.5	91917	351	91742	2791641	30.37
1960-1964	43	0.00452	0.00451	0.5	91566	413	91360	2699899	29.49
1960-1964	44	0.00440	0.00439	0.5	91153	400	90953	2608540	28.62
1960-1964	45	0.00524	0.00523	0.5	90753	474	90516	2517587	27.74
1960-1964	46	0.00581	0.00579	0.5	90278	523	90017	2427071	26.88
1960-1964	47	0.00608	0.00606	0.5	89756	544	89484	2337054	26.04
1960-1964	48	0.00665	0.00663	0.5	89212	592	88916	2247571	25.19
1960-1964	49	0.00847	0.00844	0.5	88620	748	88246	2158655	24.36
1960-1964	50	0.00864	0.00861	0.5	87872	756	87494	2070409	23.56
1960-1964	51	0.00963	0.00958	0.5	87116	835	86699	1982915	22.76
1960-1964	52	0.01093	0.01087	0.5	86281	938	85812	1896216	21.98
1960-1964	53	0.01196	0.01189	0.5	85343	1015	84836	1810404	21.21
1960-1964	54	0.01324	0.01315	0.5	84328	1109	83773	1725569	20.46
1960-1964	55	0.01395	0.01386	0.5	83219	1153	82642	1641795	19.73
1960-1964	56	0.01527	0.01515	0.5	82066	1244	81444	1559153	19.00
1960-1964	57	0.01812	0.01796	0.5	80822	1452	80096	1477709	18.28
1960-1964	58	0.01869	0.01852	0.5	79371	1470	78636	1397612	17.61
1960-1964	59	0.02111	0.02089	0.5	77901	1627	77087	1318977	16.93
1960-1964	60	0.02296	0.02269	0.5	76274	1731	75408	1241889	16.28
1960-1964	61	0.02455	0.02425	0.5	74543	1808	73639	1166481	15.65
1960-1964	62	0.02749	0.02711	0.5	72735	1972	71749	1092842	15.03
1960-1964	63	0.02721	0.02685	0.5	70763	1900	69813	1021094	14.43
1960-1964	64	0.03092	0.03045	0.5	68863	2097	67815	951281	13.81
1960-1964	65	0.03356	0.03301	0.5	66766	2204	65665	883466	13.23
1960-1964	66	0.03601	0.03537	0.5	64563	2284	63421	817801	12.67
1960-1964	67	0.03862	0.03789	0.5	62279	2360	61099	754381	12.11
1960-1964	68	0.04166	0.04081	0.5	59919	2445	58697	693281	11.57
1960-1964	69	0.04402	0.04307	0.5	57474	2475	56237	634585	11.04
1960-1964	70	0.04793	0.04681	0.5	54999	2574	53712	578348	10.52
1960-1964	71	0.05032	0.04909	0.5	52425	2573	51138	524636	10.01
1960-1964	72	0.05651	0.05496	0.5	49851	2740	48481	473498	9.50
1960-1964	73	0.06214	0.06027	0.5	47111	2839	45692	425017	9.02
1960-1964	74	0.06621	0.06409	0.5	44272	2837	42853	379325	8.57
1960-1964	75	0.07290	0.07033	0.5	41435	2914	39977	336472	8.12
1960-1964	76	0.07508	0.07236	0.5	38520	2787	37127	296495	7.70
1960-1964	77	0.08018	0.07709	0.5	35733	2755	34356	259368	7.26
1960-1964	78	0.08993	0.08606	0.5	32978	2838	31559	225013	6.82
1960-1964	79	0.10305	0.09800	0.5	30140	2954	28663	193453	6.42
1960-1964	80	0.11036	0.10459	0.5	27186	2843	25765	164790	6.06
1960-1964	81	0.12142	0.11447	0.5	24343	2786	22950	139026	5.71
1960-1964	82	0.13014	0.12219	0.5	21556	2634	20239	116076	5.38
1960-1964	83	0.13916	0.13011	0.5	18922	2462	17691	95837	5.06
1960-1964	84	0.15549	0.14427	0.5	16460	2375	15273	78146	4.75
1960-1964	85	0.17311	0.15932	0.5	14086	2244	12964	62873	4.46
1960-1964	86	0.18883	0.17254	0.5	11842	2043	10820	49909	4.21
1960-1964	87	0.19791	0.18009	0.5	9798	1765	8916	39089	3.99
1960-1964	88	0.21343	0.19285	0.5	8034	1549	7259	30173	3.76
1960-1964	89	0.23143	0.20743	0.5	6484	1345	5812	22914	3.53
1960-1964	90	0.25494	0.22612	0.5	5139	1162	4558	17102	3.33
1960-1964	91	0.26575	0.23458	0.5	3977	933	3511	12544	3.15
1960-1964	92	0.29035	0.25354	0.5	3044	772	2658	9033	2.97
1960-1964	93	0.31128	0.26936	0.5	2272	612	1966	6374	2.81
1960-1964	94	0.33301	0.28547	0.5	1660	474	1423	4408	2.65
1960-1964	95	0.35547	0.30183	0.5	1186	358	1007	2985	2.52
1960-1964	96	0.37859	0.31833	0.5	828	264	696	1977	2.39
1960-1964	97	0.40227	0.33491	0.5	565	189	470	1281	2.27
1960-1964	98	0.42642	0.35148	0.5	376	132	310	811	2.16
1960-1964	99	0.45093	0.36796	0.5	244	90	199	501	2.06
1960-1964	100	0.47567	0.38428	0.5	154	59	124	303	1.97
1960-1964	101	0.50054	0.40034	0.5	95	38	76	178	1.88
1960-1964	102	0.52540	0.41609	0.5	57	24	45	102	1.80
1960-1964	103	0.55013	0.43146	0.5	33	14	26	57	1.73
1960-1964	104	0.57463	0.44638	0.5	19	8	15	31	1.67
1960-1964	105	0.59876	0.46080	0.5	10	5	8	17	1.61
1960-1964	106	0.62242	0.47469	0.5	6	3	4	9	1.55
1960-1964	107	0.64551	0.48800	0.5	3	1	2	4	1.51
1960-1964	108	0.66794	0.50072	0.5	2	1	1	2	1.46
1960-1964	109	0.68964	0.51281	0.5	1	0	1	1	1.43
1960-1964	110+	0.71053	1.00000	1.41	0	0	1	1	1.41
1965-1969	0	0.02312	0.02265	0.11	100000	2265	97977	6796395	67.96
1965-1969	1	0.00128	0.00128	0.5	97735	125	97672	6698418	68.54
1965-1969	2	0.00100	0.00100	0.5	97610	97	97561	6600746	67.62
1965-1969	3	0.00068	0.00068	0.5	97512	66	97479	6503185	66.69
1965-1969	4	0.00071	0.00071	0.5	97446	69	97411	6405705	65.74
1965-1969	5	0.00060	0.00060	0.5	97377	58	97348	6308294	64.78
1965-1969	6	0.00050	0.00050	0.5	97319	48	97294	6210946	63.82
1965-1969	7	0.00049	0.00049	0.5	97270	47	97246	6113652	62.85
1965-1969	8	0.00044	0.00044	0.5	97223	43	97201	6016405	61.88
1965-1969	9	0.00044	0.00044	0.5	97180	43	97159	5919204	60.91
1965-1969	10	0.00040	0.00040	0.5	97138	39	97118	5822045	59.94
1965-1969	11	0.00039	0.00039	0.5	97099	38	97080	5724927	58.96
1965-1969	12	0.00044	0.00044	0.5	97061	43	97039	5627847	57.98
1965-1969	13	0.00057	0.00057	0.5	97018	55	96991	5530807	57.01
1965-1969	14	0.00070	0.00070	0.5	96963	68	96929	5433817	56.04
1965-1969	15	0.00105	0.00105	0.5	96895	102	96844	5336888	55.08
1965-1969	16	0.00126	0.00126	0.5	96793	122	96732	5240044	54.14
1965-1969	17	0.00147	0.00146	0.5	96671	142	96600	5143311	53.20
1965-1969	18	0.00150	0.00150	0.5	96529	145	96457	5046711	52.28
1965-1969	19	0.00171	0.00171	0.5	96384	164	96302	4950254	51.36
1965-1969	20	0.00174	0.00174	0.5	96220	167	96137	4853952	50.45
1965-1969	21	0.00165	0.00165	0.5	96053	158	95974	4757815	49.53
1965-1969	22	0.00202	0.00202	0.5	95895	194	95798	4661841	48.61
1965-1969	23	0.00194	0.00193	0.5	95701	185	95609	4566043	47.71
1965-1969	24	0.00172	0.00172	0.5	95516	164	95434	4470434	46.80
1965-1969	25	0.00163	0.00163	0.5	95352	155	95275	4375000	45.88
1965-1969	26	0.00181	0.00181	0.5	95197	172	95111	4279725	44.96
1965-1969	27	0.00165	0.00165	0.5	95025	156	94947	4184614	44.04
1965-1969	28	0.00186	0.00186	0.5	94869	177	94780	4089667	43.11
1965-1969	29	0.00158	0.00158	0.5	94692	150	94617	3994886	42.19
1965-1969	30	0.00178	0.00178	0.5	94542	168	94458	3900269	41.25
1965-1969	31	0.00174	0.00174	0.5	94374	164	94292	3805811	40.33
1965-1969	32	0.00178	0.00177	0.5	94210	167	94127	3711519	39.40
1965-1969	33	0.00171	0.00170	0.5	94043	160	93963	3617392	38.47
1965-1969	34	0.00180	0.00180	0.5	93883	169	93799	3523429	37.53
1965-1969	35	0.00219	0.00219	0.5	93714	205	93612	3429630	36.60
1965-1969	36	0.00221	0.00221	0.5	93509	207	93406	3336018	35.68
1965-1969	37	0.00233	0.00233	0.5	93302	217	93194	3242613	34.75
1965-1969	38	0.00282	0.00281	0.5	93085	262	92954	3149419	33.83
1965-1969	39	0.00300	0.00300	0.5	92823	278	92684	3056465	32.93
1965-1969	40	0.00373	0.00372	0.5	92545	344	92373	2963780	32.03
1965-1969	41	0.00402	0.00401	0.5	92201	370	92016	2871408	31.14
1965-1969	42	0.00416	0.00415	0.5	91831	381	91640	2779392	30.27
1965-1969	43	0.00472	0.00471	0.5	91449	431	91234	2687752	29.39
1965-1969	44	0.00483	0.00482	0.5	91018	439	90799	2596518	28.53
1965-1969	45	0.00535	0.00533	0.5	90580	483	90338	2505719	27.66
1965-1969	46	0.00573	0.00571	0.5	90097	515	89839	2415381	26.81
1965-1969	47	0.00635	0.00633	0.5	89582	567	89298	2325542	25.96
1965-1969	48	0.00674	0.00672	0.5	89015	598	88716	2236244	25.12
1965-1969	49	0.00822	0.00818	0.5	88416	724	88055	2147528	24.29
1965-1969	50	0.00873	0.00869	0.5	87693	762	87312	2059474	23.49
1965-1969	51	0.00965	0.00960	0.5	86931	834	86513	1972162	22.69
1965-1969	52	0.01101	0.01095	0.5	86096	943	85625	1885649	21.90
1965-1969	53	0.01140	0.01133	0.5	85153	965	84671	1800024	21.14
1965-1969	54	0.01230	0.01222	0.5	84188	1029	83674	1715353	20.38
1965-1969	55	0.01425	0.01415	0.5	83159	1177	82571	1631680	19.62
1965-1969	56	0.01629	0.01616	0.5	81982	1325	81320	1549109	18.90
1965-1969	57	0.01663	0.01650	0.5	80657	1331	79992	1467789	18.20
1965-1969	58	0.01887	0.01869	0.5	79327	1483	78586	1387797	17.49
1965-1969	59	0.02028	0.02007	0.5	77844	1563	77063	1309212	16.82
1965-1969	60	0.02142	0.02119	0.5	76282	1616	75474	1232149	16.15
1965-1969	61	0.02426	0.02397	0.5	74665	1790	73771	1156675	15.49
1965-1969	62	0.02761	0.02724	0.5	72876	1985	71883	1082905	14.86
1965-1969	63	0.02890	0.02849	0.5	70891	2020	69881	1011021	14.26
1965-1969	64	0.03337	0.03283	0.5	68871	2261	67740	941141	13.67
1965-1969	65	0.03370	0.03314	0.5	66610	2208	65506	873400	13.11
1965-1969	66	0.03635	0.03570	0.5	64402	2299	63253	807894	12.54
1965-1969	67	0.04194	0.04108	0.5	62103	2551	60828	744641	11.99
1965-1969	68	0.04270	0.04181	0.5	59552	2490	58307	683813	11.48
1965-1969	69	0.04448	0.04351	0.5	57062	2483	55821	625506	10.96
1965-1969	70	0.05139	0.05011	0.5	54579	2735	53212	569686	10.44
1965-1969	71	0.05197	0.05066	0.5	51844	2626	50531	516474	9.96
1965-1969	72	0.05910	0.05740	0.5	49218	2825	47806	465942	9.47
1965-1969	73	0.06122	0.05941	0.5	46393	2756	45015	418137	9.01
1965-1969	74	0.06740	0.06520	0.5	43637	2845	42215	373122	8.55
1965-1969	75	0.07706	0.07420	0.5	40792	3027	39279	330907	8.11
1965-1969	76	0.07903	0.07603	0.5	37765	2871	36330	291629	7.72
1965-1969	77	0.08513	0.08165	0.5	34894	2849	33469	255299	7.32
1965-1969	78	0.09280	0.08868	0.5	32045	2842	30624	221830	6.92
1965-1969	79	0.09905	0.09438	0.5	29203	2756	27825	191206	6.55
1965-1969	80	0.10559	0.10029	0.5	26447	2652	25121	163380	6.18
1965-1969	81	0.11189	0.10597	0.5	23795	2521	22534	138260	5.81
1965-1969	82	0.12584	0.11839	0.5	21273	2519	20014	115726	5.44
1965-1969	83	0.13931	0.13024	0.5	18755	2443	17533	95712	5.10
1965-1969	84	0.15493	0.14379	0.5	16312	2346	15139	78179	4.79
1965-1969	85	0.16785	0.15485	0.5	13966	2163	12885	63039	4.51
1965-1969	86	0.18655	0.17063	0.5	11804	2014	10797	50154	4.25
1965-1969	87	0.19721	0.17951	0.5	9790	1757	8911	39358	4.02
1965-1969	88	0.21102	0.19088	0.5	8032	1533	7266	30447	3.79
1965-1969	89	0.22622	0.20324	0.5	6499	1321	5839	23181	3.57
1965-1969	90	0.25151	0.22342	0.5	5178	1157	4600	17342	3.35
1965-1969	91	0.26647	0.23514	0.5	4021	946	3549	12742	3.17
1965-1969	92	0.28681	0.25084	0.5	3076	772	2690	9194	2.99
1965-1969	93	0.30806	0.26694	0.5	2304	615	1997	6504	2.82
1965-1969	94	0.33015	0.28337	0.5	1689	479	1450	4507	2.67
1965-1969	95	0.35301	0.30005	0.5	1210	363	1029	3057	2.53
1965-1969	96	0.37657	0.31690	0.5	847	269	713	2028	2.39
1965-1969	97	0.40072	0.33384	0.5	579	193	482	1315	2.27
1965-1969	98	0.42537	0.35077	0.5	386	135	318	833	2.16
1965-1969	99	0.45040	0.36761	0.5	250	92	204	515	2.06
1965-1969	100	0.47568	0.38428	0.5	158	61	128	311	1.96
1965-1969	101	0.50108	0.40069	0.5	97	39	78	183	1.88
1965-1969	102	0.52648	0.41677	0.5	58	24	46	105	1.80
1965-1969	103	0.55174	0.43244	0.5	34	15	27	59	1.73
1965-1969	104	0.57674	0.44765	0.5	19	9	15	32	1.66
1965-1969	105	0.60135	0.46234	0.5	11	5	8	17	1.60
1965-1969	106	0.62546	0.47646	0.5	6	3	4	9	1.55
1965-1969	107	0.64896	0.48997	0.5	3	1	2	5	1.50
1965-1969	108	0.67176	0.50286	0.5	2	1	1	2	1.45
1965-1969	109	0.69378	0.51510	0.5	1	0	1	1	1.42
1965-1969	110+	0.71495	1.00000	1.4	0	0	1	1	1.40
1970-1974	0	0.02033	0.01997	0.1	100000	1997	98202	6883445	68.83
1970-1974	1	0.00122	0.00122	0.5	98003	120	97943	6785243	69.23
1970-1974	2	0.00080	0.00080	0.5	97884	78	97845	6687299	68.32
1970-1974	3	0.00062	0.00062	0.5	97806	60	97776	6589455	67.37
1970-1974	4	0.00064	0.00064	0.5	97745	63	97714	6491679	66.41
1970-1974	5	0.00057	0.00057	0.5	97683	56	97655	6393965	65.46
1970-1974	6	0.00053	0.00053	0.5	97627	52	97601	6296310	64.49
1970-1974	7	0.00055	0.00055	0.5	97575	53	97548	6198709	63.53
1970-1974	8	0.00044	0.00044	0.5	97522	43	97500	6101161	62.56
1970-1974	9	0.00047	0.00047	0.5	97479	46	97456	6003661	61.59
1970-1974	10	0.00043	0.00043	0.5	97433	42	97412	5906205	60.62
1970-1974	11	0.00036	0.00036	0.5	97391	35	97373	5808793	59.64
1970-1974	12	0.00042	0.00042	0.5	97356	41	97335	5711420	58.67
1970-1974	13	0.00049	0.00049	0.5	97315	48	97291	5614084	57.69
1970-1974	14	0.00070	0.00070	0.5	97267	69	97232	5516793	56.72
1970-1974	15	0.00094	0.00094	0.5	97198	92	97152	5419561	55.76
1970-1974	16	0.00124	0.00124	0.5	97107	120	97046	5322409	54.81
1970-1974	17	0.00149	0.00148	0.5	96986	144	96914	5225362	53.88
1970-1974	18	0.00173	0.00173	0.5	96842	167	96759	5128448	52.96
1970-1974	19	0.00192	0.00192	0.5	96675	185	96582	5031689	52.05
1970-1974	20	0.00195	0.00195	0.5	96490	188	96396	4935107	51.15
1970-1974	21	0.00194	0.00193	0.5	96302	186	96209	4838711	50.25
1970-1974	22	0.00205	0.00204	0.5	96116	196	96018	4742502	49.34
1970-1974	23	0.00173	0.00173	0.5	95919	166	95836	4646484	48.44
1970-1974	24	0.00180	0.00180	0.5	95753	172	95667	4550648	47.52
1970-1974	25	0.00158	0.00158	0.5	95581	151	95505	4454981	46.61
1970-1974	26	0.00186	0.00185	0.5	95430	177	95341	4359476	45.68
1970-1974	27	0.00184	0.00184	0.5	95253	175	95165	4264134	44.77
1970-1974	28	0.00193	0.00193	0.5	95077	183	94986	4168969	43.85
1970-1974	29	0.00140	0.00140	0.5	94894	133	94828	4073983	42.93
1970-1974	30	0.00158	0.00158	0.5	94761	149	94686	3979156	41.99
1970-1974	31	0.00189	0.00189	0.5	94612	179	94522	3884469	41.06
1970-1974	32	0.00181	0.00180	0.5	94433	170	94348	3789947	40.13
1970-1974	33	0.00176	0.00176	0.5	94262	166	94180	3695599	39.21
1970-1974	34	0.00165	0.00165	0.5	94097	155	94019	3601420	38.27
1970-1974	35	0.00182	0.00182	0.5	93942	171	93857	3507400	37.34
1970-1974	36	0.00216	0.00216	0.5	93771	202	93670	3413544	36.40
1970-1974	37	0.00224	0.00223	0.5	93569	209	93464	3319873	35.48
1970-1974	38	0.00267	0.00267	0.5	93360	249	93235	3226409	34.56
1970-1974	39	0.00297	0.00297	0.5	93111	276	92973	3133174	33.65
1970-1974	40	0.00291	0.00291	0.5	92834	270	92699	3040201	32.75
1970-1974	41	0.00313	0.00313	0.5	92564	289	92420	2947501	31.84
1970-1974	42	0.00362	0.00362	0.5	92275	334	92108	2855082	30.94
1970-1974	43	0.00425	0.00424	0.5	91942	390	91747	2762973	30.05
1970-1974	44	0.00451	0.00450	0.5	91552	412	91346	2671227	29.18
1970-1974	45	0.00515	0.00514	0.5	91140	469	90906	2579881	28.31
1970-1974	46	0.00590	0.00588	0.5	90671	533	90405	2488975	27.45
1970-1974	47	0.00573	0.00571	0.5	90138	515	89881	2398570	26.61
1970-1974	48	0.00660	0.00658	0.5	89623	590	89328	2308690	25.76
1970-1974	49	0.00770	0.00767	0.5	89033	683	88692	2219361	24.93
1970-1974	50	0.00787	0.00784	0.5	88350	693	88004	2130669	24.12
1970-1974	51	0.00905	0.00901	0.5	87657	790	87262	2042665	23.30
1970-1974	52	0.00997	0.00992	0.5	86867	862	86436	1955403	22.51
1970-1974	53	0.01096	0.01090	0.5	86006	938	85537	1868966	21.73
1970-1974	54	0.01229	0.01221	0.5	85068	1039	84548	1783430	20.96
1970-1974	55	0.01300	0.01292	0.5	84029	1085	83486	1698881	20.22
1970-1974	56	0.01464	0.01453	0.5	82944	1206	82341	1615395	19.48
1970-1974	57	0.01672	0.01658	0.5	81738	1355	81060	1533054	18.76
1970-1974	58	0.01814	0.01798	0.5	80383	1445	79660	1451994	18.06
1970-1974	59	0.01941	0.01922	0.5	78938	1517	78179	1372333	17.39
1970-1974	60	0.02204	0.02180	0.5	77420	1688	76576	1294154	16.72
1970-1974	61	0.02279	0.02253	0.5	75733	1706	74879	1217578	16.08
1970-1974	62	0.02613	0.02579	0.5	74026	1909	73072	1142699	15.44
1970-1974	63	0.02687	0.02651	0.5	72117	1912	71161	1069627	14.83
1970-1974	64	0.02836	0.02797	0.5	70205	1963	69223	998466	14.22
1970-1974	65	0.03172	0.03123	0.5	68242	2131	67176	929243	13.62
1970-1974	66	0.03379	0.03323	0.5	66110	2197	65012	862066	13.04
1970-1974	67	0.03688	0.03622	0.5	63914	2315	62756	797054	12.47
1970-1974	68	0.03916	0.03841	0.5	61599	2366	60416	734298	11.92
1970-1974	69	0.04263	0.04174	0.5	59233	2473	57997	673882	11.38
1970-1974	70	0.04593	0.04490	0.5	56761	2549	55486	615885	10.85
1970-1974	71	0.05012	0.04890	0.5	54212	2651	52887	560399	10.34
1970-1974	72	0.05407	0.05265	0.5	51561	2715	50204	507512	9.84
1970-1974	73	0.05703	0.05545	0.5	48847	2708	47492	457308	9.36
1970-1974	74	0.06429	0.06228	0.5	46138	2874	44701	409816	8.88
1970-1974	75	0.07171	0.06923	0.5	43264	2995	41767	365114	8.44
1970-1974	76	0.07583	0.07306	0.5	40269	2942	38798	323347	8.03
1970-1974	77	0.08599	0.08245	0.5	37327	3077	35788	284549	7.62
1970-1974	78	0.08695	0.08333	0.5	34250	2854	32823	248761	7.26
1970-1974	79	0.09860	0.09397	0.5	31396	2950	29921	215938	6.88
1970-1974	80	0.10591	0.10059	0.5	28446	2861	27015	186018	6.54
1970-1974	81	0.10904	0.10340	0.5	25584	2645	24262	159003	6.21
1970-1974	82	0.11982	0.11305	0.5	22939	2593	21642	134741	5.87
1970-1974	83	0.12346	0.11628	0.5	20346	2366	19163	113098	5.56
1970-1974	84	0.14253	0.13305	0.5	17980	2392	16784	93936	5.22
1970-1974	85	0.15014	0.13965	0.5	15588	2177	14499	77152	4.95
1970-1974	86	0.16171	0.14961	0.5	13411	2006	12408	62652	4.67
1970-1974	87	0.18271	0.16742	0.5	11404	1909	10450	50245	4.41
1970-1974	88	0.18053	0.16559	0.5	9495	1572	8709	39795	4.19
1970-1974	89	0.21366	0.19304	0.5	7923	1529	7158	31086	3.92
1970-1974	90	0.21963	0.19790	0.5	6393	1265	5761	23928	3.74
1970-1974	91	0.23560	0.21077	0.5	5128	1081	4588	18167	3.54
1970-1974	92	0.25235	0.22408	0.5	4047	907	3594	13579	3.36
1970-1974	93	0.26988	0.23779	0.5	3140	747	2767	9985	3.18
1970-1974	94	0.28815	0.25186	0.5	2394	603	2092	7218	3.02
1970-1974	95	0.30714	0.26625	0.5	1791	477	1552	5126	2.86
1970-1974	96	0.32681	0.28091	0.5	1314	369	1129	3573	2.72
1970-1974	97	0.34710	0.29577	0.5	945	279	805	2444	2.59
1970-1974	98	0.36797	0.31079	0.5	665	207	562	1639	2.46
1970-1974	99	0.38934	0.32590	0.5	459	149	384	1077	2.35
1970-1974	100	0.41115	0.34104	0.5	309	105	256	693	2.24
1970-1974	101	0.43331	0.35615	0.5	204	73	167	436	2.14
1970-1974	102	0.45574	0.37116	0.5	131	49	107	269	2.05
1970-1974	103	0.47835	0.38602	0.5	82	32	67	162	1.97
1970-1974	104	0.50105	0.40067	0.5	51	20	40	96	1.89
1970-1974	105	0.52375	0.41506	0.5	30	13	24	55	1.82
1970-1974	106	0.54635	0.42912	0.5	18	8	14	31	1.75
1970-1974	107	0.56876	0.44283	0.5	10	4	8	17	1.69
1970-1974	108	0.59089	0.45613	0.5	6	3	4	9	1.64
1970-1974	109	0.61266	0.46899	0.5	3	1	2	5	1.60
1970-1974	110+	0.63399	1.00000	1.58	2	2	3	3	1.58
1975-1979	0	0.01551	0.01530	0.09	100000	1530	98603	7079278	70.79
1975-1979	1	0.00104	0.00104	0.5	98470	103	98419	6980675	70.89
1975-1979	2	0.00072	0.00072	0.5	98368	71	98332	6882256	69.96
1975-1979	3	0.00058	0.00058	0.5	98297	57	98268	6783924	69.01
1975-1979	4	0.00052	0.00052	0.5	98240	51	98214	6685655	68.05
1975-1979	5	0.00049	0.00049	0.5	98189	48	98165	6587441	67.09
1975-1979	6	0.00043	0.00043	0.5	98141	42	98120	6489276	66.12
1975-1979	7	0.00032	0.00032	0.5	98098	32	98083	6391157	65.15
1975-1979	8	0.00036	0.00036	0.5	98067	35	98049	6293074	64.17
1975-1979	9	0.00025	0.00025	0.5	98032	25	98019	6195025	63.19
1975-1979	10	0.00030	0.00030	0.5	98007	30	97992	6097006	62.21
1975-1979	11	0.00033	0.00033	0.5	97977	32	97961	5999013	61.23
1975-1979	12	0.00038	0.00038	0.5	97945	37	97927	5901052	60.25
1975-1979	13	0.00046	0.00046	0.5	97908	45	97886	5803125	59.27
1975-1979	14	0.00068	0.00068	0.5	97863	67	97830	5705239	58.30
1975-1979	15	0.00084	0.00084	0.5	97797	82	97756	5607409	57.34
1975-1979	16	0.00118	0.00118	0.5	97715	115	97657	5509653	56.38
1975-1979	17	0.00138	0.00138	0.5	97600	135	97532	5411996	55.45
1975-1979	18	0.00170	0.00170	0.5	97465	166	97382	5314463	54.53
1975-1979	19	0.00181	0.00181	0.5	97299	176	97212	5217081	53.62
1975-1979	20	0.00190	0.00190	0.5	97124	185	97031	5119870	52.71
1975-1979	21	0.00216	0.00216	0.5	96939	209	96834	5022838	51.81
1975-1979	22	0.00204	0.00204	0.5	96730	197	96631	4926004	50.93
1975-1979	23	0.00200	0.00200	0.5	96533	193	96436	4829373	50.03
1975-1979	24	0.00175	0.00175	0.5	96340	168	96255	4732936	49.13
1975-1979	25	0.00178	0.00178	0.5	96171	171	96086	4636681	48.21
1975-1979	26	0.00171	0.00171	0.5	96000	164	95918	4540595	47.30
1975-1979	27	0.00183	0.00183	0.5	95836	176	95748	4444678	46.38
1975-1979	28	0.00194	0.00193	0.5	95660	185	95567	4348930	45.46
1975-1979	29	0.00159	0.00159	0.5	95475	152	95399	4253362	44.55
1975-1979	30	0.00153	0.00153	0.5	95323	146	95250	4157963	43.62
1975-1979	31	0.00150	0.00150	0.5	95178	142	95106	4062713	42.69
1975-1979	32	0.00156	0.00156	0.5	95035	148	94961	3967607	41.75
1975-1979	33	0.00148	0.00148	0.5	94887	141	94817	3872646	40.81
1975-1979	34	0.00175	0.00175	0.5	94746	166	94663	3777829	39.87
1975-1979	35	0.00175	0.00175	0.5	94580	165	94498	3683166	38.94
1975-1979	36	0.00183	0.00183	0.5	94415	173	94329	3588668	38.01
1975-1979	37	0.00199	0.00198	0.5	94242	187	94149	3494340	37.08
1975-1979	38	0.00224	0.00224	0.5	94055	211	93950	3400191	36.15
1975-1979	39	0.00212	0.00211	0.5	93845	198	93745	3306241	35.23
1975-1979	40	0.00251	0.00251	0.5	93646	235	93529	3212496	34.30
1975-1979	41	0.00249	0.00248	0.5	93411	232	93295	3118967	33.39
1975-1979	42	0.00290	0.00290	0.5	93179	270	93044	3025672	32.47
1975-1979	43	0.00318	0.00318	0.5	92909	295	92761	2932628	31.56
1975-1979	44	0.00362	0.00362	0.5	92614	335	92446	2839867	30.66
1975-1979	45	0.00417	0.00416	0.5	92279	384	92087	2747420	29.77
1975-1979	46	0.00461	0.00460	0.5	91895	423	91683	2655333	28.90
1975-1979	47	0.00546	0.00544	0.5	91472	498	91223	2563650	28.03
1975-1979	48	0.00588	0.00586	0.5	90974	534	90707	2472427	27.18
1975-1979	49	0.00647	0.00645	0.5	90440	584	90148	2381720	26.33
1975-1979	50	0.00695	0.00692	0.5	89857	622	89545	2291572	25.50
1975-1979	51	0.00697	0.00694	0.5	89234	619	88925	2202026	24.68
1975-1979	52	0.00814	0.00811	0.5	88615	718	88256	2113102	23.85
1975-1979	53	0.00937	0.00933	0.5	87897	820	87487	2024846	23.04
1975-1979	54	0.01009	0.01004	0.5	87077	874	86640	1937359	22.25
1975-1979	55	0.01141	0.01135	0.5	86203	978	85714	1850719	21.47
1975-1979	56	0.01244	0.01236	0.5	85224	1054	84698	1765006	20.71
1975-1979	57	0.01351	0.01342	0.5	84171	1130	83606	1680308	19.96
1975-1979	58	0.01452	0.01441	0.5	83041	1197	82443	1596702	19.23
1975-1979	59	0.01512	0.01501	0.5	81844	1228	81230	1514260	18.50
1975-1979	60	0.01759	0.01743	0.5	80616	1405	79913	1433030	17.78
1975-1979	61	0.01919	0.01901	0.5	79211	1506	78458	1353116	17.08
1975-1979	62	0.02020	0.02000	0.5	77705	1554	76928	1274659	16.40
1975-1979	63	0.02317	0.02290	0.5	76151	1744	75279	1197731	15.73
1975-1979	64	0.02543	0.02511	0.5	74407	1868	73473	1122451	15.09
1975-1979	65	0.02741	0.02704	0.5	72539	1961	71558	1048979	14.46
1975-1979	66	0.02799	0.02760	0.5	70578	1948	69604	977420	13.85
1975-1979	67	0.03156	0.03107	0.5	68630	2133	67563	907817	13.23
1975-1979	68	0.03504	0.03443	0.5	66497	2290	65352	840253	12.64
1975-1979	69	0.03755	0.03686	0.5	64207	2367	63024	774901	12.07
1975-1979	70	0.04147	0.04063	0.5	61841	2512	60585	711877	11.51
1975-1979	71	0.04551	0.04450	0.5	59328	2640	58008	651292	10.98
1975-1979	72	0.04963	0.04843	0.5	56688	2746	55316	593284	10.47
1975-1979	73	0.05371	0.05230	0.5	53943	2821	52532	537968	9.97
1975-1979	74	0.05790	0.05627	0.5	51121	2876	49683	485436	9.50
1975-1979	75	0.06323	0.06129	0.5	48245	2957	46766	435753	9.03
1975-1979	76	0.06833	0.06607	0.5	45288	2992	43792	388987	8.59
1975-1979	77	0.07521	0.07248	0.5	42295	3066	40763	345195	8.16
1975-1979	78	0.08210	0.07886	0.5	39230	3094	37683	304433	7.76
1975-1979	79	0.08355	0.08020	0.5	36136	2898	34687	266750	7.38
1975-1979	80	0.08845	0.08470	0.5	33238	2815	31830	232063	6.98
1975-1979	81	0.09921	0.09452	0.5	30423	2876	28985	200232	6.58
1975-1979	82	0.10486	0.09964	0.5	27547	2745	26175	171247	6.22
1975-1979	83	0.11583	0.10949	0.5	24802	2716	23445	145073	5.85
1975-1979	84	0.12835	0.12061	0.5	22087	2664	20755	121628	5.51
1975-1979	85	0.13972	0.13060	0.5	19423	2537	18155	100873	5.19
1975-1979	86	0.15070	0.14014	0.5	16886	2367	15703	82719	4.90
1975-1979	87	0.16157	0.14950	0.5	14520	2171	13435	67016	4.62
1975-1979	88	0.16736	0.15444	0.5	12349	1907	11396	53581	4.34
1975-1979	89	0.19564	0.17821	0.5	10442	1861	9512	42186	4.04
1975-1979	90	0.21201	0.19169	0.5	8581	1645	7759	32674	3.81
1975-1979	91	0.22717	0.20400	0.5	6936	1415	6229	24915	3.59
1975-1979	92	0.24535	0.21854	0.5	5521	1207	4918	18687	3.38
1975-1979	93	0.26448	0.23359	0.5	4315	1008	3811	13769	3.19
1975-1979	94	0.28453	0.24910	0.5	3307	824	2895	9958	3.01
1975-1979	95	0.30548	0.26501	0.5	2483	658	2154	7063	2.84
1975-1979	96	0.32727	0.28125	0.5	1825	513	1568	4909	2.69
1975-1979	97	0.34982	0.29774	0.5	1312	391	1116	3341	2.55
1975-1979	98	0.37307	0.31442	0.5	921	290	776	2224	2.41
1975-1979	99	0.39692	0.33119	0.5	632	209	527	1448	2.29
1975-1979	100	0.42127	0.34798	0.5	422	147	349	921	2.18
1975-1979	101	0.44601	0.36468	0.5	275	100	225	572	2.08
1975-1979	102	0.47102	0.38124	0.5	175	67	142	347	1.98
1975-1979	103	0.49618	0.39755	0.5	108	43	87	205	1.89
1975-1979	104	0.52135	0.41355	0.5	65	27	52	118	1.82
1975-1979	105	0.54642	0.42917	0.5	38	16	30	67	1.74
1975-1979	106	0.57125	0.44434	0.5	22	10	17	37	1.68
1975-1979	107	0.59573	0.45901	0.5	12	6	9	20	1.62
1975-1979	108	0.61975	0.47314	0.5	7	3	5	10	1.57
1975-1979	109	0.64319	0.48668	0.5	3	2	3	5	1.53
1975-1979	110+	0.66596	1.00000	1.5	2	2	3	3	1.50
1980-1984	0	0.01200	0.01187	0.08	100000	1187	98904	7234262	72.34
1980-1984	1	0.00096	0.00096	0.5	98813	94	98766	7135357	72.21
1980-1984	2	0.00062	0.00062	0.5	98718	61	98688	7036592	71.28
1980-1984	3	0.00048	0.00048	0.5	98657	48	98633	6937904	70.32
1980-1984	4	0.00037	0.00037	0.5	98609	36	98591	6839271	69.36
1980-1984	5	0.00028	0.00028	0.5	98573	27	98560	6740680	68.38
1980-1984	6	0.00029	0.00029	0.5	98546	28	98532	6642120	67.40
1980-1984	7	0.00025	0.00025	0.5	98518	25	98505	6543588	66.42
1980-1984	8	0.00030	0.00030	0.5	98493	30	98478	6445083	65.44
1980-1984	9	0.00024	0.00024	0.5	98463	23	98451	6346605	64.46
1980-1984	10	0.00027	0.00027	0.5	98440	27	98426	6248154	63.47
1980-1984	11	0.00026	0.00026	0.5	98413	26	98400	6149727	62.49
1980-1984	12	0.00031	0.00031	0.5	98387	31	98372	6051327	61.51
1980-1984	13	0.00041	0.00041	0.5	98356	41	98336	5952956	60.52
1980-1984	14	0.00053	0.00053	0.5	98316	52	98290	5854620	59.55
1980-1984	15	0.00065	0.00065	0.5	98264	64	98232	5756330	58.58
1980-1984	16	0.00102	0.00102	0.5	98200	100	98150	5658098	57.62
1980-1984	17	0.00125	0.00125	0.5	98100	123	98039	5559947	56.68
1980-1984	18	0.00152	0.00152	0.5	97977	149	97903	5461909	55.75
1980-1984	19	0.00152	0.00152	0.5	97828	148	97754	5364006	54.83
1980-1984	20	0.00159	0.00159	0.5	97680	155	97603	5266251	53.91
1980-1984	21	0.00162	0.00162	0.5	97525	158	97446	5168649	53.00
1980-1984	22	0.00161	0.00161	0.5	97367	157	97289	5071203	52.08
1980-1984	23	0.00160	0.00159	0.5	97210	155	97133	4973914	51.17
1980-1984	24	0.00147	0.00147	0.5	97055	143	96984	4876781	50.25
1980-1984	25	0.00158	0.00157	0.5	96913	153	96837	4779797	49.32
1980-1984	26	0.00152	0.00152	0.5	96760	147	96687	4682960	48.40
1980-1984	27	0.00158	0.00158	0.5	96613	152	96537	4586274	47.47
1980-1984	28	0.00153	0.00152	0.5	96461	147	96387	4489737	46.54
1980-1984	29	0.00147	0.00147	0.5	96314	142	96243	4393350	45.62
1980-1984	30	0.00144	0.00144	0.5	96172	138	96103	4297107	44.68
1980-1984	31	0.00152	0.00151	0.5	96034	145	95961	4201004	43.75
1980-1984	32	0.00159	0.00159	0.5	95888	152	95812	4105043	42.81
1980-1984	33	0.00138	0.00138	0.5	95736	132	95670	4009231	41.88
1980-1984	34	0.00150	0.00150	0.5	95604	143	95533	3913561	40.93
1980-1984	35	0.00151	0.00151	0.5	95461	144	95389	3818028	40.00
1980-1984	36	0.00183	0.00183	0.5	95317	174	95230	3722639	39.06
1980-1984	37	0.00174	0.00174	0.5	95143	165	95060	3627409	38.13
1980-1984	38	0.00192	0.00191	0.5	94978	182	94887	3532349	37.19
1980-1984	39	0.00193	0.00193	0.5	94796	183	94704	3437462	36.26
1980-1984	40	0.00230	0.00230	0.5	94613	217	94504	3342758	35.33
1980-1984	41	0.00269	0.00268	0.5	94396	253	94269	3248254	34.41
1980-1984	42	0.00256	0.00256	0.5	94142	241	94022	3153985	33.50
1980-1984	43	0.00314	0.00313	0.5	93901	294	93754	3059963	32.59
1980-1984	44	0.00308	0.00307	0.5	93607	287	93463	2966209	31.69
1980-1984	45	0.00348	0.00348	0.5	93320	325	93157	2872746	30.78
1980-1984	46	0.00414	0.00413	0.5	92995	384	92803	2779588	29.89
1980-1984	47	0.00400	0.00399	0.5	92611	370	92426	2686785	29.01
1980-1984	48	0.00513	0.00511	0.5	92241	472	92005	2594360	28.13
1980-1984	49	0.00505	0.00504	0.5	91769	463	91538	2502354	27.27
1980-1984	50	0.00583	0.00581	0.5	91307	531	91041	2410816	26.40
1980-1984	51	0.00658	0.00656	0.5	90776	595	90478	2319775	25.55
1980-1984	52	0.00721	0.00718	0.5	90181	648	89857	2229297	24.72
1980-1984	53	0.00789	0.00786	0.5	89533	703	89181	2139440	23.90
1980-1984	54	0.00837	0.00833	0.5	88829	740	88459	2050259	23.08
1980-1984	55	0.00928	0.00924	0.5	88089	814	87682	1961800	22.27
1980-1984	56	0.01136	0.01130	0.5	87276	986	86783	1874117	21.47
1980-1984	57	0.01129	0.01122	0.5	86290	969	85805	1787334	20.71
1980-1984	58	0.01294	0.01285	0.5	85321	1097	84773	1701529	19.94
1980-1984	59	0.01337	0.01328	0.5	84224	1119	83665	1616756	19.20
1980-1984	60	0.01507	0.01496	0.5	83106	1243	82484	1533091	18.45
1980-1984	61	0.01677	0.01663	0.5	81863	1361	81182	1450607	17.72
1980-1984	62	0.01921	0.01902	0.5	80501	1532	79736	1369425	17.01
1980-1984	63	0.02034	0.02013	0.5	78970	1590	78175	1289689	16.33
1980-1984	64	0.02139	0.02116	0.5	77380	1637	76561	1211514	15.66
1980-1984	65	0.02263	0.02237	0.5	75743	1695	74895	1134953	14.98
1980-1984	66	0.02656	0.02621	0.5	74048	1941	73078	1060057	14.32
1980-1984	67	0.02915	0.02874	0.5	72107	2072	71071	986979	13.69
1980-1984	68	0.03085	0.03038	0.5	70035	2128	68972	915908	13.08
1980-1984	69	0.03530	0.03468	0.5	67908	2355	66730	846936	12.47
1980-1984	70	0.03842	0.03770	0.5	65552	2471	64317	780206	11.90
1980-1984	71	0.04294	0.04204	0.5	63081	2652	61755	715890	11.35
1980-1984	72	0.04432	0.04336	0.5	60430	2620	59119	654134	10.82
1980-1984	73	0.04918	0.04800	0.5	57809	2775	56422	595015	10.29
1980-1984	74	0.05380	0.05239	0.5	55034	2883	53593	538593	9.79
1980-1984	75	0.05765	0.05603	0.5	52151	2922	50690	485000	9.30
1980-1984	76	0.06232	0.06044	0.5	49229	2975	47741	434310	8.82
1980-1984	77	0.06710	0.06492	0.5	46254	3003	44752	386569	8.36
1980-1984	78	0.07701	0.07416	0.5	43251	3207	41647	341816	7.90
1980-1984	79	0.08351	0.08016	0.5	40043	3210	38438	300169	7.50
1980-1984	80	0.08873	0.08496	0.5	36833	3129	35269	261731	7.11
1980-1984	81	0.09389	0.08968	0.5	33704	3022	32193	226462	6.72
1980-1984	82	0.10630	0.10094	0.5	30682	3097	29133	194269	6.33
1980-1984	83	0.11557	0.10926	0.5	27585	3014	26078	165136	5.99
1980-1984	84	0.12029	0.11347	0.5	24571	2788	23177	139059	5.66
1980-1984	85	0.13558	0.12697	0.5	21783	2766	20400	115882	5.32
1980-1984	86	0.14593	0.13601	0.5	19017	2586	17724	95482	5.02
1980-1984	87	0.15909	0.14737	0.5	16430	2421	15220	77758	4.73
1980-1984	88	0.17248	0.15879	0.5	14009	2224	12897	62538	4.46
1980-1984	89	0.18366	0.16822	0.5	11785	1982	10793	49641	4.21
1980-1984	90	0.19411	0.17693	0.5	9802	1734	8935	38848	3.96
1980-1984	91	0.21922	0.19757	0.5	8068	1594	7271	29913	3.71
1980-1984	92	0.23643	0.21144	0.5	6474	1369	5790	22642	3.50
1980-1984	93	0.25455	0.22581	0.5	5105	1153	4529	16852	3.30
1980-1984	94	0.27356	0.24064	0.5	3952	951	3477	12324	3.12
1980-1984	95	0.29343	0.25589	0.5	3001	768	2617	8847	2.95
1980-1984	96	0.31412	0.27148	0.5	2233	606	1930	6230	2.79
1980-1984	97	0.33557	0.28736	0.5	1627	468	1393	4299	2.64
1980-1984	98	0.35773	0.30345	0.5	1159	352	984	2906	2.51
1980-1984	99	0.38051	0.31969	0.5	808	258	679	1923	2.38
1980-1984	100	0.40383	0.33599	0.5	549	185	457	1244	2.26
1980-1984	101	0.42759	0.35228	0.5	365	129	301	787	2.16
1980-1984	102	0.45169	0.36847	0.5	236	87	193	486	2.06
1980-1984	103	0.47602	0.38451	0.5	149	57	121	294	1.97
1980-1984	104	0.50047	0.40030	0.5	92	37	73	173	1.88
1980-1984	105	0.52491	0.41579	0.5	55	23	44	100	1.81
1980-1984	106	0.54923	0.43090	0.5	32	14	25	56	1.74
1980-1984	107	0.57332	0.44559	0.5	18	8	14	31	1.68
1980-1984	108	0.59707	0.45980	0.5	10	5	8	16	1.62
1980-1984	109	0.62037	0.47350	0.5	5	3	4	9	1.58
1980-1984	110+	0.64313	1.00000	1.55	3	3	4	4	1.55
1985-1989	0	0.01091	0.01080	0.07	100000	1080	99000	7316633	73.17
1985-1989	1	0.00077	0.00077	0.5	98920	76	98882	7217633	72.96
1985-1989	2	0.00047	0.00047	0.5	98843	46	98820	7118752	72.02
1985-1989	3	0.00053	0.00053	0.5	98797	53	98771	7019931	71.05
1985-1989	4	0.00030	0.00030	0.5	98745	29	98730	6921161	70.09
1985-1989	5	0.00022	0.00022	0.5	98715	21	98705	6822431	69.11
1985-1989	6	0.00026	0.00026	0.5	98694	26	98681	6723726	68.13
1985-1989	7	0.00029	0.00029	0.5	98668	28	98654	6625045	67.14
1985-1989	8	0.00026	0.00026	0.5	98640	25	98628	6526391	66.16
1985-1989	9	0.00035	0.00035	0.5	98615	35	98598	6427763	65.18
1985-1989	10	0.00027	0.00027	0.5	98580	27	98567	6329165	64.20
1985-1989	11	0.00033	0.00033	0.5	98553	32	98537	6230599	63.22
1985-1989	12	0.00030	0.00030	0.5	98521	30	98506	6132062	62.24
1985-1989	13	0.00042	0.00042	0.5	98491	41	98471	6033556	61.26
1985-1989	14	0.00051	0.00051	0.5	98450	50	98425	5935085	60.29
1985-1989	15	0.00062	0.00062	0.5	98400	61	98369	5836660	59.32
1985-1989	16	0.00102	0.00102	0.5	98339	100	98289	5738291	58.35
1985-1989	17	0.00118	0.00117	0.5	98239	115	98181	5640002	57.41
1985-1989	18	0.00160	0.00160	0.5	98123	157	98045	5541821	56.48
1985-1989	19	0.00156	0.00155	0.5	97966	152	97890	5443776	55.57
1985-1989	20	0.00138	0.00138	0.5	97814	135	97747	5345886	54.65
1985-1989	21	0.00131	0.00131	0.5	97679	128	97615	5248139	53.73
1985-1989	22	0.00159	0.00159	0.5	97551	155	97474	5150524	52.80
1985-1989	23	0.00156	0.00156	0.5	97396	152	97320	5053050	51.88
1985-1989	24	0.00147	0.00147	0.5	97244	143	97173	4955730	50.96
1985-1989	25	0.00155	0.00155	0.5	97101	151	97026	4858558	50.04
1985-1989	26	0.00149	0.00149	0.5	96950	144	96878	4761532	49.11
1985-1989	27	0.00144	0.00144	0.5	96806	139	96737	4664654	48.19
1985-1989	28	0.00148	0.00148	0.5	96667	143	96596	4567917	47.25
1985-1989	29	0.00157	0.00157	0.5	96524	151	96449	4471321	46.32
1985-1989	30	0.00156	0.00156	0.5	96373	150	96298	4374872	45.40
1985-1989	31	0.00153	0.00153	0.5	96223	147	96149	4278574	44.47
1985-1989	32	0.00173	0.00173	0.5	96076	166	95993	4182425	43.53
1985-1989	33	0.00173	0.00173	0.5	95910	166	95827	4086432	42.61
1985-1989	34	0.00164	0.00164	0.5	95744	157	95665	3990605	41.68
1985-1989	35	0.00186	0.00186	0.5	95586	178	95498	3894940	40.75
1985-1989	36	0.00190	0.00189	0.5	95409	181	95318	3799443	39.82
1985-1989	37	0.00191	0.00190	0.5	95228	181	95137	3704124	38.90
1985-1989	38	0.00206	0.00205	0.5	95047	195	94949	3608987	37.97
1985-1989	39	0.00194	0.00193	0.5	94852	183	94760	3514038	37.05
1985-1989	40	0.00225	0.00224	0.5	94668	212	94562	3419278	36.12
1985-1989	41	0.00221	0.00221	0.5	94456	209	94351	3324716	35.20
1985-1989	42	0.00250	0.00250	0.5	94247	236	94129	3230365	34.28
1985-1989	43	0.00283	0.00282	0.5	94011	265	93879	3136235	33.36
1985-1989	44	0.00292	0.00292	0.5	93746	274	93609	3042356	32.45
1985-1989	45	0.00305	0.00305	0.5	93473	285	93330	2948747	31.55
1985-1989	46	0.00348	0.00347	0.5	93188	324	93026	2855417	30.64
1985-1989	47	0.00384	0.00383	0.5	92864	356	92686	2762391	29.75
1985-1989	48	0.00430	0.00429	0.5	92508	397	92310	2669705	28.86
1985-1989	49	0.00442	0.00441	0.5	92111	407	91908	2577396	27.98
1985-1989	50	0.00483	0.00482	0.5	91705	442	91484	2485488	27.10
1985-1989	51	0.00541	0.00539	0.5	91263	492	91017	2394004	26.23
1985-1989	52	0.00654	0.00652	0.5	90771	592	90475	2302987	25.37
1985-1989	53	0.00722	0.00720	0.5	90179	649	89854	2212512	24.53
1985-1989	54	0.00735	0.00732	0.5	89530	656	89202	2122658	23.71
1985-1989	55	0.00862	0.00858	0.5	88874	763	88493	2033456	22.88
1985-1989	56	0.01011	0.01006	0.5	88112	887	87668	1944962	22.07
1985-1989	57	0.01055	0.01049	0.5	87225	915	86767	1857294	21.29
1985-1989	58	0.01227	0.01219	0.5	86310	1052	85783	1770527	20.51
1985-1989	59	0.01220	0.01212	0.5	85257	1034	84740	1684743	19.76
1985-1989	60	0.01443	0.01433	0.5	84224	1207	83620	1600003	19.00
1985-1989	61	0.01577	0.01565	0.5	83017	1299	82368	1516383	18.27
1985-1989	62	0.01779	0.01763	0.5	81718	1441	80998	1434015	17.55
1985-1989	63	0.01800	0.01784	0.5	80277	1432	79562	1353017	16.85
1985-1989	64	0.01997	0.01977	0.5	78846	1559	78066	1273456	16.15
1985-1989	65	0.02201	0.02177	0.5	77287	1682	76446	1195390	15.47
1985-1989	66	0.02392	0.02364	0.5	75604	1787	74711	1118944	14.80
1985-1989	67	0.02619	0.02586	0.5	73818	1909	72863	1044233	14.15
1985-1989	68	0.02846	0.02806	0.5	71909	2018	70900	971370	13.51
1985-1989	69	0.03097	0.03050	0.5	69891	2132	68825	900470	12.88
1985-1989	70	0.03449	0.03390	0.5	67760	2297	66611	831644	12.27
1985-1989	71	0.03891	0.03817	0.5	65462	2499	64213	765033	11.69
1985-1989	72	0.04363	0.04270	0.5	62964	2689	61619	700820	11.13
1985-1989	73	0.04659	0.04553	0.5	60275	2744	58903	639201	10.60
1985-1989	74	0.04937	0.04818	0.5	57531	2772	56145	580298	10.09
1985-1989	75	0.05128	0.05000	0.5	54759	2738	53390	524153	9.57
1985-1989	76	0.05927	0.05757	0.5	52021	2995	50523	470763	9.05
1985-1989	77	0.06519	0.06314	0.5	49026	3095	47478	420240	8.57
1985-1989	78	0.07061	0.06820	0.5	45931	3133	44364	372762	8.12
1985-1989	79	0.07855	0.07559	0.5	42798	3235	41181	328397	7.67
1985-1989	80	0.08097	0.07782	0.5	39563	3079	38024	287217	7.26
1985-1989	81	0.09377	0.08957	0.5	36484	3268	34850	249193	6.83
1985-1989	82	0.10092	0.09608	0.5	33216	3191	31621	214343	6.45
1985-1989	83	0.11107	0.10523	0.5	30025	3160	28445	182722	6.09
1985-1989	84	0.11685	0.11040	0.5	26866	2966	25383	154277	5.74
1985-1989	85	0.12971	0.12181	0.5	23900	2911	22444	128894	5.39
1985-1989	86	0.13651	0.12779	0.5	20989	2682	19647	106450	5.07
1985-1989	87	0.15653	0.14517	0.5	18306	2657	16978	86802	4.74
1985-1989	88	0.17138	0.15785	0.5	15649	2470	14414	69825	4.46
1985-1989	89	0.17444	0.16044	0.5	13179	2114	12121	55411	4.20
1985-1989	90	0.20288	0.18420	0.5	11064	2038	10045	43289	3.91
1985-1989	91	0.21794	0.19652	0.5	9026	1774	8139	33244	3.68
1985-1989	92	0.23712	0.21198	0.5	7252	1537	6484	25105	3.46
1985-1989	93	0.25637	0.22724	0.5	5715	1299	5066	18621	3.26
1985-1989	94	0.27662	0.24301	0.5	4416	1073	3880	13556	3.07
1985-1989	95	0.29783	0.25923	0.5	3343	867	2910	9676	2.89
1985-1989	96	0.31994	0.27582	0.5	2476	683	2135	6766	2.73
1985-1989	97	0.34290	0.29271	0.5	1793	525	1531	4631	2.58
1985-1989	98	0.36661	0.30982	0.5	1268	393	1072	3100	2.44
1985-1989	99	0.39099	0.32705	0.5	875	286	732	2028	2.32
1985-1989	100	0.41593	0.34432	0.5	589	203	488	1296	2.20
1985-1989	101	0.44130	0.36153	0.5	386	140	316	808	2.09
1985-1989	102	0.46699	0.37859	0.5	247	93	200	492	1.99
1985-1989	103	0.49285	0.39541	0.5	153	61	123	292	1.90
1985-1989	104	0.51874	0.41191	0.5	93	38	74	169	1.82
1985-1989	105	0.54454	0.42801	0.5	54	23	43	95	1.75
1985-1989	106	0.57010	0.44364	0.5	31	14	24	52	1.68
1985-1989	107	0.59530	0.45875	0.5	17	8	13	28	1.62
1985-1989	108	0.62000	0.47328	0.5	9	4	7	15	1.57
1985-1989	109	0.64409	0.48719	0.5	5	2	4	8	1.52
1985-1989	110+	0.66748	1.00000	1.5	3	3	4	4	1.50
1990-1994	0	0.00758	0.00753	0.07	100000	753	99297	7409303	74.09
1990-1994	1	0.00057	0.00057	0.5	99247	56	99219	7310006	73.65
1990-1994	2	0.00042	0.00042	0.5	99191	41	99170	7210787	72.70
1990-1994	3	0.00043	0.00043	0.5	99150	42	99129	7111617	71.73
1990-1994	4	0.00028	0.00028	0.5	99107	28	99093	7012488	70.76
1990-1994	5	0.00028	0.00028	0.5	99080	27	99066	6913395	69.78
1990-1994	6	0.00020	0.00020	0.5	99052	20	99042	6814329	68.80
1990-1994	7	0.00020	0.00020	0.5	99032	19	99022	6715287	67.81
1990-1994	8	0.00019	0.00019	0.5	99013	19	99003	6616264	66.82
1990-1994	9	0.00018	0.00018	0.5	98994	18	98985	6517261	65.84
1990-1994	10	0.00020	0.00020	0.5	98976	20	98966	6418276	64.85
1990-1994	11	0.00015	0.00015	0.5	98956	15	98949	6319310	63.86
1990-1994	12	0.00025	0.00025	0.5	98941	25	98929	6220362	62.87
1990-1994	13	0.00037	0.00037	0.5	98917	37	98898	6121433	61.88
1990-1994	14	0.00042	0.00042	0.5	98880	42	98859	6022535	60.91
1990-1994	15	0.00064	0.00064	0.5	98838	63	98806	5923676	59.93
1990-1994	16	0.00096	0.00096	0.5	98774	94	98727	5824870	58.97
1990-1994	17	0.00107	0.00107	0.5	98680	105	98627	5726143	58.03
1990-1994	18	0.00127	0.00127	0.5	98575	125	98512	5627515	57.09
1990-1994	19	0.00137	0.00137	0.5	98450	135	98382	5529003	56.16
1990-1994	20	0.00139	0.00139	0.5	98315	137	98246	5430621	55.24
1990-1994	21	0.00161	0.00161	0.5	98178	158	98099	5332375	54.31
1990-1994	22	0.00164	0.00164	0.5	98020	161	97940	5234276	53.40
1990-1994	23	0.00156	0.00156	0.5	97860	153	97783	5136336	52.49
1990-1994	24	0.00143	0.00143	0.5	97707	140	97637	5038553	51.57
1990-1994	25	0.00132	0.00132	0.5	97567	129	97503	4940916	50.64
1990-1994	26	0.00149	0.00149	0.5	97438	145	97366	4843413	49.71
1990-1994	27	0.00135	0.00135	0.5	97293	131	97227	4746048	48.78
1990-1994	28	0.00152	0.00152	0.5	97162	148	97088	4648820	47.85
1990-1994	29	0.00146	0.00146	0.5	97014	142	96943	4551732	46.92
1990-1994	30	0.00172	0.00172	0.5	96872	166	96789	4454789	45.99
1990-1994	31	0.00173	0.00173	0.5	96706	168	96622	4358000	45.06
1990-1994	32	0.00172	0.00172	0.5	96538	166	96455	4261378	44.14
1990-1994	33	0.00183	0.00183	0.5	96372	177	96284	4164923	43.22
1990-1994	34	0.00182	0.00182	0.5	96195	175	96108	4068639	42.30
1990-1994	35	0.00195	0.00195	0.5	96020	188	95927	3972531	41.37
1990-1994	36	0.00217	0.00216	0.5	95833	207	95729	3876604	40.45
1990-1994	37	0.00233	0.00233	0.5	95626	223	95514	3780875	39.54
1990-1994	38	0.00249	0.00249	0.5	95403	237	95284	3685361	38.63
1990-1994	39	0.00214	0.00214	0.5	95165	204	95064	3590077	37.72
1990-1994	40	0.00252	0.00252	0.5	94962	239	94842	3495013	36.80
1990-1994	41	0.00287	0.00286	0.5	94723	271	94587	3400171	35.90
1990-1994	42	0.00277	0.00277	0.5	94452	262	94321	3305584	35.00
1990-1994	43	0.00303	0.00302	0.5	94190	285	94048	3211263	34.09
1990-1994	44	0.00313	0.00313	0.5	93905	294	93758	3117215	33.20
1990-1994	45	0.00309	0.00308	0.5	93612	289	93467	3023457	32.30
1990-1994	46	0.00344	0.00344	0.5	93323	321	93162	2929989	31.40
1990-1994	47	0.00377	0.00376	0.5	93002	349	92827	2836827	30.50
1990-1994	48	0.00400	0.00399	0.5	92653	370	92468	2744000	29.62
1990-1994	49	0.00429	0.00428	0.5	92283	395	92085	2651532	28.73
1990-1994	50	0.00486	0.00485	0.5	91887	446	91664	2559447	27.85
1990-1994	51	0.00526	0.00525	0.5	91442	480	91202	2467783	26.99
1990-1994	52	0.00584	0.00582	0.5	90962	529	90697	2376581	26.13
1990-1994	53	0.00602	0.00601	0.5	90433	543	90161	2285883	25.28
1990-1994	54	0.00651	0.00649	0.5	89890	584	89598	2195722	24.43
1990-1994	55	0.00750	0.00748	0.5	89306	668	88972	2106124	23.58
1990-1994	56	0.00835	0.00831	0.5	88638	737	88270	2017152	22.76
1990-1994	57	0.00919	0.00914	0.5	87901	804	87500	1928882	21.94
1990-1994	58	0.01086	0.01080	0.5	87098	941	86627	1841383	21.14
1990-1994	59	0.01084	0.01079	0.5	86157	929	85692	1754755	20.37
1990-1994	60	0.01272	0.01264	0.5	85228	1077	84689	1669063	19.58
1990-1994	61	0.01391	0.01381	0.5	84151	1162	83569	1584374	18.83
1990-1994	62	0.01587	0.01575	0.5	82988	1307	82335	1500804	18.08
1990-1994	63	0.01673	0.01659	0.5	81682	1355	81004	1418469	17.37
1990-1994	64	0.01905	0.01887	0.5	80326	1516	79568	1337465	16.65
1990-1994	65	0.02077	0.02056	0.5	78810	1620	78000	1257897	15.96
1990-1994	66	0.02291	0.02265	0.5	77190	1748	76316	1179896	15.29
1990-1994	67	0.02537	0.02506	0.5	75442	1890	74497	1103580	14.63
1990-1994	68	0.02700	0.02664	0.5	73552	1960	72572	1029083	13.99
1990-1994	69	0.02847	0.02807	0.5	71592	2010	70587	956511	13.36
1990-1994	70	0.03243	0.03191	0.5	69583	2220	68472	885924	12.73
1990-1994	71	0.03434	0.03376	0.5	67362	2274	66225	817451	12.14
1990-1994	72	0.04008	0.03929	0.5	65088	2557	63809	751226	11.54
1990-1994	73	0.04273	0.04183	0.5	62531	2616	61223	687417	10.99
1990-1994	74	0.04551	0.04450	0.5	59915	2666	58582	626194	10.45
1990-1994	75	0.04810	0.04697	0.5	57249	2689	55904	567612	9.91
1990-1994	76	0.05397	0.05255	0.5	54560	2867	53127	511708	9.38
1990-1994	77	0.05765	0.05603	0.5	51693	2897	50245	458581	8.87
1990-1994	78	0.06230	0.06042	0.5	48796	2948	47322	408336	8.37
1990-1994	79	0.07054	0.06814	0.5	45848	3124	44286	361014	7.87
1990-1994	80	0.07692	0.07407	0.5	42724	3165	41142	316728	7.41
1990-1994	81	0.08704	0.08341	0.5	39559	3300	37909	275586	6.97
1990-1994	82	0.09713	0.09263	0.5	36259	3359	34580	237677	6.55
1990-1994	83	0.10375	0.09863	0.5	32901	3245	31278	203097	6.17
1990-1994	84	0.11652	0.11011	0.5	29656	3265	28023	171819	5.79
1990-1994	85	0.12404	0.11680	0.5	26390	3082	24849	143795	5.45
1990-1994	86	0.13579	0.12716	0.5	23308	2964	21826	118946	5.10
1990-1994	87	0.15059	0.14005	0.5	20344	2849	18920	97120	4.77
1990-1994	88	0.16588	0.15317	0.5	17495	2680	16155	78200	4.47
1990-1994	89	0.17966	0.16485	0.5	14815	2442	13594	62045	4.19
1990-1994	90	0.19738	0.17965	0.5	12373	2223	11262	48451	3.92
1990-1994	91	0.21789	0.19648	0.5	10150	1994	9153	37189	3.66
1990-1994	92	0.23703	0.21192	0.5	8156	1728	7292	28036	3.44
1990-1994	93	0.25730	0.22797	0.5	6428	1465	5695	20745	3.23
1990-1994	94	0.27867	0.24459	0.5	4962	1214	4355	15050	3.03
1990-1994	95	0.30110	0.26170	0.5	3749	981	3258	10694	2.85
1990-1994	96	0.32452	0.27921	0.5	2768	773	2381	7436	2.69
1990-1994	97	0.34885	0.29704	0.5	1995	593	1699	5055	2.53
1990-1994	98	0.37399	0.31507	0.5	1402	442	1181	3357	2.39
1990-1994	99	0.39984	0.33322	0.5	960	320	800	2175	2.26
1990-1994	100	0.42625	0.35137	0.5	640	225	528	1375	2.15
1990-1994	101	0.45309	0.36941	0.5	415	153	339	847	2.04
1990-1994	102	0.48021	0.38723	0.5	262	101	211	508	1.94
1990-1994	103	0.50744	0.40475	0.5	161	65	128	297	1.85
1990-1994	104	0.53464	0.42186	0.5	96	40	75	169	1.77
1990-1994	105	0.56162	0.43849	0.5	55	24	43	94	1.70
1990-1994	106	0.58825	0.45455	0.5	31	14	24	51	1.63
1990-1994	107	0.61437	0.46999	0.5	17	8	13	27	1.57
1990-1994	108	0.63985	0.48476	0.5	9	4	7	14	1.52
1990-1994	109	0.66456	0.49881	0.5	5	2	3	7	1.48
1990-1994	110+	0.68840	1.00000	1.45	2	2	3	3	1.45
1995-1999	0	0.00628	0.00624	0.06	100000	624	99414	7516305	75.16
1995-1999	1	0.00049	0.00049	0.5	99376	49	99351	7416891	74.63
1995-1999	2	0.00033	0.00033	0.5	99327	33	99311	7317539	73.67
1995-1999	3	0.00028	0.00028	0.5	99295	28	99281	7218228	72.70
1995-1999	4	0.00027	0.00027	0.5	99267	27	99253	7118948	71.72
1995-1999	5	0.00022	0.00022	0.5	99240	22	99229	7019694	70.73
1995-1999	6	0.00021	0.00021	0.5	99218	21	99208	6920465	69.75
1995-1999	7	0.00019	0.00019	0.5	99197	19	99187	6821258	68.76
1995-1999	8	0.00017	0.00017	0.5	99178	17	99169	6722070	67.78
1995-1999	9	0.00013	0.00013	0.5	99161	13	99154	6622901	66.79
1995-1999	10	0.00018	0.00018	0.5	99147	17	99139	6523747	65.80
1995-1999	11	0.00019	0.00019	0.5	99130	19	99120	6424609	64.81
1995-1999	12	0.00022	0.00022	0.5	99111	21	99100	6325488	63.82
1995-1999	13	0.00034	0.00034	0.5	99089	34	99073	6226388	62.84
1995-1999	14	0.00030	0.00030	0.5	99056	30	99041	6127316	61.86
1995-1999	15	0.00048	0.00048	0.5	99026	47	99002	6028275	60.88
1995-1999	16	0.00069	0.00069	0.5	98978	68	98944	5929273	59.90
1995-1999	17	0.00086	0.00086	0.5	98910	85	98868	5830329	58.95
1995-1999	18	0.00111	0.00111	0.5	98825	110	98770	5731461	58.00
1995-1999	19	0.00133	0.00133	0.5	98715	131	98650	5632691	57.06
1995-1999	20	0.00126	0.00126	0.5	98584	124	98522	5534041	56.14
1995-1999	21	0.00133	0.00133	0.5	98460	130	98395	5435519	55.21
1995-1999	22	0.00130	0.00130	0.5	98330	128	98266	5337124	54.28
1995-1999	23	0.00129	0.00129	0.5	98202	127	98138	5238858	53.35
1995-1999	24	0.00134	0.00134	0.5	98075	131	98009	5140720	52.42
1995-1999	25	0.00135	0.00135	0.5	97943	132	97877	5042711	51.49
1995-1999	26	0.00121	0.00121	0.5	97811	118	97752	4944834	50.55
1995-1999	27	0.00126	0.00126	0.5	97693	123	97632	4847081	49.62
1995-1999	28	0.00125	0.00125	0.5	97570	122	97509	4749450	48.68
1995-1999	29	0.00128	0.00128	0.5	97448	124	97385	4651941	47.74
1995-1999	30	0.00142	0.00142	0.5	97323	138	97254	4554555	46.80
1995-1999	31	0.00147	0.00147	0.5	97185	142	97114	4457301	45.86
1995-1999	32	0.00144	0.00144	0.5	97043	140	96973	4360187	44.93
1995-1999	33	0.00155	0.00154	0.5	96903	150	96828	4263214	43.99
1995-1999	34	0.00161	0.00161	0.5	96753	156	96675	4166386	43.06
1995-1999	35	0.00184	0.00184	0.5	96597	178	96509	4069710	42.13
1995-1999	36	0.00184	0.00184	0.5	96420	177	96331	3973202	41.21
1995-1999	37	0.00188	0.00188	0.5	96242	181	96152	3876871	40.28
1995-1999	38	0.00208	0.00208	0.5	96062	200	95962	3780718	39.36
1995-1999	39	0.00207	0.00207	0.5	95862	198	95763	3684756	38.44
1995-1999	40	0.00222	0.00222	0.5	95664	212	95558	3588993	37.52
1995-1999	41	0.00238	0.00238	0.5	95452	227	95338	3493435	36.60
1995-1999	42	0.00267	0.00266	0.5	95224	254	95097	3398098	35.69
1995-1999	43	0.00283	0.00283	0.5	94971	269	94836	3303000	34.78
1995-1999	44	0.00309	0.00309	0.5	94702	293	94556	3208164	33.88
1995-1999	45	0.00291	0.00291	0.5	94409	274	94272	3113608	32.98
1995-1999	46	0.00331	0.00330	0.5	94135	311	93980	3019336	32.07
1995-1999	47	0.00362	0.00361	0.5	93824	339	93655	2925356	31.18
1995-1999	48	0.00392	0.00391	0.5	93486	366	93303	2831701	30.29
1995-1999	49	0.00412	0.00411	0.5	93120	382	92929	2738398	29.41
1995-1999	50	0.00443	0.00442	0.5	92738	410	92532	2645469	28.53
1995-1999	51	0.00469	0.00468	0.5	92327	432	92111	2552937	27.65
1995-1999	52	0.00521	0.00519	0.5	91895	477	91656	2460826	26.78
1995-1999	53	0.00575	0.00574	0.5	91418	524	91156	2369169	25.92
1995-1999	54	0.00608	0.00606	0.5	90893	551	90618	2278014	25.06
1995-1999	55	0.00661	0.00659	0.5	90343	595	90045	2187396	24.21
1995-1999	56	0.00744	0.00742	0.5	89747	666	89414	2097351	23.37
1995-1999	57	0.00836	0.00833	0.5	89082	742	88711	2007936	22.54
1995-1999	58	0.00862	0.00859	0.5	88340	758	87960	1919226	21.73
1995-1999	59	0.00998	0.00993	0.5	87581	870	87146	1831266	20.91
1995-1999	60	0.01079	0.01073	0.5	86711	931	86246	1744119	20.11
1995-1999	61	0.01269	0.01261	0.5	85781	1082	85240	1657873	19.33
1995-1999	62	0.01437	0.01427	0.5	84699	1208	84095	1572633	18.57
1995-1999	63	0.01482	0.01471	0.5	83490	1228	82876	1488539	17.83
1995-1999	64	0.01677	0.01663	0.5	82262	1368	81578	1405662	17.09
1995-1999	65	0.01826	0.01809	0.5	80894	1463	80162	1324084	16.37
1995-1999	66	0.01989	0.01970	0.5	79430	1565	78648	1243922	15.66
1995-1999	67	0.02258	0.02233	0.5	77866	1738	76997	1165274	14.97
1995-1999	68	0.02588	0.02555	0.5	76127	1945	75155	1088278	14.30
1995-1999	69	0.02693	0.02658	0.5	74182	1971	73197	1013123	13.66
1995-1999	70	0.02975	0.02931	0.5	72211	2117	71153	939926	13.02
1995-1999	71	0.03204	0.03153	0.5	70094	2210	68989	868773	12.39
1995-1999	72	0.03598	0.03535	0.5	67884	2399	66685	799784	11.78
1995-1999	73	0.03953	0.03876	0.5	65485	2538	64216	733099	11.19
1995-1999	74	0.04256	0.04167	0.5	62946	2623	61635	668884	10.63
1995-1999	75	0.04538	0.04437	0.5	60323	2677	58985	607249	10.07
1995-1999	76	0.05138	0.05010	0.5	57647	2888	56203	548264	9.51
1995-1999	77	0.05710	0.05551	0.5	54759	3040	53239	492061	8.99
1995-1999	78	0.05876	0.05708	0.5	51719	2952	50243	438822	8.48
1995-1999	79	0.06828	0.06602	0.5	48767	3220	47157	388579	7.97
1995-1999	80	0.07405	0.07141	0.5	45547	3252	43921	341422	7.50
1995-1999	81	0.08458	0.08115	0.5	42295	3432	40579	297502	7.03
1995-1999	82	0.09016	0.08627	0.5	38862	3353	37186	256923	6.61
1995-1999	83	0.10062	0.09580	0.5	35510	3402	33809	219737	6.19
1995-1999	84	0.10903	0.10339	0.5	32108	3320	30448	185928	5.79
1995-1999	85	0.12456	0.11726	0.5	28788	3376	27100	155480	5.40
1995-1999	86	0.13987	0.13073	0.5	25413	3322	23751	128380	5.05
1995-1999	87	0.15150	0.14083	0.5	22090	3111	20535	104628	4.74
1995-1999	88	0.16365	0.15128	0.5	18979	2871	17544	84093	4.43
1995-1999	89	0.18147	0.16638	0.5	16108	2680	14768	66549	4.13
1995-1999	90	0.20151	0.18307	0.5	13428	2458	12199	51781	3.86
1995-1999	91	0.21442	0.19366	0.5	10970	2124	9908	39582	3.61
1995-1999	92	0.24192	0.21582	0.5	8846	1909	7891	29674	3.35
1995-1999	93	0.26379	0.23305	0.5	6937	1617	6128	21783	3.14
1995-1999	94	0.28688	0.25089	0.5	5320	1335	4653	15655	2.94
1995-1999	95	0.31113	0.26925	0.5	3985	1073	3449	11002	2.76
1995-1999	96	0.33647	0.28802	0.5	2912	839	2493	7554	2.59
1995-1999	97	0.36279	0.30709	0.5	2073	637	1755	5061	2.44
1995-1999	98	0.38996	0.32633	0.5	1437	469	1202	3306	2.30
1995-1999	99	0.41782	0.34562	0.5	968	335	801	2104	2.17
1995-1999	100	0.44623	0.36483	0.5	633	231	518	1303	2.06
1995-1999	101	0.47498	0.38383	0.5	402	154	325	785	1.95
1995-1999	102	0.50391	0.40250	0.5	248	100	198	460	1.86
1995-1999	103	0.53280	0.42072	0.5	148	62	117	262	1.77
1995-1999	104	0.56148	0.43840	0.5	86	38	67	145	1.69
1995-1999	105	0.58976	0.45545	0.5	48	22	37	78	1.62
1995-1999	106	0.61745	0.47180	0.5	26	12	20	41	1.56
1995-1999	107	0.64440	0.48737	0.5	14	7	10	21	1.50
1995-1999	108	0.67047	0.50213	0.5	7	4	5	10	1.45
1995-1999	109	0.69553	0.51606	0.5	4	2	3	5	1.41
1995-1999	110+	0.71947	1.00000	1.39	2	2	2	2	1.39
2000-2004	0	0.00619	0.00615	0.06	100000	615	99423	7616236	76.16
2000-2004	1	0.00044	0.00044	0.5	99385	44	99363	7516814	75.63
2000-2004	2	0.00027	0.00027	0.5	99341	27	99327	7417451	74.67
2000-2004	3	0.00020	0.00020	0.5	99314	20	99304	7318124	73.69
2000-2004	4	0.00015	0.00015	0.5	99294	15	99286	7218820	72.70
2000-2004	5	0.00018	0.00018	0.5	99279	18	99270	7119534	71.71
2000-2004	6	0.00017	0.00017	0.5	99261	17	99253	7020264	70.73
2000-2004	7	0.00018	0.00018	0.5	99244	18	99235	6921011	69.74
2000-2004	8	0.00019	0.00019	0.5	99226	19	99217	6821775	68.75
2000-2004	9	0.00014	0.00014	0.5	99208	14	99201	6722558	67.76
2000-2004	10	0.00017	0.00017	0.5	99194	17	99186	6623358	66.77
2000-2004	11	0.00013	0.00013	0.5	99177	13	99171	6524172	65.78
2000-2004	12	0.00015	0.00015	0.5	99165	15	99157	6425001	64.79
2000-2004	13	0.00024	0.00024	0.5	99150	24	99138	6325844	63.80
2000-2004	14	0.00027	0.00027	0.5	99126	27	99113	6226706	62.82
2000-2004	15	0.00035	0.00035	0.5	99100	35	99082	6127593	61.83
2000-2004	16	0.00060	0.00060	0.5	99065	59	99035	6028510	60.85
2000-2004	17	0.00072	0.00072	0.5	99005	71	98970	5929475	59.89
2000-2004	18	0.00108	0.00108	0.5	98935	106	98881	5830505	58.93
2000-2004	19	0.00118	0.00118	0.5	98828	117	98770	5731624	58.00
2000-2004	20	0.00101	0.00101	0.5	98711	100	98661	5632854	57.06
2000-2004	21	0.00128	0.00128	0.5	98612	126	98549	5534193	56.12
2000-2004	22	0.00122	0.00122	0.5	98486	120	98426	5435644	55.19
2000-2004	23	0.00110	0.00110	0.5	98365	108	98311	5337219	54.26
2000-2004	24	0.00102	0.00102	0.5	98258	100	98207	5238907	53.32
2000-2004	25	0.00109	0.00108	0.5	98157	106	98104	5140700	52.37
2000-2004	26	0.00114	0.00114	0.5	98051	111	97995	5042596	51.43
2000-2004	27	0.00094	0.00094	0.5	97939	92	97893	4944600	50.49
2000-2004	28	0.00098	0.00098	0.5	97847	96	97799	4846707	49.53
2000-2004	29	0.00090	0.00090	0.5	97752	88	97708	4748908	48.58
2000-2004	30	0.00099	0.00099	0.5	97664	97	97615	4651200	47.62
2000-2004	31	0.00107	0.00107	0.5	97567	105	97515	4553584	46.67
2000-2004	32	0.00130	0.00130	0.5	97462	127	97399	4456070	45.72
2000-2004	33	0.00124	0.00124	0.5	97335	121	97275	4358671	44.78
2000-2004	34	0.00137	0.00137	0.5	97214	133	97148	4261396	43.84
2000-2004	35	0.00138	0.00138	0.5	97081	134	97014	4164248	42.89
2000-2004	36	0.00145	0.00145	0.5	96948	141	96877	4067234	41.95
2000-2004	37	0.00152	0.00151	0.5	96807	147	96734	3970357	41.01
2000-2004	38	0.00180	0.00179	0.5	96660	173	96574	3873623	40.07
2000-2004	39	0.00196	0.00195	0.5	96487	189	96393	3777050	39.15
2000-2004	40	0.00203	0.00203	0.5	96298	195	96201	3680657	38.22
2000-2004	41	0.00220	0.00220	0.5	96103	211	95997	3584456	37.30
2000-2004	42	0.00231	0.00231	0.5	95892	222	95781	3488459	36.38
2000-2004	43	0.00255	0.00255	0.5	95670	244	95548	3392678	35.46
2000-2004	44	0.00268	0.00268	0.5	95426	256	95298	3297130	34.55
2000-2004	45	0.00299	0.00298	0.5	95171	284	95029	3201832	33.64
2000-2004	46	0.00364	0.00364	0.5	94887	345	94714	3106803	32.74
2000-2004	47	0.00349	0.00349	0.5	94542	330	94377	3012089	31.86
2000-2004	48	0.00416	0.00415	0.5	94212	391	94017	2917712	30.97
2000-2004	49	0.00427	0.00426	0.5	93821	400	93621	2823695	30.10
2000-2004	50	0.00447	0.00446	0.5	93421	417	93213	2730074	29.22
2000-2004	51	0.00482	0.00481	0.5	93004	447	92781	2636862	28.35
2000-2004	52	0.00519	0.00518	0.5	92557	479	92317	2544081	27.49
2000-2004	53	0.00570	0.00568	0.5	92078	523	91816	2451763	26.63
2000-2004	54	0.00597	0.00595	0.5	91555	545	91282	2359947	25.78
2000-2004	55	0.00664	0.00662	0.5	91009	603	90708	2268665	24.93
2000-2004	56	0.00700	0.00698	0.5	90407	631	90091	2177957	24.09
2000-2004	57	0.00761	0.00758	0.5	89776	681	89436	2087866	23.26
2000-2004	58	0.00803	0.00800	0.5	89095	713	88739	1998430	22.43
2000-2004	59	0.00959	0.00954	0.5	88383	844	87961	1909691	21.61
2000-2004	60	0.01069	0.01064	0.5	87539	931	87074	1821730	20.81
2000-2004	61	0.01155	0.01149	0.5	86608	995	86111	1734656	20.03
2000-2004	62	0.01226	0.01218	0.5	85614	1043	85092	1648545	19.26
2000-2004	63	0.01412	0.01402	0.5	84570	1185	83978	1563453	18.49
2000-2004	64	0.01504	0.01493	0.5	83385	1245	82762	1479475	17.74
2000-2004	65	0.01717	0.01702	0.5	82140	1398	81441	1396713	17.00
2000-2004	66	0.01846	0.01829	0.5	80742	1477	80004	1315272	16.29
2000-2004	67	0.02035	0.02015	0.5	79265	1597	78467	1235268	15.58
2000-2004	68	0.02191	0.02167	0.5	77668	1683	76827	1156801	14.89
2000-2004	69	0.02452	0.02422	0.5	75985	1841	75065	1079975	14.21
2000-2004	70	0.02746	0.02709	0.5	74145	2008	73141	1004909	13.55
2000-2004	71	0.02904	0.02862	0.5	72136	2065	71104	931769	12.92
2000-2004	72	0.03203	0.03153	0.5	70072	2209	68967	860665	12.28
2000-2004	73	0.03515	0.03455	0.5	67863	2344	66690	791698	11.67
2000-2004	74	0.03812	0.03741	0.5	65518	2451	64293	725007	11.07
2000-2004	75	0.04253	0.04165	0.5	63067	2627	61754	660714	10.48
2000-2004	76	0.04689	0.04581	0.5	60441	2769	59056	598961	9.91
2000-2004	77	0.04997	0.04875	0.5	57672	2812	56266	539904	9.36
2000-2004	78	0.05337	0.05198	0.5	54860	2852	53434	483639	8.82
2000-2004	79	0.06234	0.06046	0.5	52008	3144	50436	430204	8.27
2000-2004	80	0.06789	0.06566	0.5	48864	3209	47260	379768	7.77
2000-2004	81	0.07357	0.07096	0.5	45655	3240	44036	332508	7.28
2000-2004	82	0.08322	0.07989	0.5	42416	3389	40721	288473	6.80
2000-2004	83	0.09347	0.08930	0.5	39027	3485	37284	247752	6.35
2000-2004	84	0.10488	0.09965	0.5	35542	3542	33771	210467	5.92
2000-2004	85	0.11617	0.10980	0.5	32000	3514	30243	176696	5.52
2000-2004	86	0.12926	0.12141	0.5	28487	3459	26757	146453	5.14
2000-2004	87	0.14385	0.13420	0.5	25028	3359	23349	119695	4.78
2000-2004	88	0.15996	0.14811	0.5	21669	3209	20064	96347	4.45
2000-2004	89	0.17787	0.16334	0.5	18460	3015	16952	76282	4.13
2000-2004	90	0.20174	0.18326	0.5	15445	2830	14029	59330	3.84
2000-2004	91	0.21730	0.19600	0.5	12614	2472	11378	45301	3.59
2000-2004	92	0.23955	0.21392	0.5	10142	2170	9057	33923	3.34
2000-2004	93	0.26286	0.23233	0.5	7972	1852	7046	24866	3.12
2000-2004	94	0.28759	0.25144	0.5	6120	1539	5351	17820	2.91
2000-2004	95	0.31366	0.27114	0.5	4581	1242	3960	12469	2.72
2000-2004	96	0.34096	0.29130	0.5	3339	973	2853	8509	2.55
2000-2004	97	0.36935	0.31177	0.5	2366	738	1998	5656	2.39
2000-2004	98	0.39868	0.33242	0.5	1629	541	1358	3659	2.25
2000-2004	99	0.42875	0.35307	0.5	1087	384	895	2301	2.12
2000-2004	100	0.45936	0.37356	0.5	703	263	572	1406	2.00
2000-2004	101	0.49028	0.39376	0.5	441	173	354	834	1.89
2000-2004	102	0.52128	0.41350	0.5	267	110	212	480	1.80
2000-2004	103	0.55211	0.43267	0.5	157	68	123	268	1.71
2000-2004	104	0.58255	0.45114	0.5	89	40	69	145	1.63
2000-2004	105	0.61237	0.46882	0.5	49	23	37	76	1.56
2000-2004	106	0.64137	0.48563	0.5	26	13	20	39	1.50
2000-2004	107	0.66937	0.50152	0.5	13	7	10	19	1.45
2000-2004	108	0.69622	0.51644	0.5	7	3	5	9	1.40
2000-2004	109	0.72180	0.53038	0.5	3	2	2	4	1.36
2000-2004	110+	0.74601	1.00000	1.34	2	2	2	2	1.34
2005-2009	0	0.00557	0.00554	0.06	100000	554	99479	7719371	77.19
2005-2009	1	0.00041	0.00041	0.5	99446	40	99426	7619891	76.62
2005-2009	2	0.00027	0.00027	0.5	99406	27	99392	7520466	75.65
2005-2009	3	0.00020	0.00020	0.5	99379	20	99369	7421074	74.67
2005-2009	4	0.00016	0.00016	0.5	99359	16	99351	7321705	73.69
2005-2009	5	0.00012	0.00012	0.5	99343	12	99338	7222353	72.70
2005-2009	6	0.00014	0.00014	0.5	99332	14	99325	7123016	71.71
2005-2009	7	0.00010	0.00010	0.5	99318	10	99313	7023691	70.72
2005-2009	8	0.00011	0.00011	0.5	99308	11	99302	6924378	69.73
2005-2009	9	0.00009	0.00009	0.5	99297	9	99293	6825076	68.73
2005-2009	10	0.00014	0.00014	0.5	99288	14	99281	6725783	67.74
2005-2009	11	0.00009	0.00009	0.5	99275	9	99270	6626502	66.75
2005-2009	12	0.00015	0.00015	0.5	99266	15	99258	6527231	65.76
2005-2009	13	0.00016	0.00016	0.5	99250	16	99242	6427973	64.77
2005-2009	14	0.00026	0.00026	0.5	99234	25	99222	6328731	63.78
2005-2009	15	0.00026	0.00026	0.5	99209	26	99196	6229509	62.79
2005-2009	16	0.00045	0.00045	0.5	99183	44	99161	6130313	61.81
2005-2009	17	0.00074	0.00074	0.5	99139	74	99102	6031152	60.84
2005-2009	18	0.00097	0.00097	0.5	99065	96	99017	5932050	59.88
2005-2009	19	0.00112	0.00112	0.5	98969	111	98914	5833033	58.94
2005-2009	20	0.00105	0.00105	0.5	98858	104	98806	5734120	58.00
2005-2009	21	0.00102	0.00102	0.5	98755	101	98704	5635313	57.06
2005-2009	22	0.00136	0.00136	0.5	98654	134	98587	5536609	56.12
2005-2009	23	0.00115	0.00115	0.5	98520	113	98463	5438022	55.20
2005-2009	24	0.00128	0.00128	0.5	98407	126	98344	5339559	54.26
2005-2009	25	0.00126	0.00126	0.5	98281	124	98219	5241215	53.33
2005-2009	26	0.00119	0.00119	0.5	98157	116	98099	5142996	52.40
2005-2009	27	0.00107	0.00107	0.5	98041	105	97988	5044897	51.46
2005-2009	28	0.00114	0.00113	0.5	97936	111	97880	4946909	50.51
2005-2009	29	0.00114	0.00114	0.5	97825	111	97769	4849028	49.57
2005-2009	30	0.00112	0.00112	0.5	97714	109	97659	4751259	48.62
2005-2009	31	0.00113	0.00113	0.5	97605	110	97549	4653600	47.68
2005-2009	32	0.00101	0.00101	0.5	97494	99	97445	4556051	46.73
2005-2009	33	0.00117	0.00117	0.5	97395	114	97339	4458606	45.78
2005-2009	34	0.00138	0.00138	0.5	97282	134	97215	4361267	44.83
2005-2009	35	0.00118	0.00118	0.5	97147	115	97090	4264053	43.89
2005-2009	36	0.00129	0.00129	0.5	97032	126	96970	4166963	42.94
2005-2009	37	0.00146	0.00146	0.5	96907	142	96836	4069993	42.00
2005-2009	38	0.00155	0.00155	0.5	96765	150	96690	3973157	41.06
2005-2009	39	0.00165	0.00165	0.5	96615	159	96536	3876467	40.12
2005-2009	40	0.00191	0.00191	0.5	96456	184	96364	3779931	39.19
2005-2009	41	0.00209	0.00208	0.5	96272	201	96171	3683567	38.26
2005-2009	42	0.00223	0.00223	0.5	96071	214	95964	3587396	37.34
2005-2009	43	0.00238	0.00237	0.5	95857	227	95743	3491432	36.42
2005-2009	44	0.00261	0.00261	0.5	95629	250	95505	3395689	35.51
2005-2009	45	0.00285	0.00285	0.5	95380	272	95244	3300184	34.60
2005-2009	46	0.00313	0.00312	0.5	95108	297	94959	3204940	33.70
2005-2009	47	0.00345	0.00344	0.5	94811	326	94648	3109981	32.80
2005-2009	48	0.00369	0.00368	0.5	94485	348	94311	3015333	31.91
2005-2009	49	0.00401	0.00401	0.5	94136	377	93948	2921023	31.03
2005-2009	50	0.00448	0.00447	0.5	93759	419	93550	2827075	30.15
2005-2009	51	0.00496	0.00494	0.5	93340	461	93110	2733525	29.29
2005-2009	52	0.00546	0.00545	0.5	92879	506	92626	2640415	28.43
2005-2009	53	0.00581	0.00579	0.5	92373	535	92105	2547789	27.58
2005-2009	54	0.00625	0.00623	0.5	91838	572	91552	2455684	26.74
2005-2009	55	0.00678	0.00676	0.5	91266	617	90957	2364132	25.90
2005-2009	56	0.00710	0.00708	0.5	90649	641	90328	2273175	25.08
2005-2009	57	0.00753	0.00750	0.5	90007	675	89670	2182847	24.25
2005-2009	58	0.00781	0.00778	0.5	89333	695	88985	2093177	23.43
2005-2009	59	0.00849	0.00846	0.5	88638	750	88263	2004191	22.61
2005-2009	60	0.00970	0.00966	0.5	87888	849	87464	1915928	21.80
2005-2009	61	0.01038	0.01033	0.5	87039	899	86590	1828465	21.01
2005-2009	62	0.01139	0.01133	0.5	86140	976	85652	1741875	20.22
2005-2009	63	0.01191	0.01184	0.5	85164	1008	84660	1656223	19.45
2005-2009	64	0.01287	0.01279	0.5	84156	1077	83618	1571562	18.67
2005-2009	65	0.01499	0.01488	0.5	83080	1236	82462	1487944	17.91
2005-2009	66	0.01597	0.01584	0.5	81844	1296	81196	1405482	17.17
2005-2009	67	0.01756	0.01741	0.5	80547	1402	79846	1324287	16.44
2005-2009	68	0.01859	0.01842	0.5	79145	1458	78416	1244441	15.72
2005-2009	69	0.01981	0.01962	0.5	77687	1524	76925	1166025	15.01
2005-2009	70	0.02337	0.02310	0.5	76163	1759	75283	1089099	14.30
2005-2009	71	0.02533	0.02502	0.5	74404	1861	73473	1013816	13.63
2005-2009	72	0.02830	0.02791	0.5	72542	2025	71530	940343	12.96
2005-2009	73	0.03016	0.02971	0.5	70518	2095	69470	868813	12.32
2005-2009	74	0.03520	0.03459	0.5	68423	2367	67239	799342	11.68
2005-2009	75	0.03769	0.03699	0.5	66056	2444	64834	732103	11.08
2005-2009	76	0.04081	0.03999	0.5	63612	2544	62340	667269	10.49
2005-2009	77	0.04533	0.04433	0.5	61068	2707	59715	604929	9.91
2005-2009	78	0.05092	0.04965	0.5	58361	2898	56912	545214	9.34
2005-2009	79	0.05586	0.05434	0.5	55463	3014	53956	488302	8.80
2005-2009	80	0.05991	0.05817	0.5	52449	3051	50924	434346	8.28
2005-2009	81	0.06830	0.06605	0.5	49398	3263	47767	383422	7.76
2005-2009	82	0.07392	0.07128	0.5	46136	3289	44491	335655	7.28
2005-2009	83	0.08236	0.07910	0.5	42847	3389	41152	291163	6.80
2005-2009	84	0.09176	0.08773	0.5	39458	3462	37727	250011	6.34
2005-2009	85	0.10582	0.10050	0.5	35996	3618	34187	212284	5.90
2005-2009	86	0.11498	0.10873	0.5	32378	3521	30618	178097	5.50
2005-2009	87	0.12623	0.11874	0.5	28858	3426	27145	147479	5.11
2005-2009	88	0.14454	0.13480	0.5	25431	3428	23717	120334	4.73
2005-2009	89	0.16296	0.15068	0.5	22003	3315	20345	96617	4.39
2005-2009	90	0.17990	0.16506	0.5	18688	3085	17145	76272	4.08
2005-2009	91	0.20022	0.18200	0.5	15603	2840	14183	59126	3.79
2005-2009	92	0.22218	0.19997	0.5	12763	2552	11487	44943	3.52
2005-2009	93	0.24496	0.21823	0.5	10211	2228	9097	33456	3.28
2005-2009	94	0.26927	0.23732	0.5	7983	1894	7036	24359	3.05
2005-2009	95	0.29505	0.25712	0.5	6088	1565	5306	17323	2.85
2005-2009	96	0.32221	0.27750	0.5	4523	1255	3895	12018	2.66
2005-2009	97	0.35062	0.29832	0.5	3268	975	2780	8122	2.49
2005-2009	98	0.38014	0.31943	0.5	2293	732	1927	5342	2.33
2005-2009	99	0.41057	0.34064	0.5	1561	532	1295	3415	2.19
2005-2009	100	0.44170	0.36180	0.5	1029	372	843	2121	2.06
2005-2009	101	0.47329	0.38272	0.5	657	251	531	1278	1.95
2005-2009	102	0.50510	0.40326	0.5	405	163	324	747	1.84
2005-2009	103	0.53687	0.42325	0.5	242	102	191	423	1.75
2005-2009	104	0.56834	0.44258	0.5	140	62	109	232	1.67
2005-2009	105	0.59927	0.46111	0.5	78	36	60	124	1.59
2005-2009	106	0.62943	0.47876	0.5	42	20	32	64	1.53
2005-2009	107	0.65861	0.49546	0.5	22	11	16	32	1.47
2005-2009	108	0.68664	0.51115	0.5	11	6	8	16	1.42
2005-2009	109	0.71337	0.52582	0.5	5	3	4	7	1.38
2005-2009	110+	0.73868	1.00000	1.35	3	3	3	3	1.35
2010-2014	0	0.00503	0.00501	0.06	100000	501	99529	7802342	78.02
2010-2014	1	0.00036	0.00036	0.5	99499	35	99482	7702814	77.42
2010-2014	2	0.00023	0.00023	0.5	99464	23	99452	7603332	76.44
2010-2014	3	0.00022	0.00022	0.5	99441	22	99430	7503880	75.46
2010-2014	4	0.00013	0.00013	0.5	99419	13	99413	7404450	74.48
2010-2014	5	0.00013	0.00013	0.5	99406	13	99400	7305037	73.49
2010-2014	6	0.00009	0.00009	0.5	99393	9	99389	7205637	72.50
2010-2014	7	0.00010	0.00010	0.5	99385	10	99379	7106248	71.50
2010-2014	8	0.00009	0.00009	0.5	99374	9	99370	7006869	70.51
2010-2014	9	0.00008	0.00008	0.5	99365	8	99361	6907499	69.52
2010-2014	10	0.00011	0.00011	0.5	99357	11	99352	6808138	68.52
2010-2014	11	0.00011	0.00011	0.5	99346	11	99341	6708787	67.53
2010-2014	12	0.00013	0.00013	0.5	99336	13	99329	6609446	66.54
2010-2014	13	0.00013	0.00013	0.5	99322	13	99316	6510117	65.55
2010-2014	14	0.00027	0.00027	0.5	99310	27	99296	6410801	64.55
2010-2014	15	0.00031	0.00031	0.5	99282	31	99267	6311505	63.57
2010-2014	16	0.00037	0.00037	0.5	99252	37	99233	6212238	62.59
2010-2014	17	0.00054	0.00054	0.5	99215	54	99188	6113004	61.61
2010-2014	18	0.00086	0.00086	0.5	99161	85	99118	6013816	60.65
2010-2014	19	0.00082	0.00082	0.5	99076	81	99035	5914698	59.70
2010-2014	20	0.00089	0.00089	0.5	98995	88	98951	5815663	58.75
2010-2014	21	0.00104	0.00104	0.5	98907	103	98856	5716711	57.80
2010-2014	22	0.00106	0.00106	0.5	98804	105	98752	5617856	56.86
2010-2014	23	0.00121	0.00120	0.5	98699	119	98640	5519104	55.92
2010-2014	24	0.00098	0.00098	0.5	98580	96	98532	5420464	54.99
2010-2014	25	0.00111	0.00111	0.5	98484	110	98429	5321932	54.04
2010-2014	26	0.00111	0.00111	0.5	98374	109	98320	5223503	53.10
2010-2014	27	0.00101	0.00101	0.5	98265	99	98216	5125183	52.16
2010-2014	28	0.00127	0.00127	0.5	98166	124	98104	5026967	51.21
2010-2014	29	0.00100	0.00100	0.5	98042	98	97993	4928864	50.27
2010-2014	30	0.00115	0.00115	0.5	97944	112	97888	4830871	49.32
2010-2014	31	0.00112	0.00112	0.5	97831	109	97777	4732983	48.38
2010-2014	32	0.00125	0.00125	0.5	97722	122	97661	4635207	47.43
2010-2014	33	0.00112	0.00112	0.5	97600	109	97546	4537545	46.49
2010-2014	34	0.00118	0.00118	0.5	97491	115	97434	4439999	45.54
2010-2014	35	0.00122	0.00122	0.5	97377	119	97317	4342565	44.60
2010-2014	36	0.00133	0.00133	0.5	97258	129	97193	4245248	43.65
2010-2014	37	0.00138	0.00138	0.5	97128	134	97061	4148055	42.71
2010-2014	38	0.00155	0.00154	0.5	96994	150	96919	4050994	41.77
2010-2014	39	0.00145	0.00145	0.5	96844	140	96774	3954075	40.83
2010-2014	40	0.00171	0.00171	0.5	96704	165	96621	3857301	39.89
2010-2014	41	0.00181	0.00181	0.5	96539	175	96452	3760680	38.96
2010-2014	42	0.00192	0.00192	0.5	96364	185	96272	3664229	38.02
2010-2014	43	0.00207	0.00207	0.5	96179	199	96080	3567957	37.10
2010-2014	44	0.00235	0.00234	0.5	95980	225	95868	3471877	36.17
2010-2014	45	0.00261	0.00260	0.5	95755	249	95631	3376009	35.26
2010-2014	46	0.00265	0.00265	0.5	95506	253	95379	3280379	34.35
2010-2014	47	0.00294	0.00294	0.5	95253	280	95113	3184999	33.44
2010-2014	48	0.00345	0.00345	0.5	94973	327	94810	3089886	32.53
2010-2014	49	0.00375	0.00375	0.5	94646	355	94469	2995076	31.64
2010-2014	50	0.00416	0.00415	0.5	94292	391	94096	2900608	30.76
2010-2014	51	0.00460	0.00459	0.5	93900	431	93685	2806512	29.89
2010-2014	52	0.00527	0.00525	0.5	93469	491	93224	2712827	29.02
2010-2014	53	0.00550	0.00549	0.5	92978	510	92723	2619603	28.17
2010-2014	54	0.00611	0.00609	0.5	92468	563	92187	2526880	27.33
2010-2014	55	0.00658	0.00655	0.5	91905	602	91604	2434693	26.49
2010-2014	56	0.00729	0.00726	0.5	91303	663	90972	2343089	25.66
2010-2014	57	0.00784	0.00781	0.5	90640	708	90286	2252117	24.85
2010-2014	58	0.00817	0.00814	0.5	89932	732	89566	2161831	24.04
2010-2014	59	0.00937	0.00933	0.5	89200	832	88784	2072264	23.23
2010-2014	60	0.00951	0.00947	0.5	88368	837	87950	1983480	22.45
2010-2014	61	0.01049	0.01044	0.5	87531	914	87075	1895530	21.66
2010-2014	62	0.01100	0.01094	0.5	86618	947	86144	1808456	20.88
2010-2014	63	0.01233	0.01225	0.5	85670	1050	85146	1722311	20.10
2010-2014	64	0.01247	0.01240	0.5	84621	1049	84096	1637166	19.35
2010-2014	65	0.01315	0.01306	0.5	83572	1092	83026	1553069	18.58
2010-2014	66	0.01480	0.01469	0.5	82480	1212	81874	1470043	17.82
2010-2014	67	0.01563	0.01551	0.5	81268	1261	80638	1388169	17.08
2010-2014	68	0.01740	0.01725	0.5	80008	1380	79318	1307531	16.34
2010-2014	69	0.01887	0.01869	0.5	78628	1470	77893	1228213	15.62
2010-2014	70	0.02082	0.02061	0.5	77158	1590	76363	1150320	14.91
2010-2014	71	0.02294	0.02268	0.5	75568	1714	74711	1073957	14.21
2010-2014	72	0.02449	0.02419	0.5	73854	1787	72961	999246	13.53
2010-2014	73	0.02732	0.02695	0.5	72067	1942	71096	926285	12.85
2010-2014	74	0.02899	0.02857	0.5	70125	2004	69124	855189	12.20
2010-2014	75	0.03316	0.03262	0.5	68122	2222	67011	786065	11.54
2010-2014	76	0.03733	0.03665	0.5	65900	2415	64692	719055	10.91
2010-2014	77	0.04076	0.03994	0.5	63485	2536	62217	654362	10.31
2010-2014	78	0.04539	0.04438	0.5	60949	2705	59596	592146	9.72
2010-2014	79	0.05151	0.05022	0.5	58244	2925	56781	532549	9.14
2010-2014	80	0.05462	0.05317	0.5	55319	2941	53848	475768	8.60
2010-2014	81	0.06241	0.06052	0.5	52378	3170	50793	421920	8.06
2010-2014	82	0.06693	0.06476	0.5	49208	3187	47614	371127	7.54
2010-2014	83	0.07485	0.07215	0.5	46021	3320	44361	323512	7.03
2010-2014	84	0.08663	0.08303	0.5	42701	3545	40928	279151	6.54
2010-2014	85	0.09570	0.09133	0.5	39155	3576	37367	238224	6.08
2010-2014	86	0.10705	0.10161	0.5	35579	3615	33771	200857	5.65
2010-2014	87	0.12074	0.11386	0.5	31964	3640	30144	167085	5.23
2010-2014	88	0.13778	0.12890	0.5	28324	3651	26499	136941	4.83
2010-2014	89	0.15310	0.14221	0.5	24673	3509	22919	110442	4.48
2010-2014	90	0.17079	0.15735	0.5	21164	3330	19499	87523	4.14
2010-2014	91	0.19302	0.17603	0.5	17834	3139	16265	68024	3.81
2010-2014	92	0.22253	0.20025	0.5	14695	2943	13224	51760	3.52
2010-2014	93	0.24170	0.21564	0.5	11752	2534	10485	38536	3.28
2010-2014	94	0.26730	0.23579	0.5	9218	2174	8131	28051	3.04
2010-2014	95	0.29457	0.25675	0.5	7045	1809	6140	19920	2.83
2010-2014	96	0.32338	0.27837	0.5	5236	1458	4507	13779	2.63
2010-2014	97	0.35360	0.30048	0.5	3778	1135	3211	9272	2.45
2010-2014	98	0.38504	0.32288	0.5	2643	853	2216	6062	2.29
2010-2014	99	0.41747	0.34538	0.5	1790	618	1481	3845	2.15
2010-2014	100	0.45063	0.36777	0.5	1172	431	956	2365	2.02
2010-2014	101	0.48423	0.38984	0.5	741	289	596	1409	1.90
2010-2014	102	0.51798	0.41142	0.5	452	186	359	812	1.80
2010-2014	103	0.55156	0.43233	0.5	266	115	208	453	1.70
2010-2014	104	0.58468	0.45242	0.5	151	68	117	245	1.62
2010-2014	105	0.61705	0.47156	0.5	83	39	63	128	1.55
2010-2014	106	0.64842	0.48966	0.5	44	21	33	65	1.48
2010-2014	107	0.67855	0.50666	0.5	22	11	17	32	1.43
2010-2014	108	0.70727	0.52250	0.5	11	6	8	15	1.38
2010-2014	109	0.73443	0.53717	0.5	5	3	4	7	1.34
2010-2014	110+	0.75992	1.00000	1.32	2	2	3	3	1.32
2015-2019	0	0.00463	0.00461	0.06	100000	461	99565	7808887	78.09
2015-2019	1	0.00033	0.00033	0.5	99539	33	99522	7709321	77.45
2015-2019	2	0.00018	0.00018	0.5	99506	18	99497	7609799	76.48
2015-2019	3	0.00016	0.00016	0.5	99487	16	99479	7510302	75.49
2015-2019	4	0.00013	0.00013	0.5	99471	13	99465	7410823	74.50
2015-2019	5	0.00006	0.00006	0.5	99458	6	99455	7311358	73.51
2015-2019	6	0.00010	0.00010	0.5	99453	10	99448	7211903	72.52
2015-2019	7	0.00009	0.00009	0.5	99443	9	99438	7112455	71.52
2015-2019	8	0.00010	0.00010	0.5	99434	10	99429	7013017	70.53
2015-2019	9	0.00009	0.00009	0.5	99424	9	99419	6913588	69.54
2015-2019	10	0.00012	0.00012	0.5	99415	12	99409	6814169	68.54
2015-2019	11	0.00009	0.00009	0.5	99403	9	99399	6714760	67.55
2015-2019	12	0.00013	0.00013	0.5	99394	12	99388	6615361	66.56
2015-2019	13	0.00015	0.00015	0.5	99382	15	99374	6515973	65.57
2015-2019	14	0.00026	0.00026	0.5	99367	26	99354	6416599	64.57
2015-2019	15	0.00032	0.00032	0.5	99341	32	99325	6317245	63.59
2015-2019	16	0.00053	0.00053	0.5	99309	53	99283	6217919	62.61
2015-2019	17	0.00061	0.00061	0.5	99257	61	99226	6118636	61.64
2015-2019	18	0.00091	0.00091	0.5	99196	91	99151	6019410	60.68
2015-2019	19	0.00098	0.00098	0.5	99105	97	99057	5920259	59.74
2015-2019	20	0.00100	0.00100	0.5	99009	99	98959	5821202	58.79
2015-2019	21	0.00126	0.00126	0.5	98910	125	98848	5722243	57.85
2015-2019	22	0.00119	0.00118	0.5	98785	117	98727	5623395	56.93
2015-2019	23	0.00103	0.00103	0.5	98668	102	98617	5524668	55.99
2015-2019	24	0.00103	0.00103	0.5	98567	102	98516	5426051	55.05
2015-2019	25	0.00117	0.00117	0.5	98465	115	98408	5327535	54.11
2015-2019	26	0.00099	0.00099	0.5	98350	97	98302	5229127	53.17
2015-2019	27	0.00131	0.00131	0.5	98253	129	98189	5130826	52.22
2015-2019	28	0.00125	0.00125	0.5	98124	122	98063	5032637	51.29
2015-2019	29	0.00114	0.00114	0.5	98002	112	97946	4934574	50.35
2015-2019	30	0.00127	0.00127	0.5	97890	124	97828	4836628	49.41
2015-2019	31	0.00136	0.00135	0.5	97766	132	97700	4738800	48.47
2015-2019	32	0.00121	0.00121	0.5	97634	118	97575	4641100	47.54
2015-2019	33	0.00135	0.00135	0.5	97516	132	97450	4543524	46.59
2015-2019	34	0.00151	0.00151	0.5	97384	147	97311	4446074	45.65
2015-2019	35	0.00157	0.00157	0.5	97238	153	97161	4348763	44.72
2015-2019	36	0.00158	0.00158	0.5	97085	153	97008	4251602	43.79
2015-2019	37	0.00155	0.00155	0.5	96932	150	96857	4154593	42.86
2015-2019	38	0.00168	0.00168	0.5	96782	163	96700	4057737	41.93
2015-2019	39	0.00153	0.00153	0.5	96619	148	96545	3961036	41.00
2015-2019	40	0.00192	0.00191	0.5	96471	185	96379	3864491	40.06
2015-2019	41	0.00189	0.00189	0.5	96287	182	96196	3768112	39.13
2015-2019	42	0.00216	0.00216	0.5	96105	208	96001	3671916	38.21
2015-2019	43	0.00209	0.00209	0.5	95897	200	95797	3575915	37.29
2015-2019	44	0.00243	0.00242	0.5	95697	232	95581	3480118	36.37
2015-2019	45	0.00247	0.00246	0.5	95465	235	95347	3384537	35.45
2015-2019	46	0.00277	0.00277	0.5	95230	264	95098	3289190	34.54
2015-2019	47	0.00321	0.00320	0.5	94966	304	94814	3194092	33.63
2015-2019	48	0.00323	0.00323	0.5	94662	305	94509	3099278	32.74
2015-2019	49	0.00366	0.00366	0.5	94357	345	94184	3004769	31.84
2015-2019	50	0.00422	0.00421	0.5	94011	395	93814	2910585	30.96
2015-2019	51	0.00456	0.00455	0.5	93616	426	93403	2816771	30.09
2015-2019	52	0.00479	0.00478	0.5	93190	446	92968	2723368	29.22
2015-2019	53	0.00512	0.00511	0.5	92745	474	92508	2630400	28.36
2015-2019	54	0.00604	0.00602	0.5	92271	556	91993	2537892	27.50
2015-2019	55	0.00649	0.00647	0.5	91715	593	91419	2445899	26.67
2015-2019	56	0.00692	0.00690	0.5	91122	629	90808	2354480	25.84
2015-2019	57	0.00732	0.00730	0.5	90493	660	90163	2263673	25.01
2015-2019	58	0.00789	0.00786	0.5	89833	706	89480	2173509	24.19
2015-2019	59	0.00893	0.00889	0.5	89127	792	88731	2084029	23.38
2015-2019	60	0.00954	0.00949	0.5	88335	838	87916	1995298	22.59
2015-2019	61	0.01070	0.01065	0.5	87497	931	87031	1907382	21.80
2015-2019	62	0.01142	0.01136	0.5	86565	983	86074	1820351	21.03
2015-2019	63	0.01257	0.01249	0.5	85582	1069	85048	1734277	20.26
2015-2019	64	0.01329	0.01321	0.5	84513	1116	83955	1649229	19.51
2015-2019	65	0.01429	0.01419	0.5	83397	1183	82806	1565274	18.77
2015-2019	66	0.01534	0.01523	0.5	82214	1252	81588	1482468	18.03
2015-2019	67	0.01583	0.01571	0.5	80962	1272	80326	1400880	17.30
2015-2019	68	0.01698	0.01684	0.5	79691	1342	79020	1320554	16.57
2015-2019	69	0.01899	0.01882	0.5	78349	1474	77612	1241534	15.85
2015-2019	70	0.02033	0.02013	0.5	76875	1547	76101	1163922	15.14
2015-2019	71	0.02214	0.02189	0.5	75327	1649	74503	1087822	14.44
2015-2019	72	0.02432	0.02403	0.5	73678	1770	72793	1013319	13.75
2015-2019	73	0.02613	0.02580	0.5	71908	1855	70980	940526	13.08
2015-2019	74	0.02899	0.02858	0.5	70053	2002	69052	869546	12.41
2015-2019	75	0.03199	0.03148	0.5	68051	2143	66980	800494	11.76
2015-2019	76	0.03496	0.03436	0.5	65908	2265	64776	733515	11.13
2015-2019	77	0.03941	0.03865	0.5	63644	2460	62414	668739	10.51
2015-2019	78	0.04245	0.04157	0.5	61184	2543	59912	606325	9.91
2015-2019	79	0.04953	0.04833	0.5	58641	2834	57224	546412	9.32
2015-2019	80	0.05554	0.05404	0.5	55806	3016	54298	489189	8.77
2015-2019	81	0.05960	0.05788	0.5	52791	3055	51263	434890	8.24
2015-2019	82	0.06486	0.06282	0.5	49735	3124	48173	383627	7.71
2015-2019	83	0.07322	0.07064	0.5	46611	3293	44964	335454	7.20
2015-2019	84	0.08229	0.07904	0.5	43318	3424	41606	290490	6.71
2015-2019	85	0.09202	0.08797	0.5	39894	3510	38140	248884	6.24
2015-2019	86	0.10394	0.09881	0.5	36385	3595	34587	210744	5.79
2015-2019	87	0.11437	0.10818	0.5	32790	3547	31016	176157	5.37
2015-2019	88	0.13192	0.12376	0.5	29242	3619	27433	145141	4.96
2015-2019	89	0.14545	0.13559	0.5	25623	3474	23886	117708	4.59
2015-2019	90	0.16746	0.15453	0.5	22149	3423	20438	93822	4.24
2015-2019	91	0.18736	0.17132	0.5	18726	3208	17122	73384	3.92
2015-2019	92	0.21073	0.19064	0.5	15518	2958	14039	56262	3.63
2015-2019	93	0.23392	0.20943	0.5	12560	2630	11245	42223	3.36
2015-2019	94	0.25883	0.22917	0.5	9929	2276	8792	30978	3.12
2015-2019	95	0.28540	0.24976	0.5	7654	1912	6698	22187	2.90
2015-2019	96	0.31355	0.27105	0.5	5742	1556	4964	15489	2.70
2015-2019	97	0.34314	0.29289	0.5	4186	1226	3573	10525	2.51
2015-2019	98	0.37400	0.31508	0.5	2960	933	2494	6952	2.35
2015-2019	99	0.40591	0.33743	0.5	2027	684	1685	4458	2.20
2015-2019	100	0.43865	0.35975	0.5	1343	483	1102	2773	2.06
2015-2019	101	0.47193	0.38183	0.5	860	328	696	1672	1.94
2015-2019	102	0.50546	0.40348	0.5	532	214	424	976	1.84
2015-2019	103	0.53894	0.42454	0.5	317	135	250	551	1.74
2015-2019	104	0.57207	0.44483	0.5	182	81	142	302	1.65
2015-2019	105	0.60457	0.46424	0.5	101	47	78	160	1.58
2015-2019	106	0.63617	0.48265	0.5	54	26	41	82	1.51
2015-2019	107	0.66663	0.49998	0.5	28	14	21	41	1.45
2015-2019	108	0.69577	0.51619	0.5	14	7	10	20	1.40
2015-2019	109	0.72342	0.53126	0.5	7	4	5	9	1.36
2015-2019	110+	0.74945	1.00000	1.33	3	3	4	4	1.33
