NJ: New Jersey, Lifetables (period 5x10), Both sexes Last modified: 20 Dec 2020, MPv5 (May07) 

Year     	Age	mx	qx	ax	lx	dx	Lx	Tx	ex
1960-1969	0	0.02307	0.02260	0.11	100000	2260	97994	7022108	70.22
1960-1969	1-4	0.00082	0.00329	1.66	97740	321	390207	6924114	70.84
1960-1969	5-9	0.00041	0.00203	2.31	97418	198	486560	6533907	67.07
1960-1969	10-14	0.00035	0.00177	2.67	97220	172	485702	6047347	62.20
1960-1969	15-19	0.00078	0.00387	2.88	97049	376	484447	5561645	57.31
1960-1969	20-24	0.00107	0.00535	2.49	96673	518	482068	5077198	52.52
1960-1969	25-29	0.00116	0.00577	2.56	96155	555	479425	4595130	47.79
1960-1969	30-34	0.00145	0.00725	2.65	95600	693	476373	4115705	43.05
1960-1969	35-39	0.00220	0.01092	2.67	94907	1037	472126	3639331	38.35
1960-1969	40-44	0.00346	0.01714	2.67	93871	1609	465602	3167206	33.74
1960-1969	45-49	0.00565	0.02786	2.68	92262	2571	455349	2701604	29.28
1960-1969	50-54	0.00924	0.04522	2.68	89691	4056	439033	2246254	25.04
1960-1969	55-59	0.01416	0.06852	2.65	85635	5868	414372	1807222	21.10
1960-1969	60-64	0.02177	0.10353	2.63	79768	8259	379284	1392850	17.46
1960-1969	65-69	0.03298	0.15276	2.59	71509	10924	331216	1013566	14.17
1960-1969	70-74	0.05002	0.22300	2.57	60585	13510	270102	682350	11.26
1960-1969	75-79	0.07481	0.31508	2.5	47075	14832	198279	412248	8.76
1960-1969	80-84	0.11301	0.43883	2.46	32242	14149	125203	213969	6.64
1960-1969	85-89	0.17274	0.58867	2.3	18093	10651	61658	88766	4.91
1960-1969	90-94	0.25148	0.73028	2.13	7442	5435	21612	27108	3.64
1960-1969	95-99	0.35029	0.84310	1.92	2007	1692	4832	5496	2.74
1960-1969	100-104	0.46581	0.91721	1.7	315	289	620	664	2.11
1960-1969	105-109	0.58637	0.95771	1.48	26	25	43	44	1.70
1960-1969	110+	0.68221	1.00000	1.47	1	1	2	2	1.47
1970-1979	0	0.01604	0.01581	0.09	100000	1581	98565	7247036	72.47
1970-1979	1-4	0.00065	0.00259	1.71	98419	255	393091	7148471	72.63
1970-1979	5-9	0.00033	0.00166	2.29	98164	163	490377	6755379	68.82
1970-1979	10-14	0.00031	0.00153	2.74	98001	150	489666	6265002	63.93
1970-1979	15-19	0.00083	0.00413	2.92	97851	404	488416	5775336	59.02
1970-1979	20-24	0.00122	0.00607	2.51	97447	591	485760	5286920	54.25
1970-1979	25-29	0.00114	0.00566	2.5	96856	549	482905	4801160	49.57
1970-1979	30-34	0.00134	0.00668	2.62	96307	644	480004	4318255	44.84
1970-1979	35-39	0.00189	0.00942	2.69	95664	901	476238	3838251	40.12
1970-1979	40-44	0.00300	0.01492	2.69	94763	1413	470542	3362013	35.48
1970-1979	45-49	0.00491	0.02427	2.67	93349	2265	461475	2891471	30.97
1970-1979	50-54	0.00762	0.03743	2.67	91084	3409	447477	2429997	26.68
1970-1979	55-59	0.01185	0.05766	2.65	87674	5056	426500	1982520	22.61
1970-1979	60-64	0.01839	0.08810	2.63	82619	7279	395826	1556020	18.83
1970-1979	65-69	0.02761	0.12947	2.6	75340	9754	353318	1160194	15.40
1970-1979	70-74	0.04192	0.19026	2.58	65585	12478	297696	806876	12.30
1970-1979	75-79	0.06463	0.27872	2.53	53107	14802	229029	509180	9.59
1970-1979	80-84	0.09832	0.39426	2.49	38305	15102	153596	280151	7.31
1970-1979	85-89	0.14977	0.53696	2.37	23203	12459	83188	126556	5.45
1970-1979	90-94	0.22111	0.68373	2.21	10744	7346	33222	43368	4.04
1970-1979	95-99	0.31736	0.81216	1.99	3398	2760	8696	10146	2.99
1970-1979	100-104	0.43005	0.89914	1.76	638	574	1334	1450	2.27
1970-1979	105-109	0.55175	0.94878	1.54	64	61	111	116	1.80
1970-1979	110+	0.65061	1.00000	1.54	3	3	5	5	1.54
1980-1989	0	0.01085	0.01074	0.08	100000	1074	99010	7450016	74.50
1980-1989	1-4	0.00050	0.00198	1.66	98926	196	395244	7351006	74.31
1980-1989	5-9	0.00025	0.00125	2.39	98730	123	493328	6955761	70.45
1980-1989	10-14	0.00024	0.00121	2.72	98607	119	492761	6462433	65.54
1980-1989	15-19	0.00066	0.00331	2.9	98487	326	491752	5969673	60.61
1980-1989	20-24	0.00096	0.00479	2.58	98161	470	489669	5477920	55.81
1980-1989	25-29	0.00119	0.00591	2.57	97691	577	487054	4988251	51.06
1980-1989	30-34	0.00153	0.00762	2.59	97114	740	483785	4501197	46.35
1980-1989	35-39	0.00187	0.00932	2.57	96374	898	479690	4017412	41.69
1980-1989	40-44	0.00249	0.01236	2.64	95476	1180	474590	3537723	37.05
1980-1989	45-49	0.00395	0.01959	2.68	94296	1847	467204	3063133	32.48
1980-1989	50-54	0.00635	0.03129	2.66	92449	2893	455488	2595928	28.08
1980-1989	55-59	0.01007	0.04919	2.65	89556	4406	437441	2140441	23.90
1980-1989	60-64	0.01577	0.07600	2.64	85150	6471	410455	1702999	20.00
1980-1989	65-69	0.02377	0.11246	2.62	78679	8849	372310	1292545	16.43
1980-1989	70-74	0.03694	0.16964	2.6	69831	11846	320720	920234	13.18
1980-1989	75-79	0.05457	0.24078	2.56	57984	13961	255823	599515	10.34
1980-1989	80-84	0.08768	0.35968	2.5	44023	15834	180595	343692	7.81
1980-1989	85-89	0.13599	0.50238	2.4	28189	14161	104135	163096	5.79
1980-1989	90-94	0.20937	0.66326	2.24	14027	9304	44438	58962	4.20
1980-1989	95-99	0.30604	0.80104	2.03	4724	3784	12364	14524	3.07
1980-1989	100-104	0.42434	0.89667	1.78	940	843	1986	2160	2.30
1980-1989	105-109	0.55376	0.94985	1.54	97	92	167	174	1.79
1980-1989	110+	0.65914	1.00000	1.52	5	5	7	7	1.52
1990-1999	0	0.00816	0.00810	0.07	100000	810	99248	7625832	76.26
1990-1999	1-4	0.00036	0.00143	1.6	99190	142	396422	7526584	75.88
1990-1999	5-9	0.00017	0.00086	2.32	99049	85	495017	7130162	71.99
1990-1999	10-14	0.00018	0.00092	2.77	98964	91	494617	6635145	67.05
1990-1999	15-19	0.00055	0.00273	2.86	98873	270	493786	6140528	62.11
1990-1999	20-24	0.00083	0.00416	2.54	98603	410	492002	5646742	57.27
1990-1999	25-29	0.00104	0.00519	2.61	98192	509	489744	5154739	52.50
1990-1999	30-34	0.00150	0.00749	2.65	97683	732	486696	4664995	47.76
1990-1999	35-39	0.00208	0.01036	2.62	96951	1004	482361	4178299	43.10
1990-1999	40-44	0.00272	0.01351	2.61	95947	1296	476638	3695938	38.52
1990-1999	45-49	0.00359	0.01779	2.64	94651	1684	469271	3219300	34.01
1990-1999	50-54	0.00524	0.02588	2.66	92967	2406	459212	2750028	29.58
1990-1999	55-59	0.00824	0.04040	2.66	90560	3659	444252	2290817	25.30
1990-1999	60-64	0.01300	0.06304	2.64	86901	5479	421591	1846564	21.25
1990-1999	65-69	0.02034	0.09698	2.62	81423	7896	388282	1424974	17.50
1990-1999	70-74	0.03120	0.14515	2.61	73527	10672	342107	1036691	14.10
1990-1999	75-79	0.04743	0.21266	2.57	62854	13367	281812	694585	11.05
1990-1999	80-84	0.07751	0.32531	2.53	49488	16099	207693	412772	8.34
1990-1999	85-89	0.12297	0.46765	2.44	33389	15614	126978	205079	6.14
1990-1999	90-94	0.19646	0.64028	2.28	17775	11381	57930	78101	4.39
1990-1999	95-99	0.29598	0.79093	2.06	6394	5057	17086	20171	3.15
1990-1999	100-104	0.42184	0.89619	1.79	1337	1198	2840	3085	2.31
1990-1999	105-109	0.56067	0.95231	1.53	139	132	236	246	1.77
1990-1999	110+	0.67333	1.00000	1.49	7	7	10	10	1.49
2000-2009	0	0.00587	0.00584	0.06	100000	584	99454	7848761	78.49
2000-2009	1-4	0.00021	0.00082	1.61	99416	82	397468	7749307	77.95
2000-2009	5-9	0.00010	0.00050	2.31	99334	50	496536	7351839	74.01
2000-2009	10-14	0.00013	0.00067	2.75	99284	67	496271	6855304	69.05
2000-2009	15-19	0.00046	0.00231	3.12	99218	230	495656	6359033	64.09
2000-2009	20-24	0.00088	0.00438	2.53	98988	434	493868	5863377	59.23
2000-2009	25-29	0.00089	0.00442	2.53	98554	436	491692	5369509	54.48
2000-2009	30-34	0.00099	0.00494	2.57	98118	485	489413	4877817	49.71
2000-2009	35-39	0.00134	0.00667	2.68	97634	651	486659	4388404	44.95
2000-2009	40-44	0.00204	0.01013	2.65	96983	983	482610	3901745	40.23
2000-2009	45-49	0.00305	0.01514	2.65	96000	1453	476592	3419135	35.62
2000-2009	50-54	0.00452	0.02234	2.64	94547	2112	467751	2942543	31.12
2000-2009	55-59	0.00663	0.03264	2.65	92435	3017	455090	2474792	26.77
2000-2009	60-64	0.01020	0.04983	2.66	89417	4456	436654	2019702	22.59
2000-2009	65-69	0.01580	0.07617	2.65	84961	6472	409576	1583048	18.63
2000-2009	70-74	0.02515	0.11870	2.64	78490	9317	370427	1173471	14.95
2000-2009	75-79	0.04070	0.18540	2.6	69173	12825	315123	803045	11.61
2000-2009	80-84	0.06924	0.29635	2.57	56348	16699	241172	487922	8.66
2000-2009	85-89	0.11867	0.45665	2.48	39649	18106	152579	246750	6.22
2000-2009	90-94	0.19570	0.64021	2.3	21543	13792	70477	94171	4.37
2000-2009	95-99	0.30608	0.80372	2.05	7751	6230	20353	23694	3.06
2000-2009	100-104	0.44478	0.90972	1.75	1521	1384	3112	3341	2.20
2000-2009	105-109	0.59442	0.96104	1.48	137	132	222	230	1.67
2000-2009	110+	0.71239	1.00000	1.4	5	5	8	8	1.40
2010-2019	0	0.00445	0.00443	0.06	100000	443	99584	8022676	80.23
2010-2019	1-4	0.00018	0.00071	1.62	99557	70	398059	7923092	79.58
2010-2019	5-9	0.00009	0.00046	2.54	99486	46	497318	7525034	75.64
2010-2019	10-14	0.00011	0.00053	2.67	99440	53	497078	7027716	70.67
2010-2019	15-19	0.00034	0.00170	3.14	99387	169	496621	6530638	65.71
2010-2019	20-24	0.00084	0.00421	2.64	99218	417	495107	6034017	60.82
2010-2019	25-29	0.00108	0.00537	2.57	98801	530	492715	5538910	56.06
2010-2019	30-34	0.00117	0.00586	2.53	98271	575	489932	5046196	51.35
2010-2019	35-39	0.00132	0.00659	2.59	97695	644	486927	4556263	46.64
2010-2019	40-44	0.00169	0.00843	2.6	97051	818	483291	4069337	41.93
2010-2019	45-49	0.00260	0.01294	2.66	96233	1245	478254	3586046	37.26
2010-2019	50-54	0.00402	0.01990	2.67	94988	1891	470532	3107792	32.72
2010-2019	55-59	0.00599	0.02955	2.65	93098	2751	459030	2637260	28.33
2010-2019	60-64	0.00876	0.04292	2.64	90347	3878	442579	2178230	24.11
2010-2019	65-69	0.01303	0.06319	2.63	86469	5464	419409	1735651	20.07
2010-2019	70-74	0.02045	0.09753	2.65	81005	7901	386427	1316242	16.25
2010-2019	75-79	0.03310	0.15346	2.63	73105	11219	338920	929815	12.72
2010-2019	80-84	0.05666	0.24957	2.61	61886	15445	272584	590895	9.55
2010-2019	85-89	0.10023	0.40186	2.54	46441	18663	186207	318311	6.85
2010-2019	90-94	0.17352	0.59458	2.35	27778	16516	95182	132104	4.76
2010-2019	95-99	0.28080	0.77512	2.11	11262	8729	31087	36921	3.28
2010-2019	100-104	0.42186	0.89804	1.8	2533	2274	5391	5834	2.30
2010-2019	105-109	0.57842	0.95776	1.51	258	247	428	443	1.72
2010-2019	110+	0.70345	1.00000	1.42	11	11	16	16	1.42
