NJ: New Jersey, Lifetables (period 1x10), Females Last modified: 20 Dec 2020, MPv5 (May07) 

Year     	Age	mx	qx	ax	lx	dx	Lx	Tx	ex
1960-1969	0	0.01992	0.01957	0.11	100000	1957	98256	7347488	73.47
1960-1969	1	0.00116	0.00116	0.5	98043	114	97986	7249232	73.94
1960-1969	2	0.00080	0.00080	0.5	97929	79	97889	7151247	73.03
1960-1969	3	0.00060	0.00060	0.5	97850	59	97820	7053357	72.08
1960-1969	4	0.00051	0.00051	0.5	97791	50	97766	6955537	71.13
1960-1969	5	0.00042	0.00042	0.5	97741	41	97720	6857771	70.16
1960-1969	6	0.00036	0.00036	0.5	97700	35	97682	6760051	69.19
1960-1969	7	0.00032	0.00032	0.5	97665	32	97649	6662368	68.22
1960-1969	8	0.00032	0.00032	0.5	97633	31	97618	6564719	67.24
1960-1969	9	0.00026	0.00026	0.5	97603	26	97590	6467101	66.26
1960-1969	10	0.00024	0.00024	0.5	97577	23	97565	6369511	65.28
1960-1969	11	0.00028	0.00028	0.5	97554	27	97540	6271946	64.29
1960-1969	12	0.00026	0.00026	0.5	97527	26	97514	6174406	63.31
1960-1969	13	0.00026	0.00026	0.5	97501	26	97488	6076891	62.33
1960-1969	14	0.00032	0.00032	0.5	97475	31	97460	5979403	61.34
1960-1969	15	0.00040	0.00040	0.5	97444	39	97425	5881943	60.36
1960-1969	16	0.00039	0.00039	0.5	97405	38	97387	5784518	59.39
1960-1969	17	0.00048	0.00048	0.5	97368	47	97344	5687132	58.41
1960-1969	18	0.00058	0.00058	0.5	97321	57	97292	5589788	57.44
1960-1969	19	0.00053	0.00053	0.5	97264	52	97238	5492495	56.47
1960-1969	20	0.00058	0.00058	0.5	97212	56	97184	5395257	55.50
1960-1969	21	0.00063	0.00063	0.5	97156	61	97126	5298073	54.53
1960-1969	22	0.00063	0.00063	0.5	97095	61	97065	5200947	53.57
1960-1969	23	0.00060	0.00060	0.5	97034	58	97005	5103883	52.60
1960-1969	24	0.00070	0.00070	0.5	96976	68	96942	5006877	51.63
1960-1969	25	0.00074	0.00074	0.5	96908	72	96872	4909935	50.67
1960-1969	26	0.00069	0.00069	0.5	96836	67	96803	4813063	49.70
1960-1969	27	0.00078	0.00078	0.5	96769	76	96732	4716260	48.74
1960-1969	28	0.00092	0.00092	0.5	96694	89	96649	4619529	47.77
1960-1969	29	0.00100	0.00100	0.5	96605	97	96556	4522879	46.82
1960-1969	30	0.00102	0.00102	0.5	96508	99	96458	4426323	45.86
1960-1969	31	0.00097	0.00097	0.5	96409	94	96362	4329865	44.91
1960-1969	32	0.00114	0.00114	0.5	96316	110	96261	4233502	43.95
1960-1969	33	0.00126	0.00126	0.5	96206	121	96145	4137242	43.00
1960-1969	34	0.00132	0.00132	0.5	96085	127	96022	4041096	42.06
1960-1969	35	0.00148	0.00148	0.5	95958	142	95887	3945075	41.11
1960-1969	36	0.00159	0.00158	0.5	95816	152	95740	3849188	40.17
1960-1969	37	0.00173	0.00173	0.5	95664	165	95581	3753448	39.24
1960-1969	38	0.00192	0.00192	0.5	95499	183	95407	3657867	38.30
1960-1969	39	0.00208	0.00208	0.5	95316	198	95217	3562460	37.38
1960-1969	40	0.00228	0.00227	0.5	95118	216	95009	3467243	36.45
1960-1969	41	0.00234	0.00233	0.5	94901	221	94791	3372234	35.53
1960-1969	42	0.00270	0.00269	0.5	94680	255	94552	3277443	34.62
1960-1969	43	0.00287	0.00286	0.5	94425	271	94289	3182891	33.71
1960-1969	44	0.00299	0.00298	0.5	94154	281	94014	3088602	32.80
1960-1969	45	0.00354	0.00354	0.5	93873	332	93707	2994588	31.90
1960-1969	46	0.00379	0.00379	0.5	93541	354	93364	2900881	31.01
1960-1969	47	0.00427	0.00426	0.5	93187	397	92989	2807517	30.13
1960-1969	48	0.00450	0.00449	0.5	92790	417	92582	2714528	29.25
1960-1969	49	0.00504	0.00503	0.5	92373	464	92141	2621946	28.38
1960-1969	50	0.00574	0.00573	0.5	91909	526	91646	2529805	27.53
1960-1969	51	0.00574	0.00573	0.5	91383	523	91121	2438159	26.68
1960-1969	52	0.00662	0.00660	0.5	90859	600	90559	2347038	25.83
1960-1969	53	0.00696	0.00693	0.5	90259	626	89947	2256479	25.00
1960-1969	54	0.00779	0.00776	0.5	89634	695	89286	2166532	24.17
1960-1969	55	0.00822	0.00819	0.5	88938	728	88574	2077246	23.36
1960-1969	56	0.00886	0.00882	0.5	88210	778	87821	1988672	22.54
1960-1969	57	0.00976	0.00972	0.5	87432	850	87007	1900851	21.74
1960-1969	58	0.01056	0.01050	0.5	86582	909	86127	1813844	20.95
1960-1969	59	0.01167	0.01160	0.5	85673	994	85176	1727717	20.17
1960-1969	60	0.01236	0.01228	0.5	84679	1040	84159	1642541	19.40
1960-1969	61	0.01304	0.01296	0.5	83639	1084	83097	1558382	18.63
1960-1969	62	0.01551	0.01539	0.5	82555	1271	81920	1475285	17.87
1960-1969	63	0.01645	0.01632	0.5	81284	1326	80621	1393366	17.14
1960-1969	64	0.01764	0.01749	0.5	79958	1398	79259	1312745	16.42
1960-1969	65	0.02051	0.02031	0.5	78559	1595	77762	1233486	15.70
1960-1969	66	0.02115	0.02093	0.5	76964	1611	76159	1155725	15.02
1960-1969	67	0.02406	0.02377	0.5	75353	1791	74458	1079566	14.33
1960-1969	68	0.02622	0.02588	0.5	73562	1904	72610	1005108	13.66
1960-1969	69	0.02825	0.02786	0.5	71658	1996	70660	932498	13.01
1960-1969	70	0.03313	0.03259	0.5	69662	2271	68526	861838	12.37
1960-1969	71	0.03319	0.03265	0.5	67391	2200	66291	793312	11.77
1960-1969	72	0.04099	0.04017	0.5	65191	2619	63881	727021	11.15
1960-1969	73	0.04299	0.04209	0.5	62572	2633	61255	663140	10.60
1960-1969	74	0.04722	0.04613	0.5	59939	2765	58556	601884	10.04
1960-1969	75	0.05418	0.05276	0.5	57173	3016	55665	543328	9.50
1960-1969	76	0.05660	0.05504	0.5	54157	2981	52667	487663	9.00
1960-1969	77	0.06066	0.05887	0.5	51176	3013	49670	434996	8.50
1960-1969	78	0.07048	0.06808	0.5	48163	3279	46524	385326	8.00
1960-1969	79	0.07533	0.07259	0.5	44884	3258	43255	338802	7.55
1960-1969	80	0.08563	0.08211	0.5	41626	3418	39917	295547	7.10
1960-1969	81	0.08693	0.08331	0.5	38208	3183	36617	255630	6.69
1960-1969	82	0.09982	0.09507	0.5	35025	3330	33360	219013	6.25
1960-1969	83	0.11260	0.10660	0.5	31695	3379	30006	185654	5.86
1960-1969	84	0.12393	0.11669	0.5	28316	3304	26664	155648	5.50
1960-1969	85	0.13915	0.13010	0.5	25012	3254	23385	128984	5.16
1960-1969	86	0.14954	0.13914	0.5	21758	3027	20244	105599	4.85
1960-1969	87	0.16716	0.15427	0.5	18731	2890	17286	85354	4.56
1960-1969	88	0.17747	0.16301	0.5	15841	2582	14550	68069	4.30
1960-1969	89	0.19228	0.17541	0.5	13259	2326	12096	53519	4.04
1960-1969	90	0.21777	0.19639	0.5	10933	2147	9859	41423	3.79
1960-1969	91	0.21798	0.19656	0.5	8786	1727	7922	31563	3.59
1960-1969	92	0.24785	0.22052	0.5	7059	1557	6281	23641	3.35
1960-1969	93	0.26624	0.23496	0.5	5502	1293	4856	17360	3.16
1960-1969	94	0.28741	0.25130	0.5	4209	1058	3681	12504	2.97
1960-1969	95	0.30955	0.26806	0.5	3152	845	2729	8824	2.80
1960-1969	96	0.33261	0.28518	0.5	2307	658	1978	6094	2.64
1960-1969	97	0.35649	0.30256	0.5	1649	499	1399	4117	2.50
1960-1969	98	0.38111	0.32011	0.5	1150	368	966	2717	2.36
1960-1969	99	0.40635	0.33773	0.5	782	264	650	1751	2.24
1960-1969	100	0.43210	0.35533	0.5	518	184	426	1101	2.13
1960-1969	101	0.45823	0.37281	0.5	334	124	272	675	2.02
1960-1969	102	0.48458	0.39007	0.5	209	82	169	404	1.93
1960-1969	103	0.51102	0.40702	0.5	128	52	102	235	1.84
1960-1969	104	0.53740	0.42358	0.5	76	32	60	134	1.76
1960-1969	105	0.56357	0.43967	0.5	44	19	34	74	1.69
1960-1969	106	0.58939	0.45523	0.5	24	11	19	40	1.63
1960-1969	107	0.61473	0.47020	0.5	13	6	10	21	1.57
1960-1969	108	0.63946	0.48454	0.5	7	3	5	11	1.52
1960-1969	109	0.66347	0.49820	0.5	4	2	3	5	1.48
1960-1969	110+	0.68667	1.00000	1.46	2	2	3	3	1.46
1970-1979	0	0.01430	0.01412	0.09	100000	1412	98719	7591681	75.92
1970-1979	1	0.00089	0.00089	0.5	98588	87	98544	7492962	76.00
1970-1979	2	0.00052	0.00052	0.5	98501	51	98475	7394418	75.07
1970-1979	3	0.00050	0.00050	0.5	98450	49	98425	7295943	74.11
1970-1979	4	0.00039	0.00039	0.5	98401	38	98382	7197517	73.14
1970-1979	5	0.00035	0.00035	0.5	98363	35	98346	7099135	72.17
1970-1979	6	0.00028	0.00028	0.5	98328	28	98314	7000789	71.20
1970-1979	7	0.00028	0.00028	0.5	98301	27	98287	6902475	70.22
1970-1979	8	0.00024	0.00024	0.5	98273	23	98262	6804188	69.24
1970-1979	9	0.00022	0.00022	0.5	98250	22	98239	6705926	68.25
1970-1979	10	0.00022	0.00022	0.5	98228	21	98217	6607687	67.27
1970-1979	11	0.00022	0.00022	0.5	98207	22	98196	6509470	66.28
1970-1979	12	0.00023	0.00023	0.5	98185	23	98174	6411274	65.30
1970-1979	13	0.00027	0.00027	0.5	98162	26	98149	6313100	64.31
1970-1979	14	0.00030	0.00030	0.5	98136	30	98122	6214951	63.33
1970-1979	15	0.00033	0.00033	0.5	98107	32	98090	6116830	62.35
1970-1979	16	0.00039	0.00039	0.5	98074	38	98055	6018739	61.37
1970-1979	17	0.00048	0.00048	0.5	98036	47	98012	5920684	60.39
1970-1979	18	0.00056	0.00056	0.5	97989	55	97961	5822672	59.42
1970-1979	19	0.00057	0.00057	0.5	97934	55	97906	5724710	58.46
1970-1979	20	0.00054	0.00054	0.5	97878	53	97852	5626805	57.49
1970-1979	21	0.00068	0.00068	0.5	97825	66	97792	5528953	56.52
1970-1979	22	0.00057	0.00057	0.5	97758	56	97731	5431161	55.56
1970-1979	23	0.00062	0.00062	0.5	97703	61	97672	5333431	54.59
1970-1979	24	0.00065	0.00065	0.5	97642	63	97610	5235759	53.62
1970-1979	25	0.00060	0.00060	0.5	97579	58	97550	5138148	52.66
1970-1979	26	0.00063	0.00063	0.5	97520	61	97490	5040599	51.69
1970-1979	27	0.00065	0.00065	0.5	97459	64	97427	4943109	50.72
1970-1979	28	0.00066	0.00066	0.5	97396	64	97364	4845682	49.75
1970-1979	29	0.00076	0.00076	0.5	97332	74	97294	4748318	48.78
1970-1979	30	0.00075	0.00075	0.5	97257	73	97221	4651023	47.82
1970-1979	31	0.00081	0.00081	0.5	97185	79	97145	4553803	46.86
1970-1979	32	0.00089	0.00089	0.5	97106	86	97063	4456657	45.89
1970-1979	33	0.00093	0.00093	0.5	97020	90	96975	4359594	44.94
1970-1979	34	0.00100	0.00100	0.5	96930	97	96881	4262619	43.98
1970-1979	35	0.00114	0.00114	0.5	96833	110	96778	4165738	43.02
1970-1979	36	0.00119	0.00118	0.5	96723	115	96665	4068960	42.07
1970-1979	37	0.00134	0.00134	0.5	96608	129	96544	3972295	41.12
1970-1979	38	0.00153	0.00153	0.5	96479	148	96405	3875752	40.17
1970-1979	39	0.00165	0.00165	0.5	96331	159	96252	3779346	39.23
1970-1979	40	0.00181	0.00181	0.5	96172	174	96086	3683094	38.30
1970-1979	41	0.00203	0.00203	0.5	95999	195	95901	3587009	37.37
1970-1979	42	0.00231	0.00231	0.5	95804	221	95694	3491107	36.44
1970-1979	43	0.00243	0.00242	0.5	95583	232	95467	3395414	35.52
1970-1979	44	0.00271	0.00271	0.5	95352	258	95222	3299946	34.61
1970-1979	45	0.00300	0.00300	0.5	95093	285	94951	3204724	33.70
1970-1979	46	0.00341	0.00341	0.5	94808	323	94647	3109773	32.80
1970-1979	47	0.00362	0.00361	0.5	94485	341	94315	3015126	31.91
1970-1979	48	0.00386	0.00385	0.5	94144	362	93963	2920812	31.03
1970-1979	49	0.00432	0.00431	0.5	93781	404	93580	2826849	30.14
1970-1979	50	0.00467	0.00466	0.5	93378	435	93160	2733270	29.27
1970-1979	51	0.00484	0.00482	0.5	92943	448	92718	2640110	28.41
1970-1979	52	0.00550	0.00548	0.5	92494	507	92241	2547391	27.54
1970-1979	53	0.00600	0.00599	0.5	91987	551	91712	2455150	26.69
1970-1979	54	0.00638	0.00636	0.5	91437	582	91146	2363439	25.85
1970-1979	55	0.00699	0.00697	0.5	90855	633	90538	2272293	25.01
1970-1979	56	0.00754	0.00751	0.5	90221	678	89883	2181755	24.18
1970-1979	57	0.00810	0.00807	0.5	89544	722	89182	2091872	23.36
1970-1979	58	0.00905	0.00901	0.5	88821	800	88421	2002690	22.55
1970-1979	59	0.00961	0.00956	0.5	88021	842	87601	1914268	21.75
1970-1979	60	0.01072	0.01066	0.5	87180	929	86715	1826668	20.95
1970-1979	61	0.01188	0.01181	0.5	86250	1019	85741	1739953	20.17
1970-1979	62	0.01284	0.01275	0.5	85232	1087	84688	1654212	19.41
1970-1979	63	0.01343	0.01335	0.5	84145	1123	83583	1569523	18.65
1970-1979	64	0.01479	0.01468	0.5	83022	1219	82412	1485940	17.90
1970-1979	65	0.01641	0.01628	0.5	81803	1331	81137	1403528	17.16
1970-1979	66	0.01739	0.01724	0.5	80471	1387	79778	1322391	16.43
1970-1979	67	0.01940	0.01922	0.5	79084	1520	78324	1242613	15.71
1970-1979	68	0.02081	0.02060	0.5	77565	1598	76766	1164289	15.01
1970-1979	69	0.02322	0.02295	0.5	75967	1743	75095	1087523	14.32
1970-1979	70	0.02590	0.02557	0.5	74223	1898	73275	1012428	13.64
1970-1979	71	0.02828	0.02788	0.5	72326	2017	71317	939153	12.99
1970-1979	72	0.03149	0.03101	0.5	70309	2180	69219	867836	12.34
1970-1979	73	0.03438	0.03380	0.5	68129	2302	66978	798617	11.72
1970-1979	74	0.03733	0.03665	0.5	65827	2413	64620	731639	11.11
1970-1979	75	0.04377	0.04283	0.5	63414	2716	62056	667019	10.52
1970-1979	76	0.04710	0.04602	0.5	60698	2793	59301	604963	9.97
1970-1979	77	0.05181	0.05050	0.5	57905	2924	56443	545662	9.42
1970-1979	78	0.05859	0.05692	0.5	54981	3130	53416	489219	8.90
1970-1979	79	0.06260	0.06070	0.5	51851	3147	50277	435803	8.40
1970-1979	80	0.07116	0.06871	0.5	48704	3347	47030	385526	7.92
1970-1979	81	0.07401	0.07137	0.5	45357	3237	43739	338495	7.46
1970-1979	82	0.08516	0.08169	0.5	42120	3441	40400	294757	7.00
1970-1979	83	0.09530	0.09096	0.5	38679	3518	36920	254357	6.58
1970-1979	84	0.10508	0.09984	0.5	35161	3510	33406	217437	6.18
1970-1979	85	0.11490	0.10866	0.5	31651	3439	29931	184031	5.81
1970-1979	86	0.12657	0.11904	0.5	28212	3358	26532	154100	5.46
1970-1979	87	0.13921	0.13015	0.5	24853	3235	23236	127568	5.13
1970-1979	88	0.14875	0.13845	0.5	21619	2993	20122	104332	4.83
1970-1979	89	0.16540	0.15276	0.5	18626	2845	17203	84210	4.52
1970-1979	90	0.18340	0.16800	0.5	15780	2651	14455	67007	4.25
1970-1979	91	0.18884	0.17255	0.5	13129	2265	11997	52552	4.00
1970-1979	92	0.21353	0.19293	0.5	10864	2096	9816	40555	3.73
1970-1979	93	0.23198	0.20787	0.5	8768	1823	7857	30740	3.51
1970-1979	94	0.25151	0.22341	0.5	6945	1552	6169	22883	3.29
1970-1979	95	0.27210	0.23951	0.5	5394	1292	4748	16714	3.10
1970-1979	96	0.29371	0.25610	0.5	4102	1050	3577	11966	2.92
1970-1979	97	0.31630	0.27311	0.5	3051	833	2635	8389	2.75
1970-1979	98	0.33979	0.29044	0.5	2218	644	1896	5755	2.59
1970-1979	99	0.36409	0.30802	0.5	1574	485	1331	3859	2.45
1970-1979	100	0.38911	0.32574	0.5	1089	355	912	2528	2.32
1970-1979	101	0.41473	0.34350	0.5	734	252	608	1616	2.20
1970-1979	102	0.44081	0.36120	0.5	482	174	395	1008	2.09
1970-1979	103	0.46723	0.37875	0.5	308	117	250	613	1.99
1970-1979	104	0.49383	0.39604	0.5	191	76	153	363	1.90
1970-1979	105	0.52046	0.41299	0.5	116	48	92	210	1.81
1970-1979	106	0.54698	0.42951	0.5	68	29	53	118	1.74
1970-1979	107	0.57324	0.44554	0.5	39	17	30	65	1.67
1970-1979	108	0.59909	0.46100	0.5	21	10	17	35	1.62
1970-1979	109	0.62440	0.47584	0.5	12	6	9	18	1.57
1970-1979	110+	0.64905	1.00000	1.54	6	6	9	9	1.54
1980-1989	0	0.00975	0.00966	0.08	100000	966	99111	7775859	77.76
1980-1989	1	0.00066	0.00066	0.5	99034	66	99001	7676748	77.52
1980-1989	2	0.00048	0.00048	0.5	98968	47	98944	7577747	76.57
1980-1989	3	0.00035	0.00035	0.5	98921	35	98903	7478802	75.60
1980-1989	4	0.00030	0.00030	0.5	98886	29	98872	7379899	74.63
1980-1989	5	0.00027	0.00027	0.5	98857	26	98844	7281027	73.65
1980-1989	6	0.00020	0.00020	0.5	98830	20	98821	7182184	72.67
1980-1989	7	0.00024	0.00024	0.5	98811	24	98799	7083363	71.69
1980-1989	8	0.00016	0.00016	0.5	98787	16	98779	6984564	70.70
1980-1989	9	0.00017	0.00017	0.5	98771	16	98763	6885786	69.71
1980-1989	10	0.00018	0.00018	0.5	98754	18	98746	6787023	68.73
1980-1989	11	0.00014	0.00014	0.5	98737	14	98730	6688277	67.74
1980-1989	12	0.00019	0.00019	0.5	98723	19	98714	6589547	66.75
1980-1989	13	0.00021	0.00021	0.5	98704	20	98694	6490834	65.76
1980-1989	14	0.00022	0.00022	0.5	98684	22	98673	6392140	64.77
1980-1989	15	0.00030	0.00030	0.5	98662	30	98647	6293467	63.79
1980-1989	16	0.00028	0.00028	0.5	98632	27	98618	6194820	62.81
1980-1989	17	0.00044	0.00044	0.5	98605	43	98583	6096202	61.82
1980-1989	18	0.00044	0.00044	0.5	98562	43	98540	5997618	60.85
1980-1989	19	0.00049	0.00049	0.5	98519	48	98494	5899078	59.88
1980-1989	20	0.00043	0.00043	0.5	98470	43	98449	5800584	58.91
1980-1989	21	0.00047	0.00047	0.5	98427	46	98405	5702135	57.93
1980-1989	22	0.00049	0.00049	0.5	98382	49	98357	5603731	56.96
1980-1989	23	0.00055	0.00055	0.5	98333	54	98306	5505373	55.99
1980-1989	24	0.00052	0.00052	0.5	98279	51	98253	5407067	55.02
1980-1989	25	0.00058	0.00058	0.5	98228	57	98199	5308814	54.05
1980-1989	26	0.00058	0.00058	0.5	98171	57	98142	5210615	53.08
1980-1989	27	0.00065	0.00065	0.5	98113	64	98081	5112473	52.11
1980-1989	28	0.00073	0.00073	0.5	98049	71	98014	5014392	51.14
1980-1989	29	0.00074	0.00074	0.5	97978	72	97942	4916378	50.18
1980-1989	30	0.00081	0.00081	0.5	97906	79	97866	4818436	49.22
1980-1989	31	0.00081	0.00081	0.5	97826	79	97787	4720570	48.25
1980-1989	32	0.00082	0.00082	0.5	97747	80	97707	4622784	47.29
1980-1989	33	0.00100	0.00100	0.5	97667	98	97618	4525077	46.33
1980-1989	34	0.00104	0.00104	0.5	97569	101	97519	4427458	45.38
1980-1989	35	0.00104	0.00104	0.5	97468	101	97418	4329940	44.42
1980-1989	36	0.00112	0.00112	0.5	97367	109	97313	4232522	43.47
1980-1989	37	0.00113	0.00113	0.5	97258	110	97203	4135209	42.52
1980-1989	38	0.00130	0.00130	0.5	97148	126	97085	4038006	41.57
1980-1989	39	0.00120	0.00119	0.5	97022	116	96964	3940921	40.62
1980-1989	40	0.00141	0.00141	0.5	96906	136	96838	3843957	39.67
1980-1989	41	0.00158	0.00158	0.5	96770	153	96693	3747120	38.72
1980-1989	42	0.00173	0.00173	0.5	96617	167	96533	3650426	37.78
1980-1989	43	0.00195	0.00195	0.5	96450	188	96356	3553893	36.85
1980-1989	44	0.00207	0.00207	0.5	96262	199	96163	3457537	35.92
1980-1989	45	0.00229	0.00228	0.5	96063	219	95954	3361374	34.99
1980-1989	46	0.00253	0.00253	0.5	95844	242	95723	3265421	34.07
1980-1989	47	0.00286	0.00285	0.5	95602	273	95465	3169698	33.16
1980-1989	48	0.00305	0.00305	0.5	95329	290	95183	3074233	32.25
1980-1989	49	0.00346	0.00345	0.5	95038	328	94874	2979049	31.35
1980-1989	50	0.00382	0.00381	0.5	94710	361	94530	2884175	30.45
1980-1989	51	0.00439	0.00438	0.5	94349	413	94143	2789646	29.57
1980-1989	52	0.00461	0.00460	0.5	93936	432	93720	2695503	28.70
1980-1989	53	0.00509	0.00507	0.5	93503	474	93266	2601783	27.83
1980-1989	54	0.00542	0.00541	0.5	93029	503	92777	2508517	26.96
1980-1989	55	0.00623	0.00621	0.5	92526	574	92239	2415740	26.11
1980-1989	56	0.00669	0.00667	0.5	91952	613	91645	2323501	25.27
1980-1989	57	0.00710	0.00707	0.5	91339	646	91016	2231856	24.43
1980-1989	58	0.00816	0.00812	0.5	90693	737	90324	2140840	23.61
1980-1989	59	0.00852	0.00848	0.5	89956	763	89575	2050516	22.79
1980-1989	60	0.00947	0.00943	0.5	89193	841	88773	1960941	21.99
1980-1989	61	0.01039	0.01034	0.5	88352	914	87896	1872168	21.19
1980-1989	62	0.01188	0.01181	0.5	87439	1033	86922	1784273	20.41
1980-1989	63	0.01262	0.01254	0.5	86406	1083	85864	1697350	19.64
1980-1989	64	0.01312	0.01303	0.5	85323	1112	84766	1611486	18.89
1980-1989	65	0.01468	0.01457	0.5	84210	1227	83597	1526719	18.13
1980-1989	66	0.01606	0.01594	0.5	82983	1322	82322	1443122	17.39
1980-1989	67	0.01740	0.01725	0.5	81661	1409	80957	1360800	16.66
1980-1989	68	0.01908	0.01890	0.5	80252	1517	79494	1279844	15.95
1980-1989	69	0.02055	0.02034	0.5	78736	1602	77935	1200350	15.25
1980-1989	70	0.02308	0.02282	0.5	77134	1760	76254	1122415	14.55
1980-1989	71	0.02493	0.02462	0.5	75374	1856	74446	1046160	13.88
1980-1989	72	0.02804	0.02765	0.5	73519	2033	72502	971714	13.22
1980-1989	73	0.03070	0.03023	0.5	71486	2161	70405	899212	12.58
1980-1989	74	0.03299	0.03245	0.5	69324	2250	68200	828807	11.96
1980-1989	75	0.03488	0.03429	0.5	67075	2300	65925	760607	11.34
1980-1989	76	0.04004	0.03926	0.5	64775	2543	63504	694682	10.72
1980-1989	77	0.04290	0.04200	0.5	62232	2614	60925	631179	10.14
1980-1989	78	0.04661	0.04555	0.5	59618	2715	58260	570254	9.57
1980-1989	79	0.05267	0.05131	0.5	56903	2920	55443	511993	9.00
1980-1989	80	0.06089	0.05909	0.5	53983	3190	52388	456550	8.46
1980-1989	81	0.06638	0.06424	0.5	50793	3263	49161	404162	7.96
1980-1989	82	0.07441	0.07174	0.5	47530	3410	45825	355001	7.47
1980-1989	83	0.08241	0.07915	0.5	44120	3492	42374	309176	7.01
1980-1989	84	0.09289	0.08877	0.5	40628	3606	38825	266802	6.57
1980-1989	85	0.10164	0.09673	0.5	37022	3581	35231	227977	6.16
1980-1989	86	0.11258	0.10658	0.5	33441	3564	31659	192746	5.76
1980-1989	87	0.12541	0.11801	0.5	29877	3526	28114	161088	5.39
1980-1989	88	0.13723	0.12842	0.5	26351	3384	24659	132974	5.05
1980-1989	89	0.15097	0.14037	0.5	22967	3224	21355	108315	4.72
1980-1989	90	0.16968	0.15641	0.5	19743	3088	18199	86960	4.40
1980-1989	91	0.18429	0.16874	0.5	16655	2810	15250	68761	4.13
1980-1989	92	0.20092	0.18258	0.5	13845	2528	12581	53511	3.87
1980-1989	93	0.21977	0.19801	0.5	11317	2241	10196	40931	3.62
1980-1989	94	0.23986	0.21417	0.5	9076	1944	8104	30734	3.39
1980-1989	95	0.26117	0.23100	0.5	7132	1648	6308	22630	3.17
1980-1989	96	0.28366	0.24843	0.5	5485	1363	4803	16322	2.98
1980-1989	97	0.30729	0.26637	0.5	4122	1098	3573	11518	2.79
1980-1989	98	0.33198	0.28472	0.5	3024	861	2594	7945	2.63
1980-1989	99	0.35762	0.30337	0.5	2163	656	1835	5352	2.47
1980-1989	100	0.38410	0.32222	0.5	1507	486	1264	3517	2.33
1980-1989	101	0.41129	0.34114	0.5	1021	348	847	2253	2.21
1980-1989	102	0.43904	0.36001	0.5	673	242	552	1405	2.09
1980-1989	103	0.46717	0.37871	0.5	431	163	349	854	1.98
1980-1989	104	0.49551	0.39712	0.5	268	106	214	505	1.89
1980-1989	105	0.52388	0.41514	0.5	161	67	128	290	1.80
1980-1989	106	0.55209	0.43266	0.5	94	41	74	162	1.72
1980-1989	107	0.57998	0.44960	0.5	54	24	41	88	1.65
1980-1989	108	0.60736	0.46588	0.5	29	14	23	47	1.59
1980-1989	109	0.63408	0.48144	0.5	16	8	12	24	1.54
1980-1989	110+	0.66001	1.00000	1.52	8	8	12	12	1.52
1990-1999	0	0.00754	0.00748	0.07	100000	748	99307	7910381	79.10
1990-1999	1	0.00052	0.00052	0.5	99252	52	99226	7811074	78.70
1990-1999	2	0.00031	0.00031	0.5	99200	31	99184	7711848	77.74
1990-1999	3	0.00024	0.00024	0.5	99169	24	99157	7612664	76.76
1990-1999	4	0.00020	0.00020	0.5	99145	20	99135	7513507	75.78
1990-1999	5	0.00018	0.00018	0.5	99125	18	99116	7414372	74.80
1990-1999	6	0.00017	0.00017	0.5	99107	17	99099	7315256	73.81
1990-1999	7	0.00015	0.00015	0.5	99090	15	99083	7216157	72.82
1990-1999	8	0.00016	0.00016	0.5	99075	16	99067	7117074	71.83
1990-1999	9	0.00013	0.00013	0.5	99059	13	99053	7018007	70.85
1990-1999	10	0.00012	0.00012	0.5	99046	12	99040	6918954	69.86
1990-1999	11	0.00011	0.00011	0.5	99034	11	99029	6819914	68.86
1990-1999	12	0.00013	0.00013	0.5	99024	13	99017	6720884	67.87
1990-1999	13	0.00018	0.00018	0.5	99011	18	99002	6621867	66.88
1990-1999	14	0.00017	0.00017	0.5	98993	17	98985	6522865	65.89
1990-1999	15	0.00025	0.00025	0.5	98976	25	98964	6423880	64.90
1990-1999	16	0.00029	0.00029	0.5	98952	28	98938	6324916	63.92
1990-1999	17	0.00035	0.00035	0.5	98923	34	98906	6225978	62.94
1990-1999	18	0.00042	0.00042	0.5	98889	42	98868	6127072	61.96
1990-1999	19	0.00035	0.00035	0.5	98847	34	98830	6028204	60.99
1990-1999	20	0.00037	0.00037	0.5	98813	36	98795	5929374	60.01
1990-1999	21	0.00045	0.00045	0.5	98776	44	98754	5830580	59.03
1990-1999	22	0.00044	0.00044	0.5	98732	43	98711	5731825	58.05
1990-1999	23	0.00047	0.00047	0.5	98689	47	98666	5633115	57.08
1990-1999	24	0.00051	0.00051	0.5	98642	51	98617	5534449	56.11
1990-1999	25	0.00051	0.00051	0.5	98592	50	98567	5435832	55.13
1990-1999	26	0.00058	0.00058	0.5	98542	57	98513	5337265	54.16
1990-1999	27	0.00065	0.00065	0.5	98485	64	98453	5238752	53.19
1990-1999	28	0.00067	0.00067	0.5	98421	66	98388	5140299	52.23
1990-1999	29	0.00080	0.00080	0.5	98355	79	98316	5041911	51.26
1990-1999	30	0.00081	0.00081	0.5	98276	79	98237	4943595	50.30
1990-1999	31	0.00093	0.00093	0.5	98197	92	98151	4845358	49.34
1990-1999	32	0.00096	0.00096	0.5	98106	94	98059	4747207	48.39
1990-1999	33	0.00107	0.00107	0.5	98012	105	97959	4649148	47.43
1990-1999	34	0.00113	0.00113	0.5	97906	110	97851	4551189	46.49
1990-1999	35	0.00120	0.00120	0.5	97796	117	97737	4453338	45.54
1990-1999	36	0.00127	0.00127	0.5	97679	124	97616	4355601	44.59
1990-1999	37	0.00138	0.00138	0.5	97554	135	97487	4257984	43.65
1990-1999	38	0.00148	0.00148	0.5	97420	144	97348	4160497	42.71
1990-1999	39	0.00148	0.00148	0.5	97275	144	97203	4063150	41.77
1990-1999	40	0.00159	0.00159	0.5	97131	154	97054	3965946	40.83
1990-1999	41	0.00167	0.00167	0.5	96977	162	96896	3868892	39.89
1990-1999	42	0.00183	0.00183	0.5	96815	177	96727	3771996	38.96
1990-1999	43	0.00193	0.00193	0.5	96638	187	96545	3675269	38.03
1990-1999	44	0.00200	0.00200	0.5	96452	193	96355	3578724	37.10
1990-1999	45	0.00214	0.00213	0.5	96259	205	96156	3482369	36.18
1990-1999	46	0.00226	0.00225	0.5	96053	216	95945	3386213	35.25
1990-1999	47	0.00252	0.00252	0.5	95837	241	95716	3290268	34.33
1990-1999	48	0.00282	0.00282	0.5	95596	269	95461	3194552	33.42
1990-1999	49	0.00289	0.00288	0.5	95326	275	95189	3099091	32.51
1990-1999	50	0.00316	0.00316	0.5	95051	300	94901	3003902	31.60
1990-1999	51	0.00363	0.00362	0.5	94751	343	94580	2909000	30.70
1990-1999	52	0.00404	0.00403	0.5	94408	381	94218	2814421	29.81
1990-1999	53	0.00442	0.00441	0.5	94028	415	93820	2720203	28.93
1990-1999	54	0.00462	0.00461	0.5	93613	431	93397	2626382	28.06
1990-1999	55	0.00519	0.00518	0.5	93182	482	92941	2532985	27.18
1990-1999	56	0.00559	0.00557	0.5	92699	516	92441	2440044	26.32
1990-1999	57	0.00630	0.00628	0.5	92183	579	91894	2347603	25.47
1990-1999	58	0.00695	0.00693	0.5	91604	634	91287	2255710	24.62
1990-1999	59	0.00737	0.00734	0.5	90970	668	90636	2164423	23.79
1990-1999	60	0.00824	0.00821	0.5	90302	741	89931	2073787	22.97
1990-1999	61	0.00936	0.00931	0.5	89561	834	89144	1983856	22.15
1990-1999	62	0.01021	0.01016	0.5	88727	901	88276	1894712	21.35
1990-1999	63	0.01103	0.01097	0.5	87825	963	87344	1806436	20.57
1990-1999	64	0.01151	0.01145	0.5	86862	994	86365	1719092	19.79
1990-1999	65	0.01328	0.01319	0.5	85868	1132	85302	1632727	19.01
1990-1999	66	0.01437	0.01427	0.5	84736	1209	84131	1547425	18.26
1990-1999	67	0.01554	0.01542	0.5	83526	1288	82882	1463295	17.52
1990-1999	68	0.01726	0.01711	0.5	82238	1408	81535	1380412	16.79
1990-1999	69	0.01823	0.01806	0.5	80831	1460	80101	1298878	16.07
1990-1999	70	0.02016	0.01996	0.5	79371	1584	78579	1218777	15.36
1990-1999	71	0.02179	0.02155	0.5	77787	1677	76948	1140198	14.66
1990-1999	72	0.02425	0.02396	0.5	76110	1823	75198	1063250	13.97
1990-1999	73	0.02630	0.02596	0.5	74286	1928	73322	988052	13.30
1990-1999	74	0.02943	0.02900	0.5	72358	2098	71309	914730	12.64
1990-1999	75	0.03214	0.03163	0.5	70260	2222	69149	843421	12.00
1990-1999	76	0.03574	0.03511	0.5	68038	2389	66843	774272	11.38
1990-1999	77	0.03850	0.03777	0.5	65649	2479	64409	707429	10.78
1990-1999	78	0.04159	0.04075	0.5	63169	2574	61882	643020	10.18
1990-1999	79	0.04596	0.04492	0.5	60595	2722	59234	581138	9.59
1990-1999	80	0.05258	0.05124	0.5	57873	2965	56390	521904	9.02
1990-1999	81	0.05954	0.05782	0.5	54908	3175	53320	465514	8.48
1990-1999	82	0.06585	0.06375	0.5	51733	3298	50084	412193	7.97
1990-1999	83	0.07247	0.06994	0.5	48435	3387	46741	362109	7.48
1990-1999	84	0.08140	0.07822	0.5	45047	3523	43286	315368	7.00
1990-1999	85	0.09044	0.08653	0.5	41524	3593	39728	272083	6.55
1990-1999	86	0.09927	0.09458	0.5	37931	3587	36137	232355	6.13
1990-1999	87	0.10949	0.10381	0.5	34344	3565	32561	196218	5.71
1990-1999	88	0.12196	0.11495	0.5	30778	3538	29009	163657	5.32
1990-1999	89	0.13714	0.12834	0.5	27240	3496	25492	134647	4.94
1990-1999	90	0.15400	0.14299	0.5	23744	3395	22047	109155	4.60
1990-1999	91	0.17025	0.15689	0.5	20349	3193	18753	87108	4.28
1990-1999	92	0.19360	0.17651	0.5	17156	3028	15642	68356	3.98
1990-1999	93	0.20784	0.18828	0.5	14128	2660	12798	52713	3.73
1990-1999	94	0.22841	0.20500	0.5	11468	2351	10293	39915	3.48
1990-1999	95	0.25037	0.22251	0.5	9117	2029	8103	29622	3.25
1990-1999	96	0.27369	0.24075	0.5	7088	1707	6235	21520	3.04
1990-1999	97	0.29832	0.25960	0.5	5382	1397	4683	15284	2.84
1990-1999	98	0.32418	0.27896	0.5	3985	1112	3429	10601	2.66
1990-1999	99	0.35116	0.29871	0.5	2873	858	2444	7172	2.50
1990-1999	100	0.37912	0.31871	0.5	2015	642	1694	4728	2.35
1990-1999	101	0.40791	0.33881	0.5	1373	465	1140	3034	2.21
1990-1999	102	0.43734	0.35887	0.5	908	326	745	1894	2.09
1990-1999	103	0.46723	0.37875	0.5	582	220	472	1149	1.97
1990-1999	104	0.49735	0.39830	0.5	362	144	290	677	1.87
1990-1999	105	0.52749	0.41740	0.5	218	91	172	388	1.78
1990-1999	106	0.55743	0.43593	0.5	127	55	99	216	1.70
1990-1999	107	0.58696	0.45378	0.5	71	32	55	117	1.63
1990-1999	108	0.61587	0.47087	0.5	39	18	30	61	1.57
1990-1999	109	0.64399	0.48714	0.5	21	10	16	31	1.52
1990-1999	110+	0.67115	1.00000	1.49	11	11	16	16	1.49
2000-2009	0	0.00545	0.00543	0.07	100000	543	99494	8077504	80.78
2000-2009	1	0.00029	0.00029	0.5	99457	29	99443	7978010	80.22
2000-2009	2	0.00018	0.00018	0.5	99428	18	99419	7878567	79.24
2000-2009	3	0.00015	0.00015	0.5	99410	15	99403	7779148	78.25
2000-2009	4	0.00010	0.00010	0.5	99395	10	99390	7679745	77.26
2000-2009	5	0.00011	0.00011	0.5	99385	11	99379	7580355	76.27
2000-2009	6	0.00011	0.00011	0.5	99374	11	99368	7480976	75.28
2000-2009	7	0.00008	0.00008	0.5	99363	7	99359	7381607	74.29
2000-2009	8	0.00009	0.00009	0.5	99355	9	99351	7282248	73.30
2000-2009	9	0.00007	0.00007	0.5	99347	7	99343	7182897	72.30
2000-2009	10	0.00011	0.00011	0.5	99339	11	99334	7083554	71.31
2000-2009	11	0.00009	0.00009	0.5	99328	9	99324	6984221	70.31
2000-2009	12	0.00012	0.00012	0.5	99320	12	99314	6884897	69.32
2000-2009	13	0.00012	0.00012	0.5	99308	12	99302	6785583	68.33
2000-2009	14	0.00013	0.00013	0.5	99296	13	99289	6686281	67.34
2000-2009	15	0.00017	0.00017	0.5	99283	17	99274	6586992	66.35
2000-2009	16	0.00018	0.00018	0.5	99265	18	99257	6487718	65.36
2000-2009	17	0.00026	0.00026	0.5	99248	26	99235	6388461	64.37
2000-2009	18	0.00035	0.00035	0.5	99221	35	99204	6289227	63.39
2000-2009	19	0.00040	0.00040	0.5	99187	40	99167	6190023	62.41
2000-2009	20	0.00041	0.00041	0.5	99147	41	99127	6090856	61.43
2000-2009	21	0.00047	0.00047	0.5	99107	46	99083	5991729	60.46
2000-2009	22	0.00046	0.00046	0.5	99060	46	99037	5892645	59.49
2000-2009	23	0.00040	0.00040	0.5	99014	40	98995	5793608	58.51
2000-2009	24	0.00047	0.00047	0.5	98975	46	98952	5694614	57.54
2000-2009	25	0.00042	0.00042	0.5	98928	42	98908	5595662	56.56
2000-2009	26	0.00050	0.00050	0.5	98887	49	98862	5496755	55.59
2000-2009	27	0.00049	0.00049	0.5	98838	48	98813	5397893	54.61
2000-2009	28	0.00048	0.00048	0.5	98789	47	98766	5299079	53.64
2000-2009	29	0.00052	0.00052	0.5	98742	52	98717	5200313	52.67
2000-2009	30	0.00056	0.00056	0.5	98691	55	98663	5101596	51.69
2000-2009	31	0.00063	0.00063	0.5	98636	62	98605	5002933	50.72
2000-2009	32	0.00060	0.00060	0.5	98574	60	98544	4904328	49.75
2000-2009	33	0.00071	0.00071	0.5	98514	70	98479	4805784	48.78
2000-2009	34	0.00071	0.00071	0.5	98444	70	98409	4707305	47.82
2000-2009	35	0.00071	0.00071	0.5	98374	70	98339	4608896	46.85
2000-2009	36	0.00089	0.00089	0.5	98304	87	98261	4510556	45.88
2000-2009	37	0.00098	0.00098	0.5	98217	96	98169	4412296	44.92
2000-2009	38	0.00107	0.00107	0.5	98121	105	98069	4314127	43.97
2000-2009	39	0.00118	0.00118	0.5	98016	116	97958	4216058	43.01
2000-2009	40	0.00128	0.00128	0.5	97901	125	97838	4118099	42.06
2000-2009	41	0.00145	0.00145	0.5	97776	142	97705	4020261	41.12
2000-2009	42	0.00146	0.00146	0.5	97634	142	97563	3922557	40.18
2000-2009	43	0.00161	0.00161	0.5	97491	157	97413	3824994	39.23
2000-2009	44	0.00184	0.00184	0.5	97334	179	97245	3727581	38.30
2000-2009	45	0.00204	0.00204	0.5	97155	198	97056	3630336	37.37
2000-2009	46	0.00211	0.00210	0.5	96957	204	96855	3533280	36.44
2000-2009	47	0.00224	0.00223	0.5	96753	216	96645	3436425	35.52
2000-2009	48	0.00251	0.00250	0.5	96537	242	96416	3339780	34.60
2000-2009	49	0.00273	0.00272	0.5	96296	262	96164	3243364	33.68
2000-2009	50	0.00289	0.00289	0.5	96033	277	95895	3147199	32.77
2000-2009	51	0.00308	0.00308	0.5	95756	295	95609	3051305	31.87
2000-2009	52	0.00333	0.00332	0.5	95461	317	95303	2955696	30.96
2000-2009	53	0.00360	0.00359	0.5	95144	342	94973	2860393	30.06
2000-2009	54	0.00402	0.00402	0.5	94802	381	94612	2765420	29.17
2000-2009	55	0.00422	0.00421	0.5	94422	398	94223	2670808	28.29
2000-2009	56	0.00450	0.00449	0.5	94024	422	93813	2576585	27.40
2000-2009	57	0.00510	0.00509	0.5	93602	477	93363	2482773	26.52
2000-2009	58	0.00545	0.00543	0.5	93125	506	92872	2389409	25.66
2000-2009	59	0.00611	0.00609	0.5	92619	564	92337	2296537	24.80
2000-2009	60	0.00672	0.00669	0.5	92055	616	91747	2204200	23.94
2000-2009	61	0.00752	0.00749	0.5	91438	685	91096	2112454	23.10
2000-2009	62	0.00803	0.00800	0.5	90753	726	90390	2021358	22.27
2000-2009	63	0.00866	0.00863	0.5	90027	777	89639	1930968	21.45
2000-2009	64	0.00971	0.00966	0.5	89250	862	88819	1841329	20.63
2000-2009	65	0.01084	0.01078	0.5	88388	953	87912	1752510	19.83
2000-2009	66	0.01149	0.01142	0.5	87436	999	86936	1664598	19.04
2000-2009	67	0.01227	0.01219	0.5	86437	1054	85910	1577662	18.25
2000-2009	68	0.01405	0.01395	0.5	85383	1191	84787	1491752	17.47
2000-2009	69	0.01544	0.01532	0.5	84192	1290	83547	1406965	16.71
2000-2009	70	0.01706	0.01692	0.5	82902	1402	82201	1323418	15.96
2000-2009	71	0.01848	0.01831	0.5	81500	1493	80753	1241217	15.23
2000-2009	72	0.02024	0.02004	0.5	80007	1603	79205	1160464	14.50
2000-2009	73	0.02241	0.02216	0.5	78404	1738	77535	1081258	13.79
2000-2009	74	0.02462	0.02432	0.5	76666	1864	75734	1003723	13.09
2000-2009	75	0.02833	0.02794	0.5	74802	2090	73757	927989	12.41
2000-2009	76	0.03082	0.03035	0.5	72712	2207	71609	854232	11.75
2000-2009	77	0.03322	0.03268	0.5	70505	2304	69353	782624	11.10
2000-2009	78	0.03746	0.03677	0.5	68201	2508	66947	713271	10.46
2000-2009	79	0.04128	0.04044	0.5	65693	2657	64365	646324	9.84
2000-2009	80	0.04798	0.04685	0.5	63036	2954	61560	581959	9.23
2000-2009	81	0.05389	0.05248	0.5	60083	3153	58506	520399	8.66
2000-2009	82	0.05959	0.05787	0.5	56930	3295	55282	461893	8.11
2000-2009	83	0.06723	0.06504	0.5	53635	3489	51891	406611	7.58
2000-2009	84	0.07525	0.07252	0.5	50146	3637	48328	354720	7.07
2000-2009	85	0.08662	0.08302	0.5	46510	3861	44579	306392	6.59
2000-2009	86	0.09582	0.09144	0.5	42649	3900	40699	261813	6.14
2000-2009	87	0.10712	0.10167	0.5	38749	3940	36779	221114	5.71
2000-2009	88	0.12449	0.11720	0.5	34809	4080	32769	184335	5.30
2000-2009	89	0.13502	0.12648	0.5	30729	3887	28786	151566	4.93
2000-2009	90	0.15132	0.14068	0.5	26843	3776	24955	122780	4.57
2000-2009	91	0.16915	0.15596	0.5	23067	3597	21268	97825	4.24
2000-2009	92	0.18916	0.17281	0.5	19469	3365	17787	76558	3.93
2000-2009	93	0.21047	0.19043	0.5	16105	3067	14571	58771	3.65
2000-2009	94	0.23289	0.20860	0.5	13038	2720	11678	44200	3.39
2000-2009	95	0.25692	0.22767	0.5	10318	2349	9144	32522	3.15
2000-2009	96	0.28252	0.24755	0.5	7969	1973	6983	23378	2.93
2000-2009	97	0.30961	0.26811	0.5	5996	1608	5192	16395	2.73
2000-2009	98	0.33807	0.28919	0.5	4389	1269	3754	11203	2.55
2000-2009	99	0.36776	0.31064	0.5	3119	969	2635	7449	2.39
2000-2009	100	0.39848	0.33228	0.5	2150	715	1793	4814	2.24
2000-2009	101	0.43002	0.35392	0.5	1436	508	1182	3021	2.10
2000-2009	102	0.46214	0.37540	0.5	928	348	754	1839	1.98
2000-2009	103	0.49458	0.39652	0.5	579	230	465	1085	1.87
2000-2009	104	0.52706	0.41714	0.5	350	146	277	621	1.78
2000-2009	105	0.55932	0.43709	0.5	204	89	159	344	1.69
2000-2009	106	0.59108	0.45624	0.5	115	52	89	185	1.61
2000-2009	107	0.62211	0.47451	0.5	62	30	48	96	1.54
2000-2009	108	0.65216	0.49179	0.5	33	16	25	49	1.49
2000-2009	109	0.68105	0.50804	0.5	17	8	12	24	1.44
2000-2009	110+	0.70861	1.00000	1.41	8	8	12	12	1.41
2010-2019	0	0.00403	0.00401	0.06	100000	401	99625	8252585	82.53
2010-2019	1	0.00024	0.00024	0.5	99599	24	99587	8152961	81.86
2010-2019	2	0.00018	0.00018	0.5	99575	18	99566	8053374	80.88
2010-2019	3	0.00011	0.00011	0.5	99557	11	99551	7953808	79.89
2010-2019	4	0.00010	0.00010	0.5	99546	10	99541	7854256	78.90
2010-2019	5	0.00009	0.00009	0.5	99536	9	99532	7754715	77.91
2010-2019	6	0.00009	0.00009	0.5	99527	9	99522	7655184	76.92
2010-2019	7	0.00009	0.00009	0.5	99518	9	99514	7555661	75.92
2010-2019	8	0.00011	0.00011	0.5	99509	11	99504	7456148	74.93
2010-2019	9	0.00008	0.00008	0.5	99498	8	99494	7356644	73.94
2010-2019	10	0.00008	0.00008	0.5	99490	8	99486	7257150	72.94
2010-2019	11	0.00008	0.00008	0.5	99482	8	99478	7157664	71.95
2010-2019	12	0.00009	0.00009	0.5	99474	9	99470	7058185	70.96
2010-2019	13	0.00012	0.00012	0.5	99465	12	99459	6958716	69.96
2010-2019	14	0.00010	0.00010	0.5	99453	10	99448	6859257	68.97
2010-2019	15	0.00010	0.00010	0.5	99443	10	99438	6759809	67.98
2010-2019	16	0.00012	0.00012	0.5	99433	12	99427	6660371	66.98
2010-2019	17	0.00020	0.00020	0.5	99421	20	99411	6560945	65.99
2010-2019	18	0.00026	0.00026	0.5	99401	26	99388	6461534	65.00
2010-2019	19	0.00032	0.00032	0.5	99375	32	99359	6362145	64.02
2010-2019	20	0.00036	0.00036	0.5	99343	36	99326	6262786	63.04
2010-2019	21	0.00041	0.00041	0.5	99308	40	99288	6163460	62.06
2010-2019	22	0.00044	0.00044	0.5	99268	43	99246	6064173	61.09
2010-2019	23	0.00049	0.00049	0.5	99224	48	99200	5964927	60.12
2010-2019	24	0.00050	0.00050	0.5	99176	50	99151	5865727	59.14
2010-2019	25	0.00049	0.00049	0.5	99126	49	99101	5766576	58.17
2010-2019	26	0.00054	0.00054	0.5	99077	53	99050	5667475	57.20
2010-2019	27	0.00056	0.00056	0.5	99024	55	98996	5568424	56.23
2010-2019	28	0.00061	0.00061	0.5	98968	61	98938	5469428	55.26
2010-2019	29	0.00067	0.00067	0.5	98908	66	98875	5370490	54.30
2010-2019	30	0.00073	0.00073	0.5	98842	72	98806	5271615	53.33
2010-2019	31	0.00072	0.00072	0.5	98770	71	98735	5172808	52.37
2010-2019	32	0.00072	0.00072	0.5	98699	71	98664	5074074	51.41
2010-2019	33	0.00074	0.00074	0.5	98629	73	98592	4975410	50.45
2010-2019	34	0.00077	0.00077	0.5	98555	76	98517	4876818	49.48
2010-2019	35	0.00079	0.00079	0.5	98479	78	98440	4778300	48.52
2010-2019	36	0.00081	0.00081	0.5	98401	79	98362	4679860	47.56
2010-2019	37	0.00084	0.00084	0.5	98322	83	98281	4581499	46.60
2010-2019	38	0.00095	0.00095	0.5	98239	93	98193	4483218	45.64
2010-2019	39	0.00100	0.00100	0.5	98146	98	98097	4385025	44.68
2010-2019	40	0.00108	0.00108	0.5	98048	106	97995	4286928	43.72
2010-2019	41	0.00121	0.00121	0.5	97943	118	97883	4188933	42.77
2010-2019	42	0.00123	0.00123	0.5	97824	120	97764	4091049	41.82
2010-2019	43	0.00126	0.00126	0.5	97704	123	97642	3993285	40.87
2010-2019	44	0.00143	0.00143	0.5	97581	139	97511	3895643	39.92
2010-2019	45	0.00154	0.00154	0.5	97441	150	97366	3798132	38.98
2010-2019	46	0.00180	0.00180	0.5	97291	175	97203	3700766	38.04
2010-2019	47	0.00198	0.00198	0.5	97116	192	97020	3603562	37.11
2010-2019	48	0.00211	0.00211	0.5	96924	204	96822	3506543	36.18
2010-2019	49	0.00230	0.00229	0.5	96719	222	96609	3409721	35.25
2010-2019	50	0.00254	0.00253	0.5	96498	244	96375	3313113	34.33
2010-2019	51	0.00280	0.00280	0.5	96253	269	96118	3216737	33.42
2010-2019	52	0.00312	0.00311	0.5	95984	299	95834	3120619	32.51
2010-2019	53	0.00327	0.00327	0.5	95685	313	95529	3024784	31.61
2010-2019	54	0.00355	0.00355	0.5	95372	338	95203	2929256	30.71
2010-2019	55	0.00382	0.00381	0.5	95034	362	94853	2834053	29.82
2010-2019	56	0.00417	0.00416	0.5	94672	394	94475	2739200	28.93
2010-2019	57	0.00456	0.00455	0.5	94277	429	94063	2644725	28.05
2010-2019	58	0.00486	0.00485	0.5	93848	455	93621	2550662	27.18
2010-2019	59	0.00532	0.00530	0.5	93393	495	93146	2457042	26.31
2010-2019	60	0.00561	0.00560	0.5	92898	520	92638	2363896	25.45
2010-2019	61	0.00618	0.00616	0.5	92378	569	92093	2271258	24.59
2010-2019	62	0.00687	0.00685	0.5	91809	629	91495	2179164	23.74
2010-2019	63	0.00713	0.00710	0.5	91180	647	90857	2087670	22.90
2010-2019	64	0.00798	0.00795	0.5	90533	719	90173	1996813	22.06
2010-2019	65	0.00870	0.00867	0.5	89813	778	89424	1906640	21.23
2010-2019	66	0.00942	0.00937	0.5	89035	834	88618	1817216	20.41
2010-2019	67	0.01032	0.01027	0.5	88201	906	87748	1728598	19.60
2010-2019	68	0.01125	0.01118	0.5	87295	976	86807	1640850	18.80
2010-2019	69	0.01232	0.01224	0.5	86319	1057	85790	1554044	18.00
2010-2019	70	0.01378	0.01369	0.5	85262	1167	84678	1468253	17.22
2010-2019	71	0.01498	0.01487	0.5	84095	1250	83470	1383575	16.45
2010-2019	72	0.01700	0.01686	0.5	82845	1396	82146	1300106	15.69
2010-2019	73	0.01876	0.01859	0.5	81448	1514	80691	1217959	14.95
2010-2019	74	0.02025	0.02005	0.5	79934	1602	79133	1137268	14.23
2010-2019	75	0.02251	0.02226	0.5	78332	1744	77460	1058135	13.51
2010-2019	76	0.02548	0.02516	0.5	76588	1927	75625	980675	12.80
2010-2019	77	0.02773	0.02735	0.5	74662	2042	73640	905050	12.12
2010-2019	78	0.03043	0.02998	0.5	72619	2177	71531	831410	11.45
2010-2019	79	0.03394	0.03338	0.5	70443	2351	69267	759879	10.79
2010-2019	80	0.03876	0.03802	0.5	68091	2589	66797	690612	10.14
2010-2019	81	0.04346	0.04254	0.5	65502	2786	64109	623815	9.52
2010-2019	82	0.04830	0.04716	0.5	62716	2958	61237	559706	8.92
2010-2019	83	0.05431	0.05287	0.5	59759	3160	58179	498469	8.34
2010-2019	84	0.06206	0.06019	0.5	56599	3407	54896	440290	7.78
2010-2019	85	0.07040	0.06801	0.5	53192	3618	51383	385394	7.25
2010-2019	86	0.07873	0.07575	0.5	49575	3755	47697	334011	6.74
2010-2019	87	0.09137	0.08738	0.5	45820	4004	43818	286314	6.25
2010-2019	88	0.10279	0.09777	0.5	41816	4088	39772	242496	5.80
2010-2019	89	0.11690	0.11045	0.5	37728	4167	35644	202724	5.37
2010-2019	90	0.13162	0.12350	0.5	33561	4145	31488	167080	4.98
2010-2019	91	0.14835	0.13811	0.5	29416	4063	27385	135591	4.61
2010-2019	92	0.16616	0.15342	0.5	25354	3890	23409	108206	4.27
2010-2019	93	0.18578	0.16999	0.5	21464	3649	19640	84798	3.95
2010-2019	94	0.20731	0.18784	0.5	17815	3346	16142	65158	3.66
2010-2019	95	0.23062	0.20678	0.5	14469	2992	12973	49016	3.39
2010-2019	96	0.25572	0.22673	0.5	11477	2602	10176	36043	3.14
2010-2019	97	0.28254	0.24756	0.5	8875	2197	7776	25867	2.91
2010-2019	98	0.31100	0.26914	0.5	6678	1797	5779	18091	2.71
2010-2019	99	0.34096	0.29130	0.5	4881	1422	4170	12312	2.52
2010-2019	100	0.37225	0.31384	0.5	3459	1086	2916	8142	2.35
2010-2019	101	0.40465	0.33655	0.5	2373	799	1974	5226	2.20
2010-2019	102	0.43790	0.35924	0.5	1575	566	1292	3252	2.07
2010-2019	103	0.47172	0.38169	0.5	1009	385	816	1960	1.94
2010-2019	104	0.50580	0.40370	0.5	624	252	498	1144	1.83
2010-2019	105	0.53982	0.42509	0.5	372	158	293	646	1.74
2010-2019	106	0.57348	0.44569	0.5	214	95	166	353	1.65
2010-2019	107	0.60648	0.46536	0.5	119	55	91	187	1.58
2010-2019	108	0.63852	0.48400	0.5	63	31	48	96	1.51
2010-2019	109	0.66939	0.50153	0.5	33	16	25	48	1.46
2010-2019	110+	0.69886	1.00000	1.43	16	16	23	23	1.43
