NJ: New Jersey, Lifetables (period 5x5), Males Last modified: 20 Dec 2020, MPv5 (May07) 

Year     	Age	mx	qx	ax	lx	dx	Lx	Tx	ex
1960-1964	0	0.02746	0.02681	0.12	100000	2681	97637	6704643	67.05
1960-1964	1-4	0.00090	0.00358	1.68	97319	349	388466	6607006	67.89
1960-1964	5-9	0.00049	0.00244	2.4	96970	236	484236	6218540	64.13
1960-1964	10-14	0.00042	0.00212	2.65	96734	205	483186	5734304	59.28
1960-1964	15-19	0.00094	0.00469	2.92	96529	453	481703	5251118	54.40
1960-1964	20-24	0.00145	0.00724	2.44	96076	696	478600	4769415	49.64
1960-1964	25-29	0.00137	0.00685	2.52	95380	653	475282	4290815	44.99
1960-1964	30-34	0.00170	0.00846	2.67	94727	802	471765	3815533	40.28
1960-1964	35-39	0.00258	0.01281	2.69	93925	1203	466851	3343767	35.60
1960-1964	40-44	0.00425	0.02103	2.69	92722	1950	459112	2876916	31.03
1960-1964	45-49	0.00730	0.03588	2.71	90771	3257	446411	2417804	26.64
1960-1964	50-54	0.01232	0.05989	2.69	87515	5241	425463	1971393	22.53
1960-1964	55-59	0.01915	0.09156	2.62	82274	7533	393459	1545930	18.79
1960-1964	60-64	0.02946	0.13772	2.63	74741	10293	349336	1152471	15.42
1960-1964	65-69	0.04454	0.20084	2.55	64447	12943	290569	803135	12.46
1960-1964	70-74	0.06417	0.27676	2.52	51504	14254	222131	512566	9.95
1960-1964	75-79	0.09031	0.36731	2.46	37250	13682	151505	290435	7.80
1960-1964	80-84	0.13555	0.50133	2.4	23568	11815	87163	138930	5.89
1960-1964	85-89	0.19941	0.64264	2.23	11753	7553	37875	51767	4.40
1960-1964	90-94	0.28333	0.77147	2.05	4200	3240	11436	13893	3.31
1960-1964	95-99	0.37822	0.86458	1.86	960	830	2194	2457	2.56
1960-1964	100-104	0.48778	0.92601	1.65	130	120	247	263	2.02
1960-1964	105-109	0.59902	0.96013	1.46	10	9	15	16	1.66
1960-1964	110+	0.68654	1.00000	1.46	0	0	1	1	1.46
1965-1969	0	0.02455	0.02403	0.11	100000	2403	97864	6716146	67.16
1965-1969	1-4	0.00085	0.00339	1.66	97597	330	389615	6618282	67.81
1965-1969	5-9	0.00047	0.00232	2.27	97267	226	485715	6228667	64.04
1965-1969	10-14	0.00044	0.00219	2.75	97041	212	484724	5742952	59.18
1965-1969	15-19	0.00120	0.00597	3	96828	578	482983	5258228	54.30
1965-1969	20-24	0.00162	0.00807	2.48	96250	776	479290	4775245	49.61
1965-1969	25-29	0.00163	0.00812	2.48	95473	775	475416	4295955	45.00
1965-1969	30-34	0.00188	0.00937	2.63	94698	887	471392	3820539	40.34
1965-1969	35-39	0.00275	0.01365	2.66	93811	1281	466058	3349148	35.70
1965-1969	40-44	0.00442	0.02186	2.67	92531	2023	457946	2883090	31.16
1965-1969	45-49	0.00701	0.03447	2.66	90508	3120	445252	2425144	26.79
1965-1969	50-54	0.01178	0.05734	2.69	87388	5010	425371	1979891	22.66
1965-1969	55-59	0.01843	0.08833	2.66	82377	7276	394844	1554520	18.87
1965-1969	60-64	0.02936	0.13715	2.61	75101	10300	350879	1159676	15.44
1965-1969	65-69	0.04379	0.19795	2.58	64801	12827	292946	808797	12.48
1965-1969	70-74	0.06436	0.27784	2.54	51974	14440	224360	515852	9.93
1965-1969	75-79	0.09343	0.37677	2.43	37533	14141	151363	291492	7.77
1965-1969	80-84	0.13409	0.49698	2.4	23392	11625	86697	140129	5.99
1965-1969	85-89	0.19204	0.62633	2.22	11767	7370	38377	53432	4.54
1965-1969	90-94	0.27287	0.75766	2.07	4397	3331	12208	15055	3.42
1965-1969	95-99	0.36117	0.85075	1.89	1066	906	2510	2847	2.67
1965-1969	100-104	0.46464	0.91547	1.69	159	146	313	337	2.12
1965-1969	105-109	0.57159	0.95327	1.5	13	13	22	23	1.74
1965-1969	110+	0.65696	1.00000	1.52	1	1	1	1	1.52
1970-1974	0	0.01977	0.01943	0.1	100000	1943	98248	6808853	68.09
1970-1974	1-4	0.00081	0.00325	1.73	98057	318	391507	6710605	68.44
1970-1974	5-9	0.00041	0.00203	2.26	97739	199	488151	6319098	64.65
1970-1974	10-14	0.00039	0.00194	2.78	97540	189	487281	5830947	59.78
1970-1974	15-19	0.00125	0.00621	2.98	97351	605	485532	5343666	54.89
1970-1974	20-24	0.00195	0.00969	2.5	96746	938	481392	4858134	50.22
1970-1974	25-29	0.00173	0.00860	2.44	95809	824	476932	4376742	45.68
1970-1974	30-34	0.00202	0.01006	2.62	94985	955	472647	3899810	41.06
1970-1974	35-39	0.00264	0.01312	2.7	94029	1234	467306	3427163	36.45
1970-1974	40-44	0.00412	0.02040	2.65	92796	1893	459533	2959857	31.90
1970-1974	45-49	0.00678	0.03339	2.68	90903	3035	447459	2500324	27.51
1970-1974	50-54	0.01052	0.05135	2.68	87868	4512	428885	2052865	23.36
1970-1974	55-59	0.01693	0.08139	2.65	83356	6784	400828	1623980	19.48
1970-1974	60-64	0.02650	0.12461	2.62	76571	9541	360102	1223153	15.97
1970-1974	65-69	0.04037	0.18383	2.58	67030	12322	305269	863050	12.88
1970-1974	70-74	0.06068	0.26387	2.53	54708	14435	237894	557781	10.20
1970-1974	75-79	0.09027	0.36740	2.47	40272	14796	163912	319887	7.94
1970-1974	80-84	0.12869	0.48334	2.43	25476	12314	95682	155975	6.12
1970-1974	85-89	0.19039	0.62647	2.27	13162	8246	43311	60294	4.58
1970-1974	90-94	0.26822	0.75480	2.1	4916	3711	13836	16983	3.45
1970-1974	95-99	0.36984	0.85846	1.88	1206	1035	2798	3148	2.61
1970-1974	100-104	0.48107	0.92340	1.66	171	158	328	349	2.05
1970-1974	105-109	0.59471	0.95927	1.47	13	13	21	22	1.67
1970-1974	110+	0.68429	1.00000	1.46	1	1	1	1	1.46
1975-1979	0	0.01534	0.01512	0.09	100000	1512	98618	6992350	69.92
1975-1979	1-4	0.00061	0.00245	1.77	98488	242	393411	6893732	70.00
1975-1979	5-9	0.00036	0.00182	2.33	98246	179	490751	6500321	66.16
1975-1979	10-14	0.00034	0.00168	2.81	98067	165	489974	6009570	61.28
1975-1979	15-19	0.00112	0.00558	2.99	97902	546	488415	5519596	56.38
1975-1979	20-24	0.00177	0.00883	2.49	97356	859	484628	5031181	51.68
1975-1979	25-29	0.00157	0.00781	2.46	96497	753	480573	4546553	47.12
1975-1979	30-34	0.00170	0.00846	2.59	95744	810	476771	4065980	42.47
1975-1979	35-39	0.00228	0.01133	2.66	94934	1076	472157	3589209	37.81
1975-1979	40-44	0.00344	0.01706	2.72	93858	1601	465636	3117052	33.21
1975-1979	45-49	0.00572	0.02822	2.69	92257	2604	455271	2651416	28.74
1975-1979	50-54	0.00939	0.04596	2.67	89654	4120	438687	2196145	24.50
1975-1979	55-59	0.01476	0.07135	2.66	85533	6103	413374	1757458	20.55
1975-1979	60-64	0.02338	0.11078	2.64	79431	8799	376416	1344084	16.92
1975-1979	65-69	0.03597	0.16550	2.59	70632	11689	325010	967669	13.70
1975-1979	70-74	0.05390	0.23813	2.55	58943	14036	260385	642658	10.90
1975-1979	75-79	0.07999	0.33319	2.5	44907	14962	187056	382274	8.51
1975-1979	80-84	0.11971	0.45723	2.42	29944	13691	114368	195218	6.52
1975-1979	85-89	0.17151	0.58812	2.33	16253	9559	55732	80849	4.97
1975-1979	90-94	0.24360	0.71804	2.14	6694	4807	19732	25117	3.75
1975-1979	95-99	0.33546	0.82849	1.95	1888	1564	4662	5385	2.85
1975-1979	100-104	0.43834	0.90245	1.74	324	292	666	724	2.24
1975-1979	105-109	0.54706	0.94656	1.55	32	30	55	57	1.81
1975-1979	110+	0.63485	1.00000	1.58	2	2	3	3	1.58
1980-1984	0	0.01267	0.01252	0.08	100000	1252	98847	7092657	70.93
1980-1984	1-4	0.00056	0.00224	1.65	98748	221	394473	6993811	70.82
1980-1984	5-9	0.00030	0.00151	2.42	98527	149	492252	6599338	66.98
1980-1984	10-14	0.00030	0.00151	2.75	98378	149	491557	6107086	62.08
1980-1984	15-19	0.00097	0.00483	2.98	98230	474	490191	5615529	57.17
1980-1984	20-24	0.00153	0.00761	2.55	97756	744	486955	5125337	52.43
1980-1984	25-29	0.00162	0.00806	2.5	97012	782	483102	4638383	47.81
1980-1984	30-34	0.00178	0.00887	2.53	96229	854	479041	4155281	43.18
1980-1984	35-39	0.00214	0.01063	2.61	95376	1014	474456	3676240	38.54
1980-1984	40-44	0.00309	0.01533	2.68	94362	1447	468456	3201784	33.93
1980-1984	45-49	0.00527	0.02603	2.72	92915	2418	459071	2733328	29.42
1980-1984	50-54	0.00843	0.04135	2.68	90497	3742	443815	2274257	25.13
1980-1984	55-59	0.01363	0.06602	2.64	86755	5727	420284	1830441	21.10
1980-1984	60-64	0.02121	0.10102	2.65	81028	8186	385868	1410157	17.40
1980-1984	65-69	0.03324	0.15398	2.61	72842	11216	337396	1024289	14.06
1980-1984	70-74	0.05161	0.22938	2.58	61626	14136	273891	686893	11.15
1980-1984	75-79	0.07618	0.32013	2.51	47490	15203	199581	413003	8.70
1980-1984	80-84	0.11620	0.44745	2.43	32287	14447	124325	213422	6.61
1980-1984	85-89	0.16947	0.58282	2.32	17840	10398	61354	89097	4.99
1980-1984	90-94	0.24544	0.72137	2.14	7443	5369	21874	27743	3.73
1980-1984	95-99	0.33821	0.83147	1.94	2074	1724	5098	5868	2.83
1980-1984	100-104	0.44492	0.90626	1.73	349	317	712	770	2.20
1980-1984	105-109	0.55727	0.94973	1.53	33	31	56	58	1.78
1980-1984	110+	0.64761	1.00000	1.54	2	2	3	3	1.54
1985-1989	0	0.01121	0.01110	0.08	100000	1110	98974	7125316	71.25
1985-1989	1-4	0.00053	0.00211	1.67	98890	209	395074	7026342	71.05
1985-1989	5-9	0.00028	0.00139	2.54	98681	137	493069	6631269	67.20
1985-1989	10-14	0.00029	0.00143	2.75	98544	141	492403	6138199	62.29
1985-1989	15-19	0.00088	0.00440	2.93	98403	433	491118	5645796	57.37
1985-1989	20-24	0.00133	0.00665	2.61	97970	651	488291	5154678	52.61
1985-1989	25-29	0.00183	0.00910	2.58	97319	885	484451	4666387	47.95
1985-1989	30-34	0.00256	0.01272	2.59	96434	1227	479208	4181936	43.37
1985-1989	35-39	0.00306	0.01519	2.53	95207	1446	472465	3702728	38.89
1985-1989	40-44	0.00343	0.01700	2.54	93761	1594	464890	3230263	34.45
1985-1989	45-49	0.00503	0.02485	2.63	92167	2290	455409	2765374	30.00
1985-1989	50-54	0.00786	0.03860	2.65	89877	3469	441221	2309965	25.70
1985-1989	55-59	0.01256	0.06102	2.67	86408	5273	419747	1868743	21.63
1985-1989	60-64	0.02022	0.09644	2.62	81135	7825	387049	1448997	17.86
1985-1989	65-69	0.03028	0.14119	2.62	73310	10351	341869	1061948	14.49
1985-1989	70-74	0.04834	0.21640	2.58	62959	13624	281852	720080	11.44
1985-1989	75-79	0.07134	0.30308	2.52	49335	14952	209579	438227	8.88
1985-1989	80-84	0.11406	0.44083	2.43	34383	15157	132889	228648	6.65
1985-1989	85-89	0.16946	0.58140	2.3	19226	11178	65962	95759	4.98
1985-1989	90-94	0.24687	0.72361	2.14	8048	5824	23589	29797	3.70
1985-1989	95-99	0.34325	0.83643	1.94	2224	1861	5420	6207	2.79
1985-1989	100-104	0.45362	0.91095	1.72	364	331	731	787	2.16
1985-1989	105-109	0.56912	0.95312	1.51	32	31	54	57	1.75
1985-1989	110+	0.66145	1.00000	1.51	2	2	2	2	1.51
1990-1994	0	0.00979	0.00970	0.07	100000	970	99099	7242324	72.42
1990-1994	1-4	0.00042	0.00167	1.59	99030	165	395722	7143224	72.13
1990-1994	5-9	0.00020	0.00102	2.31	98865	101	494053	6747502	68.25
1990-1994	10-14	0.00025	0.00126	2.81	98764	124	493546	6253449	63.32
1990-1994	15-19	0.00079	0.00394	2.8	98639	389	492342	5759903	58.39
1990-1994	20-24	0.00126	0.00627	2.52	98251	616	489729	5267561	53.61
1990-1994	25-29	0.00157	0.00782	2.59	97635	763	486335	4777831	48.94
1990-1994	30-34	0.00243	0.01206	2.66	96872	1168	481622	4291497	44.30
1990-1994	35-39	0.00331	0.01640	2.61	95704	1570	474760	3809874	39.81
1990-1994	40-44	0.00398	0.01973	2.58	94134	1857	466177	3335114	35.43
1990-1994	45-49	0.00488	0.02413	2.64	92277	2227	456131	2868937	31.09
1990-1994	50-54	0.00705	0.03468	2.64	90050	3123	442884	2412807	26.79
1990-1994	55-59	0.01119	0.05452	2.66	86927	4740	423536	1969923	22.66
1990-1994	60-64	0.01728	0.08299	2.62	82188	6821	394724	1546387	18.82
1990-1994	65-69	0.02763	0.12955	2.6	75367	9764	353371	1151663	15.28
1990-1994	70-74	0.04226	0.19174	2.59	65603	12578	297662	798292	12.17
1990-1994	75-79	0.06353	0.27462	2.53	53025	14562	229197	500631	9.44
1990-1994	80-84	0.10264	0.40710	2.46	38463	15658	152553	271434	7.06
1990-1994	85-89	0.15828	0.55798	2.36	22805	12724	80390	118880	5.21
1990-1994	90-94	0.23664	0.70980	2.18	10080	7155	30235	38491	3.82
1990-1994	95-99	0.33824	0.83280	1.95	2925	2436	7203	8255	2.82
1990-1994	100-104	0.45574	0.91269	1.72	489	446	980	1053	2.15
1990-1994	105-109	0.57887	0.95602	1.5	43	41	71	73	1.72
1990-1994	110+	0.67675	1.00000	1.48	2	2	3	3	1.48
1995-1999	0	0.00766	0.00761	0.07	100000	761	99289	7396335	73.96
1995-1999	1-4	0.00037	0.00147	1.62	99239	146	396608	7297046	73.53
1995-1999	5-9	0.00016	0.00082	2.28	99093	82	495242	6900438	69.64
1995-1999	10-14	0.00020	0.00100	2.75	99011	99	494833	6405196	64.69
1995-1999	15-19	0.00072	0.00358	3.06	98912	354	493875	5910363	59.75
1995-1999	20-24	0.00116	0.00578	2.48	98558	570	491353	5416488	54.96
1995-1999	25-29	0.00129	0.00644	2.53	97989	631	488387	4925135	50.26
1995-1999	30-34	0.00164	0.00817	2.64	97358	795	484914	4436748	45.57
1995-1999	35-39	0.00238	0.01182	2.64	96562	1141	480122	3951835	40.93
1995-1999	40-44	0.00341	0.01689	2.64	95421	1612	473295	3471713	36.38
1995-1999	45-49	0.00458	0.02263	2.61	93809	2123	463964	2998418	31.96
1995-1999	50-54	0.00623	0.03071	2.67	91686	2816	451859	2534453	27.64
1995-1999	55-59	0.00964	0.04716	2.66	88870	4191	434536	2082594	23.43
1995-1999	60-64	0.01527	0.07373	2.66	84679	6243	408813	1648058	19.46
1995-1999	65-69	0.02445	0.11552	2.62	78436	9061	370636	1239245	15.80
1995-1999	70-74	0.03900	0.17820	2.58	69375	12362	316982	868609	12.52
1995-1999	75-79	0.05931	0.25920	2.57	57013	14778	249166	551627	9.68
1995-1999	80-84	0.09869	0.39538	2.49	42235	16699	169200	302462	7.16
1995-1999	85-89	0.15622	0.55388	2.37	25536	14144	90537	133262	5.22
1995-1999	90-94	0.24068	0.71753	2.19	11392	8174	33963	42725	3.75
1995-1999	95-99	0.35147	0.84556	1.93	3218	2721	7742	8762	2.72
1995-1999	100-104	0.47892	0.92397	1.68	497	459	959	1020	2.05
1995-1999	105-109	0.60994	0.96341	1.45	38	36	60	62	1.63
1995-1999	110+	0.71183	1.00000	1.4	1	1	2	2	1.40
2000-2004	0	0.00658	0.00654	0.06	100000	654	99387	7522902	75.23
2000-2004	1-4	0.00024	0.00097	1.6	99346	96	397154	7423515	74.72
2000-2004	5-9	0.00012	0.00062	2.31	99250	61	496086	7026361	70.79
2000-2004	10-14	0.00016	0.00080	2.81	99189	79	495769	6530276	65.84
2000-2004	15-19	0.00067	0.00334	3.18	99109	331	494944	6034506	60.89
2000-2004	20-24	0.00131	0.00654	2.54	98778	646	492300	5539562	56.08
2000-2004	25-29	0.00129	0.00642	2.51	98132	630	489093	5047262	51.43
2000-2004	30-34	0.00141	0.00701	2.59	97503	683	485863	4558169	46.75
2000-2004	35-39	0.00190	0.00945	2.65	96819	915	481944	4072306	42.06
2000-2004	40-44	0.00274	0.01360	2.64	95905	1305	476444	3590362	37.44
2000-2004	45-49	0.00418	0.02070	2.66	94600	1959	468409	3113918	32.92
2000-2004	50-54	0.00599	0.02953	2.64	92642	2736	456744	2645509	28.56
2000-2004	55-59	0.00870	0.04263	2.64	89905	3833	440485	2188765	24.35
2000-2004	60-64	0.01345	0.06520	2.65	86073	5612	417195	1748280	20.31
2000-2004	65-69	0.02097	0.09988	2.63	80461	8036	383276	1331085	16.54
2000-2004	70-74	0.03402	0.15734	2.62	72425	11395	335001	947809	13.09
2000-2004	75-79	0.05380	0.23791	2.57	61029	14520	269882	612808	10.04
2000-2004	80-84	0.09141	0.37273	2.53	46509	17336	189649	342926	7.37
2000-2004	85-89	0.15313	0.54808	2.41	29174	15989	104421	153277	5.25
2000-2004	90-94	0.24287	0.72232	2.2	13184	9523	39212	48857	3.71
2000-2004	95-99	0.36400	0.85718	1.91	3661	3138	8621	9645	2.63
2000-2004	100-104	0.50356	0.93458	1.64	523	489	970	1023	1.96
2000-2004	105-109	0.64375	0.97012	1.4	34	33	52	53	1.55
2000-2004	110+	0.74942	1.00000	1.33	1	1	1	1	1.33
2005-2009	0	0.00596	0.00593	0.06	100000	593	99443	7675390	76.75
2005-2009	1-4	0.00021	0.00085	1.66	99407	84	397431	7575946	76.21
2005-2009	5-9	0.00010	0.00048	2.34	99323	48	496488	7178515	72.27
2005-2009	10-14	0.00014	0.00072	2.87	99275	72	496224	6682027	67.31
2005-2009	15-19	0.00061	0.00306	3.18	99204	304	495464	6185803	62.35
2005-2009	20-24	0.00127	0.00634	2.54	98900	627	492954	5690339	57.54
2005-2009	25-29	0.00129	0.00641	2.52	98273	630	489800	5197385	52.89
2005-2009	30-34	0.00127	0.00635	2.49	97643	620	486659	4707585	48.21
2005-2009	35-39	0.00153	0.00760	2.65	97023	738	483386	4220926	43.50
2005-2009	40-44	0.00238	0.01182	2.66	96286	1138	478766	3737540	38.82
2005-2009	45-49	0.00347	0.01720	2.66	95147	1637	471913	3258775	34.25
2005-2009	50-54	0.00549	0.02708	2.62	93511	2533	461537	2786862	29.80
2005-2009	55-59	0.00801	0.03933	2.64	90978	3578	446433	2325324	25.56
2005-2009	60-64	0.01180	0.05741	2.66	87400	5017	425278	1878892	21.50
2005-2009	65-69	0.01793	0.08601	2.64	82383	7086	395207	1453614	17.64
2005-2009	70-74	0.02817	0.13208	2.65	75297	9945	353065	1058406	14.06
2005-2009	75-79	0.04690	0.21090	2.61	65351	13782	293839	705342	10.79
2005-2009	80-84	0.07914	0.33145	2.55	51569	17093	215991	411502	7.98
2005-2009	85-89	0.13504	0.50221	2.45	34476	17314	128214	195511	5.67
2005-2009	90-94	0.22556	0.69476	2.24	17162	11923	52861	67297	3.92
2005-2009	95-99	0.34539	0.84233	1.96	5238	4413	12776	14436	2.76
2005-2009	100-104	0.48930	0.92963	1.67	826	768	1569	1660	2.01
2005-2009	105-109	0.63624	0.96909	1.41	58	56	89	91	1.56
2005-2009	110+	0.74740	1.00000	1.34	2	2	2	2	1.34
2010-2014	0	0.00507	0.00505	0.06	100000	505	99525	7771364	77.71
2010-2014	1-4	0.00021	0.00085	1.55	99495	85	397773	7671839	77.11
2010-2014	5-9	0.00009	0.00044	2.44	99410	44	496941	7274066	73.17
2010-2014	10-14	0.00012	0.00059	2.61	99367	59	496694	6777126	68.20
2010-2014	15-19	0.00051	0.00253	3.17	99308	251	496081	6280432	63.24
2010-2014	20-24	0.00124	0.00620	2.62	99057	614	493822	5784351	58.39
2010-2014	25-29	0.00134	0.00669	2.51	98442	659	490570	5290528	53.74
2010-2014	30-34	0.00133	0.00661	2.53	97783	646	487321	4799958	49.09
2010-2014	35-39	0.00145	0.00725	2.57	97137	704	483976	4312637	44.40
2010-2014	40-44	0.00199	0.00991	2.64	96433	956	479912	3828661	39.70
2010-2014	45-49	0.00327	0.01624	2.66	95477	1550	473763	3348749	35.07
2010-2014	50-54	0.00505	0.02494	2.66	93927	2343	464144	2874986	30.61
2010-2014	55-59	0.00761	0.03739	2.65	91584	3425	449864	2410842	26.32
2010-2014	60-64	0.01100	0.05359	2.63	88160	4724	429592	1960978	22.24
2010-2014	65-69	0.01629	0.07846	2.64	83435	6546	401728	1531385	18.35
2010-2014	70-74	0.02566	0.12089	2.62	76889	9295	362286	1129657	14.69
2010-2014	75-79	0.04165	0.18944	2.61	67594	12805	307422	767371	11.35
2010-2014	80-84	0.07178	0.30582	2.58	54789	16756	233438	459949	8.39
2010-2014	85-89	0.12412	0.47255	2.48	38033	17973	144800	226511	5.96
2010-2014	90-94	0.21398	0.67580	2.27	20061	13557	63355	81712	4.07
2010-2014	95-99	0.33558	0.83412	1.99	6504	5425	16166	18357	2.82
2010-2014	100-104	0.48364	0.92780	1.68	1079	1001	2070	2191	2.03
2010-2014	105-109	0.63597	0.96925	1.41	78	75	119	122	1.57
2010-2014	110+	0.75095	1.00000	1.33	2	2	3	3	1.33
2015-2019	0	0.00465	0.00463	0.06	100000	463	99564	7781099	77.81
2015-2019	1-4	0.00018	0.00071	1.76	99537	71	397991	7681535	77.17
2015-2019	5-9	0.00010	0.00048	2.76	99467	48	497226	7283544	73.23
2015-2019	10-14	0.00012	0.00058	2.72	99419	58	496962	6786318	68.26
2015-2019	15-19	0.00044	0.00218	3.12	99361	217	496398	6289356	63.30
2015-2019	20-24	0.00121	0.00604	2.64	99144	599	494312	5792957	58.43
2015-2019	25-29	0.00177	0.00880	2.57	98546	867	490624	5298646	53.77
2015-2019	30-34	0.00189	0.00943	2.54	97678	921	486125	4808022	49.22
2015-2019	35-39	0.00209	0.01041	2.59	96758	1008	481359	4321897	44.67
2015-2019	40-44	0.00234	0.01163	2.53	95750	1114	476003	3840538	40.11
2015-2019	45-49	0.00332	0.01645	2.63	94636	1557	469490	3364535	35.55
2015-2019	50-54	0.00501	0.02478	2.69	93079	2306	460079	2895045	31.10
2015-2019	55-59	0.00747	0.03671	2.66	90773	3332	446061	2434967	26.82
2015-2019	60-64	0.01097	0.05346	2.63	87441	4675	426130	1988906	22.75
2015-2019	65-69	0.01591	0.07665	2.6	82766	6344	398607	1562776	18.88
2015-2019	70-74	0.02414	0.11421	2.65	76422	8728	361580	1164169	15.23
2015-2019	75-79	0.03881	0.17763	2.62	67694	12024	309844	802589	11.86
2015-2019	80-84	0.06540	0.28278	2.61	55670	15742	240689	492745	8.85
2015-2019	85-89	0.11408	0.44390	2.5	39928	17724	155369	252057	6.31
2015-2019	90-94	0.19491	0.63990	2.32	22204	14208	72896	96687	4.35
2015-2019	95-99	0.31547	0.81448	2.03	7996	6512	20643	23791	2.98
2015-2019	100-104	0.46137	0.91821	1.72	1483	1362	2952	3148	2.12
2015-2019	105-109	0.61532	0.96552	1.45	121	117	190	196	1.62
2015-2019	110+	0.73377	1.00000	1.36	4	4	6	6	1.36
