FL: Florida, Lifetables (period 1x5), Females Last modified: 20 Dec 2020, MPv5 (May07) 

Year     	Age	mx	qx	ax	lx	dx	Lx	Tx	ex
1960-1964	0	0.02539	0.02484	0.12	100000	2484	97825	7425612	74.26
1960-1964	1	0.00217	0.00216	0.5	97516	211	97411	7327787	75.14
1960-1964	2	0.00114	0.00114	0.5	97305	111	97250	7230376	74.31
1960-1964	3	0.00080	0.00080	0.5	97194	78	97155	7133127	73.39
1960-1964	4	0.00068	0.00067	0.5	97116	66	97083	7035971	72.45
1960-1964	5	0.00057	0.00057	0.5	97051	55	97023	6938888	71.50
1960-1964	6	0.00042	0.00042	0.5	96996	41	96975	6841865	70.54
1960-1964	7	0.00039	0.00039	0.5	96954	38	96936	6744890	69.57
1960-1964	8	0.00031	0.00031	0.5	96917	30	96902	6647954	68.59
1960-1964	9	0.00035	0.00035	0.5	96887	34	96870	6551052	67.62
1960-1964	10	0.00031	0.00031	0.5	96853	30	96838	6454182	66.64
1960-1964	11	0.00030	0.00030	0.5	96822	29	96808	6357345	65.66
1960-1964	12	0.00028	0.00028	0.5	96793	27	96780	6260537	64.68
1960-1964	13	0.00039	0.00039	0.5	96766	37	96748	6163757	63.70
1960-1964	14	0.00042	0.00042	0.5	96729	41	96708	6067009	62.72
1960-1964	15	0.00045	0.00045	0.5	96688	43	96666	5970301	61.75
1960-1964	16	0.00066	0.00066	0.5	96645	64	96613	5873635	60.78
1960-1964	17	0.00049	0.00049	0.5	96581	47	96558	5777022	59.82
1960-1964	18	0.00063	0.00063	0.5	96534	61	96504	5680464	58.84
1960-1964	19	0.00078	0.00078	0.5	96473	75	96435	5583960	57.88
1960-1964	20	0.00074	0.00074	0.5	96398	71	96362	5487525	56.93
1960-1964	21	0.00076	0.00076	0.5	96327	74	96290	5391163	55.97
1960-1964	22	0.00081	0.00081	0.5	96253	78	96214	5294873	55.01
1960-1964	23	0.00084	0.00084	0.5	96175	81	96135	5198659	54.05
1960-1964	24	0.00091	0.00091	0.5	96095	88	96051	5102524	53.10
1960-1964	25	0.00096	0.00096	0.5	96007	92	95961	5006473	52.15
1960-1964	26	0.00092	0.00092	0.5	95915	88	95871	4910512	51.20
1960-1964	27	0.00109	0.00109	0.5	95827	104	95775	4814641	50.24
1960-1964	28	0.00116	0.00116	0.5	95723	111	95668	4718866	49.30
1960-1964	29	0.00126	0.00126	0.5	95612	121	95552	4623198	48.35
1960-1964	30	0.00139	0.00139	0.5	95492	132	95425	4527646	47.41
1960-1964	31	0.00116	0.00116	0.5	95359	111	95304	4432221	46.48
1960-1964	32	0.00155	0.00155	0.5	95248	147	95175	4336917	45.53
1960-1964	33	0.00164	0.00164	0.5	95101	156	95023	4241742	44.60
1960-1964	34	0.00168	0.00168	0.5	94945	159	94866	4146719	43.67
1960-1964	35	0.00193	0.00193	0.5	94786	183	94694	4051854	42.75
1960-1964	36	0.00218	0.00218	0.5	94603	206	94500	3957159	41.83
1960-1964	37	0.00186	0.00186	0.5	94397	175	94309	3862659	40.92
1960-1964	38	0.00245	0.00245	0.5	94221	231	94106	3768351	39.99
1960-1964	39	0.00246	0.00246	0.5	93990	231	93875	3674245	39.09
1960-1964	40	0.00295	0.00295	0.5	93759	276	93621	3580370	38.19
1960-1964	41	0.00296	0.00295	0.5	93483	276	93345	3486749	37.30
1960-1964	42	0.00321	0.00321	0.5	93207	299	93058	3393403	36.41
1960-1964	43	0.00336	0.00336	0.5	92909	312	92753	3300345	35.52
1960-1964	44	0.00362	0.00361	0.5	92597	335	92429	3207593	34.64
1960-1964	45	0.00391	0.00390	0.5	92262	360	92082	3115163	33.76
1960-1964	46	0.00422	0.00421	0.5	91902	387	91709	3023081	32.89
1960-1964	47	0.00473	0.00472	0.5	91515	432	91300	2931372	32.03
1960-1964	48	0.00504	0.00503	0.5	91084	458	90855	2840072	31.18
1960-1964	49	0.00530	0.00528	0.5	90626	479	90386	2749218	30.34
1960-1964	50	0.00615	0.00613	0.5	90147	552	89871	2658832	29.49
1960-1964	51	0.00606	0.00604	0.5	89594	542	89324	2568961	28.67
1960-1964	52	0.00689	0.00686	0.5	89053	611	88747	2479637	27.84
1960-1964	53	0.00683	0.00680	0.5	88442	602	88141	2390890	27.03
1960-1964	54	0.00740	0.00737	0.5	87840	648	87516	2302750	26.22
1960-1964	55	0.00771	0.00768	0.5	87192	670	86857	2215234	25.41
1960-1964	56	0.00822	0.00819	0.5	86522	708	86168	2128376	24.60
1960-1964	57	0.00889	0.00885	0.5	85814	760	85434	2042208	23.80
1960-1964	58	0.00940	0.00936	0.5	85054	796	84656	1956774	23.01
1960-1964	59	0.01056	0.01050	0.5	84258	885	83816	1872118	22.22
1960-1964	60	0.01155	0.01148	0.5	83373	957	82895	1788302	21.45
1960-1964	61	0.01138	0.01132	0.5	82416	933	81950	1705407	20.69
1960-1964	62	0.01246	0.01238	0.5	81483	1009	80979	1623458	19.92
1960-1964	63	0.01349	0.01340	0.5	80474	1079	79935	1542479	19.17
1960-1964	64	0.01415	0.01405	0.5	79396	1116	78838	1462544	18.42
1960-1964	65	0.01685	0.01671	0.5	78280	1308	77626	1383706	17.68
1960-1964	66	0.01663	0.01649	0.5	76972	1269	76337	1306080	16.97
1960-1964	67	0.01793	0.01777	0.5	75703	1346	75030	1229743	16.24
1960-1964	68	0.02007	0.01987	0.5	74357	1477	73618	1154713	15.53
1960-1964	69	0.02170	0.02147	0.5	72880	1565	72097	1081094	14.83
1960-1964	70	0.02380	0.02352	0.5	71315	1678	70476	1008997	14.15
1960-1964	71	0.02487	0.02457	0.5	69637	1711	68782	938521	13.48
1960-1964	72	0.02868	0.02827	0.5	67927	1921	66966	869739	12.80
1960-1964	73	0.03106	0.03059	0.5	66006	2019	64996	802772	12.16
1960-1964	74	0.03483	0.03423	0.5	63987	2191	62892	737776	11.53
1960-1964	75	0.03836	0.03763	0.5	61796	2326	60633	674884	10.92
1960-1964	76	0.04329	0.04237	0.5	59471	2520	58211	614251	10.33
1960-1964	77	0.04454	0.04357	0.5	56951	2481	55710	556040	9.76
1960-1964	78	0.05338	0.05200	0.5	54470	2832	53054	500330	9.19
1960-1964	79	0.05440	0.05296	0.5	51637	2735	50270	447276	8.66
1960-1964	80	0.06641	0.06428	0.5	48903	3143	47331	397006	8.12
1960-1964	81	0.06681	0.06465	0.5	45759	2958	44280	349676	7.64
1960-1964	82	0.07798	0.07505	0.5	42801	3212	41195	305396	7.14
1960-1964	83	0.09217	0.08811	0.5	39589	3488	37845	264201	6.67
1960-1964	84	0.10030	0.09551	0.5	36101	3448	34377	226356	6.27
1960-1964	85	0.10854	0.10295	0.5	32653	3362	30972	191979	5.88
1960-1964	86	0.12469	0.11737	0.5	29291	3438	27572	161007	5.50
1960-1964	87	0.13394	0.12553	0.5	25853	3245	24230	133435	5.16
1960-1964	88	0.15348	0.14254	0.5	22608	3223	20997	109205	4.83
1960-1964	89	0.15635	0.14501	0.5	19385	2811	17980	88208	4.55
1960-1964	90	0.19116	0.17449	0.5	16574	2892	15128	70229	4.24
1960-1964	91	0.19128	0.17459	0.5	13682	2389	12488	55100	4.03
1960-1964	92	0.20894	0.18917	0.5	11293	2136	10225	42613	3.77
1960-1964	93	0.22776	0.20447	0.5	9157	1872	8221	32387	3.54
1960-1964	94	0.24774	0.22044	0.5	7285	1606	6482	24167	3.32
1960-1964	95	0.26887	0.23701	0.5	5679	1346	5006	17685	3.11
1960-1964	96	0.29110	0.25412	0.5	4333	1101	3782	12679	2.93
1960-1964	97	0.31439	0.27168	0.5	3232	878	2793	8896	2.75
1960-1964	98	0.33864	0.28960	0.5	2354	682	2013	6104	2.59
1960-1964	99	0.36377	0.30779	0.5	1672	515	1415	4091	2.45
1960-1964	100	0.38967	0.32613	0.5	1157	377	969	2676	2.31
1960-1964	101	0.41621	0.34451	0.5	780	269	646	1707	2.19
1960-1964	102	0.44324	0.36283	0.5	511	186	419	1061	2.08
1960-1964	103	0.47061	0.38096	0.5	326	124	264	643	1.97
1960-1964	104	0.49816	0.39882	0.5	202	80	161	379	1.88
1960-1964	105	0.52572	0.41629	0.5	121	50	96	218	1.80
1960-1964	106	0.55312	0.43329	0.5	71	31	55	122	1.72
1960-1964	107	0.58021	0.44974	0.5	40	18	31	66	1.65
1960-1964	108	0.60682	0.46556	0.5	22	10	17	35	1.59
1960-1964	109	0.63281	0.48071	0.5	12	6	9	18	1.55
1960-1964	110+	0.65805	1.00000	1.52	6	6	9	9	1.52
1965-1969	0	0.02265	0.02220	0.12	100000	2220	98038	7483493	74.83
1965-1969	1	0.00174	0.00174	0.5	97780	170	97695	7385454	75.53
1965-1969	2	0.00106	0.00106	0.5	97609	104	97558	7287760	74.66
1965-1969	3	0.00072	0.00072	0.5	97506	70	97471	7190202	73.74
1965-1969	4	0.00051	0.00051	0.5	97436	50	97411	7092732	72.79
1965-1969	5	0.00051	0.00051	0.5	97386	50	97362	6995320	71.83
1965-1969	6	0.00045	0.00045	0.5	97337	44	97315	6897959	70.87
1965-1969	7	0.00039	0.00039	0.5	97293	38	97274	6800644	69.90
1965-1969	8	0.00038	0.00038	0.5	97255	37	97237	6703370	68.93
1965-1969	9	0.00036	0.00036	0.5	97219	35	97201	6606132	67.95
1965-1969	10	0.00031	0.00031	0.5	97184	30	97169	6508931	66.98
1965-1969	11	0.00033	0.00033	0.5	97154	32	97138	6411762	66.00
1965-1969	12	0.00028	0.00028	0.5	97122	27	97108	6314625	65.02
1965-1969	13	0.00037	0.00037	0.5	97094	36	97076	6217517	64.04
1965-1969	14	0.00047	0.00047	0.5	97059	45	97036	6120440	63.06
1965-1969	15	0.00049	0.00049	0.5	97013	48	96989	6023404	62.09
1965-1969	16	0.00056	0.00056	0.5	96965	55	96938	5926415	61.12
1965-1969	17	0.00064	0.00064	0.5	96911	62	96880	5829477	60.15
1965-1969	18	0.00087	0.00087	0.5	96849	84	96807	5732597	59.19
1965-1969	19	0.00072	0.00072	0.5	96765	70	96730	5635790	58.24
1965-1969	20	0.00069	0.00069	0.5	96695	67	96662	5539060	57.28
1965-1969	21	0.00077	0.00077	0.5	96629	74	96592	5442398	56.32
1965-1969	22	0.00095	0.00095	0.5	96555	92	96509	5345806	55.37
1965-1969	23	0.00083	0.00083	0.5	96463	80	96422	5249297	54.42
1965-1969	24	0.00083	0.00083	0.5	96382	80	96342	5152875	53.46
1965-1969	25	0.00077	0.00077	0.5	96303	74	96265	5056532	52.51
1965-1969	26	0.00081	0.00081	0.5	96228	78	96189	4960267	51.55
1965-1969	27	0.00108	0.00108	0.5	96150	103	96098	4864078	50.59
1965-1969	28	0.00100	0.00100	0.5	96047	96	95999	4767979	49.64
1965-1969	29	0.00103	0.00103	0.5	95950	99	95901	4671981	48.69
1965-1969	30	0.00126	0.00126	0.5	95852	121	95792	4576080	47.74
1965-1969	31	0.00124	0.00124	0.5	95731	119	95672	4480288	46.80
1965-1969	32	0.00147	0.00147	0.5	95613	141	95542	4384616	45.86
1965-1969	33	0.00152	0.00152	0.5	95472	145	95399	4289074	44.92
1965-1969	34	0.00170	0.00170	0.5	95327	162	95246	4193674	43.99
1965-1969	35	0.00192	0.00191	0.5	95165	182	95073	4098429	43.07
1965-1969	36	0.00210	0.00210	0.5	94982	199	94883	4003355	42.15
1965-1969	37	0.00212	0.00212	0.5	94783	201	94683	3908473	41.24
1965-1969	38	0.00230	0.00230	0.5	94582	217	94473	3813790	40.32
1965-1969	39	0.00238	0.00238	0.5	94365	225	94252	3719317	39.41
1965-1969	40	0.00275	0.00275	0.5	94140	259	94011	3625064	38.51
1965-1969	41	0.00285	0.00285	0.5	93881	267	93748	3531054	37.61
1965-1969	42	0.00329	0.00329	0.5	93614	308	93460	3437306	36.72
1965-1969	43	0.00359	0.00359	0.5	93306	335	93139	3343846	35.84
1965-1969	44	0.00365	0.00364	0.5	92972	339	92802	3250707	34.96
1965-1969	45	0.00425	0.00424	0.5	92633	393	92436	3157904	34.09
1965-1969	46	0.00435	0.00434	0.5	92240	400	92040	3065468	33.23
1965-1969	47	0.00481	0.00480	0.5	91839	441	91619	2973428	32.38
1965-1969	48	0.00507	0.00505	0.5	91399	462	91168	2881809	31.53
1965-1969	49	0.00523	0.00521	0.5	90937	474	90699	2790642	30.69
1965-1969	50	0.00598	0.00596	0.5	90462	539	90193	2699942	29.85
1965-1969	51	0.00617	0.00616	0.5	89923	554	89647	2609749	29.02
1965-1969	52	0.00681	0.00679	0.5	89370	606	89067	2520103	28.20
1965-1969	53	0.00756	0.00753	0.5	88763	668	88429	2431036	27.39
1965-1969	54	0.00773	0.00770	0.5	88095	678	87756	2342607	26.59
1965-1969	55	0.00740	0.00737	0.5	87417	645	87094	2254851	25.79
1965-1969	56	0.00814	0.00811	0.5	86772	704	86420	2167757	24.98
1965-1969	57	0.00838	0.00835	0.5	86068	718	85709	2081337	24.18
1965-1969	58	0.00953	0.00949	0.5	85350	810	84945	1995627	23.38
1965-1969	59	0.00958	0.00953	0.5	84540	806	84137	1910682	22.60
1965-1969	60	0.01053	0.01047	0.5	83734	877	83296	1826545	21.81
1965-1969	61	0.01042	0.01036	0.5	82858	859	82428	1743249	21.04
1965-1969	62	0.01183	0.01176	0.5	81999	965	81517	1660821	20.25
1965-1969	63	0.01168	0.01161	0.5	81035	941	80564	1579304	19.49
1965-1969	64	0.01324	0.01315	0.5	80093	1054	79567	1498740	18.71
1965-1969	65	0.01535	0.01523	0.5	79040	1204	78438	1419173	17.96
1965-1969	66	0.01595	0.01582	0.5	77836	1232	77220	1340736	17.23
1965-1969	67	0.01793	0.01777	0.5	76604	1362	75923	1263516	16.49
1965-1969	68	0.01926	0.01907	0.5	75242	1435	74525	1187593	15.78
1965-1969	69	0.02028	0.02008	0.5	73807	1482	73066	1113068	15.08
1965-1969	70	0.02334	0.02307	0.5	72325	1668	71491	1040001	14.38
1965-1969	71	0.02320	0.02294	0.5	70657	1621	69847	968510	13.71
1965-1969	72	0.02749	0.02711	0.5	69036	1872	68101	898663	13.02
1965-1969	73	0.02941	0.02898	0.5	67165	1946	66191	830563	12.37
1965-1969	74	0.03318	0.03264	0.5	65218	2129	64154	764371	11.72
1965-1969	75	0.03887	0.03813	0.5	63090	2406	61887	700218	11.10
1965-1969	76	0.04218	0.04131	0.5	60684	2507	59430	638331	10.52
1965-1969	77	0.04462	0.04365	0.5	58177	2539	56907	578900	9.95
1965-1969	78	0.04963	0.04842	0.5	55638	2694	54291	521993	9.38
1965-1969	79	0.05638	0.05483	0.5	52944	2903	51492	467702	8.83
1965-1969	80	0.06187	0.06001	0.5	50040	3003	48539	416210	8.32
1965-1969	81	0.06420	0.06221	0.5	47037	2926	45574	367672	7.82
1965-1969	82	0.07487	0.07217	0.5	44111	3183	42520	322097	7.30
1965-1969	83	0.08304	0.07973	0.5	40928	3263	39296	279578	6.83
1965-1969	84	0.09436	0.09011	0.5	37665	3394	35968	240281	6.38
1965-1969	85	0.10678	0.10137	0.5	34271	3474	32534	204314	5.96
1965-1969	86	0.11783	0.11127	0.5	30797	3427	29083	171780	5.58
1965-1969	87	0.13333	0.12500	0.5	27370	3421	25659	142696	5.21
1965-1969	88	0.14209	0.13266	0.5	23949	3177	22360	117037	4.89
1965-1969	89	0.15892	0.14722	0.5	20772	3058	19243	94677	4.56
1965-1969	90	0.18338	0.16797	0.5	17714	2975	16226	75434	4.26
1965-1969	91	0.19101	0.17435	0.5	14738	2570	13453	59208	4.02
1965-1969	92	0.20753	0.18802	0.5	12169	2288	11025	45755	3.76
1965-1969	93	0.22727	0.20408	0.5	9881	2016	8872	34730	3.52
1965-1969	94	0.24829	0.22087	0.5	7864	1737	6996	25858	3.29
1965-1969	95	0.27058	0.23834	0.5	6127	1460	5397	18862	3.08
1965-1969	96	0.29409	0.25639	0.5	4667	1197	4069	13465	2.89
1965-1969	97	0.31874	0.27493	0.5	3470	954	2993	9397	2.71
1965-1969	98	0.34446	0.29385	0.5	2516	739	2147	6403	2.54
1965-1969	99	0.37112	0.31303	0.5	1777	556	1499	4257	2.40
1965-1969	100	0.39859	0.33235	0.5	1221	406	1018	2758	2.26
1965-1969	101	0.42671	0.35168	0.5	815	287	672	1740	2.14
1965-1969	102	0.45531	0.37088	0.5	528	196	430	1069	2.02
1965-1969	103	0.48422	0.38983	0.5	332	130	268	638	1.92
1965-1969	104	0.51323	0.40842	0.5	203	83	161	371	1.83
1965-1969	105	0.54214	0.42653	0.5	120	51	94	209	1.74
1965-1969	106	0.57078	0.44405	0.5	69	31	54	115	1.67
1965-1969	107	0.59895	0.46092	0.5	38	18	29	61	1.60
1965-1969	108	0.62649	0.47705	0.5	21	10	16	32	1.55
1965-1969	109	0.65322	0.49240	0.5	11	5	8	16	1.50
1965-1969	110+	0.67903	1.00000	1.47	5	5	8	8	1.47
1970-1974	0	0.01759	0.01732	0.1	100000	1732	98445	7563433	75.63
1970-1974	1	0.00135	0.00135	0.5	98268	132	98202	7464988	75.97
1970-1974	2	0.00096	0.00096	0.5	98136	94	98089	7366786	75.07
1970-1974	3	0.00069	0.00069	0.5	98042	68	98008	7268697	74.14
1970-1974	4	0.00061	0.00061	0.5	97974	60	97944	7170689	73.19
1970-1974	5	0.00047	0.00047	0.5	97915	46	97892	7072745	72.23
1970-1974	6	0.00055	0.00055	0.5	97869	54	97841	6974853	71.27
1970-1974	7	0.00037	0.00037	0.5	97814	36	97796	6877012	70.31
1970-1974	8	0.00042	0.00042	0.5	97779	41	97758	6779215	69.33
1970-1974	9	0.00025	0.00025	0.5	97737	25	97725	6681457	68.36
1970-1974	10	0.00031	0.00031	0.5	97713	30	97697	6583732	67.38
1970-1974	11	0.00032	0.00032	0.5	97682	31	97667	6486035	66.40
1970-1974	12	0.00032	0.00032	0.5	97651	32	97635	6388368	65.42
1970-1974	13	0.00041	0.00041	0.5	97619	40	97600	6290733	64.44
1970-1974	14	0.00045	0.00045	0.5	97580	44	97558	6193133	63.47
1970-1974	15	0.00052	0.00052	0.5	97536	51	97510	6095576	62.50
1970-1974	16	0.00066	0.00066	0.5	97485	64	97453	5998066	61.53
1970-1974	17	0.00077	0.00077	0.5	97421	75	97384	5900613	60.57
1970-1974	18	0.00080	0.00080	0.5	97346	78	97307	5803229	59.61
1970-1974	19	0.00084	0.00084	0.5	97268	82	97227	5705922	58.66
1970-1974	20	0.00092	0.00092	0.5	97187	89	97142	5608694	57.71
1970-1974	21	0.00086	0.00086	0.5	97097	83	97055	5511553	56.76
1970-1974	22	0.00079	0.00079	0.5	97014	76	96976	5414497	55.81
1970-1974	23	0.00071	0.00071	0.5	96938	69	96903	5317522	54.86
1970-1974	24	0.00088	0.00088	0.5	96868	85	96826	5220619	53.89
1970-1974	25	0.00085	0.00085	0.5	96783	82	96742	5123793	52.94
1970-1974	26	0.00084	0.00084	0.5	96701	81	96660	5027051	51.99
1970-1974	27	0.00099	0.00099	0.5	96620	95	96572	4930391	51.03
1970-1974	28	0.00095	0.00095	0.5	96524	91	96479	4833818	50.08
1970-1974	29	0.00109	0.00109	0.5	96433	105	96380	4737340	49.13
1970-1974	30	0.00120	0.00120	0.5	96328	116	96270	4640959	48.18
1970-1974	31	0.00115	0.00115	0.5	96212	111	96157	4544689	47.24
1970-1974	32	0.00129	0.00129	0.5	96102	124	96040	4448532	46.29
1970-1974	33	0.00134	0.00134	0.5	95978	129	95913	4352493	45.35
1970-1974	34	0.00157	0.00157	0.5	95849	150	95774	4256580	44.41
1970-1974	35	0.00199	0.00199	0.5	95699	191	95603	4160806	43.48
1970-1974	36	0.00164	0.00164	0.5	95508	156	95430	4065202	42.56
1970-1974	37	0.00207	0.00207	0.5	95352	197	95253	3969772	41.63
1970-1974	38	0.00232	0.00232	0.5	95155	221	95044	3874519	40.72
1970-1974	39	0.00242	0.00242	0.5	94934	229	94819	3779475	39.81
1970-1974	40	0.00274	0.00274	0.5	94705	260	94575	3684655	38.91
1970-1974	41	0.00258	0.00258	0.5	94445	244	94323	3590080	38.01
1970-1974	42	0.00330	0.00329	0.5	94201	310	94046	3495757	37.11
1970-1974	43	0.00350	0.00349	0.5	93891	328	93727	3401711	36.23
1970-1974	44	0.00385	0.00384	0.5	93563	359	93384	3307983	35.36
1970-1974	45	0.00416	0.00415	0.5	93204	387	93011	3214600	34.49
1970-1974	46	0.00442	0.00441	0.5	92817	410	92612	3121589	33.63
1970-1974	47	0.00479	0.00478	0.5	92407	442	92186	3028977	32.78
1970-1974	48	0.00484	0.00483	0.5	91966	444	91743	2936790	31.93
1970-1974	49	0.00551	0.00549	0.5	91521	503	91270	2845047	31.09
1970-1974	50	0.00558	0.00557	0.5	91019	507	90765	2753777	30.26
1970-1974	51	0.00599	0.00597	0.5	90512	541	90242	2663012	29.42
1970-1974	52	0.00640	0.00638	0.5	89971	574	89684	2572770	28.60
1970-1974	53	0.00686	0.00684	0.5	89397	611	89092	2483086	27.78
1970-1974	54	0.00719	0.00716	0.5	88786	636	88468	2393994	26.96
1970-1974	55	0.00773	0.00770	0.5	88150	679	87811	2305526	26.15
1970-1974	56	0.00824	0.00820	0.5	87471	718	87112	2217716	25.35
1970-1974	57	0.00899	0.00895	0.5	86754	776	86366	2130603	24.56
1970-1974	58	0.00904	0.00900	0.5	85978	774	85591	2044237	23.78
1970-1974	59	0.01021	0.01016	0.5	85204	866	84771	1958647	22.99
1970-1974	60	0.01029	0.01024	0.5	84338	864	83906	1873876	22.22
1970-1974	61	0.01127	0.01120	0.5	83475	935	83007	1789969	21.44
1970-1974	62	0.01209	0.01202	0.5	82539	992	82043	1706962	20.68
1970-1974	63	0.01250	0.01242	0.5	81547	1013	81041	1624919	19.93
1970-1974	64	0.01278	0.01270	0.5	80535	1023	80023	1543878	19.17
1970-1974	65	0.01530	0.01518	0.5	79512	1207	78908	1463855	18.41
1970-1974	66	0.01476	0.01466	0.5	78305	1148	77731	1384946	17.69
1970-1974	67	0.01623	0.01610	0.5	77157	1242	76536	1307215	16.94
1970-1974	68	0.01714	0.01700	0.5	75915	1290	75269	1230679	16.21
1970-1974	69	0.01895	0.01877	0.5	74624	1401	73924	1155410	15.48
1970-1974	70	0.02224	0.02200	0.5	73224	1611	72418	1081486	14.77
1970-1974	71	0.02138	0.02116	0.5	71613	1515	70855	1009068	14.09
1970-1974	72	0.02517	0.02486	0.5	70098	1743	69226	938213	13.38
1970-1974	73	0.02819	0.02780	0.5	68355	1900	67405	868987	12.71
1970-1974	74	0.03110	0.03062	0.5	66455	2035	65437	801582	12.06
1970-1974	75	0.03465	0.03406	0.5	64420	2194	63323	736145	11.43
1970-1974	76	0.03820	0.03749	0.5	62226	2333	61059	672822	10.81
1970-1974	77	0.04221	0.04133	0.5	59893	2476	58655	611763	10.21
1970-1974	78	0.04751	0.04641	0.5	57417	2665	56085	553107	9.63
1970-1974	79	0.05161	0.05031	0.5	54753	2755	53375	497022	9.08
1970-1974	80	0.05998	0.05824	0.5	51998	3028	50484	443647	8.53
1970-1974	81	0.06287	0.06095	0.5	48970	2985	47477	393164	8.03
1970-1974	82	0.07240	0.06987	0.5	45985	3213	44379	345686	7.52
1970-1974	83	0.08258	0.07930	0.5	42772	3392	41076	301308	7.04
1970-1974	84	0.09274	0.08863	0.5	39380	3490	37635	260232	6.61
1970-1974	85	0.10064	0.09582	0.5	35890	3439	34170	222597	6.20
1970-1974	86	0.11176	0.10585	0.5	32451	3435	30734	188426	5.81
1970-1974	87	0.12446	0.11717	0.5	29016	3400	27316	157693	5.43
1970-1974	88	0.13251	0.12427	0.5	25616	3183	24025	130377	5.09
1970-1974	89	0.15688	0.14547	0.5	22433	3263	20801	106352	4.74
1970-1974	90	0.16435	0.15187	0.5	19169	2911	17714	85551	4.46
1970-1974	91	0.17798	0.16344	0.5	16258	2657	14930	67837	4.17
1970-1974	92	0.19886	0.18087	0.5	13601	2460	12371	52907	3.89
1970-1974	93	0.21770	0.19633	0.5	11141	2187	10047	40536	3.64
1970-1974	94	0.23779	0.21252	0.5	8954	1903	8002	30489	3.41
1970-1974	95	0.25913	0.22941	0.5	7051	1618	6242	22487	3.19
1970-1974	96	0.28167	0.24690	0.5	5433	1341	4763	16245	2.99
1970-1974	97	0.30537	0.26492	0.5	4092	1084	3550	11482	2.81
1970-1974	98	0.33014	0.28337	0.5	3008	852	2582	7932	2.64
1970-1974	99	0.35589	0.30213	0.5	2156	651	1830	5351	2.48
1970-1974	100	0.38251	0.32110	0.5	1504	483	1263	3521	2.34
1970-1974	101	0.40985	0.34015	0.5	1021	347	848	2258	2.21
1970-1974	102	0.43776	0.35915	0.5	674	242	553	1410	2.09
1970-1974	103	0.46606	0.37798	0.5	432	163	350	857	1.99
1970-1974	104	0.49459	0.39653	0.5	269	107	215	507	1.89
1970-1974	105	0.52316	0.41468	0.5	162	67	128	292	1.80
1970-1974	106	0.55157	0.43234	0.5	95	41	74	163	1.72
1970-1974	107	0.57965	0.44940	0.5	54	24	42	89	1.65
1970-1974	108	0.60722	0.46580	0.5	30	14	23	47	1.59
1970-1974	109	0.63413	0.48147	0.5	16	8	12	24	1.54
1970-1974	110+	0.66022	1.00000	1.51	8	8	12	12	1.51
1975-1979	0	0.01400	0.01382	0.09	100000	1382	98745	7772153	77.72
1975-1979	1	0.00131	0.00131	0.5	98618	129	98553	7673408	77.81
1975-1979	2	0.00068	0.00068	0.5	98489	67	98456	7574854	76.91
1975-1979	3	0.00050	0.00050	0.5	98423	49	98398	7476398	75.96
1975-1979	4	0.00036	0.00036	0.5	98373	35	98356	7378000	75.00
1975-1979	5	0.00029	0.00029	0.5	98338	28	98324	7279645	74.03
1975-1979	6	0.00026	0.00026	0.5	98310	26	98297	7181321	73.05
1975-1979	7	0.00026	0.00026	0.5	98284	25	98271	7083024	72.07
1975-1979	8	0.00029	0.00029	0.5	98259	28	98245	6984752	71.09
1975-1979	9	0.00021	0.00021	0.5	98230	20	98220	6886508	70.11
1975-1979	10	0.00022	0.00022	0.5	98210	21	98199	6788288	69.12
1975-1979	11	0.00021	0.00021	0.5	98189	21	98178	6690088	68.13
1975-1979	12	0.00025	0.00025	0.5	98168	25	98155	6591910	67.15
1975-1979	13	0.00028	0.00028	0.5	98143	27	98129	6493755	66.17
1975-1979	14	0.00035	0.00035	0.5	98116	35	98099	6395625	65.18
1975-1979	15	0.00047	0.00047	0.5	98081	46	98058	6297527	64.21
1975-1979	16	0.00055	0.00055	0.5	98035	54	98008	6199468	63.24
1975-1979	17	0.00063	0.00063	0.5	97982	61	97951	6101460	62.27
1975-1979	18	0.00062	0.00062	0.5	97920	61	97890	6003509	61.31
1975-1979	19	0.00064	0.00064	0.5	97859	63	97828	5905619	60.35
1975-1979	20	0.00075	0.00075	0.5	97796	73	97760	5807792	59.39
1975-1979	21	0.00069	0.00069	0.5	97723	68	97689	5710032	58.43
1975-1979	22	0.00068	0.00068	0.5	97655	67	97622	5612343	57.47
1975-1979	23	0.00084	0.00084	0.5	97589	82	97548	5514721	56.51
1975-1979	24	0.00071	0.00071	0.5	97506	69	97472	5417173	55.56
1975-1979	25	0.00073	0.00073	0.5	97437	71	97402	5319702	54.60
1975-1979	26	0.00078	0.00077	0.5	97366	75	97329	5222300	53.64
1975-1979	27	0.00078	0.00078	0.5	97291	76	97253	5124971	52.68
1975-1979	28	0.00081	0.00081	0.5	97215	79	97176	5027718	51.72
1975-1979	29	0.00093	0.00093	0.5	97137	90	97092	4930542	50.76
1975-1979	30	0.00084	0.00084	0.5	97047	82	97006	4833450	49.81
1975-1979	31	0.00084	0.00084	0.5	96965	81	96924	4736444	48.85
1975-1979	32	0.00093	0.00093	0.5	96884	90	96839	4639520	47.89
1975-1979	33	0.00112	0.00112	0.5	96794	108	96740	4542681	46.93
1975-1979	34	0.00109	0.00108	0.5	96685	105	96633	4445941	45.98
1975-1979	35	0.00112	0.00112	0.5	96580	108	96527	4349308	45.03
1975-1979	36	0.00144	0.00144	0.5	96473	139	96403	4252782	44.08
1975-1979	37	0.00161	0.00161	0.5	96333	155	96256	4156379	43.15
1975-1979	38	0.00154	0.00154	0.5	96179	148	96105	4060123	42.21
1975-1979	39	0.00177	0.00177	0.5	96031	170	95946	3964018	41.28
1975-1979	40	0.00212	0.00212	0.5	95861	203	95759	3868072	40.35
1975-1979	41	0.00221	0.00221	0.5	95658	211	95552	3772313	39.44
1975-1979	42	0.00249	0.00248	0.5	95447	237	95328	3676761	38.52
1975-1979	43	0.00273	0.00272	0.5	95210	259	95080	3581433	37.62
1975-1979	44	0.00279	0.00279	0.5	94950	265	94818	3486353	36.72
1975-1979	45	0.00310	0.00310	0.5	94686	293	94539	3391535	35.82
1975-1979	46	0.00323	0.00323	0.5	94392	305	94240	3296996	34.93
1975-1979	47	0.00374	0.00373	0.5	94088	351	93912	3202756	34.04
1975-1979	48	0.00405	0.00405	0.5	93737	379	93547	3108844	33.17
1975-1979	49	0.00431	0.00430	0.5	93357	402	93156	3015297	32.30
1975-1979	50	0.00493	0.00491	0.5	92956	457	92727	2922140	31.44
1975-1979	51	0.00499	0.00498	0.5	92499	460	92269	2829413	30.59
1975-1979	52	0.00550	0.00549	0.5	92039	505	91786	2737144	29.74
1975-1979	53	0.00591	0.00589	0.5	91533	539	91264	2645358	28.90
1975-1979	54	0.00608	0.00606	0.5	90994	551	90718	2554095	28.07
1975-1979	55	0.00674	0.00672	0.5	90442	608	90139	2463377	27.24
1975-1979	56	0.00731	0.00728	0.5	89835	654	89508	2373238	26.42
1975-1979	57	0.00764	0.00761	0.5	89180	679	88841	2283730	25.61
1975-1979	58	0.00818	0.00815	0.5	88501	721	88141	2194889	24.80
1975-1979	59	0.00849	0.00845	0.5	87780	742	87409	2106749	24.00
1975-1979	60	0.00908	0.00904	0.5	87038	787	86645	2019339	23.20
1975-1979	61	0.00950	0.00946	0.5	86251	816	85844	1932695	22.41
1975-1979	62	0.01074	0.01068	0.5	85436	913	84979	1846851	21.62
1975-1979	63	0.01128	0.01122	0.5	84523	948	84049	1761872	20.84
1975-1979	64	0.01203	0.01196	0.5	83575	1000	83075	1677823	20.08
1975-1979	65	0.01236	0.01228	0.5	82575	1014	82068	1594747	19.31
1975-1979	66	0.01312	0.01304	0.5	81561	1063	81029	1512679	18.55
1975-1979	67	0.01440	0.01430	0.5	80498	1151	79922	1431650	17.79
1975-1979	68	0.01608	0.01595	0.5	79347	1266	78714	1351728	17.04
1975-1979	69	0.01681	0.01667	0.5	78081	1302	77430	1273014	16.30
1975-1979	70	0.01928	0.01910	0.5	76779	1466	76046	1195584	15.57
1975-1979	71	0.02001	0.01981	0.5	75313	1492	74567	1119538	14.87
1975-1979	72	0.02246	0.02221	0.5	73821	1640	73001	1044972	14.16
1975-1979	73	0.02442	0.02413	0.5	72181	1741	71310	971971	13.47
1975-1979	74	0.02681	0.02645	0.5	70439	1863	69508	900661	12.79
1975-1979	75	0.03040	0.02995	0.5	68576	2054	67549	831154	12.12
1975-1979	76	0.03274	0.03221	0.5	66522	2143	65451	763605	11.48
1975-1979	77	0.03607	0.03543	0.5	64380	2281	63239	698154	10.84
1975-1979	78	0.04030	0.03950	0.5	62099	2453	60872	634914	10.22
1975-1979	79	0.04442	0.04345	0.5	59645	2592	58350	574042	9.62
1975-1979	80	0.05392	0.05250	0.5	57054	2995	55556	515693	9.04
1975-1979	81	0.05816	0.05651	0.5	54058	3055	52531	460137	8.51
1975-1979	82	0.06578	0.06369	0.5	51003	3248	49379	407606	7.99
1975-1979	83	0.07368	0.07106	0.5	47755	3393	46058	358227	7.50
1975-1979	84	0.08174	0.07853	0.5	44361	3484	42619	312169	7.04
1975-1979	85	0.09257	0.08847	0.5	40877	3616	39069	269550	6.59
1975-1979	86	0.10085	0.09601	0.5	37261	3577	35472	230481	6.19
1975-1979	87	0.11387	0.10774	0.5	33684	3629	31869	195008	5.79
1975-1979	88	0.12348	0.11630	0.5	30055	3495	28307	163139	5.43
1975-1979	89	0.13298	0.12469	0.5	26559	3312	24903	134832	5.08
1975-1979	90	0.15342	0.14249	0.5	23248	3312	21591	109929	4.73
1975-1979	91	0.16226	0.15008	0.5	19935	2992	18439	88337	4.43
1975-1979	92	0.18785	0.17172	0.5	16943	2909	15489	69898	4.13
1975-1979	93	0.19977	0.18163	0.5	14034	2549	12759	54410	3.88
1975-1979	94	0.21867	0.19712	0.5	11485	2264	10353	41650	3.63
1975-1979	95	0.23883	0.21335	0.5	9221	1967	8237	31297	3.39
1975-1979	96	0.26022	0.23026	0.5	7254	1670	6419	23060	3.18
1975-1979	97	0.28282	0.24778	0.5	5583	1383	4892	16642	2.98
1975-1979	98	0.30656	0.26582	0.5	4200	1116	3642	11750	2.80
1975-1979	99	0.33138	0.28428	0.5	3084	877	2645	8108	2.63
1975-1979	100	0.35718	0.30305	0.5	2207	669	1873	5463	2.48
1975-1979	101	0.38383	0.32203	0.5	1538	495	1290	3590	2.33
1975-1979	102	0.41119	0.34107	0.5	1043	356	865	2300	2.21
1975-1979	103	0.43912	0.36006	0.5	687	247	563	1435	2.09
1975-1979	104	0.46743	0.37888	0.5	440	167	356	871	1.98
1975-1979	105	0.49596	0.39741	0.5	273	109	219	515	1.89
1975-1979	106	0.52452	0.41554	0.5	165	68	130	296	1.80
1975-1979	107	0.55291	0.43316	0.5	96	42	75	166	1.72
1975-1979	108	0.58097	0.45019	0.5	55	25	42	90	1.66
1975-1979	109	0.60851	0.46656	0.5	30	14	23	48	1.61
1975-1979	110+	0.63537	1.00000	1.57	16	16	25	25	1.57
1980-1984	0	0.01159	0.01147	0.09	100000	1147	98951	7846668	78.47
1980-1984	1	0.00108	0.00108	0.5	98853	106	98800	7747717	78.38
1980-1984	2	0.00076	0.00076	0.5	98747	76	98709	7648916	77.46
1980-1984	3	0.00037	0.00037	0.5	98672	36	98653	7550207	76.52
1980-1984	4	0.00033	0.00033	0.5	98635	33	98619	7451553	75.55
1980-1984	5	0.00030	0.00030	0.5	98602	29	98588	7352935	74.57
1980-1984	6	0.00029	0.00029	0.5	98573	29	98559	7254347	73.59
1980-1984	7	0.00022	0.00022	0.5	98544	22	98533	7155788	72.61
1980-1984	8	0.00021	0.00021	0.5	98522	21	98512	7057255	71.63
1980-1984	9	0.00024	0.00024	0.5	98501	24	98490	6958743	70.65
1980-1984	10	0.00019	0.00019	0.5	98478	19	98468	6860253	69.66
1980-1984	11	0.00019	0.00019	0.5	98458	19	98449	6761785	68.68
1980-1984	12	0.00027	0.00027	0.5	98439	27	98426	6663336	67.69
1980-1984	13	0.00025	0.00025	0.5	98413	24	98401	6564910	66.71
1980-1984	14	0.00031	0.00031	0.5	98388	31	98373	6466510	65.72
1980-1984	15	0.00040	0.00040	0.5	98358	39	98338	6368137	64.74
1980-1984	16	0.00050	0.00050	0.5	98319	49	98294	6269798	63.77
1980-1984	17	0.00059	0.00059	0.5	98269	58	98240	6171504	62.80
1980-1984	18	0.00066	0.00066	0.5	98211	65	98178	6073264	61.84
1980-1984	19	0.00071	0.00071	0.5	98146	69	98111	5975086	60.88
1980-1984	20	0.00077	0.00077	0.5	98077	76	98039	5876975	59.92
1980-1984	21	0.00067	0.00067	0.5	98001	66	97968	5778936	58.97
1980-1984	22	0.00073	0.00073	0.5	97935	71	97899	5680968	58.01
1980-1984	23	0.00079	0.00079	0.5	97864	78	97825	5583069	57.05
1980-1984	24	0.00079	0.00079	0.5	97786	77	97748	5485244	56.09
1980-1984	25	0.00076	0.00076	0.5	97709	74	97672	5387496	55.14
1980-1984	26	0.00082	0.00082	0.5	97635	80	97595	5289824	54.18
1980-1984	27	0.00081	0.00081	0.5	97555	79	97516	5192229	53.22
1980-1984	28	0.00082	0.00082	0.5	97477	80	97437	5094713	52.27
1980-1984	29	0.00081	0.00081	0.5	97397	79	97357	4997276	51.31
1980-1984	30	0.00085	0.00085	0.5	97317	82	97276	4899919	50.35
1980-1984	31	0.00090	0.00090	0.5	97235	88	97191	4802643	49.39
1980-1984	32	0.00085	0.00085	0.5	97147	83	97106	4705451	48.44
1980-1984	33	0.00092	0.00091	0.5	97065	89	97021	4608345	47.48
1980-1984	34	0.00098	0.00098	0.5	96976	95	96929	4511325	46.52
1980-1984	35	0.00101	0.00101	0.5	96881	98	96832	4414396	45.57
1980-1984	36	0.00119	0.00119	0.5	96783	115	96726	4317564	44.61
1980-1984	37	0.00121	0.00121	0.5	96668	117	96610	4220838	43.66
1980-1984	38	0.00142	0.00142	0.5	96551	137	96483	4124228	42.72
1980-1984	39	0.00139	0.00139	0.5	96415	134	96348	4027745	41.78
1980-1984	40	0.00175	0.00175	0.5	96281	169	96196	3931398	40.83
1980-1984	41	0.00191	0.00190	0.5	96112	183	96020	3835201	39.90
1980-1984	42	0.00203	0.00202	0.5	95929	194	95832	3739181	38.98
1980-1984	43	0.00224	0.00223	0.5	95735	214	95628	3643349	38.06
1980-1984	44	0.00246	0.00246	0.5	95521	235	95404	3547721	37.14
1980-1984	45	0.00263	0.00263	0.5	95286	250	95161	3452317	36.23
1980-1984	46	0.00278	0.00277	0.5	95036	264	94904	3357156	35.33
1980-1984	47	0.00329	0.00328	0.5	94772	311	94617	3262252	34.42
1980-1984	48	0.00341	0.00341	0.5	94461	322	94300	3167635	33.53
1980-1984	49	0.00367	0.00367	0.5	94139	345	93967	3073335	32.65
1980-1984	50	0.00383	0.00382	0.5	93794	359	93615	2979368	31.77
1980-1984	51	0.00452	0.00451	0.5	93435	421	93225	2885753	30.89
1980-1984	52	0.00481	0.00480	0.5	93014	447	92791	2792529	30.02
1980-1984	53	0.00529	0.00527	0.5	92568	488	92324	2699737	29.16
1980-1984	54	0.00573	0.00572	0.5	92080	526	91817	2607414	28.32
1980-1984	55	0.00591	0.00589	0.5	91553	539	91284	2515597	27.48
1980-1984	56	0.00658	0.00656	0.5	91014	597	90715	2424314	26.64
1980-1984	57	0.00716	0.00714	0.5	90417	645	90094	2333598	25.81
1980-1984	58	0.00754	0.00752	0.5	89772	675	89434	2243504	24.99
1980-1984	59	0.00808	0.00805	0.5	89097	717	88738	2154070	24.18
1980-1984	60	0.00869	0.00865	0.5	88380	765	87997	2065331	23.37
1980-1984	61	0.00963	0.00958	0.5	87615	839	87195	1977334	22.57
1980-1984	62	0.01041	0.01036	0.5	86776	899	86326	1890139	21.78
1980-1984	63	0.01095	0.01089	0.5	85877	935	85409	1803812	21.00
1980-1984	64	0.01102	0.01096	0.5	84942	931	84476	1718403	20.23
1980-1984	65	0.01207	0.01199	0.5	84011	1008	83507	1633927	19.45
1980-1984	66	0.01339	0.01330	0.5	83003	1104	82451	1550420	18.68
1980-1984	67	0.01388	0.01378	0.5	81899	1129	81335	1467969	17.92
1980-1984	68	0.01559	0.01547	0.5	80770	1249	80146	1386634	17.17
1980-1984	69	0.01641	0.01628	0.5	79521	1295	78874	1306488	16.43
1980-1984	70	0.01871	0.01854	0.5	78226	1450	77501	1227615	15.69
1980-1984	71	0.01988	0.01969	0.5	76776	1512	76020	1150113	14.98
1980-1984	72	0.02213	0.02189	0.5	75265	1648	74441	1074093	14.27
1980-1984	73	0.02446	0.02417	0.5	73617	1779	72727	999652	13.58
1980-1984	74	0.02609	0.02575	0.5	71838	1850	70913	926925	12.90
1980-1984	75	0.02854	0.02814	0.5	69988	1969	69003	856012	12.23
1980-1984	76	0.03186	0.03136	0.5	68018	2133	66952	787009	11.57
1980-1984	77	0.03472	0.03413	0.5	65886	2248	64762	720057	10.93
1980-1984	78	0.03886	0.03812	0.5	63637	2426	62424	655295	10.30
1980-1984	79	0.04317	0.04225	0.5	61211	2586	59918	592871	9.69
1980-1984	80	0.05432	0.05288	0.5	58625	3100	57075	532953	9.09
1980-1984	81	0.05873	0.05705	0.5	55525	3168	53941	475878	8.57
1980-1984	82	0.06533	0.06327	0.5	52357	3312	50701	421938	8.06
1980-1984	83	0.07404	0.07140	0.5	49044	3502	47293	371237	7.57
1980-1984	84	0.08116	0.07800	0.5	45543	3552	43766	323944	7.11
1980-1984	85	0.09000	0.08613	0.5	41990	3616	40182	280177	6.67
1980-1984	86	0.09948	0.09477	0.5	38374	3637	36556	239995	6.25
1980-1984	87	0.11041	0.10463	0.5	34737	3635	32920	203440	5.86
1980-1984	88	0.11934	0.11262	0.5	31103	3503	29351	170520	5.48
1980-1984	89	0.13321	0.12489	0.5	27600	3447	25876	141169	5.11
1980-1984	90	0.15201	0.14128	0.5	24153	3412	22447	115292	4.77
1980-1984	91	0.16262	0.15039	0.5	20741	3119	19181	92846	4.48
1980-1984	92	0.18001	0.16514	0.5	17621	2910	16166	73665	4.18
1980-1984	93	0.20337	0.18460	0.5	14711	2716	13353	57498	3.91
1980-1984	94	0.21500	0.19413	0.5	11996	2329	10831	44145	3.68
1980-1984	95	0.23466	0.21002	0.5	9667	2030	8652	33313	3.45
1980-1984	96	0.25554	0.22659	0.5	7637	1730	6771	24662	3.23
1980-1984	97	0.27759	0.24376	0.5	5906	1440	5186	17890	3.03
1980-1984	98	0.30078	0.26146	0.5	4467	1168	3883	12704	2.84
1980-1984	99	0.32504	0.27960	0.5	3299	922	2838	8821	2.67
1980-1984	100	0.35027	0.29807	0.5	2376	708	2022	5984	2.52
1980-1984	101	0.37637	0.31676	0.5	1668	528	1404	3961	2.37
1980-1984	102	0.40320	0.33555	0.5	1140	382	948	2557	2.24
1980-1984	103	0.43063	0.35434	0.5	757	268	623	1609	2.12
1980-1984	104	0.45849	0.37299	0.5	489	182	398	986	2.02
1980-1984	105	0.48662	0.39139	0.5	307	120	247	588	1.92
1980-1984	106	0.51482	0.40943	0.5	187	76	148	341	1.83
1980-1984	107	0.54294	0.42702	0.5	110	47	87	193	1.75
1980-1984	108	0.57078	0.44405	0.5	63	28	49	106	1.69
1980-1984	109	0.59818	0.46046	0.5	35	16	27	57	1.63
1980-1984	110+	0.62498	1.00000	1.6	19	19	30	30	1.60
1985-1989	0	0.00994	0.00985	0.08	100000	985	99095	7899176	78.99
1985-1989	1	0.00102	0.00102	0.5	99015	101	98965	7800081	78.78
1985-1989	2	0.00059	0.00059	0.5	98914	58	98885	7701116	77.86
1985-1989	3	0.00041	0.00041	0.5	98856	41	98836	7602231	76.90
1985-1989	4	0.00029	0.00029	0.5	98815	28	98801	7503396	75.93
1985-1989	5	0.00029	0.00029	0.5	98787	28	98773	7404595	74.96
1985-1989	6	0.00025	0.00025	0.5	98758	25	98746	7305822	73.98
1985-1989	7	0.00021	0.00021	0.5	98733	21	98723	7207076	73.00
1985-1989	8	0.00025	0.00025	0.5	98713	25	98700	7108353	72.01
1985-1989	9	0.00019	0.00019	0.5	98688	19	98679	7009653	71.03
1985-1989	10	0.00022	0.00022	0.5	98669	22	98658	6910974	70.04
1985-1989	11	0.00022	0.00022	0.5	98647	22	98636	6812316	69.06
1985-1989	12	0.00019	0.00019	0.5	98625	19	98615	6713680	68.07
1985-1989	13	0.00024	0.00024	0.5	98606	24	98594	6615065	67.09
1985-1989	14	0.00035	0.00035	0.5	98582	34	98565	6516471	66.10
1985-1989	15	0.00036	0.00036	0.5	98548	35	98530	6417905	65.12
1985-1989	16	0.00054	0.00054	0.5	98513	53	98486	6319375	64.15
1985-1989	17	0.00060	0.00060	0.5	98460	60	98430	6220889	63.18
1985-1989	18	0.00057	0.00057	0.5	98400	56	98372	6122459	62.22
1985-1989	19	0.00054	0.00054	0.5	98345	53	98318	6024086	61.25
1985-1989	20	0.00062	0.00062	0.5	98292	61	98261	5925768	60.29
1985-1989	21	0.00062	0.00062	0.5	98231	61	98200	5827507	59.32
1985-1989	22	0.00068	0.00068	0.5	98170	67	98136	5729306	58.36
1985-1989	23	0.00070	0.00070	0.5	98103	69	98069	5631170	57.40
1985-1989	24	0.00070	0.00070	0.5	98035	69	98000	5533101	56.44
1985-1989	25	0.00073	0.00073	0.5	97966	72	97930	5435101	55.48
1985-1989	26	0.00077	0.00077	0.5	97894	75	97856	5337171	54.52
1985-1989	27	0.00078	0.00078	0.5	97819	76	97781	5239315	53.56
1985-1989	28	0.00082	0.00082	0.5	97743	80	97702	5141534	52.60
1985-1989	29	0.00081	0.00081	0.5	97662	79	97623	5043832	51.65
1985-1989	30	0.00082	0.00082	0.5	97583	80	97543	4946209	50.69
1985-1989	31	0.00095	0.00095	0.5	97503	92	97457	4848666	49.73
1985-1989	32	0.00103	0.00103	0.5	97411	100	97361	4751208	48.77
1985-1989	33	0.00106	0.00106	0.5	97311	103	97259	4653847	47.82
1985-1989	34	0.00104	0.00104	0.5	97207	101	97157	4556588	46.87
1985-1989	35	0.00114	0.00114	0.5	97106	110	97051	4459432	45.92
1985-1989	36	0.00117	0.00117	0.5	96996	114	96939	4362381	44.97
1985-1989	37	0.00123	0.00123	0.5	96882	119	96822	4265442	44.03
1985-1989	38	0.00138	0.00138	0.5	96763	134	96696	4168620	43.08
1985-1989	39	0.00131	0.00131	0.5	96629	127	96566	4071924	42.14
1985-1989	40	0.00156	0.00156	0.5	96502	151	96427	3975358	41.19
1985-1989	41	0.00167	0.00167	0.5	96351	161	96271	3878931	40.26
1985-1989	42	0.00191	0.00191	0.5	96190	184	96098	3782660	39.32
1985-1989	43	0.00188	0.00188	0.5	96007	180	95917	3686562	38.40
1985-1989	44	0.00222	0.00222	0.5	95827	213	95720	3590645	37.47
1985-1989	45	0.00215	0.00215	0.5	95614	205	95511	3494925	36.55
1985-1989	46	0.00270	0.00270	0.5	95409	258	95280	3399413	35.63
1985-1989	47	0.00278	0.00277	0.5	95151	264	95019	3304133	34.73
1985-1989	48	0.00328	0.00328	0.5	94888	311	94732	3209114	33.82
1985-1989	49	0.00339	0.00338	0.5	94576	320	94416	3114382	32.93
1985-1989	50	0.00369	0.00368	0.5	94256	347	94083	3019966	32.04
1985-1989	51	0.00413	0.00412	0.5	93909	387	93716	2925883	31.16
1985-1989	52	0.00442	0.00441	0.5	93522	412	93316	2832167	30.28
1985-1989	53	0.00494	0.00493	0.5	93110	459	92880	2738851	29.42
1985-1989	54	0.00509	0.00508	0.5	92651	470	92416	2645971	28.56
1985-1989	55	0.00553	0.00551	0.5	92181	508	91927	2553555	27.70
1985-1989	56	0.00597	0.00595	0.5	91673	545	91400	2461628	26.85
1985-1989	57	0.00658	0.00656	0.5	91127	598	90828	2370228	26.01
1985-1989	58	0.00763	0.00760	0.5	90529	688	90185	2279400	25.18
1985-1989	59	0.00778	0.00775	0.5	89841	696	89493	2189215	24.37
1985-1989	60	0.00862	0.00859	0.5	89145	765	88762	2099722	23.55
1985-1989	61	0.00904	0.00900	0.5	88379	795	87982	2010960	22.75
1985-1989	62	0.01016	0.01011	0.5	87584	886	87141	1922978	21.96
1985-1989	63	0.01050	0.01045	0.5	86698	906	86245	1835837	21.17
1985-1989	64	0.01096	0.01090	0.5	85792	935	85325	1749591	20.39
1985-1989	65	0.01215	0.01207	0.5	84857	1024	84345	1664267	19.61
1985-1989	66	0.01276	0.01268	0.5	83833	1063	83301	1579922	18.85
1985-1989	67	0.01384	0.01375	0.5	82770	1138	82201	1496620	18.08
1985-1989	68	0.01505	0.01494	0.5	81632	1219	81023	1414419	17.33
1985-1989	69	0.01578	0.01565	0.5	80413	1259	79784	1333396	16.58
1985-1989	70	0.01797	0.01781	0.5	79154	1410	78450	1253613	15.84
1985-1989	71	0.01940	0.01921	0.5	77745	1494	76998	1175163	15.12
1985-1989	72	0.02201	0.02177	0.5	76251	1660	75421	1098165	14.40
1985-1989	73	0.02401	0.02373	0.5	74591	1770	73707	1022744	13.71
1985-1989	74	0.02617	0.02583	0.5	72822	1881	71881	949037	13.03
1985-1989	75	0.02774	0.02736	0.5	70940	1941	69970	877156	12.36
1985-1989	76	0.03126	0.03078	0.5	68999	2124	67937	807187	11.70
1985-1989	77	0.03397	0.03340	0.5	66876	2234	65759	739249	11.05
1985-1989	78	0.03745	0.03676	0.5	64642	2377	63454	673490	10.42
1985-1989	79	0.04182	0.04097	0.5	62265	2551	60990	610037	9.80
1985-1989	80	0.05217	0.05084	0.5	59714	3036	58196	549047	9.19
1985-1989	81	0.05601	0.05448	0.5	56679	3088	55135	490851	8.66
1985-1989	82	0.06384	0.06186	0.5	53591	3315	51933	435716	8.13
1985-1989	83	0.07072	0.06830	0.5	50275	3434	48558	383783	7.63
1985-1989	84	0.07825	0.07530	0.5	46841	3527	45078	335225	7.16
1985-1989	85	0.08588	0.08234	0.5	43314	3567	41531	290147	6.70
1985-1989	86	0.09906	0.09439	0.5	39748	3752	37872	248616	6.25
1985-1989	87	0.10849	0.10291	0.5	35996	3704	34144	210745	5.85
1985-1989	88	0.11941	0.11268	0.5	32291	3639	30472	176601	5.47
1985-1989	89	0.13406	0.12563	0.5	28653	3600	26853	146129	5.10
1985-1989	90	0.14946	0.13907	0.5	25053	3484	23311	119276	4.76
1985-1989	91	0.16234	0.15015	0.5	21569	3239	19950	95965	4.45
1985-1989	92	0.18159	0.16647	0.5	18330	3052	16805	76015	4.15
1985-1989	93	0.19848	0.18056	0.5	15279	2759	13899	59210	3.88
1985-1989	94	0.21787	0.19647	0.5	12520	2460	11290	45311	3.62
1985-1989	95	0.23860	0.21317	0.5	10060	2145	8988	34021	3.38
1985-1989	96	0.26063	0.23059	0.5	7916	1825	7003	25033	3.16
1985-1989	97	0.28395	0.24865	0.5	6091	1514	5333	18030	2.96
1985-1989	98	0.30848	0.26726	0.5	4576	1223	3965	12696	2.77
1985-1989	99	0.33414	0.28631	0.5	3353	960	2873	8732	2.60
1985-1989	100	0.36083	0.30568	0.5	2393	732	2027	5859	2.45
1985-1989	101	0.38840	0.32524	0.5	1662	540	1391	3831	2.31
1985-1989	102	0.41670	0.34485	0.5	1121	387	928	2440	2.18
1985-1989	103	0.44557	0.36439	0.5	735	268	601	1512	2.06
1985-1989	104	0.47480	0.38371	0.5	467	179	377	911	1.95
1985-1989	105	0.50421	0.40269	0.5	288	116	230	534	1.86
1985-1989	106	0.53359	0.42121	0.5	172	72	136	304	1.77
1985-1989	107	0.56274	0.43917	0.5	99	44	78	169	1.69
1985-1989	108	0.59146	0.45647	0.5	56	25	43	91	1.63
1985-1989	109	0.61958	0.47304	0.5	30	14	23	48	1.58
1985-1989	110+	0.64691	1.00000	1.55	16	16	25	25	1.55
1990-1994	0	0.00848	0.00841	0.08	100000	841	99224	7957961	79.58
1990-1994	1	0.00081	0.00080	0.5	99159	80	99119	7858737	79.25
1990-1994	2	0.00053	0.00053	0.5	99079	52	99053	7759618	78.32
1990-1994	3	0.00034	0.00034	0.5	99027	33	99010	7660565	77.36
1990-1994	4	0.00030	0.00030	0.5	98994	30	98979	7561554	76.38
1990-1994	5	0.00020	0.00020	0.5	98964	20	98954	7462576	75.41
1990-1994	6	0.00023	0.00023	0.5	98944	23	98933	7363622	74.42
1990-1994	7	0.00015	0.00015	0.5	98921	15	98914	7264689	73.44
1990-1994	8	0.00017	0.00017	0.5	98906	17	98898	7165776	72.45
1990-1994	9	0.00016	0.00016	0.5	98889	15	98881	7066878	71.46
1990-1994	10	0.00019	0.00019	0.5	98874	19	98864	6967997	70.47
1990-1994	11	0.00013	0.00013	0.5	98855	13	98848	6869132	69.49
1990-1994	12	0.00020	0.00020	0.5	98842	20	98832	6770284	68.50
1990-1994	13	0.00021	0.00021	0.5	98822	20	98812	6671453	67.51
1990-1994	14	0.00026	0.00026	0.5	98802	26	98789	6572641	66.52
1990-1994	15	0.00037	0.00037	0.5	98776	36	98758	6473852	65.54
1990-1994	16	0.00038	0.00038	0.5	98740	38	98721	6375094	64.56
1990-1994	17	0.00049	0.00049	0.5	98702	48	98678	6276374	63.59
1990-1994	18	0.00056	0.00056	0.5	98654	55	98626	6177696	62.62
1990-1994	19	0.00055	0.00055	0.5	98599	54	98572	6079070	61.65
1990-1994	20	0.00057	0.00057	0.5	98545	56	98517	5980498	60.69
1990-1994	21	0.00059	0.00059	0.5	98489	58	98460	5881981	59.72
1990-1994	22	0.00060	0.00060	0.5	98431	59	98402	5783521	58.76
1990-1994	23	0.00066	0.00066	0.5	98372	65	98340	5685119	57.79
1990-1994	24	0.00068	0.00068	0.5	98307	66	98274	5586780	56.83
1990-1994	25	0.00073	0.00073	0.5	98241	72	98205	5488505	55.87
1990-1994	26	0.00076	0.00076	0.5	98169	75	98132	5390300	54.91
1990-1994	27	0.00083	0.00083	0.5	98094	82	98053	5292169	53.95
1990-1994	28	0.00091	0.00091	0.5	98012	89	97968	5194116	52.99
1990-1994	29	0.00085	0.00085	0.5	97923	83	97881	5096148	52.04
1990-1994	30	0.00092	0.00092	0.5	97840	90	97795	4998267	51.09
1990-1994	31	0.00107	0.00107	0.5	97750	104	97698	4900472	50.13
1990-1994	32	0.00101	0.00101	0.5	97646	99	97596	4802774	49.19
1990-1994	33	0.00115	0.00115	0.5	97547	112	97491	4705178	48.24
1990-1994	34	0.00119	0.00118	0.5	97435	115	97377	4607687	47.29
1990-1994	35	0.00123	0.00123	0.5	97319	120	97259	4510310	46.35
1990-1994	36	0.00130	0.00130	0.5	97199	126	97136	4413050	45.40
1990-1994	37	0.00140	0.00140	0.5	97073	136	97005	4315914	44.46
1990-1994	38	0.00155	0.00155	0.5	96937	150	96862	4218909	43.52
1990-1994	39	0.00158	0.00158	0.5	96787	153	96710	4122048	42.59
1990-1994	40	0.00166	0.00166	0.5	96634	160	96554	4025337	41.66
1990-1994	41	0.00172	0.00172	0.5	96474	166	96391	3928784	40.72
1990-1994	42	0.00174	0.00173	0.5	96308	167	96225	3832393	39.79
1990-1994	43	0.00191	0.00191	0.5	96141	184	96049	3736168	38.86
1990-1994	44	0.00209	0.00208	0.5	95957	200	95857	3640119	37.93
1990-1994	45	0.00227	0.00227	0.5	95757	217	95649	3544261	37.01
1990-1994	46	0.00257	0.00257	0.5	95540	245	95417	3448613	36.10
1990-1994	47	0.00269	0.00268	0.5	95295	256	95167	3353195	35.19
1990-1994	48	0.00321	0.00320	0.5	95039	304	94887	3258028	34.28
1990-1994	49	0.00317	0.00316	0.5	94735	300	94585	3163141	33.39
1990-1994	50	0.00373	0.00373	0.5	94435	352	94259	3068556	32.49
1990-1994	51	0.00392	0.00391	0.5	94083	368	93900	2974297	31.61
1990-1994	52	0.00422	0.00421	0.5	93716	395	93518	2880397	30.74
1990-1994	53	0.00473	0.00472	0.5	93321	440	93101	2786879	29.86
1990-1994	54	0.00474	0.00473	0.5	92881	439	92661	2693778	29.00
1990-1994	55	0.00547	0.00545	0.5	92441	504	92189	2601117	28.14
1990-1994	56	0.00584	0.00582	0.5	91937	535	91670	2508927	27.29
1990-1994	57	0.00615	0.00613	0.5	91402	560	91122	2417258	26.45
1990-1994	58	0.00707	0.00705	0.5	90842	640	90522	2326136	25.61
1990-1994	59	0.00727	0.00724	0.5	90202	653	89875	2235614	24.78
1990-1994	60	0.00785	0.00782	0.5	89549	700	89198	2145739	23.96
1990-1994	61	0.00858	0.00854	0.5	88848	759	88469	2056540	23.15
1990-1994	62	0.00938	0.00934	0.5	88089	823	87678	1968072	22.34
1990-1994	63	0.01004	0.00999	0.5	87267	872	86831	1880394	21.55
1990-1994	64	0.01032	0.01027	0.5	86395	887	85951	1793563	20.76
1990-1994	65	0.01127	0.01121	0.5	85507	959	85028	1707612	19.97
1990-1994	66	0.01197	0.01190	0.5	84549	1006	84046	1622584	19.19
1990-1994	67	0.01309	0.01300	0.5	83543	1086	83000	1538538	18.42
1990-1994	68	0.01462	0.01451	0.5	82456	1196	81858	1455539	17.65
1990-1994	69	0.01527	0.01515	0.5	81260	1231	80644	1373681	16.90
1990-1994	70	0.01661	0.01647	0.5	80029	1318	79370	1293036	16.16
1990-1994	71	0.01861	0.01844	0.5	78711	1452	77985	1213667	15.42
1990-1994	72	0.02015	0.01995	0.5	77259	1541	76488	1135682	14.70
1990-1994	73	0.02200	0.02176	0.5	75718	1647	74894	1059193	13.99
1990-1994	74	0.02426	0.02397	0.5	74070	1775	73183	984299	13.29
1990-1994	75	0.02661	0.02626	0.5	72295	1899	71346	911117	12.60
1990-1994	76	0.02975	0.02931	0.5	70396	2063	69364	839771	11.93
1990-1994	77	0.03198	0.03148	0.5	68333	2151	67257	770407	11.27
1990-1994	78	0.03539	0.03477	0.5	66182	2301	65031	703149	10.62
1990-1994	79	0.03944	0.03868	0.5	63880	2471	62645	638118	9.99
1990-1994	80	0.05052	0.04928	0.5	61410	3026	59896	575473	9.37
1990-1994	81	0.05471	0.05325	0.5	58383	3109	56829	515577	8.83
1990-1994	82	0.06223	0.06035	0.5	55275	3336	53607	458748	8.30
1990-1994	83	0.06942	0.06709	0.5	51939	3485	50197	405141	7.80
1990-1994	84	0.07466	0.07197	0.5	48454	3487	46711	354945	7.33
1990-1994	85	0.08334	0.08000	0.5	44967	3598	43168	308234	6.85
1990-1994	86	0.09219	0.08813	0.5	41369	3646	39546	265066	6.41
1990-1994	87	0.10533	0.10006	0.5	37724	3775	35836	225520	5.98
1990-1994	88	0.11488	0.10864	0.5	33949	3688	32105	189684	5.59
1990-1994	89	0.12859	0.12082	0.5	30261	3656	28433	157579	5.21
1990-1994	90	0.14674	0.13671	0.5	26604	3637	24786	129146	4.85
1990-1994	91	0.15878	0.14710	0.5	22967	3378	21278	104360	4.54
1990-1994	92	0.17609	0.16184	0.5	19589	3170	18004	83082	4.24
1990-1994	93	0.19295	0.17597	0.5	16418	2889	14974	65079	3.96
1990-1994	94	0.21127	0.19108	0.5	13529	2585	12237	50105	3.70
1990-1994	95	0.23151	0.20749	0.5	10944	2271	9809	37868	3.46
1990-1994	96	0.25307	0.22464	0.5	8673	1948	7699	28059	3.24
1990-1994	97	0.27592	0.24247	0.5	6725	1631	5910	20360	3.03
1990-1994	98	0.30000	0.26087	0.5	5094	1329	4430	14451	2.84
1990-1994	99	0.32524	0.27975	0.5	3765	1053	3239	10021	2.66
1990-1994	100	0.35153	0.29898	0.5	2712	811	2307	6782	2.50
1990-1994	101	0.37876	0.31845	0.5	1901	605	1598	4476	2.35
1990-1994	102	0.40678	0.33803	0.5	1296	438	1077	2877	2.22
1990-1994	103	0.43541	0.35757	0.5	858	307	704	1800	2.10
1990-1994	104	0.46448	0.37694	0.5	551	208	447	1096	1.99
1990-1994	105	0.49380	0.39602	0.5	343	136	275	649	1.89
1990-1994	106	0.52316	0.41468	0.5	207	86	164	373	1.80
1990-1994	107	0.55236	0.43282	0.5	121	53	95	209	1.72
1990-1994	108	0.58120	0.45033	0.5	69	31	53	114	1.66
1990-1994	109	0.60950	0.46714	0.5	38	18	29	61	1.60
1990-1994	110+	0.63708	1.00000	1.57	20	20	32	32	1.57
1995-1999	0	0.00694	0.00689	0.07	100000	689	99361	7978929	79.79
1995-1999	1	0.00063	0.00063	0.5	99311	63	99279	7879569	79.34
1995-1999	2	0.00044	0.00044	0.5	99248	43	99226	7780289	78.39
1995-1999	3	0.00034	0.00034	0.5	99205	34	99188	7681063	77.43
1995-1999	4	0.00023	0.00023	0.5	99171	22	99159	7581875	76.45
1995-1999	5	0.00018	0.00018	0.5	99148	18	99139	7482716	75.47
1995-1999	6	0.00021	0.00021	0.5	99130	20	99120	7383577	74.48
1995-1999	7	0.00013	0.00013	0.5	99109	13	99103	7284457	73.50
1995-1999	8	0.00015	0.00015	0.5	99097	14	99089	7185354	72.51
1995-1999	9	0.00013	0.00013	0.5	99082	13	99076	7086265	71.52
1995-1999	10	0.00015	0.00015	0.5	99069	14	99062	6987189	70.53
1995-1999	11	0.00016	0.00016	0.5	99055	16	99047	6888127	69.54
1995-1999	12	0.00021	0.00021	0.5	99039	21	99028	6789080	68.55
1995-1999	13	0.00018	0.00018	0.5	99017	18	99009	6690052	67.56
1995-1999	14	0.00024	0.00024	0.5	99000	24	98988	6591043	66.58
1995-1999	15	0.00032	0.00032	0.5	98976	32	98960	6492056	65.59
1995-1999	16	0.00042	0.00042	0.5	98944	41	98923	6393096	64.61
1995-1999	17	0.00041	0.00041	0.5	98903	40	98883	6294172	63.64
1995-1999	18	0.00057	0.00057	0.5	98862	57	98834	6195290	62.67
1995-1999	19	0.00056	0.00056	0.5	98806	55	98778	6096456	61.70
1995-1999	20	0.00048	0.00048	0.5	98751	48	98727	5997677	60.74
1995-1999	21	0.00055	0.00055	0.5	98703	54	98676	5898950	59.76
1995-1999	22	0.00055	0.00055	0.5	98649	55	98622	5800275	58.80
1995-1999	23	0.00066	0.00066	0.5	98594	65	98562	5701653	57.83
1995-1999	24	0.00063	0.00063	0.5	98530	62	98499	5603091	56.87
1995-1999	25	0.00065	0.00065	0.5	98468	64	98436	5504592	55.90
1995-1999	26	0.00063	0.00063	0.5	98404	62	98373	5406156	54.94
1995-1999	27	0.00074	0.00074	0.5	98342	73	98305	5307784	53.97
1995-1999	28	0.00078	0.00078	0.5	98268	77	98230	5209479	53.01
1995-1999	29	0.00086	0.00086	0.5	98192	85	98149	5111249	52.05
1995-1999	30	0.00087	0.00087	0.5	98107	85	98064	5013099	51.10
1995-1999	31	0.00091	0.00091	0.5	98022	89	97977	4915035	50.14
1995-1999	32	0.00094	0.00094	0.5	97933	92	97887	4817058	49.19
1995-1999	33	0.00110	0.00110	0.5	97840	108	97787	4719171	48.23
1995-1999	34	0.00121	0.00121	0.5	97733	118	97674	4621385	47.29
1995-1999	35	0.00122	0.00122	0.5	97615	119	97555	4523711	46.34
1995-1999	36	0.00134	0.00134	0.5	97496	131	97430	4426155	45.40
1995-1999	37	0.00154	0.00154	0.5	97365	150	97290	4328725	44.46
1995-1999	38	0.00163	0.00163	0.5	97215	158	97136	4231435	43.53
1995-1999	39	0.00160	0.00160	0.5	97057	155	96980	4134299	42.60
1995-1999	40	0.00168	0.00167	0.5	96902	162	96821	4037319	41.66
1995-1999	41	0.00193	0.00193	0.5	96740	187	96647	3940498	40.73
1995-1999	42	0.00188	0.00188	0.5	96553	182	96462	3843852	39.81
1995-1999	43	0.00213	0.00213	0.5	96371	205	96269	3747389	38.88
1995-1999	44	0.00230	0.00230	0.5	96166	221	96056	3651120	37.97
1995-1999	45	0.00226	0.00225	0.5	95945	216	95837	3555065	37.05
1995-1999	46	0.00255	0.00255	0.5	95729	244	95607	3459228	36.14
1995-1999	47	0.00275	0.00274	0.5	95485	262	95354	3363621	35.23
1995-1999	48	0.00299	0.00299	0.5	95223	284	95081	3268267	34.32
1995-1999	49	0.00292	0.00291	0.5	94939	276	94801	3173186	33.42
1995-1999	50	0.00336	0.00335	0.5	94662	318	94504	3078385	32.52
1995-1999	51	0.00363	0.00362	0.5	94345	342	94174	2983882	31.63
1995-1999	52	0.00416	0.00415	0.5	94003	390	93808	2889708	30.74
1995-1999	53	0.00446	0.00445	0.5	93613	416	93405	2795899	29.87
1995-1999	54	0.00457	0.00456	0.5	93197	425	92984	2702494	29.00
1995-1999	55	0.00495	0.00493	0.5	92772	458	92543	2609510	28.13
1995-1999	56	0.00555	0.00553	0.5	92314	510	92059	2516968	27.27
1995-1999	57	0.00585	0.00583	0.5	91803	536	91535	2424909	26.41
1995-1999	58	0.00670	0.00667	0.5	91268	609	90963	2333374	25.57
1995-1999	59	0.00693	0.00691	0.5	90659	626	90345	2242410	24.73
1995-1999	60	0.00751	0.00748	0.5	90032	674	89695	2152065	23.90
1995-1999	61	0.00852	0.00849	0.5	89358	758	88979	2062370	23.08
1995-1999	62	0.00889	0.00885	0.5	88600	784	88208	1973390	22.27
1995-1999	63	0.00967	0.00963	0.5	87816	845	87393	1885182	21.47
1995-1999	64	0.01037	0.01032	0.5	86971	898	86522	1797789	20.67
1995-1999	65	0.01090	0.01084	0.5	86073	933	85607	1711267	19.88
1995-1999	66	0.01213	0.01206	0.5	85140	1026	84627	1625661	19.09
1995-1999	67	0.01238	0.01230	0.5	84114	1035	83596	1541034	18.32
1995-1999	68	0.01336	0.01327	0.5	83079	1102	82528	1457438	17.54
1995-1999	69	0.01489	0.01478	0.5	81976	1212	81371	1374910	16.77
1995-1999	70	0.01612	0.01599	0.5	80765	1292	80119	1293540	16.02
1995-1999	71	0.01817	0.01801	0.5	79473	1431	78758	1213421	15.27
1995-1999	72	0.01983	0.01963	0.5	78042	1532	77276	1134663	14.54
1995-1999	73	0.02151	0.02128	0.5	76510	1628	75696	1057387	13.82
1995-1999	74	0.02326	0.02300	0.5	74882	1722	74021	981691	13.11
1995-1999	75	0.02588	0.02555	0.5	73160	1869	72225	907671	12.41
1995-1999	76	0.02824	0.02785	0.5	71290	1985	70298	835446	11.72
1995-1999	77	0.03158	0.03109	0.5	69305	2155	68228	765148	11.04
1995-1999	78	0.03539	0.03477	0.5	67150	2335	65983	696920	10.38
1995-1999	79	0.03902	0.03827	0.5	64815	2481	63575	630937	9.73
1995-1999	80	0.05165	0.05035	0.5	62335	3138	60766	567362	9.10
1995-1999	81	0.05705	0.05546	0.5	59196	3283	57555	506597	8.56
1995-1999	82	0.06413	0.06214	0.5	55913	3474	54176	449042	8.03
1995-1999	83	0.06983	0.06747	0.5	52439	3538	50670	394866	7.53
1995-1999	84	0.07858	0.07561	0.5	48901	3697	47052	344196	7.04
1995-1999	85	0.08895	0.08516	0.5	45203	3849	43279	297144	6.57
1995-1999	86	0.10012	0.09534	0.5	41354	3943	39383	253865	6.14
1995-1999	87	0.10956	0.10387	0.5	37411	3886	35468	214483	5.73
1995-1999	88	0.12164	0.11466	0.5	33525	3844	31603	179015	5.34
1995-1999	89	0.13624	0.12756	0.5	29681	3786	27788	147412	4.97
1995-1999	90	0.15164	0.14096	0.5	25895	3650	24070	119623	4.62
1995-1999	91	0.16895	0.15579	0.5	22245	3466	20512	95553	4.30
1995-1999	92	0.18985	0.17339	0.5	18779	3256	17151	75041	4.00
1995-1999	93	0.20711	0.18768	0.5	15523	2913	14067	57890	3.73
1995-1999	94	0.22801	0.20467	0.5	12610	2581	11319	43823	3.48
1995-1999	95	0.25034	0.22249	0.5	10029	2231	8913	32504	3.24
1995-1999	96	0.27409	0.24105	0.5	7798	1880	6858	23591	3.03
1995-1999	97	0.29919	0.26026	0.5	5918	1540	5148	16733	2.83
1995-1999	98	0.32556	0.27998	0.5	4378	1226	3765	11585	2.65
1995-1999	99	0.35308	0.30010	0.5	3152	946	2679	7820	2.48
1995-1999	100	0.38161	0.32046	0.5	2206	707	1853	5141	2.33
1995-1999	101	0.41098	0.34092	0.5	1499	511	1244	3288	2.19
1995-1999	102	0.44100	0.36133	0.5	988	357	810	2045	2.07
1995-1999	103	0.47146	0.38152	0.5	631	241	511	1235	1.96
1995-1999	104	0.50213	0.40136	0.5	390	157	312	725	1.86
1995-1999	105	0.53279	0.42071	0.5	234	98	184	413	1.77
1995-1999	106	0.56320	0.43945	0.5	135	59	106	228	1.68
1995-1999	107	0.59314	0.45747	0.5	76	35	59	122	1.61
1995-1999	108	0.62240	0.47468	0.5	41	20	31	64	1.55
1995-1999	109	0.65080	0.49102	0.5	22	11	16	33	1.50
1995-1999	110+	0.67817	1.00000	1.47	11	11	16	16	1.47
2000-2004	0	0.00685	0.00681	0.07	100000	681	99368	8003719	80.04
2000-2004	1	0.00049	0.00049	0.5	99319	48	99295	7904351	79.59
2000-2004	2	0.00037	0.00037	0.5	99271	36	99253	7805056	78.62
2000-2004	3	0.00023	0.00023	0.5	99235	23	99223	7705803	77.65
2000-2004	4	0.00016	0.00016	0.5	99212	16	99204	7606580	76.67
2000-2004	5	0.00015	0.00015	0.5	99196	14	99188	7507376	75.68
2000-2004	6	0.00013	0.00013	0.5	99181	13	99175	7408188	74.69
2000-2004	7	0.00013	0.00013	0.5	99168	13	99162	7309013	73.70
2000-2004	8	0.00014	0.00014	0.5	99155	14	99149	7209852	72.71
2000-2004	9	0.00011	0.00011	0.5	99142	11	99136	7110703	71.72
2000-2004	10	0.00013	0.00013	0.5	99131	13	99124	7011567	70.73
2000-2004	11	0.00014	0.00014	0.5	99118	14	99111	6912443	69.74
2000-2004	12	0.00013	0.00013	0.5	99104	13	99097	6813332	68.75
2000-2004	13	0.00018	0.00018	0.5	99091	18	99082	6714234	67.76
2000-2004	14	0.00018	0.00018	0.5	99073	18	99064	6615153	66.77
2000-2004	15	0.00028	0.00028	0.5	99055	28	99041	6516088	65.78
2000-2004	16	0.00038	0.00038	0.5	99027	38	99008	6417047	64.80
2000-2004	17	0.00037	0.00037	0.5	98989	36	98971	6318039	63.83
2000-2004	18	0.00056	0.00056	0.5	98953	55	98925	6219068	62.85
2000-2004	19	0.00053	0.00053	0.5	98897	52	98871	6120143	61.88
2000-2004	20	0.00060	0.00060	0.5	98845	59	98816	6021272	60.92
2000-2004	21	0.00058	0.00058	0.5	98786	57	98758	5922456	59.95
2000-2004	22	0.00057	0.00057	0.5	98729	56	98701	5823699	58.99
2000-2004	23	0.00057	0.00057	0.5	98672	56	98644	5724998	58.02
2000-2004	24	0.00059	0.00059	0.5	98616	58	98587	5626354	57.05
2000-2004	25	0.00060	0.00060	0.5	98558	60	98528	5527766	56.09
2000-2004	26	0.00071	0.00071	0.5	98499	70	98464	5429238	55.12
2000-2004	27	0.00070	0.00070	0.5	98429	69	98394	5330775	54.16
2000-2004	28	0.00066	0.00066	0.5	98360	65	98327	5232380	53.20
2000-2004	29	0.00078	0.00078	0.5	98295	77	98257	5134053	52.23
2000-2004	30	0.00076	0.00076	0.5	98218	75	98181	5035796	51.27
2000-2004	31	0.00081	0.00081	0.5	98144	79	98104	4937615	50.31
2000-2004	32	0.00088	0.00088	0.5	98064	86	98021	4839511	49.35
2000-2004	33	0.00102	0.00102	0.5	97978	100	97928	4741490	48.39
2000-2004	34	0.00105	0.00105	0.5	97878	102	97827	4643562	47.44
2000-2004	35	0.00109	0.00109	0.5	97776	106	97722	4545735	46.49
2000-2004	36	0.00124	0.00124	0.5	97669	121	97609	4448013	45.54
2000-2004	37	0.00135	0.00135	0.5	97548	132	97482	4350404	44.60
2000-2004	38	0.00141	0.00141	0.5	97416	138	97348	4252922	43.66
2000-2004	39	0.00162	0.00162	0.5	97279	158	97200	4155574	42.72
2000-2004	40	0.00177	0.00177	0.5	97121	172	97035	4058374	41.79
2000-2004	41	0.00189	0.00189	0.5	96949	183	96858	3961339	40.86
2000-2004	42	0.00208	0.00208	0.5	96766	202	96665	3864481	39.94
2000-2004	43	0.00222	0.00222	0.5	96565	214	96458	3767816	39.02
2000-2004	44	0.00240	0.00239	0.5	96350	231	96235	3671358	38.10
2000-2004	45	0.00267	0.00267	0.5	96120	256	95992	3575123	37.19
2000-2004	46	0.00274	0.00273	0.5	95863	262	95732	3479132	36.29
2000-2004	47	0.00309	0.00308	0.5	95601	295	95454	3383399	35.39
2000-2004	48	0.00303	0.00302	0.5	95306	288	95162	3287946	34.50
2000-2004	49	0.00316	0.00316	0.5	95018	300	94868	3192783	33.60
2000-2004	50	0.00347	0.00346	0.5	94718	328	94554	3097915	32.71
2000-2004	51	0.00367	0.00366	0.5	94390	345	94217	3003361	31.82
2000-2004	52	0.00387	0.00387	0.5	94045	364	93863	2909144	30.93
2000-2004	53	0.00412	0.00411	0.5	93681	385	93488	2815281	30.05
2000-2004	54	0.00437	0.00436	0.5	93296	407	93092	2721793	29.17
2000-2004	55	0.00505	0.00504	0.5	92889	468	92655	2628700	28.30
2000-2004	56	0.00513	0.00512	0.5	92421	473	92184	2536045	27.44
2000-2004	57	0.00578	0.00577	0.5	91948	530	91683	2443861	26.58
2000-2004	58	0.00606	0.00604	0.5	91417	553	91141	2352178	25.73
2000-2004	59	0.00656	0.00654	0.5	90865	594	90568	2261037	24.88
2000-2004	60	0.00708	0.00706	0.5	90271	637	89952	2170469	24.04
2000-2004	61	0.00764	0.00762	0.5	89634	683	89293	2080517	23.21
2000-2004	62	0.00827	0.00824	0.5	88951	733	88585	1991224	22.39
2000-2004	63	0.00885	0.00881	0.5	88219	777	87830	1902639	21.57
2000-2004	64	0.00950	0.00945	0.5	87441	827	87028	1814809	20.75
2000-2004	65	0.01025	0.01020	0.5	86615	883	86173	1727781	19.95
2000-2004	66	0.01119	0.01112	0.5	85731	954	85255	1641608	19.15
2000-2004	67	0.01237	0.01229	0.5	84778	1042	84257	1556353	18.36
2000-2004	68	0.01295	0.01286	0.5	83735	1077	83197	1472096	17.58
2000-2004	69	0.01438	0.01428	0.5	82658	1180	82068	1388900	16.80
2000-2004	70	0.01598	0.01586	0.5	81478	1292	80832	1306831	16.04
2000-2004	71	0.01678	0.01664	0.5	80186	1335	79519	1225999	15.29
2000-2004	72	0.01879	0.01861	0.5	78852	1468	78118	1146480	14.54
2000-2004	73	0.02084	0.02062	0.5	77384	1596	76586	1068363	13.81
2000-2004	74	0.02329	0.02302	0.5	75788	1744	74916	991777	13.09
2000-2004	75	0.02494	0.02463	0.5	74044	1824	73132	916861	12.38
2000-2004	76	0.02779	0.02741	0.5	72220	1979	71230	843729	11.68
2000-2004	77	0.03105	0.03057	0.5	70240	2147	69167	772499	11.00
2000-2004	78	0.03417	0.03359	0.5	68093	2287	66949	703333	10.33
2000-2004	79	0.03813	0.03742	0.5	65806	2462	64574	636383	9.67
2000-2004	80	0.04988	0.04867	0.5	63343	3083	61802	571809	9.03
2000-2004	81	0.05561	0.05411	0.5	60260	3261	58630	510007	8.46
2000-2004	82	0.06407	0.06208	0.5	57000	3538	55230	451377	7.92
2000-2004	83	0.07104	0.06860	0.5	53461	3668	51627	396147	7.41
2000-2004	84	0.08011	0.07703	0.5	49794	3835	47876	344519	6.92
2000-2004	85	0.08912	0.08532	0.5	45958	3921	43998	296643	6.45
2000-2004	86	0.09916	0.09448	0.5	42037	3972	40051	252646	6.01
2000-2004	87	0.11320	0.10713	0.5	38066	4078	36026	212594	5.58
2000-2004	88	0.12427	0.11700	0.5	33987	3977	31999	176568	5.20
2000-2004	89	0.14069	0.13144	0.5	30011	3945	28039	144569	4.82
2000-2004	90	0.15571	0.14446	0.5	26066	3766	24183	116530	4.47
2000-2004	91	0.17533	0.16120	0.5	22301	3595	20503	92347	4.14
2000-2004	92	0.19488	0.17757	0.5	18706	3322	17045	71844	3.84
2000-2004	93	0.22208	0.19988	0.5	15384	3075	13847	54799	3.56
2000-2004	94	0.23936	0.21378	0.5	12309	2631	10993	40952	3.33
2000-2004	95	0.26361	0.23291	0.5	9678	2254	8551	29959	3.10
2000-2004	96	0.28937	0.25280	0.5	7424	1877	6485	21408	2.88
2000-2004	97	0.31657	0.27331	0.5	5547	1516	4789	14923	2.69
2000-2004	98	0.34509	0.29431	0.5	4031	1186	3438	10134	2.51
2000-2004	99	0.37477	0.31563	0.5	2845	898	2396	6696	2.35
2000-2004	100	0.40542	0.33709	0.5	1947	656	1619	4301	2.21
2000-2004	101	0.43683	0.35852	0.5	1291	463	1059	2682	2.08
2000-2004	102	0.46875	0.37974	0.5	828	314	671	1623	1.96
2000-2004	103	0.50093	0.40059	0.5	513	206	411	952	1.85
2000-2004	104	0.53310	0.42090	0.5	308	130	243	541	1.76
2000-2004	105	0.56499	0.44054	0.5	178	79	139	298	1.67
2000-2004	106	0.59636	0.45938	0.5	100	46	77	159	1.60
2000-2004	107	0.62696	0.47733	0.5	54	26	41	83	1.53
2000-2004	108	0.65658	0.49430	0.5	28	14	21	42	1.48
2000-2004	109	0.68503	0.51026	0.5	14	7	11	20	1.43
2000-2004	110+	0.71215	1.00000	1.4	7	7	10	10	1.40
2005-2009	0	0.00677	0.00673	0.07	100000	673	99375	8103200	81.03
2005-2009	1	0.00060	0.00059	0.5	99327	59	99297	8003825	80.58
2005-2009	2	0.00028	0.00028	0.5	99268	28	99254	7904527	79.63
2005-2009	3	0.00019	0.00019	0.5	99240	18	99231	7805274	78.65
2005-2009	4	0.00020	0.00020	0.5	99222	19	99212	7706042	77.66
2005-2009	5	0.00014	0.00014	0.5	99202	14	99196	7606830	76.68
2005-2009	6	0.00014	0.00014	0.5	99189	14	99182	7507635	75.69
2005-2009	7	0.00012	0.00012	0.5	99175	12	99169	7408453	74.70
2005-2009	8	0.00011	0.00011	0.5	99163	11	99157	7309284	73.71
2005-2009	9	0.00012	0.00012	0.5	99151	12	99146	7210127	72.72
2005-2009	10	0.00010	0.00010	0.5	99140	10	99135	7110982	71.73
2005-2009	11	0.00012	0.00012	0.5	99129	12	99124	7011847	70.73
2005-2009	12	0.00011	0.00011	0.5	99118	11	99112	6912723	69.74
2005-2009	13	0.00017	0.00017	0.5	99107	17	99099	6813611	68.75
2005-2009	14	0.00018	0.00018	0.5	99090	18	99081	6714512	67.76
2005-2009	15	0.00020	0.00020	0.5	99072	19	99062	6615431	66.77
2005-2009	16	0.00028	0.00028	0.5	99053	27	99039	6516369	65.79
2005-2009	17	0.00036	0.00036	0.5	99025	35	99007	6417330	64.81
2005-2009	18	0.00045	0.00045	0.5	98990	45	98968	6318323	63.83
2005-2009	19	0.00053	0.00053	0.5	98945	53	98919	6219355	62.86
2005-2009	20	0.00056	0.00056	0.5	98893	56	98865	6120436	61.89
2005-2009	21	0.00051	0.00051	0.5	98837	50	98812	6021571	60.92
2005-2009	22	0.00054	0.00054	0.5	98787	53	98760	5922759	59.95
2005-2009	23	0.00060	0.00060	0.5	98734	60	98704	5823999	58.99
2005-2009	24	0.00066	0.00066	0.5	98674	65	98642	5725295	58.02
2005-2009	25	0.00066	0.00066	0.5	98609	65	98577	5626653	57.06
2005-2009	26	0.00065	0.00065	0.5	98544	64	98512	5528076	56.10
2005-2009	27	0.00069	0.00069	0.5	98480	68	98447	5429564	55.13
2005-2009	28	0.00074	0.00074	0.5	98413	73	98376	5331117	54.17
2005-2009	29	0.00079	0.00079	0.5	98340	78	98301	5232741	53.21
2005-2009	30	0.00076	0.00076	0.5	98262	75	98224	5134440	52.25
2005-2009	31	0.00085	0.00085	0.5	98187	84	98145	5036216	51.29
2005-2009	32	0.00089	0.00089	0.5	98103	88	98059	4938071	50.34
2005-2009	33	0.00093	0.00093	0.5	98015	91	97970	4840012	49.38
2005-2009	34	0.00102	0.00102	0.5	97925	100	97874	4742042	48.43
2005-2009	35	0.00104	0.00104	0.5	97824	102	97773	4644168	47.47
2005-2009	36	0.00115	0.00115	0.5	97722	113	97666	4546395	46.52
2005-2009	37	0.00119	0.00119	0.5	97609	116	97551	4448729	45.58
2005-2009	38	0.00126	0.00126	0.5	97493	122	97432	4351177	44.63
2005-2009	39	0.00146	0.00146	0.5	97371	142	97300	4253745	43.69
2005-2009	40	0.00154	0.00154	0.5	97229	150	97154	4156446	42.75
2005-2009	41	0.00157	0.00156	0.5	97079	152	97003	4059292	41.81
2005-2009	42	0.00185	0.00185	0.5	96927	179	96837	3962289	40.88
2005-2009	43	0.00206	0.00206	0.5	96748	200	96648	3865452	39.95
2005-2009	44	0.00224	0.00224	0.5	96548	216	96440	3768804	39.04
2005-2009	45	0.00233	0.00233	0.5	96332	224	96220	3672364	38.12
2005-2009	46	0.00261	0.00260	0.5	96108	250	95983	3576144	37.21
2005-2009	47	0.00281	0.00280	0.5	95858	269	95723	3480161	36.31
2005-2009	48	0.00317	0.00317	0.5	95589	303	95438	3384438	35.41
2005-2009	49	0.00341	0.00341	0.5	95286	324	95124	3289000	34.52
2005-2009	50	0.00355	0.00355	0.5	94962	337	94793	3193876	33.63
2005-2009	51	0.00378	0.00377	0.5	94625	357	94446	3099082	32.75
2005-2009	52	0.00403	0.00402	0.5	94268	379	94078	3004636	31.87
2005-2009	53	0.00428	0.00427	0.5	93889	401	93688	2910558	31.00
2005-2009	54	0.00443	0.00442	0.5	93488	414	93281	2816870	30.13
2005-2009	55	0.00474	0.00472	0.5	93074	440	92854	2723589	29.26
2005-2009	56	0.00488	0.00486	0.5	92634	451	92409	2630735	28.40
2005-2009	57	0.00516	0.00515	0.5	92184	474	91947	2538326	27.54
2005-2009	58	0.00560	0.00558	0.5	91709	512	91453	2446379	26.68
2005-2009	59	0.00606	0.00604	0.5	91197	551	90922	2354926	25.82
2005-2009	60	0.00651	0.00649	0.5	90647	588	90353	2264004	24.98
2005-2009	61	0.00690	0.00688	0.5	90059	619	89749	2173651	24.14
2005-2009	62	0.00765	0.00762	0.5	89439	681	89099	2083902	23.30
2005-2009	63	0.00807	0.00804	0.5	88758	713	88401	1994803	22.47
2005-2009	64	0.00832	0.00828	0.5	88045	729	87680	1906402	21.65
2005-2009	65	0.00924	0.00919	0.5	87316	803	86914	1818721	20.83
2005-2009	66	0.01011	0.01005	0.5	86513	870	86078	1731807	20.02
2005-2009	67	0.01066	0.01061	0.5	85643	908	85189	1645729	19.22
2005-2009	68	0.01147	0.01140	0.5	84735	966	84251	1560541	18.42
2005-2009	69	0.01258	0.01250	0.5	83768	1047	83245	1476289	17.62
2005-2009	70	0.01374	0.01365	0.5	82721	1129	82157	1393044	16.84
2005-2009	71	0.01490	0.01479	0.5	81592	1207	80989	1310888	16.07
2005-2009	72	0.01654	0.01641	0.5	80385	1319	79726	1229899	15.30
2005-2009	73	0.01818	0.01802	0.5	79067	1424	78354	1150173	14.55
2005-2009	74	0.02067	0.02046	0.5	77642	1589	76848	1071819	13.80
2005-2009	75	0.02220	0.02196	0.5	76053	1670	75218	994971	13.08
2005-2009	76	0.02473	0.02443	0.5	74383	1817	73475	919752	12.37
2005-2009	77	0.02769	0.02731	0.5	72566	1982	71575	846278	11.66
2005-2009	78	0.03091	0.03044	0.5	70584	2148	69510	774702	10.98
2005-2009	79	0.03425	0.03367	0.5	68436	2304	67284	705192	10.30
2005-2009	80	0.04327	0.04236	0.5	66132	2801	64731	637908	9.65
2005-2009	81	0.04810	0.04697	0.5	63331	2975	61843	573177	9.05
2005-2009	82	0.05378	0.05237	0.5	60356	3161	58775	511334	8.47
2005-2009	83	0.06015	0.05839	0.5	57195	3340	55525	452558	7.91
2005-2009	84	0.06894	0.06664	0.5	53855	3589	52061	397033	7.37
2005-2009	85	0.07852	0.07555	0.5	50266	3798	48367	344972	6.86
2005-2009	86	0.08827	0.08454	0.5	46468	3928	44504	296605	6.38
2005-2009	87	0.10034	0.09554	0.5	42540	4064	40508	252101	5.93
2005-2009	88	0.11341	0.10732	0.5	38475	4129	36411	211594	5.50
2005-2009	89	0.12582	0.11837	0.5	34346	4066	32313	175183	5.10
2005-2009	90	0.14210	0.13267	0.5	30280	4017	28272	142869	4.72
2005-2009	91	0.16359	0.15122	0.5	26263	3971	24277	114598	4.36
2005-2009	92	0.17963	0.16482	0.5	22292	3674	20454	90321	4.05
2005-2009	93	0.20395	0.18508	0.5	18617	3446	16895	69866	3.75
2005-2009	94	0.22215	0.19994	0.5	15172	3033	13655	52972	3.49
2005-2009	95	0.24616	0.21919	0.5	12138	2661	10808	39317	3.24
2005-2009	96	0.27187	0.23933	0.5	9478	2268	8344	28509	3.01
2005-2009	97	0.29919	0.26025	0.5	7209	1876	6271	20165	2.80
2005-2009	98	0.32801	0.28180	0.5	5333	1503	4582	13894	2.61
2005-2009	99	0.35820	0.30379	0.5	3830	1164	3248	9312	2.43
2005-2009	100	0.38956	0.32605	0.5	2667	869	2232	6064	2.27
2005-2009	101	0.42185	0.34837	0.5	1797	626	1484	3832	2.13
2005-2009	102	0.45483	0.37056	0.5	1171	434	954	2347	2.00
2005-2009	103	0.48821	0.39242	0.5	737	289	593	1393	1.89
2005-2009	104	0.52169	0.41376	0.5	448	185	355	801	1.79
2005-2009	105	0.55498	0.43443	0.5	263	114	206	446	1.70
2005-2009	106	0.58779	0.45428	0.5	148	67	115	240	1.62
2005-2009	107	0.61983	0.47318	0.5	81	38	62	125	1.55
2005-2009	108	0.65086	0.49106	0.5	43	21	32	64	1.49
2005-2009	109	0.68067	0.50783	0.5	22	11	16	31	1.44
2005-2009	110+	0.70906	1.00000	1.41	11	11	15	15	1.41
2010-2014	0	0.00567	0.00564	0.07	100000	564	99475	8194447	81.94
2010-2014	1	0.00038	0.00038	0.5	99436	38	99417	8094973	81.41
2010-2014	2	0.00027	0.00027	0.5	99398	27	99385	7995556	80.44
2010-2014	3	0.00020	0.00020	0.5	99371	19	99361	7896171	79.46
2010-2014	4	0.00015	0.00015	0.5	99352	15	99344	7796810	78.48
2010-2014	5	0.00012	0.00012	0.5	99337	12	99331	7697466	77.49
2010-2014	6	0.00010	0.00010	0.5	99325	10	99320	7598135	76.50
2010-2014	7	0.00011	0.00011	0.5	99315	11	99310	7498815	75.51
2010-2014	8	0.00011	0.00011	0.5	99304	11	99299	7399505	74.51
2010-2014	9	0.00009	0.00009	0.5	99293	9	99289	7300206	73.52
2010-2014	10	0.00012	0.00012	0.5	99285	12	99279	7200917	72.53
2010-2014	11	0.00009	0.00009	0.5	99273	9	99269	7101639	71.54
2010-2014	12	0.00012	0.00012	0.5	99264	12	99258	7002370	70.54
2010-2014	13	0.00011	0.00011	0.5	99253	11	99247	6903112	69.55
2010-2014	14	0.00017	0.00017	0.5	99241	17	99233	6803865	68.56
2010-2014	15	0.00018	0.00018	0.5	99225	17	99216	6704631	67.57
2010-2014	16	0.00025	0.00025	0.5	99207	24	99195	6605415	66.58
2010-2014	17	0.00028	0.00028	0.5	99183	28	99169	6506220	65.60
2010-2014	18	0.00033	0.00033	0.5	99155	32	99139	6407051	64.62
2010-2014	19	0.00043	0.00043	0.5	99123	42	99101	6307912	63.64
2010-2014	20	0.00041	0.00041	0.5	99080	40	99060	6208811	62.66
2010-2014	21	0.00046	0.00046	0.5	99040	46	99017	6109751	61.69
2010-2014	22	0.00049	0.00049	0.5	98994	49	98970	6010733	60.72
2010-2014	23	0.00046	0.00046	0.5	98946	45	98923	5911764	59.75
2010-2014	24	0.00054	0.00054	0.5	98900	54	98874	5812840	58.77
2010-2014	25	0.00056	0.00056	0.5	98847	56	98819	5713967	57.81
2010-2014	26	0.00061	0.00061	0.5	98791	60	98761	5615148	56.84
2010-2014	27	0.00067	0.00067	0.5	98731	66	98698	5516387	55.87
2010-2014	28	0.00066	0.00066	0.5	98665	65	98632	5417689	54.91
2010-2014	29	0.00074	0.00074	0.5	98600	72	98563	5319056	53.95
2010-2014	30	0.00073	0.00073	0.5	98527	72	98491	5220493	52.99
2010-2014	31	0.00077	0.00077	0.5	98455	76	98417	5122001	52.02
2010-2014	32	0.00079	0.00079	0.5	98379	78	98340	5023584	51.06
2010-2014	33	0.00083	0.00082	0.5	98301	81	98261	4925244	50.10
2010-2014	34	0.00093	0.00093	0.5	98220	91	98175	4826983	49.14
2010-2014	35	0.00093	0.00093	0.5	98129	91	98083	4728808	48.19
2010-2014	36	0.00105	0.00105	0.5	98037	103	97986	4630725	47.23
2010-2014	37	0.00106	0.00106	0.5	97935	103	97883	4532739	46.28
2010-2014	38	0.00121	0.00121	0.5	97831	118	97772	4434856	45.33
2010-2014	39	0.00134	0.00133	0.5	97713	130	97648	4337084	44.39
2010-2014	40	0.00133	0.00133	0.5	97583	130	97518	4239436	43.44
2010-2014	41	0.00146	0.00146	0.5	97453	142	97382	4141918	42.50
2010-2014	42	0.00167	0.00166	0.5	97311	162	97230	4044537	41.56
2010-2014	43	0.00178	0.00178	0.5	97149	173	97062	3947307	40.63
2010-2014	44	0.00186	0.00186	0.5	96975	180	96885	3850245	39.70
2010-2014	45	0.00213	0.00212	0.5	96795	206	96692	3753360	38.78
2010-2014	46	0.00233	0.00233	0.5	96590	225	96477	3656667	37.86
2010-2014	47	0.00247	0.00247	0.5	96365	238	96246	3560190	36.94
2010-2014	48	0.00276	0.00275	0.5	96127	265	95995	3463944	36.04
2010-2014	49	0.00298	0.00298	0.5	95863	286	95720	3367950	35.13
2010-2014	50	0.00342	0.00342	0.5	95577	327	95414	3272230	34.24
2010-2014	51	0.00372	0.00371	0.5	95250	354	95073	3176816	33.35
2010-2014	52	0.00388	0.00387	0.5	94897	367	94713	3081743	32.47
2010-2014	53	0.00417	0.00416	0.5	94529	393	94333	2987030	31.60
2010-2014	54	0.00465	0.00464	0.5	94136	436	93918	2892698	30.73
2010-2014	55	0.00492	0.00491	0.5	93700	460	93470	2798780	29.87
2010-2014	56	0.00517	0.00516	0.5	93240	481	92999	2705310	29.01
2010-2014	57	0.00552	0.00551	0.5	92759	511	92504	2612311	28.16
2010-2014	58	0.00602	0.00600	0.5	92248	554	91972	2519807	27.32
2010-2014	59	0.00615	0.00613	0.5	91695	562	91414	2427835	26.48
2010-2014	60	0.00648	0.00646	0.5	91133	589	90838	2336422	25.64
2010-2014	61	0.00679	0.00677	0.5	90544	613	90237	2245583	24.80
2010-2014	62	0.00710	0.00707	0.5	89931	636	89613	2155346	23.97
2010-2014	63	0.00775	0.00772	0.5	89295	690	88950	2065734	23.13
2010-2014	64	0.00842	0.00838	0.5	88605	743	88234	1976784	22.31
2010-2014	65	0.00869	0.00865	0.5	87862	760	87482	1888550	21.49
2010-2014	66	0.00941	0.00937	0.5	87102	816	86694	1801068	20.68
2010-2014	67	0.01028	0.01023	0.5	86286	883	85845	1714373	19.87
2010-2014	68	0.01122	0.01116	0.5	85403	953	84927	1628529	19.07
2010-2014	69	0.01224	0.01216	0.5	84450	1027	83937	1543602	18.28
2010-2014	70	0.01322	0.01314	0.5	83423	1096	82875	1459666	17.50
2010-2014	71	0.01406	0.01396	0.5	82327	1149	81753	1376791	16.72
2010-2014	72	0.01529	0.01517	0.5	81178	1232	80562	1295038	15.95
2010-2014	73	0.01633	0.01619	0.5	79946	1295	79299	1214476	15.19
2010-2014	74	0.01869	0.01852	0.5	78652	1456	77923	1135177	14.43
2010-2014	75	0.02065	0.02044	0.5	77195	1578	76406	1057254	13.70
2010-2014	76	0.02259	0.02234	0.5	75617	1689	74773	980848	12.97
2010-2014	77	0.02559	0.02527	0.5	73928	1868	72994	906075	12.26
2010-2014	78	0.02803	0.02764	0.5	72060	1992	71064	833081	11.56
2010-2014	79	0.03176	0.03126	0.5	70068	2190	68973	762017	10.88
2010-2014	80	0.03619	0.03555	0.5	67878	2413	66671	693044	10.21
2010-2014	81	0.04075	0.03994	0.5	65465	2615	64158	626372	9.57
2010-2014	82	0.04715	0.04606	0.5	62850	2895	61403	562215	8.95
2010-2014	83	0.05454	0.05309	0.5	59955	3183	58364	500812	8.35
2010-2014	84	0.06136	0.05954	0.5	56772	3380	55082	442448	7.79
2010-2014	85	0.06906	0.06675	0.5	53392	3564	51610	387366	7.26
2010-2014	86	0.07938	0.07635	0.5	49828	3805	47926	335756	6.74
2010-2014	87	0.08915	0.08535	0.5	46023	3928	44059	287831	6.25
2010-2014	88	0.10236	0.09738	0.5	42095	4099	40046	243771	5.79
2010-2014	89	0.11584	0.10950	0.5	37996	4161	35916	203725	5.36
2010-2014	90	0.13240	0.12418	0.5	33836	4202	31735	167809	4.96
2010-2014	91	0.14860	0.13832	0.5	29634	4099	27584	136074	4.59
2010-2014	92	0.16579	0.15310	0.5	25535	3909	23580	108490	4.25
2010-2014	93	0.18550	0.16976	0.5	21626	3671	19790	84910	3.93
2010-2014	94	0.20856	0.18887	0.5	17955	3391	16259	65120	3.63
2010-2014	95	0.23253	0.20831	0.5	14563	3034	13047	48861	3.36
2010-2014	96	0.25835	0.22880	0.5	11530	2638	10211	35814	3.11
2010-2014	97	0.28597	0.25020	0.5	8892	2225	7779	25603	2.88
2010-2014	98	0.31529	0.27235	0.5	6667	1816	5759	17824	2.67
2010-2014	99	0.34615	0.29508	0.5	4851	1432	4136	12065	2.49
2010-2014	100	0.37837	0.31818	0.5	3420	1088	2876	7929	2.32
2010-2014	101	0.41170	0.34142	0.5	2332	796	1934	5053	2.17
2010-2014	102	0.44586	0.36458	0.5	1536	560	1256	3120	2.03
2010-2014	103	0.48053	0.38744	0.5	976	378	787	1864	1.91
2010-2014	104	0.51540	0.40980	0.5	598	245	475	1077	1.80
2010-2014	105	0.55012	0.43144	0.5	353	152	277	602	1.71
2010-2014	106	0.58435	0.45222	0.5	201	91	155	325	1.62
2010-2014	107	0.61779	0.47199	0.5	110	52	84	170	1.55
2010-2014	108	0.65015	0.49065	0.5	58	28	44	86	1.49
2010-2014	109	0.68119	0.50812	0.5	30	15	22	42	1.44
2010-2014	110+	0.71069	1.00000	1.41	15	15	20	20	1.41
2015-2019	0	0.00543	0.00541	0.07	100000	541	99496	8226552	82.27
2015-2019	1	0.00037	0.00037	0.5	99459	37	99441	8127056	81.71
2015-2019	2	0.00025	0.00025	0.5	99423	25	99411	8027615	80.74
2015-2019	3	0.00016	0.00016	0.5	99398	16	99390	7928204	79.76
2015-2019	4	0.00016	0.00016	0.5	99383	16	99375	7828814	78.77
2015-2019	5	0.00012	0.00012	0.5	99367	12	99361	7729439	77.79
2015-2019	6	0.00012	0.00012	0.5	99355	12	99349	7630078	76.80
2015-2019	7	0.00012	0.00012	0.5	99344	12	99337	7530729	75.80
2015-2019	8	0.00010	0.00010	0.5	99331	10	99326	7431392	74.81
2015-2019	9	0.00010	0.00010	0.5	99321	10	99316	7332065	73.82
2015-2019	10	0.00011	0.00011	0.5	99311	11	99306	7232749	72.83
2015-2019	11	0.00008	0.00008	0.5	99301	8	99297	7133443	71.84
2015-2019	12	0.00010	0.00010	0.5	99293	10	99288	7034146	70.84
2015-2019	13	0.00013	0.00013	0.5	99283	13	99277	6934858	69.85
2015-2019	14	0.00017	0.00017	0.5	99270	17	99262	6835581	68.86
2015-2019	15	0.00020	0.00020	0.5	99253	20	99243	6736320	67.87
2015-2019	16	0.00021	0.00021	0.5	99233	21	99223	6637077	66.88
2015-2019	17	0.00028	0.00028	0.5	99212	28	99199	6537854	65.90
2015-2019	18	0.00035	0.00035	0.5	99185	35	99168	6438655	64.92
2015-2019	19	0.00045	0.00045	0.5	99150	45	99128	6339488	63.94
2015-2019	20	0.00047	0.00047	0.5	99105	46	99082	6240360	62.97
2015-2019	21	0.00051	0.00051	0.5	99059	50	99034	6141278	62.00
2015-2019	22	0.00051	0.00051	0.5	99009	51	98983	6042244	61.03
2015-2019	23	0.00058	0.00058	0.5	98958	57	98929	5943260	60.06
2015-2019	24	0.00068	0.00068	0.5	98901	67	98867	5844331	59.09
2015-2019	25	0.00066	0.00066	0.5	98834	65	98802	5745463	58.13
2015-2019	26	0.00065	0.00065	0.5	98769	64	98737	5646662	57.17
2015-2019	27	0.00077	0.00077	0.5	98705	76	98667	5547925	56.21
2015-2019	28	0.00084	0.00084	0.5	98629	83	98588	5449257	55.25
2015-2019	29	0.00085	0.00085	0.5	98546	83	98505	5350669	54.30
2015-2019	30	0.00092	0.00092	0.5	98463	90	98418	5252165	53.34
2015-2019	31	0.00098	0.00098	0.5	98373	96	98325	5153747	52.39
2015-2019	32	0.00105	0.00105	0.5	98277	103	98225	5055422	51.44
2015-2019	33	0.00112	0.00112	0.5	98174	110	98119	4957197	50.49
2015-2019	34	0.00121	0.00121	0.5	98064	118	98005	4859078	49.55
2015-2019	35	0.00123	0.00123	0.5	97946	120	97886	4761073	48.61
2015-2019	36	0.00124	0.00123	0.5	97826	121	97765	4663188	47.67
2015-2019	37	0.00136	0.00136	0.5	97705	132	97639	4565423	46.73
2015-2019	38	0.00132	0.00132	0.5	97572	128	97508	4467784	45.79
2015-2019	39	0.00150	0.00150	0.5	97444	146	97371	4370276	44.85
2015-2019	40	0.00141	0.00141	0.5	97298	137	97229	4272905	43.92
2015-2019	41	0.00161	0.00161	0.5	97161	156	97083	4175676	42.98
2015-2019	42	0.00165	0.00165	0.5	97005	160	96925	4078594	42.05
2015-2019	43	0.00179	0.00179	0.5	96845	173	96758	3981669	41.11
2015-2019	44	0.00193	0.00193	0.5	96671	187	96578	3884911	40.19
2015-2019	45	0.00202	0.00202	0.5	96485	195	96387	3788333	39.26
2015-2019	46	0.00224	0.00224	0.5	96290	215	96182	3691946	38.34
2015-2019	47	0.00246	0.00246	0.5	96074	236	95956	3595764	37.43
2015-2019	48	0.00269	0.00269	0.5	95838	257	95710	3499807	36.52
2015-2019	49	0.00278	0.00278	0.5	95581	265	95448	3404098	35.61
2015-2019	50	0.00309	0.00309	0.5	95316	295	95168	3308649	34.71
2015-2019	51	0.00354	0.00354	0.5	95021	336	94853	3213481	33.82
2015-2019	52	0.00370	0.00369	0.5	94685	350	94510	3118628	32.94
2015-2019	53	0.00410	0.00409	0.5	94336	386	94143	3024117	32.06
2015-2019	54	0.00456	0.00455	0.5	93949	427	93736	2929975	31.19
2015-2019	55	0.00487	0.00486	0.5	93522	454	93295	2836239	30.33
2015-2019	56	0.00528	0.00527	0.5	93068	490	92823	2742944	29.47
2015-2019	57	0.00569	0.00568	0.5	92578	525	92315	2650121	28.63
2015-2019	58	0.00598	0.00596	0.5	92052	548	91778	2557806	27.79
2015-2019	59	0.00631	0.00629	0.5	91504	576	91216	2466028	26.95
2015-2019	60	0.00693	0.00691	0.5	90928	628	90614	2374813	26.12
2015-2019	61	0.00728	0.00725	0.5	90300	655	89972	2284199	25.30
2015-2019	62	0.00762	0.00759	0.5	89645	681	89305	2194226	24.48
2015-2019	63	0.00825	0.00822	0.5	88964	731	88599	2104921	23.66
2015-2019	64	0.00877	0.00874	0.5	88234	771	87848	2016322	22.85
2015-2019	65	0.00875	0.00871	0.5	87463	762	87082	1928474	22.05
2015-2019	66	0.00957	0.00952	0.5	86701	826	86288	1841393	21.24
2015-2019	67	0.00990	0.00985	0.5	85875	846	85452	1755105	20.44
2015-2019	68	0.01083	0.01077	0.5	85029	916	84571	1669653	19.64
2015-2019	69	0.01191	0.01184	0.5	84113	996	83615	1585083	18.84
2015-2019	70	0.01270	0.01262	0.5	83117	1049	82592	1501468	18.06
2015-2019	71	0.01363	0.01354	0.5	82068	1111	81512	1418876	17.29
2015-2019	72	0.01514	0.01502	0.5	80956	1216	80348	1337364	16.52
2015-2019	73	0.01660	0.01646	0.5	79740	1312	79084	1257015	15.76
2015-2019	74	0.01832	0.01815	0.5	78428	1424	77716	1177931	15.02
2015-2019	75	0.02022	0.02002	0.5	77004	1542	76233	1100215	14.29
2015-2019	76	0.02184	0.02161	0.5	75463	1631	74647	1023982	13.57
2015-2019	77	0.02385	0.02357	0.5	73832	1740	72962	949334	12.86
2015-2019	78	0.02647	0.02612	0.5	72092	1883	71151	876372	12.16
2015-2019	79	0.02969	0.02926	0.5	70209	2054	69182	805222	11.47
2015-2019	80	0.03349	0.03294	0.5	68155	2245	67032	736040	10.80
2015-2019	81	0.03665	0.03599	0.5	65910	2372	64724	669007	10.15
2015-2019	82	0.04201	0.04114	0.5	63538	2614	62231	604283	9.51
2015-2019	83	0.04747	0.04637	0.5	60924	2825	59511	542053	8.90
2015-2019	84	0.05351	0.05211	0.5	58099	3028	56585	482542	8.31
2015-2019	85	0.06052	0.05874	0.5	55071	3235	53454	425957	7.73
2015-2019	86	0.07004	0.06767	0.5	51836	3508	50082	372503	7.19
2015-2019	87	0.08003	0.07695	0.5	48329	3719	46469	322421	6.67
2015-2019	88	0.08994	0.08607	0.5	44610	3840	42690	275952	6.19
2015-2019	89	0.10357	0.09847	0.5	40770	4015	38763	233262	5.72
2015-2019	90	0.11802	0.11144	0.5	36755	4096	34707	194499	5.29
2015-2019	91	0.13471	0.12621	0.5	32659	4122	30598	159792	4.89
2015-2019	92	0.15049	0.13996	0.5	28537	3994	26540	129194	4.53
2015-2019	93	0.17155	0.15800	0.5	24543	3878	22604	102653	4.18
2015-2019	94	0.18967	0.17324	0.5	20665	3580	18875	80049	3.87
2015-2019	95	0.21215	0.19180	0.5	17085	3277	15447	61173	3.58
2015-2019	96	0.23652	0.21151	0.5	13808	2921	12348	45726	3.31
2015-2019	97	0.26275	0.23224	0.5	10888	2529	9624	33378	3.07
2015-2019	98	0.29078	0.25387	0.5	8359	2122	7298	23755	2.84
2015-2019	99	0.32051	0.27624	0.5	6237	1723	5376	16457	2.64
2015-2019	100	0.35176	0.29915	0.5	4514	1350	3839	11081	2.45
2015-2019	101	0.38435	0.32239	0.5	3164	1020	2654	7242	2.29
2015-2019	102	0.41800	0.34574	0.5	2144	741	1773	4588	2.14
2015-2019	103	0.45243	0.36896	0.5	1403	518	1144	2815	2.01
2015-2019	104	0.48732	0.39185	0.5	885	347	712	1671	1.89
2015-2019	105	0.52234	0.41417	0.5	538	223	427	960	1.78
2015-2019	106	0.55714	0.43575	0.5	315	137	247	533	1.69
2015-2019	107	0.59139	0.45643	0.5	178	81	137	286	1.61
2015-2019	108	0.62477	0.47606	0.5	97	46	74	149	1.54
2015-2019	109	0.65701	0.49455	0.5	51	25	38	75	1.49
2015-2019	110+	0.68786	1.00000	1.45	26	26	37	37	1.45
