AR: Arkansas, Lifetables (period 5x1), Males Last modified: 20 Dec 2020, MPv5 (May07) 

Year	Age	mx	qx	ax	lx	dx	Lx	Tx	ex
1959	0	0.03011	0.02933	0.13	100000	2933	97436	6729270	67.29
1959	1-4	0.00132	0.00524	1.46	97067	509	386972	6631835	68.32
1959	5-9	0.00045	0.00225	2.57	96558	217	482259	6244862	64.68
1959	10-14	0.00077	0.00386	2.92	96340	372	480925	5762603	59.82
1959	15-19	0.00183	0.00909	2.57	95968	872	477721	5281678	55.04
1959	20-24	0.00250	0.01241	2.46	95096	1180	472479	4803957	50.52
1959	25-29	0.00241	0.01198	2.57	93916	1125	466843	4331478	46.12
1959	30-34	0.00269	0.01336	2.52	92790	1240	460880	3864635	41.65
1959	35-39	0.00345	0.01710	2.62	91551	1566	454034	3403756	37.18
1959	40-44	0.00491	0.02427	2.66	89985	2184	444812	2949721	32.78
1959	45-49	0.00747	0.03670	2.59	87801	3222	431229	2504909	28.53
1959	50-54	0.01105	0.05384	2.65	84579	4554	412187	2073681	24.52
1959	55-59	0.01537	0.07425	2.72	80025	5942	386567	1661494	20.76
1959	60-64	0.02443	0.11534	2.58	74083	8545	349766	1274927	17.21
1959	65-69	0.03619	0.16612	2.54	65538	10887	300857	925161	14.12
1959	70-74	0.05033	0.22464	2.61	54651	12277	243912	624304	11.42
1959	75-79	0.07145	0.30357	2.53	42374	12864	180034	380392	8.98
1959	80-84	0.11528	0.44475	2.43	29510	13125	113848	200357	6.79
1959	85-89	0.16634	0.57075	2.25	16386	9352	56224	86510	5.28
1959	90-94	0.21084	0.66150	2.18	7033	4653	22067	30286	4.31
1959	95-99	0.27307	0.75652	2.05	2381	1801	6596	8219	3.45
1959	100-104	0.34538	0.83472	1.91	580	484	1401	1623	2.80
1959	105-109	0.42553	0.89293	1.75	96	86	201	222	2.32
1959	110+	0.49152	1.00000	2.03	10	10	21	21	2.03
1960	0	0.03176	0.03091	0.13	100000	3091	97312	6655637	66.56
1960	1-4	0.00149	0.00594	1.56	96909	575	386232	6558326	67.68
1960	5-9	0.00081	0.00404	2.28	96334	389	480608	6172093	64.07
1960	10-14	0.00076	0.00380	2.91	95944	365	478961	5691486	59.32
1960	15-19	0.00170	0.00846	2.59	95580	808	475949	5212525	54.54
1960	20-24	0.00234	0.01166	2.71	94771	1105	471332	4736576	49.98
1960	25-29	0.00249	0.01240	2.7	93667	1162	465664	4265245	45.54
1960	30-34	0.00223	0.01107	2.53	92505	1024	459997	3799581	41.07
1960	35-39	0.00299	0.01486	2.55	91481	1359	454076	3339584	36.51
1960	40-44	0.00490	0.02421	2.64	90121	2181	445464	2885508	32.02
1960	45-49	0.00689	0.03389	2.63	87940	2980	432650	2440044	27.75
1960	50-54	0.01211	0.05883	2.59	84960	4998	412736	2007394	23.63
1960	55-59	0.01689	0.08126	2.68	79961	6498	384722	1594659	19.94
1960	60-64	0.02675	0.12574	2.63	73464	9237	345382	1209937	16.47
1960	65-69	0.03882	0.17741	2.58	64226	11394	293548	864555	13.46
1960	70-74	0.05496	0.24150	2.49	52832	12759	232142	571007	10.81
1960	75-79	0.07555	0.31765	2.49	40073	12729	168476	338865	8.46
1960	80-84	0.12594	0.47693	2.46	27344	13041	103547	170389	6.23
1960	85-89	0.18741	0.61874	2.25	14303	8850	47220	66842	4.67
1960	90-94	0.25679	0.73720	2.11	5453	4020	15655	19622	3.60
1960	95-99	0.34717	0.83895	1.92	1433	1202	3463	3967	2.77
1960	100-104	0.44989	0.90835	1.72	231	210	466	504	2.18
1960	105-109	0.55736	0.94946	1.53	21	20	36	38	1.78
1960	110+	0.64372	1.00000	1.55	1	1	2	2	1.55
1961	0	0.03146	0.03062	0.13	100000	3062	97334	6714497	67.14
1961	1-4	0.00132	0.00526	1.68	96938	510	386565	6617162	68.26
1961	5-9	0.00063	0.00314	2.62	96427	303	481416	6230597	64.61
1961	10-14	0.00067	0.00332	2.81	96124	319	479922	5749181	59.81
1961	15-19	0.00146	0.00727	2.84	95805	696	477520	5269259	55.00
1961	20-24	0.00231	0.01147	2.48	95109	1091	472792	4791739	50.38
1961	25-29	0.00212	0.01057	2.71	94018	994	467814	4318946	45.94
1961	30-34	0.00238	0.01181	2.37	93024	1098	462232	3851132	41.40
1961	35-39	0.00340	0.01688	2.75	91926	1552	456129	3388900	36.87
1961	40-44	0.00490	0.02422	2.71	90374	2189	446852	2932771	32.45
1961	45-49	0.00669	0.03294	2.65	88185	2905	434111	2485919	28.19
1961	50-54	0.01142	0.05552	2.52	85280	4735	414655	2051808	24.06
1961	55-59	0.01558	0.07502	2.55	80545	6043	387934	1637153	20.33
1961	60-64	0.02451	0.11589	2.65	74503	8634	352209	1249219	16.77
1961	65-69	0.03828	0.17478	2.52	65868	11513	300741	897010	13.62
1961	70-74	0.05253	0.23222	2.51	54356	12623	240287	596269	10.97
1961	75-79	0.07520	0.31529	2.44	41733	13158	174971	355982	8.53
1961	80-84	0.11815	0.45428	2.46	28575	12981	109871	181011	6.33
1961	85-89	0.19410	0.63361	2.26	15594	9880	50904	71140	4.56
1961	90-94	0.26044	0.74333	2.11	5714	4247	16307	20236	3.54
1961	95-99	0.35923	0.85018	1.9	1466	1247	3471	3929	2.68
1961	100-104	0.47142	0.91935	1.68	220	202	428	458	2.09
1961	105-109	0.58706	0.95759	1.48	18	17	29	30	1.69
1961	110+	0.67859	1.00000	1.47	1	1	1	1	1.47
1962	0	0.03532	0.03428	0.14	100000	3428	97051	6634233	66.34
1962	1-4	0.00148	0.00588	1.63	96572	568	384944	6537181	67.69
1962	5-9	0.00058	0.00290	2.38	96004	279	479289	6152238	64.08
1962	10-14	0.00071	0.00355	2.93	95725	340	477922	5672948	59.26
1962	15-19	0.00137	0.00684	2.65	95385	652	475395	5195026	54.46
1962	20-24	0.00221	0.01098	2.53	94733	1040	471099	4719631	49.82
1962	25-29	0.00251	0.01248	2.53	93693	1170	465575	4248532	45.35
1962	30-34	0.00265	0.01316	2.69	92524	1217	459806	3782957	40.89
1962	35-39	0.00322	0.01596	2.66	91306	1457	453124	3323150	36.40
1962	40-44	0.00491	0.02425	2.63	89849	2179	444092	2870027	31.94
1962	45-49	0.00781	0.03837	2.78	87670	3364	430894	2425935	27.67
1962	50-54	0.01171	0.05702	2.72	84307	4807	410572	1995041	23.66
1962	55-59	0.01705	0.08183	2.55	79499	6506	381527	1584469	19.93
1962	60-64	0.02548	0.12026	2.67	72994	8778	344486	1202943	16.48
1962	65-69	0.03788	0.17347	2.58	64216	11140	294068	858457	13.37
1962	70-74	0.05550	0.24409	2.54	53076	12955	233446	564389	10.63
1962	75-79	0.07927	0.33131	2.52	40121	13292	167695	330942	8.25
1962	80-84	0.12572	0.47500	2.43	26828	12743	101366	163248	6.08
1962	85-89	0.20109	0.65171	2.3	14085	9179	45648	61882	4.39
1962	90-94	0.28152	0.77171	2.07	4906	3786	13447	16234	3.31
1962	95-99	0.38937	0.87368	1.85	1120	978	2513	2787	2.49
1962	100-104	0.50928	0.93505	1.62	141	132	260	274	1.94
1962	105-109	0.62886	0.96665	1.42	9	9	14	15	1.58
1962	110+	0.72098	1.00000	1.39	0	0	0	0	1.39
1963	0	0.03315	0.03222	0.13	100000	3222	97209	6604285	66.04
1963	1-4	0.00130	0.00518	1.48	96778	502	385847	6507076	67.24
1963	5-9	0.00053	0.00264	2.36	96276	254	480710	6121229	63.58
1963	10-14	0.00082	0.00408	2.78	96022	392	479240	5640519	58.74
1963	15-19	0.00164	0.00819	2.82	95630	783	476441	5161279	53.97
1963	20-24	0.00223	0.01110	2.6	94847	1053	471706	4684839	49.39
1963	25-29	0.00237	0.01178	2.52	93794	1105	466228	4213132	44.92
1963	30-34	0.00252	0.01251	2.56	92690	1159	460613	3746904	40.42
1963	35-39	0.00389	0.01928	2.61	91530	1764	453430	3286291	35.90
1963	40-44	0.00508	0.02509	2.77	89766	2253	443803	2832861	31.56
1963	45-49	0.00852	0.04177	2.67	87513	3655	429043	2389057	27.30
1963	50-54	0.01185	0.05763	2.64	83858	4833	407901	1960015	23.37
1963	55-59	0.01759	0.08431	2.54	79025	6663	378755	1552114	19.64
1963	60-64	0.02594	0.12212	2.61	72362	8837	340685	1173359	16.22
1963	65-69	0.04052	0.18369	2.46	63526	11669	287973	832674	13.11
1963	70-74	0.05771	0.25254	2.53	51857	13096	226938	544701	10.50
1963	75-79	0.07669	0.32013	2.42	38761	12408	161794	317763	8.20
1963	80-84	0.13112	0.48957	2.41	26352	12901	98393	155969	5.92
1963	85-89	0.20766	0.65985	2.24	13451	8876	42740	57576	4.28
1963	90-94	0.28843	0.78007	2.06	4575	3569	12374	14836	3.24
1963	95-99	0.39686	0.87873	1.83	1006	884	2228	2462	2.45
1963	100-104	0.51654	0.93758	1.6	122	114	221	233	1.91
1963	105-109	0.63511	0.96777	1.41	8	7	12	12	1.57
1963	110+	0.72609	1.00000	1.38	0	0	0	0	1.38
1964	0	0.03133	0.03050	0.13	100000	3050	97344	6605022	66.05
1964	1-4	0.00150	0.00600	1.48	96950	581	386339	6507678	67.12
1964	5-9	0.00079	0.00394	2.33	96369	380	480830	6121339	63.52
1964	10-14	0.00080	0.00398	2.69	95989	382	479063	5640508	58.76
1964	15-19	0.00162	0.00805	2.66	95607	770	476234	5161445	53.99
1964	20-24	0.00231	0.01147	2.54	94837	1087	471517	4685211	49.40
1964	25-29	0.00215	0.01067	2.34	93750	1000	466086	4213694	44.95
1964	30-34	0.00286	0.01419	2.46	92750	1316	460403	3747608	40.41
1964	35-39	0.00330	0.01636	2.59	91434	1496	453568	3287205	35.95
1964	40-44	0.00636	0.03135	2.63	89938	2819	443003	2833637	31.51
1964	45-49	0.00815	0.03999	2.71	87119	3484	427633	2390635	27.44
1964	50-54	0.01242	0.06034	2.63	83635	5047	406211	1963002	23.47
1964	55-59	0.01742	0.08355	2.57	78589	6566	377019	1556791	19.81
1964	60-64	0.02624	0.12368	2.69	72022	8908	339500	1179772	16.38
1964	65-69	0.04117	0.18691	2.54	63115	11797	286521	840272	13.31
1964	70-74	0.05695	0.24927	2.5	51318	12792	224621	553751	10.79
1964	75-79	0.07548	0.31689	2.47	38526	12208	161749	329129	8.54
1964	80-84	0.12131	0.46162	2.41	26318	12149	100148	167380	6.36
1964	85-89	0.17956	0.60584	2.32	14169	8584	47807	67232	4.74
1964	90-94	0.26561	0.75087	2.11	5585	4194	15788	19425	3.48
1964	95-99	0.36896	0.85842	1.89	1391	1194	3237	3637	2.61
1964	100-104	0.48579	0.92584	1.66	197	182	375	399	2.03
1964	105-109	0.60481	0.96178	1.45	15	14	23	24	1.64
1964	110+	0.69797	1.00000	1.43	1	1	1	1	1.43
1965	0	0.02783	0.02716	0.12	100000	2716	97609	6649215	66.49
1965	1-4	0.00153	0.00608	1.4	97284	591	387600	6551606	67.35
1965	5-9	0.00067	0.00333	2.32	96693	322	482599	6164006	63.75
1965	10-14	0.00058	0.00288	2.84	96370	278	481251	5681407	58.95
1965	15-19	0.00194	0.00964	2.57	96093	926	478213	5200157	54.12
1965	20-24	0.00217	0.01081	2.65	95166	1029	473414	4721944	49.62
1965	25-29	0.00229	0.01138	2.35	94137	1071	467846	4248529	45.13
1965	30-34	0.00246	0.01225	2.75	93066	1140	462764	3780683	40.62
1965	35-39	0.00340	0.01685	2.75	91926	1549	456153	3317919	36.09
1965	40-44	0.00557	0.02746	2.59	90377	2482	445894	2861766	31.66
1965	45-49	0.00805	0.03949	2.6	87896	3471	431132	2415872	27.49
1965	50-54	0.01226	0.05951	2.55	84425	5024	409814	1984740	23.51
1965	55-59	0.01712	0.08221	2.58	79401	6527	381235	1574926	19.84
1965	60-64	0.02588	0.12202	2.66	72873	8892	343568	1193690	16.38
1965	65-69	0.04026	0.18371	2.62	63981	11754	291918	850122	13.29
1965	70-74	0.05623	0.24690	2.53	52227	12895	229338	558205	10.69
1965	75-79	0.08065	0.33282	2.38	39332	13091	162317	328867	8.36
1965	80-84	0.12468	0.47483	2.49	26242	12460	99939	166550	6.35
1965	85-89	0.18058	0.60747	2.31	13781	8372	46360	66611	4.83
1965	90-94	0.24581	0.72061	2.13	5410	3898	15858	20251	3.74
1965	95-99	0.32928	0.82181	1.95	1511	1242	3772	4393	2.91
1965	100-104	0.42487	0.89426	1.76	269	241	567	620	2.30
1965	105-109	0.52658	0.93966	1.58	28	27	51	54	1.88
1965	110+	0.60926	1.00000	1.64	2	2	3	3	1.64
1966	0	0.02867	0.02796	0.12	100000	2796	97545	6660614	66.61
1966	1-4	0.00140	0.00559	1.69	97204	543	387557	6563070	67.52
1966	5-9	0.00068	0.00339	2.35	96660	328	482432	6175513	63.89
1966	10-14	0.00077	0.00385	2.92	96333	371	480892	5693080	59.10
1966	15-19	0.00198	0.00987	2.67	95962	947	477604	5212188	54.32
1966	20-24	0.00197	0.00980	2.38	95015	932	472637	4734584	49.83
1966	25-29	0.00235	0.01168	2.45	94084	1099	467614	4261948	45.30
1966	30-34	0.00200	0.00993	2.79	92984	924	462886	3794334	40.81
1966	35-39	0.00323	0.01600	2.41	92061	1473	456496	3331448	36.19
1966	40-44	0.00527	0.02606	2.73	90588	2360	447581	2874952	31.74
1966	45-49	0.00791	0.03883	2.68	88228	3426	433178	2427371	27.51
1966	50-54	0.01263	0.06135	2.65	84802	5203	411806	1994193	23.52
1966	55-59	0.01781	0.08542	2.63	79599	6800	381849	1582387	19.88
1966	60-64	0.02542	0.11979	2.6	72800	8721	343099	1200537	16.49
1966	65-69	0.03985	0.18159	2.56	64079	11636	292010	857438	13.38
1966	70-74	0.05619	0.24686	2.54	52443	12946	230402	565428	10.78
1966	75-79	0.07905	0.32965	2.48	39497	13020	164705	335026	8.48
1966	80-84	0.12126	0.46032	2.38	26477	12188	100507	170321	6.43
1966	85-89	0.17652	0.59541	2.27	14289	8508	48196	69814	4.89
1966	90-94	0.24578	0.72082	2.13	5781	4167	16955	21618	3.74
1966	95-99	0.33124	0.82396	1.95	1614	1330	4015	4663	2.89
1966	100-104	0.42924	0.89699	1.76	284	255	594	648	2.28
1966	105-109	0.53331	0.94202	1.57	29	28	52	54	1.86
1966	110+	0.61774	1.00000	1.62	2	2	3	3	1.62
1967	0	0.02797	0.02730	0.12	100000	2730	97598	6667906	66.68
1967	1-4	0.00134	0.00535	1.67	97270	521	387869	6570308	67.55
1967	5-9	0.00054	0.00269	2.32	96749	260	483052	6182439	63.90
1967	10-14	0.00071	0.00356	2.79	96490	343	481688	5699388	59.07
1967	15-19	0.00203	0.01012	2.93	96146	973	478715	5217700	54.27
1967	20-24	0.00194	0.00963	2.57	95173	917	473641	4738985	49.79
1967	25-29	0.00233	0.01161	2.48	94256	1094	468525	4265344	45.25
1967	30-34	0.00319	0.01585	2.7	93162	1476	462419	3796819	40.75
1967	35-39	0.00367	0.01821	2.6	91686	1669	454415	3334399	36.37
1967	40-44	0.00478	0.02364	2.79	90017	2128	445373	2879984	31.99
1967	45-49	0.00791	0.03878	2.49	87888	3408	430896	2434611	27.70
1967	50-54	0.01158	0.05647	2.8	84480	4770	411905	2003716	23.72
1967	55-59	0.01713	0.08232	2.64	79710	6562	383031	1591811	19.97
1967	60-64	0.02548	0.12006	2.6	73148	8782	344636	1208780	16.53
1967	65-69	0.03941	0.18031	2.65	64366	11606	294511	864144	13.43
1967	70-74	0.05438	0.23961	2.52	52760	12642	232477	569632	10.80
1967	75-79	0.08207	0.34118	2.53	40118	13688	166775	337156	8.40
1967	80-84	0.11487	0.44467	2.46	26431	11753	102315	170381	6.45
1967	85-89	0.18829	0.62182	2.27	14678	9127	48471	68065	4.64
1967	90-94	0.26091	0.74449	2.12	5551	4132	15838	19594	3.53
1967	95-99	0.36359	0.85420	1.9	1418	1212	3332	3756	2.65
1967	100-104	0.48025	0.92354	1.67	207	191	398	424	2.05
1967	105-109	0.59969	0.96068	1.46	16	15	25	26	1.66
1967	110+	0.69347	1.00000	1.44	1	1	1	1	1.44
1968	0	0.02631	0.02571	0.12	100000	2571	97726	6615840	66.16
1968	1-4	0.00123	0.00491	1.51	97429	479	388525	6518114	66.90
1968	5-9	0.00059	0.00296	1.83	96950	287	483841	6129590	63.22
1968	10-14	0.00072	0.00358	2.73	96663	346	482528	5645749	58.41
1968	15-19	0.00226	0.01123	2.89	96317	1082	479307	5163221	53.61
1968	20-24	0.00247	0.01226	2.43	95235	1168	473176	4683914	49.18
1968	25-29	0.00191	0.00949	2.29	94068	893	467920	4210738	44.76
1968	30-34	0.00309	0.01535	2.7	93175	1430	462583	3742818	40.17
1968	35-39	0.00354	0.01753	2.36	91745	1608	454477	3280235	35.75
1968	40-44	0.00562	0.02773	2.75	90136	2499	445058	2825758	31.35
1968	45-49	0.00853	0.04183	2.63	87637	3666	429511	2380700	27.17
1968	50-54	0.01286	0.06243	2.69	83971	5242	407749	1951190	23.24
1968	55-59	0.01800	0.08631	2.62	78729	6795	377474	1543441	19.60
1968	60-64	0.02486	0.11728	2.58	71934	8436	339288	1165966	16.21
1968	65-69	0.03985	0.18151	2.55	63498	11525	289219	826679	13.02
1968	70-74	0.06015	0.26130	2.49	51972	13580	225768	537460	10.34
1968	75-79	0.08393	0.34601	2.46	38392	13284	158273	311691	8.12
1968	80-84	0.12988	0.48593	2.41	25108	12201	93941	153418	6.11
1968	85-89	0.18322	0.60599	2.21	12907	7822	42691	59477	4.61
1968	90-94	0.28578	0.76688	1.98	5086	3900	13647	16787	3.30
1968	95-99	0.36432	0.85377	1.89	1186	1012	2778	3140	2.65
1968	100-104	0.47217	0.91927	1.68	173	159	338	361	2.08
1968	105-109	0.58311	0.95640	1.49	14	13	23	24	1.71
1968	110+	0.67115	1.00000	1.49	1	1	1	1	1.49
1969	0	0.02455	0.02402	0.11	100000	2402	97864	6646205	66.46
1969	1-4	0.00103	0.00411	1.74	97598	401	389482	6548341	67.10
1969	5-9	0.00062	0.00309	2.58	97196	301	485252	6158859	63.37
1969	10-14	0.00072	0.00361	2.52	96895	350	483611	5673607	58.55
1969	15-19	0.00201	0.01002	2.87	96546	967	480666	5189996	53.76
1969	20-24	0.00238	0.01180	2.28	95578	1128	474826	4709330	49.27
1969	25-29	0.00226	0.01125	2.47	94450	1062	469565	4234504	44.83
1969	30-34	0.00245	0.01219	2.68	93388	1138	464296	3764939	40.32
1969	35-39	0.00348	0.01726	2.9	92250	1592	457904	3300643	35.78
1969	40-44	0.00567	0.02801	2.71	90658	2539	447473	2842739	31.36
1969	45-49	0.00849	0.04162	2.65	88118	3668	431968	2395266	27.18
1969	50-54	0.01275	0.06188	2.61	84451	5226	409768	1963298	23.25
1969	55-59	0.01913	0.09157	2.66	79225	7255	379173	1553529	19.61
1969	60-64	0.02660	0.12496	2.58	71970	8993	338055	1174356	16.32
1969	65-69	0.03858	0.17667	2.62	62977	11126	288362	836302	13.28
1969	70-74	0.05793	0.25392	2.57	51851	13166	227275	547939	10.57
1969	75-79	0.08322	0.34410	2.49	38685	13312	159961	320664	8.29
1969	80-84	0.12040	0.46033	2.44	25373	11680	97012	160703	6.33
1969	85-89	0.18668	0.61960	2.29	13693	8484	45447	63691	4.65
1969	90-94	0.26373	0.74804	2.11	5209	3896	14774	18244	3.50
1969	95-99	0.36450	0.85463	1.89	1312	1122	3077	3470	2.64
1969	100-104	0.47860	0.92261	1.67	191	176	368	392	2.06
1969	105-109	0.59550	0.95962	1.47	15	14	24	25	1.67
1969	110+	0.68757	1.00000	1.45	1	1	1	1	1.45
1970	0	0.02621	0.02562	0.12	100000	2562	97734	6671931	66.72
1970	1-4	0.00139	0.00555	1.66	97438	541	388487	6574197	67.47
1970	5-9	0.00051	0.00253	2.38	96897	245	483845	6185710	63.84
1970	10-14	0.00069	0.00343	3.02	96652	332	482605	5701865	58.99
1970	15-19	0.00201	0.00999	2.91	96321	962	479593	5219260	54.19
1970	20-24	0.00219	0.01089	2.41	95359	1038	474106	4739667	49.70
1970	25-29	0.00224	0.01113	2.66	94321	1049	469143	4265561	45.22
1970	30-34	0.00245	0.01218	2.79	93271	1136	463844	3796418	40.70
1970	35-39	0.00303	0.01504	2.7	92136	1386	457494	3332574	36.17
1970	40-44	0.00502	0.02480	2.75	90750	2251	448675	2875080	31.68
1970	45-49	0.00743	0.03653	2.67	88499	3233	434967	2426405	27.42
1970	50-54	0.01259	0.06115	2.66	85266	5214	414139	1991438	23.36
1970	55-59	0.01957	0.09344	2.58	80052	7480	382166	1577298	19.70
1970	60-64	0.02651	0.12442	2.53	72572	9029	340544	1195132	16.47
1970	65-69	0.03582	0.16456	2.53	63543	10457	291911	854588	13.45
1970	70-74	0.05730	0.25115	2.54	53086	13333	232689	562677	10.60
1970	75-79	0.08288	0.34303	2.49	39753	13637	164535	329988	8.30
1970	80-84	0.12610	0.47574	2.42	26116	12425	98527	165453	6.34
1970	85-89	0.17654	0.59832	2.31	13692	8192	46404	66926	4.89
1970	90-94	0.24842	0.72046	2.09	5500	3962	15950	20523	3.73
1970	95-99	0.32133	0.81349	1.97	1537	1251	3892	4572	2.97
1970	100-104	0.41221	0.88625	1.78	287	254	616	680	2.37
1970	105-109	0.50959	0.93341	1.61	33	30	60	63	1.94
1970	110+	0.58909	1.00000	1.7	2	2	4	4	1.70
1971	0	0.02370	0.02321	0.11	100000	2321	97931	6690337	66.90
1971	1-4	0.00120	0.00477	1.67	97679	466	389629	6592406	67.49
1971	5-9	0.00051	0.00254	2.27	97213	247	485388	6202778	63.81
1971	10-14	0.00065	0.00324	2.59	96965	314	484069	5717389	58.96
1971	15-19	0.00184	0.00917	2.78	96651	886	481285	5233320	54.15
1971	20-24	0.00258	0.01280	2.52	95765	1225	475785	4752035	49.62
1971	25-29	0.00258	0.01280	2.45	94540	1210	469611	4276250	45.23
1971	30-34	0.00246	0.01221	2.69	93329	1140	464013	3806640	40.79
1971	35-39	0.00378	0.01873	2.46	92190	1727	456559	3342626	36.26
1971	40-44	0.00450	0.02225	2.74	90463	2013	447758	2886068	31.90
1971	45-49	0.00795	0.03902	2.67	88450	3451	434225	2438310	27.57
1971	50-54	0.01234	0.05993	2.58	84998	5094	412659	2004085	23.58
1971	55-59	0.01762	0.08444	2.55	79905	6747	382974	1591426	19.92
1971	60-64	0.02854	0.13377	2.66	73157	9786	342902	1208452	16.52
1971	65-69	0.03610	0.16572	2.53	63371	10502	290921	865550	13.66
1971	70-74	0.05546	0.24452	2.58	52869	12928	233112	574630	10.87
1971	75-79	0.08155	0.33856	2.49	39942	13523	165818	341518	8.55
1971	80-84	0.11925	0.45306	2.35	26419	11969	100369	175700	6.65
1971	85-89	0.16195	0.56675	2.35	14449	8189	50565	75330	5.21
1971	90-94	0.23083	0.69654	2.15	6260	4360	18890	24765	3.96
1971	95-99	0.30742	0.79897	1.99	1900	1518	4937	5875	3.09
1971	100-104	0.39694	0.87637	1.81	382	335	843	938	2.46
1971	105-109	0.49395	0.92743	1.63	47	44	89	95	2.00
1971	110+	0.57356	1.00000	1.74	3	3	6	6	1.74
1972	0	0.02078	0.02039	0.1	100000	2039	98166	6686501	66.87
1972	1-4	0.00081	0.00325	1.53	97961	319	391056	6588335	67.26
1972	5-9	0.00074	0.00370	2.5	97642	361	487308	6197279	63.47
1972	10-14	0.00080	0.00398	2.4	97281	387	485397	5709971	58.70
1972	15-19	0.00235	0.01167	2.77	96893	1131	481939	5224574	53.92
1972	20-24	0.00267	0.01324	2.29	95763	1268	475371	4742635	49.52
1972	25-29	0.00241	0.01199	2.48	94495	1133	469620	4267264	45.16
1972	30-34	0.00296	0.01472	2.56	93362	1374	463456	3797644	40.68
1972	35-39	0.00363	0.01800	2.63	91988	1655	456014	3334189	36.25
1972	40-44	0.00459	0.02270	2.68	90332	2051	446895	2878175	31.86
1972	45-49	0.00747	0.03670	2.57	88281	3240	433534	2431279	27.54
1972	50-54	0.01157	0.05625	2.56	85042	4783	413548	1997746	23.49
1972	55-59	0.01767	0.08471	2.56	80258	6799	384692	1584198	19.74
1972	60-64	0.02813	0.13212	2.7	73459	9706	345002	1199506	16.33
1972	65-69	0.03867	0.17704	2.62	63754	11287	291859	854504	13.40
1972	70-74	0.05508	0.24251	2.54	52467	12723	231003	562646	10.72
1972	75-79	0.08454	0.34980	2.54	39743	13902	164451	331643	8.34
1972	80-84	0.11912	0.45765	2.47	25841	11826	99277	167192	6.47
1972	85-89	0.18012	0.60367	2.27	14015	8460	46972	67916	4.85
1972	90-94	0.24391	0.71637	2.12	5554	3979	16314	20944	3.77
1972	95-99	0.32503	0.81782	1.96	1575	1288	3964	4630	2.94
1972	100-104	0.42155	0.89246	1.77	287	256	608	666	2.32
1972	105-109	0.52461	0.93910	1.58	31	29	55	58	1.89
1972	110+	0.60849	1.00000	1.64	2	2	3	3	1.64
1973	0	0.02203	0.02160	0.1	100000	2160	98065	6687833	66.88
1973	1-4	0.00105	0.00420	1.84	97840	411	390470	6589768	67.35
1973	5-9	0.00062	0.00311	2.68	97428	303	486441	6199298	63.63
1973	10-14	0.00059	0.00294	2.63	97126	286	484952	5712858	58.82
1973	15-19	0.00183	0.00913	2.85	96840	885	482299	5227905	53.99
1973	20-24	0.00241	0.01197	2.69	95955	1148	477123	4745606	49.46
1973	25-29	0.00248	0.01233	2.46	94807	1169	471070	4268483	45.02
1973	30-34	0.00253	0.01259	2.7	93638	1179	465479	3797413	40.55
1973	35-39	0.00313	0.01555	2.6	92459	1438	458850	3331934	36.04
1973	40-44	0.00502	0.02484	2.81	91021	2261	450144	2873084	31.57
1973	45-49	0.00823	0.04039	2.72	88760	3585	435645	2422940	27.30
1973	50-54	0.01204	0.05849	2.6	85175	4982	413913	1987295	23.33
1973	55-59	0.01844	0.08830	2.6	80193	7081	383974	1573382	19.62
1973	60-64	0.02763	0.12952	2.58	73112	9470	342682	1189409	16.27
1973	65-69	0.03918	0.17877	2.56	63642	11378	290409	846727	13.30
1973	70-74	0.05527	0.24292	2.51	52265	12696	229694	556317	10.64
1973	75-79	0.08158	0.33754	2.44	39569	13356	163719	326623	8.25
1973	80-84	0.12403	0.47055	2.44	26213	12334	99445	162905	6.21
1973	85-89	0.19494	0.63502	2.26	13878	8813	45209	63459	4.57
1973	90-94	0.25502	0.73886	2.15	5065	3743	14675	18250	3.60
1973	95-99	0.35621	0.84709	1.9	1323	1121	3146	3575	2.70
1973	100-104	0.46305	0.91506	1.7	202	185	400	429	2.12
1973	105-109	0.57377	0.95405	1.5	17	16	29	30	1.73
1973	110+	0.66205	1.00000	1.51	1	1	1	1	1.51
1974	0	0.01965	0.01931	0.1	100000	1931	98258	6743989	67.44
1974	1-4	0.00102	0.00406	1.71	98069	398	391366	6645731	67.77
1974	5-9	0.00052	0.00261	2.35	97671	255	487681	6254365	64.03
1974	10-14	0.00069	0.00344	2.96	97416	335	486396	5766684	59.20
1974	15-19	0.00188	0.00937	2.55	97081	910	483175	5280289	54.39
1974	20-24	0.00190	0.00943	2.55	96171	907	478636	4797114	49.88
1974	25-29	0.00248	0.01235	2.6	95264	1176	473497	4318478	45.33
1974	30-34	0.00211	0.01048	2.54	94088	986	468009	3844981	40.87
1974	35-39	0.00298	0.01481	2.73	93102	1379	462376	3376971	36.27
1974	40-44	0.00523	0.02585	2.7	91723	2371	453168	2914595	31.78
1974	45-49	0.00800	0.03924	2.52	89352	3506	438077	2461428	27.55
1974	50-54	0.01165	0.05674	2.74	85846	4871	418244	2023350	23.57
1974	55-59	0.01927	0.09213	2.62	80975	7460	387087	1605106	19.82
1974	60-64	0.02710	0.12742	2.66	73515	9367	345649	1218019	16.57
1974	65-69	0.03740	0.17164	2.61	64148	11011	294391	872370	13.60
1974	70-74	0.05425	0.23962	2.57	53137	12733	234720	577980	10.88
1974	75-79	0.07653	0.32136	2.51	40404	12984	169660	343259	8.50
1974	80-84	0.12361	0.46788	2.4	27420	12829	103789	173599	6.33
1974	85-89	0.17572	0.59629	2.31	14591	8700	49512	69810	4.78
1974	90-94	0.27096	0.75199	2.04	5890	4430	16348	20298	3.45
1974	95-99	0.35579	0.84697	1.91	1461	1237	3478	3951	2.70
1974	100-104	0.46466	0.91600	1.69	224	205	441	473	2.12
1974	105-109	0.57741	0.95509	1.5	19	18	31	32	1.72
1974	110+	0.66715	1.00000	1.5	1	1	1	1	1.50
1975	0	0.02134	0.02094	0.1	100000	2094	98120	6780915	67.81
1975	1-4	0.00096	0.00385	1.61	97906	377	390726	6682795	68.26
1975	5-9	0.00042	0.00210	2.61	97529	205	487158	6292069	64.51
1975	10-14	0.00056	0.00278	2.68	97325	270	485995	5804910	59.64
1975	15-19	0.00178	0.00885	2.93	97054	859	483495	5318916	54.80
1975	20-24	0.00207	0.01029	2.42	96196	990	478426	4835421	50.27
1975	25-29	0.00174	0.00867	2.45	95206	826	473924	4356995	45.76
1975	30-34	0.00241	0.01200	2.74	94381	1133	469340	3883071	41.14
1975	35-39	0.00315	0.01562	2.65	93248	1456	462812	3413732	36.61
1975	40-44	0.00483	0.02388	2.74	91792	2192	453996	2950919	32.15
1975	45-49	0.00761	0.03743	2.87	89600	3353	440859	2496923	27.87
1975	50-54	0.01153	0.05614	2.64	86246	4842	419808	2056064	23.84
1975	55-59	0.01813	0.08684	2.57	81405	7070	389843	1636256	20.10
1975	60-64	0.02602	0.12269	2.68	74335	9120	350476	1246413	16.77
1975	65-69	0.03642	0.16730	2.57	65215	10911	299546	895937	13.74
1975	70-74	0.05187	0.23012	2.55	54304	12496	240920	596391	10.98
1975	75-79	0.07987	0.33351	2.53	41808	13943	174574	355471	8.50
1975	80-84	0.11840	0.45263	2.4	27865	12612	106522	180897	6.49
1975	85-89	0.17966	0.60404	2.29	15252	9213	51280	74374	4.88
1975	90-94	0.24111	0.70982	2.1	6039	4287	17780	23094	3.82
1975	95-99	0.31421	0.80631	1.98	1752	1413	4497	5314	3.03
1975	100-104	0.40540	0.88205	1.8	339	299	739	817	2.41
1975	105-109	0.50369	0.93130	1.62	40	37	74	79	1.97
1975	110+	0.58413	1.00000	1.71	3	3	5	5	1.71
1976	0	0.01738	0.01711	0.09	100000	1711	98446	6875961	68.76
1976	1-4	0.00096	0.00382	1.7	98289	376	392294	6777514	68.95
1976	5-9	0.00038	0.00189	2.1	97914	185	489033	6385220	65.21
1976	10-14	0.00063	0.00315	2.79	97729	308	487963	5896188	60.33
1976	15-19	0.00162	0.00807	2.82	97420	786	485390	5408224	55.51
1976	20-24	0.00197	0.00981	2.45	96635	948	480758	4922834	50.94
1976	25-29	0.00204	0.01014	2.54	95687	970	476046	4442077	46.42
1976	30-34	0.00196	0.00977	2.58	94716	926	471340	3966031	41.87
1976	35-39	0.00260	0.01293	2.71	93791	1213	466182	3494691	37.26
1976	40-44	0.00441	0.02180	2.6	92578	2018	458038	3028509	32.71
1976	45-49	0.00656	0.03231	2.76	90560	2926	446256	2570471	28.38
1976	50-54	0.01113	0.05416	2.53	87634	4746	426461	2124215	24.24
1976	55-59	0.01652	0.07941	2.57	82888	6582	398475	1697754	20.48
1976	60-64	0.02464	0.11619	2.55	76305	8866	359826	1299279	17.03
1976	65-69	0.03556	0.16397	2.63	67440	11058	310985	939453	13.93
1976	70-74	0.05109	0.22698	2.54	56381	12798	250473	628468	11.15
1976	75-79	0.07636	0.32101	2.52	43584	13991	183219	377996	8.67
1976	80-84	0.11431	0.44051	2.4	29593	13036	114041	194777	6.58
1976	85-89	0.17460	0.58667	2.2	16557	9714	55633	80736	4.88
1976	90-94	0.25298	0.72766	2.08	6844	4980	19684	25103	3.67
1976	95-99	0.32855	0.82176	1.96	1864	1532	4662	5419	2.91
1976	100-104	0.42946	0.89743	1.76	332	298	694	757	2.28
1976	105-109	0.53679	0.94334	1.56	34	32	60	63	1.85
1976	110+	0.62383	1.00000	1.6	2	2	3	3	1.60
1977	0	0.01780	0.01752	0.09	100000	1752	98411	6903457	69.03
1977	1-4	0.00072	0.00286	1.64	98248	281	392331	6805046	69.26
1977	5-9	0.00041	0.00204	2.57	97968	200	489352	6412715	65.46
1977	10-14	0.00052	0.00260	2.9	97768	254	488305	5923363	60.59
1977	15-19	0.00155	0.00770	2.74	97513	751	485869	5435059	55.74
1977	20-24	0.00212	0.01057	2.54	96762	1022	481298	4949190	51.15
1977	25-29	0.00196	0.00976	2.43	95740	935	476295	4467892	46.67
1977	30-34	0.00185	0.00922	2.68	94805	874	472001	3991596	42.10
1977	35-39	0.00250	0.01240	2.59	93931	1165	466848	3519595	37.47
1977	40-44	0.00382	0.01895	2.62	92766	1758	459639	3052747	32.91
1977	45-49	0.00667	0.03285	2.74	91008	2989	448278	2593108	28.49
1977	50-54	0.01163	0.05651	2.53	88019	4974	427795	2144831	24.37
1977	55-59	0.01679	0.08073	2.62	83045	6704	399279	1717036	20.68
1977	60-64	0.02367	0.11198	2.6	76341	8548	361168	1317757	17.26
1977	65-69	0.03465	0.15964	2.54	67793	10823	312321	956588	14.11
1977	70-74	0.05073	0.22510	2.5	56970	12824	252797	644268	11.31
1977	75-79	0.07332	0.30970	2.49	44146	13672	186469	391470	8.87
1977	80-84	0.11822	0.45118	2.38	30474	13749	116301	205001	6.73
1977	85-89	0.16369	0.56569	2.27	16725	9461	57797	88700	5.30
1977	90-94	0.21340	0.66685	2.19	7264	4844	22698	30903	4.25
1977	95-99	0.27852	0.76366	2.04	2420	1848	6635	8205	3.39
1977	100-104	0.35279	0.84134	1.89	572	481	1364	1570	2.74
1977	105-109	0.43483	0.89835	1.73	91	82	187	206	2.27
1977	110+	0.50238	1.00000	1.99	9	9	18	18	1.99
1978	0	0.01832	0.01802	0.09	100000	1802	98367	6896767	68.97
1978	1-4	0.00075	0.00299	1.79	98198	294	392141	6798400	69.23
1978	5-9	0.00051	0.00253	2.28	97904	248	488845	6406259	65.43
1978	10-14	0.00056	0.00278	3.37	97656	272	487836	5917413	60.59
1978	15-19	0.00172	0.00859	3.03	97384	836	485273	5429577	55.75
1978	20-24	0.00222	0.01106	2.54	96548	1068	480117	4944305	51.21
1978	25-29	0.00213	0.01059	2.59	95480	1011	474966	4464188	46.76
1978	30-34	0.00231	0.01151	2.64	94469	1087	469776	3989222	42.23
1978	35-39	0.00289	0.01433	2.79	93382	1339	463956	3519446	37.69
1978	40-44	0.00461	0.02281	2.53	92043	2099	455036	3055490	33.20
1978	45-49	0.00647	0.03189	2.63	89944	2868	442933	2600454	28.91
1978	50-54	0.01054	0.05142	2.68	87076	4477	424973	2157522	24.78
1978	55-59	0.01571	0.07571	2.62	82599	6254	398110	1732549	20.98
1978	60-64	0.02294	0.10879	2.63	76345	8305	362042	1334439	17.48
1978	65-69	0.03321	0.15388	2.62	68039	10470	315267	972397	14.29
1978	70-74	0.04903	0.21847	2.51	57569	12577	256504	657130	11.41
1978	75-79	0.07185	0.30539	2.54	44992	13740	191225	400626	8.90
1978	80-84	0.11444	0.44104	2.4	31252	13783	120442	209400	6.70
1978	85-89	0.17067	0.58527	2.32	17469	10224	59903	88958	5.09
1978	90-94	0.22938	0.69079	2.12	7245	5005	21819	29055	4.01
1978	95-99	0.29311	0.78235	2.02	2240	1753	5979	7236	3.23
1978	100-104	0.37689	0.86163	1.85	488	420	1115	1257	2.58
1978	105-109	0.46871	0.91624	1.68	67	62	132	142	2.11
1978	110+	0.54435	1.00000	1.84	6	6	10	10	1.84
1979	0	0.01540	0.01519	0.09	100000	1519	98612	6969358	69.69
1979	1-4	0.00082	0.00328	1.55	98481	323	393134	6870746	69.77
1979	5-9	0.00050	0.00251	2.01	98158	246	490053	6477612	65.99
1979	10-14	0.00051	0.00252	3.02	97912	247	489069	5987559	61.15
1979	15-19	0.00155	0.00773	3.05	97665	755	486851	5498490	56.30
1979	20-24	0.00192	0.00954	2.55	96910	924	482282	5011639	51.71
1979	25-29	0.00202	0.01007	2.37	95985	966	477383	4529358	47.19
1979	30-34	0.00180	0.00896	2.52	95019	851	472987	4051975	42.64
1979	35-39	0.00265	0.01316	2.7	94167	1239	467990	3578989	38.01
1979	40-44	0.00367	0.01820	2.48	92928	1691	460372	3110999	33.48
1979	45-49	0.00656	0.03229	2.64	91237	2946	449239	2650627	29.05
1979	50-54	0.01048	0.05114	2.62	88291	4515	430722	2201388	24.93
1979	55-59	0.01612	0.07759	2.61	83776	6500	403331	1770666	21.14
1979	60-64	0.02148	0.10205	2.55	77276	7886	367077	1367335	17.69
1979	65-69	0.03259	0.15134	2.65	69390	10502	322253	1000258	14.41
1979	70-74	0.04865	0.21793	2.61	58889	12834	263823	678005	11.51
1979	75-79	0.07138	0.30198	2.45	46055	13908	194843	414182	8.99
1979	80-84	0.11342	0.44070	2.47	32147	14167	124913	219338	6.82
1979	85-89	0.16034	0.56591	2.4	17980	10175	63458	94426	5.25
1979	90-94	0.22857	0.69438	2.17	7805	5420	23711	30968	3.97
1979	95-99	0.31231	0.80506	1.99	2385	1920	6149	7257	3.04
1979	100-104	0.40929	0.88518	1.79	465	412	1006	1109	2.38
1979	105-109	0.51399	0.93555	1.6	53	50	97	103	1.93
1979	110+	0.59962	1.00000	1.67	3	3	6	6	1.67
1980	0	0.01267	0.01253	0.08	100000	1253	98846	6942020	69.42
1980	1-4	0.00062	0.00247	1.27	98747	244	394324	6843173	69.30
1980	5-9	0.00026	0.00131	2.71	98503	129	492221	6448850	65.47
1980	10-14	0.00060	0.00297	2.65	98375	292	491185	5956628	60.55
1980	15-19	0.00173	0.00861	2.85	98082	845	488597	5465443	55.72
1980	20-24	0.00209	0.01038	2.36	97238	1010	483527	4976846	51.18
1980	25-29	0.00199	0.00992	2.52	96228	955	478773	4493319	46.69
1980	30-34	0.00217	0.01079	2.49	95273	1028	473783	4014546	42.14
1980	35-39	0.00273	0.01355	2.83	94245	1277	468449	3540763	37.57
1980	40-44	0.00444	0.02196	2.77	92968	2041	460290	3072314	33.05
1980	45-49	0.00666	0.03281	2.65	90926	2983	447623	2612024	28.73
1980	50-54	0.01076	0.05244	2.56	87943	4612	428481	2164401	24.61
1980	55-59	0.01607	0.07737	2.61	83331	6447	401219	1735920	20.83
1980	60-64	0.02283	0.10828	2.62	76884	8325	364580	1334702	17.36
1980	65-69	0.03426	0.15789	2.52	68559	10824	315972	970122	14.15
1980	70-74	0.05179	0.22944	2.52	57735	13247	255781	654150	11.33
1980	75-79	0.07283	0.30792	2.49	44488	13698	188090	398369	8.95
1980	80-84	0.11424	0.44175	2.43	30789	13601	119056	210279	6.83
1980	85-89	0.15917	0.56031	2.36	17188	9631	60505	91223	5.31
1980	90-94	0.22052	0.68655	2.25	7557	5189	23529	30718	4.06
1980	95-99	0.31316	0.80599	1.99	2369	1909	6097	7189	3.03
1980	100-104	0.41052	0.88598	1.79	460	407	992	1093	2.38
1980	105-109	0.51553	0.93612	1.6	52	49	95	101	1.92
1980	110+	0.60137	1.00000	1.66	3	3	6	6	1.66
1981	0	0.01311	0.01295	0.08	100000	1295	98809	6985967	69.86
1981	1-4	0.00059	0.00234	1.65	98705	231	394275	6887159	69.78
1981	5-9	0.00037	0.00186	2.39	98473	183	491890	6492884	65.94
1981	10-14	0.00048	0.00242	2.53	98291	238	490865	6000994	61.05
1981	15-19	0.00119	0.00592	2.79	98053	580	488982	5510129	56.20
1981	20-24	0.00200	0.00995	2.49	97473	970	484930	5021147	51.51
1981	25-29	0.00186	0.00924	2.51	96503	892	480297	4536217	47.01
1981	30-34	0.00214	0.01063	2.55	95611	1016	475570	4055920	42.42
1981	35-39	0.00319	0.01581	2.52	94595	1495	469264	3580350	37.85
1981	40-44	0.00385	0.01911	2.78	93099	1779	461549	3111086	33.42
1981	45-49	0.00593	0.02927	2.71	91320	2673	450474	2649537	29.01
1981	50-54	0.01046	0.05101	2.53	88647	4522	432084	2199063	24.81
1981	55-59	0.01465	0.07077	2.61	84125	5954	406406	1766978	21.00
1981	60-64	0.02366	0.11173	2.52	78172	8734	369222	1360572	17.40
1981	65-69	0.03316	0.15358	2.6	69437	10664	321623	991350	14.28
1981	70-74	0.04876	0.21772	2.54	58773	12796	262403	669727	11.40
1981	75-79	0.07357	0.31033	2.48	45977	14268	193936	407324	8.86
1981	80-84	0.11125	0.43302	2.44	31709	13731	123429	213388	6.73
1981	85-89	0.17178	0.58838	2.32	17978	10578	61579	89960	5.00
1981	90-94	0.23908	0.71206	2.16	7400	5269	22041	28380	3.84
1981	95-99	0.32008	0.81337	1.98	2131	1733	5415	6340	2.98
1981	100-104	0.42010	0.89202	1.78	398	355	844	925	2.33
1981	105-109	0.52730	0.94029	1.58	43	40	77	81	1.88
1981	110+	0.61458	1.00000	1.63	3	3	4	4	1.63
1982	0	0.01123	0.01111	0.08	100000	1111	98972	7019233	70.19
1982	1-4	0.00066	0.00262	1.58	98889	260	394926	6920261	69.98
1982	5-9	0.00045	0.00223	2.12	98629	220	492510	6525334	66.16
1982	10-14	0.00046	0.00228	2.52	98409	225	491485	6032824	61.30
1982	15-19	0.00133	0.00666	2.98	98184	654	489602	5541339	56.44
1982	20-24	0.00203	0.01007	2.44	97530	983	485136	5051737	51.80
1982	25-29	0.00156	0.00778	2.41	96548	751	480790	4566602	47.30
1982	30-34	0.00215	0.01069	2.56	95797	1024	476485	4085811	42.65
1982	35-39	0.00269	0.01334	2.59	94772	1264	470809	3609326	38.08
1982	40-44	0.00363	0.01801	2.64	93508	1684	463569	3138517	33.56
1982	45-49	0.00631	0.03111	2.73	91824	2857	452643	2674948	29.13
1982	50-54	0.00953	0.04658	2.56	88968	4144	434726	2222306	24.98
1982	55-59	0.01601	0.07712	2.64	84823	6542	408677	1787580	21.07
1982	60-64	0.02278	0.10814	2.66	78282	8466	371631	1378903	17.61
1982	65-69	0.03193	0.14832	2.61	69816	10355	324308	1007272	14.43
1982	70-74	0.05057	0.22541	2.59	59461	13403	265048	682964	11.49
1982	75-79	0.07111	0.30137	2.47	46058	13880	195203	417916	9.07
1982	80-84	0.10710	0.42190	2.49	32178	13576	126755	222713	6.92
1982	85-89	0.16550	0.57284	2.31	18602	10656	64386	95958	5.16
1982	90-94	0.22681	0.69353	2.2	7946	5511	24298	31573	3.97
1982	95-99	0.31823	0.81190	1.98	2435	1977	6213	7275	2.99
1982	100-104	0.42140	0.89313	1.77	458	409	971	1062	2.32
1982	105-109	0.53210	0.94209	1.57	49	46	87	91	1.86
1982	110+	0.62215	1.00000	1.61	3	3	5	5	1.61
1983	0	0.01280	0.01265	0.08	100000	1265	98835	7000758	70.01
1983	1-4	0.00072	0.00286	1.9	98735	282	394346	6901923	69.90
1983	5-9	0.00039	0.00195	2.36	98453	192	491758	6507577	66.10
1983	10-14	0.00045	0.00226	2.96	98261	222	490854	6015819	61.22
1983	15-19	0.00129	0.00643	3.15	98039	630	489033	5524965	56.35
1983	20-24	0.00167	0.00834	2.58	97409	812	485084	5035932	51.70
1983	25-29	0.00204	0.01015	2.4	96597	981	480439	4550848	47.11
1983	30-34	0.00189	0.00940	2.38	95616	898	475727	4070408	42.57
1983	35-39	0.00242	0.01203	2.66	94718	1140	470927	3594682	37.95
1983	40-44	0.00387	0.01918	2.69	93578	1795	463743	3123755	33.38
1983	45-49	0.00617	0.03040	2.69	91783	2790	452459	2660012	28.98
1983	50-54	0.00968	0.04728	2.54	88993	4207	434615	2207553	24.81
1983	55-59	0.01580	0.07609	2.58	84785	6452	408341	1772939	20.91
1983	60-64	0.02328	0.11028	2.62	78334	8639	371109	1364598	17.42
1983	65-69	0.03289	0.15245	2.6	69695	10625	323010	993489	14.25
1983	70-74	0.04854	0.21677	2.54	59070	12805	263805	670479	11.35
1983	75-79	0.07423	0.31209	2.45	46265	14439	194518	406674	8.79
1983	80-84	0.11431	0.43973	2.38	31827	13995	122435	212156	6.67
1983	85-89	0.17638	0.59695	2.29	17832	10645	60351	89721	5.03
1983	90-94	0.22071	0.68196	2.2	7187	4901	22207	29370	4.09
1983	95-99	0.30293	0.79395	2	2286	1815	5991	7163	3.13
1983	100-104	0.39121	0.87237	1.82	471	411	1050	1172	2.49
1983	105-109	0.48725	0.92464	1.64	60	56	114	122	2.03
1983	110+	0.56617	1.00000	1.77	5	5	8	8	1.77
1984	0	0.01234	0.01221	0.08	100000	1221	98875	7001948	70.02
1984	1-4	0.00065	0.00260	1.76	98779	257	394542	6903073	69.88
1984	5-9	0.00044	0.00217	2.26	98522	214	492026	6508531	66.06
1984	10-14	0.00043	0.00216	2.7	98308	212	491054	6016506	61.20
1984	15-19	0.00130	0.00648	2.82	98096	636	489093	5525451	56.33
1984	20-24	0.00186	0.00923	2.55	97460	900	485101	5036358	51.68
1984	25-29	0.00182	0.00904	2.54	96560	872	480652	4551257	47.13
1984	30-34	0.00207	0.01028	2.63	95688	983	476107	4070605	42.54
1984	35-39	0.00264	0.01312	2.62	94705	1243	470572	3594498	37.95
1984	40-44	0.00370	0.01836	2.59	93462	1716	463171	3123926	33.42
1984	45-49	0.00586	0.02891	2.66	91746	2652	452521	2660756	29.00
1984	50-54	0.00982	0.04793	2.54	89094	4270	434973	2208234	24.79
1984	55-59	0.01563	0.07547	2.72	84824	6402	409536	1773261	20.91
1984	60-64	0.02401	0.11353	2.61	78422	8903	370871	1363725	17.39
1984	65-69	0.03204	0.14883	2.61	69519	10346	322885	992854	14.28
1984	70-74	0.05048	0.22506	2.59	59173	13317	263800	669969	11.32
1984	75-79	0.07343	0.31006	2.49	45855	14218	193626	406169	8.86
1984	80-84	0.11420	0.44103	2.42	31638	13953	122184	212543	6.72
1984	85-89	0.16556	0.56904	2.25	17684	10063	60783	90359	5.11
1984	90-94	0.23504	0.70418	2.15	7621	5367	22833	29577	3.88
1984	95-99	0.31835	0.81140	1.98	2255	1829	5746	6744	2.99
1984	100-104	0.41649	0.88968	1.78	425	378	908	997	2.35
1984	105-109	0.52187	0.93834	1.59	47	44	84	89	1.90
1984	110+	0.60779	1.00000	1.65	3	3	5	5	1.65
1985	0	0.01309	0.01293	0.08	100000	1293	98810	7007614	70.08
1985	1-4	0.00060	0.00241	1.62	98707	238	394261	6908804	69.99
1985	5-9	0.00040	0.00201	2.24	98469	198	491795	6514543	66.16
1985	10-14	0.00050	0.00251	2.8	98270	246	490808	6022747	61.29
1985	15-19	0.00146	0.00727	2.69	98024	713	488472	5531939	56.43
1985	20-24	0.00178	0.00886	2.62	97311	863	484507	5043467	51.83
1985	25-29	0.00175	0.00873	2.66	96449	842	480271	4558960	47.27
1985	30-34	0.00206	0.01026	2.5	95606	981	475581	4078689	42.66
1985	35-39	0.00241	0.01199	2.49	94625	1135	470277	3603108	38.08
1985	40-44	0.00382	0.01895	2.73	93490	1772	463431	3132831	33.51
1985	45-49	0.00603	0.02972	2.74	91718	2726	452418	2669401	29.10
1985	50-54	0.00929	0.04544	2.57	88992	4043	435127	2216982	24.91
1985	55-59	0.01477	0.07142	2.68	84949	6067	410665	1781856	20.98
1985	60-64	0.02218	0.10530	2.61	78881	8306	374549	1371190	17.38
1985	65-69	0.03215	0.14898	2.54	70575	10515	327020	996641	14.12
1985	70-74	0.05210	0.23121	2.57	60061	13887	266532	669621	11.15
1985	75-79	0.07569	0.31845	2.51	46174	14704	194265	403090	8.73
1985	80-84	0.11831	0.45463	2.45	31470	14307	120935	208824	6.64
1985	85-89	0.16552	0.57656	2.37	17163	9895	59784	87889	5.12
1985	90-94	0.23938	0.70720	2.11	7267	5139	21470	28105	3.87
1985	95-99	0.30461	0.79584	2	2128	1693	5560	6635	3.12
1985	100-104	0.39339	0.87391	1.82	434	380	965	1076	2.48
1985	105-109	0.48983	0.92573	1.64	55	51	104	111	2.02
1985	110+	0.56904	1.00000	1.76	4	4	7	7	1.76
1986	0	0.01106	0.01094	0.07	100000	1094	98987	7027353	70.27
1986	1-4	0.00078	0.00313	1.54	98906	309	394862	6928366	70.05
1986	5-9	0.00032	0.00162	2.2	98596	159	492535	6533503	66.27
1986	10-14	0.00062	0.00307	2.71	98437	302	491491	6040969	61.37
1986	15-19	0.00125	0.00624	2.78	98134	612	489310	5549478	56.55
1986	20-24	0.00210	0.01046	2.53	97522	1020	485086	5060168	51.89
1986	25-29	0.00191	0.00949	2.4	96502	916	480129	4575082	47.41
1986	30-34	0.00213	0.01059	2.6	95586	1013	475502	4094953	42.84
1986	35-39	0.00275	0.01367	2.61	94574	1293	469773	3619451	38.27
1986	40-44	0.00353	0.01751	2.52	93280	1634	462343	3149677	33.77
1986	45-49	0.00600	0.02958	2.73	91647	2711	452077	2687334	29.32
1986	50-54	0.00894	0.04380	2.67	88936	3895	435622	2235257	25.13
1986	55-59	0.01449	0.07011	2.71	85041	5962	411536	1799635	21.16
1986	60-64	0.02136	0.10156	2.59	79079	8031	376027	1388099	17.55
1986	65-69	0.03207	0.14889	2.6	71047	10578	329895	1012072	14.25
1986	70-74	0.04941	0.22064	2.58	60469	13342	270007	682177	11.28
1986	75-79	0.07524	0.31595	2.47	47127	14890	197892	412170	8.75
1986	80-84	0.11343	0.43875	2.42	32237	14144	124698	214278	6.65
1986	85-89	0.16996	0.58498	2.34	18093	10584	62274	89580	4.95
1986	90-94	0.25683	0.73167	2.06	7509	5494	21392	27306	3.64
1986	95-99	0.32504	0.81838	1.97	2015	1649	5073	5913	2.93
1986	100-104	0.42606	0.89554	1.76	366	328	769	840	2.30
1986	105-109	0.53384	0.94244	1.57	38	36	67	71	1.86
1986	110+	0.62136	1.00000	1.61	2	2	4	4	1.61
1987	0	0.01142	0.01130	0.08	100000	1130	98956	7017178	70.17
1987	1-4	0.00073	0.00290	1.73	98870	286	394830	6918222	69.97
1987	5-9	0.00034	0.00168	2.03	98584	165	492427	6523392	66.17
1987	10-14	0.00042	0.00209	2.9	98418	205	491659	6030965	61.28
1987	15-19	0.00165	0.00820	2.63	98213	806	489152	5539306	56.40
1987	20-24	0.00176	0.00878	2.5	97407	855	484895	5050154	51.85
1987	25-29	0.00212	0.01052	2.58	96552	1016	480306	4565260	47.28
1987	30-34	0.00206	0.01026	2.44	95536	980	475173	4084954	42.76
1987	35-39	0.00274	0.01360	2.61	94556	1286	469702	3609781	38.18
1987	40-44	0.00335	0.01665	2.71	93270	1553	462790	3140079	33.67
1987	45-49	0.00551	0.02718	2.48	91717	2493	452296	2677289	29.19
1987	50-54	0.00958	0.04686	2.73	89224	4181	436638	2224993	24.94
1987	55-59	0.01447	0.07004	2.71	85043	5956	411582	1788355	21.03
1987	60-64	0.02308	0.10940	2.61	79087	8652	374792	1376773	17.41
1987	65-69	0.03388	0.15676	2.62	70435	11041	325914	1001981	14.23
1987	70-74	0.04960	0.22157	2.59	59394	13160	265306	676067	11.38
1987	75-79	0.07205	0.30538	2.51	46234	14119	195961	410761	8.88
1987	80-84	0.11044	0.43005	2.43	32115	13811	125058	214800	6.69
1987	85-89	0.17669	0.59269	2.22	18304	10849	61400	89743	4.90
1987	90-94	0.24103	0.71495	2.16	7455	5330	22114	28342	3.80
1987	95-99	0.32539	0.81890	1.97	2125	1740	5348	6229	2.93
1987	100-104	0.42778	0.89667	1.76	385	345	807	880	2.29
1987	105-109	0.53697	0.94352	1.56	40	38	70	73	1.85
1987	110+	0.62554	1.00000	1.6	2	2	4	4	1.60
1988	0	0.01273	0.01258	0.08	100000	1258	98842	7023382	70.23
1988	1-4	0.00067	0.00268	1.54	98742	264	394317	6924540	70.13
1988	5-9	0.00031	0.00155	2.76	98478	152	492048	6530224	66.31
1988	10-14	0.00038	0.00192	2.94	98325	188	491240	6038176	61.41
1988	15-19	0.00151	0.00752	2.84	98137	738	489093	5546936	56.52
1988	20-24	0.00169	0.00844	2.59	97399	822	485016	5057843	51.93
1988	25-29	0.00200	0.00996	2.45	96577	962	480437	4572827	47.35
1988	30-34	0.00213	0.01057	2.53	95615	1011	475584	4092390	42.80
1988	35-39	0.00321	0.01593	2.55	94604	1507	469333	3616806	38.23
1988	40-44	0.00399	0.01977	2.73	93098	1841	461309	3147472	33.81
1988	45-49	0.00556	0.02745	2.61	91257	2505	450293	2686163	29.44
1988	50-54	0.00883	0.04326	2.67	88752	3839	434820	2235870	25.19
1988	55-59	0.01386	0.06705	2.58	84912	5694	410786	1801050	21.21
1988	60-64	0.02262	0.10728	2.6	79219	8498	375728	1390263	17.55
1988	65-69	0.03220	0.14934	2.58	70721	10562	327999	1014536	14.35
1988	70-74	0.04637	0.20867	2.6	60159	12553	270705	686536	11.41
1988	75-79	0.07369	0.31163	2.53	47606	14835	201316	415831	8.73
1988	80-84	0.11749	0.45040	2.41	32770	14760	125630	214515	6.55
1988	85-89	0.17414	0.59650	2.36	18010	10743	61694	88885	4.94
1988	90-94	0.24517	0.72058	2.14	7267	5237	21359	27191	3.74
1988	95-99	0.33296	0.82617	1.95	2031	1678	5038	5832	2.87
1988	100-104	0.43583	0.90111	1.75	353	318	730	793	2.25
1988	105-109	0.54478	0.94590	1.55	35	33	61	64	1.82
1988	110+	0.63285	1.00000	1.58	2	2	3	3	1.58
1989	0	0.01202	0.01189	0.08	100000	1189	98903	7035883	70.36
1989	1-4	0.00069	0.00274	1.62	98811	271	394598	6936980	70.20
1989	5-9	0.00042	0.00208	2.28	98540	205	492143	6542382	66.39
1989	10-14	0.00052	0.00261	2.54	98335	257	491043	6050240	61.53
1989	15-19	0.00158	0.00785	2.68	98078	770	488602	5559197	56.68
1989	20-24	0.00193	0.00958	2.54	97308	933	484248	5070595	52.11
1989	25-29	0.00197	0.00979	2.45	96376	943	479473	4586347	47.59
1989	30-34	0.00235	0.01170	2.62	95432	1116	474508	4106875	43.03
1989	35-39	0.00265	0.01317	2.44	94316	1242	468405	3632367	38.51
1989	40-44	0.00337	0.01672	2.53	93074	1557	461524	3163961	33.99
1989	45-49	0.00593	0.02926	2.63	91517	2678	451235	2702438	29.53
1989	50-54	0.00865	0.04243	2.72	88840	3770	435617	2251202	25.34
1989	55-59	0.01496	0.07224	2.63	85070	6146	410790	1815586	21.34
1989	60-64	0.02210	0.10487	2.57	78924	8277	374473	1404796	17.80
1989	65-69	0.03093	0.14383	2.57	70647	10161	328558	1030323	14.58
1989	70-74	0.04628	0.20830	2.6	60486	12599	272208	701765	11.60
1989	75-79	0.07049	0.29963	2.5	47887	14348	203554	429557	8.97
1989	80-84	0.11327	0.43871	2.43	33539	14714	129902	226003	6.74
1989	85-89	0.16733	0.57717	2.31	18825	10865	64934	96101	5.10
1989	90-94	0.23100	0.70008	2.19	7960	5573	24123	31167	3.92
1989	95-99	0.32303	0.81644	1.97	2387	1949	6034	7044	2.95
1989	100-104	0.42425	0.89454	1.77	438	392	924	1010	2.30
1989	105-109	0.53243	0.94202	1.57	46	44	82	86	1.86
1989	110+	0.62035	1.00000	1.61	3	3	4	4	1.61
1990	0	0.01051	0.01041	0.07	100000	1041	99035	7064344	70.64
1990	1-4	0.00051	0.00204	1.47	98959	202	395326	6965309	70.39
1990	5-9	0.00034	0.00169	2.33	98757	167	493339	6569983	66.53
1990	10-14	0.00032	0.00160	2.81	98590	157	492606	6076644	61.64
1990	15-19	0.00174	0.00868	2.77	98433	854	490256	5584039	56.73
1990	20-24	0.00199	0.00989	2.48	97578	965	485453	5093782	52.20
1990	25-29	0.00220	0.01093	2.35	96613	1056	480262	4608329	47.70
1990	30-34	0.00225	0.01120	2.61	95557	1070	475228	4128068	43.20
1990	35-39	0.00294	0.01460	2.54	94486	1380	469045	3652839	38.66
1990	40-44	0.00378	0.01872	2.69	93107	1743	461511	3183795	34.20
1990	45-49	0.00576	0.02841	2.62	91364	2595	450640	2722283	29.80
1990	50-54	0.00792	0.03890	2.68	88768	3453	435813	2271644	25.59
1990	55-59	0.01425	0.06896	2.67	85315	5884	412862	1835831	21.52
1990	60-64	0.02174	0.10324	2.56	79432	8200	377128	1422968	17.91
1990	65-69	0.03158	0.14681	2.61	71231	10457	331128	1045841	14.68
1990	70-74	0.04508	0.20321	2.58	60774	12350	273954	714712	11.76
1990	75-79	0.06766	0.28975	2.52	48425	14031	207381	440759	9.10
1990	80-84	0.11085	0.43354	2.49	34393	14911	134520	233378	6.79
1990	85-89	0.16430	0.57308	2.36	19483	11165	67956	98859	5.07
1990	90-94	0.24740	0.72221	2.12	8318	6007	24280	30903	3.72
1990	95-99	0.33311	0.82705	1.96	2311	1911	5737	6622	2.87
1990	100-104	0.44212	0.90507	1.74	400	362	818	886	2.22
1990	105-109	0.55733	0.94992	1.53	38	36	65	68	1.78
1990	110+	0.64999	1.00000	1.54	2	2	3	3	1.54
1991	0	0.01183	0.01170	0.08	100000	1170	98919	7051621	70.52
1991	1-4	0.00071	0.00282	1.47	98830	279	394613	6952701	70.35
1991	5-9	0.00041	0.00204	2.39	98550	201	492228	6558089	66.55
1991	10-14	0.00051	0.00255	2.87	98349	250	491212	6065861	61.68
1991	15-19	0.00159	0.00792	3.03	98099	777	488966	5574649	56.83
1991	20-24	0.00188	0.00935	2.65	97322	910	484470	5085683	52.26
1991	25-29	0.00254	0.01260	2.47	96412	1215	478985	4601213	47.72
1991	30-34	0.00246	0.01222	2.66	95197	1163	473259	4122228	43.30
1991	35-39	0.00287	0.01426	2.51	94034	1341	466828	3648969	38.80
1991	40-44	0.00394	0.01952	2.68	92693	1810	459261	3182141	34.33
1991	45-49	0.00582	0.02870	2.63	90884	2609	448246	2722880	29.96
1991	50-54	0.00827	0.04053	2.61	88275	3578	432832	2274634	25.77
1991	55-59	0.01366	0.06611	2.57	84697	5600	409885	1841802	21.75
1991	60-64	0.02112	0.10062	2.65	79097	7959	376757	1431917	18.10
1991	65-69	0.02946	0.13758	2.61	71139	9787	332257	1055160	14.83
1991	70-74	0.04582	0.20626	2.58	61351	12654	276154	722903	11.78
1991	75-79	0.06555	0.28238	2.55	48697	13751	209794	446749	9.17
1991	80-84	0.11250	0.43711	2.45	34946	15275	135777	236956	6.78
1991	85-89	0.15959	0.56244	2.38	19671	11064	69324	101179	5.14
1991	90-94	0.24718	0.72284	2.13	8607	6222	25170	31854	3.70
1991	95-99	0.34147	0.83511	1.94	2386	1992	5834	6684	2.80
1991	100-104	0.45404	0.91138	1.72	393	359	790	850	2.16
1991	105-109	0.57194	0.95398	1.51	35	33	58	61	1.74
1991	110+	0.66604	1.00000	1.5	2	2	2	2	1.50
1992	0	0.01117	0.01106	0.07	100000	1106	98977	7088746	70.89
1992	1-4	0.00048	0.00193	1.51	98894	191	395103	6989769	70.68
1992	5-9	0.00029	0.00147	2.44	98704	145	493148	6594666	66.81
1992	10-14	0.00053	0.00265	2.84	98559	261	492230	6101518	61.91
1992	15-19	0.00139	0.00692	2.97	98298	680	490107	5609288	57.06
1992	20-24	0.00219	0.01091	2.36	97618	1065	485282	5119182	52.44
1992	25-29	0.00197	0.00981	2.49	96553	947	480391	4633899	47.99
1992	30-34	0.00229	0.01137	2.64	95606	1087	475467	4153509	43.44
1992	35-39	0.00293	0.01455	2.52	94519	1375	469192	3678042	38.91
1992	40-44	0.00384	0.01902	2.54	93144	1771	461371	3208849	34.45
1992	45-49	0.00551	0.02720	2.54	91373	2486	450754	2747479	30.07
1992	50-54	0.00841	0.04122	2.59	88887	3664	435602	2296725	25.84
1992	55-59	0.01334	0.06474	2.74	85223	5518	413658	1861122	21.84
1992	60-64	0.02043	0.09741	2.61	79706	7764	380009	1447464	18.16
1992	65-69	0.03100	0.14380	2.49	71942	10345	333719	1067456	14.84
1992	70-74	0.04642	0.20865	2.58	61597	12852	276850	733737	11.91
1992	75-79	0.06307	0.27361	2.58	48745	13337	211455	456886	9.37
1992	80-84	0.10767	0.42213	2.44	35408	14947	138823	245432	6.93
1992	85-89	0.15935	0.55872	2.33	20461	11432	71743	106608	5.21
1992	90-94	0.23447	0.70381	2.16	9029	6355	27104	34865	3.86
1992	95-99	0.32837	0.82258	1.97	2674	2200	6700	7762	2.90
1992	100-104	0.43738	0.90260	1.75	474	428	979	1062	2.24
1992	105-109	0.55310	0.94876	1.54	46	44	79	83	1.79
1992	110+	0.64638	1.00000	1.55	2	2	4	4	1.55
1993	0	0.01225	0.01212	0.08	100000	1212	98883	7044177	70.44
1993	1-4	0.00055	0.00219	1.62	98788	217	394638	6945294	70.30
1993	5-9	0.00038	0.00191	2.69	98572	189	492423	6550656	66.46
1993	10-14	0.00055	0.00275	3.06	98383	271	491392	6058233	61.58
1993	15-19	0.00164	0.00818	2.73	98113	803	488740	5566841	56.74
1993	20-24	0.00201	0.01002	2.57	97310	975	484182	5078100	52.18
1993	25-29	0.00213	0.01059	2.52	96335	1020	479142	4593918	47.69
1993	30-34	0.00260	0.01292	2.51	95315	1231	473509	4114776	43.17
1993	35-39	0.00289	0.01434	2.59	94084	1349	467168	3641267	38.70
1993	40-44	0.00375	0.01859	2.7	92735	1724	459703	3174098	34.23
1993	45-49	0.00546	0.02693	2.66	91010	2451	449306	2714395	29.83
1993	50-54	0.00843	0.04135	2.65	88559	3662	434193	2265089	25.58
1993	55-59	0.01339	0.06497	2.72	84897	5516	411900	1830896	21.57
1993	60-64	0.02160	0.10267	2.61	79382	8150	377407	1418996	17.88
1993	65-69	0.03115	0.14486	2.58	71232	10319	331204	1041588	14.62
1993	70-74	0.04713	0.21166	2.6	60913	12893	273559	710384	11.66
1993	75-79	0.06897	0.29490	2.54	48020	14161	205313	436826	9.10
1993	80-84	0.10931	0.42671	2.43	33859	14448	132179	231512	6.84
1993	85-89	0.16182	0.56288	2.3	19411	10926	67521	99334	5.12
1993	90-94	0.24347	0.72146	2.18	8485	6122	25142	31813	3.75
1993	95-99	0.33869	0.83259	1.95	2363	1968	5810	6670	2.82
1993	100-104	0.45105	0.90991	1.72	396	360	798	860	2.17
1993	105-109	0.56904	0.95324	1.51	36	34	60	62	1.75
1993	110+	0.66336	1.00000	1.51	2	2	3	3	1.51
1994	0	0.01127	0.01116	0.08	100000	1116	98968	7070948	70.71
1994	1-4	0.00066	0.00262	1.51	98884	259	394891	6971980	70.51
1994	5-9	0.00033	0.00167	2.55	98625	164	492723	6577089	66.69
1994	10-14	0.00039	0.00193	3.14	98461	190	491949	6084367	61.79
1994	15-19	0.00149	0.00742	2.72	98271	729	489689	5592417	56.91
1994	20-24	0.00201	0.00999	2.51	97541	975	485276	5102728	52.31
1994	25-29	0.00197	0.00983	2.56	96566	949	480515	4617452	47.82
1994	30-34	0.00254	0.01263	2.49	95617	1208	475051	4136937	43.27
1994	35-39	0.00292	0.01449	2.65	94410	1368	468841	3661886	38.79
1994	40-44	0.00437	0.02162	2.71	93042	2012	460598	3193045	34.32
1994	45-49	0.00548	0.02704	2.53	91030	2462	449078	2732447	30.02
1994	50-54	0.00840	0.04121	2.67	88569	3650	434349	2283370	25.78
1994	55-59	0.01317	0.06387	2.63	84918	5424	411719	1849020	21.77
1994	60-64	0.02180	0.10355	2.58	79494	8232	377568	1437301	18.08
1994	65-69	0.02870	0.13444	2.65	71262	9580	333818	1059733	14.87
1994	70-74	0.04604	0.20741	2.61	61682	12793	277894	725915	11.77
1994	75-79	0.06560	0.28263	2.55	48889	13818	210644	448021	9.16
1994	80-84	0.11561	0.44675	2.46	35071	15668	135528	237377	6.77
1994	85-89	0.15801	0.55668	2.35	19403	10801	68360	101849	5.25
1994	90-94	0.23335	0.70939	2.24	8602	6102	26150	33489	3.89
1994	95-99	0.32475	0.81832	1.97	2500	2046	6299	7338	2.94
1994	100-104	0.42753	0.89657	1.76	454	407	952	1039	2.29
1994	105-109	0.53718	0.94362	1.56	47	44	83	87	1.85
1994	110+	0.62614	1.00000	1.6	3	3	4	4	1.60
1995	0	0.00920	0.00912	0.07	100000	912	99151	7087165	70.87
1995	1-4	0.00069	0.00276	1.66	99088	274	395710	6988013	70.52
1995	5-9	0.00026	0.00129	2.36	98814	127	493734	6592304	66.71
1995	10-14	0.00058	0.00292	2.82	98687	288	492807	6098570	61.80
1995	15-19	0.00165	0.00821	2.86	98399	808	490266	5605762	56.97
1995	20-24	0.00190	0.00947	2.3	97591	925	485455	5115497	52.42
1995	25-29	0.00228	0.01135	2.54	96666	1098	480633	4630041	47.90
1995	30-34	0.00254	0.01264	2.81	95569	1208	475205	4149409	43.42
1995	35-39	0.00286	0.01421	2.52	94361	1341	468474	3674204	38.94
1995	40-44	0.00418	0.02068	2.58	93020	1924	460449	3205730	34.46
1995	45-49	0.00528	0.02608	2.64	91096	2375	449879	2745280	30.14
1995	50-54	0.00793	0.03893	2.64	88721	3454	435451	2295402	25.87
1995	55-59	0.01338	0.06479	2.55	85266	5525	412799	1859951	21.81
1995	60-64	0.02051	0.09784	2.64	79742	7802	380309	1447153	18.15
1995	65-69	0.02930	0.13705	2.64	71940	9859	336456	1066844	14.83
1995	70-74	0.04550	0.20435	2.51	62081	12686	278809	730388	11.77
1995	75-79	0.06386	0.27531	2.5	49394	13599	212928	451579	9.14
1995	80-84	0.11250	0.43645	2.43	35796	15623	138868	238651	6.67
1995	85-89	0.16868	0.58151	2.33	20173	11731	69542	99783	4.95
1995	90-94	0.25660	0.73707	2.11	8442	6222	24249	30241	3.58
1995	95-99	0.35573	0.84797	1.91	2220	1882	5291	5992	2.70
1995	100-104	0.47351	0.92078	1.68	337	311	656	701	2.08
1995	105-109	0.59490	0.95971	1.47	27	26	43	45	1.67
1995	110+	0.69046	1.00000	1.45	1	1	2	2	1.45
1996	0	0.01045	0.01035	0.07	100000	1035	99041	7130473	71.30
1996	1-4	0.00062	0.00247	1.6	98965	244	395273	7031433	71.05
1996	5-9	0.00032	0.00159	1.83	98721	157	493107	6636159	67.22
1996	10-14	0.00028	0.00140	2.76	98564	138	492510	6143053	62.33
1996	15-19	0.00166	0.00829	3.11	98426	816	490588	5650542	57.41
1996	20-24	0.00193	0.00959	2.6	97610	936	485807	5159954	52.86
1996	25-29	0.00182	0.00906	2.72	96674	876	481371	4674147	48.35
1996	30-34	0.00231	0.01151	2.64	95799	1103	476388	4192776	43.77
1996	35-39	0.00302	0.01499	2.66	94696	1420	470152	3716388	39.25
1996	40-44	0.00345	0.01710	2.63	93276	1595	462594	3246236	34.80
1996	45-49	0.00529	0.02615	2.71	91680	2397	452920	2783642	30.36
1996	50-54	0.00839	0.04114	2.68	89283	3673	437912	2330722	26.10
1996	55-59	0.01295	0.06280	2.6	85610	5376	415152	1892810	22.11
1996	60-64	0.01968	0.09405	2.65	80233	7546	383462	1477659	18.42
1996	65-69	0.02779	0.13052	2.68	72687	9487	341445	1094196	15.05
1996	70-74	0.04307	0.19502	2.58	63200	12325	286157	752751	11.91
1996	75-79	0.06515	0.27996	2.49	50875	14243	218636	466594	9.17
1996	80-84	0.10837	0.42430	2.44	36632	15543	143424	247958	6.77
1996	85-89	0.17139	0.58518	2.29	21089	12341	72006	104533	4.96
1996	90-94	0.24503	0.72657	2.2	8748	6356	25940	32527	3.72
1996	95-99	0.34795	0.84120	1.93	2392	2012	5783	6587	2.75
1996	100-104	0.46402	0.91641	1.7	380	348	750	804	2.12
1996	105-109	0.58465	0.95728	1.49	32	30	52	54	1.70
1996	110+	0.68021	1.00000	1.47	1	1	2	2	1.47
1997	0	0.00972	0.00963	0.07	100000	963	99105	7116844	71.17
1997	1-4	0.00057	0.00229	1.8	99037	227	395650	7017738	70.86
1997	5-9	0.00038	0.00188	2.24	98810	186	493539	6622088	67.02
1997	10-14	0.00031	0.00155	3.07	98625	153	492827	6128549	62.14
1997	15-19	0.00144	0.00719	2.9	98472	708	490874	5635721	57.23
1997	20-24	0.00175	0.00870	2.37	97764	851	486581	5144848	52.63
1997	25-29	0.00195	0.00971	2.69	96913	941	482396	4658267	48.07
1997	30-34	0.00222	0.01104	2.66	95972	1060	477385	4175871	43.51
1997	35-39	0.00306	0.01518	2.67	94912	1441	471197	3698486	38.97
1997	40-44	0.00371	0.01841	2.64	93471	1721	463299	3227290	34.53
1997	45-49	0.00581	0.02865	2.71	91751	2629	452724	2763990	30.13
1997	50-54	0.00793	0.03891	2.61	89121	3468	437317	2311266	25.93
1997	55-59	0.01284	0.06231	2.63	85654	5337	415630	1873949	21.88
1997	60-64	0.02074	0.09881	2.61	80316	7936	382638	1458319	18.16
1997	65-69	0.02863	0.13400	2.61	72380	9699	338754	1075681	14.86
1997	70-74	0.04466	0.20144	2.57	62681	12627	282740	736926	11.76
1997	75-79	0.06823	0.29221	2.55	50055	14627	214383	454186	9.07
1997	80-84	0.10853	0.42646	2.49	35428	15109	139207	239803	6.77
1997	85-89	0.16775	0.57716	2.3	20320	11728	69913	100596	4.95
1997	90-94	0.25661	0.73996	2.14	8592	6358	24776	30682	3.57
1997	95-99	0.36367	0.85516	1.9	2234	1911	5254	5907	2.64
1997	100-104	0.48808	0.92742	1.66	324	300	615	653	2.02
1997	105-109	0.61474	0.96419	1.44	23	23	37	38	1.62
1997	110+	0.71302	1.00000	1.4	1	1	1	1	1.40
1998	0	0.01129	0.01117	0.08	100000	1117	98967	7160524	71.61
1998	1-4	0.00045	0.00179	1.74	98883	177	395130	7061557	71.41
1998	5-9	0.00024	0.00120	2.29	98706	118	493209	6666427	67.54
1998	10-14	0.00047	0.00236	2.91	98587	232	492452	6173218	62.62
1998	15-19	0.00131	0.00653	2.98	98355	642	490477	5680766	57.76
1998	20-24	0.00173	0.00860	2.52	97713	841	486483	5190288	53.12
1998	25-29	0.00165	0.00821	2.58	96872	796	482438	4703806	48.56
1998	30-34	0.00216	0.01072	2.49	96077	1030	477794	4221368	43.94
1998	35-39	0.00245	0.01218	2.72	95046	1158	472587	3743573	39.39
1998	40-44	0.00383	0.01900	2.68	93889	1784	465312	3270987	34.84
1998	45-49	0.00524	0.02588	2.66	92105	2384	454954	2805675	30.46
1998	50-54	0.00787	0.03862	2.59	89721	3465	440267	2350720	26.20
1998	55-59	0.01292	0.06263	2.59	86256	5402	418236	1910453	22.15
1998	60-64	0.01867	0.08949	2.69	80854	7236	387566	1492217	18.46
1998	65-69	0.02825	0.13216	2.57	73618	9730	344407	1104651	15.01
1998	70-74	0.04444	0.20071	2.59	63888	12823	288537	760244	11.90
1998	75-79	0.06317	0.27370	2.56	51065	13976	221263	471707	9.24
1998	80-84	0.10700	0.42040	2.45	37089	15592	145724	250443	6.75
1998	85-89	0.17604	0.59693	2.3	21497	12832	72892	104719	4.87
1998	90-94	0.24566	0.72161	2.14	8665	6253	25452	31827	3.67
1998	95-99	0.36384	0.85526	1.9	2412	2063	5670	6375	2.64
1998	100-104	0.48787	0.92731	1.66	349	324	664	705	2.02
1998	105-109	0.61416	0.96406	1.44	25	24	40	41	1.62
1998	110+	0.71220	1.00000	1.4	1	1	1	1	1.40
1999	0	0.00937	0.00929	0.07	100000	929	99136	7176150	71.76
1999	1-4	0.00051	0.00205	1.94	99071	203	395867	7077014	71.43
1999	5-9	0.00029	0.00145	2.42	98868	143	493971	6681148	67.58
1999	10-14	0.00044	0.00220	3.42	98725	217	493280	6187177	62.67
1999	15-19	0.00126	0.00627	2.7	98507	617	491116	5693897	57.80
1999	20-24	0.00174	0.00868	2.65	97890	850	487454	5202781	53.15
1999	25-29	0.00158	0.00786	2.7	97040	763	483446	4715326	48.59
1999	30-34	0.00209	0.01038	2.72	96277	999	479102	4231881	43.96
1999	35-39	0.00259	0.01289	2.52	95277	1228	473342	3752779	39.39
1999	40-44	0.00387	0.01918	2.72	94050	1804	466132	3279437	34.87
1999	45-49	0.00562	0.02773	2.62	92246	2558	455144	2813305	30.50
1999	50-54	0.00781	0.03836	2.68	89688	3441	440471	2358161	26.29
1999	55-59	0.01227	0.05972	2.75	86247	5151	419651	1917690	22.23
1999	60-64	0.01845	0.08845	2.66	81096	7173	388692	1498039	18.47
1999	65-69	0.02713	0.12739	2.61	73923	9417	347063	1109347	15.01
1999	70-74	0.04390	0.19879	2.63	64506	12823	292120	762284	11.82
1999	75-79	0.06484	0.28012	2.57	51683	14478	223271	470164	9.10
1999	80-84	0.11276	0.44021	2.51	37205	16378	145254	246893	6.64
1999	85-89	0.17252	0.58865	2.3	20827	12260	71064	101638	4.88
1999	90-94	0.25644	0.74534	2.19	8567	6385	24900	30574	3.57
1999	95-99	0.37044	0.86044	1.89	2182	1877	5068	5674	2.60
1999	100-104	0.49501	0.93014	1.64	304	283	572	606	1.99
1999	105-109	0.62098	0.96540	1.43	21	21	33	34	1.60
1999	110+	0.71830	1.00000	1.39	1	1	1	1	1.39
2000	0	0.00996	0.00987	0.07	100000	987	99084	7174540	71.75
2000	1-4	0.00049	0.00194	2.08	99013	192	395683	7075456	71.46
2000	5-9	0.00024	0.00120	2.58	98821	118	493818	6679773	67.59
2000	10-14	0.00035	0.00176	3.16	98703	173	493193	6185955	62.67
2000	15-19	0.00121	0.00606	2.96	98529	597	491428	5692761	57.78
2000	20-24	0.00181	0.00903	2.55	97932	884	487495	5201333	53.11
2000	25-29	0.00173	0.00860	2.54	97048	835	483185	4713838	48.57
2000	30-34	0.00222	0.01102	2.6	96213	1060	478519	4230654	43.97
2000	35-39	0.00258	0.01283	2.76	95153	1221	473031	3752134	39.43
2000	40-44	0.00404	0.02002	2.56	93932	1880	465073	3279103	34.91
2000	45-49	0.00536	0.02648	2.62	92052	2438	454448	2814031	30.57
2000	50-54	0.00787	0.03863	2.6	89614	3462	439773	2359583	26.33
2000	55-59	0.01279	0.06216	2.73	86152	5356	418579	1919810	22.28
2000	60-64	0.01850	0.08860	2.61	80797	7159	386893	1501231	18.58
2000	65-69	0.02721	0.12779	2.62	73638	9410	345816	1114338	15.13
2000	70-74	0.04148	0.18875	2.62	64228	12123	292233	768522	11.97
2000	75-79	0.06445	0.27800	2.53	52105	14485	224746	476289	9.14
2000	80-84	0.11127	0.43218	2.42	37620	16258	146119	251542	6.69
2000	85-89	0.17099	0.58703	2.33	21361	12540	73335	105423	4.94
2000	90-94	0.25050	0.73452	2.18	8822	6480	25867	32088	3.64
2000	95-99	0.36197	0.85344	1.9	2342	1999	5522	6221	2.66
2000	100-104	0.48321	0.92518	1.67	343	318	657	699	2.04
2000	105-109	0.60713	0.96250	1.45	26	25	41	42	1.64
2000	110+	0.70386	1.00000	1.42	1	1	1	1	1.42
2001	0	0.00920	0.00913	0.07	100000	913	99151	7203512	72.04
2001	1-4	0.00055	0.00221	1.62	99087	219	395830	7104361	71.70
2001	5-9	0.00022	0.00112	2.29	98869	111	494044	6708531	67.85
2001	10-14	0.00027	0.00135	3.1	98758	134	493536	6214487	62.93
2001	15-19	0.00132	0.00661	2.96	98624	652	491795	5720951	58.01
2001	20-24	0.00166	0.00828	2.21	97973	812	487600	5229156	53.37
2001	25-29	0.00179	0.00892	2.48	97161	867	483621	4741556	48.80
2001	30-34	0.00217	0.01077	2.44	96294	1037	478821	4257935	44.22
2001	35-39	0.00271	0.01347	2.56	95258	1283	473159	3779114	39.67
2001	40-44	0.00383	0.01901	2.75	93974	1786	465857	3305955	35.18
2001	45-49	0.00539	0.02664	2.67	92188	2456	455212	2840098	30.81
2001	50-54	0.00794	0.03899	2.7	89732	3499	440614	2384885	26.58
2001	55-59	0.01251	0.06075	2.6	86233	5238	418569	1944272	22.55
2001	60-64	0.01757	0.08430	2.6	80995	6828	388601	1525702	18.84
2001	65-69	0.02810	0.13178	2.64	74167	9774	347809	1137101	15.33
2001	70-74	0.03917	0.17943	2.66	64393	11554	294964	789292	12.26
2001	75-79	0.06301	0.27308	2.56	52839	14430	228999	494328	9.36
2001	80-84	0.10442	0.41481	2.52	38410	15933	152588	265329	6.91
2001	85-89	0.16248	0.57027	2.39	22477	12818	78890	112740	5.02
2001	90-94	0.26193	0.74548	2.11	9659	7201	27490	33850	3.50
2001	95-99	0.37210	0.86258	1.89	2458	2121	5699	6359	2.59
2001	100-104	0.50443	0.93429	1.63	338	316	626	660	1.95
2001	105-109	0.63713	0.96869	1.41	22	22	34	35	1.56
2001	110+	0.73811	1.00000	1.35	1	1	1	1	1.35
2002	0	0.00854	0.00847	0.07	100000	847	99211	7194724	71.95
2002	1-4	0.00045	0.00182	1.48	99153	180	396158	7095514	71.56
2002	5-9	0.00027	0.00134	2.29	98973	132	494506	6699355	67.69
2002	10-14	0.00032	0.00159	2.78	98841	158	493854	6204849	62.78
2002	15-19	0.00135	0.00673	2.79	98683	664	491947	5710995	57.87
2002	20-24	0.00215	0.01071	2.58	98019	1050	487557	5219048	53.25
2002	25-29	0.00188	0.00937	2.49	96969	909	482561	4731491	48.79
2002	30-34	0.00206	0.01026	2.42	96060	985	477755	4248930	44.23
2002	35-39	0.00280	0.01389	2.59	95075	1321	472190	3771175	39.67
2002	40-44	0.00390	0.01934	2.71	93754	1813	464609	3298985	35.19
2002	45-49	0.00550	0.02712	2.59	91941	2494	453689	2834375	30.83
2002	50-54	0.00808	0.03961	2.57	89447	3543	438643	2380687	26.62
2002	55-59	0.01200	0.05835	2.66	85904	5013	417798	1942044	22.61
2002	60-64	0.01834	0.08794	2.67	80892	7113	387887	1524247	18.84
2002	65-69	0.02553	0.12029	2.61	73778	8875	347672	1136359	15.40
2002	70-74	0.04094	0.18599	2.54	64903	12071	294854	788687	12.15
2002	75-79	0.06084	0.26473	2.55	52832	13986	229888	493833	9.35
2002	80-84	0.10408	0.41258	2.49	38846	16027	153992	263945	6.79
2002	85-89	0.17293	0.59372	2.36	22819	13548	78345	109953	4.82
2002	90-94	0.26978	0.76401	2.16	9271	7083	26254	31608	3.41
2002	95-99	0.39536	0.88004	1.85	2188	1925	4870	5354	2.45
2002	100-104	0.53634	0.94550	1.58	262	248	463	484	1.84
2002	105-109	0.67306	0.97460	1.36	14	14	21	21	1.48
2002	110+	0.77353	1.00000	1.29	0	0	0	0	1.29
2003	0	0.01019	0.01009	0.07	100000	1009	99064	7207000	72.07
2003	1-4	0.00049	0.00196	1.69	98991	194	395516	7107936	71.80
2003	5-9	0.00019	0.00096	2.61	98797	95	493756	6712420	67.94
2003	10-14	0.00024	0.00119	2.53	98702	118	493216	6218664	63.00
2003	15-19	0.00116	0.00576	3.12	98584	568	491853	5725448	58.08
2003	20-24	0.00186	0.00926	2.5	98016	908	487811	5233594	53.40
2003	25-29	0.00205	0.01020	2.69	97108	991	483249	4745783	48.87
2003	30-34	0.00202	0.01005	2.47	96117	966	478139	4262534	44.35
2003	35-39	0.00290	0.01441	2.66	95151	1371	472549	3784395	39.77
2003	40-44	0.00387	0.01917	2.65	93780	1798	464675	3311846	35.32
2003	45-49	0.00610	0.03007	2.61	91982	2766	453288	2847171	30.95
2003	50-54	0.00862	0.04224	2.59	89216	3768	437016	2393883	26.83
2003	55-59	0.01169	0.05692	2.72	85448	4863	416130	1956867	22.90
2003	60-64	0.01768	0.08470	2.53	80584	6826	386090	1540737	19.12
2003	65-69	0.02586	0.12187	2.64	73759	8989	347612	1154647	15.65
2003	70-74	0.03756	0.17192	2.54	64770	11135	296479	807035	12.46
2003	75-79	0.06076	0.26463	2.56	53634	14194	233585	510556	9.52
2003	80-84	0.10053	0.40199	2.51	39441	15855	157710	276971	7.02
2003	85-89	0.16125	0.56189	2.3	23586	13253	82187	119261	5.06
2003	90-94	0.25627	0.73986	2.14	10333	7645	29832	37074	3.59
2003	95-99	0.35579	0.84909	1.92	2688	2282	6415	7242	2.69
2003	100-104	0.48265	0.92546	1.67	406	375	778	827	2.04
2003	105-109	0.61258	0.96390	1.45	30	29	48	49	1.62
2003	110+	0.71344	1.00000	1.4	1	1	2	2	1.40
2004	0	0.00904	0.00896	0.07	100000	896	99166	7247845	72.48
2004	1-4	0.00063	0.00251	1.5	99104	249	395793	7148679	72.13
2004	5-9	0.00033	0.00165	2.47	98855	163	493863	6752885	68.31
2004	10-14	0.00032	0.00159	2.97	98692	157	493142	6259022	63.42
2004	15-19	0.00113	0.00564	3.02	98535	556	491574	5765881	58.52
2004	20-24	0.00180	0.00898	2.61	97980	880	487792	5274307	53.83
2004	25-29	0.00212	0.01053	2.56	97100	1022	483006	4786515	49.29
2004	30-34	0.00205	0.01021	2.59	96078	981	478025	4303510	44.79
2004	35-39	0.00254	0.01261	2.52	95097	1199	472513	3825484	40.23
2004	40-44	0.00401	0.01984	2.67	93898	1863	465154	3352971	35.71
2004	45-49	0.00623	0.03070	2.73	92035	2825	453772	2887817	31.38
2004	50-54	0.00794	0.03898	2.62	89210	3477	437786	2434046	27.28
2004	55-59	0.01171	0.05699	2.7	85733	4886	417423	1996259	23.28
2004	60-64	0.01801	0.08624	2.55	80847	6972	387173	1578837	19.53
2004	65-69	0.02410	0.11372	2.53	73875	8401	348613	1191664	16.13
2004	70-74	0.03587	0.16489	2.56	65474	10796	301009	843051	12.88
2004	75-79	0.05556	0.24485	2.58	54678	13388	240958	542043	9.91
2004	80-84	0.09546	0.38584	2.52	41290	15931	166883	301085	7.29
2004	85-89	0.15112	0.54527	2.45	25359	13827	91499	134202	5.29
2004	90-94	0.24332	0.71862	2.15	11532	8287	34057	42703	3.70
2004	95-99	0.35963	0.85317	1.92	3245	2768	7698	8646	2.66
2004	100-104	0.49462	0.93089	1.65	476	443	897	949	1.99
2004	105-109	0.63143	0.96783	1.42	33	32	50	52	1.58
2004	110+	0.73582	1.00000	1.36	1	1	1	1	1.36
2005	0	0.00923	0.00915	0.07	100000	915	99149	7231068	72.31
2005	1-4	0.00062	0.00248	1.48	99085	245	395720	7131919	71.98
2005	5-9	0.00023	0.00115	2.1	98839	114	493867	6736199	68.15
2005	10-14	0.00026	0.00129	3.28	98725	127	493409	6242333	63.23
2005	15-19	0.00138	0.00687	2.86	98598	678	491541	5748924	58.31
2005	20-24	0.00215	0.01068	2.4	97920	1045	486881	5257383	53.69
2005	25-29	0.00180	0.00898	2.41	96875	870	482123	4770502	49.24
2005	30-34	0.00219	0.01089	2.41	96005	1045	477317	4288379	44.67
2005	35-39	0.00240	0.01196	2.7	94960	1135	472193	3811062	40.13
2005	40-44	0.00402	0.01989	2.59	93825	1866	464635	3338869	35.59
2005	45-49	0.00564	0.02782	2.72	91959	2558	453958	2874234	31.26
2005	50-54	0.00870	0.04262	2.57	89400	3810	437731	2420276	27.07
2005	55-59	0.01206	0.05856	2.55	85590	5013	415685	1982545	23.16
2005	60-64	0.01702	0.08181	2.64	80578	6592	387307	1566860	19.45
2005	65-69	0.02561	0.12063	2.6	73986	8925	348494	1179553	15.94
2005	70-74	0.03798	0.17422	2.63	65061	11335	298477	831059	12.77
2005	75-79	0.05408	0.23946	2.61	53726	12865	237874	532582	9.91
2005	80-84	0.09626	0.38681	2.46	40861	15805	164192	294708	7.21
2005	85-89	0.15018	0.53718	2.35	25056	13460	89624	130516	5.21
2005	90-94	0.26265	0.74804	2.12	11596	8674	33026	40892	3.53
2005	95-99	0.35572	0.84957	1.93	2922	2482	6978	7866	2.69
2005	100-104	0.48712	0.92766	1.66	440	408	837	888	2.02
2005	105-109	0.62122	0.96580	1.43	32	31	49	51	1.60
2005	110+	0.72451	1.00000	1.38	1	1	2	2	1.38
2006	0	0.00940	0.00931	0.07	100000	931	99134	7250674	72.51
2006	1-4	0.00052	0.00209	1.38	99069	208	395730	7151540	72.19
2006	5-9	0.00024	0.00119	2.46	98861	118	494007	6755810	68.34
2006	10-14	0.00024	0.00120	3.23	98744	119	493507	6261803	63.41
2006	15-19	0.00133	0.00662	3.17	98625	653	491929	5768295	58.49
2006	20-24	0.00211	0.01052	2.65	97971	1031	487440	5276366	53.86
2006	25-29	0.00190	0.00944	2.42	96941	915	482342	4788926	49.40
2006	30-34	0.00266	0.01322	2.39	96026	1269	476817	4306583	44.85
2006	35-39	0.00265	0.01316	2.48	94757	1247	470642	3829766	40.42
2006	40-44	0.00397	0.01966	2.55	93509	1839	463045	3359125	35.92
2006	45-49	0.00607	0.02991	2.54	91671	2742	451612	2896080	31.59
2006	50-54	0.00823	0.04032	2.55	88929	3585	435865	2444468	27.49
2006	55-59	0.01215	0.05910	2.72	85343	5044	415213	2008603	23.54
2006	60-64	0.01727	0.08305	2.68	80299	6668	386028	1593390	19.84
2006	65-69	0.02235	0.10601	2.58	73631	7805	349290	1207362	16.40
2006	70-74	0.03360	0.15551	2.61	65826	10236	304638	858072	13.04
2006	75-79	0.05350	0.23691	2.59	55589	13170	246155	553434	9.96
2006	80-84	0.09711	0.38983	2.47	42420	16536	170293	307279	7.24
2006	85-89	0.15167	0.54429	2.41	25883	14088	92888	136985	5.29
2006	90-94	0.24109	0.71431	2.15	11795	8426	34947	44098	3.74
2006	95-99	0.35237	0.84659	1.93	3370	2853	8096	9151	2.72
2006	100-104	0.48214	0.92551	1.67	517	478	992	1055	2.04
2006	105-109	0.61522	0.96458	1.44	39	37	60	62	1.62
2006	110+	0.71823	1.00000	1.39	1	1	2	2	1.39
2007	0	0.00867	0.00860	0.07	100000	860	99198	7289218	72.89
2007	1-4	0.00049	0.00197	1.79	99140	195	396126	7190019	72.52
2007	5-9	0.00019	0.00097	2.57	98944	96	494488	6793893	68.66
2007	10-14	0.00030	0.00151	2.83	98848	149	493918	6299405	63.73
2007	15-19	0.00114	0.00567	3.08	98699	559	492424	5805487	58.82
2007	20-24	0.00176	0.00875	2.53	98140	859	488577	5313063	54.14
2007	25-29	0.00196	0.00977	2.45	97281	950	483983	4824486	49.59
2007	30-34	0.00190	0.00947	2.66	96331	913	479519	4340502	45.06
2007	35-39	0.00297	0.01472	2.62	95418	1405	473742	3860983	40.46
2007	40-44	0.00412	0.02040	2.68	94013	1917	465620	3387241	36.03
2007	45-49	0.00599	0.02954	2.59	92096	2721	453928	2921622	31.72
2007	50-54	0.00869	0.04257	2.58	89375	3805	437682	2467694	27.61
2007	55-59	0.01118	0.05445	2.62	85570	4660	416775	2030012	23.72
2007	60-64	0.01625	0.07822	2.62	80910	6329	389460	1613237	19.94
2007	65-69	0.02287	0.10842	2.6	74581	8086	353503	1223777	16.41
2007	70-74	0.03460	0.15975	2.61	66495	10623	307049	870274	13.09
2007	75-79	0.05561	0.24453	2.54	55873	13662	245701	563224	10.08
2007	80-84	0.09081	0.36907	2.46	42210	15579	171548	317523	7.52
2007	85-89	0.14182	0.51882	2.41	26632	13817	97430	145975	5.48
2007	90-94	0.23882	0.71465	2.19	12815	9158	38346	48545	3.79
2007	95-99	0.34166	0.83745	1.96	3657	3062	8963	10199	2.79
2007	100-104	0.47227	0.92146	1.69	594	548	1160	1236	2.08
2007	105-109	0.60761	0.96313	1.45	47	45	74	76	1.64
2007	110+	0.71292	1.00000	1.4	2	2	2	2	1.40
2008	0	0.00886	0.00879	0.07	100000	879	99182	7255199	72.55
2008	1-4	0.00040	0.00159	1.57	99121	158	396102	7156018	72.19
2008	5-9	0.00016	0.00080	1.88	98963	80	494569	6759916	68.31
2008	10-14	0.00014	0.00071	3.08	98884	70	494286	6265347	63.36
2008	15-19	0.00136	0.00678	3.17	98814	670	492841	5771061	58.40
2008	20-24	0.00188	0.00934	2.58	98144	916	488497	5278220	53.78
2008	25-29	0.00224	0.01113	2.37	97228	1083	483286	4789723	49.26
2008	30-34	0.00233	0.01157	2.53	96145	1112	477981	4306437	44.79
2008	35-39	0.00276	0.01372	2.52	95033	1304	471928	3828456	40.29
2008	40-44	0.00369	0.01828	2.78	93729	1713	464851	3356528	35.81
2008	45-49	0.00582	0.02870	2.63	92016	2641	453825	2891677	31.43
2008	50-54	0.00907	0.04444	2.75	89375	3972	437945	2437852	27.28
2008	55-59	0.01234	0.05995	2.63	85404	5120	414863	1999906	23.42
2008	60-64	0.01722	0.08263	2.56	80284	6634	385223	1585044	19.74
2008	65-69	0.02408	0.11366	2.54	73650	8371	347625	1199821	16.29
2008	70-74	0.03505	0.16168	2.6	65278	10554	301095	852195	13.05
2008	75-79	0.05531	0.24407	2.6	54724	13356	241498	551100	10.07
2008	80-84	0.08880	0.36479	2.55	41367	15090	169932	309602	7.48
2008	85-89	0.14877	0.54110	2.48	26277	14218	95573	139670	5.32
2008	90-94	0.24706	0.72703	2.17	12059	8767	35485	44098	3.66
2008	95-99	0.36655	0.85969	1.91	3292	2830	7720	8612	2.62
2008	100-104	0.51057	0.93741	1.62	462	433	848	892	1.93
2008	105-109	0.65420	0.97196	1.38	29	28	43	44	1.52
2008	110+	0.76120	1.00000	1.31	1	1	1	1	1.31
2009	0	0.00893	0.00886	0.07	100000	886	99175	7290298	72.90
2009	1-4	0.00053	0.00212	1.64	99114	210	395962	7191122	72.55
2009	5-9	0.00020	0.00100	2.4	98904	99	494263	6795161	68.70
2009	10-14	0.00022	0.00110	3.02	98805	109	493809	6300897	63.77
2009	15-19	0.00089	0.00446	2.91	98696	440	492561	5807089	58.84
2009	20-24	0.00184	0.00917	2.73	98256	901	489234	5314528	54.09
2009	25-29	0.00205	0.01019	2.43	97354	993	484223	4825293	49.56
2009	30-34	0.00219	0.01089	2.53	96362	1050	479216	4341070	45.05
2009	35-39	0.00265	0.01319	2.68	95312	1257	473649	3861854	40.52
2009	40-44	0.00391	0.01940	2.71	94055	1825	466096	3388206	36.02
2009	45-49	0.00576	0.02839	2.67	92230	2619	455039	2922109	31.68
2009	50-54	0.00876	0.04292	2.68	89611	3846	439117	2467070	27.53
2009	55-59	0.01174	0.05711	2.61	85765	4898	417103	2027953	23.65
2009	60-64	0.01698	0.08154	2.58	80867	6594	388409	1610850	19.92
2009	65-69	0.02493	0.11739	2.52	74274	8719	349705	1222442	16.46
2009	70-74	0.03426	0.15817	2.58	65555	10369	302701	872736	13.31
2009	75-79	0.05004	0.22274	2.54	55186	12292	245641	570036	10.33
2009	80-84	0.08942	0.36586	2.52	42894	15693	175499	324394	7.56
2009	85-89	0.14302	0.52420	2.45	27200	14258	99695	148896	5.47
2009	90-94	0.23696	0.72076	2.28	12942	9328	39366	49201	3.80
2009	95-99	0.35095	0.84626	1.94	3614	3058	8715	9835	2.72
2009	100-104	0.48801	0.92852	1.66	556	516	1057	1120	2.02
2009	105-109	0.62794	0.96731	1.42	40	38	61	63	1.58
2009	110+	0.73490	1.00000	1.36	1	1	2	2	1.36
2010	0	0.00794	0.00788	0.07	100000	788	99264	7322036	73.22
2010	1-4	0.00044	0.00177	1.88	99212	176	396474	7222772	72.80
2010	5-9	0.00017	0.00084	1.97	99036	84	494926	6826298	68.93
2010	10-14	0.00022	0.00109	2.88	98952	108	494530	6331372	63.98
2010	15-19	0.00082	0.00411	2.81	98844	406	493330	5836842	59.05
2010	20-24	0.00167	0.00834	2.64	98438	821	490249	5343511	54.28
2010	25-29	0.00189	0.00940	2.21	97617	918	485527	4853262	49.72
2010	30-34	0.00236	0.01173	2.43	96699	1135	480575	4367735	45.17
2010	35-39	0.00246	0.01223	2.56	95564	1169	474966	3887161	40.68
2010	40-44	0.00352	0.01743	2.58	94396	1645	467990	3412195	36.15
2010	45-49	0.00588	0.02901	2.65	92750	2690	457437	2944205	31.74
2010	50-54	0.00872	0.04276	2.7	90060	3851	441454	2486768	27.61
2010	55-59	0.01165	0.05667	2.6	86209	4885	419307	2045314	23.73
2010	60-64	0.01608	0.07740	2.59	81324	6295	391436	1626007	19.99
2010	65-69	0.02393	0.11313	2.59	75029	8488	354664	1234571	16.45
2010	70-74	0.03332	0.15420	2.59	66541	10261	307987	879908	13.22
2010	75-79	0.05213	0.23091	2.53	56280	12996	249301	571920	10.16
2010	80-84	0.08960	0.36620	2.51	43284	15851	176904	322619	7.45
2010	85-89	0.14989	0.53906	2.4	27434	14788	98665	145715	5.31
2010	90-94	0.24193	0.72260	2.21	12645	9137	37768	47050	3.72
2010	95-99	0.36211	0.85580	1.92	3508	3002	8290	9282	2.65
2010	100-104	0.50262	0.93431	1.64	506	473	940	992	1.96
2010	105-109	0.64391	0.97019	1.4	33	32	50	51	1.55
2010	110+	0.75034	1.00000	1.33	1	1	1	1	1.33
2011	0	0.00794	0.00788	0.07	100000	788	99264	7311837	73.12
2011	1-4	0.00039	0.00156	1.31	99212	154	396432	7212573	72.70
2011	5-9	0.00015	0.00074	2.64	99057	73	495113	6816140	68.81
2011	10-14	0.00030	0.00148	2.91	98984	146	494613	6321027	63.86
2011	15-19	0.00085	0.00424	3.05	98837	419	493369	5826414	58.95
2011	20-24	0.00180	0.00897	2.5	98418	883	489886	5333044	54.19
2011	25-29	0.00206	0.01024	2.7	97535	999	485379	4843159	49.66
2011	30-34	0.00225	0.01120	2.64	96537	1081	480126	4357780	45.14
2011	35-39	0.00273	0.01356	2.72	95455	1295	474323	3877654	40.62
2011	40-44	0.00337	0.01673	2.76	94161	1575	467275	3403331	36.14
2011	45-49	0.00582	0.02874	2.74	92586	2661	456906	2936056	31.71
2011	50-54	0.00879	0.04307	2.65	89925	3873	440516	2479150	27.57
2011	55-59	0.01263	0.06128	2.56	86051	5273	417402	2038633	23.69
2011	60-64	0.01691	0.08125	2.59	80778	6563	388063	1621231	20.07
2011	65-69	0.02329	0.11049	2.67	74215	8200	352003	1233168	16.62
2011	70-74	0.03429	0.15826	2.57	66015	10447	304681	881165	13.35
2011	75-79	0.05032	0.22423	2.57	55568	12460	247599	576483	10.37
2011	80-84	0.08342	0.34568	2.52	43108	14902	178638	328884	7.63
2011	85-89	0.14661	0.53341	2.45	28207	15046	102627	150247	5.33
2011	90-94	0.25071	0.73730	2.21	13161	9703	38703	47619	3.62
2011	95-99	0.37219	0.86475	1.9	3457	2990	8033	8916	2.58
2011	100-104	0.52273	0.94196	1.6	468	440	843	883	1.89
2011	105-109	0.67085	0.97464	1.36	27	26	39	40	1.49
2011	110+	0.77900	1.00000	1.28	1	1	1	1	1.28
2012	0	0.00770	0.00765	0.07	100000	765	99285	7322436	73.22
2012	1-4	0.00045	0.00182	1.41	99235	180	396473	7223150	72.79
2012	5-9	0.00024	0.00118	2.8	99055	117	495017	6826678	68.92
2012	10-14	0.00036	0.00181	2.93	98938	179	494319	6331661	64.00
2012	15-19	0.00095	0.00476	3.07	98758	470	492887	5837342	59.11
2012	20-24	0.00160	0.00798	2.62	98289	785	489579	5344455	54.38
2012	25-29	0.00207	0.01031	2.43	97504	1005	484938	4854876	49.79
2012	30-34	0.00211	0.01048	2.67	96499	1011	480136	4369938	45.28
2012	35-39	0.00256	0.01273	2.47	95488	1215	474360	3889802	40.74
2012	40-44	0.00325	0.01615	2.8	94272	1523	468016	3415442	36.23
2012	45-49	0.00534	0.02638	2.67	92749	2446	458040	2947426	31.78
2012	50-54	0.00818	0.04014	2.66	90303	3624	443046	2489386	27.57
2012	55-59	0.01310	0.06350	2.58	86679	5504	420086	2046340	23.61
2012	60-64	0.01722	0.08266	2.59	81174	6710	389673	1626253	20.03
2012	65-69	0.02360	0.11176	2.63	74464	8322	352575	1236581	16.61
2012	70-74	0.03419	0.15795	2.59	66142	10447	305543	884005	13.37
2012	75-79	0.05121	0.22804	2.6	55695	12700	248025	578462	10.39
2012	80-84	0.08708	0.35960	2.58	42994	15461	177555	330437	7.69
2012	85-89	0.13969	0.51101	2.37	27533	14070	100718	152882	5.55
2012	90-94	0.22977	0.70298	2.24	13464	9465	41192	52164	3.87
2012	95-99	0.34758	0.84350	1.95	3999	3373	9705	10972	2.74
2012	100-104	0.48555	0.92763	1.67	626	581	1196	1268	2.03
2012	105-109	0.62683	0.96716	1.43	45	44	70	72	1.59
2012	110+	0.73486	1.00000	1.36	1	1	2	2	1.36
2013	0	0.00827	0.00820	0.07	100000	820	99235	7320850	73.21
2013	1-4	0.00042	0.00167	1.4	99180	166	396288	7221616	72.81
2013	5-9	0.00020	0.00098	2.05	99014	97	494783	6825327	68.93
2013	10-14	0.00027	0.00137	3.35	98917	136	494361	6330544	64.00
2013	15-19	0.00084	0.00421	3.05	98781	416	493095	5836183	59.08
2013	20-24	0.00162	0.00808	2.4	98366	795	489763	5343088	54.32
2013	25-29	0.00200	0.00993	2.58	97571	969	485506	4853325	49.74
2013	30-34	0.00220	0.01094	2.69	96602	1057	480564	4367818	45.21
2013	35-39	0.00267	0.01326	2.51	95545	1267	474567	3887254	40.69
2013	40-44	0.00335	0.01661	2.51	94278	1566	467490	3412687	36.20
2013	45-49	0.00524	0.02586	2.64	92712	2398	457895	2945197	31.77
2013	50-54	0.00803	0.03941	2.64	90314	3560	443158	2487303	27.54
2013	55-59	0.01299	0.06297	2.59	86755	5463	420606	2044145	23.56
2013	60-64	0.01720	0.08256	2.58	81292	6712	390221	1623539	19.97
2013	65-69	0.02414	0.11398	2.55	74580	8501	352111	1233319	16.54
2013	70-74	0.03493	0.16099	2.57	66079	10638	304531	881208	13.34
2013	75-79	0.05310	0.23475	2.53	55441	13015	245087	576677	10.40
2013	80-84	0.08508	0.35127	2.52	42426	14903	175172	331590	7.82
2013	85-89	0.13537	0.49978	2.38	27523	13756	101613	156418	5.68
2013	90-94	0.22441	0.69037	2.21	13768	9505	42355	54806	3.98
2013	95-99	0.32416	0.82079	1.99	4263	3499	10794	12451	2.92
2013	100-104	0.45155	0.91172	1.73	764	697	1542	1657	2.17
2013	105-109	0.58626	0.95840	1.49	67	65	110	114	1.69
2013	110+	0.69275	1.00000	1.44	3	3	4	4	1.44
2014	0	0.00810	0.00804	0.07	100000	804	99250	7338817	73.39
2014	1-4	0.00029	0.00117	1.84	99196	116	396534	7239567	72.98
2014	5-9	0.00021	0.00103	2.87	99080	102	495183	6843033	69.07
2014	10-14	0.00028	0.00138	2.53	98978	136	494553	6347849	64.13
2014	15-19	0.00097	0.00482	3.24	98842	477	493367	5853297	59.22
2014	20-24	0.00138	0.00685	2.43	98365	674	490090	5359929	54.49
2014	25-29	0.00186	0.00928	2.5	97691	907	486190	4869839	49.85
2014	30-34	0.00207	0.01031	2.69	96784	998	481615	4383649	45.29
2014	35-39	0.00259	0.01285	2.53	95786	1231	475893	3902034	40.74
2014	40-44	0.00379	0.01875	2.49	94555	1773	468333	3426141	36.23
2014	45-49	0.00544	0.02687	2.7	92782	2493	458179	2957808	31.88
2014	50-54	0.00846	0.04148	2.64	90289	3745	442597	2499628	27.68
2014	55-59	0.01241	0.06028	2.63	86544	5217	420334	2057032	23.77
2014	60-64	0.01792	0.08582	2.54	81327	6980	389491	1636698	20.12
2014	65-69	0.02298	0.10879	2.55	74347	8088	351943	1247207	16.78
2014	70-74	0.03451	0.15921	2.57	66259	10549	305673	895264	13.51
2014	75-79	0.05114	0.22747	2.57	55710	12672	247797	589591	10.58
2014	80-84	0.08212	0.34180	2.55	43038	14710	179124	341794	7.94
2014	85-89	0.13690	0.51098	2.52	28327	14475	105730	162670	5.74
2014	90-94	0.21222	0.67234	2.28	13853	9314	43888	56940	4.11
2014	95-99	0.32956	0.82673	1.99	4539	3752	11386	13052	2.88
2014	100-104	0.46307	0.91770	1.71	786	722	1559	1665	2.12
2014	105-109	0.60292	0.96236	1.46	65	62	103	107	1.65
2014	110+	0.71203	1.00000	1.4	2	2	3	3	1.40
2015	0	0.00848	0.00841	0.07	100000	841	99216	7301039	73.01
2015	1-4	0.00034	0.00137	1.42	99159	136	396284	7201823	72.63
2015	5-9	0.00026	0.00130	1.82	99023	128	494704	6805539	68.73
2015	10-14	0.00019	0.00094	2.97	98894	93	494282	6310835	63.81
2015	15-19	0.00098	0.00490	3.19	98801	485	493129	5816552	58.87
2015	20-24	0.00168	0.00835	2.61	98317	821	489619	5323423	54.15
2015	25-29	0.00175	0.00870	2.59	97496	848	485436	4833804	49.58
2015	30-34	0.00227	0.01127	2.53	96648	1089	480549	4348368	44.99
2015	35-39	0.00286	0.01419	2.63	95559	1356	474587	3867819	40.48
2015	40-44	0.00378	0.01874	2.72	94203	1765	467000	3393232	36.02
2015	45-49	0.00545	0.02691	2.74	92438	2487	456572	2926232	31.66
2015	50-54	0.00869	0.04258	2.67	89951	3830	440849	2469660	27.46
2015	55-59	0.01305	0.06330	2.61	86121	5451	417578	2028811	23.56
2015	60-64	0.01801	0.08632	2.59	80669	6963	386594	1611233	19.97
2015	65-69	0.02473	0.11664	2.56	73706	8597	347557	1224639	16.62
2015	70-74	0.03705	0.17017	2.61	65109	11080	299069	877081	13.47
2015	75-79	0.05085	0.22635	2.58	54030	12229	240521	578012	10.70
2015	80-84	0.07954	0.33258	2.54	41800	13902	174783	337491	8.07
2015	85-89	0.12825	0.48445	2.48	27898	13515	105386	162708	5.83
2015	90-94	0.22263	0.68954	2.24	14383	9917	44547	57322	3.99
2015	95-99	0.33114	0.82873	1.99	4465	3700	11175	12776	2.86
2015	100-104	0.46877	0.92063	1.7	765	704	1502	1601	2.09
2015	105-109	0.61227	0.96445	1.45	61	59	96	99	1.62
2015	110+	0.72328	1.00000	1.38	2	2	3	3	1.38
2016	0	0.00902	0.00895	0.07	100000	895	99167	7310887	73.11
2016	1-4	0.00042	0.00167	1.29	99105	166	395970	7211720	72.77
2016	5-9	0.00016	0.00079	2.66	98939	79	494512	6815749	68.89
2016	10-14	0.00022	0.00109	3.01	98861	108	494088	6321237	63.94
2016	15-19	0.00095	0.00475	3.17	98753	469	492906	5827149	59.01
2016	20-24	0.00157	0.00784	2.46	98284	771	489461	5334243	54.27
2016	25-29	0.00213	0.01059	2.53	97513	1033	485012	4844782	49.68
2016	30-34	0.00230	0.01145	2.63	96480	1104	479781	4359771	45.19
2016	35-39	0.00279	0.01384	2.58	95376	1320	473687	3879989	40.68
2016	40-44	0.00401	0.01987	2.57	94055	1869	465736	3406302	36.22
2016	45-49	0.00504	0.02490	2.52	92186	2296	455243	2940566	31.90
2016	50-54	0.00802	0.03939	2.67	89891	3541	441207	2485322	27.65
2016	55-59	0.01321	0.06405	2.65	86350	5531	418728	2044116	23.67
2016	60-64	0.01849	0.08851	2.59	80819	7153	386873	1625388	20.11
2016	65-69	0.02350	0.11141	2.67	73666	8207	349219	1238515	16.81
2016	70-74	0.03554	0.16384	2.62	65459	10725	301808	889296	13.59
2016	75-79	0.05143	0.22837	2.55	54734	12499	243033	587488	10.73
2016	80-84	0.07985	0.33238	2.48	42234	14038	175792	344455	8.16
2016	85-89	0.12471	0.47263	2.44	28197	13327	106864	168662	5.98
2016	90-94	0.21263	0.67999	2.35	14870	10111	47554	61799	4.16
2016	95-99	0.31477	0.81163	2.02	4759	3862	12270	14244	2.99
2016	100-104	0.44389	0.90815	1.75	896	814	1834	1974	2.20
2016	105-109	0.58168	0.95749	1.5	82	79	136	141	1.71
2016	110+	0.69095	1.00000	1.45	3	3	5	5	1.45
2017	0	0.00862	0.00855	0.07	100000	855	99203	7312760	73.13
2017	1-4	0.00041	0.00162	1.87	99145	161	396237	7213557	72.76
2017	5-9	0.00017	0.00085	2.83	98984	84	494738	6817319	68.87
2017	10-14	0.00025	0.00123	3.27	98900	122	494291	6322581	63.93
2017	15-19	0.00104	0.00518	3.03	98779	512	492887	5828290	59.00
2017	20-24	0.00145	0.00723	2.5	98267	710	489562	5335403	54.30
2017	25-29	0.00198	0.00984	2.76	97557	960	485633	4845841	49.67
2017	30-34	0.00224	0.01112	2.58	96597	1074	480390	4360208	45.14
2017	35-39	0.00291	0.01445	2.43	95523	1380	474069	3879818	40.62
2017	40-44	0.00403	0.01996	2.69	94143	1879	466379	3405749	36.18
2017	45-49	0.00549	0.02706	2.53	92264	2497	455146	2939369	31.86
2017	50-54	0.00822	0.04033	2.71	89767	3620	440541	2484224	27.67
2017	55-59	0.01264	0.06133	2.59	86147	5284	418015	2043683	23.72
2017	60-64	0.01820	0.08717	2.59	80863	7049	387324	1625668	20.10
2017	65-69	0.02476	0.11682	2.59	73814	8623	348264	1238343	16.78
2017	70-74	0.03480	0.16082	2.65	65191	10484	301302	890080	13.65
2017	75-79	0.05252	0.23236	2.52	54707	12712	242059	588778	10.76
2017	80-84	0.07764	0.32490	2.49	41995	13644	175736	346719	8.26
2017	85-89	0.12612	0.47761	2.46	28351	13541	107361	170983	6.03
2017	90-94	0.20278	0.65461	2.29	14810	9695	47811	63622	4.30
2017	95-99	0.30351	0.79916	2.04	5115	4088	13469	15811	3.09
2017	100-104	0.42785	0.89923	1.78	1027	924	2159	2342	2.28
2017	105-109	0.56246	0.95248	1.53	104	99	175	183	1.76
2017	110+	0.67064	1.00000	1.49	5	5	7	7	1.49
2018	0	0.00809	0.00803	0.07	100000	803	99251	7338114	73.38
2018	1-4	0.00039	0.00158	1.59	99197	157	396410	7238863	72.97
2018	5-9	0.00018	0.00091	2.22	99041	90	494953	6842453	69.09
2018	10-14	0.00023	0.00117	2.72	98951	116	494489	6347500	64.15
2018	15-19	0.00095	0.00473	3.07	98835	468	493269	5853011	59.22
2018	20-24	0.00165	0.00821	2.51	98367	808	489826	5359741	54.49
2018	25-29	0.00185	0.00919	2.46	97559	897	485523	4869915	49.92
2018	30-34	0.00235	0.01169	2.59	96663	1130	480584	4384392	45.36
2018	35-39	0.00317	0.01573	2.59	95533	1503	474041	3903808	40.86
2018	40-44	0.00359	0.01777	2.51	94030	1671	465989	3429767	36.48
2018	45-49	0.00550	0.02716	2.63	92358	2508	455836	2963778	32.09
2018	50-54	0.00788	0.03868	2.7	89850	3476	441240	2507942	27.91
2018	55-59	0.01207	0.05869	2.64	86374	5070	419932	2066702	23.93
2018	60-64	0.01842	0.08828	2.64	81305	7178	389620	1646770	20.25
2018	65-69	0.02350	0.11113	2.57	74127	8237	350577	1257150	16.96
2018	70-74	0.03305	0.15306	2.59	65889	10085	305146	906573	13.76
2018	75-79	0.05161	0.22888	2.53	55804	12772	247474	601427	10.78
2018	80-84	0.07833	0.32790	2.52	43032	14110	180144	353953	8.23
2018	85-89	0.12352	0.47089	2.48	28922	13619	110261	173809	6.01
2018	90-94	0.21281	0.67279	2.27	15303	10296	48381	63549	4.15
2018	95-99	0.31048	0.80708	2.03	5007	4041	13016	15167	3.03
2018	100-104	0.43871	0.90543	1.76	966	875	1994	2151	2.23
2018	105-109	0.57625	0.95616	1.51	91	87	152	157	1.72
2018	110+	0.68576	1.00000	1.46	4	4	6	6	1.46
2019	0	0.00735	0.00730	0.06	100000	730	99317	7337560	73.38
2019	1-4	0.00034	0.00134	1.63	99270	133	396765	7238243	72.91
2019	5-9	0.00017	0.00086	2.2	99137	85	495447	6841478	69.01
2019	10-14	0.00025	0.00126	2.89	99052	125	494995	6346031	64.07
2019	15-19	0.00095	0.00474	2.94	98927	469	493669	5851036	59.15
2019	20-24	0.00179	0.00894	2.61	98458	880	490182	5357368	54.41
2019	25-29	0.00164	0.00815	2.62	97578	795	486000	4867185	49.88
2019	30-34	0.00235	0.01171	2.76	96783	1133	481371	4381185	45.27
2019	35-39	0.00283	0.01405	2.71	95650	1344	475167	3899814	40.77
2019	40-44	0.00394	0.01953	2.53	94306	1841	466981	3424647	36.31
2019	45-49	0.00527	0.02604	2.59	92464	2408	456522	2957666	31.99
2019	50-54	0.00792	0.03887	2.67	90056	3501	442126	2501143	27.77
2019	55-59	0.01224	0.05949	2.66	86555	5149	420731	2059017	23.79
2019	60-64	0.01861	0.08906	2.6	81406	7250	389664	1638285	20.12
2019	65-69	0.02484	0.11715	2.57	74157	8687	349671	1248622	16.84
2019	70-74	0.03517	0.16200	2.57	65469	10606	301611	898950	13.73
2019	75-79	0.05035	0.22426	2.57	54863	12304	244380	597339	10.89
2019	80-84	0.08000	0.33310	2.49	42559	14177	177202	352959	8.29
2019	85-89	0.11988	0.46006	2.47	28383	13058	108928	175757	6.19
2019	90-94	0.20009	0.64911	2.29	15325	9948	49716	66829	4.36
2019	95-99	0.29373	0.78751	2.06	5377	4235	14417	17114	3.18
2019	100-104	0.41217	0.88956	1.81	1143	1016	2466	2697	2.36
2019	105-109	0.54198	0.94644	1.56	126	119	220	231	1.83
2019	110+	0.64761	1.00000	1.54	7	7	10	10	1.54
