DE: Delaware, Lifetables (period 5x1), Both sexes Last modified: 20 Dec 2020, MPv5 (May07) 

Year	Age	mx	qx	ax	lx	dx	Lx	Tx	ex
1959	0	0.02576	0.02519	0.12	100000	2519	97782	6965331	69.65
1959	1-4	0.00098	0.00391	1.64	97481	381	389026	6867549	70.45
1959	5-9	0.00027	0.00133	1.49	97100	130	485046	6478523	66.72
1959	10-14	0.00036	0.00178	2.37	96970	173	484398	5993477	61.81
1959	15-19	0.00107	0.00532	2.74	96798	515	482826	5509079	56.91
1959	20-24	0.00099	0.00496	2.43	96282	477	480184	5026254	52.20
1959	25-29	0.00127	0.00635	2.52	95805	608	477520	4546070	47.45
1959	30-34	0.00123	0.00613	2.24	95197	584	474374	4068550	42.74
1959	35-39	0.00222	0.01105	2.56	94613	1045	470517	3594177	37.99
1959	40-44	0.00381	0.01891	2.85	93568	1769	464037	3123660	33.38
1959	45-49	0.00583	0.02874	2.69	91799	2638	452896	2659623	28.97
1959	50-54	0.01025	0.05011	2.73	89160	4468	435653	2206726	24.75
1959	55-59	0.01551	0.07489	2.72	84693	6342	408991	1771073	20.91
1959	60-64	0.02177	0.10338	2.58	78351	8100	372119	1362082	17.38
1959	65-69	0.03276	0.15213	2.66	70251	10687	326269	989963	14.09
1959	70-74	0.05376	0.23794	2.59	59563	14172	263630	663694	11.14
1959	75-79	0.07391	0.31267	2.54	45391	14192	192015	400064	8.81
1959	80-84	0.11047	0.43138	2.46	31199	13458	121824	208049	6.67
1959	85-89	0.17241	0.59009	2.33	17740	10468	60718	86225	4.86
1959	90-94	0.26113	0.74633	2.13	7272	5427	20784	25507	3.51
1959	95-99	0.37637	0.86574	1.88	1845	1597	4243	4724	2.56
1959	100-104	0.50842	0.93568	1.62	248	232	456	481	1.94
1959	105-109	0.63966	0.96904	1.4	16	15	24	25	1.56
1959	110+	0.73831	1.00000	1.35	0	0	1	1	1.35
1960	0	0.02445	0.02393	0.12	100000	2393	97888	6908481	69.08
1960	1-4	0.00072	0.00286	1.48	97607	279	389725	6810594	69.78
1960	5-9	0.00050	0.00249	1.82	97328	242	485868	6420869	65.97
1960	10-14	0.00053	0.00263	3.24	97086	255	484979	5935001	61.13
1960	15-19	0.00093	0.00466	3.02	96830	451	483258	5450022	56.28
1960	20-24	0.00140	0.00698	2.52	96379	673	480224	4966764	51.53
1960	25-29	0.00105	0.00525	2.15	95706	503	477098	4486540	46.88
1960	30-34	0.00155	0.00770	2.54	95203	733	474212	4009442	42.11
1960	35-39	0.00242	0.01205	2.57	94470	1138	469583	3535231	37.42
1960	40-44	0.00418	0.02072	2.93	93332	1934	462658	3065648	32.85
1960	45-49	0.00704	0.03464	2.7	91398	3166	449700	2602990	28.48
1960	50-54	0.01079	0.05251	2.45	88232	4633	429361	2153290	24.40
1960	55-59	0.01547	0.07444	2.48	83599	6223	402328	1723929	20.62
1960	60-64	0.02383	0.11273	2.62	77376	8722	366092	1321601	17.08
1960	65-69	0.03516	0.16147	2.48	68653	11085	315296	955509	13.92
1960	70-74	0.05189	0.23026	2.56	57568	13256	255468	640213	11.12
1960	75-79	0.07560	0.31973	2.59	44312	14168	187412	384745	8.68
1960	80-84	0.11934	0.45577	2.41	30144	13739	115125	197333	6.55
1960	85-89	0.17098	0.58455	2.3	16405	9590	56088	82208	5.01
1960	90-94	0.23867	0.70995	2.15	6816	4839	20274	26120	3.83
1960	95-99	0.32261	0.81554	1.97	1977	1612	4997	5846	2.96
1960	100-104	0.42002	0.89170	1.77	365	325	774	849	2.33
1960	105-109	0.52477	0.93929	1.58	39	37	71	75	1.89
1960	110+	0.61046	1.00000	1.64	2	2	4	4	1.64
1961	0	0.02703	0.02640	0.12	100000	2640	97689	6987490	69.87
1961	1-4	0.00086	0.00345	1.84	97360	336	388713	6889802	70.77
1961	5-9	0.00052	0.00261	2	97024	253	484361	6501089	67.00
1961	10-14	0.00035	0.00174	2.59	96771	168	483450	6016728	62.17
1961	15-19	0.00046	0.00228	2.86	96603	221	482543	5533278	57.28
1961	20-24	0.00068	0.00340	2.08	96382	328	480955	5050736	52.40
1961	25-29	0.00114	0.00569	2.29	96054	547	478789	4569781	47.57
1961	30-34	0.00165	0.00820	2.39	95508	783	475496	4090992	42.83
1961	35-39	0.00226	0.01122	2.58	94724	1063	471054	3615495	38.17
1961	40-44	0.00380	0.01885	2.86	93661	1766	464535	3144442	33.57
1961	45-49	0.00620	0.03051	2.5	91896	2804	452458	2679906	29.16
1961	50-54	0.01021	0.04979	2.55	89092	4436	434571	2227448	25.00
1961	55-59	0.01400	0.06771	2.61	84656	5732	409594	1792877	21.18
1961	60-64	0.02107	0.10041	2.66	78924	7925	376060	1383283	17.53
1961	65-69	0.03225	0.14983	2.64	70999	10637	329871	1007222	14.19
1961	70-74	0.05315	0.23446	2.49	60362	14153	266282	677351	11.22
1961	75-79	0.07159	0.30398	2.52	46209	14046	196206	411069	8.90
1961	80-84	0.10774	0.42398	2.49	32162	13636	126563	214863	6.68
1961	85-89	0.17548	0.59772	2.33	18526	11073	63103	88300	4.77
1961	90-94	0.27219	0.76214	2.11	7453	5680	20868	25197	3.38
1961	95-99	0.39632	0.88054	1.84	1773	1561	3939	4329	2.44
1961	100-104	0.53633	0.94546	1.58	212	200	373	390	1.84
1961	105-109	0.67261	0.97453	1.36	12	11	17	17	1.48
1961	110+	0.77302	1.00000	1.29	0	0	0	0	1.29
1962	0	0.02150	0.02109	0.11	100000	2109	98119	6971945	69.72
1962	1-4	0.00114	0.00454	1.62	97891	445	390502	6873826	70.22
1962	5-9	0.00055	0.00272	2.3	97446	265	486513	6483324	66.53
1962	10-14	0.00034	0.00171	2.6	97181	166	485505	5996812	61.71
1962	15-19	0.00092	0.00460	2.65	97015	447	484024	5511307	56.81
1962	20-24	0.00093	0.00462	2.43	96568	446	481692	5027282	52.06
1962	25-29	0.00125	0.00623	2.69	96122	599	479225	4545591	47.29
1962	30-34	0.00159	0.00792	2.49	95523	757	475716	4066366	42.57
1962	35-39	0.00230	0.01144	2.82	94766	1084	471469	3590650	37.89
1962	40-44	0.00362	0.01795	2.74	93682	1681	464607	3119181	33.30
1962	45-49	0.00591	0.02914	2.49	92001	2681	453284	2654574	28.85
1962	50-54	0.01104	0.05388	2.75	89320	4813	435763	2201291	24.64
1962	55-59	0.01508	0.07281	2.65	84507	6153	408079	1765528	20.89
1962	60-64	0.02050	0.09768	2.6	78354	7653	373393	1357449	17.32
1962	65-69	0.03467	0.15993	2.58	70701	11307	326124	984056	13.92
1962	70-74	0.05255	0.23288	2.56	59394	13831	263189	657931	11.08
1962	75-79	0.07727	0.32247	2.44	45563	14692	190135	394743	8.66
1962	80-84	0.11514	0.44432	2.43	30870	13716	119125	204608	6.63
1962	85-89	0.17042	0.58414	2.31	17154	10020	58797	85484	4.98
1962	90-94	0.24437	0.71966	2.14	7134	5134	21008	26686	3.74
1962	95-99	0.33691	0.83031	1.95	2000	1660	4928	5678	2.84
1962	100-104	0.44392	0.90580	1.73	339	307	692	749	2.21
1962	105-109	0.55705	0.94973	1.53	32	30	54	57	1.78
1962	110+	0.64829	1.00000	1.54	2	2	2	2	1.54
1963	0	0.02505	0.02451	0.12	100000	2451	97839	6957918	69.58
1963	1-4	0.00101	0.00402	1.67	97549	392	389283	6860080	70.32
1963	5-9	0.00050	0.00250	2.96	97157	243	485292	6470797	66.60
1963	10-14	0.00040	0.00200	2.91	96915	194	484166	5985505	61.76
1963	15-19	0.00082	0.00409	2.94	96720	396	482787	5501339	56.88
1963	20-24	0.00101	0.00504	2.6	96325	486	480459	5018552	52.10
1963	25-29	0.00119	0.00592	2.42	95839	567	477729	4538093	47.35
1963	30-34	0.00123	0.00611	2.51	95272	582	474910	4060364	42.62
1963	35-39	0.00245	0.01216	2.65	94690	1151	470748	3585454	37.87
1963	40-44	0.00378	0.01877	2.81	93539	1755	463853	3114706	33.30
1963	45-49	0.00529	0.02611	2.61	91783	2397	453185	2650854	28.88
1963	50-54	0.00935	0.04577	2.7	89387	4091	437509	2197669	24.59
1963	55-59	0.01524	0.07358	2.65	85296	6276	411699	1760160	20.64
1963	60-64	0.02192	0.10421	2.64	79019	8235	375665	1348460	17.06
1963	65-69	0.03602	0.16565	2.58	70784	11725	325525	972795	13.74
1963	70-74	0.04999	0.22231	2.51	59059	13129	262651	647271	10.96
1963	75-79	0.07606	0.31929	2.49	45929	14665	192806	384620	8.37
1963	80-84	0.12755	0.47942	2.41	31264	14989	117516	191813	6.14
1963	85-89	0.19020	0.62594	2.27	16276	10188	53562	74297	4.56
1963	90-94	0.27286	0.76001	2.09	6088	4627	16957	20735	3.41
1963	95-99	0.37375	0.86162	1.87	1461	1259	3368	3778	2.59
1963	100-104	0.48646	0.92573	1.65	202	187	385	410	2.03
1963	105-109	0.60079	0.96067	1.46	15	14	24	25	1.66
1963	110+	0.69047	1.00000	1.45	1	1	1	1	1.45
1964	0	0.02198	0.02156	0.11	100000	2156	98079	6972425	69.72
1964	1-4	0.00088	0.00350	1.61	97844	343	390557	6874346	70.26
1964	5-9	0.00043	0.00213	2.37	97501	208	486961	6483788	66.50
1964	10-14	0.00047	0.00235	2.95	97294	229	486000	5996827	61.64
1964	15-19	0.00078	0.00391	2.59	97065	379	484410	5510827	56.77
1964	20-24	0.00121	0.00604	2.47	96685	584	481949	5026417	51.99
1964	25-29	0.00160	0.00799	2.55	96101	768	478628	4544468	47.29
1964	30-34	0.00177	0.00880	2.84	95333	839	474853	4065840	42.65
1964	35-39	0.00257	0.01278	2.54	94494	1208	469504	3590986	38.00
1964	40-44	0.00370	0.01836	2.62	93287	1712	462354	3121482	33.46
1964	45-49	0.00637	0.03141	2.81	91574	2876	451575	2659128	29.04
1964	50-54	0.00980	0.04790	2.66	88698	4249	433557	2207553	24.89
1964	55-59	0.01546	0.07473	2.76	84449	6311	408084	1773996	21.01
1964	60-64	0.02414	0.11394	2.54	78138	8903	368759	1365912	17.48
1964	65-69	0.03442	0.15901	2.61	69236	11009	319835	997153	14.40
1964	70-74	0.05154	0.22882	2.55	58227	13323	258513	677318	11.63
1964	75-79	0.06746	0.28799	2.46	44903	12932	191707	418805	9.33
1964	80-84	0.10161	0.40439	2.48	31971	12929	127237	227098	7.10
1964	85-89	0.15707	0.55468	2.35	19042	10562	67249	99861	5.24
1964	90-94	0.23459	0.70582	2.18	8480	5985	25514	32613	3.85
1964	95-99	0.33496	0.82987	1.96	2495	2070	6180	7099	2.85
1964	100-104	0.45322	0.91160	1.72	424	387	854	918	2.16
1964	105-109	0.57809	0.95594	1.5	38	36	62	64	1.72
1964	110+	0.67770	1.00000	1.48	2	2	2	2	1.48
1965	0	0.02391	0.02342	0.11	100000	2342	97926	6961168	69.61
1965	1-4	0.00079	0.00317	1.57	97658	310	389882	6863242	70.28
1965	5-9	0.00038	0.00191	2.29	97349	186	486240	6473359	66.50
1965	10-14	0.00028	0.00142	2.95	97162	138	485530	5987120	61.62
1965	15-19	0.00089	0.00446	2.56	97024	432	484066	5501590	56.70
1965	20-24	0.00124	0.00618	2.56	96592	597	481506	5017524	51.95
1965	25-29	0.00107	0.00534	2.31	95995	512	478598	4536018	47.25
1965	30-34	0.00139	0.00694	2.28	95483	663	475610	4057420	42.49
1965	35-39	0.00219	0.01088	2.84	94820	1031	471877	3581809	37.77
1965	40-44	0.00375	0.01858	2.59	93789	1743	464745	3109932	33.16
1965	45-49	0.00681	0.03359	2.89	92046	3091	453719	2645187	28.74
1965	50-54	0.01045	0.05097	2.61	88955	4534	433956	2191468	24.64
1965	55-59	0.01495	0.07226	2.68	84421	6100	407925	1757511	20.82
1965	60-64	0.02357	0.11170	2.66	78321	8748	371151	1349587	17.23
1965	65-69	0.03364	0.15557	2.58	69573	10823	321722	978436	14.06
1965	70-74	0.05233	0.23236	2.59	58749	13651	260869	656714	11.18
1965	75-79	0.07824	0.32644	2.46	45098	14722	188168	395845	8.78
1965	80-84	0.10718	0.42150	2.47	30377	12804	119457	207677	6.84
1965	85-89	0.16620	0.57589	2.33	17573	10120	60892	88220	5.02
1965	90-94	0.24839	0.72723	2.15	7453	5420	21820	27328	3.67
1965	95-99	0.35386	0.84693	1.92	2033	1722	4866	5508	2.71
1965	100-104	0.47632	0.92246	1.68	311	287	603	642	2.06
1965	105-109	0.60305	0.96178	1.46	24	23	38	40	1.65
1965	110+	0.70258	1.00000	1.42	1	1	1	1	1.42
1966	0	0.02272	0.02227	0.11	100000	2227	98020	6918769	69.19
1966	1-4	0.00099	0.00396	1.45	97773	388	390102	6820749	69.76
1966	5-9	0.00036	0.00180	2.55	97385	175	486496	6430647	66.03
1966	10-14	0.00052	0.00258	2.56	97210	251	485438	5944151	61.15
1966	15-19	0.00108	0.00540	2.86	96959	524	483672	5458713	56.30
1966	20-24	0.00117	0.00583	2.46	96435	563	480743	4975042	51.59
1966	25-29	0.00125	0.00625	2.19	95872	599	477676	4494299	46.88
1966	30-34	0.00169	0.00842	2.66	95273	803	474486	4016622	42.16
1966	35-39	0.00280	0.01389	2.9	94471	1313	469592	3542136	37.49
1966	40-44	0.00382	0.01893	2.76	93158	1763	461848	3072544	32.98
1966	45-49	0.00637	0.03137	2.66	91395	2867	450262	2610696	28.56
1966	50-54	0.01012	0.04944	2.66	88528	4377	432402	2160434	24.40
1966	55-59	0.01618	0.07811	2.79	84151	6573	406217	1728032	20.53
1966	60-64	0.02452	0.11571	2.57	77579	8976	366120	1321816	17.04
1966	65-69	0.03528	0.16234	2.55	68602	11137	315691	955696	13.93
1966	70-74	0.04870	0.21823	2.62	57466	12541	257530	640005	11.14
1966	75-79	0.07907	0.32890	2.44	44925	14776	186864	382475	8.51
1966	80-84	0.11636	0.44853	2.45	30149	13523	116210	195611	6.49
1966	85-89	0.17849	0.60246	2.3	16626	10017	56120	79400	4.78
1966	90-94	0.26172	0.74562	2.12	6610	4928	18830	23281	3.52
1966	95-99	0.36398	0.85431	1.89	1681	1436	3946	4451	2.65
1966	100-104	0.47822	0.92238	1.67	245	226	472	504	2.06
1966	105-109	0.59387	0.95915	1.47	19	18	31	32	1.67
1966	110+	0.68441	1.00000	1.46	1	1	1	1	1.46
1967	0	0.02065	0.02027	0.11	100000	2027	98186	6977428	69.77
1967	1-4	0.00089	0.00357	1.85	97973	350	391139	6879242	70.22
1967	5-9	0.00053	0.00264	2.43	97623	258	487451	6488102	66.46
1967	10-14	0.00039	0.00193	2.64	97365	188	486381	6000651	61.63
1967	15-19	0.00110	0.00547	3.02	97177	532	484831	5514270	56.74
1967	20-24	0.00148	0.00736	2.38	96645	712	481362	5029439	52.04
1967	25-29	0.00118	0.00587	2.15	95933	563	478060	4548077	47.41
1967	30-34	0.00205	0.01021	2.84	95370	973	474743	4070016	42.68
1967	35-39	0.00247	0.01228	2.77	94397	1159	469402	3595274	38.09
1967	40-44	0.00404	0.02001	2.73	93238	1865	461948	3125871	33.53
1967	45-49	0.00571	0.02819	2.77	91372	2576	451124	2663923	29.15
1967	50-54	0.01018	0.04976	2.79	88796	4418	434209	2212799	24.92
1967	55-59	0.01444	0.06969	2.5	84378	5880	407193	1778590	21.08
1967	60-64	0.02293	0.10855	2.55	78498	8521	371649	1371397	17.47
1967	65-69	0.03217	0.14932	2.6	69977	10449	324793	999748	14.29
1967	70-74	0.05316	0.23522	2.56	59528	14002	263424	674955	11.34
1967	75-79	0.07611	0.32182	2.6	45526	14651	192510	411531	9.04
1967	80-84	0.10191	0.40528	2.48	30874	12513	122784	219021	7.09
1967	85-89	0.15723	0.55503	2.35	18362	10191	64819	96237	5.24
1967	90-94	0.23462	0.70585	2.18	8170	5767	24581	31418	3.85
1967	95-99	0.33499	0.82991	1.96	2403	1995	5954	6838	2.85
1967	100-104	0.45355	0.91182	1.72	409	373	822	884	2.16
1967	105-109	0.57910	0.95624	1.5	36	34	60	62	1.72
1967	110+	0.67948	1.00000	1.47	2	2	2	2	1.47
1968	0	0.02050	0.02013	0.11	100000	2013	98203	6931057	69.31
1968	1-4	0.00065	0.00259	1.77	97987	253	391384	6832854	69.73
1968	5-9	0.00039	0.00196	2.52	97734	192	488195	6441470	65.91
1968	10-14	0.00040	0.00198	2.89	97542	193	487304	5953275	61.03
1968	15-19	0.00072	0.00357	2.34	97349	348	485822	5465971	56.15
1968	20-24	0.00115	0.00575	2.41	97002	557	483567	4980150	51.34
1968	25-29	0.00154	0.00766	2.37	96444	739	480276	4496583	46.62
1968	30-34	0.00177	0.00884	2.55	95706	846	476455	4016307	41.97
1968	35-39	0.00245	0.01221	2.7	94860	1158	471639	3539851	37.32
1968	40-44	0.00435	0.02155	2.7	93702	2019	463866	3068212	32.74
1968	45-49	0.00751	0.03685	2.45	91683	3378	449799	2604346	28.41
1968	50-54	0.01141	0.05559	2.72	88305	4909	430346	2154548	24.40
1968	55-59	0.01627	0.07829	2.62	83396	6529	401415	1724201	20.67
1968	60-64	0.02229	0.10580	2.6	76866	8132	364828	1322786	17.21
1968	65-69	0.03599	0.16484	2.45	68734	11330	314806	957958	13.94
1968	70-74	0.05769	0.25210	2.5	57404	14471	250867	643152	11.20
1968	75-79	0.07124	0.30161	2.46	42932	12949	181769	392285	9.14
1968	80-84	0.10526	0.41515	2.46	29984	12448	118260	210516	7.02
1968	85-89	0.15795	0.55609	2.34	17536	9751	61739	92255	5.26
1968	90-94	0.23024	0.69796	2.18	7784	5433	23599	30517	3.92
1968	95-99	0.32310	0.81753	1.98	2351	1922	5949	6918	2.94
1968	100-104	0.43303	0.90045	1.76	429	386	892	969	2.26
1968	105-109	0.55130	0.94844	1.54	43	41	73	77	1.80
1968	110+	0.64743	1.00000	1.54	2	2	3	3	1.54
1969	0	0.02363	0.02315	0.11	100000	2315	97948	6979617	69.80
1969	1-4	0.00084	0.00336	1.43	97685	328	389899	6881669	70.45
1969	5-9	0.00060	0.00302	2.15	97357	294	485950	6491770	66.68
1969	10-14	0.00031	0.00156	3.02	97064	151	485018	6005821	61.88
1969	15-19	0.00108	0.00540	2.36	96912	523	483177	5520803	56.97
1969	20-24	0.00144	0.00719	2.28	96389	693	480059	5037625	52.26
1969	25-29	0.00133	0.00661	2.54	95696	633	476925	4557566	47.63
1969	30-34	0.00133	0.00665	2.69	95064	632	473856	4080641	42.93
1969	35-39	0.00216	0.01073	2.74	94431	1013	469867	3606785	38.19
1969	40-44	0.00366	0.01814	2.65	93418	1695	463107	3136918	33.58
1969	45-49	0.00633	0.03122	2.71	91723	2863	452058	2673810	29.15
1969	50-54	0.01035	0.05058	2.76	88860	4495	434229	2221752	25.00
1969	55-59	0.01476	0.07114	2.46	84365	6002	406573	1787523	21.19
1969	60-64	0.02499	0.11785	2.58	78363	9235	369490	1380950	17.62
1969	65-69	0.03442	0.15905	2.61	69128	10995	319408	1011460	14.63
1969	70-74	0.04712	0.21257	2.7	58134	12357	262240	692052	11.90
1969	75-79	0.07233	0.30433	2.4	45776	13931	192595	429812	9.39
1969	80-84	0.08951	0.36676	2.54	31845	11680	130489	237217	7.45
1969	85-89	0.15091	0.54177	2.4	20165	10925	72395	106729	5.29
1969	90-94	0.24187	0.71969	2.19	9240	6650	27496	34334	3.72
1969	95-99	0.36296	0.85659	1.92	2590	2219	6113	6838	2.64
1969	100-104	0.50466	0.93518	1.63	371	347	688	725	1.95
1969	105-109	0.64751	0.97087	1.39	24	23	36	37	1.54
1969	110+	0.75511	1.00000	1.32	1	1	1	1	1.32
1970	0	0.02075	0.02038	0.11	100000	2038	98180	6991815	69.92
1970	1-4	0.00088	0.00353	1.59	97962	346	391016	6893635	70.37
1970	5-9	0.00031	0.00157	2.35	97617	154	487676	6502620	66.61
1970	10-14	0.00039	0.00194	2.91	97463	189	486921	6014944	61.72
1970	15-19	0.00092	0.00459	3.03	97274	446	485492	5528023	56.83
1970	20-24	0.00115	0.00575	2.45	96828	557	482719	5042531	52.08
1970	25-29	0.00123	0.00615	2.58	96271	592	479922	4559812	47.36
1970	30-34	0.00169	0.00842	2.56	95680	806	476432	4079890	42.64
1970	35-39	0.00233	0.01158	2.61	94873	1098	471741	3603458	37.98
1970	40-44	0.00414	0.02049	2.79	93775	1922	464632	3131717	33.40
1970	45-49	0.00612	0.03009	2.31	91853	2764	451842	2667085	29.04
1970	50-54	0.01095	0.05339	2.68	89090	4756	434437	2215243	24.87
1970	55-59	0.01568	0.07557	2.61	84333	6373	406446	1780806	21.12
1970	60-64	0.02335	0.11067	2.64	77960	8628	369446	1374361	17.63
1970	65-69	0.03322	0.15357	2.55	69333	10647	320539	1004914	14.49
1970	70-74	0.04964	0.22286	2.71	58685	13079	263481	684375	11.66
1970	75-79	0.07059	0.29956	2.47	45606	13662	193531	420894	9.23
1970	80-84	0.10364	0.41008	2.46	31944	13100	126399	227363	7.12
1970	85-89	0.15441	0.54757	2.35	18845	10319	66828	100964	5.36
1970	90-94	0.22445	0.68831	2.19	8526	5869	26146	34136	4.00
1970	95-99	0.31524	0.80947	2	2657	2151	6824	7990	3.01
1970	100-104	0.42384	0.89525	1.77	506	453	1069	1167	2.30
1970	105-109	0.54189	0.94567	1.56	53	50	93	97	1.83
1970	110+	0.63842	1.00000	1.57	3	3	5	5	1.57
1971	0	0.01543	0.01522	0.09	100000	1522	98617	7092501	70.93
1971	1-4	0.00096	0.00382	1.38	98478	376	392925	6993883	71.02
1971	5-9	0.00047	0.00236	1.95	98102	231	489803	6600958	67.29
1971	10-14	0.00045	0.00223	2.88	97870	219	488889	6111154	62.44
1971	15-19	0.00065	0.00325	2.99	97652	318	487621	5622265	57.57
1971	20-24	0.00111	0.00555	2.68	97334	541	485414	5134644	52.75
1971	25-29	0.00145	0.00722	2.54	96793	699	482245	4649230	48.03
1971	30-34	0.00170	0.00845	2.68	96095	812	478593	4166985	43.36
1971	35-39	0.00187	0.00929	2.81	95283	885	474479	3688392	38.71
1971	40-44	0.00329	0.01632	2.76	94397	1540	468534	3213913	34.05
1971	45-49	0.00517	0.02553	2.47	92857	2371	458292	2745379	29.57
1971	50-54	0.00915	0.04478	2.61	90486	4052	442751	2287086	25.28
1971	55-59	0.01454	0.07032	2.65	86434	6078	417870	1844335	21.34
1971	60-64	0.02152	0.10246	2.67	80357	8234	382593	1426465	17.75
1971	65-69	0.03269	0.15134	2.56	72123	10915	333953	1043872	14.47
1971	70-74	0.04692	0.20908	2.4	61208	12797	272739	709919	11.60
1971	75-79	0.07460	0.31345	2.45	48411	15174	203424	437180	9.03
1971	80-84	0.10451	0.41283	2.46	33236	13721	131294	233757	7.03
1971	85-89	0.15744	0.55513	2.34	19515	10833	68811	102463	5.25
1971	90-94	0.23247	0.70220	2.18	8682	6096	26224	33652	3.88
1971	95-99	0.33129	0.82638	1.97	2585	2137	6449	7428	2.87
1971	100-104	0.44929	0.90970	1.73	449	408	909	979	2.18
1971	105-109	0.57467	0.95510	1.51	41	39	67	70	1.73
1971	110+	0.67460	1.00000	1.48	2	2	3	3	1.48
1972	0	0.01816	0.01787	0.1	100000	1787	98393	7064514	70.65
1972	1-4	0.00087	0.00347	1.22	98213	340	391904	6966121	70.93
1972	5-9	0.00051	0.00254	2.75	97872	248	488804	6574217	67.17
1972	10-14	0.00043	0.00216	2.26	97624	211	487543	6085413	62.34
1972	15-19	0.00089	0.00442	2.71	97414	430	486082	5597870	57.46
1972	20-24	0.00115	0.00575	2.21	96983	558	483360	5111788	52.71
1972	25-29	0.00127	0.00634	2.43	96426	612	480553	4628428	48.00
1972	30-34	0.00149	0.00744	2.83	95814	713	477521	4147875	43.29
1972	35-39	0.00244	0.01212	2.69	95101	1153	472841	3670354	38.59
1972	40-44	0.00434	0.02145	2.27	93948	2015	464230	3197513	34.03
1972	45-49	0.00580	0.02859	2.59	91933	2628	453342	2733283	29.73
1972	50-54	0.00912	0.04456	2.5	89304	3980	436588	2279942	25.53
1972	55-59	0.01507	0.07272	2.63	85325	6205	411895	1843353	21.60
1972	60-64	0.02059	0.09824	2.68	79120	7773	377557	1431458	18.09
1972	65-69	0.03186	0.14807	2.62	71346	10565	331626	1053901	14.77
1972	70-74	0.04441	0.20168	2.73	60782	12259	276039	722276	11.88
1972	75-79	0.06763	0.29302	2.72	48523	14218	210246	446237	9.20
1972	80-84	0.10692	0.42041	2.46	34305	14422	134892	235991	6.88
1972	85-89	0.16358	0.56973	2.34	19883	11328	69252	101100	5.08
1972	90-94	0.24380	0.72032	2.16	8555	6162	25276	31848	3.72
1972	95-99	0.34841	0.84236	1.93	2393	2015	5785	6572	2.75
1972	100-104	0.47113	0.92024	1.69	377	347	737	787	2.09
1972	105-109	0.59837	0.96076	1.47	30	29	48	50	1.66
1972	110+	0.69787	1.00000	1.43	1	1	2	2	1.43
1973	0	0.01560	0.01539	0.09	100000	1539	98605	7105886	71.06
1973	1-4	0.00074	0.00294	1.8	98461	290	393209	7007282	71.17
1973	5-9	0.00037	0.00187	1.75	98172	184	490261	6614073	67.37
1973	10-14	0.00056	0.00282	2.41	97988	276	489225	6123812	62.50
1973	15-19	0.00105	0.00524	2.81	97712	512	487439	5634587	57.67
1973	20-24	0.00142	0.00705	2.28	97200	685	484134	5147148	52.95
1973	25-29	0.00138	0.00689	2.43	96515	665	480867	4663014	48.31
1973	30-34	0.00133	0.00664	2.58	95850	637	477708	4182147	43.63
1973	35-39	0.00229	0.01137	2.46	95213	1082	473320	3704439	38.91
1973	40-44	0.00366	0.01813	2.62	94131	1707	466594	3231119	34.33
1973	45-49	0.00528	0.02608	2.63	92424	2410	456401	2764524	29.91
1973	50-54	0.00898	0.04396	2.68	90014	3957	440896	2308124	25.64
1973	55-59	0.01376	0.06667	2.65	86057	5737	416811	1867227	21.70
1973	60-64	0.02178	0.10338	2.56	80320	8303	381313	1450416	18.06
1973	65-69	0.03116	0.14473	2.54	72017	10423	334458	1069103	14.85
1973	70-74	0.04767	0.21302	2.51	61594	13121	275265	734645	11.93
1973	75-79	0.07025	0.29926	2.53	48473	14506	206490	459380	9.48
1973	80-84	0.09083	0.37086	2.53	33967	12597	138692	252890	7.45
1973	85-89	0.14997	0.53901	2.39	21370	11519	76804	114197	5.34
1973	90-94	0.23630	0.71032	2.19	9851	6998	29614	37394	3.80
1973	95-99	0.35045	0.84548	1.94	2854	2413	6885	7780	2.73
1973	100-104	0.48455	0.92689	1.67	441	409	844	895	2.03
1973	105-109	0.62213	0.96613	1.43	32	31	50	52	1.60
1973	110+	0.72813	1.00000	1.37	1	1	1	1	1.37
1974	0	0.01724	0.01697	0.1	100000	1697	98467	7120520	71.21
1974	1-4	0.00078	0.00310	1.71	98303	304	392515	7022054	71.43
1974	5-9	0.00034	0.00168	2.31	97998	165	489548	6629539	67.65
1974	10-14	0.00045	0.00224	2.9	97834	220	488708	6139991	62.76
1974	15-19	0.00100	0.00501	2.68	97614	489	486934	5651283	57.89
1974	20-24	0.00111	0.00554	2.4	97125	538	484226	5164349	53.17
1974	25-29	0.00118	0.00589	2.72	96587	569	481640	4680123	48.46
1974	30-34	0.00150	0.00745	2.52	96018	716	478318	4198483	43.73
1974	35-39	0.00220	0.01092	2.62	95303	1041	474039	3720165	39.04
1974	40-44	0.00365	0.01811	2.92	94262	1707	467752	3246126	34.44
1974	45-49	0.00551	0.02721	2.63	92555	2518	456802	2778374	30.02
1974	50-54	0.00906	0.04436	2.62	90037	3994	440685	2321572	25.78
1974	55-59	0.01259	0.06106	2.57	86043	5254	417444	1880887	21.86
1974	60-64	0.02084	0.09902	2.49	80789	7999	383841	1463443	18.11
1974	65-69	0.03089	0.14468	2.82	72789	10531	340957	1079603	14.83
1974	70-74	0.05038	0.22434	2.56	62258	13967	277227	738645	11.86
1974	75-79	0.06943	0.29761	2.6	48291	14372	207001	461418	9.55
1974	80-84	0.09281	0.37664	2.5	33919	12775	137652	254417	7.50
1974	85-89	0.14552	0.52692	2.38	21144	11141	76562	116764	5.52
1974	90-94	0.22136	0.68454	2.21	10003	6847	30933	40202	4.02
1974	95-99	0.32247	0.81841	1.99	3155	2582	8008	9269	2.94
1974	100-104	0.44462	0.90785	1.74	573	520	1170	1261	2.20
1974	105-109	0.57578	0.95574	1.51	53	50	88	91	1.72
1974	110+	0.68105	1.00000	1.47	2	2	3	3	1.47
1975	0	0.01453	0.01434	0.09	100000	1434	98694	7242221	72.42
1975	1-4	0.00067	0.00270	1.53	98566	266	393606	7143527	72.47
1975	5-9	0.00044	0.00218	2.32	98300	215	490925	6749921	68.67
1975	10-14	0.00031	0.00154	2.55	98085	151	490057	6258995	63.81
1975	15-19	0.00106	0.00531	2.58	97935	520	488412	5768939	58.91
1975	20-24	0.00096	0.00481	2.26	97415	468	485792	5280527	54.21
1975	25-29	0.00094	0.00467	2.47	96946	453	483588	4794735	49.46
1975	30-34	0.00129	0.00641	2.5	96494	618	480922	4311147	44.68
1975	35-39	0.00258	0.01283	2.65	95875	1230	476485	3830225	39.95
1975	40-44	0.00265	0.01319	2.9	94646	1249	470611	3353740	35.43
1975	45-49	0.00500	0.02472	2.64	93397	2309	461539	2883129	30.87
1975	50-54	0.00825	0.04045	2.65	91088	3684	446779	2421589	26.59
1975	55-59	0.01320	0.06404	2.66	87403	5598	423929	1974810	22.59
1975	60-64	0.02015	0.09608	2.6	81806	7860	390128	1550881	18.96
1975	65-69	0.02859	0.13350	2.53	73946	9872	345312	1160753	15.70
1975	70-74	0.04299	0.19447	2.55	64074	12461	289835	815441	12.73
1975	75-79	0.05880	0.25597	2.47	51614	13211	224676	525606	10.18
1975	80-84	0.08898	0.36369	2.49	38402	13966	156960	300930	7.84
1975	85-89	0.13466	0.49836	2.39	24436	12178	90436	143970	5.89
1975	90-94	0.20038	0.64599	2.25	12258	7918	39517	53534	4.37
1975	95-99	0.28941	0.78141	2.06	4339	3391	11716	14017	3.23
1975	100-104	0.40028	0.88141	1.83	949	836	2089	2301	2.43
1975	105-109	0.52461	0.94071	1.59	112	106	202	212	1.89
1975	110+	0.62776	1.00000	1.59	7	7	11	11	1.59
1976	0	0.01267	0.01253	0.08	100000	1253	98852	7274263	72.74
1976	1-4	0.00065	0.00261	1.91	98747	258	394449	7175411	72.66
1976	5-9	0.00033	0.00163	2.44	98490	160	492037	6780961	68.85
1976	10-14	0.00033	0.00163	3.24	98329	160	491364	6288924	63.96
1976	15-19	0.00087	0.00435	3.29	98169	427	490116	5797560	59.06
1976	20-24	0.00113	0.00562	2.44	97742	549	487308	5307444	54.30
1976	25-29	0.00126	0.00629	2.86	97193	611	484659	4820136	49.59
1976	30-34	0.00128	0.00637	2.59	96582	615	481429	4335477	44.89
1976	35-39	0.00192	0.00957	2.61	95967	918	477637	3854048	40.16
1976	40-44	0.00257	0.01277	2.72	95049	1214	472481	3376411	35.52
1976	45-49	0.00482	0.02385	2.85	93835	2238	464366	2903930	30.95
1976	50-54	0.00833	0.04083	2.65	91597	3740	449193	2439564	26.63
1976	55-59	0.01323	0.06419	2.72	87857	5640	426409	1990371	22.65
1976	60-64	0.01947	0.09309	2.66	82217	7654	393195	1563962	19.02
1976	65-69	0.02780	0.13028	2.6	74564	9714	349494	1170767	15.70
1976	70-74	0.04041	0.18391	2.56	64849	11926	295159	821273	12.66
1976	75-79	0.06328	0.27301	2.49	52923	14448	228341	526114	9.94
1976	80-84	0.09083	0.36973	2.49	38474	14225	156613	297772	7.74
1976	85-89	0.13716	0.50486	2.39	24249	12242	89254	141159	5.82
1976	90-94	0.20324	0.65122	2.24	12007	7819	38473	51905	4.32
1976	95-99	0.29200	0.78430	2.05	4188	3284	11248	13432	3.21
1976	100-104	0.40186	0.88228	1.82	903	797	1983	2184	2.42
1976	105-109	0.52471	0.94063	1.59	106	100	191	201	1.89
1976	110+	0.62658	1.00000	1.6	6	6	10	10	1.60
1977	0	0.01384	0.01367	0.09	100000	1367	98751	7321611	73.22
1977	1-4	0.00055	0.00220	1.44	98633	217	393978	7222859	73.23
1977	5-9	0.00019	0.00095	2.35	98416	94	491833	6828881	69.39
1977	10-14	0.00022	0.00108	2.8	98323	107	491379	6337048	64.45
1977	15-19	0.00082	0.00410	2.65	98216	403	490133	5845669	59.52
1977	20-24	0.00107	0.00534	2.47	97813	522	487745	5355536	54.75
1977	25-29	0.00104	0.00519	2.58	97291	505	485234	4867791	50.03
1977	30-34	0.00089	0.00446	2.36	96786	431	482794	4382557	45.28
1977	35-39	0.00177	0.00881	2.61	96355	849	479746	3899763	40.47
1977	40-44	0.00294	0.01459	2.74	95506	1393	474374	3420016	35.81
1977	45-49	0.00475	0.02351	2.84	94112	2213	465783	2945642	31.30
1977	50-54	0.00780	0.03830	2.69	91900	3520	451383	2479859	26.98
1977	55-59	0.01299	0.06302	2.63	88380	5570	428687	2028477	22.95
1977	60-64	0.01926	0.09199	2.57	82810	7617	395566	1599790	19.32
1977	65-69	0.02664	0.12542	2.68	75193	9431	354077	1204224	16.02
1977	70-74	0.04132	0.18793	2.6	65762	12359	299102	850147	12.93
1977	75-79	0.05754	0.25129	2.48	53403	13420	233235	551044	10.32
1977	80-84	0.08681	0.35657	2.5	39984	14257	164227	317809	7.95
1977	85-89	0.13199	0.49138	2.4	25727	12641	95773	153582	5.97
1977	90-94	0.19731	0.64021	2.26	13085	8377	42458	57809	4.42
1977	95-99	0.28615	0.77759	2.06	4708	3661	12793	15351	3.26
1977	100-104	0.39720	0.87945	1.83	1047	921	2318	2558	2.44
1977	105-109	0.52210	0.93992	1.6	126	119	227	239	1.90
1977	110+	0.62585	1.00000	1.6	8	8	12	12	1.60
1978	0	0.01322	0.01306	0.09	100000	1306	98805	7291826	72.92
1978	1-4	0.00068	0.00270	1.6	98694	266	394136	7193021	72.88
1978	5-9	0.00042	0.00208	2.28	98427	204	491580	6798885	69.08
1978	10-14	0.00040	0.00202	2.19	98223	199	490556	6307305	64.21
1978	15-19	0.00124	0.00617	2.93	98024	605	488870	5816749	59.34
1978	20-24	0.00114	0.00568	2.44	97419	553	485676	5327879	54.69
1978	25-29	0.00123	0.00611	2.57	96866	592	482890	4842203	49.99
1978	30-34	0.00113	0.00564	2.62	96274	543	480073	4359314	45.28
1978	35-39	0.00183	0.00910	2.69	95730	871	476637	3879241	40.52
1978	40-44	0.00248	0.01230	2.56	94859	1167	471447	3402604	35.87
1978	45-49	0.00486	0.02404	2.82	93692	2253	463550	2931157	31.29
1978	50-54	0.00777	0.03814	2.54	91439	3488	448622	2467606	26.99
1978	55-59	0.01176	0.05721	2.63	87952	5031	427833	2018985	22.96
1978	60-64	0.01760	0.08453	2.65	82920	7009	398130	1591152	19.19
1978	65-69	0.02758	0.12923	2.57	75911	9810	355725	1193023	15.72
1978	70-74	0.04263	0.19317	2.57	66101	12769	299505	837298	12.67
1978	75-79	0.06048	0.26198	2.45	53333	13972	231025	537792	10.08
1978	80-84	0.08623	0.35529	2.52	39361	13985	162172	306767	7.79
1978	85-89	0.13843	0.50925	2.41	25376	12923	93355	144595	5.70
1978	90-94	0.21439	0.67287	2.23	12453	8379	39086	51241	4.11
1978	95-99	0.31648	0.81268	2.01	4074	3311	10461	12155	2.98
1978	100-104	0.44057	0.90600	1.75	763	691	1569	1693	2.22
1978	105-109	0.57439	0.95555	1.51	72	69	119	124	1.73
1978	110+	0.68195	1.00000	1.47	3	3	5	5	1.47
1979	0	0.01733	0.01706	0.1	100000	1706	98458	7317263	73.17
1979	1-4	0.00052	0.00207	1.47	98294	204	392658	7218806	73.44
1979	5-9	0.00033	0.00163	2.19	98090	160	489999	6826148	69.59
1979	10-14	0.00038	0.00189	2.19	97930	185	489130	6336149	64.70
1979	15-19	0.00067	0.00336	2.53	97745	328	487912	5847019	59.82
1979	20-24	0.00110	0.00548	2.77	97417	534	485890	5359107	55.01
1979	25-29	0.00130	0.00647	2.5	96883	626	482847	4873217	50.30
1979	30-34	0.00104	0.00520	2.69	96256	501	480127	4390369	45.61
1979	35-39	0.00204	0.01015	2.61	95756	972	476454	3910242	40.84
1979	40-44	0.00315	0.01565	3.03	94783	1483	470997	3433788	36.23
1979	45-49	0.00446	0.02208	2.64	93300	2060	461631	2962792	31.76
1979	50-54	0.00754	0.03711	2.87	91240	3386	449001	2501161	27.41
1979	55-59	0.01097	0.05353	2.74	87854	4703	428634	2052160	23.36
1979	60-64	0.01764	0.08467	2.62	83151	7040	398999	1623526	19.53
1979	65-69	0.02809	0.13132	2.53	76111	9995	355837	1224527	16.09
1979	70-74	0.03988	0.18158	2.54	66116	12006	301026	868690	13.14
1979	75-79	0.05581	0.24711	2.68	54110	13371	239594	567664	10.49
1979	80-84	0.08237	0.34209	2.52	40739	13937	169195	328070	8.05
1979	85-89	0.13087	0.48916	2.42	26803	13111	100183	158875	5.93
1979	90-94	0.20313	0.65247	2.26	13692	8934	43979	58692	4.29
1979	95-99	0.30325	0.79887	2.04	4758	3801	12535	14713	3.09
1979	100-104	0.42855	0.89989	1.78	957	861	2010	2178	2.28
1979	105-109	0.56660	0.95384	1.52	96	91	161	168	1.75
1979	110+	0.67858	1.00000	1.47	4	4	7	7	1.47
1980	0	0.01465	0.01445	0.09	100000	1445	98683	7315347	73.15
1980	1-4	0.00067	0.00268	1.52	98555	264	393564	7216663	73.23
1980	5-9	0.00037	0.00184	1.92	98290	181	490894	6823100	69.42
1980	10-14	0.00033	0.00165	2.21	98109	162	490093	6332206	64.54
1980	15-19	0.00102	0.00509	2.84	97947	498	488660	5842112	59.65
1980	20-24	0.00148	0.00737	2.3	97449	718	485302	5353453	54.94
1980	25-29	0.00099	0.00495	2.83	96731	478	482614	4868150	50.33
1980	30-34	0.00128	0.00639	2.49	96252	615	479715	4385536	45.56
1980	35-39	0.00143	0.00715	2.68	95637	684	476602	3905821	40.84
1980	40-44	0.00324	0.01611	2.78	94953	1530	471367	3429219	36.11
1980	45-49	0.00386	0.01916	2.77	93424	1790	463123	2957852	31.66
1980	50-54	0.00806	0.03959	2.75	91634	3627	450023	2494729	27.22
1980	55-59	0.01212	0.05893	2.69	88007	5186	428032	2044706	23.23
1980	60-64	0.01734	0.08329	2.65	82820	6898	397895	1616674	19.52
1980	65-69	0.02666	0.12539	2.63	75922	9520	357062	1218779	16.05
1980	70-74	0.03969	0.18072	2.53	66402	12000	302367	861717	12.98
1980	75-79	0.06325	0.27327	2.51	54402	14866	235056	559350	10.28
1980	80-84	0.08283	0.34310	2.5	39536	13565	163757	324294	8.20
1980	85-89	0.12526	0.47312	2.42	25971	12287	98094	160537	6.18
1980	90-94	0.18862	0.62337	2.28	13684	8530	45224	62443	4.56
1980	95-99	0.27750	0.76735	2.09	5154	3955	14251	17219	3.34
1980	100-104	0.39113	0.87583	1.85	1199	1050	2685	2968	2.48
1980	105-109	0.52028	0.93962	1.6	149	140	269	283	1.90
1980	110+	0.62759	1.00000	1.59	9	9	14	14	1.59
1981	0	0.01346	0.01330	0.09	100000	1330	98784	7360448	73.60
1981	1-4	0.00054	0.00215	1.87	98670	212	394228	7261664	73.60
1981	5-9	0.00040	0.00201	2.21	98458	198	491735	6867436	69.75
1981	10-14	0.00036	0.00179	2.6	98259	176	490874	6375701	64.89
1981	15-19	0.00087	0.00433	2.87	98083	424	489514	5884827	60.00
1981	20-24	0.00100	0.00498	2.39	97659	487	487023	5395313	55.25
1981	25-29	0.00111	0.00551	2.39	97172	536	484466	4908291	50.51
1981	30-34	0.00094	0.00470	2.87	96637	454	482215	4423825	45.78
1981	35-39	0.00145	0.00724	2.95	96182	696	479481	3941610	40.98
1981	40-44	0.00281	0.01396	2.71	95486	1333	474374	3462129	36.26
1981	45-49	0.00460	0.02273	2.63	94153	2140	465685	2987754	31.73
1981	50-54	0.00697	0.03430	2.8	92012	3156	453124	2522069	27.41
1981	55-59	0.01082	0.05282	2.79	88856	4694	433916	2068945	23.28
1981	60-64	0.01814	0.08705	2.7	84162	7326	403952	1635029	19.43
1981	65-69	0.02711	0.12726	2.6	76836	9778	360733	1231077	16.02
1981	70-74	0.04027	0.18310	2.52	67058	12278	304886	870344	12.98
1981	75-79	0.05877	0.25554	2.45	54780	13998	238197	565458	10.32
1981	80-84	0.08168	0.34002	2.54	40782	13867	169760	327261	8.02
1981	85-89	0.13270	0.49438	2.42	26915	13306	100277	157501	5.85
1981	90-94	0.20807	0.66184	2.25	13609	9007	43286	57224	4.20
1981	95-99	0.31074	0.80701	2.02	4602	3714	11951	13937	3.03
1981	100-104	0.43675	0.90425	1.76	888	803	1839	1986	2.24
1981	105-109	0.57329	0.95542	1.51	85	81	142	147	1.73
1981	110+	0.68305	1.00000	1.46	4	4	6	6	1.46
1982	0	0.01400	0.01382	0.09	100000	1382	98738	7370323	73.70
1982	1-4	0.00049	0.00196	1.88	98618	194	394060	7271585	73.74
1982	5-9	0.00033	0.00164	2.8	98424	161	491765	6877525	69.88
1982	10-14	0.00013	0.00065	2.48	98263	63	491154	6385760	64.99
1982	15-19	0.00084	0.00418	3.07	98199	411	490204	5894606	60.03
1982	20-24	0.00140	0.00696	2.7	97789	681	487375	5404402	55.27
1982	25-29	0.00107	0.00535	2.94	97108	520	484469	4917027	50.63
1982	30-34	0.00132	0.00657	2.2	96588	635	481160	4432558	45.89
1982	35-39	0.00150	0.00750	2.45	95953	719	477929	3951398	41.18
1982	40-44	0.00282	0.01400	2.76	95234	1333	473182	3473469	36.47
1982	45-49	0.00459	0.02268	2.49	93900	2129	464153	3000287	31.95
1982	50-54	0.00709	0.03486	2.64	91771	3199	451306	2536134	27.64
1982	55-59	0.01068	0.05209	2.67	88572	4614	432101	2084828	23.54
1982	60-64	0.01791	0.08597	2.67	83958	7218	403000	1652727	19.69
1982	65-69	0.02568	0.12070	2.52	76740	9262	360741	1249727	16.29
1982	70-74	0.03987	0.18156	2.54	67478	12252	307287	888986	13.17
1982	75-79	0.05763	0.25192	2.5	55226	13913	241406	581699	10.53
1982	80-84	0.08148	0.33883	2.52	41314	13998	171796	340293	8.24
1982	85-89	0.12589	0.47501	2.42	27316	12975	103069	168497	6.17
1982	90-94	0.18952	0.62493	2.28	14340	8962	47286	65428	4.56
1982	95-99	0.27527	0.76375	2.09	5379	4108	14924	18142	3.37
1982	100-104	0.38197	0.86849	1.86	1271	1104	2889	3218	2.53
1982	105-109	0.50255	0.93271	1.63	167	156	310	329	1.97
1982	110+	0.60326	1.00000	1.66	11	11	19	19	1.66
1983	0	0.01002	0.00992	0.08	100000	992	99083	7457623	74.58
1983	1-4	0.00059	0.00235	1.32	99008	233	395406	7358540	74.32
1983	5-9	0.00040	0.00199	2.28	98775	197	493338	6963134	70.50
1983	10-14	0.00035	0.00174	2.76	98578	172	492505	6469796	65.63
1983	15-19	0.00062	0.00307	2.9	98406	302	491398	5977291	60.74
1983	20-24	0.00091	0.00456	2.78	98104	448	489527	5485893	55.92
1983	25-29	0.00129	0.00643	2.25	97656	628	486554	4996366	51.16
1983	30-34	0.00117	0.00581	2.53	97028	564	483749	4509812	46.48
1983	35-39	0.00116	0.00580	2.97	96465	559	481188	4026063	41.74
1983	40-44	0.00236	0.01172	2.8	95906	1124	477056	3544875	36.96
1983	45-49	0.00397	0.01966	2.67	94782	1863	469563	3067819	32.37
1983	50-54	0.00686	0.03375	2.71	92919	3136	457405	2598256	27.96
1983	55-59	0.01077	0.05250	2.61	89783	4714	437645	2140851	23.84
1983	60-64	0.01607	0.07748	2.7	85069	6591	410181	1703206	20.02
1983	65-69	0.02476	0.11680	2.58	78477	9166	370237	1293026	16.48
1983	70-74	0.03848	0.17579	2.54	69312	12185	316609	922789	13.31
1983	75-79	0.05672	0.24943	2.58	57127	14249	251219	606180	10.61
1983	80-84	0.08168	0.33916	2.5	42878	14542	178050	354961	8.28
1983	85-89	0.12345	0.46811	2.42	28335	13264	107441	176911	6.24
1983	90-94	0.18608	0.61827	2.29	15071	9318	50075	69470	4.61
1983	95-99	0.27447	0.76353	2.09	5753	4393	16005	19395	3.37
1983	100-104	0.38821	0.87391	1.85	1360	1189	3063	3390	2.49
1983	105-109	0.51834	0.93906	1.6	172	161	311	327	1.91
1983	110+	0.62692	1.00000	1.6	10	10	17	17	1.60
1984	0	0.01087	0.01077	0.08	100000	1077	99008	7461187	74.61
1984	1-4	0.00050	0.00199	1.77	98923	197	395255	7362178	74.42
1984	5-9	0.00032	0.00159	2.81	98726	157	493289	6966923	70.57
1984	10-14	0.00032	0.00160	2.4	98569	158	492437	6473635	65.68
1984	15-19	0.00062	0.00310	2.8	98412	305	491388	5981197	60.78
1984	20-24	0.00089	0.00442	2.38	98106	434	489395	5489810	55.96
1984	25-29	0.00113	0.00565	2.44	97672	551	486949	5000415	51.20
1984	30-34	0.00117	0.00581	2.78	97121	565	484351	4513466	46.47
1984	35-39	0.00173	0.00864	2.52	96556	834	480710	4029115	41.73
1984	40-44	0.00259	0.01289	2.81	95722	1234	475911	3548405	37.07
1984	45-49	0.00429	0.02128	2.84	94488	2010	468095	3072494	32.52
1984	50-54	0.00642	0.03165	2.91	92478	2927	456283	2604399	28.16
1984	55-59	0.01009	0.04930	2.68	89551	4415	437519	2148116	23.99
1984	60-64	0.01751	0.08404	2.61	85136	7155	408549	1710597	20.09
1984	65-69	0.02400	0.11337	2.56	77981	8841	368310	1302047	16.70
1984	70-74	0.03804	0.17455	2.64	69140	12068	317261	933737	13.50
1984	75-79	0.05633	0.24675	2.49	57072	14083	249984	616476	10.80
1984	80-84	0.07374	0.31234	2.55	42989	13427	182089	366491	8.53
1984	85-89	0.12036	0.46054	2.45	29562	13615	113116	184402	6.24
1984	90-94	0.19153	0.63064	2.29	15948	10057	52510	71286	4.47
1984	95-99	0.29211	0.78672	2.07	5890	4634	15864	18776	3.19
1984	100-104	0.41979	0.89529	1.8	1256	1125	2679	2912	2.32
1984	105-109	0.56165	0.95277	1.53	132	125	223	232	1.77
1984	110+	0.67693	1.00000	1.48	6	6	9	9	1.48
1985	0	0.01517	0.01497	0.09	100000	1497	98639	7392822	73.93
1985	1-4	0.00080	0.00319	1.63	98503	314	393268	7294184	74.05
1985	5-9	0.00037	0.00183	1.74	98189	180	490359	6900915	70.28
1985	10-14	0.00019	0.00095	2.3	98009	93	489795	6410556	65.41
1985	15-19	0.00064	0.00320	2.54	97916	313	488807	5920761	60.47
1985	20-24	0.00093	0.00465	2.57	97602	454	486908	5431954	55.65
1985	25-29	0.00092	0.00461	2.45	97149	448	484602	4945045	50.90
1985	30-34	0.00117	0.00583	2.64	96701	564	482172	4460443	46.13
1985	35-39	0.00136	0.00679	2.87	96137	652	479293	3978271	41.38
1985	40-44	0.00228	0.01135	2.55	95484	1084	474766	3498978	36.64
1985	45-49	0.00451	0.02235	3.04	94400	2110	467871	3024211	32.04
1985	50-54	0.00712	0.03503	2.7	92290	3233	454030	2556340	27.70
1985	55-59	0.00998	0.04876	2.62	89057	4342	434943	2102310	23.61
1985	60-64	0.01840	0.08821	2.65	84715	7473	406027	1667367	19.68
1985	65-69	0.02443	0.11550	2.65	77242	8922	365237	1261341	16.33
1985	70-74	0.03822	0.17495	2.59	68321	11953	312751	896103	13.12
1985	75-79	0.05866	0.25683	2.58	56368	14477	246779	583352	10.35
1985	80-84	0.08448	0.34891	2.51	41891	14616	173023	336573	8.03
1985	85-89	0.13034	0.48720	2.41	27275	13288	101953	163550	6.00
1985	90-94	0.19744	0.64086	2.26	13986	8963	45398	61597	4.40
1985	95-99	0.28946	0.78204	2.06	5023	3928	13571	16198	3.22
1985	100-104	0.40477	0.88481	1.82	1095	969	2393	2627	2.40
1985	105-109	0.53390	0.94401	1.58	126	119	223	234	1.86
1985	110+	0.64058	1.00000	1.56	7	7	11	11	1.56
1986	0	0.01176	0.01163	0.08	100000	1163	98931	7410927	74.11
1986	1-4	0.00052	0.00206	1.49	98837	204	394834	7311996	73.98
1986	5-9	0.00027	0.00133	1.72	98632	131	492733	6917162	70.13
1986	10-14	0.00022	0.00108	3	98501	106	492295	6424429	65.22
1986	15-19	0.00077	0.00384	2.8	98395	377	491146	5932133	60.29
1986	20-24	0.00119	0.00592	2.59	98018	580	488690	5440988	55.51
1986	25-29	0.00119	0.00595	2.23	97438	579	485584	4952298	50.83
1986	30-34	0.00119	0.00593	2.56	96859	574	482893	4466713	46.12
1986	35-39	0.00181	0.00902	2.5	96285	868	479249	3983820	41.38
1986	40-44	0.00279	0.01384	2.6	95416	1321	473915	3504571	36.73
1986	45-49	0.00372	0.01846	2.63	94095	1737	466357	3030657	32.21
1986	50-54	0.00607	0.02990	2.59	92358	2761	455138	2564300	27.76
1986	55-59	0.01093	0.05326	2.63	89597	4772	436668	2109162	23.54
1986	60-64	0.01663	0.08001	2.63	84825	6787	408039	1672494	19.72
1986	65-69	0.02561	0.12075	2.64	78038	9423	367939	1264455	16.20
1986	70-74	0.03916	0.17945	2.67	68615	12313	314387	896516	13.07
1986	75-79	0.05524	0.24389	2.6	56302	13732	248589	582129	10.34
1986	80-84	0.08839	0.36185	2.5	42571	15404	174273	333540	7.83
1986	85-89	0.13502	0.49949	2.4	27167	13569	100501	159266	5.86
1986	90-94	0.20258	0.65042	2.25	13597	8844	43656	58765	4.32
1986	95-99	0.29456	0.78784	2.05	4753	3745	12713	15110	3.18
1986	100-104	0.40924	0.88750	1.81	1008	895	2187	2396	2.38
1986	105-109	0.53730	0.94499	1.57	113	107	200	209	1.84
1986	110+	0.64303	1.00000	1.56	6	6	10	10	1.56
1987	0	0.01200	0.01187	0.08	100000	1187	98910	7439006	74.39
1987	1-4	0.00046	0.00183	1.56	98813	181	394813	7340095	74.28
1987	5-9	0.00035	0.00175	2.1	98632	173	492662	6945283	70.42
1987	10-14	0.00020	0.00098	2.02	98460	96	492012	6452621	65.54
1987	15-19	0.00051	0.00255	2.56	98363	251	491204	5960609	60.60
1987	20-24	0.00115	0.00571	2.68	98112	560	489258	5469406	55.75
1987	25-29	0.00120	0.00597	2.47	97552	582	486284	4980148	51.05
1987	30-34	0.00159	0.00790	2.82	96970	766	483176	4493863	46.34
1987	35-39	0.00152	0.00759	2.68	96203	730	479326	4010688	41.69
1987	40-44	0.00230	0.01145	2.52	95473	1093	474657	3531362	36.99
1987	45-49	0.00388	0.01924	2.73	94380	1815	467781	3056705	32.39
1987	50-54	0.00734	0.03609	2.75	92565	3340	455303	2588925	27.97
1987	55-59	0.01041	0.05084	2.74	89224	4536	435870	2133622	23.91
1987	60-64	0.01592	0.07669	2.61	84688	6495	407909	1697752	20.05
1987	65-69	0.02455	0.11566	2.51	78193	9044	368459	1289842	16.50
1987	70-74	0.03577	0.16478	2.61	69149	11394	318518	921383	13.32
1987	75-79	0.05681	0.24933	2.55	57755	14400	253462	602865	10.44
1987	80-84	0.08459	0.34919	2.5	43355	15139	178964	349403	8.06
1987	85-89	0.12931	0.48429	2.41	28216	13665	105672	170439	6.04
1987	90-94	0.19490	0.63582	2.27	14551	9252	47469	64767	4.45
1987	95-99	0.28537	0.77704	2.07	5299	4118	14429	17298	3.26
1987	100-104	0.39956	0.88141	1.83	1182	1041	2606	2869	2.43
1987	105-109	0.52839	0.94226	1.59	140	132	250	263	1.87
1987	110+	0.63533	1.00000	1.57	8	8	13	13	1.57
1988	0	0.01238	0.01224	0.08	100000	1224	98877	7425984	74.26
1988	1-4	0.00037	0.00148	2.08	98776	147	394822	7327106	74.18
1988	5-9	0.00029	0.00143	2.92	98630	141	492853	6932284	70.29
1988	10-14	0.00027	0.00134	2.72	98488	132	492139	6439431	65.38
1988	15-19	0.00083	0.00413	2.91	98356	406	490932	5947292	60.47
1988	20-24	0.00114	0.00569	2.4	97950	558	488301	5456360	55.71
1988	25-29	0.00146	0.00729	2.33	97392	710	485067	4968060	51.01
1988	30-34	0.00156	0.00778	2.53	96682	752	481553	4482992	46.37
1988	35-39	0.00182	0.00906	2.59	95930	869	477555	4001439	41.71
1988	40-44	0.00266	0.01321	2.58	95060	1256	472268	3523884	37.07
1988	45-49	0.00378	0.01876	2.72	93804	1760	465008	3051617	32.53
1988	50-54	0.00619	0.03052	2.71	92045	2809	453783	2586608	28.10
1988	55-59	0.01088	0.05309	2.72	89235	4738	435391	2132825	23.90
1988	60-64	0.01626	0.07844	2.75	84498	6628	407558	1697435	20.09
1988	65-69	0.02422	0.11438	2.58	77869	8906	367784	1289877	16.56
1988	70-74	0.03704	0.17032	2.64	68963	11746	317136	922092	13.37
1988	75-79	0.05623	0.24748	2.58	57218	14160	251810	604956	10.57
1988	80-84	0.07829	0.32836	2.55	43057	14138	180589	353146	8.20
1988	85-89	0.12820	0.48243	2.44	28919	13951	108829	172557	5.97
1988	90-94	0.20391	0.65464	2.27	14968	9798	48053	63728	4.26
1988	95-99	0.30968	0.80662	2.03	5169	4170	13464	15675	3.03
1988	100-104	0.44176	0.90755	1.75	1000	907	2054	2210	2.21
1988	105-109	0.58535	0.95872	1.49	92	89	151	157	1.70
1988	110+	0.69999	1.00000	1.43	4	4	5	5	1.43
1989	0	0.01242	0.01228	0.08	100000	1228	98874	7436586	74.37
1989	1-4	0.00070	0.00278	1.47	98772	275	394392	7337712	74.29
1989	5-9	0.00019	0.00097	2.74	98497	95	492269	6943320	70.49
1989	10-14	0.00023	0.00116	1.86	98401	114	491649	6451051	65.56
1989	15-19	0.00050	0.00251	2.56	98287	247	490833	5959402	60.63
1989	20-24	0.00105	0.00526	2.66	98040	516	488992	5468569	55.78
1989	25-29	0.00132	0.00656	2.49	97525	640	486015	4979577	51.06
1989	30-34	0.00154	0.00767	2.69	96884	743	482703	4493562	46.38
1989	35-39	0.00166	0.00827	2.75	96141	795	478918	4010860	41.72
1989	40-44	0.00280	0.01391	2.53	95346	1326	473454	3531942	37.04
1989	45-49	0.00383	0.01901	2.94	94021	1787	466422	3058487	32.53
1989	50-54	0.00675	0.03322	2.71	92233	3064	454153	2592066	28.10
1989	55-59	0.01138	0.05536	2.57	89170	4937	433860	2137913	23.98
1989	60-64	0.01483	0.07171	2.71	84233	6041	407331	1704053	20.23
1989	65-69	0.02318	0.11008	2.71	78192	8607	371291	1296722	16.58
1989	70-74	0.03800	0.17425	2.62	69585	12125	319081	925431	13.30
1989	75-79	0.05550	0.24402	2.53	57459	14021	252624	606351	10.55
1989	80-84	0.07974	0.33343	2.54	43438	14484	181627	353726	8.14
1989	85-89	0.13014	0.48751	2.43	28954	14116	108465	172099	5.94
1989	90-94	0.20356	0.65321	2.26	14839	9693	47617	63634	4.29
1989	95-99	0.30165	0.79643	2.04	5146	4098	13587	16017	3.11
1989	100-104	0.42007	0.89411	1.79	1048	937	2230	2430	2.32
1989	105-109	0.54792	0.94802	1.55	111	105	192	201	1.81
1989	110+	0.65122	1.00000	1.54	6	6	9	9	1.54
1990	0	0.01054	0.01044	0.08	100000	1044	99037	7503436	75.03
1990	1-4	0.00063	0.00250	1.68	98956	248	395249	7404399	74.83
1990	5-9	0.00019	0.00095	2.19	98708	94	493276	7009150	71.01
1990	10-14	0.00033	0.00166	3.59	98614	164	492839	6515874	66.07
1990	15-19	0.00079	0.00395	2.67	98450	389	491345	6023035	61.18
1990	20-24	0.00081	0.00407	2.45	98061	399	489288	5531690	56.41
1990	25-29	0.00142	0.00709	2.8	97662	693	486783	5042402	51.63
1990	30-34	0.00144	0.00715	2.61	96969	693	483187	4555619	46.98
1990	35-39	0.00155	0.00774	2.43	96276	745	479461	4072431	42.30
1990	40-44	0.00188	0.00935	2.66	95531	893	475561	3592970	37.61
1990	45-49	0.00391	0.01935	2.63	94638	1831	468852	3117409	32.94
1990	50-54	0.00588	0.02898	2.65	92807	2690	457705	2648557	28.54
1990	55-59	0.01010	0.04934	2.66	90117	4446	440198	2190853	24.31
1990	60-64	0.01526	0.07366	2.66	85670	6310	413571	1750655	20.43
1990	65-69	0.02334	0.11066	2.67	79360	8782	376321	1337084	16.85
1990	70-74	0.03570	0.16406	2.53	70578	11579	324305	960763	13.61
1990	75-79	0.05392	0.23825	2.56	58999	14056	260690	636458	10.79
1990	80-84	0.07667	0.32260	2.54	44943	14498	189098	375768	8.36
1990	85-89	0.12399	0.47058	2.44	30444	14326	115550	186670	6.13
1990	90-94	0.19529	0.63778	2.28	16118	10280	52637	71120	4.41
1990	95-99	0.29481	0.78950	2.06	5838	4609	15635	18483	3.17
1990	100-104	0.41991	0.89502	1.79	1229	1100	2619	2849	2.32
1990	105-109	0.55826	0.95164	1.54	129	123	220	229	1.78
1990	110+	0.67069	1.00000	1.49	6	6	9	9	1.49
1991	0	0.01242	0.01228	0.08	100000	1228	98874	7510309	75.10
1991	1-4	0.00032	0.00128	2.22	98772	127	394862	7411435	75.04
1991	5-9	0.00019	0.00093	2.06	98645	92	492958	7016573	71.13
1991	10-14	0.00025	0.00123	3.03	98554	121	492530	6523615	66.19
1991	15-19	0.00048	0.00241	2.48	98433	237	491566	6031085	61.27
1991	20-24	0.00073	0.00366	2.33	98195	359	490015	5539520	56.41
1991	25-29	0.00114	0.00569	2.67	97836	557	487880	5049505	51.61
1991	30-34	0.00128	0.00636	2.62	97279	618	484925	4561625	46.89
1991	35-39	0.00164	0.00816	2.36	96661	788	481226	4076701	42.18
1991	40-44	0.00256	0.01272	2.36	95872	1219	476139	3595474	37.50
1991	45-49	0.00380	0.01883	2.9	94653	1782	469516	3119335	32.96
1991	50-54	0.00603	0.02975	2.86	92871	2763	458441	2649820	28.53
1991	55-59	0.00987	0.04825	2.65	90108	4347	440319	2191379	24.32
1991	60-64	0.01528	0.07378	2.68	85761	6328	414126	1751059	20.42
1991	65-69	0.02312	0.10963	2.65	79433	8708	376692	1336934	16.83
1991	70-74	0.03636	0.16730	2.61	70725	11833	325391	960242	13.58
1991	75-79	0.05505	0.24228	2.53	58892	14268	259172	634851	10.78
1991	80-84	0.07666	0.32235	2.53	44624	14385	187650	375679	8.42
1991	85-89	0.12186	0.46441	2.44	30240	14044	115248	188029	6.22
1991	90-94	0.19074	0.62869	2.29	16196	10182	53382	72781	4.49
1991	95-99	0.28831	0.78185	2.07	6014	4702	16309	19398	3.23
1991	100-104	0.41262	0.89072	1.81	1312	1169	2832	3090	2.36
1991	105-109	0.55141	0.94979	1.55	143	136	247	258	1.80
1991	110+	0.66464	1.00000	1.5	7	7	11	11	1.50
1992	0	0.00885	0.00878	0.07	100000	878	99186	7548634	75.49
1992	1-4	0.00038	0.00152	1.39	99122	151	396095	7449447	75.15
1992	5-9	0.00016	0.00080	1.76	98971	80	494599	7053352	71.27
1992	10-14	0.00017	0.00086	3.17	98892	86	494302	6558753	66.32
1992	15-19	0.00053	0.00264	2.69	98806	261	493429	6064451	61.38
1992	20-24	0.00087	0.00434	2.53	98546	428	491669	5571021	56.53
1992	25-29	0.00126	0.00628	2.49	98117	616	489039	5079352	51.77
1992	30-34	0.00152	0.00759	2.44	97501	740	485609	4590313	47.08
1992	35-39	0.00196	0.00978	2.63	96761	946	481564	4104704	42.42
1992	40-44	0.00263	0.01306	2.5	95815	1251	475940	3623140	37.81
1992	45-49	0.00365	0.01811	2.74	94564	1713	468947	3147200	33.28
1992	50-54	0.00536	0.02645	2.65	92851	2456	458480	2678253	28.84
1992	55-59	0.01020	0.04980	2.6	90395	4501	441156	2219773	24.56
1992	60-64	0.01526	0.07373	2.71	85894	6333	414943	1778617	20.71
1992	65-69	0.02131	0.10152	2.67	79561	8077	378948	1363674	17.14
1992	70-74	0.03316	0.15317	2.51	71484	10949	330201	984726	13.78
1992	75-79	0.05178	0.22971	2.55	60535	13905	268564	654524	10.81
1992	80-84	0.07757	0.32590	2.55	46630	15197	195908	385960	8.28
1992	85-89	0.12683	0.47852	2.44	31433	15041	118598	190052	6.05
1992	90-94	0.19913	0.64494	2.27	16392	10572	53089	71454	4.36
1992	95-99	0.29670	0.79098	2.05	5820	4604	15516	18365	3.16
1992	100-104	0.41571	0.89169	1.8	1217	1085	2609	2849	2.34
1992	105-109	0.54526	0.94738	1.56	132	125	229	240	1.82
1992	110+	0.65034	1.00000	1.54	7	7	11	11	1.54
1993	0	0.00906	0.00898	0.07	100000	898	99168	7541911	75.42
1993	1-4	0.00041	0.00162	1.38	99102	161	395985	7442743	75.10
1993	5-9	0.00014	0.00070	1.96	98941	70	494493	7046758	71.22
1993	10-14	0.00029	0.00146	2.75	98871	144	494034	6552264	66.27
1993	15-19	0.00063	0.00315	2.85	98728	311	492970	6058230	61.36
1993	20-24	0.00083	0.00415	2.57	98417	408	491093	5565260	56.55
1993	25-29	0.00107	0.00533	2.75	98009	522	488871	5074167	51.77
1993	30-34	0.00184	0.00913	2.49	97487	890	485198	4585297	47.04
1993	35-39	0.00204	0.01015	2.42	96596	980	480451	4100099	42.45
1993	40-44	0.00291	0.01447	2.69	95616	1383	474884	3619648	37.86
1993	45-49	0.00370	0.01836	2.63	94232	1730	467067	3144764	33.37
1993	50-54	0.00512	0.02533	2.72	92503	2343	457173	2677697	28.95
1993	55-59	0.00833	0.04088	2.78	90160	3686	442602	2220524	24.63
1993	60-64	0.01544	0.07450	2.64	86474	6442	417198	1777922	20.56
1993	65-69	0.02289	0.10850	2.6	80032	8683	379333	1360724	17.00
1993	70-74	0.03476	0.16075	2.67	71349	11469	329967	981391	13.75
1993	75-79	0.05086	0.22666	2.6	59880	13572	266856	651424	10.88
1993	80-84	0.07828	0.32821	2.54	46308	15199	194150	384568	8.30
1993	85-89	0.12565	0.47496	2.43	31109	14775	117588	190418	6.12
1993	90-94	0.19423	0.63493	2.27	16333	10371	53394	72830	4.46
1993	95-99	0.28615	0.77791	2.07	5963	4639	16211	19435	3.26
1993	100-104	0.39861	0.88037	1.83	1324	1166	2925	3225	2.44
1993	105-109	0.52271	0.93999	1.59	158	149	285	300	1.89
1993	110+	0.62469	1.00000	1.6	10	10	15	15	1.60
1994	0	0.00704	0.00700	0.07	100000	700	99348	7533049	75.33
1994	1-4	0.00026	0.00105	1.57	99300	105	396947	7433701	74.86
1994	5-9	0.00018	0.00088	2.63	99196	87	495773	7036754	70.94
1994	10-14	0.00010	0.00051	3.52	99109	50	495468	6540981	66.00
1994	15-19	0.00063	0.00314	3.08	99058	311	494692	6045513	61.03
1994	20-24	0.00099	0.00493	2.38	98747	487	492458	5550821	56.21
1994	25-29	0.00119	0.00593	2.57	98260	583	489885	5058362	51.48
1994	30-34	0.00177	0.00880	2.58	97677	859	486304	4568478	46.77
1994	35-39	0.00260	0.01290	2.53	96818	1249	480999	4082173	42.16
1994	40-44	0.00312	0.01551	2.74	95569	1482	474498	3601174	37.68
1994	45-49	0.00429	0.02125	2.62	94087	2000	465665	3126675	33.23
1994	50-54	0.00596	0.02938	2.55	92087	2706	453818	2661010	28.90
1994	55-59	0.00975	0.04767	2.63	89381	4261	436827	2207192	24.69
1994	60-64	0.01448	0.06997	2.58	85121	5956	411207	1770365	20.80
1994	65-69	0.02262	0.10742	2.67	79164	8504	375996	1359158	17.17
1994	70-74	0.03335	0.15442	2.61	70660	10912	327210	983162	13.91
1994	75-79	0.04996	0.22288	2.58	59749	13317	266540	655952	10.98
1994	80-84	0.07515	0.31749	2.56	46431	14741	196153	389413	8.39
1994	85-89	0.12423	0.47157	2.45	31690	14944	120294	193260	6.10
1994	90-94	0.19815	0.64363	2.28	16746	10778	54393	72966	4.36
1994	95-99	0.30065	0.79640	2.05	5968	4753	15808	18573	3.11
1994	100-104	0.42836	0.90000	1.78	1215	1094	2553	2765	2.28
1994	105-109	0.56823	0.95434	1.52	122	116	204	212	1.75
1994	110+	0.68114	1.00000	1.47	6	6	8	8	1.47
1995	0	0.00775	0.00770	0.07	100000	770	99284	7578209	75.78
1995	1-4	0.00039	0.00156	1.6	99230	155	396548	7478925	75.37
1995	5-9	0.00019	0.00095	2.33	99075	94	495125	7082376	71.48
1995	10-14	0.00022	0.00110	2.33	98981	109	494615	6587251	66.55
1995	15-19	0.00080	0.00397	2.99	98872	393	493573	6092636	61.62
1995	20-24	0.00069	0.00347	2.31	98480	341	491479	5599063	56.86
1995	25-29	0.00105	0.00522	2.7	98138	513	489512	5107584	52.04
1995	30-34	0.00191	0.00953	2.57	97626	930	485868	4618073	47.30
1995	35-39	0.00256	0.01273	2.68	96695	1231	480618	4132205	42.73
1995	40-44	0.00322	0.01600	2.62	95465	1527	473691	3651587	38.25
1995	45-49	0.00356	0.01768	2.75	93938	1660	465951	3177896	33.83
1995	50-54	0.00539	0.02664	2.71	92277	2459	455756	2711945	29.39
1995	55-59	0.00872	0.04274	2.64	89819	3839	440039	2256189	25.12
1995	60-64	0.01315	0.06372	2.58	85980	5478	416627	1816150	21.12
1995	65-69	0.02165	0.10294	2.62	80502	8287	382813	1399522	17.38
1995	70-74	0.03329	0.15460	2.7	72215	11165	335377	1016709	14.08
1995	75-79	0.04816	0.21447	2.45	61050	13093	271860	681333	11.16
1995	80-84	0.07255	0.30829	2.57	47957	14784	203796	409473	8.54
1995	85-89	0.12086	0.46222	2.46	33172	15333	126867	205677	6.20
1995	90-94	0.19432	0.63638	2.29	17839	11353	58422	78810	4.42
1995	95-99	0.29701	0.79248	2.06	6487	5141	17308	20388	3.14
1995	100-104	0.42571	0.89867	1.79	1346	1210	2842	3080	2.29
1995	105-109	0.56708	0.95413	1.52	136	130	230	239	1.75
1995	110+	0.68121	1.00000	1.47	6	6	9	9	1.47
1996	0	0.00781	0.00775	0.07	100000	775	99280	7574470	75.74
1996	1-4	0.00025	0.00099	1.36	99225	98	396641	7475190	75.34
1996	5-9	0.00015	0.00076	2.66	99127	75	495458	7078549	71.41
1996	10-14	0.00018	0.00089	3.18	99052	88	495097	6583091	66.46
1996	15-19	0.00052	0.00262	2.84	98963	259	494256	6087994	61.52
1996	20-24	0.00082	0.00407	2.31	98704	402	492441	5593738	56.67
1996	25-29	0.00112	0.00561	2.64	98302	551	490211	5101297	51.89
1996	30-34	0.00176	0.00874	2.6	97751	855	486709	4611086	47.17
1996	35-39	0.00243	0.01210	2.6	96897	1172	481665	4124377	42.56
1996	40-44	0.00310	0.01537	2.73	95724	1471	475283	3642711	38.05
1996	45-49	0.00408	0.02022	2.67	94253	1906	466834	3167429	33.61
1996	50-54	0.00536	0.02648	2.74	92347	2446	456213	2700595	29.24
1996	55-59	0.00936	0.04583	2.73	89901	4120	440142	2244383	24.96
1996	60-64	0.01429	0.06894	2.46	85781	5914	413889	1804241	21.03
1996	65-69	0.02126	0.10129	2.67	79868	8090	380503	1390351	17.41
1996	70-74	0.03278	0.15207	2.63	71778	10915	332999	1009848	14.07
1996	75-79	0.04526	0.20371	2.55	60862	12398	273921	676849	11.12
1996	80-84	0.07568	0.31942	2.56	48464	15481	204543	402928	8.31
1996	85-89	0.12614	0.47704	2.45	32984	15734	124738	198385	6.01
1996	90-94	0.20289	0.65299	2.27	17249	11264	55515	73647	4.27
1996	95-99	0.30993	0.80705	2.03	5986	4831	15586	18133	3.03
1996	100-104	0.44310	0.90832	1.75	1155	1049	2367	2546	2.20
1996	105-109	0.58732	0.95919	1.49	106	102	173	179	1.69
1996	110+	0.70214	1.00000	1.42	4	4	6	6	1.42
1997	0	0.00805	0.00799	0.07	100000	799	99258	7616047	76.16
1997	1-4	0.00038	0.00151	1.22	99201	149	396387	7516789	75.77
1997	5-9	0.00017	0.00083	2.51	99051	82	495052	7120402	71.89
1997	10-14	0.00022	0.00108	3.15	98969	106	494650	6625350	66.94
1997	15-19	0.00074	0.00367	2.79	98863	363	493514	6130700	62.01
1997	20-24	0.00071	0.00352	2.68	98500	347	491694	5637187	57.23
1997	25-29	0.00102	0.00506	2.58	98153	497	489563	5145493	52.42
1997	30-34	0.00124	0.00619	2.64	97656	605	486851	4655930	47.68
1997	35-39	0.00204	0.01014	2.66	97051	984	482958	4169078	42.96
1997	40-44	0.00281	0.01395	2.77	96067	1341	477352	3686120	38.37
1997	45-49	0.00342	0.01694	2.62	94727	1605	469816	3208768	33.87
1997	50-54	0.00557	0.02750	2.81	93122	2561	460006	2738952	29.41
1997	55-59	0.00845	0.04139	2.55	90561	3748	443635	2278945	25.16
1997	60-64	0.01371	0.06633	2.58	86813	5759	420155	1835310	21.14
1997	65-69	0.01915	0.09164	2.65	81054	7428	387786	1415155	17.46
1997	70-74	0.03381	0.15665	2.66	73626	11533	341100	1027370	13.95
1997	75-79	0.05045	0.22487	2.59	62093	13963	276786	686270	11.05
1997	80-84	0.07403	0.31334	2.55	48130	15081	203725	409484	8.51
1997	85-89	0.12069	0.46146	2.45	33049	15251	126369	205759	6.23
1997	90-94	0.19204	0.63167	2.29	17798	11243	58543	79390	4.46
1997	95-99	0.29292	0.78769	2.07	6556	5164	17628	20847	3.18
1997	100-104	0.42082	0.89589	1.8	1392	1247	2963	3219	2.31
1997	105-109	0.56252	0.95297	1.53	145	138	245	256	1.76
1997	110+	0.67737	1.00000	1.48	7	7	10	10	1.48
1998	0	0.01011	0.01002	0.08	100000	1002	99075	7634038	76.34
1998	1-4	0.00032	0.00129	1.87	98998	128	395720	7534963	76.11
1998	5-9	0.00016	0.00082	2.03	98870	81	494109	7139243	72.21
1998	10-14	0.00019	0.00095	2.92	98789	94	493747	6645134	67.27
1998	15-19	0.00071	0.00355	2.69	98694	350	492663	6151387	62.33
1998	20-24	0.00069	0.00343	2.64	98344	338	490923	5658724	57.54
1998	25-29	0.00076	0.00380	2.65	98007	373	489155	5167801	52.73
1998	30-34	0.00121	0.00605	2.52	97634	591	486703	4678646	47.92
1998	35-39	0.00180	0.00897	2.49	97043	870	483030	4191943	43.20
1998	40-44	0.00283	0.01404	2.72	96173	1350	477782	3708913	38.57
1998	45-49	0.00370	0.01834	2.56	94822	1739	469868	3231131	34.08
1998	50-54	0.00515	0.02546	2.68	93084	2370	459919	2761263	29.66
1998	55-59	0.00871	0.04274	2.79	90714	3877	445020	2301344	25.37
1998	60-64	0.01261	0.06123	2.62	86836	5317	421521	1856324	21.38
1998	65-69	0.01947	0.09298	2.58	81520	7579	389276	1434803	17.60
1998	70-74	0.02974	0.13860	2.55	73940	10248	344640	1045527	14.14
1998	75-79	0.05005	0.22333	2.59	63692	14224	284183	700887	11.00
1998	80-84	0.07655	0.32215	2.54	49468	15936	208166	416703	8.42
1998	85-89	0.12266	0.46664	2.44	33532	15647	127561	208537	6.22
1998	90-94	0.19012	0.62690	2.28	17885	11212	58972	80975	4.53
1998	95-99	0.28193	0.77300	2.08	6673	5158	18295	22003	3.30
1998	100-104	0.39609	0.87903	1.84	1515	1331	3362	3708	2.45
1998	105-109	0.52361	0.94057	1.59	183	172	329	346	1.89
1998	110+	0.62901	1.00000	1.59	11	11	17	17	1.59
1999	0	0.00774	0.00769	0.07	100000	769	99286	7668677	76.69
1999	1-4	0.00037	0.00148	2.03	99231	146	396637	7569391	76.28
1999	5-9	0.00014	0.00072	2.34	99085	71	495235	7172754	72.39
1999	10-14	0.00015	0.00074	2.26	99014	74	494867	6677519	67.44
1999	15-19	0.00047	0.00234	2.98	98940	231	494232	6182652	62.49
1999	20-24	0.00071	0.00354	2.71	98709	349	492742	5688420	57.63
1999	25-29	0.00100	0.00499	2.58	98359	491	490611	5195678	52.82
1999	30-34	0.00093	0.00464	2.67	97868	454	488283	4705067	48.08
1999	35-39	0.00191	0.00953	2.73	97414	928	484964	4216784	43.29
1999	40-44	0.00287	0.01425	2.67	96486	1375	479224	3731820	38.68
1999	45-49	0.00348	0.01728	2.57	95111	1643	471566	3252595	34.20
1999	50-54	0.00517	0.02553	2.67	93468	2386	461789	2781030	29.75
1999	55-59	0.00754	0.03704	2.65	91082	3373	447468	2319240	25.46
1999	60-64	0.01231	0.05983	2.65	87708	5247	426201	1871772	21.34
1999	65-69	0.01966	0.09371	2.5	82461	7727	393012	1445571	17.53
1999	70-74	0.03290	0.15266	2.64	74733	11409	346730	1052559	14.08
1999	75-79	0.04783	0.21463	2.61	63324	13591	284168	705829	11.15
1999	80-84	0.07494	0.31642	2.54	49733	15737	209994	421661	8.48
1999	85-89	0.12154	0.46376	2.45	33996	15766	129720	211667	6.23
1999	90-94	0.19119	0.62946	2.29	18230	11475	60021	81947	4.50
1999	95-99	0.28676	0.77943	2.07	6755	5265	18360	21926	3.25
1999	100-104	0.40576	0.88580	1.82	1490	1320	3253	3566	2.39
1999	105-109	0.53788	0.94540	1.57	170	161	299	313	1.84
1999	110+	0.64630	1.00000	1.55	9	9	14	14	1.55
2000	0	0.00983	0.00974	0.08	100000	974	99099	7638312	76.38
2000	1-4	0.00039	0.00156	1.37	99026	154	395697	7539213	76.13
2000	5-9	0.00016	0.00080	2.89	98871	79	494190	7143516	72.25
2000	10-14	0.00029	0.00145	2.46	98792	143	493596	6649326	67.31
2000	15-19	0.00072	0.00361	3.04	98649	356	492545	6155729	62.40
2000	20-24	0.00085	0.00426	2.52	98293	419	490428	5663184	57.62
2000	25-29	0.00099	0.00496	2.8	97874	486	488305	5172757	52.85
2000	30-34	0.00100	0.00497	2.51	97389	484	485740	4684452	48.10
2000	35-39	0.00164	0.00815	2.7	96905	790	482705	4198711	43.33
2000	40-44	0.00336	0.01668	2.6	96115	1603	476727	3716006	38.66
2000	45-49	0.00358	0.01776	2.64	94511	1678	468602	3239278	34.27
2000	50-54	0.00507	0.02506	2.79	92833	2326	459020	2770676	29.85
2000	55-59	0.00768	0.03770	2.64	90507	3412	444487	2311656	25.54
2000	60-64	0.01328	0.06438	2.62	87095	5607	422152	1867169	21.44
2000	65-69	0.01802	0.08645	2.65	81488	7045	390854	1445017	17.73
2000	70-74	0.02985	0.13910	2.55	74443	10355	346894	1054163	14.16
2000	75-79	0.04587	0.20651	2.59	64088	13235	288514	707270	11.04
2000	80-84	0.07660	0.32208	2.53	50854	16379	213808	418756	8.23
2000	85-89	0.12742	0.48086	2.45	34475	16577	130100	204948	5.94
2000	90-94	0.20774	0.66249	2.27	17897	11857	57075	74848	4.18
2000	95-99	0.32029	0.81839	2.01	6041	4944	15435	17773	2.94
2000	100-104	0.45955	0.91680	1.72	1097	1006	2189	2338	2.13
2000	105-109	0.60783	0.96381	1.46	91	88	145	149	1.64
2000	110+	0.72365	1.00000	1.38	3	3	5	5	1.38
2001	0	0.01084	0.01073	0.08	100000	1073	99011	7618482	76.18
2001	1-4	0.00032	0.00126	1.58	98927	125	395407	7519471	76.01
2001	5-9	0.00018	0.00092	2.25	98802	91	493761	7124064	72.10
2001	10-14	0.00014	0.00070	2.28	98711	69	493369	6630303	67.17
2001	15-19	0.00071	0.00352	2.64	98642	347	492391	6136934	62.21
2001	20-24	0.00085	0.00423	2.47	98295	416	490423	5644543	57.42
2001	25-29	0.00094	0.00471	2.68	97879	461	488325	5154121	52.66
2001	30-34	0.00130	0.00647	2.5	97418	631	485510	4665796	47.89
2001	35-39	0.00180	0.00897	2.68	96787	868	481918	4180286	43.19
2001	40-44	0.00299	0.01483	2.55	95919	1422	476105	3698367	38.56
2001	45-49	0.00373	0.01851	2.69	94497	1749	468439	3222262	34.10
2001	50-54	0.00554	0.02733	2.6	92748	2535	457657	2753823	29.69
2001	55-59	0.00879	0.04308	2.71	90213	3886	442151	2296166	25.45
2001	60-64	0.01251	0.06070	2.6	86327	5240	419056	1854016	21.48
2001	65-69	0.01838	0.08820	2.72	81087	7152	389132	1434960	17.70
2001	70-74	0.02940	0.13769	2.7	73935	10180	346220	1045828	14.15
2001	75-79	0.04790	0.21460	2.58	63755	13682	285659	699608	10.97
2001	80-84	0.07843	0.32825	2.52	50073	16437	209567	413948	8.27
2001	85-89	0.12523	0.47420	2.44	33637	15951	127373	204382	6.08
2001	90-94	0.19851	0.64418	2.28	17686	11393	57392	77008	4.35
2001	95-99	0.30019	0.79577	2.05	6293	5008	16682	19616	3.12
2001	100-104	0.42703	0.89917	1.78	1285	1156	2706	2933	2.28
2001	105-109	0.56612	0.95375	1.52	130	124	218	227	1.75
2001	110+	0.67850	1.00000	1.47	6	6	9	9	1.47
2002	0	0.00888	0.00881	0.07	100000	881	99183	7703990	77.04
2002	1-4	0.00043	0.00173	1.74	99119	171	396089	7604806	76.72
2002	5-9	0.00017	0.00083	3.12	98948	82	494587	7208717	72.85
2002	10-14	0.00021	0.00104	2.85	98866	102	494111	6714130	67.91
2002	15-19	0.00061	0.00306	2.48	98764	302	493058	6220019	62.98
2002	20-24	0.00087	0.00436	2.72	98462	429	491331	5726961	58.16
2002	25-29	0.00089	0.00442	2.19	98032	434	488946	5235630	53.41
2002	30-34	0.00124	0.00618	2.9	97599	603	486725	4746684	48.63
2002	35-39	0.00177	0.00881	2.57	96996	855	482904	4259959	43.92
2002	40-44	0.00275	0.01366	2.62	96141	1313	477577	3777055	39.29
2002	45-49	0.00391	0.01935	2.65	94828	1835	469832	3299479	34.79
2002	50-54	0.00534	0.02635	2.63	92993	2451	459145	2829647	30.43
2002	55-59	0.00724	0.03562	2.68	90542	3225	445237	2370502	26.18
2002	60-64	0.01098	0.05349	2.62	87317	4670	425484	1925264	22.05
2002	65-69	0.01765	0.08455	2.54	82647	6988	396018	1499780	18.15
2002	70-74	0.02747	0.12893	2.62	75659	9755	355069	1103763	14.59
2002	75-79	0.04508	0.20293	2.54	65904	13374	296643	748694	11.36
2002	80-84	0.07042	0.30082	2.58	52530	15802	224407	452051	8.61
2002	85-89	0.11990	0.45984	2.47	36728	16889	140860	227644	6.20
2002	90-94	0.19613	0.64042	2.29	19839	12705	64780	86784	4.37
2002	95-99	0.30327	0.80007	2.05	7134	5708	18820	22004	3.08
2002	100-104	0.43713	0.90532	1.76	1426	1291	2954	3184	2.23
2002	105-109	0.58246	0.95811	1.5	135	129	222	230	1.70
2002	110+	0.69826	1.00000	1.43	6	6	8	8	1.43
2003	0	0.00973	0.00965	0.08	100000	965	99108	7698261	76.98
2003	1-4	0.00021	0.00085	1.41	99035	84	395923	7599153	76.73
2003	5-9	0.00013	0.00067	2.17	98951	66	494570	7203230	72.80
2003	10-14	0.00010	0.00051	3.67	98885	51	494359	6708660	67.84
2003	15-19	0.00071	0.00354	3.04	98834	350	493487	6214301	62.88
2003	20-24	0.00103	0.00516	2.36	98484	508	491082	5720815	58.09
2003	25-29	0.00102	0.00507	2.15	97976	496	488465	5229733	53.38
2003	30-34	0.00122	0.00608	2.73	97480	593	486055	4741267	48.64
2003	35-39	0.00141	0.00705	2.63	96887	683	482816	4255213	43.92
2003	40-44	0.00281	0.01395	2.47	96205	1342	477630	3772397	39.21
2003	45-49	0.00429	0.02122	2.59	94862	2013	469467	3294766	34.73
2003	50-54	0.00589	0.02905	2.62	92849	2698	457822	2825300	30.43
2003	55-59	0.00754	0.03705	2.62	90152	3340	442821	2367478	26.26
2003	60-64	0.01083	0.05279	2.65	86812	4583	423290	1924657	22.17
2003	65-69	0.01750	0.08411	2.69	82229	6916	395195	1501368	18.26
2003	70-74	0.02580	0.12180	2.7	75313	9173	355484	1106172	14.69
2003	75-79	0.04630	0.20803	2.56	66140	13759	297166	750689	11.35
2003	80-84	0.06922	0.29645	2.58	52381	15528	224344	453522	8.66
2003	85-89	0.11835	0.45557	2.47	36852	16789	141859	229179	6.22
2003	90-94	0.19639	0.64151	2.3	20063	12871	65538	87320	4.35
2003	95-99	0.30914	0.80743	2.04	7193	5807	18786	21782	3.03
2003	100-104	0.45203	0.91374	1.74	1385	1266	2800	2996	2.16
2003	105-109	0.60616	0.96375	1.46	119	115	190	196	1.64
2003	110+	0.72669	1.00000	1.38	4	4	6	6	1.38
2004	0	0.00883	0.00876	0.07	100000	876	99188	7708368	77.08
2004	1-4	0.00044	0.00177	1.78	99124	175	396108	7609180	76.76
2004	5-9	0.00031	0.00153	1.73	98949	151	494250	7213072	72.90
2004	10-14	0.00015	0.00076	2.8	98798	75	493823	6718822	68.01
2004	15-19	0.00069	0.00342	2.81	98722	338	492872	6224998	63.06
2004	20-24	0.00100	0.00498	2.78	98385	490	490838	5732126	58.26
2004	25-29	0.00093	0.00464	2.77	97895	454	488465	5241287	53.54
2004	30-34	0.00122	0.00607	2.46	97441	591	485706	4752822	48.78
2004	35-39	0.00172	0.00858	2.93	96850	831	482529	4267116	44.06
2004	40-44	0.00257	0.01275	2.58	96019	1224	477131	3784587	39.41
2004	45-49	0.00378	0.01873	2.57	94795	1776	469664	3307456	34.89
2004	50-54	0.00543	0.02679	2.59	93019	2492	459087	2837793	30.51
2004	55-59	0.00751	0.03690	2.64	90527	3341	444752	2378705	26.28
2004	60-64	0.01130	0.05500	2.56	87186	4795	424214	1933954	22.18
2004	65-69	0.01710	0.08225	2.68	82391	6776	396205	1509740	18.32
2004	70-74	0.02793	0.13060	2.52	75615	9875	353557	1113535	14.73
2004	75-79	0.04316	0.19552	2.6	65739	12853	297802	759978	11.56
2004	80-84	0.06992	0.29857	2.56	52886	15790	225841	462177	8.74
2004	85-89	0.11586	0.44802	2.47	37096	16620	143443	236336	6.37
2004	90-94	0.18765	0.62312	2.31	20476	12759	67994	92893	4.54
2004	95-99	0.28804	0.78186	2.08	7717	6034	20947	24899	3.23
2004	100-104	0.41411	0.89172	1.81	1683	1501	3625	3951	2.35
2004	105-109	0.55356	0.95041	1.55	182	173	313	327	1.79
2004	110+	0.66700	1.00000	1.5	9	9	14	14	1.50
2005	0	0.00939	0.00930	0.07	100000	930	99139	7715008	77.15
2005	1-4	0.00032	0.00128	1.58	99070	127	395971	7615869	76.87
2005	5-9	0.00011	0.00057	2.83	98943	56	494590	7219898	72.97
2005	10-14	0.00012	0.00060	2.6	98886	59	494289	6725308	68.01
2005	15-19	0.00054	0.00268	3.07	98827	265	493624	6231018	63.05
2005	20-24	0.00081	0.00403	2.35	98563	397	491762	5737394	58.21
2005	25-29	0.00116	0.00580	2.29	98166	569	489286	5245632	53.44
2005	30-34	0.00114	0.00566	2.42	97597	553	486557	4756346	48.73
2005	35-39	0.00139	0.00695	2.88	97044	674	483789	4269789	44.00
2005	40-44	0.00262	0.01301	2.82	96370	1254	479118	3786000	39.29
2005	45-49	0.00394	0.01951	2.5	95116	1856	470942	3306882	34.77
2005	50-54	0.00539	0.02657	2.48	93259	2477	460066	2835940	30.41
2005	55-59	0.00767	0.03765	2.58	90782	3418	445647	2375874	26.17
2005	60-64	0.01127	0.05486	2.59	87364	4793	425267	1930227	22.09
2005	65-69	0.01787	0.08565	2.6	82571	7072	395863	1504960	18.23
2005	70-74	0.02500	0.11781	2.56	75499	8894	355801	1109097	14.69
2005	75-79	0.04478	0.20271	2.67	66605	13502	301532	753296	11.31
2005	80-84	0.07054	0.30144	2.59	53103	16007	226915	451764	8.51
2005	85-89	0.12271	0.46819	2.47	37096	17368	141529	224849	6.06
2005	90-94	0.20439	0.65684	2.28	19728	12958	63399	83320	4.22
2005	95-99	0.31990	0.81852	2.02	6770	5541	17322	19920	2.94
2005	100-104	0.46319	0.91883	1.72	1229	1129	2437	2598	2.11
2005	105-109	0.61512	0.96542	1.45	100	96	157	161	1.62
2005	110+	0.73282	1.00000	1.36	3	3	5	5	1.36
2006	0	0.00872	0.00865	0.07	100000	865	99198	7768463	77.68
2006	1-4	0.00020	0.00082	1.4	99135	81	396329	7669265	77.36
2006	5-9	0.00011	0.00056	1.52	99054	55	495077	7272937	73.42
2006	10-14	0.00008	0.00042	3.89	98998	42	494946	6777860	68.46
2006	15-19	0.00068	0.00338	3.15	98957	335	494164	6282913	63.49
2006	20-24	0.00089	0.00443	2.16	98622	437	491870	5788750	58.70
2006	25-29	0.00117	0.00585	2.4	98185	574	489435	5296880	53.95
2006	30-34	0.00121	0.00606	2.66	97611	591	486672	4807445	49.25
2006	35-39	0.00185	0.00923	2.63	97020	895	482979	4320773	44.53
2006	40-44	0.00301	0.01494	2.65	96125	1436	477255	3837794	39.93
2006	45-49	0.00363	0.01799	2.63	94689	1704	469403	3360538	35.49
2006	50-54	0.00568	0.02804	2.63	92985	2607	458748	2891135	31.09
2006	55-59	0.00671	0.03304	2.63	90378	2986	444808	2432388	26.91
2006	60-64	0.01137	0.05537	2.66	87391	4839	425632	1987579	22.74
2006	65-69	0.01614	0.07775	2.67	82553	6419	397797	1561947	18.92
2006	70-74	0.02429	0.11485	2.64	76134	8744	360020	1164150	15.29
2006	75-79	0.03835	0.17635	2.72	67390	11884	309849	804130	11.93
2006	80-84	0.06584	0.28417	2.59	55506	15773	239567	494281	8.90
2006	85-89	0.11340	0.44117	2.49	39733	17529	154584	254714	6.41
2006	90-94	0.18792	0.62439	2.31	22204	13864	73775	100130	4.51
2006	95-99	0.29444	0.79040	2.07	8340	6592	22388	26354	3.16
2006	100-104	0.42944	0.90143	1.78	1748	1576	3669	3966	2.27
2006	105-109	0.57747	0.95707	1.51	172	165	286	296	1.72
2006	110+	0.69588	1.00000	1.44	7	7	11	11	1.44
2007	0	0.00790	0.00784	0.07	100000	784	99271	7799869	78.00
2007	1-4	0.00018	0.00072	1.26	99216	71	396667	7700598	77.61
2007	5-9	0.00004	0.00018	2.01	99144	18	495668	7303931	73.67
2007	10-14	0.00010	0.00051	3.83	99126	51	495572	6808263	68.68
2007	15-19	0.00054	0.00270	2.94	99076	268	494828	6312691	63.72
2007	20-24	0.00095	0.00474	2.63	98808	469	492926	5817863	58.88
2007	25-29	0.00102	0.00508	2.52	98339	500	490456	5324937	54.15
2007	30-34	0.00097	0.00485	2.22	97840	474	487880	4834481	49.41
2007	35-39	0.00202	0.01004	2.59	97366	977	484476	4346601	44.64
2007	40-44	0.00262	0.01304	2.67	96388	1257	479012	3862125	40.07
2007	45-49	0.00411	0.02037	2.88	95131	1937	471543	3383112	35.56
2007	50-54	0.00517	0.02552	2.52	93194	2379	460076	2911569	31.24
2007	55-59	0.00703	0.03454	2.59	90815	3137	446503	2451493	26.99
2007	60-64	0.00997	0.04870	2.68	87678	4270	428477	2004990	22.87
2007	65-69	0.01512	0.07307	2.73	83408	6095	403221	1576513	18.90
2007	70-74	0.02440	0.11530	2.63	77314	8914	365400	1173292	15.18
2007	75-79	0.04031	0.18359	2.57	68400	12557	311544	807892	11.81
2007	80-84	0.06683	0.28727	2.56	55842	16042	240039	496347	8.89
2007	85-89	0.11279	0.43931	2.48	39801	17485	155026	256308	6.44
2007	90-94	0.18639	0.62120	2.32	22316	13863	74374	101282	4.54
2007	95-99	0.29190	0.78738	2.08	8453	6656	22803	26908	3.18
2007	100-104	0.42622	0.89963	1.79	1797	1617	3794	4105	2.28
2007	105-109	0.57428	0.95631	1.51	180	173	300	312	1.73
2007	110+	0.69315	1.00000	1.44	8	8	11	11	1.44
2008	0	0.00882	0.00875	0.07	100000	875	99189	7764766	77.65
2008	1-4	0.00020	0.00080	1.18	99125	79	396278	7665577	77.33
2008	5-9	0.00013	0.00063	2.08	99046	63	495049	7269298	73.39
2008	10-14	0.00012	0.00061	3.19	98984	60	494810	6774249	68.44
2008	15-19	0.00048	0.00240	3.2	98923	237	494189	6279439	63.48
2008	20-24	0.00101	0.00504	2.69	98686	497	492285	5785250	58.62
2008	25-29	0.00139	0.00691	2.55	98189	679	489281	5292965	53.91
2008	30-34	0.00142	0.00707	2.67	97510	690	485942	4803684	49.26
2008	35-39	0.00183	0.00910	2.58	96821	881	481969	4317742	44.60
2008	40-44	0.00224	0.01115	2.79	95940	1070	477334	3835774	39.98
2008	45-49	0.00408	0.02020	2.64	94870	1916	469828	3358439	35.40
2008	50-54	0.00592	0.02920	2.69	92954	2714	458511	2888611	31.08
2008	55-59	0.00744	0.03653	2.47	90240	3297	442862	2430100	26.93
2008	60-64	0.01020	0.04982	2.72	86943	4332	424821	1987238	22.86
2008	65-69	0.01575	0.07585	2.58	82612	6266	397880	1562416	18.91
2008	70-74	0.02307	0.10932	2.6	76346	8346	361705	1164536	15.25
2008	75-79	0.04007	0.18284	2.61	68000	12433	310263	802832	11.81
2008	80-84	0.06654	0.28615	2.55	55567	15900	238957	492569	8.86
2008	85-89	0.11334	0.44118	2.49	39667	17500	154401	253612	6.39
2008	90-94	0.18947	0.62777	2.31	22166	13915	73443	99211	4.48
2008	95-99	0.29839	0.79519	2.06	8251	6561	21988	25768	3.12
2008	100-104	0.43597	0.90515	1.77	1690	1530	3508	3780	2.24
2008	105-109	0.58573	0.95910	1.49	160	154	262	272	1.70
2008	110+	0.70462	1.00000	1.42	7	7	9	9	1.42
2009	0	0.00813	0.00807	0.07	100000	807	99250	7815717	78.16
2009	1-4	0.00016	0.00062	0.93	99193	62	396582	7716467	77.79
2009	5-9	0.00018	0.00089	2.61	99131	89	495444	7319885	73.84
2009	10-14	0.00018	0.00088	2.5	99043	87	494995	6824441	68.90
2009	15-19	0.00057	0.00286	3.12	98956	283	494246	6329446	63.96
2009	20-24	0.00089	0.00442	2.34	98673	436	492206	5835199	59.14
2009	25-29	0.00097	0.00485	2.42	98237	476	489955	5342993	54.39
2009	30-34	0.00151	0.00753	2.4	97761	736	486892	4853037	49.64
2009	35-39	0.00145	0.00722	2.92	97025	700	483668	4366145	45.00
2009	40-44	0.00235	0.01169	2.56	96324	1126	478874	3882477	40.31
2009	45-49	0.00385	0.01907	2.61	95198	1816	471659	3403603	35.75
2009	50-54	0.00583	0.02876	2.54	93382	2685	460311	2931944	31.40
2009	55-59	0.00739	0.03633	2.62	90697	3295	445640	2471633	27.25
2009	60-64	0.00943	0.04611	2.62	87402	4030	427410	2025993	23.18
2009	65-69	0.01617	0.07791	2.66	83372	6495	401666	1598583	19.17
2009	70-74	0.02257	0.10725	2.69	76876	8245	365346	1196917	15.57
2009	75-79	0.03867	0.17707	2.62	68632	12153	314286	831571	12.12
2009	80-84	0.06028	0.26366	2.63	56479	14891	247035	517285	9.16
2009	85-89	0.10897	0.42865	2.51	41588	17827	163590	270249	6.50
2009	90-94	0.18764	0.62484	2.33	23761	14847	79121	106659	4.49
2009	95-99	0.30172	0.79975	2.06	8914	7129	23629	27538	3.09
2009	100-104	0.44593	0.91085	1.75	1785	1626	3646	3909	2.19
2009	105-109	0.60106	0.96271	1.47	159	153	255	263	1.65
2009	110+	0.72221	1.00000	1.38	6	6	8	8	1.38
2010	0	0.00789	0.00783	0.07	100000	783	99272	7822000	78.22
2010	1-4	0.00009	0.00035	2	99217	35	396797	7722728	77.84
2010	5-9	0.00009	0.00045	3.1	99182	44	495824	7325931	73.86
2010	10-14	0.00016	0.00079	2.28	99137	78	495474	6830107	68.90
2010	15-19	0.00052	0.00261	2.67	99059	258	494692	6334633	63.95
2010	20-24	0.00102	0.00506	2.44	98801	500	492721	5839941	59.11
2010	25-29	0.00114	0.00570	2.92	98300	560	490337	5347221	54.40
2010	30-34	0.00116	0.00579	2.32	97740	566	487187	4856883	49.69
2010	35-39	0.00168	0.00839	2.53	97174	815	483863	4369696	44.97
2010	40-44	0.00236	0.01175	2.62	96359	1132	479108	3885833	40.33
2010	45-49	0.00394	0.01954	2.57	95227	1860	471614	3406725	35.77
2010	50-54	0.00549	0.02708	2.58	93367	2528	460722	2935111	31.44
2010	55-59	0.00713	0.03509	2.7	90839	3188	446860	2474389	27.24
2010	60-64	0.01045	0.05099	2.68	87651	4469	427897	2027530	23.13
2010	65-69	0.01491	0.07200	2.62	83181	5989	401636	1599633	19.23
2010	70-74	0.02285	0.10852	2.7	77192	8377	366656	1197997	15.52
2010	75-79	0.03707	0.17049	2.65	68815	11732	316483	831341	12.08
2010	80-84	0.06399	0.27693	2.57	57083	15808	247052	514858	9.02
2010	85-89	0.11065	0.43329	2.5	41275	17884	161625	267806	6.49
2010	90-94	0.18593	0.62061	2.32	23391	14517	78075	106182	4.54
2010	95-99	0.29354	0.78953	2.07	8874	7006	23869	28107	3.17
2010	100-104	0.42934	0.90141	1.78	1868	1684	3921	4238	2.27
2010	105-109	0.57744	0.95704	1.51	184	176	305	317	1.72
2010	110+	0.69545	1.00000	1.44	8	8	11	11	1.44
2011	0	0.00884	0.00877	0.07	100000	877	99187	7825976	78.26
2011	1-4	0.00022	0.00089	2.29	99123	88	396340	7726790	77.95
2011	5-9	0.00016	0.00080	1.95	99034	79	494932	7330450	74.02
2011	10-14	0.00016	0.00079	2.73	98956	78	494601	6835518	69.08
2011	15-19	0.00046	0.00228	2.84	98878	225	493904	6340916	64.13
2011	20-24	0.00089	0.00443	2.68	98653	437	492249	5847013	59.27
2011	25-29	0.00118	0.00590	2.74	98216	580	489769	5354764	54.52
2011	30-34	0.00121	0.00605	2.28	97636	591	486573	4864994	49.83
2011	35-39	0.00148	0.00735	2.6	97046	713	483513	4378422	45.12
2011	40-44	0.00234	0.01164	2.51	96332	1121	478862	3894908	40.43
2011	45-49	0.00355	0.01761	2.73	95211	1677	472252	3416046	35.88
2011	50-54	0.00553	0.02729	2.59	93534	2552	461507	2943794	31.47
2011	55-59	0.00718	0.03532	2.62	90981	3213	447255	2482287	27.28
2011	60-64	0.01005	0.04910	2.66	87768	4310	428735	2035032	23.19
2011	65-69	0.01448	0.07006	2.67	83458	5847	403664	1606297	19.25
2011	70-74	0.02296	0.10895	2.67	77612	8456	368319	1202632	15.50
2011	75-79	0.03807	0.17434	2.58	69156	12057	316658	834314	12.06
2011	80-84	0.06498	0.28028	2.55	57099	16004	246271	517655	9.07
2011	85-89	0.10891	0.42775	2.49	41095	17578	161408	271385	6.60
2011	90-94	0.17967	0.60697	2.33	23517	14274	79445	109976	4.68
2011	95-99	0.27984	0.77212	2.1	9243	7137	25502	30531	3.30
2011	100-104	0.40641	0.88711	1.82	2106	1869	4598	5029	2.39
2011	105-109	0.54668	0.94849	1.56	238	226	413	431	1.81
2011	110+	0.66065	1.00000	1.51	12	12	19	19	1.51
2012	0	0.00761	0.00755	0.07	100000	755	99297	7859325	78.59
2012	1-4	0.00031	0.00125	1.93	99245	124	396721	7760027	78.19
2012	5-9	0.00012	0.00062	2.93	99120	61	495476	7363306	74.29
2012	10-14	0.00016	0.00079	3.16	99059	78	495153	6867831	69.33
2012	15-19	0.00056	0.00281	2.8	98981	278	494293	6372678	64.38
2012	20-24	0.00082	0.00412	2.72	98703	406	492588	5878385	59.56
2012	25-29	0.00153	0.00765	2.65	98297	752	489721	5385797	54.79
2012	30-34	0.00137	0.00681	2.52	97545	664	486082	4896077	50.19
2012	35-39	0.00157	0.00782	2.28	96881	757	482345	4409995	45.52
2012	40-44	0.00231	0.01149	2.72	96124	1104	478100	3927649	40.86
2012	45-49	0.00345	0.01711	2.74	95020	1626	471428	3449549	36.30
2012	50-54	0.00587	0.02893	2.66	93394	2702	460638	2978121	31.89
2012	55-59	0.00731	0.03591	2.54	90692	3257	445444	2517483	27.76
2012	60-64	0.00975	0.04763	2.57	87436	4165	427067	2072039	23.70
2012	65-69	0.01409	0.06819	2.67	83271	5678	403104	1644972	19.75
2012	70-74	0.01985	0.09492	2.69	77593	7365	370959	1241868	16.00
2012	75-79	0.03372	0.15614	2.63	70228	10965	325197	870909	12.40
2012	80-84	0.05927	0.25962	2.61	59262	15386	259598	545712	9.21
2012	85-89	0.10755	0.42454	2.52	43877	18627	173204	286114	6.52
2012	90-94	0.18785	0.62571	2.33	25249	15799	84105	112910	4.47
2012	95-99	0.30607	0.80523	2.06	9451	7610	24863	28805	3.05
2012	100-104	0.45661	0.91662	1.74	1841	1687	3695	3942	2.14
2012	105-109	0.61765	0.96630	1.44	153	148	240	247	1.61
2012	110+	0.74158	1.00000	1.35	5	5	7	7	1.35
2013	0	0.00624	0.00620	0.07	100000	620	99421	7888154	78.88
2013	1-4	0.00027	0.00108	1.66	99380	107	397270	7788733	78.37
2013	5-9	0.00012	0.00062	2.78	99273	61	496229	7391463	74.46
2013	10-14	0.00017	0.00087	2.99	99212	87	495885	6895234	69.50
2013	15-19	0.00045	0.00225	3.1	99125	223	495203	6399349	64.56
2013	20-24	0.00082	0.00411	2.59	98902	406	493533	5904146	59.70
2013	25-29	0.00111	0.00554	2.59	98496	546	491166	5410613	54.93
2013	30-34	0.00138	0.00687	2.95	97950	673	488374	4919447	50.22
2013	35-39	0.00166	0.00826	2.85	97278	803	484664	4431073	45.55
2013	40-44	0.00213	0.01057	2.59	96474	1020	479916	3946409	40.91
2013	45-49	0.00338	0.01677	2.79	95454	1600	473738	3466493	36.32
2013	50-54	0.00571	0.02815	2.64	93854	2642	463042	2992755	31.89
2013	55-59	0.00811	0.03980	2.61	91212	3630	447369	2529713	27.73
2013	60-64	0.01093	0.05327	2.61	87581	4665	426760	2082343	23.78
2013	65-69	0.01290	0.06263	2.66	82916	5193	402420	1655583	19.97
2013	70-74	0.02079	0.09913	2.67	77723	7705	370644	1253163	16.12
2013	75-79	0.03391	0.15666	2.58	70018	10969	323493	882519	12.60
2013	80-84	0.05723	0.25192	2.63	59049	14876	259946	559025	9.47
2013	85-89	0.10257	0.40893	2.52	44173	18064	176116	299079	6.77
2013	90-94	0.17605	0.60029	2.35	26109	15673	89027	122964	4.71
2013	95-99	0.28387	0.77859	2.1	10436	8125	28624	33936	3.25
2013	100-104	0.42292	0.89836	1.8	2311	2076	4908	5312	2.30
2013	105-109	0.57662	0.95717	1.51	235	225	390	404	1.72
2013	110+	0.69947	1.00000	1.43	10	10	14	14	1.43
2014	0	0.00678	0.00673	0.07	100000	673	99372	7886667	78.87
2014	1-4	0.00027	0.00108	1.66	99327	108	397054	7787295	78.40
2014	5-9	0.00002	0.00009	1.5	99219	9	496064	7390240	74.48
2014	10-14	0.00016	0.00079	2.6	99210	78	495864	6894176	69.49
2014	15-19	0.00046	0.00227	3.2	99132	225	495256	6398312	64.54
2014	20-24	0.00094	0.00467	2.43	98907	462	493350	5903056	59.68
2014	25-29	0.00123	0.00613	2.62	98445	604	490787	5409705	54.95
2014	30-34	0.00138	0.00686	2.79	97842	671	487726	4918918	50.27
2014	35-39	0.00177	0.00881	2.39	97171	857	483615	4431192	45.60
2014	40-44	0.00213	0.01062	2.67	96314	1023	479189	3947577	40.99
2014	45-49	0.00332	0.01650	2.75	95292	1572	472913	3468388	36.40
2014	50-54	0.00483	0.02390	2.72	93719	2240	463486	2995475	31.96
2014	55-59	0.00753	0.03701	2.63	91479	3386	449386	2531989	27.68
2014	60-64	0.01007	0.04916	2.61	88094	4331	430125	2082603	23.64
2014	65-69	0.01456	0.07036	2.59	83763	5893	404622	1652478	19.73
2014	70-74	0.02073	0.09889	2.68	77870	7701	371475	1247856	16.02
2014	75-79	0.03601	0.16578	2.61	70169	11633	323020	876381	12.49
2014	80-84	0.05668	0.24992	2.64	58536	14629	258100	553362	9.45
2014	85-89	0.10322	0.41114	2.53	43907	18052	174883	295262	6.72
2014	90-94	0.17869	0.60614	2.35	25855	15672	87704	120379	4.66
2014	95-99	0.28851	0.78427	2.09	10183	7986	27681	32675	3.21
2014	100-104	0.42829	0.90128	1.79	2197	1980	4623	4994	2.27
2014	105-109	0.58080	0.95807	1.5	217	208	358	371	1.71
2014	110+	0.70184	1.00000	1.42	9	9	13	13	1.42
2015	0	0.00907	0.00899	0.07	100000	899	99167	7845374	78.45
2015	1-4	0.00029	0.00117	2.1	99101	116	396182	7746208	78.17
2015	5-9	0.00005	0.00026	2.83	98984	26	494866	7350026	74.25
2015	10-14	0.00011	0.00053	2.83	98958	52	494679	6855160	69.27
2015	15-19	0.00043	0.00213	3.35	98906	211	494184	6360481	64.31
2015	20-24	0.00103	0.00513	2.48	98696	506	492203	5866296	59.44
2015	25-29	0.00125	0.00625	2.62	98190	614	489489	5374094	54.73
2015	30-34	0.00165	0.00820	2.46	97576	801	485847	4884604	50.06
2015	35-39	0.00204	0.01016	2.57	96775	983	481484	4398757	45.45
2015	40-44	0.00214	0.01065	2.62	95792	1020	476537	3917273	40.89
2015	45-49	0.00308	0.01531	2.65	94772	1451	470443	3440736	36.31
2015	50-54	0.00530	0.02620	2.73	93321	2445	461067	2970293	31.83
2015	55-59	0.00791	0.03882	2.63	90876	3528	446019	2509226	27.61
2015	60-64	0.00983	0.04807	2.66	87348	4198	426931	2063207	23.62
2015	65-69	0.01307	0.06341	2.64	83150	5273	403281	1636276	19.68
2015	70-74	0.02204	0.10456	2.56	77877	8143	369525	1232995	15.83
2015	75-79	0.03390	0.15669	2.59	69734	10927	322335	863470	12.38
2015	80-84	0.06200	0.26899	2.54	58808	15819	255138	541135	9.20
2015	85-89	0.10542	0.41773	2.52	42989	17958	170354	285997	6.65
2015	90-94	0.18074	0.61032	2.34	25031	15277	84524	115643	4.62
2015	95-99	0.29049	0.78658	2.09	9754	7672	26412	31119	3.19
2015	100-104	0.43074	0.90271	1.78	2082	1879	4363	4707	2.26
2015	105-109	0.58417	0.95892	1.5	203	194	332	344	1.70
2015	110+	0.70587	1.00000	1.42	8	8	12	12	1.42
2016	0	0.00788	0.00783	0.07	100000	783	99272	7836961	78.37
2016	1-4	0.00016	0.00064	1.64	99217	63	396721	7737689	77.99
2016	5-9	0.00014	0.00071	2.74	99154	70	495613	7340968	74.04
2016	10-14	0.00016	0.00079	3.39	99084	78	495296	6845355	69.09
2016	15-19	0.00051	0.00256	2.62	99006	253	494428	6350059	64.14
2016	20-24	0.00106	0.00528	2.47	98753	521	492445	5855630	59.30
2016	25-29	0.00138	0.00686	2.59	98232	674	489533	5363185	54.60
2016	30-34	0.00187	0.00930	2.64	97558	907	485650	4873652	49.96
2016	35-39	0.00183	0.00909	2.44	96650	879	481000	4388002	45.40
2016	40-44	0.00231	0.01150	2.9	95772	1102	476541	3907002	40.79
2016	45-49	0.00334	0.01657	2.5	94670	1568	469431	3430461	36.24
2016	50-54	0.00503	0.02484	2.68	93102	2312	460141	2961030	31.80
2016	55-59	0.00763	0.03744	2.57	90790	3399	445698	2500889	27.55
2016	60-64	0.01009	0.04927	2.6	87390	4306	426636	2055191	23.52
2016	65-69	0.01496	0.07225	2.66	83084	6003	401353	1628555	19.60
2016	70-74	0.02130	0.10143	2.66	77082	7819	367105	1227201	15.92
2016	75-79	0.03556	0.16369	2.58	69263	11338	318822	860097	12.42
2016	80-84	0.05903	0.25818	2.57	57925	14955	253357	541275	9.34
2016	85-89	0.10363	0.41245	2.53	42970	17723	171017	287917	6.70
2016	90-94	0.17988	0.60876	2.35	25247	15369	85444	116901	4.63
2016	95-99	0.29103	0.78740	2.09	9878	7778	26725	31457	3.18
2016	100-104	0.43234	0.90361	1.78	2100	1898	4389	4732	2.25
2016	105-109	0.58580	0.95927	1.49	202	194	331	343	1.70
2016	110+	0.70689	1.00000	1.41	8	8	12	12	1.41
2017	0	0.00662	0.00658	0.07	100000	658	99387	7826718	78.27
2017	1-4	0.00029	0.00118	1.73	99342	117	397105	7727331	77.78
2017	5-9	0.00004	0.00018	1	99226	18	496057	7330227	73.87
2017	10-14	0.00019	0.00096	2.77	99208	95	495829	6834169	68.89
2017	15-19	0.00041	0.00204	3.27	99113	202	495216	6338341	63.95
2017	20-24	0.00135	0.00673	2.81	98911	666	493099	5843125	59.07
2017	25-29	0.00153	0.00764	2.64	98245	751	489453	5350025	54.46
2017	30-34	0.00181	0.00901	2.59	97494	878	485358	4860572	49.85
2017	35-39	0.00193	0.00961	2.45	96616	929	480712	4375214	45.28
2017	40-44	0.00265	0.01317	2.65	95687	1260	475478	3894502	40.70
2017	45-49	0.00387	0.01919	2.69	94427	1812	467957	3419024	36.21
2017	50-54	0.00509	0.02517	2.73	92615	2331	457785	2951067	31.86
2017	55-59	0.00836	0.04102	2.72	90284	3704	442966	2493282	27.62
2017	60-64	0.01022	0.04985	2.58	86580	4316	422476	2050316	23.68
2017	65-69	0.01432	0.06930	2.68	82264	5701	398106	1627840	19.79
2017	70-74	0.02303	0.10942	2.72	76563	8377	363705	1229734	16.06
2017	75-79	0.03285	0.15207	2.56	68186	10369	315668	866029	12.70
2017	80-84	0.05539	0.24498	2.64	57817	14164	255712	550361	9.52
2017	85-89	0.10210	0.40780	2.53	43653	17802	174354	294649	6.75
2017	90-94	0.17849	0.60596	2.35	25851	15665	87761	120294	4.65
2017	95-99	0.29000	0.78627	2.09	10186	8009	27618	32533	3.19
2017	100-104	0.43148	0.90314	1.78	2177	1966	4557	4915	2.26
2017	105-109	0.58469	0.95899	1.5	211	202	346	358	1.70
2017	110+	0.70538	1.00000	1.42	9	9	12	12	1.42
2018	0	0.00579	0.00576	0.06	100000	576	99461	7819165	78.19
2018	1-4	0.00034	0.00135	1.63	99424	135	397377	7719704	77.64
2018	5-9	0.00016	0.00080	2.38	99289	79	496240	7322327	73.75
2018	10-14	0.00014	0.00069	2.5	99210	69	495880	6826087	68.80
2018	15-19	0.00063	0.00316	2.85	99142	314	495033	6330207	63.85
2018	20-24	0.00105	0.00522	2.83	98828	516	493018	5835173	59.04
2018	25-29	0.00178	0.00884	2.57	98312	869	489452	5342155	54.34
2018	30-34	0.00186	0.00928	2.47	97443	904	484925	4852703	49.80
2018	35-39	0.00260	0.01294	2.71	96539	1249	479840	4367777	45.24
2018	40-44	0.00263	0.01308	2.61	95290	1247	473474	3887937	40.80
2018	45-49	0.00322	0.01598	2.77	94044	1503	466860	3414463	36.31
2018	50-54	0.00573	0.02823	2.48	92540	2613	456116	2947603	31.85
2018	55-59	0.00793	0.03890	2.62	89928	3498	441313	2491487	27.71
2018	60-64	0.00926	0.04532	2.62	86430	3917	422834	2050174	23.72
2018	65-69	0.01355	0.06554	2.54	82513	5408	399247	1627340	19.72
2018	70-74	0.02069	0.09856	2.61	77104	7599	367348	1228094	15.93
2018	75-79	0.03554	0.16360	2.58	69505	11371	319953	860746	12.38
2018	80-84	0.05706	0.25064	2.58	58134	14571	255349	540793	9.30
2018	85-89	0.10798	0.42590	2.52	43564	18554	171818	285443	6.55
2018	90-94	0.18519	0.61691	2.3	25010	15429	83316	113625	4.54
2018	95-99	0.29319	0.79016	2.08	9581	7571	25821	30309	3.16
2018	100-104	0.43670	0.90615	1.77	2011	1822	4172	4488	2.23
2018	105-109	0.59232	0.96085	1.48	189	181	306	316	1.68
2018	110+	0.71465	1.00000	1.4	7	7	10	10	1.40
2019	0	0.00624	0.00620	0.07	100000	620	99421	7858175	78.58
2019	1-4	0.00043	0.00174	1.32	99380	172	397059	7758754	78.07
2019	5-9	0.00011	0.00053	2.65	99208	53	495914	7361695	74.20
2019	10-14	0.00009	0.00043	2.9	99155	43	495685	6865781	69.24
2019	15-19	0.00054	0.00268	3.34	99112	266	495120	6370095	64.27
2019	20-24	0.00095	0.00475	2.65	98847	470	493129	5874976	59.44
2019	25-29	0.00169	0.00840	2.63	98377	826	489930	5381847	54.71
2019	30-34	0.00224	0.01113	2.57	97551	1085	485115	4891917	50.15
2019	35-39	0.00279	0.01386	2.44	96466	1337	478912	4406802	45.68
2019	40-44	0.00277	0.01374	2.57	95129	1307	472466	3927890	41.29
2019	45-49	0.00368	0.01823	2.75	93822	1711	465266	3455425	36.83
2019	50-54	0.00487	0.02406	2.59	92112	2216	455226	2990159	32.46
2019	55-59	0.00742	0.03647	2.69	89896	3279	441919	2534933	28.20
2019	60-64	0.00999	0.04877	2.58	86617	4224	422866	2093014	24.16
2019	65-69	0.01347	0.06523	2.57	82393	5375	398907	1670148	20.27
2019	70-74	0.01891	0.09038	2.57	77018	6961	368154	1271242	16.51
2019	75-79	0.03217	0.14931	2.6	70058	10460	325209	903087	12.89
2019	80-84	0.05423	0.24004	2.61	59598	14306	263821	577878	9.70
2019	85-89	0.09767	0.39378	2.54	45291	17835	182597	314057	6.93
2019	90-94	0.17113	0.59005	2.37	27457	16201	94669	131460	4.79
2019	95-99	0.28147	0.77638	2.11	11256	8739	31047	36791	3.27
2019	100-104	0.42603	0.90078	1.8	2517	2267	5322	5745	2.28
2019	105-109	0.58635	0.95980	1.5	250	240	409	423	1.69
2019	110+	0.71360	1.00000	1.4	10	10	14	14	1.40
