DE: Delaware, Lifetables (period 1x5), Males Last modified: 20 Dec 2020, MPv5 (May07) 

Year     	Age	mx	qx	ax	lx	dx	Lx	Tx	ex
1960-1964	0	0.02703	0.02640	0.12	100000	2640	97670	6639977	66.40
1960-1964	1	0.00159	0.00159	0.5	97360	155	97283	6542307	67.20
1960-1964	2	0.00076	0.00076	0.5	97205	74	97168	6445024	66.30
1960-1964	3	0.00080	0.00080	0.5	97131	77	97093	6347856	65.35
1960-1964	4	0.00059	0.00059	0.5	97054	58	97025	6250763	64.40
1960-1964	5	0.00057	0.00057	0.5	96996	55	96969	6153738	63.44
1960-1964	6	0.00076	0.00076	0.5	96942	74	96905	6056769	62.48
1960-1964	7	0.00063	0.00063	0.5	96868	61	96838	5959864	61.53
1960-1964	8	0.00065	0.00065	0.5	96807	63	96776	5863026	60.56
1960-1964	9	0.00040	0.00040	0.5	96744	39	96725	5766251	59.60
1960-1964	10	0.00029	0.00029	0.5	96705	28	96691	5669526	58.63
1960-1964	11	0.00052	0.00052	0.5	96677	51	96652	5572835	57.64
1960-1964	12	0.00036	0.00036	0.5	96626	35	96609	5476183	56.67
1960-1964	13	0.00055	0.00055	0.5	96592	53	96565	5379574	55.69
1960-1964	14	0.00096	0.00096	0.5	96538	93	96492	5283009	54.72
1960-1964	15	0.00065	0.00065	0.5	96446	63	96414	5186517	53.78
1960-1964	16	0.00110	0.00110	0.5	96383	106	96330	5090103	52.81
1960-1964	17	0.00100	0.00100	0.5	96277	96	96229	4993774	51.87
1960-1964	18	0.00168	0.00168	0.5	96181	162	96100	4897545	50.92
1960-1964	19	0.00147	0.00147	0.5	96019	141	95948	4801445	50.01
1960-1964	20	0.00152	0.00152	0.5	95878	146	95805	4705497	49.08
1960-1964	21	0.00162	0.00162	0.5	95732	155	95655	4609692	48.15
1960-1964	22	0.00160	0.00160	0.5	95577	153	95500	4514037	47.23
1960-1964	23	0.00128	0.00128	0.5	95424	123	95363	4418537	46.30
1960-1964	24	0.00188	0.00187	0.5	95301	179	95212	4323174	45.36
1960-1964	25	0.00173	0.00173	0.5	95123	165	95041	4227962	44.45
1960-1964	26	0.00151	0.00151	0.5	94958	143	94886	4132921	43.52
1960-1964	27	0.00134	0.00134	0.5	94815	127	94751	4038035	42.59
1960-1964	28	0.00143	0.00143	0.5	94688	136	94620	3943284	41.65
1960-1964	29	0.00173	0.00172	0.5	94552	163	94470	3848664	40.70
1960-1964	30	0.00214	0.00214	0.5	94389	202	94288	3754193	39.77
1960-1964	31	0.00203	0.00203	0.5	94187	191	94091	3659906	38.86
1960-1964	32	0.00176	0.00176	0.5	93996	165	93913	3565814	37.94
1960-1964	33	0.00132	0.00132	0.5	93831	123	93769	3471901	37.00
1960-1964	34	0.00243	0.00243	0.5	93707	228	93594	3378132	36.05
1960-1964	35	0.00260	0.00260	0.5	93480	243	93358	3284538	35.14
1960-1964	36	0.00259	0.00258	0.5	93237	241	93116	3191180	34.23
1960-1964	37	0.00329	0.00329	0.5	92996	306	92843	3098064	33.31
1960-1964	38	0.00314	0.00314	0.5	92690	291	92545	3005221	32.42
1960-1964	39	0.00355	0.00354	0.5	92399	327	92236	2912676	31.52
1960-1964	40	0.00319	0.00318	0.5	92072	293	91926	2820441	30.63
1960-1964	41	0.00376	0.00375	0.5	91779	344	91607	2728515	29.73
1960-1964	42	0.00529	0.00527	0.5	91435	482	91193	2636908	28.84
1960-1964	43	0.00470	0.00469	0.5	90952	427	90739	2545715	27.99
1960-1964	44	0.00654	0.00651	0.5	90526	590	90231	2454976	27.12
1960-1964	45	0.00719	0.00716	0.5	89936	644	89614	2364745	26.29
1960-1964	46	0.00708	0.00706	0.5	89292	630	88977	2275131	25.48
1960-1964	47	0.00774	0.00771	0.5	88662	684	88320	2186154	24.66
1960-1964	48	0.00847	0.00844	0.5	87978	742	87607	2097835	23.85
1960-1964	49	0.00869	0.00865	0.5	87236	755	86858	2010228	23.04
1960-1964	50	0.01252	0.01244	0.5	86481	1076	85943	1923370	22.24
1960-1964	51	0.01141	0.01135	0.5	85404	969	84920	1837427	21.51
1960-1964	52	0.01554	0.01542	0.5	84435	1302	83784	1752507	20.76
1960-1964	53	0.01369	0.01360	0.5	83133	1130	82568	1668723	20.07
1960-1964	54	0.01425	0.01415	0.5	82003	1161	81423	1586155	19.34
1960-1964	55	0.01671	0.01658	0.5	80842	1340	80172	1504732	18.61
1960-1964	56	0.01725	0.01710	0.5	79502	1360	78822	1424560	17.92
1960-1964	57	0.01999	0.01979	0.5	78142	1546	77369	1345738	17.22
1960-1964	58	0.02306	0.02280	0.5	76596	1746	75723	1268369	16.56
1960-1964	59	0.02215	0.02191	0.5	74850	1640	74030	1192646	15.93
1960-1964	60	0.02488	0.02458	0.5	73210	1799	72310	1118616	15.28
1960-1964	61	0.02500	0.02469	0.5	71410	1763	70529	1046306	14.65
1960-1964	62	0.03003	0.02959	0.5	69647	2061	68617	975778	14.01
1960-1964	63	0.03296	0.03243	0.5	67587	2192	66491	907161	13.42
1960-1964	64	0.03645	0.03579	0.5	65395	2341	64224	840670	12.86
1960-1964	65	0.04272	0.04182	0.5	63054	2637	61735	776446	12.31
1960-1964	66	0.04209	0.04122	0.5	60417	2490	59172	714710	11.83
1960-1964	67	0.04602	0.04499	0.5	57927	2606	56624	655538	11.32
1960-1964	68	0.05426	0.05283	0.5	55321	2923	53859	598915	10.83
1960-1964	69	0.04808	0.04695	0.5	52398	2460	51168	545055	10.40
1960-1964	70	0.05966	0.05793	0.5	49938	2893	48492	493887	9.89
1960-1964	71	0.05827	0.05662	0.5	47045	2664	45713	445396	9.47
1960-1964	72	0.06596	0.06385	0.5	44382	2834	42965	399682	9.01
1960-1964	73	0.07083	0.06841	0.5	41548	2842	40127	356718	8.59
1960-1964	74	0.07565	0.07289	0.5	38706	2821	37295	316591	8.18
1960-1964	75	0.08502	0.08155	0.5	35884	2926	34421	279296	7.78
1960-1964	76	0.08203	0.07880	0.5	32958	2597	31659	244875	7.43
1960-1964	77	0.08970	0.08585	0.5	30361	2607	29058	213216	7.02
1960-1964	78	0.09390	0.08969	0.5	27754	2489	26510	184158	6.64
1960-1964	79	0.10826	0.10270	0.5	25265	2595	23968	157648	6.24
1960-1964	80	0.11631	0.10991	0.5	22670	2492	21424	133681	5.90
1960-1964	81	0.12654	0.11901	0.5	20179	2402	18978	112256	5.56
1960-1964	82	0.13754	0.12869	0.5	17777	2288	16633	93278	5.25
1960-1964	83	0.14933	0.13896	0.5	15489	2152	14413	76645	4.95
1960-1964	84	0.16194	0.14981	0.5	13337	1998	12338	62232	4.67
1960-1964	85	0.17540	0.16126	0.5	11339	1828	10425	49894	4.40
1960-1964	86	0.18972	0.17328	0.5	9510	1648	8686	39469	4.15
1960-1964	87	0.20492	0.18588	0.5	7862	1461	7132	30783	3.92
1960-1964	88	0.22101	0.19901	0.5	6401	1274	5764	23651	3.69
1960-1964	89	0.23798	0.21267	0.5	5127	1090	4582	17887	3.49
1960-1964	90	0.25582	0.22681	0.5	4037	916	3579	13305	3.30
1960-1964	91	0.27452	0.24139	0.5	3121	753	2744	9726	3.12
1960-1964	92	0.29405	0.25636	0.5	2368	607	2064	6982	2.95
1960-1964	93	0.31437	0.27167	0.5	1761	478	1522	4918	2.79
1960-1964	94	0.33542	0.28725	0.5	1282	368	1098	3396	2.65
1960-1964	95	0.35715	0.30304	0.5	914	277	776	2298	2.51
1960-1964	96	0.37948	0.31896	0.5	637	203	535	1522	2.39
1960-1964	97	0.40234	0.33496	0.5	434	145	361	987	2.27
1960-1964	98	0.42562	0.35094	0.5	289	101	238	626	2.17
1960-1964	99	0.44925	0.36684	0.5	187	69	153	388	2.07
1960-1964	100	0.47310	0.38260	0.5	119	45	96	235	1.98
1960-1964	101	0.49708	0.39813	0.5	73	29	59	139	1.90
1960-1964	102	0.52106	0.41337	0.5	44	18	35	80	1.82
1960-1964	103	0.54496	0.42826	0.5	26	11	20	45	1.75
1960-1964	104	0.56865	0.44276	0.5	15	7	12	25	1.68
1960-1964	105	0.59202	0.45680	0.5	8	4	6	13	1.63
1960-1964	106	0.61499	0.47036	0.5	4	2	3	7	1.57
1960-1964	107	0.63746	0.48339	0.5	2	1	2	4	1.52
1960-1964	108	0.65934	0.49587	0.5	1	1	1	2	1.48
1960-1964	109	0.68057	0.50778	0.5	1	0	0	1	1.45
1960-1964	110+	0.70107	1.00000	1.43	0	0	0	0	1.43
1965-1969	0	0.02450	0.02398	0.11	100000	2398	97868	6576860	65.77
1965-1969	1	0.00129	0.00129	0.5	97602	126	97539	6478993	66.38
1965-1969	2	0.00129	0.00129	0.5	97476	126	97413	6381454	65.47
1965-1969	3	0.00086	0.00086	0.5	97350	83	97308	6284041	64.55
1965-1969	4	0.00038	0.00038	0.5	97267	37	97248	6186732	63.61
1965-1969	5	0.00058	0.00058	0.5	97230	56	97201	6089484	62.63
1965-1969	6	0.00047	0.00047	0.5	97173	46	97150	5992283	61.67
1965-1969	7	0.00057	0.00057	0.5	97127	55	97100	5895132	60.69
1965-1969	8	0.00040	0.00040	0.5	97072	39	97053	5798033	59.73
1965-1969	9	0.00047	0.00047	0.5	97033	46	97010	5700980	58.75
1965-1969	10	0.00038	0.00038	0.5	96987	36	96969	5603970	57.78
1965-1969	11	0.00039	0.00039	0.5	96951	37	96932	5507001	56.80
1965-1969	12	0.00040	0.00040	0.5	96913	38	96894	5410069	55.82
1965-1969	13	0.00060	0.00060	0.5	96875	58	96846	5313175	54.85
1965-1969	14	0.00051	0.00051	0.5	96817	49	96792	5216329	53.88
1965-1969	15	0.00136	0.00136	0.5	96768	131	96702	5119537	52.91
1965-1969	16	0.00121	0.00121	0.5	96636	117	96578	5022835	51.98
1965-1969	17	0.00179	0.00179	0.5	96519	173	96433	4926257	51.04
1965-1969	18	0.00161	0.00161	0.5	96347	155	96269	4829824	50.13
1965-1969	19	0.00177	0.00177	0.5	96192	170	96107	4733554	49.21
1965-1969	20	0.00199	0.00199	0.5	96022	191	95927	4637447	48.30
1965-1969	21	0.00194	0.00194	0.5	95831	186	95739	4541520	47.39
1965-1969	22	0.00211	0.00211	0.5	95646	202	95545	4445782	46.48
1965-1969	23	0.00255	0.00255	0.5	95444	243	95323	4350237	45.58
1965-1969	24	0.00121	0.00121	0.5	95201	115	95144	4254914	44.69
1965-1969	25	0.00204	0.00203	0.5	95086	193	94989	4159770	43.75
1965-1969	26	0.00208	0.00208	0.5	94893	197	94794	4064781	42.84
1965-1969	27	0.00166	0.00166	0.5	94695	157	94617	3969987	41.92
1965-1969	28	0.00186	0.00186	0.5	94538	176	94450	3875370	40.99
1965-1969	29	0.00145	0.00144	0.5	94362	136	94294	3780920	40.07
1965-1969	30	0.00239	0.00239	0.5	94226	225	94113	3686626	39.13
1965-1969	31	0.00153	0.00153	0.5	94001	144	93929	3592513	38.22
1965-1969	32	0.00198	0.00198	0.5	93857	186	93764	3498584	37.28
1965-1969	33	0.00272	0.00272	0.5	93671	255	93543	3404820	36.35
1965-1969	34	0.00248	0.00248	0.5	93416	232	93300	3311277	35.45
1965-1969	35	0.00257	0.00257	0.5	93184	239	93065	3217977	34.53
1965-1969	36	0.00266	0.00266	0.5	92945	247	92822	3124912	33.62
1965-1969	37	0.00326	0.00326	0.5	92698	302	92547	3032091	32.71
1965-1969	38	0.00302	0.00301	0.5	92396	278	92257	2939544	31.81
1965-1969	39	0.00345	0.00345	0.5	92118	318	91959	2847287	30.91
1965-1969	40	0.00407	0.00406	0.5	91800	373	91614	2755328	30.01
1965-1969	41	0.00467	0.00466	0.5	91427	426	91214	2663714	29.13
1965-1969	42	0.00470	0.00469	0.5	91001	427	90788	2572500	28.27
1965-1969	43	0.00638	0.00636	0.5	90575	576	90287	2481712	27.40
1965-1969	44	0.00601	0.00599	0.5	89999	539	89729	2391425	26.57
1965-1969	45	0.00730	0.00727	0.5	89460	651	89135	2301696	25.73
1965-1969	46	0.00707	0.00704	0.5	88809	625	88497	2212561	24.91
1965-1969	47	0.00805	0.00802	0.5	88184	707	87831	2124065	24.09
1965-1969	48	0.00803	0.00800	0.5	87477	699	87127	2036234	23.28
1965-1969	49	0.01134	0.01127	0.5	86778	978	86289	1949106	22.46
1965-1969	50	0.01099	0.01093	0.5	85800	938	85330	1862818	21.71
1965-1969	51	0.01417	0.01407	0.5	84861	1194	84264	1777487	20.95
1965-1969	52	0.01405	0.01396	0.5	83667	1168	83083	1693223	20.24
1965-1969	53	0.01462	0.01452	0.5	82499	1198	81901	1610140	19.52
1965-1969	54	0.01812	0.01796	0.5	81302	1460	80572	1528239	18.80
1965-1969	55	0.01689	0.01675	0.5	79842	1337	79173	1447668	18.13
1965-1969	56	0.02013	0.01993	0.5	78504	1564	77722	1368495	17.43
1965-1969	57	0.02130	0.02108	0.5	76940	1622	76129	1290772	16.78
1965-1969	58	0.02347	0.02320	0.5	75318	1747	74445	1214643	16.13
1965-1969	59	0.02182	0.02158	0.5	73571	1588	72777	1140199	15.50
1965-1969	60	0.02838	0.02798	0.5	71983	2014	70976	1067422	14.83
1965-1969	61	0.02846	0.02806	0.5	69969	1963	68988	996446	14.24
1965-1969	62	0.03428	0.03370	0.5	68006	2292	66860	927458	13.64
1965-1969	63	0.03744	0.03675	0.5	65714	2415	64506	860598	13.10
1965-1969	64	0.03825	0.03753	0.5	63299	2376	62111	796092	12.58
1965-1969	65	0.04133	0.04049	0.5	60923	2467	59690	733980	12.05
1965-1969	66	0.04537	0.04437	0.5	58456	2593	57160	674290	11.53
1965-1969	67	0.04620	0.04516	0.5	55863	2522	54602	617131	11.05
1965-1969	68	0.04804	0.04692	0.5	53341	2502	52089	562529	10.55
1965-1969	69	0.05810	0.05646	0.5	50838	2870	49403	510440	10.04
1965-1969	70	0.05430	0.05286	0.5	47968	2536	46700	461037	9.61
1965-1969	71	0.06393	0.06195	0.5	45432	2814	44025	414336	9.12
1965-1969	72	0.07482	0.07212	0.5	42618	3074	41081	370311	8.69
1965-1969	73	0.07829	0.07534	0.5	39544	2979	38055	329230	8.33
1965-1969	74	0.08583	0.08230	0.5	36565	3009	35060	291176	7.96
1965-1969	75	0.09202	0.08797	0.5	33556	2952	32080	256115	7.63
1965-1969	76	0.09851	0.09389	0.5	30604	2873	29167	224036	7.32
1965-1969	77	0.09789	0.09332	0.5	27730	2588	26436	194869	7.03
1965-1969	78	0.10444	0.09926	0.5	25143	2496	23895	168432	6.70
1965-1969	79	0.11185	0.10592	0.5	22647	2399	21448	144538	6.38
1965-1969	80	0.10783	0.10232	0.5	20248	2072	19212	123090	6.08
1965-1969	81	0.11828	0.11167	0.5	18176	2030	17161	103878	5.72
1965-1969	82	0.12959	0.12170	0.5	16147	1965	15164	86716	5.37
1965-1969	83	0.14180	0.13242	0.5	14181	1878	13243	71552	5.05
1965-1969	84	0.15497	0.14382	0.5	12304	1770	11419	58310	4.74
1965-1969	85	0.16911	0.15593	0.5	10534	1643	9713	46891	4.45
1965-1969	86	0.18426	0.16872	0.5	8892	1500	8141	37178	4.18
1965-1969	87	0.20045	0.18219	0.5	7391	1347	6718	29037	3.93
1965-1969	88	0.21767	0.19631	0.5	6045	1187	5451	22319	3.69
1965-1969	89	0.23594	0.21105	0.5	4858	1025	4345	16867	3.47
1965-1969	90	0.25524	0.22636	0.5	3833	868	3399	12522	3.27
1965-1969	91	0.27556	0.24219	0.5	2965	718	2606	9123	3.08
1965-1969	92	0.29684	0.25848	0.5	2247	581	1957	6517	2.90
1965-1969	93	0.31904	0.27515	0.5	1666	458	1437	4560	2.74
1965-1969	94	0.34210	0.29213	0.5	1208	353	1031	3123	2.59
1965-1969	95	0.36593	0.30933	0.5	855	264	723	2092	2.45
1965-1969	96	0.39043	0.32666	0.5	590	193	494	1369	2.32
1965-1969	97	0.41550	0.34403	0.5	398	137	329	875	2.20
1965-1969	98	0.44101	0.36133	0.5	261	94	214	546	2.09
1965-1969	99	0.46684	0.37849	0.5	167	63	135	332	1.99
1965-1969	100	0.49285	0.39541	0.5	104	41	83	197	1.90
1965-1969	101	0.51889	0.41200	0.5	63	26	50	114	1.82
1965-1969	102	0.54484	0.42819	0.5	37	16	29	64	1.74
1965-1969	103	0.57054	0.44391	0.5	21	9	16	35	1.67
1965-1969	104	0.59587	0.45909	0.5	12	5	9	19	1.61
1965-1969	105	0.62069	0.47369	0.5	6	3	5	10	1.55
1965-1969	106	0.64490	0.48766	0.5	3	2	3	5	1.50
1965-1969	107	0.66839	0.50097	0.5	2	1	1	2	1.46
1965-1969	108	0.69108	0.51361	0.5	1	0	1	1	1.42
1965-1969	109	0.71287	0.52555	0.5	0	0	0	1	1.38
1965-1969	110+	0.73372	1.00000	1.36	0	0	0	0	1.36
1970-1974	0	0.02058	0.02020	0.1	100000	2020	98182	6696714	66.97
1970-1974	1	0.00143	0.00142	0.5	97980	140	97910	6598532	67.35
1970-1974	2	0.00119	0.00119	0.5	97840	116	97782	6500622	66.44
1970-1974	3	0.00094	0.00094	0.5	97724	91	97678	6402841	65.52
1970-1974	4	0.00053	0.00052	0.5	97632	51	97607	6305163	64.58
1970-1974	5	0.00074	0.00074	0.5	97581	72	97545	6207556	63.61
1970-1974	6	0.00049	0.00049	0.5	97509	48	97485	6110011	62.66
1970-1974	7	0.00043	0.00043	0.5	97461	42	97440	6012526	61.69
1970-1974	8	0.00028	0.00028	0.5	97419	27	97405	5915086	60.72
1970-1974	9	0.00030	0.00030	0.5	97392	30	97377	5817681	59.73
1970-1974	10	0.00056	0.00056	0.5	97362	55	97335	5720304	58.75
1970-1974	11	0.00026	0.00026	0.5	97308	25	97295	5622969	57.79
1970-1974	12	0.00049	0.00049	0.5	97282	47	97259	5525673	56.80
1970-1974	13	0.00058	0.00058	0.5	97235	57	97207	5428415	55.83
1970-1974	14	0.00082	0.00082	0.5	97178	80	97139	5331208	54.86
1970-1974	15	0.00097	0.00097	0.5	97099	94	97052	5234069	53.90
1970-1974	16	0.00100	0.00100	0.5	97005	97	96957	5137017	52.96
1970-1974	17	0.00139	0.00139	0.5	96908	134	96841	5040061	52.01
1970-1974	18	0.00174	0.00174	0.5	96774	168	96690	4943220	51.08
1970-1974	19	0.00147	0.00147	0.5	96606	142	96535	4846530	50.17
1970-1974	20	0.00212	0.00212	0.5	96464	205	96361	4749996	49.24
1970-1974	21	0.00182	0.00181	0.5	96259	175	96172	4653634	48.34
1970-1974	22	0.00192	0.00191	0.5	96085	184	95993	4557462	47.43
1970-1974	23	0.00199	0.00199	0.5	95901	190	95805	4461470	46.52
1970-1974	24	0.00146	0.00146	0.5	95710	140	95640	4365664	45.61
1970-1974	25	0.00187	0.00187	0.5	95570	178	95481	4270024	44.68
1970-1974	26	0.00186	0.00186	0.5	95392	177	95303	4174543	43.76
1970-1974	27	0.00146	0.00146	0.5	95215	139	95145	4079240	42.84
1970-1974	28	0.00167	0.00167	0.5	95075	159	94996	3984095	41.90
1970-1974	29	0.00203	0.00203	0.5	94917	193	94820	3889099	40.97
1970-1974	30	0.00155	0.00155	0.5	94724	147	94650	3794279	40.06
1970-1974	31	0.00221	0.00221	0.5	94577	209	94473	3699628	39.12
1970-1974	32	0.00242	0.00242	0.5	94368	228	94254	3605155	38.20
1970-1974	33	0.00192	0.00192	0.5	94140	181	94050	3510901	37.29
1970-1974	34	0.00210	0.00210	0.5	93959	197	93860	3416852	36.37
1970-1974	35	0.00253	0.00252	0.5	93762	237	93644	3322991	35.44
1970-1974	36	0.00318	0.00318	0.5	93525	297	93377	3229348	34.53
1970-1974	37	0.00255	0.00255	0.5	93228	237	93109	3135971	33.64
1970-1974	38	0.00354	0.00353	0.5	92990	328	92826	3042862	32.72
1970-1974	39	0.00280	0.00280	0.5	92662	259	92533	2950035	31.84
1970-1974	40	0.00433	0.00432	0.5	92403	400	92203	2857503	30.92
1970-1974	41	0.00375	0.00374	0.5	92004	344	91832	2765299	30.06
1970-1974	42	0.00453	0.00452	0.5	91660	414	91452	2673468	29.17
1970-1974	43	0.00478	0.00477	0.5	91245	435	91028	2582015	28.30
1970-1974	44	0.00534	0.00533	0.5	90810	484	90569	2490988	27.43
1970-1974	45	0.00666	0.00664	0.5	90327	600	90027	2400419	26.57
1970-1974	46	0.00739	0.00736	0.5	89727	660	89397	2310392	25.75
1970-1974	47	0.00732	0.00729	0.5	89067	649	88742	2220995	24.94
1970-1974	48	0.00682	0.00680	0.5	88417	601	88117	2132254	24.12
1970-1974	49	0.00768	0.00765	0.5	87816	672	87480	2044137	23.28
1970-1974	50	0.01127	0.01120	0.5	87144	976	86656	1956657	22.45
1970-1974	51	0.01061	0.01056	0.5	86168	910	85713	1870001	21.70
1970-1974	52	0.01212	0.01205	0.5	85258	1027	84744	1784288	20.93
1970-1974	53	0.01240	0.01232	0.5	84231	1038	83712	1699543	20.18
1970-1974	54	0.01570	0.01558	0.5	83193	1296	82545	1615831	19.42
1970-1974	55	0.01692	0.01678	0.5	81897	1374	81210	1533286	18.72
1970-1974	56	0.01609	0.01596	0.5	80523	1285	79881	1452076	18.03
1970-1974	57	0.01868	0.01851	0.5	79238	1466	78505	1372195	17.32
1970-1974	58	0.02202	0.02178	0.5	77772	1694	76925	1293690	16.63
1970-1974	59	0.02170	0.02147	0.5	76078	1633	75261	1216766	15.99
1970-1974	60	0.02459	0.02429	0.5	74445	1808	73540	1141504	15.33
1970-1974	61	0.02912	0.02870	0.5	72636	2085	71594	1067964	14.70
1970-1974	62	0.02812	0.02773	0.5	70551	1956	69573	996370	14.12
1970-1974	63	0.03264	0.03212	0.5	68595	2203	67493	926797	13.51
1970-1974	64	0.03315	0.03261	0.5	66392	2165	65309	859304	12.94
1970-1974	65	0.04010	0.03932	0.5	64227	2525	62964	793994	12.36
1970-1974	66	0.03955	0.03878	0.5	61702	2393	60505	731030	11.85
1970-1974	67	0.04352	0.04260	0.5	59309	2526	58046	670525	11.31
1970-1974	68	0.05027	0.04904	0.5	56782	2785	55390	612479	10.79
1970-1974	69	0.05790	0.05627	0.5	53998	3039	52479	557089	10.32
1970-1974	70	0.05963	0.05790	0.5	50959	2951	49484	504611	9.90
1970-1974	71	0.05921	0.05751	0.5	48009	2761	46628	455127	9.48
1970-1974	72	0.06736	0.06516	0.5	45248	2949	43773	408498	9.03
1970-1974	73	0.07690	0.07405	0.5	42299	3132	40733	364725	8.62
1970-1974	74	0.07561	0.07285	0.5	39167	2853	37740	323992	8.27
1970-1974	75	0.08481	0.08136	0.5	36313	2954	34836	286252	7.88
1970-1974	76	0.08653	0.08294	0.5	33359	2767	31976	251415	7.54
1970-1974	77	0.09004	0.08616	0.5	30592	2636	29274	219440	7.17
1970-1974	78	0.10839	0.10282	0.5	27956	2874	26519	190165	6.80
1970-1974	79	0.12220	0.11517	0.5	25082	2889	23638	163646	6.52
1970-1974	80	0.10770	0.10220	0.5	22193	2268	21059	140009	6.31
1970-1974	81	0.11669	0.11026	0.5	19925	2197	18827	118949	5.97
1970-1974	82	0.12632	0.11882	0.5	17728	2106	16675	100122	5.65
1970-1974	83	0.13662	0.12789	0.5	15622	1998	14623	83447	5.34
1970-1974	84	0.14762	0.13747	0.5	13624	1873	12688	68824	5.05
1970-1974	85	0.15934	0.14759	0.5	11751	1734	10884	56137	4.78
1970-1974	86	0.17181	0.15822	0.5	10017	1585	9224	45253	4.52
1970-1974	87	0.18503	0.16937	0.5	8432	1428	7718	36028	4.27
1970-1974	88	0.19903	0.18102	0.5	7004	1268	6370	28310	4.04
1970-1974	89	0.21381	0.19316	0.5	5736	1108	5182	21940	3.82
1970-1974	90	0.22938	0.20578	0.5	4628	952	4152	16758	3.62
1970-1974	91	0.24572	0.21883	0.5	3676	804	3274	12606	3.43
1970-1974	92	0.26283	0.23230	0.5	2871	667	2538	9333	3.25
1970-1974	93	0.28069	0.24614	0.5	2204	543	1933	6795	3.08
1970-1974	94	0.29927	0.26031	0.5	1662	433	1445	4862	2.93
1970-1974	95	0.31853	0.27477	0.5	1229	338	1060	3417	2.78
1970-1974	96	0.33843	0.28945	0.5	891	258	762	2356	2.64
1970-1974	97	0.35893	0.30431	0.5	633	193	537	1594	2.52
1970-1974	98	0.37995	0.31929	0.5	441	141	370	1057	2.40
1970-1974	99	0.40143	0.33433	0.5	300	100	250	686	2.29
1970-1974	100	0.42330	0.34936	0.5	200	70	165	437	2.19
1970-1974	101	0.44547	0.36432	0.5	130	47	106	272	2.09
1970-1974	102	0.46786	0.37916	0.5	83	31	67	166	2.01
1970-1974	103	0.49038	0.39382	0.5	51	20	41	99	1.93
1970-1974	104	0.51294	0.40824	0.5	31	13	25	58	1.85
1970-1974	105	0.53545	0.42237	0.5	18	8	15	33	1.78
1970-1974	106	0.55782	0.43617	0.5	11	5	8	18	1.72
1970-1974	107	0.57995	0.44958	0.5	6	3	5	10	1.66
1970-1974	108	0.60176	0.46258	0.5	3	2	3	5	1.62
1970-1974	109	0.62318	0.47513	0.5	2	1	1	3	1.58
1970-1974	110+	0.64413	1.00000	1.55	1	1	1	1	1.55
1975-1979	0	0.01590	0.01567	0.09	100000	1567	98570	6906024	69.06
1975-1979	1	0.00081	0.00081	0.5	98433	80	98393	6807453	69.16
1975-1979	2	0.00082	0.00082	0.5	98353	80	98313	6709060	68.21
1975-1979	3	0.00061	0.00061	0.5	98273	60	98243	6610747	67.27
1975-1979	4	0.00027	0.00027	0.5	98213	27	98199	6512505	66.31
1975-1979	5	0.00039	0.00039	0.5	98186	39	98167	6414305	65.33
1975-1979	6	0.00072	0.00072	0.5	98147	70	98112	6316139	64.35
1975-1979	7	0.00045	0.00045	0.5	98077	44	98055	6218027	63.40
1975-1979	8	0.00024	0.00024	0.5	98032	24	98021	6119972	62.43
1975-1979	9	0.00048	0.00048	0.5	98009	47	97985	6021951	61.44
1975-1979	10	0.00050	0.00050	0.5	97962	49	97937	5923966	60.47
1975-1979	11	0.00030	0.00030	0.5	97912	29	97898	5826029	59.50
1975-1979	12	0.00021	0.00021	0.5	97883	21	97873	5728131	58.52
1975-1979	13	0.00059	0.00059	0.5	97862	57	97833	5630259	57.53
1975-1979	14	0.00057	0.00057	0.5	97805	56	97777	5532425	56.57
1975-1979	15	0.00082	0.00082	0.5	97749	80	97709	5434648	55.60
1975-1979	16	0.00094	0.00094	0.5	97669	92	97623	5336940	54.64
1975-1979	17	0.00159	0.00159	0.5	97577	155	97499	5239317	53.69
1975-1979	18	0.00174	0.00174	0.5	97421	169	97337	5141818	52.78
1975-1979	19	0.00188	0.00188	0.5	97252	183	97161	5044481	51.87
1975-1979	20	0.00138	0.00138	0.5	97069	134	97002	4947321	50.97
1975-1979	21	0.00199	0.00199	0.5	96935	193	96839	4850318	50.04
1975-1979	22	0.00163	0.00163	0.5	96743	158	96664	4753480	49.14
1975-1979	23	0.00150	0.00150	0.5	96585	145	96512	4656816	48.21
1975-1979	24	0.00148	0.00148	0.5	96440	143	96369	4560304	47.29
1975-1979	25	0.00196	0.00196	0.5	96297	188	96203	4463935	46.36
1975-1979	26	0.00164	0.00164	0.5	96109	158	96030	4367732	45.45
1975-1979	27	0.00154	0.00154	0.5	95951	148	95878	4271702	44.52
1975-1979	28	0.00159	0.00159	0.5	95804	152	95728	4175824	43.59
1975-1979	29	0.00224	0.00224	0.5	95652	214	95545	4080096	42.66
1975-1979	30	0.00149	0.00149	0.5	95438	142	95367	3984551	41.75
1975-1979	31	0.00158	0.00158	0.5	95296	151	95221	3889184	40.81
1975-1979	32	0.00135	0.00135	0.5	95145	128	95081	3793964	39.88
1975-1979	33	0.00161	0.00161	0.5	95017	153	94940	3698883	38.93
1975-1979	34	0.00183	0.00183	0.5	94864	174	94777	3603943	37.99
1975-1979	35	0.00206	0.00206	0.5	94690	195	94593	3509166	37.06
1975-1979	36	0.00219	0.00219	0.5	94495	207	94392	3414573	36.13
1975-1979	37	0.00289	0.00288	0.5	94288	272	94152	3320181	35.21
1975-1979	38	0.00313	0.00312	0.5	94016	294	93869	3226029	34.31
1975-1979	39	0.00296	0.00295	0.5	93722	277	93584	3132160	33.42
1975-1979	40	0.00273	0.00273	0.5	93446	255	93318	3038576	32.52
1975-1979	41	0.00315	0.00314	0.5	93191	293	93044	2945258	31.60
1975-1979	42	0.00362	0.00361	0.5	92898	335	92730	2852213	30.70
1975-1979	43	0.00366	0.00365	0.5	92563	338	92393	2759483	29.81
1975-1979	44	0.00463	0.00462	0.5	92224	426	92011	2667090	28.92
1975-1979	45	0.00439	0.00438	0.5	91799	402	91598	2575078	28.05
1975-1979	46	0.00473	0.00472	0.5	91396	431	91181	2483481	27.17
1975-1979	47	0.00634	0.00632	0.5	90965	575	90678	2392300	26.30
1975-1979	48	0.00682	0.00680	0.5	90390	615	90083	2301622	25.46
1975-1979	49	0.00816	0.00813	0.5	89776	730	89411	2211539	24.63
1975-1979	50	0.00861	0.00858	0.5	89046	764	88664	2122128	23.83
1975-1979	51	0.00885	0.00881	0.5	88282	778	87893	2033464	23.03
1975-1979	52	0.00899	0.00895	0.5	87504	783	87113	1945570	22.23
1975-1979	53	0.01265	0.01258	0.5	86722	1091	86176	1858457	21.43
1975-1979	54	0.01270	0.01262	0.5	85631	1081	85091	1772281	20.70
1975-1979	55	0.01336	0.01327	0.5	84550	1122	83989	1687190	19.95
1975-1979	56	0.01276	0.01268	0.5	83428	1058	82899	1603201	19.22
1975-1979	57	0.01854	0.01837	0.5	82371	1513	81614	1520301	18.46
1975-1979	58	0.01806	0.01790	0.5	80858	1447	80134	1438687	17.79
1975-1979	59	0.01966	0.01947	0.5	79410	1546	78637	1358553	17.11
1975-1979	60	0.01972	0.01953	0.5	77864	1521	77104	1279916	16.44
1975-1979	61	0.02496	0.02465	0.5	76343	1882	75402	1202813	15.76
1975-1979	62	0.02686	0.02650	0.5	74461	1973	73474	1127410	15.14
1975-1979	63	0.02704	0.02668	0.5	72488	1934	71521	1053936	14.54
1975-1979	64	0.02907	0.02865	0.5	70554	2021	69543	982415	13.92
1975-1979	65	0.03386	0.03329	0.5	68533	2282	67392	912872	13.32
1975-1979	66	0.03479	0.03419	0.5	66251	2265	65118	845480	12.76
1975-1979	67	0.03899	0.03825	0.5	63986	2447	62762	780362	12.20
1975-1979	68	0.04305	0.04214	0.5	61538	2593	60242	717600	11.66
1975-1979	69	0.04409	0.04314	0.5	58945	2543	57673	657359	11.15
1975-1979	70	0.05539	0.05389	0.5	56402	3040	54882	599685	10.63
1975-1979	71	0.05818	0.05654	0.5	53362	3017	51854	544803	10.21
1975-1979	72	0.05391	0.05250	0.5	50345	2643	49024	492949	9.79
1975-1979	73	0.06743	0.06523	0.5	47702	3112	46146	443926	9.31
1975-1979	74	0.06898	0.06668	0.5	44591	2973	43104	397779	8.92
1975-1979	75	0.07193	0.06943	0.5	41617	2890	40173	354675	8.52
1975-1979	76	0.06483	0.06279	0.5	38728	2432	37512	314503	8.12
1975-1979	77	0.08316	0.07984	0.5	36296	2898	34847	276991	7.63
1975-1979	78	0.08467	0.08124	0.5	33398	2713	32041	242144	7.25
1975-1979	79	0.09555	0.09120	0.5	30685	2798	29286	210103	6.85
1975-1979	80	0.10319	0.09812	0.5	27886	2736	26518	180817	6.48
1975-1979	81	0.11190	0.10597	0.5	25150	2665	23817	154299	6.14
1975-1979	82	0.12126	0.11433	0.5	22485	2571	21200	130481	5.80
1975-1979	83	0.13128	0.12319	0.5	19914	2453	18688	109282	5.49
1975-1979	84	0.14200	0.13258	0.5	17461	2315	16303	90594	5.19
1975-1979	85	0.15343	0.14250	0.5	15146	2158	14067	74291	4.91
1975-1979	86	0.16561	0.15295	0.5	12988	1986	11994	60224	4.64
1975-1979	87	0.17855	0.16392	0.5	11001	1803	10099	48230	4.38
1975-1979	88	0.19228	0.17541	0.5	9198	1613	8391	38130	4.15
1975-1979	89	0.20679	0.18741	0.5	7584	1421	6874	29739	3.92
1975-1979	90	0.22209	0.19989	0.5	6163	1232	5547	22865	3.71
1975-1979	91	0.23818	0.21284	0.5	4931	1050	4406	17318	3.51
1975-1979	92	0.25506	0.22621	0.5	3882	878	3443	12912	3.33
1975-1979	93	0.27271	0.23999	0.5	3004	721	2643	9469	3.15
1975-1979	94	0.29110	0.25412	0.5	2283	580	1993	6826	2.99
1975-1979	95	0.31021	0.26855	0.5	1703	457	1474	4834	2.84
1975-1979	96	0.32998	0.28325	0.5	1245	353	1069	3360	2.70
1975-1979	97	0.35037	0.29814	0.5	893	266	760	2291	2.57
1975-1979	98	0.37133	0.31318	0.5	626	196	528	1531	2.44
1975-1979	99	0.39278	0.32830	0.5	430	141	360	1003	2.33
1975-1979	100	0.41465	0.34345	0.5	289	99	239	643	2.23
1975-1979	101	0.43687	0.35855	0.5	190	68	156	404	2.13
1975-1979	102	0.45934	0.37355	0.5	122	45	99	248	2.04
1975-1979	103	0.48198	0.38838	0.5	76	30	61	149	1.95
1975-1979	104	0.50469	0.40299	0.5	47	19	37	88	1.88
1975-1979	105	0.52738	0.41733	0.5	28	12	22	50	1.81
1975-1979	106	0.54996	0.43135	0.5	16	7	13	28	1.74
1975-1979	107	0.57233	0.44499	0.5	9	4	7	16	1.68
1975-1979	108	0.59442	0.45823	0.5	5	2	4	8	1.63
1975-1979	109	0.61613	0.47102	0.5	3	1	2	4	1.59
1975-1979	110+	0.63738	1.00000	1.57	1	1	2	2	1.57
1980-1984	0	0.01438	0.01420	0.08	100000	1420	98699	7042350	70.42
1980-1984	1	0.00090	0.00089	0.5	98580	88	98536	6943650	70.44
1980-1984	2	0.00082	0.00082	0.5	98492	81	98452	6845114	69.50
1980-1984	3	0.00037	0.00037	0.5	98412	36	98394	6746662	68.56
1980-1984	4	0.00023	0.00023	0.5	98375	23	98364	6648269	67.58
1980-1984	5	0.00058	0.00058	0.5	98352	57	98324	6549905	66.60
1980-1984	6	0.00049	0.00049	0.5	98295	48	98271	6451581	65.63
1980-1984	7	0.00034	0.00034	0.5	98247	34	98230	6353310	64.67
1980-1984	8	0.00025	0.00025	0.5	98213	24	98201	6255080	63.69
1980-1984	9	0.00051	0.00051	0.5	98189	50	98164	6156879	62.70
1980-1984	10	0.00031	0.00031	0.5	98139	30	98123	6058716	61.74
1980-1984	11	0.00035	0.00035	0.5	98108	34	98091	5960592	60.76
1980-1984	12	0.00039	0.00039	0.5	98074	38	98055	5862501	59.78
1980-1984	13	0.00054	0.00054	0.5	98036	53	98010	5764446	58.80
1980-1984	14	0.00024	0.00024	0.5	97983	23	97972	5666436	57.83
1980-1984	15	0.00051	0.00051	0.5	97960	50	97935	5568464	56.84
1980-1984	16	0.00110	0.00110	0.5	97910	107	97856	5470530	55.87
1980-1984	17	0.00126	0.00126	0.5	97802	123	97741	5372674	54.93
1980-1984	18	0.00182	0.00182	0.5	97679	178	97591	5274933	54.00
1980-1984	19	0.00136	0.00136	0.5	97502	133	97436	5177342	53.10
1980-1984	20	0.00160	0.00160	0.5	97369	156	97291	5079906	52.17
1980-1984	21	0.00198	0.00198	0.5	97213	192	97117	4982615	51.25
1980-1984	22	0.00161	0.00161	0.5	97021	156	96943	4885498	50.36
1980-1984	23	0.00197	0.00197	0.5	96865	191	96769	4788555	49.44
1980-1984	24	0.00166	0.00166	0.5	96674	161	96594	4691786	48.53
1980-1984	25	0.00157	0.00157	0.5	96514	152	96438	4595192	47.61
1980-1984	26	0.00158	0.00157	0.5	96362	152	96286	4498754	46.69
1980-1984	27	0.00152	0.00152	0.5	96210	146	96137	4402469	45.76
1980-1984	28	0.00153	0.00153	0.5	96064	147	95990	4306332	44.83
1980-1984	29	0.00170	0.00170	0.5	95917	163	95836	4210341	43.90
1980-1984	30	0.00147	0.00147	0.5	95754	140	95684	4114506	42.97
1980-1984	31	0.00166	0.00166	0.5	95614	159	95534	4018822	42.03
1980-1984	32	0.00158	0.00158	0.5	95455	151	95380	3923287	41.10
1980-1984	33	0.00161	0.00161	0.5	95304	154	95227	3827908	40.17
1980-1984	34	0.00173	0.00173	0.5	95150	164	95068	3732681	39.23
1980-1984	35	0.00122	0.00122	0.5	94986	116	94928	3637612	38.30
1980-1984	36	0.00172	0.00172	0.5	94870	163	94789	3542684	37.34
1980-1984	37	0.00216	0.00216	0.5	94707	204	94605	3447895	36.41
1980-1984	38	0.00261	0.00261	0.5	94503	246	94379	3353291	35.48
1980-1984	39	0.00213	0.00213	0.5	94256	201	94156	3258911	34.57
1980-1984	40	0.00241	0.00240	0.5	94055	226	93942	3164755	33.65
1980-1984	41	0.00270	0.00269	0.5	93829	253	93703	3070813	32.73
1980-1984	42	0.00310	0.00309	0.5	93576	290	93432	2977110	31.81
1980-1984	43	0.00371	0.00370	0.5	93287	346	93114	2883679	30.91
1980-1984	44	0.00412	0.00411	0.5	92941	382	92750	2790564	30.02
1980-1984	45	0.00476	0.00475	0.5	92559	440	92339	2697814	29.15
1980-1984	46	0.00448	0.00447	0.5	92120	411	91914	2605475	28.28
1980-1984	47	0.00469	0.00468	0.5	91708	429	91494	2513561	27.41
1980-1984	48	0.00549	0.00548	0.5	91279	500	91029	2422067	26.53
1980-1984	49	0.00565	0.00563	0.5	90779	511	90523	2331038	25.68
1980-1984	50	0.00673	0.00671	0.5	90268	605	89965	2240515	24.82
1980-1984	51	0.00782	0.00779	0.5	89663	698	89313	2150550	23.98
1980-1984	52	0.00831	0.00827	0.5	88964	736	88596	2061236	23.17
1980-1984	53	0.01167	0.01160	0.5	88228	1023	87716	1972640	22.36
1980-1984	54	0.01174	0.01167	0.5	87205	1018	86696	1884924	21.61
1980-1984	55	0.01159	0.01153	0.5	86187	993	85691	1798228	20.86
1980-1984	56	0.01248	0.01240	0.5	85194	1057	84665	1712537	20.10
1980-1984	57	0.01428	0.01417	0.5	84137	1193	83541	1627872	19.35
1980-1984	58	0.01631	0.01618	0.5	82944	1342	82273	1544331	18.62
1980-1984	59	0.01725	0.01710	0.5	81603	1395	80905	1462058	17.92
1980-1984	60	0.01684	0.01670	0.5	80207	1339	79538	1381153	17.22
1980-1984	61	0.02071	0.02050	0.5	78868	1617	78060	1301615	16.50
1980-1984	62	0.02255	0.02230	0.5	77251	1723	76390	1223555	15.84
1980-1984	63	0.02543	0.02511	0.5	75528	1896	74580	1147166	15.19
1980-1984	64	0.02620	0.02586	0.5	73632	1904	72680	1072586	14.57
1980-1984	65	0.03073	0.03027	0.5	71728	2171	70642	999905	13.94
1980-1984	66	0.03001	0.02956	0.5	69557	2056	68529	929263	13.36
1980-1984	67	0.03284	0.03231	0.5	67500	2181	66410	860734	12.75
1980-1984	68	0.04005	0.03926	0.5	65319	2565	64037	794324	12.16
1980-1984	69	0.04085	0.04004	0.5	62755	2513	61499	730287	11.64
1980-1984	70	0.04505	0.04405	0.5	60242	2654	58915	668789	11.10
1980-1984	71	0.04863	0.04747	0.5	57588	2734	56221	609874	10.59
1980-1984	72	0.05501	0.05354	0.5	54854	2937	53386	553652	10.09
1980-1984	73	0.06191	0.06005	0.5	51917	3118	50359	500266	9.64
1980-1984	74	0.06288	0.06097	0.5	48800	2975	47312	449908	9.22
1980-1984	75	0.06674	0.06458	0.5	45825	2959	44345	402595	8.79
1980-1984	76	0.08022	0.07712	0.5	42865	3306	41212	358250	8.36
1980-1984	77	0.07874	0.07576	0.5	39559	2997	38061	317038	8.01
1980-1984	78	0.08762	0.08394	0.5	36562	3069	35028	278977	7.63
1980-1984	79	0.08485	0.08140	0.5	33493	2726	32130	243949	7.28
1980-1984	80	0.09532	0.09099	0.5	30767	2799	29367	211819	6.88
1980-1984	81	0.10324	0.09817	0.5	27967	2746	26595	182452	6.52
1980-1984	82	0.11173	0.10582	0.5	25222	2669	23887	155858	6.18
1980-1984	83	0.12083	0.11395	0.5	22553	2570	21268	131970	5.85
1980-1984	84	0.13056	0.12256	0.5	19983	2449	18758	110702	5.54
1980-1984	85	0.14095	0.13167	0.5	17534	2309	16380	91944	5.24
1980-1984	86	0.15201	0.14128	0.5	15225	2151	14150	75564	4.96
1980-1984	87	0.16379	0.15139	0.5	13074	1979	12085	61415	4.70
1980-1984	88	0.17628	0.16200	0.5	11095	1797	10196	49330	4.45
1980-1984	89	0.18951	0.17311	0.5	9298	1609	8493	39134	4.21
1980-1984	90	0.20349	0.18470	0.5	7688	1420	6978	30641	3.99
1980-1984	91	0.21822	0.19675	0.5	6268	1233	5652	23663	3.78
1980-1984	92	0.23371	0.20925	0.5	5035	1054	4508	18011	3.58
1980-1984	93	0.24994	0.22217	0.5	3981	885	3539	13503	3.39
1980-1984	94	0.26691	0.23548	0.5	3097	729	2732	9964	3.22
1980-1984	95	0.28459	0.24914	0.5	2368	590	2073	7232	3.05
1980-1984	96	0.30296	0.26311	0.5	1778	468	1544	5159	2.90
1980-1984	97	0.32198	0.27734	0.5	1310	363	1128	3615	2.76
1980-1984	98	0.34162	0.29178	0.5	947	276	809	2487	2.63
1980-1984	99	0.36181	0.30638	0.5	670	205	568	1678	2.50
1980-1984	100	0.38249	0.32109	0.5	465	149	390	1111	2.39
1980-1984	101	0.40362	0.33584	0.5	316	106	263	720	2.28
1980-1984	102	0.42511	0.35059	0.5	210	74	173	458	2.18
1980-1984	103	0.44688	0.36527	0.5	136	50	111	285	2.09
1980-1984	104	0.46886	0.37982	0.5	86	33	70	173	2.01
1980-1984	105	0.49097	0.39420	0.5	54	21	43	103	1.93
1980-1984	106	0.51310	0.40834	0.5	32	13	26	60	1.86
1980-1984	107	0.53519	0.42221	0.5	19	8	15	34	1.79
1980-1984	108	0.55714	0.43575	0.5	11	5	9	19	1.74
1980-1984	109	0.57887	0.44893	0.5	6	3	5	11	1.69
1980-1984	110+	0.60029	1.00000	1.67	3	3	6	6	1.67
1985-1989	0	0.01375	0.01358	0.08	100000	1358	98753	7083434	70.83
1985-1989	1	0.00083	0.00083	0.5	98642	82	98601	6984681	70.81
1985-1989	2	0.00059	0.00059	0.5	98560	58	98531	6886080	69.87
1985-1989	3	0.00047	0.00047	0.5	98502	46	98479	6787549	68.91
1985-1989	4	0.00042	0.00042	0.5	98456	41	98435	6689070	67.94
1985-1989	5	0.00042	0.00042	0.5	98415	41	98394	6590635	66.97
1985-1989	6	0.00047	0.00047	0.5	98374	46	98351	6492240	66.00
1985-1989	7	0.00034	0.00034	0.5	98328	34	98311	6393890	65.03
1985-1989	8	0.00023	0.00023	0.5	98294	23	98283	6295579	64.05
1985-1989	9	0.00027	0.00027	0.5	98271	27	98258	6197296	63.06
1985-1989	10	0.00027	0.00027	0.5	98244	27	98231	6099039	62.08
1985-1989	11	0.00024	0.00024	0.5	98217	24	98206	6000808	61.10
1985-1989	12	0.00010	0.00010	0.5	98194	10	98189	5902602	60.11
1985-1989	13	0.00033	0.00033	0.5	98184	33	98168	5804413	59.12
1985-1989	14	0.00027	0.00027	0.5	98151	27	98138	5706246	58.14
1985-1989	15	0.00058	0.00058	0.5	98124	57	98096	5608108	57.15
1985-1989	16	0.00077	0.00077	0.5	98067	75	98030	5510012	56.19
1985-1989	17	0.00126	0.00126	0.5	97992	123	97931	5411982	55.23
1985-1989	18	0.00099	0.00098	0.5	97869	96	97821	5314052	54.30
1985-1989	19	0.00100	0.00100	0.5	97773	98	97724	5216231	53.35
1985-1989	20	0.00123	0.00123	0.5	97675	120	97615	5118507	52.40
1985-1989	21	0.00156	0.00156	0.5	97555	152	97479	5020892	51.47
1985-1989	22	0.00197	0.00197	0.5	97403	191	97307	4923413	50.55
1985-1989	23	0.00149	0.00149	0.5	97212	144	97139	4826106	49.65
1985-1989	24	0.00164	0.00164	0.5	97067	159	96988	4728967	48.72
1985-1989	25	0.00211	0.00210	0.5	96908	204	96806	4631979	47.80
1985-1989	26	0.00182	0.00181	0.5	96704	175	96616	4535173	46.90
1985-1989	27	0.00175	0.00175	0.5	96529	169	96444	4438556	45.98
1985-1989	28	0.00225	0.00224	0.5	96360	216	96252	4342112	45.06
1985-1989	29	0.00146	0.00146	0.5	96144	140	96073	4245860	44.16
1985-1989	30	0.00194	0.00194	0.5	96003	186	95910	4149787	43.23
1985-1989	31	0.00178	0.00178	0.5	95817	170	95732	4053877	42.31
1985-1989	32	0.00160	0.00159	0.5	95647	153	95570	3958145	41.38
1985-1989	33	0.00212	0.00211	0.5	95494	202	95393	3862574	40.45
1985-1989	34	0.00245	0.00245	0.5	95292	234	95175	3767181	39.53
1985-1989	35	0.00133	0.00133	0.5	95059	127	94995	3672006	38.63
1985-1989	36	0.00213	0.00213	0.5	94932	202	94831	3577010	37.68
1985-1989	37	0.00265	0.00265	0.5	94730	251	94604	3482179	36.76
1985-1989	38	0.00220	0.00219	0.5	94479	207	94375	3387575	35.86
1985-1989	39	0.00242	0.00242	0.5	94272	228	94158	3293199	34.93
1985-1989	40	0.00268	0.00267	0.5	94044	251	93918	3199042	34.02
1985-1989	41	0.00362	0.00361	0.5	93792	339	93623	3105124	33.11
1985-1989	42	0.00422	0.00422	0.5	93453	394	93256	3011501	32.22
1985-1989	43	0.00315	0.00315	0.5	93059	293	92913	2918244	31.36
1985-1989	44	0.00350	0.00349	0.5	92767	324	92605	2825331	30.46
1985-1989	45	0.00386	0.00385	0.5	92443	356	92265	2732726	29.56
1985-1989	46	0.00431	0.00430	0.5	92087	396	91889	2640462	28.67
1985-1989	47	0.00419	0.00418	0.5	91691	383	91499	2548573	27.80
1985-1989	48	0.00744	0.00741	0.5	91308	677	90969	2457074	26.91
1985-1989	49	0.00619	0.00617	0.5	90631	560	90351	2366104	26.11
1985-1989	50	0.00663	0.00660	0.5	90071	595	89774	2275753	25.27
1985-1989	51	0.00798	0.00794	0.5	89477	711	89121	2185979	24.43
1985-1989	52	0.00996	0.00991	0.5	88766	880	88326	2096857	23.62
1985-1989	53	0.00990	0.00985	0.5	87886	866	87453	2008531	22.85
1985-1989	54	0.00910	0.00906	0.5	87021	788	86627	1921078	22.08
1985-1989	55	0.01142	0.01136	0.5	86232	979	85743	1834451	21.27
1985-1989	56	0.01201	0.01194	0.5	85253	1018	84744	1748708	20.51
1985-1989	57	0.01263	0.01255	0.5	84236	1057	83707	1663964	19.75
1985-1989	58	0.01626	0.01612	0.5	83178	1341	82508	1580257	19.00
1985-1989	59	0.01633	0.01620	0.5	81837	1326	81174	1497749	18.30
1985-1989	60	0.01748	0.01733	0.5	80511	1395	79814	1416575	17.59
1985-1989	61	0.01715	0.01700	0.5	79116	1345	78444	1336761	16.90
1985-1989	62	0.02108	0.02086	0.5	77771	1622	76960	1258317	16.18
1985-1989	63	0.02464	0.02434	0.5	76149	1854	75222	1181358	15.51
1985-1989	64	0.02317	0.02290	0.5	74295	1702	73444	1106136	14.89
1985-1989	65	0.02787	0.02748	0.5	72594	1995	71596	1032691	14.23
1985-1989	66	0.02667	0.02631	0.5	70599	1858	69670	961095	13.61
1985-1989	67	0.03147	0.03099	0.5	68741	2130	67676	891425	12.97
1985-1989	68	0.03650	0.03584	0.5	66611	2388	65417	823749	12.37
1985-1989	69	0.03876	0.03802	0.5	64223	2442	63002	758332	11.81
1985-1989	70	0.04082	0.04000	0.5	61781	2471	60545	695330	11.25
1985-1989	71	0.04530	0.04429	0.5	59310	2627	57996	634785	10.70
1985-1989	72	0.05247	0.05113	0.5	56683	2898	55234	576789	10.18
1985-1989	73	0.05356	0.05216	0.5	53785	2805	52382	521555	9.70
1985-1989	74	0.05971	0.05798	0.5	50979	2956	49502	469173	9.20
1985-1989	75	0.06404	0.06205	0.5	48024	2980	46534	419671	8.74
1985-1989	76	0.06726	0.06507	0.5	45044	2931	43578	373137	8.28
1985-1989	77	0.07818	0.07524	0.5	42113	3169	40528	329559	7.83
1985-1989	78	0.08888	0.08510	0.5	38944	3314	37287	289031	7.42
1985-1989	79	0.08769	0.08400	0.5	35630	2993	34133	251744	7.07
1985-1989	80	0.09707	0.09257	0.5	32637	3021	31126	217610	6.67
1985-1989	81	0.10577	0.10046	0.5	29616	2975	28128	186484	6.30
1985-1989	82	0.11515	0.10888	0.5	26641	2901	25190	158356	5.94
1985-1989	83	0.12525	0.11787	0.5	23740	2798	22341	133166	5.61
1985-1989	84	0.13610	0.12742	0.5	20942	2669	19608	110825	5.29
1985-1989	85	0.14772	0.13756	0.5	18273	2514	17016	91217	4.99
1985-1989	86	0.16016	0.14829	0.5	15760	2337	14591	74201	4.71
1985-1989	87	0.17343	0.15959	0.5	13423	2142	12352	59610	4.44
1985-1989	88	0.18756	0.17148	0.5	11280	1934	10313	47258	4.19
1985-1989	89	0.20255	0.18393	0.5	9346	1719	8487	36945	3.95
1985-1989	90	0.21843	0.19692	0.5	7627	1502	6876	28458	3.73
1985-1989	91	0.23517	0.21043	0.5	6125	1289	5481	21582	3.52
1985-1989	92	0.25279	0.22442	0.5	4836	1085	4294	16101	3.33
1985-1989	93	0.27126	0.23886	0.5	3751	896	3303	11808	3.15
1985-1989	94	0.29055	0.25370	0.5	2855	724	2493	8505	2.98
1985-1989	95	0.31063	0.26887	0.5	2131	573	1844	6012	2.82
1985-1989	96	0.33145	0.28433	0.5	1558	443	1336	4168	2.68
1985-1989	97	0.35295	0.30001	0.5	1115	334	948	2832	2.54
1985-1989	98	0.37506	0.31583	0.5	780	246	657	1884	2.41
1985-1989	99	0.39771	0.33174	0.5	534	177	445	1227	2.30
1985-1989	100	0.42080	0.34766	0.5	357	124	295	781	2.19
1985-1989	101	0.44425	0.36351	0.5	233	85	190	487	2.09
1985-1989	102	0.46794	0.37922	0.5	148	56	120	296	2.00
1985-1989	103	0.49179	0.39473	0.5	92	36	74	176	1.91
1985-1989	104	0.51567	0.40996	0.5	56	23	44	102	1.84
1985-1989	105	0.53947	0.42487	0.5	33	14	26	58	1.77
1985-1989	106	0.56310	0.43939	0.5	19	8	15	32	1.70
1985-1989	107	0.58645	0.45348	0.5	11	5	8	17	1.65
1985-1989	108	0.60941	0.46709	0.5	6	3	4	9	1.60
1985-1989	109	0.63190	0.48019	0.5	3	1	2	5	1.55
1985-1989	110+	0.65383	1.00000	1.53	2	2	2	2	1.53
1990-1994	0	0.01104	0.01093	0.07	100000	1093	98989	7200689	72.01
1990-1994	1	0.00083	0.00083	0.5	98907	82	98866	7101700	71.80
1990-1994	2	0.00034	0.00034	0.5	98825	34	98808	7002834	70.86
1990-1994	3	0.00046	0.00046	0.5	98792	46	98769	6904026	69.88
1990-1994	4	0.00030	0.00030	0.5	98746	30	98731	6805257	68.92
1990-1994	5	0.00023	0.00023	0.5	98716	23	98704	6706526	67.94
1990-1994	6	0.00028	0.00028	0.5	98693	27	98679	6607822	66.95
1990-1994	7	0.00000	0.00000	0.5	98666	0	98666	6509142	65.97
1990-1994	8	0.00017	0.00017	0.5	98666	16	98657	6410477	64.97
1990-1994	9	0.00024	0.00024	0.5	98649	23	98637	6311819	63.98
1990-1994	10	0.00012	0.00012	0.5	98626	12	98620	6213182	63.00
1990-1994	11	0.00016	0.00016	0.5	98614	16	98606	6114562	62.00
1990-1994	12	0.00030	0.00030	0.5	98598	29	98583	6015956	61.02
1990-1994	13	0.00043	0.00043	0.5	98569	42	98547	5917373	60.03
1990-1994	14	0.00048	0.00048	0.5	98526	47	98503	5818825	59.06
1990-1994	15	0.00058	0.00058	0.5	98479	57	98451	5720322	58.09
1990-1994	16	0.00036	0.00036	0.5	98422	36	98404	5621872	57.12
1990-1994	17	0.00086	0.00086	0.5	98386	85	98344	5523468	56.14
1990-1994	18	0.00121	0.00121	0.5	98302	119	98242	5425124	55.19
1990-1994	19	0.00125	0.00125	0.5	98183	122	98122	5326882	54.25
1990-1994	20	0.00143	0.00143	0.5	98061	140	97991	5228760	53.32
1990-1994	21	0.00128	0.00128	0.5	97921	125	97858	5130769	52.40
1990-1994	22	0.00139	0.00139	0.5	97795	136	97727	5032911	51.46
1990-1994	23	0.00103	0.00103	0.5	97660	100	97609	4935184	50.53
1990-1994	24	0.00118	0.00117	0.5	97559	115	97502	4837574	49.59
1990-1994	25	0.00132	0.00132	0.5	97445	129	97380	4740072	48.64
1990-1994	26	0.00151	0.00151	0.5	97316	147	97242	4642692	47.71
1990-1994	27	0.00187	0.00187	0.5	97169	181	97078	4545450	46.78
1990-1994	28	0.00212	0.00212	0.5	96988	206	96885	4448371	45.87
1990-1994	29	0.00179	0.00179	0.5	96782	173	96695	4351486	44.96
1990-1994	30	0.00240	0.00240	0.5	96609	232	96493	4254791	44.04
1990-1994	31	0.00227	0.00227	0.5	96377	219	96267	4158298	43.15
1990-1994	32	0.00243	0.00242	0.5	96158	233	96041	4062031	42.24
1990-1994	33	0.00237	0.00237	0.5	95925	227	95811	3965989	41.34
1990-1994	34	0.00207	0.00207	0.5	95698	198	95599	3870178	40.44
1990-1994	35	0.00320	0.00319	0.5	95500	305	95348	3774579	39.52
1990-1994	36	0.00242	0.00241	0.5	95195	230	95080	3679231	38.65
1990-1994	37	0.00346	0.00346	0.5	94965	328	94801	3584151	37.74
1990-1994	38	0.00273	0.00273	0.5	94637	258	94508	3489350	36.87
1990-1994	39	0.00244	0.00244	0.5	94379	230	94264	3394842	35.97
1990-1994	40	0.00295	0.00295	0.5	94149	278	94010	3300578	35.06
1990-1994	41	0.00317	0.00317	0.5	93871	297	93722	3206568	34.16
1990-1994	42	0.00405	0.00404	0.5	93574	378	93385	3112846	33.27
1990-1994	43	0.00395	0.00394	0.5	93196	368	93012	3019461	32.40
1990-1994	44	0.00379	0.00378	0.5	92828	351	92653	2926449	31.53
1990-1994	45	0.00414	0.00413	0.5	92477	382	92286	2833796	30.64
1990-1994	46	0.00447	0.00446	0.5	92096	410	91890	2741510	29.77
1990-1994	47	0.00521	0.00519	0.5	91685	476	91447	2649619	28.90
1990-1994	48	0.00577	0.00575	0.5	91209	525	90947	2558172	28.05
1990-1994	49	0.00555	0.00553	0.5	90684	501	90433	2467226	27.21
1990-1994	50	0.00598	0.00596	0.5	90183	537	89914	2376792	26.36
1990-1994	51	0.00666	0.00664	0.5	89645	595	89348	2286878	25.51
1990-1994	52	0.00705	0.00703	0.5	89050	626	88737	2197531	24.68
1990-1994	53	0.00748	0.00745	0.5	88424	659	88094	2108794	23.85
1990-1994	54	0.00917	0.00913	0.5	87765	801	87364	2020699	23.02
1990-1994	55	0.01089	0.01083	0.5	86964	941	86493	1933335	22.23
1990-1994	56	0.01156	0.01150	0.5	86022	989	85528	1846842	21.47
1990-1994	57	0.01172	0.01165	0.5	85033	991	84538	1761315	20.71
1990-1994	58	0.01406	0.01396	0.5	84043	1174	83456	1676777	19.95
1990-1994	59	0.01324	0.01316	0.5	82869	1090	82324	1593321	19.23
1990-1994	60	0.01584	0.01572	0.5	81779	1285	81136	1510997	18.48
1990-1994	61	0.01620	0.01607	0.5	80493	1293	79847	1429861	17.76
1990-1994	62	0.01850	0.01833	0.5	79200	1452	78474	1350014	17.05
1990-1994	63	0.02254	0.02228	0.5	77748	1733	76882	1271540	16.35
1990-1994	64	0.02182	0.02158	0.5	76016	1641	75195	1194658	15.72
1990-1994	65	0.02423	0.02394	0.5	74375	1780	73485	1119463	15.05
1990-1994	66	0.02440	0.02410	0.5	72595	1750	71720	1045978	14.41
1990-1994	67	0.02990	0.02946	0.5	70845	2087	69801	974259	13.75
1990-1994	68	0.03044	0.02998	0.5	68757	2061	67727	904458	13.15
1990-1994	69	0.03612	0.03548	0.5	66696	2366	65513	836731	12.55
1990-1994	70	0.03886	0.03811	0.5	64330	2452	63104	771218	11.99
1990-1994	71	0.04288	0.04198	0.5	61878	2598	60579	708114	11.44
1990-1994	72	0.04170	0.04084	0.5	59280	2421	58069	647535	10.92
1990-1994	73	0.04858	0.04743	0.5	56859	2697	55510	589466	10.37
1990-1994	74	0.05232	0.05098	0.5	54162	2761	52781	533956	9.86
1990-1994	75	0.05307	0.05170	0.5	51401	2657	50072	481174	9.36
1990-1994	76	0.06381	0.06184	0.5	48743	3014	47236	431102	8.84
1990-1994	77	0.07124	0.06879	0.5	45729	3146	44156	383866	8.39
1990-1994	78	0.07690	0.07406	0.5	42583	3154	41006	339710	7.98
1990-1994	79	0.07315	0.07057	0.5	39430	2783	38038	298704	7.58
1990-1994	80	0.08411	0.08072	0.5	36647	2958	35168	260665	7.11
1990-1994	81	0.09259	0.08849	0.5	33689	2981	32199	225497	6.69
1990-1994	82	0.10183	0.09689	0.5	30708	2975	29220	193298	6.29
1990-1994	83	0.11187	0.10595	0.5	27732	2938	26263	164078	5.92
1990-1994	84	0.12277	0.11567	0.5	24794	2868	23360	137815	5.56
1990-1994	85	0.13458	0.12609	0.5	21926	2765	20544	114455	5.22
1990-1994	86	0.14732	0.13722	0.5	19162	2629	17847	93911	4.90
1990-1994	87	0.16105	0.14905	0.5	16532	2464	15300	76064	4.60
1990-1994	88	0.17580	0.16159	0.5	14068	2273	12931	60763	4.32
1990-1994	89	0.19159	0.17484	0.5	11795	2062	10764	47832	4.06
1990-1994	90	0.20843	0.18876	0.5	9733	1837	8814	37068	3.81
1990-1994	91	0.22634	0.20333	0.5	7895	1605	7093	28254	3.58
1990-1994	92	0.24532	0.21852	0.5	6290	1374	5603	21161	3.36
1990-1994	93	0.26534	0.23426	0.5	4916	1152	4340	15559	3.17
1990-1994	94	0.28637	0.25051	0.5	3764	943	3293	11219	2.98
1990-1994	95	0.30838	0.26718	0.5	2821	754	2444	7926	2.81
1990-1994	96	0.33128	0.28421	0.5	2067	588	1774	5482	2.65
1990-1994	97	0.35502	0.30150	0.5	1480	446	1257	3708	2.51
1990-1994	98	0.37949	0.31897	0.5	1034	330	869	2452	2.37
1990-1994	99	0.40459	0.33651	0.5	704	237	586	1583	2.25
1990-1994	100	0.43020	0.35404	0.5	467	165	384	997	2.14
1990-1994	101	0.45619	0.37146	0.5	302	112	246	613	2.03
1990-1994	102	0.48241	0.38867	0.5	190	74	153	367	1.94
1990-1994	103	0.50874	0.40557	0.5	116	47	92	214	1.85
1990-1994	104	0.53502	0.42210	0.5	69	29	54	122	1.77
1990-1994	105	0.56110	0.43817	0.5	40	17	31	68	1.70
1990-1994	106	0.58685	0.45372	0.5	22	10	17	37	1.63
1990-1994	107	0.61214	0.46869	0.5	12	6	9	19	1.58
1990-1994	108	0.63683	0.48303	0.5	6	3	5	10	1.53
1990-1994	109	0.66083	0.49671	0.5	3	2	3	5	1.49
1990-1994	110+	0.68402	1.00000	1.46	2	2	2	2	1.46
1995-1999	0	0.00904	0.00897	0.07	100000	897	99165	7322278	73.22
1995-1999	1	0.00055	0.00055	0.5	99103	55	99076	7223112	72.88
1995-1999	2	0.00031	0.00031	0.5	99048	31	99033	7124037	71.92
1995-1999	3	0.00043	0.00043	0.5	99018	43	98996	7025004	70.95
1995-1999	4	0.00015	0.00015	0.5	98975	14	98968	6926007	69.98
1995-1999	5	0.00025	0.00025	0.5	98961	25	98948	6827039	68.99
1995-1999	6	0.00007	0.00007	0.5	98936	7	98932	6728091	68.00
1995-1999	7	0.00021	0.00021	0.5	98929	21	98918	6629159	67.01
1995-1999	8	0.00030	0.00030	0.5	98907	29	98893	6530241	66.02
1995-1999	9	0.00011	0.00011	0.5	98878	11	98873	6431348	65.04
1995-1999	10	0.00022	0.00022	0.5	98868	22	98857	6332475	64.05
1995-1999	11	0.00004	0.00004	0.5	98846	4	98844	6233619	63.06
1995-1999	12	0.00015	0.00015	0.5	98842	15	98835	6134775	62.07
1995-1999	13	0.00035	0.00035	0.5	98827	34	98810	6035940	61.08
1995-1999	14	0.00015	0.00015	0.5	98793	15	98785	5937130	60.10
1995-1999	15	0.00023	0.00023	0.5	98778	22	98767	5838345	59.11
1995-1999	16	0.00092	0.00092	0.5	98755	91	98710	5739578	58.12
1995-1999	17	0.00089	0.00089	0.5	98665	88	98621	5640869	57.17
1995-1999	18	0.00144	0.00143	0.5	98577	141	98506	5542248	56.22
1995-1999	19	0.00109	0.00109	0.5	98436	107	98382	5443742	55.30
1995-1999	20	0.00091	0.00090	0.5	98329	89	98284	5345359	54.36
1995-1999	21	0.00125	0.00125	0.5	98240	123	98178	5247075	53.41
1995-1999	22	0.00105	0.00105	0.5	98117	103	98065	5148897	52.48
1995-1999	23	0.00122	0.00122	0.5	98013	119	97954	5050832	51.53
1995-1999	24	0.00092	0.00092	0.5	97894	90	97849	4952879	50.59
1995-1999	25	0.00161	0.00161	0.5	97804	157	97725	4855030	49.64
1995-1999	26	0.00113	0.00113	0.5	97647	110	97592	4757305	48.72
1995-1999	27	0.00136	0.00136	0.5	97537	133	97470	4659713	47.77
1995-1999	28	0.00133	0.00133	0.5	97404	129	97339	4562243	46.84
1995-1999	29	0.00155	0.00155	0.5	97275	151	97199	4464904	45.90
1995-1999	30	0.00153	0.00153	0.5	97124	149	97049	4367705	44.97
1995-1999	31	0.00194	0.00194	0.5	96975	188	96881	4270655	44.04
1995-1999	32	0.00210	0.00210	0.5	96787	203	96686	4173774	43.12
1995-1999	33	0.00215	0.00215	0.5	96584	207	96480	4077089	42.21
1995-1999	34	0.00181	0.00181	0.5	96377	174	96289	3980608	41.30
1995-1999	35	0.00241	0.00241	0.5	96202	232	96086	3884319	40.38
1995-1999	36	0.00242	0.00242	0.5	95970	232	95854	3788232	39.47
1995-1999	37	0.00302	0.00302	0.5	95738	289	95593	3692378	38.57
1995-1999	38	0.00279	0.00279	0.5	95449	266	95316	3596785	37.68
1995-1999	39	0.00355	0.00355	0.5	95183	338	95014	3501469	36.79
1995-1999	40	0.00314	0.00313	0.5	94845	297	94697	3406455	35.92
1995-1999	41	0.00351	0.00350	0.5	94548	331	94383	3311758	35.03
1995-1999	42	0.00367	0.00366	0.5	94217	345	94045	3217376	34.15
1995-1999	43	0.00499	0.00498	0.5	93872	468	93638	3123331	33.27
1995-1999	44	0.00438	0.00437	0.5	93405	408	93201	3029693	32.44
1995-1999	45	0.00407	0.00406	0.5	92996	377	92808	2936492	31.58
1995-1999	46	0.00498	0.00497	0.5	92619	461	92389	2843684	30.70
1995-1999	47	0.00438	0.00437	0.5	92159	403	91957	2751296	29.85
1995-1999	48	0.00559	0.00557	0.5	91756	511	91500	2659339	28.98
1995-1999	49	0.00526	0.00525	0.5	91244	479	91005	2567839	28.14
1995-1999	50	0.00554	0.00553	0.5	90766	502	90515	2476834	27.29
1995-1999	51	0.00600	0.00598	0.5	90264	540	89994	2386319	26.44
1995-1999	52	0.00680	0.00678	0.5	89724	608	89420	2296325	25.59
1995-1999	53	0.00775	0.00772	0.5	89116	688	88772	2206904	24.76
1995-1999	54	0.00813	0.00809	0.5	88428	716	88071	2118132	23.95
1995-1999	55	0.00777	0.00774	0.5	87713	678	87373	2030062	23.14
1995-1999	56	0.00915	0.00911	0.5	87034	793	86638	1942688	22.32
1995-1999	57	0.01079	0.01073	0.5	86242	926	85779	1856050	21.52
1995-1999	58	0.01193	0.01186	0.5	85316	1012	84810	1770271	20.75
1995-1999	59	0.01251	0.01244	0.5	84304	1048	83780	1685462	19.99
1995-1999	60	0.01362	0.01352	0.5	83255	1126	82692	1601682	19.24
1995-1999	61	0.01456	0.01446	0.5	82129	1187	81536	1518990	18.50
1995-1999	62	0.01653	0.01640	0.5	80942	1327	80278	1437454	17.76
1995-1999	63	0.01655	0.01642	0.5	79615	1307	78961	1357176	17.05
1995-1999	64	0.01787	0.01771	0.5	78308	1387	77614	1278214	16.32
1995-1999	65	0.02080	0.02058	0.5	76921	1583	76129	1200600	15.61
1995-1999	66	0.02489	0.02458	0.5	75338	1852	74412	1124471	14.93
1995-1999	67	0.02498	0.02467	0.5	73486	1813	72579	1050059	14.29
1995-1999	68	0.02725	0.02688	0.5	71673	1927	70709	977480	13.64
1995-1999	69	0.03003	0.02959	0.5	69746	2064	68714	906770	13.00
1995-1999	70	0.03163	0.03113	0.5	67683	2107	66629	838056	12.38
1995-1999	71	0.03632	0.03567	0.5	65575	2339	64406	771427	11.76
1995-1999	72	0.04221	0.04133	0.5	63237	2614	61930	707021	11.18
1995-1999	73	0.04842	0.04727	0.5	60623	2866	59190	645091	10.64
1995-1999	74	0.04882	0.04766	0.5	57757	2753	56381	585901	10.14
1995-1999	75	0.04939	0.04820	0.5	55004	2651	53679	529521	9.63
1995-1999	76	0.05894	0.05725	0.5	52353	2997	50854	475842	9.09
1995-1999	77	0.06177	0.05991	0.5	49356	2957	47877	424988	8.61
1995-1999	78	0.06552	0.06344	0.5	46398	2943	44927	377111	8.13
1995-1999	79	0.06992	0.06756	0.5	43455	2936	41987	332184	7.64
1995-1999	80	0.08218	0.07894	0.5	40519	3198	38920	290197	7.16
1995-1999	81	0.09070	0.08677	0.5	37321	3238	35702	251276	6.73
1995-1999	82	0.10002	0.09525	0.5	34083	3246	32459	215575	6.33
1995-1999	83	0.11017	0.10442	0.5	30836	3220	29226	183115	5.94
1995-1999	84	0.12121	0.11429	0.5	27616	3156	26038	153889	5.57
1995-1999	85	0.13320	0.12488	0.5	24460	3055	22933	127851	5.23
1995-1999	86	0.14617	0.13622	0.5	21405	2916	19948	104918	4.90
1995-1999	87	0.16018	0.14830	0.5	18490	2742	17119	84971	4.60
1995-1999	88	0.17525	0.16113	0.5	15748	2537	14479	67852	4.31
1995-1999	89	0.19141	0.17469	0.5	13210	2308	12056	53373	4.04
1995-1999	90	0.20869	0.18897	0.5	10903	2060	9872	41317	3.79
1995-1999	91	0.22709	0.20393	0.5	8842	1803	7941	31444	3.56
1995-1999	92	0.24661	0.21954	0.5	7039	1545	6266	23503	3.34
1995-1999	93	0.26722	0.23573	0.5	5494	1295	4846	17237	3.14
1995-1999	94	0.28890	0.25243	0.5	4199	1060	3669	12391	2.95
1995-1999	95	0.31158	0.26958	0.5	3139	846	2716	8722	2.78
1995-1999	96	0.33521	0.28709	0.5	2293	658	1964	6006	2.62
1995-1999	97	0.35970	0.30487	0.5	1634	498	1385	4043	2.47
1995-1999	98	0.38494	0.32281	0.5	1136	367	953	2658	2.34
1995-1999	99	0.41081	0.34080	0.5	769	262	638	1705	2.22
1995-1999	100	0.43718	0.35876	0.5	507	182	416	1066	2.10
1995-1999	101	0.46392	0.37657	0.5	325	122	264	650	2.00
1995-1999	102	0.49086	0.39413	0.5	203	80	163	386	1.91
1995-1999	103	0.51786	0.41135	0.5	123	51	98	223	1.82
1995-1999	104	0.54475	0.42814	0.5	72	31	57	126	1.74
1995-1999	105	0.57139	0.44442	0.5	41	18	32	69	1.67
1995-1999	106	0.59762	0.46013	0.5	23	11	18	37	1.61
1995-1999	107	0.62330	0.47520	0.5	12	6	9	19	1.55
1995-1999	108	0.64830	0.48960	0.5	7	3	5	10	1.50
1995-1999	109	0.67252	0.50329	0.5	3	2	2	5	1.46
1995-1999	110+	0.69585	1.00000	1.44	2	2	2	2	1.44
2000-2004	0	0.01042	0.01032	0.07	100000	1032	99043	7402525	74.03
2000-2004	1	0.00055	0.00055	0.5	98968	55	98941	7303482	73.80
2000-2004	2	0.00064	0.00064	0.5	98913	63	98882	7204541	72.84
2000-2004	3	0.00030	0.00030	0.5	98850	30	98835	7105659	71.88
2000-2004	4	0.00015	0.00015	0.5	98820	15	98813	7006824	70.90
2000-2004	5	0.00038	0.00038	0.5	98806	37	98787	6908011	69.92
2000-2004	6	0.00007	0.00007	0.5	98768	7	98765	6809224	68.94
2000-2004	7	0.00011	0.00011	0.5	98761	11	98756	6710459	67.95
2000-2004	8	0.00018	0.00018	0.5	98750	18	98741	6611704	66.95
2000-2004	9	0.00042	0.00042	0.5	98733	41	98712	6512962	65.97
2000-2004	10	0.00010	0.00010	0.5	98691	10	98686	6414250	64.99
2000-2004	11	0.00014	0.00014	0.5	98681	13	98675	6315564	64.00
2000-2004	12	0.00020	0.00020	0.5	98668	20	98658	6216889	63.01
2000-2004	13	0.00014	0.00014	0.5	98648	13	98641	6118231	62.02
2000-2004	14	0.00031	0.00031	0.5	98635	31	98619	6019590	61.03
2000-2004	15	0.00042	0.00042	0.5	98604	41	98583	5920971	60.05
2000-2004	16	0.00112	0.00112	0.5	98563	111	98507	5822387	59.07
2000-2004	17	0.00092	0.00091	0.5	98452	90	98407	5723880	58.14
2000-2004	18	0.00104	0.00104	0.5	98362	102	98311	5625473	57.19
2000-2004	19	0.00163	0.00163	0.5	98260	160	98180	5527162	56.25
2000-2004	20	0.00102	0.00102	0.5	98099	100	98049	5428982	55.34
2000-2004	21	0.00144	0.00144	0.5	97999	141	97928	5330933	54.40
2000-2004	22	0.00177	0.00177	0.5	97858	173	97771	5233005	53.48
2000-2004	23	0.00145	0.00145	0.5	97684	142	97613	5135234	52.57
2000-2004	24	0.00118	0.00118	0.5	97542	115	97485	5037621	51.65
2000-2004	25	0.00154	0.00154	0.5	97427	150	97352	4940136	50.71
2000-2004	26	0.00161	0.00161	0.5	97277	157	97199	4842784	49.78
2000-2004	27	0.00130	0.00130	0.5	97120	126	97057	4745585	48.86
2000-2004	28	0.00109	0.00108	0.5	96994	105	96942	4648528	47.93
2000-2004	29	0.00159	0.00159	0.5	96889	154	96812	4551586	46.98
2000-2004	30	0.00129	0.00129	0.5	96735	125	96672	4454775	46.05
2000-2004	31	0.00159	0.00159	0.5	96610	153	96533	4358102	45.11
2000-2004	32	0.00170	0.00170	0.5	96456	164	96374	4261569	44.18
2000-2004	33	0.00145	0.00145	0.5	96292	139	96222	4165195	43.26
2000-2004	34	0.00140	0.00140	0.5	96153	135	96086	4068973	42.32
2000-2004	35	0.00201	0.00201	0.5	96018	193	95922	3972887	41.38
2000-2004	36	0.00183	0.00183	0.5	95825	175	95738	3876966	40.46
2000-2004	37	0.00252	0.00251	0.5	95650	241	95530	3781228	39.53
2000-2004	38	0.00203	0.00202	0.5	95409	193	95313	3685698	38.63
2000-2004	39	0.00278	0.00277	0.5	95216	264	95084	3590386	37.71
2000-2004	40	0.00337	0.00336	0.5	94952	319	94793	3495301	36.81
2000-2004	41	0.00344	0.00343	0.5	94633	325	94471	3400509	35.93
2000-2004	42	0.00330	0.00330	0.5	94308	311	94153	3306038	35.06
2000-2004	43	0.00376	0.00375	0.5	93997	353	93821	3211885	34.17
2000-2004	44	0.00395	0.00394	0.5	93645	369	93460	3118064	33.30
2000-2004	45	0.00411	0.00410	0.5	93275	383	93084	3024604	32.43
2000-2004	46	0.00472	0.00471	0.5	92892	437	92674	2931520	31.56
2000-2004	47	0.00514	0.00513	0.5	92455	474	92218	2838847	30.71
2000-2004	48	0.00564	0.00562	0.5	91981	517	91722	2746629	29.86
2000-2004	49	0.00461	0.00460	0.5	91464	420	91254	2654906	29.03
2000-2004	50	0.00630	0.00628	0.5	91044	572	90758	2563653	28.16
2000-2004	51	0.00659	0.00656	0.5	90472	594	90175	2472895	27.33
2000-2004	52	0.00619	0.00617	0.5	89878	555	89601	2382720	26.51
2000-2004	53	0.00745	0.00742	0.5	89323	663	88992	2293119	25.67
2000-2004	54	0.00795	0.00792	0.5	88660	702	88309	2204128	24.86
2000-2004	55	0.00879	0.00875	0.5	87958	770	87573	2115818	24.05
2000-2004	56	0.00780	0.00777	0.5	87189	678	86850	2028245	23.26
2000-2004	57	0.00950	0.00945	0.5	86511	818	86102	1941395	22.44
2000-2004	58	0.01216	0.01209	0.5	85693	1036	85175	1855293	21.65
2000-2004	59	0.01074	0.01068	0.5	84657	904	84205	1770118	20.91
2000-2004	60	0.01320	0.01311	0.5	83753	1098	83204	1685913	20.13
2000-2004	61	0.01392	0.01382	0.5	82655	1143	82084	1602709	19.39
2000-2004	62	0.01291	0.01282	0.5	81513	1045	80990	1520625	18.66
2000-2004	63	0.01378	0.01369	0.5	80467	1101	79917	1439635	17.89
2000-2004	64	0.01768	0.01752	0.5	79366	1391	78671	1359718	17.13
2000-2004	65	0.01927	0.01909	0.5	77975	1489	77231	1281047	16.43
2000-2004	66	0.02017	0.01997	0.5	76487	1527	75723	1203816	15.74
2000-2004	67	0.02205	0.02181	0.5	74960	1635	74142	1128093	15.05
2000-2004	68	0.02325	0.02298	0.5	73325	1685	72483	1053951	14.37
2000-2004	69	0.02570	0.02538	0.5	71640	1818	70731	981468	13.70
2000-2004	70	0.02918	0.02876	0.5	69822	2008	68818	910737	13.04
2000-2004	71	0.02987	0.02943	0.5	67814	1996	66816	841919	12.42
2000-2004	72	0.03470	0.03411	0.5	65818	2245	64696	775103	11.78
2000-2004	73	0.03673	0.03607	0.5	63573	2293	62427	710407	11.17
2000-2004	74	0.04222	0.04135	0.5	61280	2534	60013	647981	10.57
2000-2004	75	0.04802	0.04689	0.5	58746	2755	57369	587968	10.01
2000-2004	76	0.04957	0.04837	0.5	55991	2708	54637	530599	9.48
2000-2004	77	0.05799	0.05635	0.5	53283	3003	51781	475962	8.93
2000-2004	78	0.05741	0.05580	0.5	50280	2806	48877	424181	8.44
2000-2004	79	0.06385	0.06187	0.5	47474	2937	46005	375304	7.91
2000-2004	80	0.07629	0.07349	0.5	44537	3273	42900	329299	7.39
2000-2004	81	0.08463	0.08120	0.5	41264	3350	39589	286398	6.94
2000-2004	82	0.09379	0.08959	0.5	37914	3397	36215	246810	6.51
2000-2004	83	0.10383	0.09871	0.5	34517	3407	32813	210594	6.10
2000-2004	84	0.11481	0.10858	0.5	31110	3378	29421	177781	5.71
2000-2004	85	0.12678	0.11923	0.5	27732	3306	26079	148360	5.35
2000-2004	86	0.13981	0.13067	0.5	24426	3192	22830	122281	5.01
2000-2004	87	0.15394	0.14294	0.5	21234	3035	19716	99452	4.68
2000-2004	88	0.16921	0.15601	0.5	18199	2839	16779	79735	4.38
2000-2004	89	0.18567	0.16990	0.5	15360	2610	14055	62956	4.10
2000-2004	90	0.20334	0.18457	0.5	12750	2353	11573	48901	3.84
2000-2004	91	0.22223	0.20001	0.5	10397	2079	9357	37328	3.59
2000-2004	92	0.24234	0.21615	0.5	8317	1798	7418	27971	3.36
2000-2004	93	0.26365	0.23295	0.5	6519	1519	5760	20553	3.15
2000-2004	94	0.28613	0.25032	0.5	5001	1252	4375	14793	2.96
2000-2004	95	0.30973	0.26819	0.5	3749	1005	3246	10418	2.78
2000-2004	96	0.33435	0.28646	0.5	2744	786	2351	7171	2.61
2000-2004	97	0.35991	0.30502	0.5	1958	597	1659	4821	2.46
2000-2004	98	0.38629	0.32376	0.5	1361	440	1140	3162	2.32
2000-2004	99	0.41336	0.34256	0.5	920	315	762	2021	2.20
2000-2004	100	0.44096	0.36130	0.5	605	219	496	1259	2.08
2000-2004	101	0.46893	0.37987	0.5	386	147	313	763	1.98
2000-2004	102	0.49710	0.39814	0.5	240	95	192	450	1.88
2000-2004	103	0.52529	0.41602	0.5	144	60	114	259	1.79
2000-2004	104	0.55331	0.43341	0.5	84	36	66	144	1.71
2000-2004	105	0.58100	0.45022	0.5	48	21	37	78	1.64
2000-2004	106	0.60819	0.46637	0.5	26	12	20	41	1.58
2000-2004	107	0.63473	0.48182	0.5	14	7	11	21	1.52
2000-2004	108	0.66047	0.49651	0.5	7	4	5	11	1.47
2000-2004	109	0.68530	0.51041	0.5	4	2	3	5	1.44
2000-2004	110+	0.70911	1.00000	1.41	2	2	3	3	1.41
2005-2009	0	0.00914	0.00906	0.07	100000	906	99157	7508070	75.08
2005-2009	1	0.00039	0.00039	0.5	99094	38	99074	7408914	74.77
2005-2009	2	0.00018	0.00018	0.5	99055	18	99046	7309840	73.80
2005-2009	3	0.00011	0.00011	0.5	99037	11	99032	7210793	72.81
2005-2009	4	0.00004	0.00004	0.5	99027	4	99025	7111761	71.82
2005-2009	5	0.00021	0.00021	0.5	99023	21	99013	7012736	70.82
2005-2009	6	0.00010	0.00010	0.5	99002	10	98997	6913723	69.83
2005-2009	7	0.00015	0.00015	0.5	98992	14	98985	6814726	68.84
2005-2009	8	0.00007	0.00007	0.5	98977	7	98974	6715741	67.85
2005-2009	9	0.00015	0.00015	0.5	98970	14	98963	6616768	66.86
2005-2009	10	0.00003	0.00003	0.5	98956	3	98954	6517805	65.87
2005-2009	11	0.00010	0.00010	0.5	98952	10	98947	6418851	64.87
2005-2009	12	0.00007	0.00007	0.5	98942	7	98938	6319904	63.87
2005-2009	13	0.00020	0.00020	0.5	98935	20	98925	6220965	62.88
2005-2009	14	0.00023	0.00023	0.5	98915	23	98904	6122040	61.89
2005-2009	15	0.00029	0.00029	0.5	98893	28	98878	6023136	60.91
2005-2009	16	0.00057	0.00057	0.5	98864	56	98836	5924258	59.92
2005-2009	17	0.00069	0.00069	0.5	98808	69	98774	5825422	58.96
2005-2009	18	0.00092	0.00092	0.5	98740	91	98694	5726648	58.00
2005-2009	19	0.00129	0.00129	0.5	98649	128	98585	5627953	57.05
2005-2009	20	0.00130	0.00130	0.5	98521	128	98457	5529368	56.12
2005-2009	21	0.00129	0.00129	0.5	98393	127	98330	5430911	55.20
2005-2009	22	0.00165	0.00164	0.5	98266	162	98185	5332582	54.27
2005-2009	23	0.00118	0.00118	0.5	98104	116	98047	5234396	53.36
2005-2009	24	0.00128	0.00128	0.5	97989	126	97926	5136350	52.42
2005-2009	25	0.00184	0.00183	0.5	97863	179	97773	5038424	51.48
2005-2009	26	0.00193	0.00193	0.5	97684	188	97590	4940650	50.58
2005-2009	27	0.00183	0.00183	0.5	97495	179	97406	4843061	49.67
2005-2009	28	0.00171	0.00171	0.5	97317	166	97234	4745655	48.77
2005-2009	29	0.00156	0.00156	0.5	97150	152	97075	4648421	47.85
2005-2009	30	0.00166	0.00166	0.5	96999	161	96918	4551347	46.92
2005-2009	31	0.00164	0.00164	0.5	96838	158	96758	4454428	46.00
2005-2009	32	0.00202	0.00202	0.5	96679	195	96581	4357670	45.07
2005-2009	33	0.00154	0.00154	0.5	96484	148	96410	4261089	44.16
2005-2009	34	0.00177	0.00177	0.5	96336	170	96250	4164679	43.23
2005-2009	35	0.00216	0.00215	0.5	96165	207	96062	4068428	42.31
2005-2009	36	0.00169	0.00169	0.5	95958	162	95877	3972367	41.40
2005-2009	37	0.00272	0.00272	0.5	95796	260	95666	3876490	40.47
2005-2009	38	0.00241	0.00241	0.5	95536	230	95421	3780824	39.57
2005-2009	39	0.00258	0.00258	0.5	95306	246	95183	3685403	38.67
2005-2009	40	0.00243	0.00243	0.5	95060	231	94945	3590219	37.77
2005-2009	41	0.00305	0.00305	0.5	94829	289	94685	3495275	36.86
2005-2009	42	0.00335	0.00335	0.5	94540	317	94382	3400590	35.97
2005-2009	43	0.00320	0.00319	0.5	94224	301	94074	3306208	35.09
2005-2009	44	0.00400	0.00400	0.5	93923	375	93736	3212134	34.20
2005-2009	45	0.00410	0.00409	0.5	93548	383	93356	3118398	33.33
2005-2009	46	0.00449	0.00448	0.5	93165	417	92956	3025042	32.47
2005-2009	47	0.00510	0.00509	0.5	92748	472	92512	2932086	31.61
2005-2009	48	0.00554	0.00553	0.5	92276	510	92021	2839574	30.77
2005-2009	49	0.00613	0.00612	0.5	91766	561	91485	2747553	29.94
2005-2009	50	0.00583	0.00581	0.5	91205	530	90940	2656068	29.12
2005-2009	51	0.00603	0.00601	0.5	90674	545	90402	2565129	28.29
2005-2009	52	0.00743	0.00740	0.5	90129	667	89796	2474727	27.46
2005-2009	53	0.00702	0.00699	0.5	89462	625	89149	2384931	26.66
2005-2009	54	0.00817	0.00813	0.5	88837	723	88475	2295781	25.84
2005-2009	55	0.00879	0.00875	0.5	88114	771	87729	2207306	25.05
2005-2009	56	0.00840	0.00837	0.5	87343	731	86978	2119578	24.27
2005-2009	57	0.00878	0.00874	0.5	86612	757	86234	2032600	23.47
2005-2009	58	0.01003	0.00998	0.5	85855	857	85427	1946366	22.67
2005-2009	59	0.00981	0.00976	0.5	84998	830	84584	1860939	21.89
2005-2009	60	0.01147	0.01141	0.5	84169	960	83689	1776356	21.10
2005-2009	61	0.01169	0.01162	0.5	83209	967	82725	1692667	20.34
2005-2009	62	0.01408	0.01398	0.5	82241	1150	81666	1609942	19.58
2005-2009	63	0.01304	0.01295	0.5	81092	1050	80566	1528276	18.85
2005-2009	64	0.01681	0.01667	0.5	80041	1334	79374	1447710	18.09
2005-2009	65	0.01697	0.01682	0.5	78707	1324	78045	1368336	17.39
2005-2009	66	0.01948	0.01929	0.5	77383	1493	76636	1290291	16.67
2005-2009	67	0.01671	0.01657	0.5	75890	1257	75261	1213655	15.99
2005-2009	68	0.02169	0.02146	0.5	74632	1602	73831	1138394	15.25
2005-2009	69	0.02477	0.02447	0.5	73031	1787	72137	1064562	14.58
2005-2009	70	0.02530	0.02499	0.5	71244	1780	70354	992425	13.93
2005-2009	71	0.02405	0.02377	0.5	69464	1651	68638	922071	13.27
2005-2009	72	0.02804	0.02765	0.5	67813	1875	66876	853432	12.59
2005-2009	73	0.03233	0.03182	0.5	65938	2098	64889	786557	11.93
2005-2009	74	0.03497	0.03437	0.5	63840	2194	62743	721668	11.30
2005-2009	75	0.03804	0.03733	0.5	61646	2301	60495	658924	10.69
2005-2009	76	0.04203	0.04117	0.5	59345	2443	58123	598429	10.08
2005-2009	77	0.04882	0.04765	0.5	56902	2712	55546	540306	9.50
2005-2009	78	0.05555	0.05405	0.5	54190	2929	52726	484760	8.95
2005-2009	79	0.05894	0.05725	0.5	51261	2935	49794	432034	8.43
2005-2009	80	0.06501	0.06296	0.5	48327	3043	46805	382240	7.91
2005-2009	81	0.07283	0.07027	0.5	45284	3182	43693	335434	7.41
2005-2009	82	0.08152	0.07832	0.5	42102	3298	40453	291741	6.93
2005-2009	83	0.09114	0.08716	0.5	38804	3382	37113	251288	6.48
2005-2009	84	0.10176	0.09684	0.5	35422	3430	33707	214175	6.05
2005-2009	85	0.11347	0.10738	0.5	31992	3435	30274	180469	5.64
2005-2009	86	0.12635	0.11884	0.5	28556	3394	26860	150194	5.26
2005-2009	87	0.14044	0.13123	0.5	25163	3302	23512	123335	4.90
2005-2009	88	0.15584	0.14457	0.5	21861	3160	20281	99823	4.57
2005-2009	89	0.17258	0.15887	0.5	18700	2971	17215	79542	4.25
2005-2009	90	0.19071	0.17411	0.5	15729	2739	14360	62327	3.96
2005-2009	91	0.21026	0.19026	0.5	12991	2472	11755	47967	3.69
2005-2009	92	0.23124	0.20728	0.5	10519	2180	9429	36212	3.44
2005-2009	93	0.25365	0.22510	0.5	8339	1877	7400	26783	3.21
2005-2009	94	0.27744	0.24365	0.5	6462	1574	5675	19383	3.00
2005-2009	95	0.30257	0.26281	0.5	4887	1284	4245	13708	2.80
2005-2009	96	0.32893	0.28247	0.5	3603	1018	3094	9463	2.63
2005-2009	97	0.35641	0.30250	0.5	2585	782	2194	6369	2.46
2005-2009	98	0.38487	0.32276	0.5	1803	582	1512	4175	2.32
2005-2009	99	0.41414	0.34310	0.5	1221	419	1012	2663	2.18
2005-2009	100	0.44404	0.36336	0.5	802	291	656	1651	2.06
2005-2009	101	0.47434	0.38341	0.5	511	196	413	995	1.95
2005-2009	102	0.50483	0.40309	0.5	315	127	251	582	1.85
2005-2009	103	0.53529	0.42227	0.5	188	79	148	330	1.76
2005-2009	104	0.56548	0.44084	0.5	109	48	85	182	1.68
2005-2009	105	0.59520	0.45869	0.5	61	28	47	97	1.60
2005-2009	106	0.62424	0.47575	0.5	33	16	25	51	1.54
2005-2009	107	0.65241	0.49194	0.5	17	8	13	26	1.48
2005-2009	108	0.67955	0.50721	0.5	9	4	7	13	1.43
2005-2009	109	0.70553	0.52154	0.5	4	2	3	6	1.39
2005-2009	110+	0.73024	1.00000	1.37	2	2	3	3	1.37
2010-2014	0	0.00791	0.00785	0.07	100000	785	99267	7609639	76.10
2010-2014	1	0.00025	0.00025	0.5	99215	24	99203	7510372	75.70
2010-2014	2	0.00028	0.00028	0.5	99191	28	99177	7411169	74.72
2010-2014	3	0.00011	0.00011	0.5	99163	10	99157	7311992	73.74
2010-2014	4	0.00025	0.00025	0.5	99152	24	99140	7212835	72.75
2010-2014	5	0.00018	0.00018	0.5	99128	17	99119	7113695	71.76
2010-2014	6	0.00003	0.00003	0.5	99110	3	99109	7014576	70.78
2010-2014	7	0.00010	0.00010	0.5	99107	10	99102	6915467	69.78
2010-2014	8	0.00021	0.00021	0.5	99097	21	99086	6816365	68.79
2010-2014	9	0.00014	0.00014	0.5	99076	14	99069	6717279	67.80
2010-2014	10	0.00024	0.00024	0.5	99062	24	99050	6618210	66.81
2010-2014	11	0.00014	0.00014	0.5	99038	14	99031	6519160	65.82
2010-2014	12	0.00014	0.00014	0.5	99024	14	99018	6420129	64.83
2010-2014	13	0.00024	0.00024	0.5	99011	24	98999	6321111	63.84
2010-2014	14	0.00021	0.00021	0.5	98987	20	98977	6222112	62.86
2010-2014	15	0.00034	0.00034	0.5	98967	34	98950	6123135	61.87
2010-2014	16	0.00050	0.00050	0.5	98933	50	98908	6024186	60.89
2010-2014	17	0.00059	0.00059	0.5	98883	58	98854	5925277	59.92
2010-2014	18	0.00101	0.00101	0.5	98825	99	98775	5826423	58.96
2010-2014	19	0.00092	0.00092	0.5	98725	91	98680	5727648	58.02
2010-2014	20	0.00134	0.00134	0.5	98635	132	98569	5628968	57.07
2010-2014	21	0.00128	0.00128	0.5	98502	126	98439	5530400	56.14
2010-2014	22	0.00121	0.00121	0.5	98376	119	98316	5431961	55.22
2010-2014	23	0.00131	0.00131	0.5	98257	129	98192	5333644	54.28
2010-2014	24	0.00149	0.00149	0.5	98128	146	98055	5235452	53.35
2010-2014	25	0.00139	0.00139	0.5	97981	136	97913	5137397	52.43
2010-2014	26	0.00161	0.00160	0.5	97845	157	97767	5039484	51.50
2010-2014	27	0.00194	0.00193	0.5	97688	189	97594	4941717	50.59
2010-2014	28	0.00178	0.00178	0.5	97499	173	97412	4844124	49.68
2010-2014	29	0.00189	0.00188	0.5	97326	183	97234	4746711	48.77
2010-2014	30	0.00174	0.00174	0.5	97142	169	97058	4649477	47.86
2010-2014	31	0.00180	0.00180	0.5	96974	175	96886	4552419	46.94
2010-2014	32	0.00196	0.00196	0.5	96799	190	96704	4455533	46.03
2010-2014	33	0.00197	0.00197	0.5	96609	190	96514	4358829	45.12
2010-2014	34	0.00154	0.00154	0.5	96419	149	96345	4262315	44.21
2010-2014	35	0.00173	0.00173	0.5	96270	166	96187	4165970	43.27
2010-2014	36	0.00232	0.00231	0.5	96104	222	95993	4069783	42.35
2010-2014	37	0.00222	0.00222	0.5	95881	213	95775	3973791	41.44
2010-2014	38	0.00131	0.00131	0.5	95669	125	95606	3878016	40.54
2010-2014	39	0.00211	0.00211	0.5	95543	201	95443	3782410	39.59
2010-2014	40	0.00254	0.00254	0.5	95342	242	95221	3686967	38.67
2010-2014	41	0.00298	0.00297	0.5	95100	283	94959	3591746	37.77
2010-2014	42	0.00304	0.00303	0.5	94817	287	94674	3496787	36.88
2010-2014	43	0.00288	0.00287	0.5	94530	272	94394	3402113	35.99
2010-2014	44	0.00327	0.00326	0.5	94259	308	94105	3307719	35.09
2010-2014	45	0.00345	0.00345	0.5	93951	324	93789	3213614	34.21
2010-2014	46	0.00396	0.00395	0.5	93627	370	93442	3119825	33.32
2010-2014	47	0.00481	0.00479	0.5	93257	447	93034	3026383	32.45
2010-2014	48	0.00473	0.00471	0.5	92810	438	92591	2933349	31.61
2010-2014	49	0.00550	0.00548	0.5	92373	507	92119	2840758	30.75
2010-2014	50	0.00553	0.00551	0.5	91866	506	91613	2748638	29.92
2010-2014	51	0.00625	0.00623	0.5	91360	569	91075	2657026	29.08
2010-2014	52	0.00711	0.00708	0.5	90790	643	90469	2565950	28.26
2010-2014	53	0.00703	0.00701	0.5	90148	632	89832	2475481	27.46
2010-2014	54	0.00798	0.00795	0.5	89516	712	89160	2385650	26.65
2010-2014	55	0.00830	0.00827	0.5	88804	734	88437	2296489	25.86
2010-2014	56	0.00811	0.00808	0.5	88070	712	87714	2208052	25.07
2010-2014	57	0.00992	0.00987	0.5	87358	863	86927	2120338	24.27
2010-2014	58	0.01050	0.01045	0.5	86496	904	86044	2033411	23.51
2010-2014	59	0.01014	0.01009	0.5	85592	863	85160	1947367	22.75
2010-2014	60	0.01124	0.01118	0.5	84729	947	84255	1862207	21.98
2010-2014	61	0.01226	0.01218	0.5	83782	1021	83271	1777952	21.22
2010-2014	62	0.01245	0.01238	0.5	82761	1024	82249	1694680	20.48
2010-2014	63	0.01223	0.01216	0.5	81737	994	81240	1612431	19.73
2010-2014	64	0.01527	0.01515	0.5	80743	1224	80131	1531192	18.96
2010-2014	65	0.01432	0.01422	0.5	79519	1131	78954	1451061	18.25
2010-2014	66	0.01631	0.01617	0.5	78388	1268	77754	1372107	17.50
2010-2014	67	0.01703	0.01689	0.5	77120	1302	76469	1294353	16.78
2010-2014	68	0.01887	0.01869	0.5	75818	1417	75110	1217883	16.06
2010-2014	69	0.02137	0.02114	0.5	74401	1573	73615	1142774	15.36
2010-2014	70	0.01938	0.01920	0.5	72828	1398	72129	1069159	14.68
2010-2014	71	0.02265	0.02239	0.5	71430	1600	70630	997030	13.96
2010-2014	72	0.02382	0.02354	0.5	69830	1644	69009	926400	13.27
2010-2014	73	0.02774	0.02736	0.5	68187	1866	67254	857391	12.57
2010-2014	74	0.03348	0.03293	0.5	66321	2184	65229	790137	11.91
2010-2014	75	0.03528	0.03467	0.5	64137	2224	63025	724908	11.30
2010-2014	76	0.03796	0.03726	0.5	61913	2307	60760	661883	10.69
2010-2014	77	0.04547	0.04446	0.5	59607	2650	58282	601123	10.08
2010-2014	78	0.04456	0.04359	0.5	56957	2483	55715	542841	9.53
2010-2014	79	0.05088	0.04962	0.5	54474	2703	53123	487126	8.94
2010-2014	80	0.05586	0.05434	0.5	51771	2813	50364	434003	8.38
2010-2014	81	0.06318	0.06125	0.5	48958	2999	47459	383639	7.84
2010-2014	82	0.07140	0.06894	0.5	45959	3168	44375	336180	7.31
2010-2014	83	0.08059	0.07747	0.5	42791	3315	41133	291805	6.82
2010-2014	84	0.09085	0.08690	0.5	39476	3430	37761	250672	6.35
2010-2014	85	0.10227	0.09729	0.5	36046	3507	34292	212911	5.91
2010-2014	86	0.11494	0.10869	0.5	32539	3537	30770	178619	5.49
2010-2014	87	0.12896	0.12115	0.5	29002	3513	27245	147849	5.10
2010-2014	88	0.14440	0.13468	0.5	25488	3433	23772	120603	4.73
2010-2014	89	0.16136	0.14931	0.5	22056	3293	20409	96831	4.39
2010-2014	90	0.17989	0.16504	0.5	18762	3097	17214	76422	4.07
2010-2014	91	0.20004	0.18185	0.5	15666	2849	14241	59208	3.78
2010-2014	92	0.22183	0.19968	0.5	12817	2559	11537	44967	3.51
2010-2014	93	0.24527	0.21848	0.5	10258	2241	9137	33429	3.26
2010-2014	94	0.27033	0.23814	0.5	8017	1909	7062	24292	3.03
2010-2014	95	0.29694	0.25855	0.5	6107	1579	5318	17230	2.82
2010-2014	96	0.32500	0.27957	0.5	4528	1266	3895	11912	2.63
2010-2014	97	0.35438	0.30104	0.5	3262	982	2771	8017	2.46
2010-2014	98	0.38490	0.32278	0.5	2280	736	1912	5246	2.30
2010-2014	99	0.41636	0.34461	0.5	1544	532	1278	3333	2.16
2010-2014	100	0.44851	0.36635	0.5	1012	371	827	2055	2.03
2010-2014	101	0.48109	0.38781	0.5	641	249	517	1229	1.92
2010-2014	102	0.51384	0.40881	0.5	393	160	312	712	1.81
2010-2014	103	0.54647	0.42920	0.5	232	100	182	399	1.72
2010-2014	104	0.57870	0.44883	0.5	132	59	103	217	1.64
2010-2014	105	0.61028	0.46760	0.5	73	34	56	114	1.56
2010-2014	106	0.64096	0.48540	0.5	39	19	29	58	1.50
2010-2014	107	0.67052	0.50217	0.5	20	10	15	29	1.44
2010-2014	108	0.69880	0.51786	0.5	10	5	7	14	1.40
2010-2014	109	0.72564	0.53246	0.5	5	3	4	7	1.36
2010-2014	110+	0.75095	1.00000	1.33	2	2	3	3	1.33
2015-2019	0	0.00734	0.00729	0.06	100000	729	99318	7555607	75.56
2015-2019	1	0.00050	0.00050	0.5	99271	50	99246	7456289	75.11
2015-2019	2	0.00036	0.00036	0.5	99221	35	99203	7357043	74.15
2015-2019	3	0.00039	0.00039	0.5	99185	39	99166	7257840	73.17
2015-2019	4	0.00014	0.00014	0.5	99147	14	99140	7158674	72.20
2015-2019	5	0.00018	0.00018	0.5	99133	17	99124	7059534	71.21
2015-2019	6	0.00017	0.00017	0.5	99115	17	99107	6960410	70.23
2015-2019	7	0.00014	0.00014	0.5	99098	14	99091	6861304	69.24
2015-2019	8	0.00007	0.00007	0.5	99084	7	99081	6762213	68.25
2015-2019	9	0.00000	0.00000	0.5	99077	0	99077	6663132	67.25
2015-2019	10	0.00010	0.00010	0.5	99077	10	99072	6564055	66.25
2015-2019	11	0.00007	0.00007	0.5	99067	7	99064	6464982	65.26
2015-2019	12	0.00014	0.00014	0.5	99060	14	99053	6365919	64.26
2015-2019	13	0.00017	0.00017	0.5	99047	17	99038	6266865	63.27
2015-2019	14	0.00034	0.00034	0.5	99029	34	99013	6167827	62.28
2015-2019	15	0.00051	0.00051	0.5	98996	50	98971	6068815	61.30
2015-2019	16	0.00040	0.00040	0.5	98945	40	98926	5969844	60.33
2015-2019	17	0.00060	0.00060	0.5	98906	60	98876	5870919	59.36
2015-2019	18	0.00127	0.00127	0.5	98846	126	98783	5772043	58.39
2015-2019	19	0.00125	0.00125	0.5	98720	124	98658	5673260	57.47
2015-2019	20	0.00128	0.00127	0.5	98597	126	98534	5574602	56.54
2015-2019	21	0.00149	0.00149	0.5	98471	146	98398	5476068	55.61
2015-2019	22	0.00153	0.00152	0.5	98325	150	98250	5377670	54.69
2015-2019	23	0.00181	0.00181	0.5	98175	178	98086	5279420	53.78
2015-2019	24	0.00172	0.00172	0.5	97997	169	97913	5181334	52.87
2015-2019	25	0.00214	0.00214	0.5	97828	209	97724	5083422	51.96
2015-2019	26	0.00195	0.00195	0.5	97619	190	97524	4985698	51.07
2015-2019	27	0.00159	0.00159	0.5	97429	155	97352	4888174	50.17
2015-2019	28	0.00264	0.00264	0.5	97274	256	97146	4790822	49.25
2015-2019	29	0.00266	0.00266	0.5	97018	258	96889	4693676	48.38
2015-2019	30	0.00250	0.00250	0.5	96760	242	96640	4596787	47.51
2015-2019	31	0.00249	0.00249	0.5	96519	240	96399	4500147	46.62
2015-2019	32	0.00228	0.00228	0.5	96279	220	96169	4403748	45.74
2015-2019	33	0.00239	0.00239	0.5	96059	230	95944	4307579	44.84
2015-2019	34	0.00277	0.00276	0.5	95830	265	95697	4211635	43.95
2015-2019	35	0.00310	0.00310	0.5	95565	296	95417	4115938	43.07
2015-2019	36	0.00288	0.00288	0.5	95269	274	95132	4020521	42.20
2015-2019	37	0.00299	0.00298	0.5	94995	283	94853	3925389	41.32
2015-2019	38	0.00311	0.00311	0.5	94711	294	94564	3830536	40.44
2015-2019	39	0.00319	0.00319	0.5	94417	301	94267	3735972	39.57
2015-2019	40	0.00268	0.00268	0.5	94116	252	93990	3641705	38.69
2015-2019	41	0.00313	0.00313	0.5	93864	294	93717	3547715	37.80
2015-2019	42	0.00315	0.00314	0.5	93570	294	93423	3453998	36.91
2015-2019	43	0.00334	0.00333	0.5	93276	311	93121	3360575	36.03
2015-2019	44	0.00398	0.00397	0.5	92965	369	92781	3267455	35.15
2015-2019	45	0.00358	0.00358	0.5	92596	331	92431	3174674	34.29
2015-2019	46	0.00407	0.00406	0.5	92265	375	92078	3082243	33.41
2015-2019	47	0.00432	0.00431	0.5	91890	396	91693	2990166	32.54
2015-2019	48	0.00494	0.00493	0.5	91495	451	91269	2898473	31.68
2015-2019	49	0.00518	0.00516	0.5	91044	470	90809	2807204	30.83
2015-2019	50	0.00614	0.00612	0.5	90574	554	90297	2716395	29.99
2015-2019	51	0.00554	0.00553	0.5	90020	498	89771	2626098	29.17
2015-2019	52	0.00672	0.00670	0.5	89522	600	89223	2536326	28.33
2015-2019	53	0.00651	0.00649	0.5	88923	577	88634	2447104	27.52
2015-2019	54	0.00846	0.00843	0.5	88346	744	87974	2358470	26.70
2015-2019	55	0.00884	0.00880	0.5	87602	771	87216	2270496	25.92
2015-2019	56	0.00846	0.00843	0.5	86831	732	86465	2183280	25.14
2015-2019	57	0.00950	0.00946	0.5	86099	814	85692	2096815	24.35
2015-2019	58	0.01125	0.01119	0.5	85285	954	84808	2011123	23.58
2015-2019	59	0.01149	0.01143	0.5	84331	964	83849	1926316	22.84
2015-2019	60	0.01090	0.01084	0.5	83367	904	82915	1842467	22.10
2015-2019	61	0.01163	0.01156	0.5	82463	953	81986	1759552	21.34
2015-2019	62	0.01299	0.01291	0.5	81510	1052	80984	1677566	20.58
2015-2019	63	0.01349	0.01340	0.5	80458	1078	79919	1596582	19.84
2015-2019	64	0.01460	0.01449	0.5	79380	1150	78805	1516664	19.11
2015-2019	65	0.01533	0.01521	0.5	78230	1190	77634	1437859	18.38
2015-2019	66	0.01728	0.01713	0.5	77039	1320	76380	1360225	17.66
2015-2019	67	0.01836	0.01819	0.5	75720	1377	75031	1283845	16.96
2015-2019	68	0.01782	0.01766	0.5	74343	1313	73686	1208814	16.26
2015-2019	69	0.01979	0.01959	0.5	73030	1431	72314	1135128	15.54
2015-2019	70	0.02153	0.02130	0.5	71599	1525	70837	1062813	14.84
2015-2019	71	0.02390	0.02362	0.5	70074	1655	69247	991977	14.16
2015-2019	72	0.02678	0.02642	0.5	68419	1808	67515	922730	13.49
2015-2019	73	0.02869	0.02828	0.5	66611	1884	65669	855215	12.84
2015-2019	74	0.03110	0.03062	0.5	64727	1982	63736	789545	12.20
2015-2019	75	0.03371	0.03315	0.5	62745	2080	61705	725809	11.57
2015-2019	76	0.03899	0.03824	0.5	60665	2320	59505	664104	10.95
2015-2019	77	0.04298	0.04208	0.5	58345	2455	57118	604599	10.36
2015-2019	78	0.04334	0.04242	0.5	55890	2371	54705	547481	9.80
2015-2019	79	0.04742	0.04632	0.5	53519	2479	52280	492776	9.21
2015-2019	80	0.05120	0.04993	0.5	51040	2548	49766	440496	8.63
2015-2019	81	0.05828	0.05663	0.5	48492	2746	47119	390730	8.06
2015-2019	82	0.06627	0.06414	0.5	45746	2934	44279	343611	7.51
2015-2019	83	0.07526	0.07253	0.5	42812	3105	41259	299332	6.99
2015-2019	84	0.08536	0.08187	0.5	39707	3251	38081	258072	6.50
2015-2019	85	0.09668	0.09222	0.5	36456	3362	34775	219991	6.03
2015-2019	86	0.10931	0.10365	0.5	33094	3430	31379	185216	5.60
2015-2019	87	0.12338	0.11621	0.5	29664	3447	27940	153837	5.19
2015-2019	88	0.13897	0.12994	0.5	26217	3407	24513	125897	4.80
2015-2019	89	0.15618	0.14487	0.5	22810	3304	21158	101383	4.44
2015-2019	90	0.17509	0.16099	0.5	19506	3140	17936	80225	4.11
2015-2019	91	0.19575	0.17830	0.5	16365	2918	14906	62290	3.81
2015-2019	92	0.21821	0.19674	0.5	13448	2646	12125	47383	3.52
2015-2019	93	0.24247	0.21625	0.5	10802	2336	9634	35258	3.26
2015-2019	94	0.26850	0.23672	0.5	8466	2004	7464	25625	3.03
2015-2019	95	0.29623	0.25801	0.5	6462	1667	5628	18161	2.81
2015-2019	96	0.32555	0.27998	0.5	4795	1342	4123	12533	2.61
2015-2019	97	0.35630	0.30243	0.5	3452	1044	2930	8409	2.44
2015-2019	98	0.38829	0.32516	0.5	2408	783	2017	5479	2.28
2015-2019	99	0.42127	0.34797	0.5	1625	566	1342	3462	2.13
2015-2019	100	0.45497	0.37065	0.5	1060	393	863	2120	2.00
2015-2019	101	0.48908	0.39298	0.5	667	262	536	1257	1.88
2015-2019	102	0.52330	0.41477	0.5	405	168	321	721	1.78
2015-2019	103	0.55730	0.43585	0.5	237	103	185	400	1.69
2015-2019	104	0.59077	0.45605	0.5	134	61	103	215	1.61
2015-2019	105	0.62342	0.47527	0.5	73	35	55	111	1.53
2015-2019	106	0.65498	0.49340	0.5	38	19	29	56	1.47
2015-2019	107	0.68524	0.51037	0.5	19	10	14	27	1.41
2015-2019	108	0.71400	0.52616	0.5	9	5	7	13	1.37
2015-2019	109	0.74112	0.54074	0.5	4	2	3	6	1.33
2015-2019	110+	0.76652	1.00000	1.3	2	2	3	3	1.30
