MD: Maryland, Lifetables (period 5x1), Females Last modified: 20 Dec 2020, MPv5 (May07) 

Year	Age	mx	qx	ax	lx	dx	Lx	Tx	ex
1959	0	0.02584	0.02527	0.13	100000	2527	97790	7213071	72.13
1959	1-4	0.00083	0.00333	1.75	97473	324	389161	7115282	73.00
1959	5-9	0.00035	0.00174	1.97	97149	169	485230	6726121	69.24
1959	10-14	0.00026	0.00129	2.74	96979	125	484613	6240891	64.35
1959	15-19	0.00053	0.00263	2.72	96854	255	483689	5756278	59.43
1959	20-24	0.00078	0.00390	2.33	96599	377	481989	5272589	54.58
1959	25-29	0.00080	0.00398	2.51	96222	383	480156	4790600	49.79
1959	30-34	0.00115	0.00575	2.89	95839	551	478032	4310444	44.98
1959	35-39	0.00201	0.01000	2.74	95288	953	474290	3832412	40.22
1959	40-44	0.00333	0.01652	2.69	94336	1558	468084	3358122	35.60
1959	45-49	0.00470	0.02324	2.77	92778	2156	459073	2890038	31.15
1959	50-54	0.00700	0.03442	2.62	90622	3119	445679	2430965	26.83
1959	55-59	0.01087	0.05298	2.65	87503	4636	426639	1985285	22.69
1959	60-64	0.01672	0.08034	2.58	82867	6658	398236	1558646	18.81
1959	65-69	0.02709	0.12713	2.59	76209	9689	357664	1160411	15.23
1959	70-74	0.04045	0.18402	2.55	66520	12241	302609	802747	12.07
1959	75-79	0.06911	0.29552	2.55	54279	16041	232100	500138	9.21
1959	80-84	0.09901	0.39654	2.49	38238	15163	153154	268038	7.01
1959	85-89	0.16944	0.57779	2.25	23075	13333	78686	114884	4.98
1959	90-94	0.24404	0.72111	2.16	9743	7025	28788	36198	3.72
1959	95-99	0.35111	0.84487	1.93	2717	2296	6538	7410	2.73
1959	100-104	0.47532	0.92215	1.68	422	389	818	872	2.07
1959	105-109	0.60335	0.96189	1.46	33	32	52	54	1.65
1959	110+	0.70346	1.00000	1.42	1	1	2	2	1.42
1960	0	0.02527	0.02472	0.12	100000	2472	97834	7195648	71.96
1960	1-4	0.00093	0.00370	1.6	97528	361	389247	7097814	72.78
1960	5-9	0.00050	0.00249	2.44	97167	242	485217	6708567	69.04
1960	10-14	0.00034	0.00171	2.78	96925	166	484257	6223350	64.21
1960	15-19	0.00039	0.00195	2.74	96759	188	483371	5739094	59.31
1960	20-24	0.00060	0.00298	2.84	96571	287	482233	5255723	54.42
1960	25-29	0.00115	0.00572	2.52	96284	551	480052	4773489	49.58
1960	30-34	0.00145	0.00723	2.67	95732	692	477052	4293438	44.85
1960	35-39	0.00203	0.01008	2.73	95040	958	473024	3816386	40.16
1960	40-44	0.00335	0.01662	2.72	94082	1564	466846	3343362	35.54
1960	45-49	0.00465	0.02301	2.69	92518	2129	457664	2876516	31.09
1960	50-54	0.00721	0.03543	2.64	90389	3202	444396	2418852	26.76
1960	55-59	0.01124	0.05475	2.64	87187	4774	424677	1974457	22.65
1960	60-64	0.01720	0.08266	2.64	82413	6812	395968	1549780	18.80
1960	65-69	0.02649	0.12458	2.61	75601	9419	355510	1153812	15.26
1960	70-74	0.04130	0.18818	2.64	66182	12454	301541	798302	12.06
1960	75-79	0.06776	0.29073	2.56	53728	15620	230540	496761	9.25
1960	80-84	0.10213	0.40715	2.51	38108	15516	151925	266221	6.99
1960	85-89	0.16514	0.57258	2.32	22592	12936	78334	114297	5.06
1960	90-94	0.24358	0.72020	2.16	9656	6955	28551	35962	3.72
1960	95-99	0.34897	0.84282	1.93	2702	2277	6525	7411	2.74
1960	100-104	0.47124	0.92022	1.69	425	391	829	886	2.09
1960	105-109	0.59771	0.96059	1.47	34	33	54	56	1.66
1960	110+	0.69700	1.00000	1.43	1	1	2	2	1.43
1961	0	0.02249	0.02205	0.12	100000	2205	98051	7262485	72.62
1961	1-4	0.00096	0.00385	1.57	97795	376	390265	7164434	73.26
1961	5-9	0.00030	0.00150	2.43	97419	147	486717	6774169	69.54
1961	10-14	0.00032	0.00159	2.48	97272	155	485971	6287452	64.64
1961	15-19	0.00039	0.00193	2.99	97118	188	485211	5801481	59.74
1961	20-24	0.00060	0.00301	2.55	96930	292	483935	5316270	54.85
1961	25-29	0.00095	0.00475	3	96638	459	482274	4832335	50.00
1961	30-34	0.00126	0.00627	2.59	96179	603	479442	4350061	45.23
1961	35-39	0.00201	0.01000	2.67	95577	956	475651	3870619	40.50
1961	40-44	0.00309	0.01534	2.63	94621	1451	469672	3394968	35.88
1961	45-49	0.00458	0.02267	2.76	93170	2112	461108	2925296	31.40
1961	50-54	0.00722	0.03549	2.6	91058	3232	447542	2464188	27.06
1961	55-59	0.01026	0.05001	2.5	87826	4392	428165	2016646	22.96
1961	60-64	0.01647	0.07926	2.62	83434	6613	401460	1588481	19.04
1961	65-69	0.02591	0.12207	2.64	76821	9377	361930	1187021	15.45
1961	70-74	0.04198	0.19033	2.55	67443	12836	305768	825091	12.23
1961	75-79	0.06182	0.26893	2.58	54607	14686	237563	519324	9.51
1961	80-84	0.10063	0.40119	2.47	39921	16016	159165	281761	7.06
1961	85-89	0.16406	0.56887	2.31	23905	13599	82892	122596	5.13
1961	90-94	0.23439	0.70533	2.18	10306	7269	31014	39704	3.85
1961	95-99	0.33309	0.82783	1.96	3037	2514	7548	8690	2.86
1961	100-104	0.44859	0.90903	1.73	523	475	1060	1142	2.18
1961	105-109	0.57036	0.95380	1.51	48	45	80	83	1.74
1961	110+	0.66764	1.00000	1.5	2	2	3	3	1.50
1962	0	0.02450	0.02398	0.12	100000	2398	97893	7257059	72.57
1962	1-4	0.00088	0.00351	1.7	97602	342	389621	7159166	73.35
1962	5-9	0.00046	0.00228	2.16	97260	222	485667	6769545	69.60
1962	10-14	0.00023	0.00114	2.33	97038	110	484894	6283877	64.76
1962	15-19	0.00036	0.00181	3.05	96927	175	484295	5798984	59.83
1962	20-24	0.00065	0.00326	2.52	96752	316	482977	5314688	54.93
1962	25-29	0.00083	0.00416	2.45	96436	401	481157	4831711	50.10
1962	30-34	0.00125	0.00621	2.64	96035	597	478766	4350553	45.30
1962	35-39	0.00207	0.01032	2.59	95438	985	474818	3871787	40.57
1962	40-44	0.00322	0.01599	2.78	94453	1510	468911	3396969	35.96
1962	45-49	0.00473	0.02339	2.68	92942	2173	459680	2928058	31.50
1962	50-54	0.00707	0.03475	2.62	90769	3155	446337	2468379	27.19
1962	55-59	0.01088	0.05304	2.66	87614	4647	427197	2022041	23.08
1962	60-64	0.01663	0.07997	2.62	82967	6635	399043	1594844	19.22
1962	65-69	0.02527	0.11902	2.56	76332	9085	359506	1195801	15.67
1962	70-74	0.03891	0.17848	2.69	67247	12002	308451	836295	12.44
1962	75-79	0.06369	0.27567	2.56	55244	15229	239093	527844	9.55
1962	80-84	0.10007	0.40146	2.54	40015	16064	160533	288751	7.22
1962	85-89	0.15286	0.54514	2.37	23951	13056	85415	128218	5.35
1962	90-94	0.22875	0.69624	2.19	10894	7585	33159	42803	3.93
1962	95-99	0.32621	0.82122	1.98	3309	2718	8331	9644	2.91
1962	100-104	0.44101	0.90513	1.74	592	535	1214	1313	2.22
1962	105-109	0.56287	0.95183	1.52	56	53	95	99	1.76
1962	110+	0.66066	1.00000	1.51	3	3	4	4	1.51
1963	0	0.02327	0.02280	0.12	100000	2280	97989	7231697	72.32
1963	1-4	0.00085	0.00338	1.59	97720	330	390083	7133708	73.00
1963	5-9	0.00047	0.00234	2.35	97390	228	486346	6743624	69.24
1963	10-14	0.00023	0.00117	2.57	97162	114	485534	6257278	64.40
1963	15-19	0.00058	0.00288	2.85	97048	280	484639	5771744	59.47
1963	20-24	0.00073	0.00364	2.46	96768	352	482948	5287105	54.64
1963	25-29	0.00092	0.00458	2.52	96416	442	480985	4804158	49.83
1963	30-34	0.00140	0.00697	2.71	95974	669	478341	4323173	45.05
1963	35-39	0.00209	0.01041	2.67	95305	993	474216	3844832	40.34
1963	40-44	0.00307	0.01522	2.76	94313	1436	468348	3370617	35.74
1963	45-49	0.00449	0.02222	2.64	92877	2063	459523	2902269	31.25
1963	50-54	0.00715	0.03514	2.59	90814	3191	446362	2442746	26.90
1963	55-59	0.01045	0.05097	2.6	87622	4466	427372	1996384	22.78
1963	60-64	0.01724	0.08281	2.64	83156	6886	399540	1569012	18.87
1963	65-69	0.02713	0.12707	2.52	76270	9691	357272	1169472	15.33
1963	70-74	0.04180	0.18992	2.6	66578	12645	302510	812200	12.20
1963	75-79	0.06162	0.26753	2.54	53934	14429	234163	509691	9.45
1963	80-84	0.10125	0.40358	2.49	39505	15943	157462	275528	6.97
1963	85-89	0.16592	0.57522	2.33	23562	13553	81686	118066	5.01
1963	90-94	0.25015	0.73069	2.15	10009	7313	29235	36380	3.63
1963	95-99	0.36220	0.85454	1.91	2695	2303	6359	7145	2.65
1963	100-104	0.49133	0.92911	1.65	392	364	741	786	2.00
1963	105-109	0.62250	0.96592	1.43	28	27	43	44	1.60
1963	110+	0.72354	1.00000	1.38	1	1	1	1	1.38
1964	0	0.02231	0.02188	0.12	100000	2188	98065	7311544	73.12
1964	1-4	0.00082	0.00329	1.6	97812	322	390476	7213480	73.75
1964	5-9	0.00042	0.00211	1.95	97490	206	486823	6823004	69.99
1964	10-14	0.00027	0.00136	2.73	97284	132	486121	6336181	65.13
1964	15-19	0.00049	0.00244	2.7	97152	238	485215	5850060	60.22
1964	20-24	0.00065	0.00323	2.64	96915	313	483837	5364845	55.36
1964	25-29	0.00089	0.00446	2.53	96602	431	481947	4881009	50.53
1964	30-34	0.00145	0.00724	2.86	96171	696	479366	4399062	45.74
1964	35-39	0.00192	0.00956	2.81	95475	913	475377	3919696	41.05
1964	40-44	0.00302	0.01502	2.74	94562	1420	469608	3444319	36.42
1964	45-49	0.00478	0.02365	2.7	93142	2202	460652	2974711	31.94
1964	50-54	0.00692	0.03402	2.59	90940	3094	447231	2514059	27.65
1964	55-59	0.00981	0.04795	2.65	87846	4212	429346	2066828	23.53
1964	60-64	0.01546	0.07470	2.73	83634	6247	404011	1637481	19.58
1964	65-69	0.02420	0.11436	2.59	77387	8850	365614	1233470	15.94
1964	70-74	0.03801	0.17395	2.56	68537	11922	313609	867856	12.66
1964	75-79	0.05955	0.25962	2.53	56615	14699	246843	554247	9.79
1964	80-84	0.09673	0.39003	2.52	41917	16349	169013	307404	7.33
1964	85-89	0.15211	0.54205	2.35	25568	13859	91112	138392	5.41
1964	90-94	0.22154	0.68391	2.2	11709	8008	36146	47280	4.04
1964	95-99	0.31486	0.80941	2	3701	2996	9514	11133	3.01
1964	100-104	0.42551	0.89633	1.77	705	632	1486	1619	2.30
1964	105-109	0.54442	0.94644	1.55	73	69	127	133	1.82
1964	110+	0.64077	1.00000	1.56	4	4	6	6	1.56
1965	0	0.02107	0.02068	0.11	100000	2068	98163	7296560	72.97
1965	1-4	0.00092	0.00366	1.71	97932	358	390904	7198397	73.50
1965	5-9	0.00036	0.00182	2.13	97573	177	487356	6807493	69.77
1965	10-14	0.00027	0.00136	2.58	97396	133	486657	6320137	64.89
1965	15-19	0.00051	0.00256	2.69	97263	249	485739	5833480	59.98
1965	20-24	0.00069	0.00344	2.99	97014	334	484398	5347741	55.12
1965	25-29	0.00080	0.00399	2.35	96680	385	482379	4863343	50.30
1965	30-34	0.00123	0.00613	2.57	96295	591	480040	4380963	45.50
1965	35-39	0.00205	0.01019	2.49	95704	976	476071	3900923	40.76
1965	40-44	0.00321	0.01593	2.66	94729	1509	470112	3424852	36.15
1965	45-49	0.00447	0.02214	2.68	93219	2063	461309	2954741	31.70
1965	50-54	0.00683	0.03361	2.58	91156	3064	448376	2493432	27.35
1965	55-59	0.01106	0.05390	2.66	88092	4749	429339	2045056	23.21
1965	60-64	0.01583	0.07621	2.58	83344	6352	401349	1615717	19.39
1965	65-69	0.02436	0.11498	2.57	76992	8853	363428	1214368	15.77
1965	70-74	0.03912	0.17903	2.64	68139	12199	311853	850939	12.49
1965	75-79	0.06191	0.26815	2.51	55940	15000	242296	539086	9.64
1965	80-84	0.09998	0.40041	2.51	40940	16393	163957	296790	7.25
1965	85-89	0.15164	0.53838	2.31	24547	13216	87153	132833	5.41
1965	90-94	0.22244	0.68513	2.2	11332	7764	34901	45680	4.03
1965	95-99	0.31360	0.80776	2	3568	2882	9190	10779	3.02
1965	100-104	0.42141	0.89368	1.78	686	613	1455	1589	2.32
1965	105-109	0.53748	0.94415	1.56	73	69	128	135	1.85
1965	110+	0.63180	1.00000	1.58	4	4	6	6	1.58
1966	0	0.01959	0.01925	0.11	100000	1925	98283	7303435	73.03
1966	1-4	0.00092	0.00369	1.52	98075	362	391401	7205152	73.47
1966	5-9	0.00039	0.00195	2.27	97713	190	488045	6813751	69.73
1966	10-14	0.00025	0.00123	2.54	97523	120	487318	6325707	64.86
1966	15-19	0.00039	0.00194	2.86	97403	189	486610	5838389	59.94
1966	20-24	0.00068	0.00339	2.76	97214	329	485332	5351779	55.05
1966	25-29	0.00093	0.00464	2.59	96885	450	483338	4866447	50.23
1966	30-34	0.00133	0.00663	2.71	96435	639	480710	4383108	45.45
1966	35-39	0.00193	0.00960	2.7	95796	920	476860	3902398	40.74
1966	40-44	0.00315	0.01562	2.65	94876	1482	470892	3425538	36.11
1966	45-49	0.00476	0.02353	2.67	93394	2198	461840	2954646	31.64
1966	50-54	0.00750	0.03687	2.69	91196	3363	448218	2492806	27.33
1966	55-59	0.01029	0.05022	2.66	87834	4411	428859	2044588	23.28
1966	60-64	0.01527	0.07365	2.58	83423	6144	402241	1615729	19.37
1966	65-69	0.02412	0.11393	2.57	77279	8805	365015	1213488	15.70
1966	70-74	0.04072	0.18580	2.65	68474	12723	312476	848473	12.39
1966	75-79	0.06010	0.26214	2.57	55752	14615	243188	535996	9.61
1966	80-84	0.09668	0.38857	2.48	41137	15984	165327	292809	7.12
1966	85-89	0.16318	0.56809	2.33	25153	14289	87566	127482	5.07
1966	90-94	0.24844	0.72278	2.11	10864	7852	31605	39915	3.67
1966	95-99	0.34641	0.84088	1.94	3012	2532	7310	8310	2.76
1966	100-104	0.47091	0.92028	1.69	479	441	937	1000	2.09
1966	105-109	0.59982	0.96117	1.47	38	37	61	63	1.66
1966	110+	0.70084	1.00000	1.43	1	1	2	2	1.43
1967	0	0.01875	0.01845	0.11	100000	1845	98350	7354467	73.54
1967	1-4	0.00083	0.00333	1.64	98155	327	391851	7256117	73.92
1967	5-9	0.00042	0.00208	2.11	97828	203	488555	6864266	70.17
1967	10-14	0.00029	0.00147	2.22	97625	144	487726	6375711	65.31
1967	15-19	0.00040	0.00198	2.67	97481	193	486957	5887985	60.40
1967	20-24	0.00057	0.00283	2.54	97289	276	485765	5401028	55.52
1967	25-29	0.00067	0.00332	2.53	97013	322	484271	4915263	50.67
1967	30-34	0.00122	0.00609	2.65	96691	589	482068	4430993	45.83
1967	35-39	0.00205	0.01019	2.57	96102	979	478130	3948925	41.09
1967	40-44	0.00283	0.01406	2.74	95123	1338	472589	3470795	36.49
1967	45-49	0.00462	0.02286	2.64	93786	2144	463860	2998207	31.97
1967	50-54	0.00686	0.03375	2.69	91641	3093	451060	2534347	27.66
1967	55-59	0.01018	0.04974	2.68	88549	4405	432545	2083287	23.53
1967	60-64	0.01471	0.07107	2.64	84144	5980	406626	1650742	19.62
1967	65-69	0.02410	0.11378	2.56	78164	8893	369085	1244116	15.92
1967	70-74	0.03990	0.18224	2.63	69271	12624	316394	875031	12.63
1967	75-79	0.06144	0.26634	2.5	56647	15087	245563	558637	9.86
1967	80-84	0.09357	0.38047	2.55	41560	15812	168992	313073	7.53
1967	85-89	0.14324	0.51959	2.36	25747	13378	93395	144082	5.60
1967	90-94	0.21700	0.67647	2.22	12369	8368	38559	50687	4.10
1967	95-99	0.31187	0.80664	2.01	4002	3228	10351	12128	3.03
1967	100-104	0.42513	0.89642	1.77	774	694	1632	1777	2.30
1967	105-109	0.54712	0.94743	1.55	80	76	139	145	1.81
1967	110+	0.64589	1.00000	1.55	4	4	7	7	1.55
1968	0	0.01809	0.01780	0.1	100000	1780	98405	7341445	73.41
1968	1-4	0.00073	0.00292	1.69	98220	287	392219	7243040	73.74
1968	5-9	0.00038	0.00192	2.17	97933	188	489134	6850822	69.95
1968	10-14	0.00035	0.00175	2.5	97745	171	488300	6361688	65.08
1968	15-19	0.00051	0.00255	2.76	97575	249	487316	5873387	60.19
1968	20-24	0.00064	0.00320	2.46	97326	311	485839	5386071	55.34
1968	25-29	0.00088	0.00437	2.85	97015	424	484160	4900232	50.51
1968	30-34	0.00116	0.00579	2.86	96590	559	481753	4416071	45.72
1968	35-39	0.00220	0.01095	2.49	96031	1052	477514	3934318	40.97
1968	40-44	0.00295	0.01465	2.61	94979	1392	471573	3456805	36.40
1968	45-49	0.00480	0.02371	2.67	93587	2219	462758	2985232	31.90
1968	50-54	0.00692	0.03404	2.62	91368	3110	449449	2522474	27.61
1968	55-59	0.01079	0.05261	2.64	88258	4643	430316	2073025	23.49
1968	60-64	0.01511	0.07290	2.6	83615	6095	403478	1642709	19.65
1968	65-69	0.02334	0.11040	2.56	77520	8558	366746	1239231	15.99
1968	70-74	0.03798	0.17397	2.59	68962	11997	315863	872485	12.65
1968	75-79	0.06002	0.26195	2.57	56965	14922	248599	556622	9.77
1968	80-84	0.09587	0.38663	2.5	42043	16255	169553	308023	7.33
1968	85-89	0.15150	0.54323	2.4	25788	14009	92468	138470	5.37
1968	90-94	0.22968	0.69836	2.19	11779	8226	35815	46001	3.91
1968	95-99	0.33187	0.82729	1.97	3553	2939	8857	10187	2.87
1968	100-104	0.45236	0.91138	1.72	614	559	1236	1330	2.17
1968	105-109	0.57923	0.95631	1.5	54	52	90	93	1.72
1968	110+	0.68004	1.00000	1.47	2	2	3	3	1.47
1969	0	0.01832	0.01802	0.1	100000	1802	98386	7384878	73.85
1969	1-4	0.00059	0.00237	1.65	98198	233	392245	7286492	74.20
1969	5-9	0.00032	0.00158	2.64	97965	155	489459	6894247	70.37
1969	10-14	0.00029	0.00147	2.69	97810	144	488718	6404787	65.48
1969	15-19	0.00056	0.00280	2.73	97666	274	487711	5916069	60.57
1969	20-24	0.00072	0.00357	2.47	97393	348	486084	5428358	55.74
1969	25-29	0.00082	0.00410	2.47	97045	398	484214	4942274	50.93
1969	30-34	0.00113	0.00564	2.67	96647	545	481964	4458059	46.13
1969	35-39	0.00181	0.00900	2.7	96101	865	478513	3976096	41.37
1969	40-44	0.00318	0.01581	2.69	95237	1505	472705	3497582	36.73
1969	45-49	0.00440	0.02177	2.66	93731	2041	463887	3024877	32.27
1969	50-54	0.00632	0.03115	2.69	91691	2856	451845	2560990	27.93
1969	55-59	0.01010	0.04937	2.73	88834	4386	434237	2109145	23.74
1969	60-64	0.01396	0.06752	2.59	84449	5702	408503	1674908	19.83
1969	65-69	0.02386	0.11283	2.6	78747	8885	372442	1266405	16.08
1969	70-74	0.03694	0.16986	2.63	69862	11867	321200	893963	12.80
1969	75-79	0.06074	0.26476	2.58	57996	15355	252808	572763	9.88
1969	80-84	0.09184	0.37300	2.48	42641	15905	173187	319955	7.50
1969	85-89	0.14931	0.53446	2.34	26736	14289	95704	146768	5.49
1969	90-94	0.21680	0.67604	2.22	12447	8414	38811	51064	4.10
1969	95-99	0.31096	0.80559	2.01	4032	3248	10446	12253	3.04
1969	100-104	0.42335	0.89533	1.78	784	702	1658	1807	2.31
1969	105-109	0.54455	0.94663	1.55	82	78	143	149	1.82
1969	110+	0.64280	1.00000	1.56	4	4	7	7	1.56
1970	0	0.01701	0.01676	0.1	100000	1676	98493	7416187	74.16
1970	1-4	0.00066	0.00265	1.78	98324	261	392717	7317694	74.42
1970	5-9	0.00043	0.00216	2.26	98064	212	489739	6924976	70.62
1970	10-14	0.00023	0.00116	2.74	97852	114	489002	6435238	65.77
1970	15-19	0.00055	0.00274	2.84	97738	268	488110	5946236	60.84
1970	20-24	0.00065	0.00324	2.43	97470	315	486539	5458126	56.00
1970	25-29	0.00072	0.00358	2.58	97154	348	484930	4971587	51.17
1970	30-34	0.00125	0.00621	2.7	96807	601	482649	4486657	46.35
1970	35-39	0.00181	0.00899	2.76	96206	865	479086	4004008	41.62
1970	40-44	0.00301	0.01492	2.57	95340	1423	473243	3524922	36.97
1970	45-49	0.00458	0.02264	2.67	93918	2126	464634	3051680	32.49
1970	50-54	0.00665	0.03272	2.6	91791	3003	451737	2587046	28.18
1970	55-59	0.00978	0.04779	2.64	88788	4243	433910	2135309	24.05
1970	60-64	0.01390	0.06732	2.69	84544	5692	409601	1701399	20.12
1970	65-69	0.02266	0.10762	2.68	78853	8486	374537	1291798	16.38
1970	70-74	0.03545	0.16360	2.65	70366	11512	324749	917262	13.04
1970	75-79	0.05926	0.25913	2.58	58855	15251	257352	592513	10.07
1970	80-84	0.08799	0.36121	2.52	43603	15750	179000	335162	7.69
1970	85-89	0.14265	0.51873	2.37	27854	14449	101289	156162	5.61
1970	90-94	0.21635	0.67599	2.23	13405	9062	41884	54873	4.09
1970	95-99	0.31609	0.81178	2	4343	3526	11155	12989	2.99
1970	100-104	0.43564	0.90286	1.76	818	738	1694	1834	2.24
1970	105-109	0.56359	0.95239	1.52	79	76	134	140	1.76
1970	110+	0.66628	1.00000	1.5	4	4	6	6	1.50
1971	0	0.01541	0.01520	0.1	100000	1520	98626	7479814	74.80
1971	1-4	0.00071	0.00282	1.57	98480	278	393246	7381188	74.95
1971	5-9	0.00030	0.00152	1.99	98202	149	490563	6987942	71.16
1971	10-14	0.00027	0.00136	2.45	98053	133	489927	6497378	66.26
1971	15-19	0.00061	0.00305	2.83	97920	299	488953	6007452	61.35
1971	20-24	0.00068	0.00337	2.58	97621	329	487310	5518499	56.53
1971	25-29	0.00069	0.00342	2.52	97292	333	485636	5031189	51.71
1971	30-34	0.00108	0.00539	2.91	96959	522	483704	4545553	46.88
1971	35-39	0.00166	0.00828	2.77	96437	798	480404	4061849	42.12
1971	40-44	0.00277	0.01377	2.75	95638	1317	475234	3581445	37.45
1971	45-49	0.00440	0.02176	2.72	94321	2052	466924	3106211	32.93
1971	50-54	0.00622	0.03063	2.63	92269	2826	454647	2639287	28.60
1971	55-59	0.00910	0.04456	2.69	89443	3986	438021	2184640	24.42
1971	60-64	0.01418	0.06855	2.61	85457	5858	413270	1746620	20.44
1971	65-69	0.02119	0.10068	2.54	79599	8014	378239	1333350	16.75
1971	70-74	0.03425	0.15809	2.57	71584	11317	330424	955111	13.34
1971	75-79	0.05571	0.24573	2.6	60268	14809	265839	624687	10.37
1971	80-84	0.08584	0.35459	2.55	45458	16119	187789	358848	7.89
1971	85-89	0.13578	0.49954	2.36	29339	14656	107943	171059	5.83
1971	90-94	0.20573	0.65285	2.2	14683	9586	46593	63116	4.30
1971	95-99	0.28873	0.78023	2.06	5097	3977	13774	16523	3.24
1971	100-104	0.39568	0.87777	1.83	1120	983	2485	2749	2.45
1971	105-109	0.51371	0.93647	1.61	137	128	250	264	1.93
1971	110+	0.61085	1.00000	1.64	9	9	14	14	1.64
1972	0	0.01401	0.01383	0.09	100000	1383	98744	7483069	74.83
1972	1-4	0.00055	0.00218	1.74	98617	215	393980	7384325	74.88
1972	5-9	0.00040	0.00201	2.03	98402	198	491422	6990345	71.04
1972	10-14	0.00026	0.00129	2.61	98204	127	490716	6498923	66.18
1972	15-19	0.00064	0.00319	2.82	98077	313	489703	6008207	61.26
1972	20-24	0.00076	0.00377	2.55	97764	369	487916	5518504	56.45
1972	25-29	0.00072	0.00361	2.72	97395	352	486175	5030587	51.65
1972	30-34	0.00113	0.00566	2.52	97044	549	483856	4544412	46.83
1972	35-39	0.00174	0.00867	2.79	96495	837	480624	4060556	42.08
1972	40-44	0.00292	0.01451	2.78	95658	1388	475213	3579932	37.42
1972	45-49	0.00424	0.02096	2.51	94270	1976	466431	3104719	32.93
1972	50-54	0.00637	0.03138	2.63	92294	2896	454614	2638289	28.59
1972	55-59	0.00942	0.04608	2.63	89398	4119	437210	2183675	24.43
1972	60-64	0.01356	0.06570	2.63	85278	5603	413091	1746465	20.48
1972	65-69	0.02361	0.11176	2.62	79675	8904	377178	1333374	16.74
1972	70-74	0.03146	0.14620	2.59	70771	10347	328898	956196	13.51
1972	75-79	0.05440	0.24098	2.63	60424	14561	267647	627297	10.38
1972	80-84	0.08427	0.34866	2.53	45863	15991	189755	359651	7.84
1972	85-89	0.13610	0.49690	2.29	29873	14844	109065	169895	5.69
1972	90-94	0.21839	0.68032	2.23	15029	10225	46817	60831	4.05
1972	95-99	0.32467	0.82130	1.99	4804	3946	12153	14013	2.92
1972	100-104	0.45214	0.91201	1.73	859	783	1732	1860	2.17
1972	105-109	0.58684	0.95854	1.49	76	72	123	128	1.69
1972	110+	0.69329	1.00000	1.44	3	3	5	5	1.44
1973	0	0.01380	0.01363	0.09	100000	1363	98762	7521849	75.22
1973	1-4	0.00065	0.00262	1.67	98637	258	393950	7423086	75.26
1973	5-9	0.00030	0.00152	2.11	98379	150	491464	7029137	71.45
1973	10-14	0.00028	0.00142	2.42	98230	139	490790	6537672	66.55
1973	15-19	0.00056	0.00282	2.64	98091	276	489802	6046883	61.65
1973	20-24	0.00070	0.00351	2.45	97814	343	488194	5557081	56.81
1973	25-29	0.00059	0.00297	2.69	97471	290	486685	5068886	52.00
1973	30-34	0.00103	0.00512	2.49	97181	497	484656	4582201	47.15
1973	35-39	0.00141	0.00702	2.86	96684	679	481965	4097546	42.38
1973	40-44	0.00268	0.01331	2.69	96005	1278	477069	3615581	37.66
1973	45-49	0.00424	0.02101	2.6	94727	1990	468864	3138513	33.13
1973	50-54	0.00630	0.03105	2.67	92737	2879	456968	2669649	28.79
1973	55-59	0.00966	0.04723	2.64	89858	4244	439266	2212680	24.62
1973	60-64	0.01243	0.06036	2.63	85614	5167	415843	1773414	20.71
1973	65-69	0.02146	0.10216	2.66	80446	8219	383032	1357572	16.88
1973	70-74	0.03419	0.15787	2.57	72228	11403	333471	974540	13.49
1973	75-79	0.05298	0.23491	2.59	60825	14288	269714	641068	10.54
1973	80-84	0.08046	0.33566	2.53	46537	15621	194153	371354	7.98
1973	85-89	0.13734	0.50878	2.45	30916	15729	114527	177201	5.73
1973	90-94	0.21362	0.66999	2.22	15187	10175	47631	62674	4.13
1973	95-99	0.31412	0.81051	2.01	5012	4062	12932	15043	3.00
1973	100-104	0.43960	0.90558	1.75	950	860	1956	2111	2.22
1973	105-109	0.57384	0.95538	1.51	90	86	149	155	1.73
1973	110+	0.68089	1.00000	1.47	4	4	6	6	1.47
1974	0	0.01315	0.01299	0.09	100000	1299	98817	7561774	75.62
1974	1-4	0.00047	0.00189	1.68	98701	187	394368	7462957	75.61
1974	5-9	0.00030	0.00150	2.07	98514	148	492135	7068589	71.75
1974	10-14	0.00023	0.00113	2.83	98366	111	491587	6576453	66.86
1974	15-19	0.00063	0.00314	2.65	98254	309	490545	6084866	61.93
1974	20-24	0.00061	0.00306	2.45	97946	300	488964	5594321	57.12
1974	25-29	0.00064	0.00318	2.67	97646	311	487505	5105357	52.28
1974	30-34	0.00103	0.00515	2.76	97335	502	485550	4617853	47.44
1974	35-39	0.00135	0.00675	2.52	96833	653	482543	4132303	42.67
1974	40-44	0.00267	0.01329	2.62	96180	1278	477858	3649760	37.95
1974	45-49	0.00404	0.01999	2.61	94902	1897	469971	3171902	33.42
1974	50-54	0.00616	0.03037	2.65	93005	2824	458398	2701931	29.05
1974	55-59	0.00924	0.04522	2.65	90181	4078	441304	2243533	24.88
1974	60-64	0.01364	0.06609	2.65	86103	5691	417159	1802229	20.93
1974	65-69	0.02077	0.09900	2.64	80412	7961	383304	1385071	17.22
1974	70-74	0.03126	0.14567	2.66	72452	10554	337581	1001767	13.83
1974	75-79	0.04998	0.22333	2.62	61897	13823	276562	664186	10.73
1974	80-84	0.07921	0.33110	2.52	48074	15917	200940	387624	8.06
1974	85-89	0.13586	0.50341	2.43	32157	16188	119157	186684	5.81
1974	90-94	0.20634	0.65978	2.27	15969	10536	51061	67527	4.23
1974	95-99	0.31062	0.80677	2.02	5433	4383	14111	16467	3.03
1974	100-104	0.43522	0.90321	1.76	1050	948	2179	2356	2.24
1974	105-109	0.56907	0.95416	1.52	102	97	170	177	1.74
1974	110+	0.67616	1.00000	1.48	5	5	7	7	1.48
1975	0	0.01531	0.01510	0.1	100000	1510	98635	7604742	76.05
1975	1-4	0.00042	0.00170	1.57	98490	167	393556	7506107	76.21
1975	5-9	0.00031	0.00155	2.44	98323	152	491228	7112551	72.34
1975	10-14	0.00020	0.00100	2.82	98171	98	490641	6621323	67.45
1975	15-19	0.00049	0.00243	2.63	98073	239	489798	6130681	62.51
1975	20-24	0.00065	0.00327	2.38	97834	320	488332	5640884	57.66
1975	25-29	0.00062	0.00308	2.58	97514	301	486846	5152552	52.84
1975	30-34	0.00082	0.00410	2.37	97214	398	485022	4665706	47.99
1975	35-39	0.00129	0.00641	2.58	96815	621	482576	4180684	43.18
1975	40-44	0.00234	0.01164	2.71	96195	1120	478412	3698108	38.44
1975	45-49	0.00401	0.01988	2.7	95075	1890	471036	3219696	33.86
1975	50-54	0.00587	0.02895	2.66	93185	2698	459616	2748660	29.50
1975	55-59	0.00900	0.04405	2.58	90487	3986	442808	2289044	25.30
1975	60-64	0.01328	0.06438	2.67	86501	5569	419505	1846235	21.34
1975	65-69	0.01935	0.09250	2.64	80932	7486	386982	1426730	17.63
1975	70-74	0.03072	0.14320	2.63	73446	10517	342342	1039748	14.16
1975	75-79	0.04801	0.21513	2.59	62929	13538	282012	697406	11.08
1975	80-84	0.07857	0.33024	2.59	49391	16311	207583	415394	8.41
1975	85-89	0.12004	0.46029	2.47	33080	15226	126846	207810	6.28
1975	90-94	0.19178	0.62622	2.23	17854	11180	58297	80965	4.53
1975	95-99	0.27286	0.76082	2.09	6673	5077	18607	22667	3.40
1975	100-104	0.38010	0.86716	1.86	1596	1384	3641	4060	2.54
1975	105-109	0.50044	0.93185	1.63	212	198	395	419	1.98
1975	110+	0.60027	1.00000	1.67	14	14	24	24	1.67
1976	0	0.01589	0.01566	0.1	100000	1566	98587	7597386	75.97
1976	1-4	0.00054	0.00214	1.79	98434	210	393270	7498799	76.18
1976	5-9	0.00023	0.00113	2.57	98223	111	490847	7105530	72.34
1976	10-14	0.00025	0.00125	2.76	98112	123	490286	6614683	67.42
1976	15-19	0.00046	0.00231	2.57	97989	226	489396	6124397	62.50
1976	20-24	0.00060	0.00298	2.38	97763	291	488052	5635001	57.64
1976	25-29	0.00065	0.00323	2.57	97472	315	486594	5146949	52.80
1976	30-34	0.00080	0.00400	2.65	97157	389	484871	4660355	47.97
1976	35-39	0.00129	0.00643	2.6	96769	622	482347	4175484	43.15
1976	40-44	0.00233	0.01160	2.66	96146	1115	478116	3693138	38.41
1976	45-49	0.00368	0.01823	2.67	95031	1732	471120	3215021	33.83
1976	50-54	0.00554	0.02732	2.66	93298	2549	460520	2743901	29.41
1976	55-59	0.00889	0.04356	2.7	90749	3953	444666	2283381	25.16
1976	60-64	0.01386	0.06707	2.62	86797	5821	420142	1838715	21.18
1976	65-69	0.02025	0.09675	2.7	80975	7835	386879	1418573	17.52
1976	70-74	0.02943	0.13752	2.62	73141	10059	341812	1031694	14.11
1976	75-79	0.04945	0.22103	2.6	63082	13943	281952	689882	10.94
1976	80-84	0.07787	0.32693	2.55	49139	16065	206312	407931	8.30
1976	85-89	0.12523	0.46950	2.34	33074	15528	124003	201619	6.10
1976	90-94	0.19792	0.63759	2.21	17546	11187	56523	77616	4.42
1976	95-99	0.28044	0.77067	2.08	6359	4901	17474	21093	3.32
1976	100-104	0.39046	0.87471	1.84	1458	1276	3267	3619	2.48
1976	105-109	0.51291	0.93653	1.61	183	171	334	352	1.93
1976	110+	0.61394	1.00000	1.63	12	12	19	19	1.63
1977	0	0.01422	0.01404	0.09	100000	1404	98726	7661693	76.62
1977	1-4	0.00046	0.00184	1.78	98596	181	393981	7562967	76.71
1977	5-9	0.00020	0.00101	2.6	98415	100	491833	7168986	72.84
1977	10-14	0.00023	0.00114	2.47	98315	113	491290	6677152	67.92
1977	15-19	0.00051	0.00253	2.94	98202	248	490499	6185863	62.99
1977	20-24	0.00055	0.00275	2.37	97954	269	489061	5695364	58.14
1977	25-29	0.00064	0.00322	2.49	97685	314	487633	5206303	53.30
1977	30-34	0.00068	0.00338	2.61	97370	329	486066	4718669	48.46
1977	35-39	0.00114	0.00568	2.78	97042	552	483986	4232603	43.62
1977	40-44	0.00211	0.01048	2.8	96490	1012	480227	3748617	38.85
1977	45-49	0.00337	0.01670	2.58	95478	1595	473534	3268390	34.23
1977	50-54	0.00552	0.02724	2.62	93883	2557	463328	2794856	29.77
1977	55-59	0.00831	0.04076	2.62	91326	3722	447785	2331528	25.53
1977	60-64	0.01263	0.06128	2.59	87604	5368	425091	1883743	21.50
1977	65-69	0.02000	0.09556	2.68	82236	7858	392915	1458652	17.74
1977	70-74	0.02896	0.13552	2.63	74378	10080	348013	1065736	14.33
1977	75-79	0.04834	0.21604	2.54	64298	13891	287340	717724	11.16
1977	80-84	0.07332	0.31076	2.55	50406	15665	213652	430384	8.54
1977	85-89	0.12172	0.46481	2.46	34742	16148	132667	216732	6.24
1977	90-94	0.19026	0.62647	2.27	18593	11648	61224	84065	4.52
1977	95-99	0.28252	0.77408	2.08	6945	5376	19029	22841	3.29
1977	100-104	0.39926	0.88138	1.83	1569	1383	3464	3812	2.43
1977	105-109	0.52883	0.94237	1.59	186	175	332	349	1.87
1977	110+	0.63509	1.00000	1.57	11	11	17	17	1.57
1978	0	0.01319	0.01303	0.09	100000	1303	98814	7663636	76.64
1978	1-4	0.00044	0.00178	1.65	98697	175	394376	7564822	76.65
1978	5-9	0.00025	0.00127	2.56	98522	125	492304	7170446	72.78
1978	10-14	0.00023	0.00115	2.64	98397	113	491716	6678142	67.87
1978	15-19	0.00038	0.00188	2.73	98283	185	490996	6186426	62.94
1978	20-24	0.00058	0.00289	2.39	98098	283	489752	5695430	58.06
1978	25-29	0.00056	0.00280	2.58	97815	274	488413	5205678	53.22
1978	30-34	0.00071	0.00356	2.72	97541	347	486913	4717265	48.36
1978	35-39	0.00118	0.00589	2.84	97194	573	484733	4230352	43.52
1978	40-44	0.00231	0.01151	2.77	96621	1112	480629	3745618	38.77
1978	45-49	0.00354	0.01753	2.54	95509	1674	473434	3264989	34.19
1978	50-54	0.00552	0.02728	2.7	93835	2560	463292	2791555	29.75
1978	55-59	0.00841	0.04125	2.72	91275	3765	447781	2328262	25.51
1978	60-64	0.01294	0.06277	2.63	87510	5493	424541	1880481	21.49
1978	65-69	0.01974	0.09414	2.54	82017	7721	391094	1455940	17.75
1978	70-74	0.03044	0.14188	2.61	74296	10541	346319	1064846	14.33
1978	75-79	0.04750	0.21350	2.63	63755	13612	286557	718527	11.27
1978	80-84	0.07119	0.30256	2.52	50143	15171	213106	431970	8.61
1978	85-89	0.12235	0.46814	2.49	34972	16372	133806	218864	6.26
1978	90-94	0.18746	0.62154	2.29	18600	11561	61671	85058	4.57
1978	95-99	0.27914	0.76986	2.09	7039	5419	19415	23387	3.32
1978	100-104	0.39524	0.87870	1.84	1620	1424	3602	3973	2.45
1978	105-109	0.52460	0.94099	1.59	197	185	352	371	1.89
1978	110+	0.63096	1.00000	1.58	12	12	18	18	1.58
1979	0	0.01374	0.01357	0.09	100000	1357	98767	7687234	76.87
1979	1-4	0.00049	0.00197	1.57	98643	195	394099	7588466	76.93
1979	5-9	0.00019	0.00093	2.61	98448	91	492023	7194367	73.08
1979	10-14	0.00025	0.00125	3.15	98357	123	491556	6702344	68.14
1979	15-19	0.00055	0.00275	2.8	98233	270	490575	6210788	63.22
1979	20-24	0.00053	0.00267	2.52	97964	261	489170	5720213	58.39
1979	25-29	0.00063	0.00315	2.73	97703	308	487815	5231043	53.54
1979	30-34	0.00081	0.00403	2.53	97395	393	486004	4743228	48.70
1979	35-39	0.00130	0.00649	2.6	97002	629	483502	4257225	43.89
1979	40-44	0.00243	0.01207	2.81	96373	1163	479315	3773723	39.16
1979	45-49	0.00339	0.01681	2.67	95210	1601	472322	3294407	34.60
1979	50-54	0.00542	0.02676	2.72	93609	2505	462332	2822085	30.15
1979	55-59	0.00854	0.04183	2.63	91104	3811	446481	2359753	25.90
1979	60-64	0.01279	0.06205	2.62	87293	5416	423597	1913272	21.92
1979	65-69	0.01878	0.08982	2.59	81877	7354	391639	1489676	18.19
1979	70-74	0.02959	0.13840	2.67	74522	10314	348604	1098037	14.73
1979	75-79	0.04416	0.19932	2.56	64209	12798	289808	749433	11.67
1979	80-84	0.06862	0.29482	2.61	51411	15157	220863	459625	8.94
1979	85-89	0.11567	0.44580	2.43	36254	16162	139717	238762	6.59
1979	90-94	0.16875	0.58387	2.36	20092	11731	69517	99045	4.93
1979	95-99	0.25991	0.74389	2.13	8361	6220	23930	29528	3.53
1979	100-104	0.36846	0.85881	1.89	2141	1839	4991	5598	2.61
1979	105-109	0.49205	0.92892	1.65	302	281	571	607	2.01
1979	110+	0.59525	1.00000	1.68	21	21	36	36	1.68
1980	0	0.01371	0.01354	0.09	100000	1354	98769	7679448	76.79
1980	1-4	0.00044	0.00175	1.82	98646	173	394206	7580679	76.85
1980	5-9	0.00021	0.00105	2.52	98473	103	492110	7186472	72.98
1980	10-14	0.00019	0.00094	2.55	98370	93	491623	6694362	68.05
1980	15-19	0.00048	0.00240	2.87	98277	236	490883	6202740	63.11
1980	20-24	0.00060	0.00299	2.47	98041	293	489465	5711857	58.26
1980	25-29	0.00068	0.00338	2.78	97748	331	488008	5222392	53.43
1980	30-34	0.00077	0.00386	2.52	97417	376	486152	4734384	48.60
1980	35-39	0.00128	0.00637	2.85	97041	618	483874	4248232	43.78
1980	40-44	0.00192	0.00954	2.62	96423	920	479922	3764359	39.04
1980	45-49	0.00332	0.01648	2.73	95503	1574	473938	3284437	34.39
1980	50-54	0.00543	0.02679	2.67	93929	2516	463775	2810499	29.92
1980	55-59	0.00812	0.03979	2.56	91413	3637	448175	2346724	25.67
1980	60-64	0.01280	0.06213	2.64	87776	5454	426001	1898549	21.63
1980	65-69	0.01941	0.09277	2.61	82322	7637	393367	1472548	17.89
1980	70-74	0.02935	0.13727	2.64	74685	10252	349245	1079181	14.45
1980	75-79	0.04537	0.20427	2.56	64433	13162	290102	729936	11.33
1980	80-84	0.07326	0.31016	2.53	51271	15902	217073	439834	8.58
1980	85-89	0.11822	0.45301	2.42	35369	16022	135526	222761	6.30
1980	90-94	0.19133	0.62658	2.25	19346	12122	63358	87234	4.51
1980	95-99	0.28095	0.77206	2.08	7224	5578	19852	23876	3.30
1980	100-104	0.39678	0.87966	1.84	1647	1449	3651	4024	2.44
1980	105-109	0.52558	0.94127	1.59	198	187	355	373	1.88
1980	110+	0.63139	1.00000	1.58	12	12	18	18	1.58
1981	0	0.01128	0.01117	0.08	100000	1117	98978	7714947	77.15
1981	1-4	0.00051	0.00203	1.65	98883	201	395059	7615970	77.02
1981	5-9	0.00024	0.00122	2.07	98682	121	493057	7220911	73.17
1981	10-14	0.00016	0.00081	3	98561	80	492647	6727853	68.26
1981	15-19	0.00051	0.00256	2.93	98481	252	491886	6235207	63.31
1981	20-24	0.00068	0.00339	2.44	98229	333	490295	5743320	58.47
1981	25-29	0.00064	0.00317	2.26	97896	311	488630	5253026	53.66
1981	30-34	0.00076	0.00380	2.69	97586	370	487075	4764395	48.82
1981	35-39	0.00095	0.00474	2.74	97215	461	485038	4277320	44.00
1981	40-44	0.00203	0.01009	2.72	96755	976	481546	3792282	39.19
1981	45-49	0.00341	0.01690	2.62	95779	1619	475039	3310737	34.57
1981	50-54	0.00514	0.02542	2.69	94160	2394	465266	2835698	30.12
1981	55-59	0.00820	0.04023	2.61	91767	3692	450000	2370432	25.83
1981	60-64	0.01269	0.06157	2.6	88075	5423	427340	1920432	21.80
1981	65-69	0.01951	0.09320	2.59	82652	7703	394728	1493093	18.06
1981	70-74	0.02900	0.13560	2.61	74949	10163	350470	1098365	14.65
1981	75-79	0.04438	0.19985	2.52	64786	12948	291776	747895	11.54
1981	80-84	0.07023	0.29923	2.53	51838	15512	220884	456119	8.80
1981	85-89	0.11929	0.45673	2.44	36326	16591	139084	235235	6.48
1981	90-94	0.17288	0.59190	2.34	19735	11681	67568	96151	4.87
1981	95-99	0.25890	0.74200	2.12	8054	5976	23082	28583	3.55
1981	100-104	0.36363	0.85455	1.9	2078	1776	4883	5501	2.65
1981	105-109	0.48296	0.92490	1.66	302	280	579	618	2.04
1981	110+	0.58278	1.00000	1.72	23	23	39	39	1.72
1982	0	0.01082	0.01072	0.08	100000	1072	99018	7734351	77.34
1982	1-4	0.00045	0.00179	1.66	98928	177	395298	7635333	77.18
1982	5-9	0.00026	0.00129	2.17	98751	128	493393	7240035	73.32
1982	10-14	0.00026	0.00129	2.62	98623	127	492813	6746642	68.41
1982	15-19	0.00045	0.00226	2.69	98496	223	491964	6253829	63.49
1982	20-24	0.00068	0.00337	2.49	98273	331	490532	5761864	58.63
1982	25-29	0.00068	0.00341	2.64	97941	334	488919	5271333	53.82
1982	30-34	0.00078	0.00392	2.88	97608	382	487227	4782414	49.00
1982	35-39	0.00124	0.00620	2.52	97225	603	484631	4295187	44.18
1982	40-44	0.00185	0.00919	2.67	96622	888	481041	3810556	39.44
1982	45-49	0.00305	0.01512	2.78	95734	1448	475459	3329515	34.78
1982	50-54	0.00521	0.02573	2.7	94286	2426	465847	2854056	30.27
1982	55-59	0.00820	0.04024	2.68	91861	3696	450735	2388209	26.00
1982	60-64	0.01281	0.06218	2.66	88164	5482	427976	1937473	21.98
1982	65-69	0.01884	0.09024	2.67	82682	7461	395997	1509497	18.26
1982	70-74	0.02779	0.13031	2.61	75221	9802	352713	1113500	14.80
1982	75-79	0.04392	0.19868	2.6	65419	12998	295942	760788	11.63
1982	80-84	0.07017	0.29988	2.58	52421	15720	224028	464846	8.87
1982	85-89	0.11438	0.44240	2.44	36701	16237	141959	240818	6.56
1982	90-94	0.17348	0.59426	2.35	20465	12161	70100	98859	4.83
1982	95-99	0.26590	0.75227	2.11	8303	6246	23491	28758	3.46
1982	100-104	0.37695	0.86544	1.88	2057	1780	4723	5267	2.56
1982	105-109	0.50257	0.93307	1.63	277	258	514	544	1.97
1982	110+	0.60697	1.00000	1.65	19	19	31	31	1.65
1983	0	0.01100	0.01089	0.08	100000	1089	99002	7737214	77.37
1983	1-4	0.00042	0.00167	1.64	98911	165	395255	7638212	77.22
1983	5-9	0.00017	0.00084	2.28	98746	82	493505	7242957	73.35
1983	10-14	0.00021	0.00104	3.02	98663	103	493113	6749452	68.41
1983	15-19	0.00037	0.00183	3.1	98560	180	492460	6256340	63.48
1983	20-24	0.00062	0.00312	2.55	98380	307	491149	5763880	58.59
1983	25-29	0.00064	0.00321	2.56	98074	315	489599	5272731	53.76
1983	30-34	0.00074	0.00370	2.59	97759	361	487922	4783132	48.93
1983	35-39	0.00102	0.00508	2.54	97397	495	485770	4295210	44.10
1983	40-44	0.00182	0.00908	2.5	96903	880	482311	3809440	39.31
1983	45-49	0.00323	0.01601	2.73	96022	1537	476623	3327129	34.65
1983	50-54	0.00497	0.02455	2.73	94485	2320	467165	2850506	30.17
1983	55-59	0.00831	0.04077	2.69	92165	3757	452142	2383342	25.86
1983	60-64	0.01250	0.06073	2.66	88408	5369	429500	1931200	21.84
1983	65-69	0.01887	0.09024	2.6	83039	7494	397179	1501700	18.08
1983	70-74	0.02881	0.13487	2.64	75545	10189	353700	1104521	14.62
1983	75-79	0.04463	0.20134	2.57	65357	13159	294823	750821	11.49
1983	80-84	0.06969	0.29953	2.66	52198	15635	224337	455999	8.74
1983	85-89	0.11877	0.45674	2.47	36563	16700	140609	231662	6.34
1983	90-94	0.18464	0.61804	2.33	19863	12276	66489	91053	4.58
1983	95-99	0.28704	0.78048	2.08	7587	5922	20629	24564	3.24
1983	100-104	0.41131	0.88979	1.81	1665	1482	3603	3935	2.36
1983	105-109	0.54832	0.94875	1.55	184	174	318	332	1.81
1983	110+	0.65954	1.00000	1.52	9	9	14	14	1.52
1984	0	0.01044	0.01034	0.08	100000	1034	99051	7750463	77.50
1984	1-4	0.00040	0.00159	1.84	98966	158	395525	7651412	77.31
1984	5-9	0.00015	0.00074	2.23	98809	73	493841	7255887	73.43
1984	10-14	0.00023	0.00115	3.07	98735	113	493459	6762047	68.49
1984	15-19	0.00040	0.00200	2.51	98622	197	492621	6268588	63.56
1984	20-24	0.00054	0.00270	2.68	98425	266	491510	5775967	58.68
1984	25-29	0.00057	0.00286	2.33	98160	280	490049	5284457	53.84
1984	30-34	0.00080	0.00397	2.68	97879	388	488496	4794408	48.98
1984	35-39	0.00116	0.00577	2.87	97491	563	486256	4305913	44.17
1984	40-44	0.00174	0.00865	2.7	96928	839	482713	3819657	39.41
1984	45-49	0.00308	0.01529	2.78	96089	1470	477189	3336943	34.73
1984	50-54	0.00487	0.02409	2.69	94620	2279	467822	2859754	30.22
1984	55-59	0.00769	0.03777	2.64	92340	3487	453474	2391932	25.90
1984	60-64	0.01298	0.06299	2.68	88853	5597	431286	1938458	21.82
1984	65-69	0.01832	0.08784	2.65	83256	7313	399125	1507172	18.10
1984	70-74	0.02921	0.13655	2.62	75943	10370	355014	1108047	14.59
1984	75-79	0.04432	0.20029	2.6	65573	13133	296332	753033	11.48
1984	80-84	0.07080	0.30267	2.61	52440	15872	224187	456701	8.71
1984	85-89	0.11942	0.45845	2.47	36568	16764	140382	232514	6.36
1984	90-94	0.18223	0.61059	2.3	19803	12092	66353	92131	4.65
1984	95-99	0.27703	0.76727	2.09	7712	5917	21359	25778	3.34
1984	100-104	0.39343	0.87755	1.84	1795	1575	4003	4419	2.46
1984	105-109	0.52342	0.94066	1.6	220	207	395	416	1.89
1984	110+	0.63040	1.00000	1.59	13	13	21	21	1.59
1985	0	0.01063	0.01052	0.08	100000	1052	99035	7743226	77.43
1985	1-4	0.00049	0.00198	1.47	98948	196	395297	7644191	77.25
1985	5-9	0.00016	0.00079	2.22	98752	78	493543	7248894	73.40
1985	10-14	0.00018	0.00090	2.28	98674	89	493128	6755351	68.46
1985	15-19	0.00038	0.00192	2.69	98585	189	492489	6262224	63.52
1985	20-24	0.00065	0.00322	2.65	98396	317	491234	5769735	58.64
1985	25-29	0.00058	0.00291	2.61	98079	285	489713	5278501	53.82
1985	30-34	0.00078	0.00391	2.51	97793	382	488015	4788788	48.97
1985	35-39	0.00110	0.00548	2.53	97411	534	485739	4300773	44.15
1985	40-44	0.00165	0.00821	2.68	96877	795	482542	3815034	39.38
1985	45-49	0.00303	0.01503	2.75	96082	1444	477166	3332492	34.68
1985	50-54	0.00484	0.02395	2.68	94638	2267	467931	2855326	30.17
1985	55-59	0.00809	0.03969	2.68	92371	3666	453335	2387395	25.85
1985	60-64	0.01301	0.06312	2.63	88705	5599	430257	1934060	21.80
1985	65-69	0.01856	0.08880	2.57	83106	7379	397608	1503803	18.09
1985	70-74	0.02917	0.13637	2.62	75727	10327	354042	1106195	14.61
1985	75-79	0.04471	0.20144	2.55	65400	13174	294678	752153	11.50
1985	80-84	0.07002	0.29897	2.56	52226	15614	222993	457476	8.76
1985	85-89	0.11770	0.45147	2.42	36612	16529	140428	234483	6.40
1985	90-94	0.18077	0.60904	2.32	20083	12231	67663	94055	4.68
1985	95-99	0.27523	0.76494	2.1	7852	6006	21822	26392	3.36
1985	100-104	0.39100	0.87586	1.85	1846	1617	4134	4570	2.48
1985	105-109	0.52057	0.93968	1.6	229	215	414	436	1.90
1985	110+	0.62736	1.00000	1.59	14	14	22	22	1.59
1986	0	0.01075	0.01064	0.08	100000	1064	99024	7742831	77.43
1986	1-4	0.00040	0.00161	1.87	98936	159	395404	7643807	77.26
1986	5-9	0.00022	0.00109	2.54	98777	107	493620	7248403	73.38
1986	10-14	0.00021	0.00103	2.3	98670	102	493073	6754783	68.46
1986	15-19	0.00044	0.00218	2.77	98568	215	492361	6261709	63.53
1986	20-24	0.00050	0.00249	2.46	98353	244	491143	5769348	58.66
1986	25-29	0.00073	0.00364	2.54	98109	357	489664	5278205	53.80
1986	30-34	0.00087	0.00433	2.67	97751	424	487767	4788540	48.99
1986	35-39	0.00100	0.00500	2.49	97327	486	485417	4300773	44.19
1986	40-44	0.00171	0.00850	2.77	96841	824	482368	3815357	39.40
1986	45-49	0.00260	0.01291	2.68	96018	1240	477207	3332988	34.71
1986	50-54	0.00527	0.02606	2.79	94778	2470	468440	2855782	30.13
1986	55-59	0.00737	0.03626	2.69	92308	3347	453825	2387342	25.86
1986	60-64	0.01220	0.05928	2.62	88961	5273	432233	1933517	21.73
1986	65-69	0.01967	0.09385	2.56	83688	7854	399310	1501284	17.94
1986	70-74	0.02952	0.13784	2.6	75834	10453	354066	1101974	14.53
1986	75-79	0.04539	0.20425	2.55	65381	13354	294202	747908	11.44
1986	80-84	0.07108	0.30344	2.59	52027	15787	222097	453706	8.72
1986	85-89	0.11729	0.45000	2.41	36240	16308	139042	231609	6.39
1986	90-94	0.18355	0.61291	2.29	19932	12216	66556	92567	4.64
1986	95-99	0.27439	0.76372	2.1	7716	5893	21475	26011	3.37
1986	100-104	0.38898	0.87434	1.85	1823	1594	4098	4536	2.49
1986	105-109	0.51736	0.93851	1.61	229	215	416	438	1.91
1986	110+	0.62332	1.00000	1.6	14	14	23	23	1.60
1987	0	0.01099	0.01088	0.08	100000	1088	99003	7733037	77.33
1987	1-4	0.00045	0.00180	1.6	98912	178	395219	7634034	77.18
1987	5-9	0.00025	0.00126	1.96	98734	125	493289	7238815	73.32
1987	10-14	0.00023	0.00116	2.62	98609	114	492773	6745526	68.41
1987	15-19	0.00053	0.00265	2.88	98495	261	491922	6252754	63.48
1987	20-24	0.00058	0.00287	2.36	98234	282	490426	5760832	58.64
1987	25-29	0.00065	0.00326	2.79	97952	319	489053	5270406	53.81
1987	30-34	0.00087	0.00434	2.59	97633	424	487141	4781353	48.97
1987	35-39	0.00125	0.00623	2.84	97209	606	484735	4294211	44.18
1987	40-44	0.00178	0.00886	2.77	96603	856	481112	3809476	39.43
1987	45-49	0.00279	0.01386	2.83	95748	1327	475861	3328364	34.76
1987	50-54	0.00483	0.02390	2.83	94420	2257	467196	2852503	30.21
1987	55-59	0.00805	0.03952	2.66	92163	3642	452310	2385307	25.88
1987	60-64	0.01255	0.06095	2.62	88521	5396	429769	1932997	21.84
1987	65-69	0.01917	0.09162	2.6	83126	7616	397380	1503228	18.08
1987	70-74	0.02933	0.13716	2.64	75510	10357	353091	1105848	14.65
1987	75-79	0.04489	0.20238	2.57	65153	13186	293726	752757	11.55
1987	80-84	0.06791	0.29184	2.59	51967	15166	223328	459032	8.83
1987	85-89	0.11426	0.44380	2.49	36801	16332	142945	235704	6.40
1987	90-94	0.18832	0.62538	2.32	20469	12801	67974	92759	4.53
1987	95-99	0.28736	0.78115	2.08	7668	5990	20845	24785	3.23
1987	100-104	0.41393	0.89163	1.81	1678	1496	3615	3941	2.35
1987	105-109	0.55335	0.95031	1.55	182	173	312	326	1.79
1987	110+	0.66618	1.00000	1.5	9	9	14	14	1.50
1988	0	0.01028	0.01018	0.08	100000	1018	99065	7751749	77.52
1988	1-4	0.00044	0.00177	1.72	98982	176	395525	7652684	77.31
1988	5-9	0.00022	0.00112	2.83	98806	110	493791	7257159	73.45
1988	10-14	0.00025	0.00126	2.73	98696	124	493196	6763369	68.53
1988	15-19	0.00046	0.00230	2.89	98571	226	492380	6270172	63.61
1988	20-24	0.00041	0.00206	2.59	98345	203	491236	5777792	58.75
1988	25-29	0.00071	0.00355	2.6	98142	349	489874	5286556	53.87
1988	30-34	0.00083	0.00414	2.53	97794	405	487966	4796681	49.05
1988	35-39	0.00120	0.00599	2.63	97389	583	485559	4308715	44.24
1988	40-44	0.00164	0.00816	2.67	96805	790	482183	3823156	39.49
1988	45-49	0.00294	0.01460	2.67	96015	1402	476804	3340973	34.80
1988	50-54	0.00458	0.02266	2.77	94613	2144	468277	2864169	30.27
1988	55-59	0.00789	0.03874	2.71	92468	3582	454139	2395892	25.91
1988	60-64	0.01210	0.05884	2.66	88886	5230	432210	1941753	21.85
1988	65-69	0.01863	0.08913	2.57	83656	7457	400187	1509543	18.04
1988	70-74	0.02843	0.13329	2.67	76200	10157	357310	1109355	14.56
1988	75-79	0.04509	0.20307	2.55	66043	13411	297415	752046	11.39
1988	80-84	0.07094	0.30318	2.6	52632	15957	224939	454630	8.64
1988	85-89	0.12091	0.46448	2.51	36675	17035	140884	229692	6.26
1988	90-94	0.18864	0.62595	2.31	19640	12294	65169	88808	4.52
1988	95-99	0.28928	0.78302	2.07	7346	5752	19885	23639	3.22
1988	100-104	0.41287	0.89063	1.81	1594	1420	3439	3753	2.35
1988	105-109	0.54882	0.94883	1.55	174	165	301	315	1.81
1988	110+	0.65912	1.00000	1.52	9	9	14	14	1.52
1989	0	0.01041	0.01031	0.08	100000	1031	99053	7787751	77.88
1989	1-4	0.00043	0.00170	1.39	98969	169	395434	7688698	77.69
1989	5-9	0.00017	0.00085	2.39	98800	84	493781	7293263	73.82
1989	10-14	0.00017	0.00084	2.44	98716	83	493370	6799482	68.88
1989	15-19	0.00047	0.00234	2.67	98634	231	492630	6306112	63.93
1989	20-24	0.00050	0.00250	2.7	98403	246	491447	5813482	59.08
1989	25-29	0.00091	0.00456	2.72	98157	448	489765	5322034	54.22
1989	30-34	0.00086	0.00429	2.59	97709	419	487534	4832269	49.46
1989	35-39	0.00122	0.00608	2.46	97290	592	484951	4344735	44.66
1989	40-44	0.00168	0.00837	2.56	96699	809	481521	3859784	39.92
1989	45-49	0.00262	0.01303	2.6	95889	1250	476447	3378264	35.23
1989	50-54	0.00412	0.02042	2.71	94640	1933	468768	2901817	30.66
1989	55-59	0.00772	0.03792	2.72	92707	3516	455506	2433049	26.24
1989	60-64	0.01180	0.05736	2.6	89191	5116	433656	1977544	22.17
1989	65-69	0.01800	0.08629	2.61	84076	7255	403056	1543887	18.36
1989	70-74	0.02786	0.13083	2.68	76821	10051	360764	1140832	14.85
1989	75-79	0.04300	0.19488	2.6	66770	13012	302609	780068	11.68
1989	80-84	0.06763	0.29054	2.58	53758	15619	230927	477459	8.88
1989	85-89	0.11379	0.44370	2.52	38139	16922	148713	246531	6.46
1989	90-94	0.18353	0.61409	2.31	21217	13029	70990	97819	4.61
1989	95-99	0.28290	0.77550	2.09	8188	6350	22445	26829	3.28
1989	100-104	0.40702	0.88719	1.82	1838	1631	4007	4384	2.39
1989	105-109	0.54453	0.94769	1.56	207	197	361	377	1.82
1989	110+	0.65645	1.00000	1.52	11	11	17	17	1.52
1990	0	0.01008	0.00998	0.08	100000	998	99083	7818493	78.18
1990	1-4	0.00034	0.00137	1.44	99002	135	395660	7719410	77.97
1990	5-9	0.00014	0.00070	2.7	98866	69	494173	7323750	74.08
1990	10-14	0.00011	0.00054	2.43	98797	54	493848	6829577	69.13
1990	15-19	0.00045	0.00224	2.79	98744	221	493229	6335729	64.16
1990	20-24	0.00054	0.00271	2.73	98522	267	492005	5842500	59.30
1990	25-29	0.00065	0.00323	2.69	98255	318	490544	5350495	54.45
1990	30-34	0.00076	0.00380	2.54	97938	373	488772	4859951	49.62
1990	35-39	0.00123	0.00614	2.68	97565	599	486441	4371180	44.80
1990	40-44	0.00160	0.00797	2.59	96967	773	482974	3884739	40.06
1990	45-49	0.00263	0.01307	2.61	96194	1257	477963	3401765	35.36
1990	50-54	0.00415	0.02058	2.76	94937	1954	470303	2923802	30.80
1990	55-59	0.00756	0.03715	2.7	92983	3455	456980	2453498	26.39
1990	60-64	0.01175	0.05720	2.7	89528	5121	435841	1996518	22.30
1990	65-69	0.01720	0.08262	2.62	84408	6974	405447	1560678	18.49
1990	70-74	0.02754	0.12916	2.6	77434	10001	363197	1155230	14.92
1990	75-79	0.04336	0.19630	2.59	67433	13237	305273	792034	11.75
1990	80-84	0.06619	0.28532	2.58	54196	15463	233623	486761	8.98
1990	85-89	0.11326	0.44009	2.47	38732	17046	150508	253138	6.54
1990	90-94	0.17626	0.59961	2.33	21687	13004	73775	102631	4.73
1990	95-99	0.27824	0.76960	2.1	8683	6683	24018	28855	3.32
1990	100-104	0.40093	0.88323	1.83	2001	1767	4407	4838	2.42
1990	105-109	0.53763	0.94560	1.57	234	221	411	430	1.84
1990	110+	0.64939	1.00000	1.54	13	13	20	20	1.54
1991	0	0.00897	0.00890	0.08	100000	890	99180	7850266	78.50
1991	1-4	0.00041	0.00163	1.6	99110	161	396055	7751086	78.21
1991	5-9	0.00012	0.00062	2	98949	61	494561	7355031	74.33
1991	10-14	0.00020	0.00099	2.77	98888	98	494221	6860470	69.38
1991	15-19	0.00033	0.00164	2.9	98790	162	493610	6366249	64.44
1991	20-24	0.00054	0.00271	2.43	98628	267	492453	5872639	59.54
1991	25-29	0.00066	0.00331	2.6	98361	325	491021	5380186	54.70
1991	30-34	0.00096	0.00477	2.52	98036	468	489016	4889164	49.87
1991	35-39	0.00123	0.00615	2.6	97568	600	486397	4400148	45.10
1991	40-44	0.00177	0.00879	2.54	96967	853	482736	3913751	40.36
1991	45-49	0.00270	0.01344	2.76	96115	1292	477674	3431016	35.70
1991	50-54	0.00415	0.02054	2.67	94823	1948	469575	2953341	31.15
1991	55-59	0.00702	0.03454	2.7	92875	3207	457008	2483766	26.74
1991	60-64	0.01095	0.05340	2.68	89668	4788	437249	2026759	22.60
1991	65-69	0.01741	0.08368	2.69	84879	7103	407971	1589510	18.73
1991	70-74	0.02669	0.12561	2.66	77777	9769	366014	1181538	15.19
1991	75-79	0.04088	0.18571	2.54	68007	12630	308912	815525	11.99
1991	80-84	0.06324	0.27361	2.54	55378	15152	239578	506612	9.15
1991	85-89	0.10908	0.43018	2.54	40226	17304	158638	267035	6.64
1991	90-94	0.17786	0.60306	2.33	22922	13823	77717	108397	4.73
1991	95-99	0.27321	0.76336	2.11	9099	6945	25422	30681	3.37
1991	100-104	0.39641	0.88042	1.84	2153	1896	4782	5259	2.44
1991	105-109	0.53448	0.94473	1.58	257	243	455	477	1.85
1991	110+	0.64764	1.00000	1.54	14	14	22	22	1.54
1992	0	0.00918	0.00910	0.08	100000	910	99162	7852005	78.52
1992	1-4	0.00039	0.00154	1.35	99090	153	395956	7752843	78.24
1992	5-9	0.00015	0.00075	2.3	98937	74	494486	7356887	74.36
1992	10-14	0.00022	0.00112	2.84	98863	110	494077	6862402	69.41
1992	15-19	0.00044	0.00221	2.15	98753	218	493141	6368324	64.49
1992	20-24	0.00040	0.00200	2.93	98535	197	492267	5875183	59.63
1992	25-29	0.00071	0.00354	2.65	98338	348	490870	5382916	54.74
1992	30-34	0.00089	0.00446	2.66	97989	437	488924	4892046	49.92
1992	35-39	0.00144	0.00718	2.66	97552	700	486124	4403122	45.14
1992	40-44	0.00176	0.00878	2.57	96852	850	482193	3916998	40.44
1992	45-49	0.00265	0.01319	2.77	96002	1266	477186	3434805	35.78
1992	50-54	0.00408	0.02023	2.67	94736	1917	469215	2957619	31.22
1992	55-59	0.00719	0.03536	2.71	92819	3282	456597	2488404	26.81
1992	60-64	0.01101	0.05367	2.63	89537	4805	436309	2031807	22.69
1992	65-69	0.01767	0.08494	2.72	84732	7197	407235	1595498	18.83
1992	70-74	0.02618	0.12313	2.59	77535	9547	364689	1188263	15.33
1992	75-79	0.03948	0.18026	2.59	67988	12256	310428	823574	12.11
1992	80-84	0.06526	0.28160	2.57	55732	15694	240493	513146	9.21
1992	85-89	0.10628	0.41906	2.48	40038	16778	157868	272653	6.81
1992	90-94	0.16921	0.58395	2.35	23260	13583	80272	114785	4.93
1992	95-99	0.25634	0.73935	2.14	9677	7155	27912	34512	3.57
1992	100-104	0.36777	0.85872	1.9	2522	2166	5890	6600	2.62
1992	105-109	0.49523	0.93047	1.65	356	332	670	711	1.99
1992	110+	0.60173	1.00000	1.66	25	25	41	41	1.66
1993	0	0.00943	0.00935	0.08	100000	935	99139	7840243	78.40
1993	1-4	0.00043	0.00170	1.68	99065	169	395868	7741104	78.14
1993	5-9	0.00017	0.00087	2.02	98896	86	494224	7345236	74.27
1993	10-14	0.00020	0.00099	2.86	98810	97	493841	6851011	69.34
1993	15-19	0.00049	0.00243	2.6	98713	240	492986	6357170	64.40
1993	20-24	0.00057	0.00283	2.56	98473	279	491684	5864184	59.55
1993	25-29	0.00074	0.00367	2.45	98194	361	490050	5372500	54.71
1993	30-34	0.00090	0.00450	2.68	97833	441	488142	4882450	49.91
1993	35-39	0.00128	0.00636	2.52	97393	619	485428	4394308	45.12
1993	40-44	0.00176	0.00875	2.61	96774	847	481846	3908880	40.39
1993	45-49	0.00264	0.01314	2.62	95927	1260	476637	3427034	35.73
1993	50-54	0.00420	0.02080	2.71	94667	1969	468818	2950397	31.17
1993	55-59	0.00702	0.03458	2.74	92698	3205	456241	2481579	26.77
1993	60-64	0.01107	0.05395	2.63	89493	4828	436043	2025338	22.63
1993	65-69	0.01711	0.08228	2.68	84665	6966	407131	1589295	18.77
1993	70-74	0.02632	0.12393	2.64	77698	9629	365804	1182164	15.21
1993	75-79	0.03942	0.17997	2.58	68069	12251	310760	816360	11.99
1993	80-84	0.06549	0.28201	2.54	55819	15741	240377	505600	9.06
1993	85-89	0.10877	0.42820	2.52	40077	17161	157780	265223	6.62
1993	90-94	0.17970	0.60880	2.35	22916	13952	77638	107443	4.69
1993	95-99	0.27788	0.76937	2.1	8965	6897	24821	29806	3.32
1993	100-104	0.40215	0.88421	1.83	2068	1828	4546	4985	2.41
1993	105-109	0.54063	0.94662	1.57	239	227	419	439	1.83
1993	110+	0.65368	1.00000	1.53	13	13	20	20	1.53
1994	0	0.00804	0.00798	0.08	100000	798	99262	7844049	78.44
1994	1-4	0.00044	0.00177	1.62	99202	176	396388	7744787	78.07
1994	5-9	0.00020	0.00102	2.42	99026	101	494868	7348399	74.21
1994	10-14	0.00016	0.00081	2.84	98925	80	494451	6853531	69.28
1994	15-19	0.00039	0.00196	2.72	98845	194	493781	6359080	64.33
1994	20-24	0.00054	0.00269	2.68	98651	266	492636	5865299	59.46
1994	25-29	0.00071	0.00355	2.64	98385	349	491103	5372663	54.61
1994	30-34	0.00118	0.00588	2.59	98036	576	488793	4881559	49.79
1994	35-39	0.00149	0.00743	2.59	97460	724	485557	4392766	45.07
1994	40-44	0.00180	0.00895	2.65	96736	866	481642	3907209	40.39
1994	45-49	0.00266	0.01321	2.73	95870	1266	476481	3425567	35.73
1994	50-54	0.00387	0.01917	2.78	94604	1814	468997	2949086	31.17
1994	55-59	0.00707	0.03482	2.76	92790	3231	456728	2480088	26.73
1994	60-64	0.01070	0.05217	2.62	89559	4672	436699	2023361	22.59
1994	65-69	0.01694	0.08157	2.73	84887	6924	408740	1586662	18.69
1994	70-74	0.02583	0.12168	2.62	77963	9487	367219	1177922	15.11
1994	75-79	0.04119	0.18755	2.62	68476	12843	311803	810703	11.84
1994	80-84	0.06657	0.28617	2.55	55633	15921	239143	498900	8.97
1994	85-89	0.11148	0.43486	2.47	39713	17269	154905	259757	6.54
1994	90-94	0.18009	0.60947	2.35	22443	13678	75955	104853	4.67
1994	95-99	0.28074	0.77291	2.09	8765	6774	24131	28897	3.30
1994	100-104	0.40515	0.88608	1.83	1990	1764	4353	4767	2.39
1994	105-109	0.54331	0.94738	1.56	227	215	395	414	1.82
1994	110+	0.65587	1.00000	1.52	12	12	18	18	1.52
1995	0	0.00809	0.00803	0.08	100000	803	99258	7842594	78.43
1995	1-4	0.00044	0.00174	1.87	99197	173	396421	7743336	78.06
1995	5-9	0.00016	0.00078	2.54	99024	77	494932	7346915	74.19
1995	10-14	0.00020	0.00100	2.76	98947	99	494516	6851983	69.25
1995	15-19	0.00046	0.00229	2.61	98849	226	493702	6357467	64.32
1995	20-24	0.00050	0.00250	2.62	98622	247	492526	5863765	59.46
1995	25-29	0.00082	0.00407	2.55	98376	400	490898	5371239	54.60
1995	30-34	0.00104	0.00516	2.76	97976	506	488746	4880341	49.81
1995	35-39	0.00148	0.00735	2.71	97470	716	485707	4391595	45.06
1995	40-44	0.00183	0.00911	2.63	96753	882	481678	3905888	40.37
1995	45-49	0.00260	0.01294	2.63	95872	1241	476419	3424210	35.72
1995	50-54	0.00428	0.02122	2.77	94631	2008	468683	2947791	31.15
1995	55-59	0.00674	0.03321	2.84	92623	3076	456471	2479107	26.77
1995	60-64	0.01124	0.05480	2.69	89547	4907	436411	2022636	22.59
1995	65-69	0.01653	0.07958	2.66	84640	6735	407428	1586225	18.74
1995	70-74	0.02630	0.12372	2.61	77904	9639	366529	1178797	15.13
1995	75-79	0.04086	0.18591	2.58	68266	12691	310625	812268	11.90
1995	80-84	0.06610	0.28509	2.59	55575	15844	239687	501643	9.03
1995	85-89	0.10966	0.42971	2.48	39731	17073	155687	261956	6.59
1995	90-94	0.18012	0.60880	2.34	22658	13794	76583	106269	4.69
1995	95-99	0.27566	0.76631	2.1	8864	6792	24641	29686	3.35
1995	100-104	0.39779	0.88116	1.84	2071	1825	4588	5045	2.44
1995	105-109	0.53430	0.94457	1.58	246	233	435	456	1.85
1995	110+	0.64614	1.00000	1.55	14	14	21	21	1.55
1996	0	0.00759	0.00754	0.07	100000	754	99302	7868244	78.68
1996	1-4	0.00032	0.00129	1.6	99246	128	396677	7768942	78.28
1996	5-9	0.00016	0.00081	2.17	99118	81	495362	7372265	74.38
1996	10-14	0.00017	0.00083	2.3	99037	82	494966	6876903	69.44
1996	15-19	0.00041	0.00207	2.73	98955	205	494312	6381937	64.49
1996	20-24	0.00061	0.00302	2.66	98750	298	493055	5887625	59.62
1996	25-29	0.00075	0.00377	2.74	98452	371	491421	5394570	54.79
1996	30-34	0.00106	0.00527	2.61	98081	517	489170	4903149	49.99
1996	35-39	0.00149	0.00745	2.65	97565	726	486115	4413979	45.24
1996	40-44	0.00205	0.01021	2.65	96838	989	481865	3927864	40.56
1996	45-49	0.00267	0.01325	2.53	95850	1270	476107	3445998	35.95
1996	50-54	0.00378	0.01876	2.81	94579	1774	469020	2969891	31.40
1996	55-59	0.00638	0.03145	2.71	92805	2919	457348	2500871	26.95
1996	60-64	0.01052	0.05132	2.63	89886	4613	438499	2043523	22.73
1996	65-69	0.01637	0.07886	2.68	85273	6725	410740	1605023	18.82
1996	70-74	0.02562	0.12074	2.62	78548	9484	370171	1194283	15.20
1996	75-79	0.04022	0.18341	2.6	69064	12667	314912	824112	11.93
1996	80-84	0.06525	0.28143	2.56	56397	15872	243246	509201	9.03
1996	85-89	0.11019	0.43274	2.52	40526	17537	159151	265954	6.56
1996	90-94	0.18129	0.60938	2.31	22989	14009	77273	106803	4.65
1996	95-99	0.28138	0.77396	2.09	8980	6950	24699	29530	3.29
1996	100-104	0.40780	0.88796	1.82	2030	1802	4420	4831	2.38
1996	105-109	0.54801	0.94887	1.56	227	216	394	411	1.81
1996	110+	0.66193	1.00000	1.51	12	12	18	18	1.51
1997	0	0.00782	0.00776	0.07	100000	776	99282	7884014	78.84
1997	1-4	0.00033	0.00130	1.69	99224	129	396597	7784732	78.46
1997	5-9	0.00016	0.00081	2.47	99095	80	495270	7388135	74.56
1997	10-14	0.00016	0.00082	2.74	99014	81	494888	6892865	69.61
1997	15-19	0.00041	0.00205	2.79	98933	203	494218	6397978	64.67
1997	20-24	0.00052	0.00260	2.52	98731	257	493015	5903760	59.80
1997	25-29	0.00057	0.00284	2.46	98474	280	491655	5410745	54.95
1997	30-34	0.00092	0.00458	2.69	98193	450	489926	4919090	50.10
1997	35-39	0.00129	0.00643	2.71	97743	629	487277	4429164	45.31
1997	40-44	0.00177	0.00879	2.73	97115	854	483638	3941887	40.59
1997	45-49	0.00262	0.01303	2.7	96260	1255	478412	3458249	35.93
1997	50-54	0.00382	0.01894	2.78	95006	1799	471038	2979837	31.36
1997	55-59	0.00666	0.03280	2.64	93207	3057	458818	2508799	26.92
1997	60-64	0.01047	0.05111	2.71	90149	4607	440198	2049981	22.74
1997	65-69	0.01537	0.07415	2.61	85542	6343	412546	1609783	18.82
1997	70-74	0.02570	0.12108	2.61	79199	9589	373067	1197237	15.12
1997	75-79	0.04106	0.18733	2.67	69610	13040	317616	824170	11.84
1997	80-84	0.06615	0.28542	2.6	56570	16146	244101	506554	8.95
1997	85-89	0.10866	0.42694	2.49	40424	17258	158826	262453	6.49
1997	90-94	0.19149	0.63169	2.31	23165	14633	76416	103627	4.47
1997	95-99	0.29147	0.78669	2.08	8532	6712	23028	27210	3.19
1997	100-104	0.42364	0.89786	1.79	1820	1634	3857	4182	2.30
1997	105-109	0.56823	0.95457	1.52	186	177	312	325	1.75
1997	110+	0.68407	1.00000	1.46	8	8	12	12	1.46
1998	0	0.00789	0.00784	0.08	100000	784	99275	7889676	78.90
1998	1-4	0.00031	0.00123	1.6	99216	122	396573	7790401	78.52
1998	5-9	0.00008	0.00039	2.54	99094	39	495378	7393828	74.61
1998	10-14	0.00012	0.00058	2.76	99056	58	495151	6898451	69.64
1998	15-19	0.00038	0.00192	2.63	98998	190	494541	6403300	64.68
1998	20-24	0.00049	0.00247	2.28	98808	244	493378	5908760	59.80
1998	25-29	0.00070	0.00348	2.66	98564	343	492019	5415382	54.94
1998	30-34	0.00085	0.00425	2.61	98222	418	490108	4923362	50.13
1998	35-39	0.00126	0.00627	2.59	97804	613	487542	4433255	45.33
1998	40-44	0.00181	0.00901	2.7	97191	876	483941	3945713	40.60
1998	45-49	0.00250	0.01243	2.78	96315	1197	478919	3461772	35.94
1998	50-54	0.00371	0.01837	2.62	95118	1748	471433	2982853	31.36
1998	55-59	0.00685	0.03372	2.76	93370	3148	459809	2511420	26.90
1998	60-64	0.01042	0.05085	2.67	90222	4587	440408	2051611	22.74
1998	65-69	0.01599	0.07704	2.64	85635	6597	412608	1611203	18.81
1998	70-74	0.02562	0.12074	2.62	79037	9543	372479	1198595	15.16
1998	75-79	0.03997	0.18227	2.59	69495	12667	316895	826116	11.89
1998	80-84	0.06710	0.28917	2.61	56828	16433	244923	509221	8.96
1998	85-89	0.11068	0.43078	2.43	40395	17401	157213	264298	6.54
1998	90-94	0.18035	0.60644	2.3	22994	13944	77319	107085	4.66
1998	95-99	0.28151	0.77389	2.09	9049	7003	24877	29765	3.29
1998	100-104	0.40621	0.88677	1.82	2046	1814	4467	4888	2.39
1998	105-109	0.54456	0.94776	1.56	232	220	403	422	1.82
1998	110+	0.65719	1.00000	1.52	12	12	18	18	1.52
1999	0	0.00768	0.00762	0.07	100000	762	99295	7894778	78.95
1999	1-4	0.00029	0.00115	1.36	99238	114	396650	7795483	78.55
1999	5-9	0.00010	0.00052	2.71	99124	51	495501	7398833	74.64
1999	10-14	0.00014	0.00068	3.14	99072	67	495237	6903332	69.68
1999	15-19	0.00038	0.00189	2.74	99005	187	494605	6408095	64.72
1999	20-24	0.00046	0.00230	2.33	98819	227	493487	5913490	59.84
1999	25-29	0.00065	0.00324	2.63	98592	319	492203	5420002	54.97
1999	30-34	0.00084	0.00420	2.62	98273	413	490380	4927800	50.14
1999	35-39	0.00138	0.00687	2.76	97860	672	487792	4437420	45.34
1999	40-44	0.00178	0.00886	2.71	97188	862	483970	3949628	40.64
1999	45-49	0.00258	0.01283	2.59	96326	1236	478654	3465658	35.98
1999	50-54	0.00360	0.01785	2.71	95090	1698	471565	2987004	31.41
1999	55-59	0.00616	0.03036	2.71	93392	2835	460458	2515439	26.93
1999	60-64	0.00989	0.04838	2.76	90557	4382	442975	2054981	22.69
1999	65-69	0.01651	0.07944	2.65	86176	6846	414763	1612006	18.71
1999	70-74	0.02481	0.11728	2.68	79330	9304	375036	1197243	15.09
1999	75-79	0.03994	0.18215	2.59	70026	12755	319372	822207	11.74
1999	80-84	0.06791	0.29162	2.58	57271	16701	245945	502835	8.78
1999	85-89	0.11481	0.44614	2.5	40570	18100	157649	256890	6.33
1999	90-94	0.19404	0.63879	2.33	22470	14354	73973	99241	4.42
1999	95-99	0.29992	0.79646	2.06	8116	6464	21554	25268	3.11
1999	100-104	0.43382	0.90355	1.77	1652	1493	3441	3714	2.25
1999	105-109	0.57877	0.95718	1.5	159	153	264	273	1.72
1999	110+	0.69396	1.00000	1.44	7	7	10	10	1.44
2000	0	0.00747	0.00742	0.07	100000	742	99313	7877788	78.78
2000	1-4	0.00033	0.00132	1.77	99258	131	396739	7778475	78.37
2000	5-9	0.00013	0.00063	2.63	99127	62	495486	7381737	74.47
2000	10-14	0.00016	0.00082	3.27	99065	82	495182	6886251	69.51
2000	15-19	0.00037	0.00184	2.62	98983	182	494480	6391069	64.57
2000	20-24	0.00042	0.00209	2.8	98801	206	493549	5896589	59.68
2000	25-29	0.00056	0.00279	2.42	98595	275	492263	5403040	54.80
2000	30-34	0.00084	0.00418	2.58	98319	411	490604	4910777	49.95
2000	35-39	0.00142	0.00709	2.75	97908	694	487982	4420173	45.15
2000	40-44	0.00178	0.00886	2.59	97214	862	483991	3932190	40.45
2000	45-49	0.00272	0.01353	2.61	96352	1304	478641	3448199	35.79
2000	50-54	0.00416	0.02060	2.63	95048	1958	470604	2969558	31.24
2000	55-59	0.00654	0.03223	2.7	93090	3001	458553	2498954	26.84
2000	60-64	0.01006	0.04919	2.71	90089	4431	440282	2040401	22.65
2000	65-69	0.01610	0.07741	2.53	85658	6631	411899	1600119	18.68
2000	70-74	0.02501	0.11802	2.62	79027	9327	372932	1188220	15.04
2000	75-79	0.04076	0.18590	2.63	69700	12957	317852	815288	11.70
2000	80-84	0.06836	0.29398	2.62	56743	16682	244033	497437	8.77
2000	85-89	0.11309	0.44182	2.53	40061	17700	156510	253404	6.33
2000	90-94	0.19826	0.64612	2.31	22362	14448	72876	96894	4.33
2000	95-99	0.30864	0.80660	2.04	7913	6383	20680	24018	3.04
2000	100-104	0.44824	0.91144	1.75	1530	1395	3112	3337	2.18
2000	105-109	0.59737	0.96162	1.47	136	130	218	225	1.66
2000	110+	0.71406	1.00000	1.4	5	5	7	7	1.40
2001	0	0.00788	0.00782	0.08	100000	782	99276	7899104	78.99
2001	1-4	0.00029	0.00115	1.53	99218	114	396589	7799828	78.61
2001	5-9	0.00019	0.00093	2.73	99104	92	495310	7403239	74.70
2001	10-14	0.00015	0.00074	2.78	99012	73	494896	6907929	69.77
2001	15-19	0.00037	0.00187	2.8	98938	185	494285	6413033	64.82
2001	20-24	0.00056	0.00279	2.48	98754	276	493073	5918748	59.93
2001	25-29	0.00058	0.00290	2.67	98478	285	491727	5425675	55.10
2001	30-34	0.00076	0.00381	2.73	98193	374	490115	4933948	50.25
2001	35-39	0.00130	0.00647	2.57	97818	633	487552	4443833	45.43
2001	40-44	0.00198	0.00987	2.64	97185	959	483662	3956281	40.71
2001	45-49	0.00265	0.01317	2.55	96226	1268	478023	3472619	36.09
2001	50-54	0.00387	0.01917	2.69	94959	1820	470592	2994596	31.54
2001	55-59	0.00615	0.03033	2.77	93138	2825	459396	2524004	27.10
2001	60-64	0.01004	0.04911	2.83	90313	4436	441930	2064608	22.86
2001	65-69	0.01521	0.07342	2.64	85878	6305	414518	1622677	18.90
2001	70-74	0.02497	0.11797	2.67	79573	9387	375965	1208159	15.18
2001	75-79	0.03954	0.18067	2.62	70185	12680	320723	832194	11.86
2001	80-84	0.06573	0.28369	2.59	57505	16314	248204	511472	8.89
2001	85-89	0.11252	0.43839	2.48	41191	18058	160484	263268	6.39
2001	90-94	0.19203	0.63468	2.33	23133	14682	76459	102783	4.44
2001	95-99	0.29948	0.79627	2.06	8451	6729	22470	26324	3.11
2001	100-104	0.43570	0.90480	1.77	1722	1558	3575	3855	2.24
2001	105-109	0.58307	0.95833	1.5	164	157	269	279	1.70
2001	110+	0.69977	1.00000	1.43	7	7	10	10	1.43
2002	0	0.00700	0.00696	0.07	100000	696	99355	7917930	79.18
2002	1-4	0.00035	0.00140	1.78	99304	139	396909	7818575	78.73
2002	5-9	0.00013	0.00065	2.57	99166	65	495671	7421666	74.84
2002	10-14	0.00011	0.00055	2.93	99101	55	495391	6925995	69.89
2002	15-19	0.00039	0.00195	2.6	99046	194	494768	6430604	64.93
2002	20-24	0.00047	0.00234	2.7	98853	232	493730	5935836	60.05
2002	25-29	0.00060	0.00300	2.65	98621	296	492411	5442106	55.18
2002	30-34	0.00085	0.00425	2.87	98325	418	490737	4949695	50.34
2002	35-39	0.00137	0.00682	2.65	97908	667	487972	4458958	45.54
2002	40-44	0.00193	0.00959	2.71	97240	933	484065	3970987	40.84
2002	45-49	0.00296	0.01471	2.58	96307	1416	478108	3486922	36.21
2002	50-54	0.00397	0.01965	2.67	94891	1865	470111	3008814	31.71
2002	55-59	0.00569	0.02808	2.72	93026	2613	459184	2538703	27.29
2002	60-64	0.00947	0.04633	2.66	90414	4189	442267	2079519	23.00
2002	65-69	0.01562	0.07534	2.66	86225	6497	415919	1637253	18.99
2002	70-74	0.02377	0.11254	2.65	79729	8972	377536	1221334	15.32
2002	75-79	0.03868	0.17721	2.64	70756	12539	324148	843798	11.93
2002	80-84	0.06579	0.28388	2.59	58218	16527	251206	519650	8.93
2002	85-89	0.11217	0.43804	2.5	41691	18262	162815	268444	6.44
2002	90-94	0.18804	0.62697	2.34	23428	14689	78114	105628	4.51
2002	95-99	0.29584	0.79196	2.07	8740	6921	23395	27514	3.15
2002	100-104	0.43018	0.90168	1.78	1818	1639	3811	4119	2.27
2002	105-109	0.57626	0.95664	1.51	179	171	297	308	1.72
2002	110+	0.69258	1.00000	1.44	8	8	11	11	1.44
2003	0	0.00733	0.00728	0.07	100000	728	99325	7934934	79.35
2003	1-4	0.00027	0.00107	1.77	99272	106	396850	7835609	78.93
2003	5-9	0.00013	0.00067	2.38	99165	66	495654	7438759	75.01
2003	10-14	0.00011	0.00057	2.92	99099	56	495380	6943105	70.06
2003	15-19	0.00049	0.00246	2.91	99043	244	494706	6447725	65.10
2003	20-24	0.00054	0.00269	2.39	98799	266	493301	5953019	60.25
2003	25-29	0.00063	0.00316	2.66	98533	312	491934	5459719	55.41
2003	30-34	0.00081	0.00402	2.6	98221	395	490157	4967784	50.58
2003	35-39	0.00131	0.00651	2.72	97826	637	487680	4477627	45.77
2003	40-44	0.00185	0.00921	2.62	97189	895	483814	3989947	41.05
2003	45-49	0.00272	0.01353	2.58	96294	1303	478322	3506133	36.41
2003	50-54	0.00394	0.01954	2.63	94992	1856	470550	3027811	31.87
2003	55-59	0.00573	0.02827	2.65	93135	2633	459481	2557261	27.46
2003	60-64	0.00927	0.04538	2.67	90502	4107	442943	2097780	23.18
2003	65-69	0.01493	0.07204	2.6	86395	6224	417022	1654837	19.15
2003	70-74	0.02387	0.11301	2.65	80171	9060	379529	1237815	15.44
2003	75-79	0.03736	0.17158	2.62	71111	12201	326577	858286	12.07
2003	80-84	0.06320	0.27371	2.56	58910	16124	255148	531709	9.03
2003	85-89	0.11191	0.43725	2.5	42786	18708	167179	276561	6.46
2003	90-94	0.18437	0.61587	2.31	24077	14829	80427	109382	4.54
2003	95-99	0.29752	0.79427	2.07	9249	7346	24691	28955	3.13
2003	100-104	0.43516	0.90468	1.77	1903	1721	3956	4264	2.24
2003	105-109	0.58429	0.95870	1.5	181	174	298	308	1.70
2003	110+	0.70227	1.00000	1.42	7	7	11	11	1.42
2004	0	0.00774	0.00768	0.07	100000	768	99289	7982268	79.82
2004	1-4	0.00024	0.00098	1.79	99232	97	396713	7882979	79.44
2004	5-9	0.00012	0.00059	2.41	99135	58	495523	7486266	75.52
2004	10-14	0.00013	0.00064	2.78	99076	64	495240	6990743	70.56
2004	15-19	0.00039	0.00194	2.57	99013	192	494597	6495503	65.60
2004	20-24	0.00053	0.00263	2.31	98821	260	493404	6000906	60.73
2004	25-29	0.00046	0.00230	2.6	98561	227	492260	5507502	55.88
2004	30-34	0.00079	0.00397	2.69	98334	390	490772	5015242	51.00
2004	35-39	0.00111	0.00554	2.58	97944	543	488410	4524470	46.19
2004	40-44	0.00188	0.00937	2.6	97402	913	484821	4036060	41.44
2004	45-49	0.00277	0.01376	2.6	96489	1328	479254	3551238	36.80
2004	50-54	0.00416	0.02060	2.6	95161	1961	471095	3071985	32.28
2004	55-59	0.00549	0.02710	2.67	93201	2525	460111	2600890	27.91
2004	60-64	0.00871	0.04268	2.71	90675	3870	444501	2140779	23.61
2004	65-69	0.01435	0.06943	2.67	86806	6027	419963	1696277	19.54
2004	70-74	0.02253	0.10698	2.65	80779	8642	383542	1276314	15.80
2004	75-79	0.03453	0.15934	2.58	72137	11494	332881	892772	12.38
2004	80-84	0.06175	0.26948	2.64	60642	16342	264655	559891	9.23
2004	85-89	0.10613	0.41925	2.5	44301	18573	174998	295236	6.66
2004	90-94	0.17850	0.60502	2.34	25728	15566	87201	120238	4.67
2004	95-99	0.28460	0.77873	2.09	10162	7913	27805	33037	3.25
2004	100-104	0.41774	0.89467	1.81	2249	2012	4816	5232	2.33
2004	105-109	0.56453	0.95375	1.53	237	226	400	416	1.76
2004	110+	0.68250	1.00000	1.47	11	11	16	16	1.47
2005	0	0.00657	0.00653	0.07	100000	653	99393	8003835	80.04
2005	1-4	0.00020	0.00078	1.46	99347	78	397190	7904442	79.56
2005	5-9	0.00012	0.00060	2.11	99269	59	496175	7507252	75.63
2005	10-14	0.00014	0.00070	3.15	99210	69	495923	7011076	70.67
2005	15-19	0.00029	0.00147	2.68	99141	146	495368	6515153	65.72
2005	20-24	0.00039	0.00196	2.84	98996	194	494560	6019785	60.81
2005	25-29	0.00047	0.00234	2.64	98802	231	493466	5525225	55.92
2005	30-34	0.00081	0.00403	2.63	98571	397	491913	5031759	51.05
2005	35-39	0.00108	0.00539	2.7	98174	530	489648	4539847	46.24
2005	40-44	0.00194	0.00965	2.66	97644	943	486014	4050198	41.48
2005	45-49	0.00257	0.01277	2.76	96701	1235	480745	3564184	36.86
2005	50-54	0.00379	0.01875	2.53	95467	1790	472916	3083440	32.30
2005	55-59	0.00547	0.02698	2.58	93676	2528	462265	2610524	27.87
2005	60-64	0.00889	0.04358	2.76	91149	3972	446827	2148258	23.57
2005	65-69	0.01380	0.06678	2.6	87177	5821	421928	1701431	19.52
2005	70-74	0.02191	0.10405	2.59	81355	8465	386372	1279503	15.73
2005	75-79	0.03570	0.16442	2.6	72890	11985	335709	893131	12.25
2005	80-84	0.06187	0.26888	2.57	60905	16376	264683	557422	9.15
2005	85-89	0.10676	0.42015	2.47	44529	18709	175247	292738	6.57
2005	90-94	0.18583	0.61933	2.31	25820	15991	86050	117492	4.55
2005	95-99	0.29003	0.78545	2.08	9829	7720	26618	31442	3.20
2005	100-104	0.42557	0.89933	1.79	2109	1896	4456	4823	2.29
2005	105-109	0.57387	0.95618	1.51	212	203	354	367	1.73
2005	110+	0.69220	1.00000	1.44	9	9	13	13	1.44
2006	0	0.00802	0.00796	0.08	100000	796	99264	8001902	80.02
2006	1-4	0.00030	0.00120	1.33	99204	119	396496	7902638	79.66
2006	5-9	0.00012	0.00059	2.88	99084	59	495296	7506142	75.76
2006	10-14	0.00014	0.00069	2.68	99025	68	494968	7010847	70.80
2006	15-19	0.00030	0.00150	2.89	98957	148	494473	6515879	65.85
2006	20-24	0.00047	0.00234	2.3	98809	231	493422	6021406	60.94
2006	25-29	0.00052	0.00259	2.13	98578	255	492156	5527984	56.08
2006	30-34	0.00076	0.00381	2.48	98323	375	490670	5035827	51.22
2006	35-39	0.00115	0.00576	2.75	97948	564	488469	4545158	46.40
2006	40-44	0.00189	0.00941	2.64	97384	917	484757	4056688	41.66
2006	45-49	0.00276	0.01369	2.51	96467	1321	479050	3571931	37.03
2006	50-54	0.00417	0.02066	2.62	95146	1966	471054	3092881	32.51
2006	55-59	0.00561	0.02767	2.65	93181	2578	459845	2621827	28.14
2006	60-64	0.00834	0.04093	2.75	90602	3708	444661	2161982	23.86
2006	65-69	0.01343	0.06512	2.7	86894	5658	421444	1717321	19.76
2006	70-74	0.02166	0.10319	2.72	81235	8383	387040	1295877	15.95
2006	75-79	0.03451	0.15935	2.6	72852	11609	336361	908837	12.48
2006	80-84	0.05959	0.26054	2.59	61243	15956	267767	572476	9.35
2006	85-89	0.10315	0.41001	2.5	45287	18568	180009	304708	6.73
2006	90-94	0.17958	0.61038	2.38	26719	16309	90817	124699	4.67
2006	95-99	0.28394	0.77825	2.1	10410	8102	28532	33882	3.25
2006	100-104	0.41945	0.89594	1.8	2308	2068	4931	5350	2.32
2006	105-109	0.56883	0.95499	1.52	240	229	403	419	1.74
2006	110+	0.68850	1.00000	1.45	11	11	16	16	1.45
2007	0	0.00785	0.00780	0.07	100000	780	99279	8031954	80.32
2007	1-4	0.00026	0.00104	1.74	99220	103	396649	7932675	79.95
2007	5-9	0.00011	0.00057	3.05	99117	56	495477	7536027	76.03
2007	10-14	0.00018	0.00089	2.55	99061	88	495090	7040550	71.07
2007	15-19	0.00034	0.00170	2.79	98973	168	494494	6545460	66.13
2007	20-24	0.00053	0.00263	2.41	98805	259	493352	6050967	61.24
2007	25-29	0.00065	0.00322	2.78	98546	318	492023	5557614	56.40
2007	30-34	0.00074	0.00372	2.54	98228	365	490242	5065592	51.57
2007	35-39	0.00119	0.00595	2.64	97863	582	487940	4575350	46.75
2007	40-44	0.00179	0.00889	2.71	97280	865	484417	4087410	42.02
2007	45-49	0.00258	0.01280	2.79	96415	1234	479351	3602993	37.37
2007	50-54	0.00377	0.01867	2.58	95181	1777	471596	3123642	32.82
2007	55-59	0.00526	0.02600	2.67	93404	2428	461373	2652047	28.39
2007	60-64	0.00788	0.03868	2.63	90975	3519	446526	2190674	24.08
2007	65-69	0.01275	0.06191	2.7	87456	5415	424836	1744148	19.94
2007	70-74	0.02141	0.10208	2.72	82041	8374	391097	1319312	16.08
2007	75-79	0.03389	0.15671	2.6	73667	11545	340683	928215	12.60
2007	80-84	0.05636	0.24791	2.58	62122	15401	273277	587531	9.46
2007	85-89	0.10310	0.41061	2.52	46721	19184	186082	314254	6.73
2007	90-94	0.17924	0.60706	2.34	27537	16717	93264	128172	4.65
2007	95-99	0.28655	0.78196	2.1	10820	8461	29528	34908	3.23
2007	100-104	0.42668	0.90050	1.79	2359	2125	4979	5381	2.28
2007	105-109	0.58035	0.95803	1.5	235	225	388	402	1.71
2007	110+	0.70230	1.00000	1.42	10	10	14	14	1.42
2008	0	0.00686	0.00681	0.07	100000	681	99368	8074006	80.74
2008	1-4	0.00021	0.00084	1.93	99319	84	397102	7974638	80.29
2008	5-9	0.00011	0.00054	3.13	99235	53	496076	7577536	76.36
2008	10-14	0.00011	0.00056	2.8	99182	55	495787	7081460	71.40
2008	15-19	0.00029	0.00147	2.87	99127	146	495323	6585672	66.44
2008	20-24	0.00045	0.00226	2.65	98981	224	494379	6090349	61.53
2008	25-29	0.00048	0.00242	2.47	98757	239	493181	5595970	56.66
2008	30-34	0.00072	0.00358	2.61	98518	353	491747	5102789	51.80
2008	35-39	0.00103	0.00512	2.75	98166	503	489698	4611041	46.97
2008	40-44	0.00159	0.00790	2.58	97663	772	486447	4121344	42.20
2008	45-49	0.00275	0.01368	2.69	96891	1325	481395	3634896	37.52
2008	50-54	0.00352	0.01744	2.55	95565	1667	473738	3153501	33.00
2008	55-59	0.00527	0.02605	2.65	93899	2446	463745	2679763	28.54
2008	60-64	0.00781	0.03836	2.64	91453	3508	448981	2216017	24.23
2008	65-69	0.01234	0.05995	2.64	87944	5272	427282	1767037	20.09
2008	70-74	0.02097	0.10003	2.7	82672	8270	394375	1339755	16.21
2008	75-79	0.03315	0.15355	2.6	74402	11424	344610	945381	12.71
2008	80-84	0.05602	0.24743	2.64	62978	15582	278156	600770	9.54
2008	85-89	0.10031	0.40322	2.57	47396	19111	190512	322614	6.81
2008	90-94	0.17735	0.60377	2.36	28285	17078	96291	132102	4.67
2008	95-99	0.28955	0.78601	2.09	11207	8809	30424	35812	3.20
2008	100-104	0.43366	0.90468	1.78	2398	2170	5003	5388	2.25
2008	105-109	0.59078	0.96058	1.49	229	220	372	384	1.68
2008	110+	0.71433	1.00000	1.4	9	9	13	13	1.40
2009	0	0.00631	0.00627	0.07	100000	627	99417	8083524	80.84
2009	1-4	0.00022	0.00089	1.47	99373	89	397266	7984108	80.35
2009	5-9	0.00010	0.00048	2.32	99284	47	496292	7586842	76.42
2009	10-14	0.00013	0.00065	2.31	99236	64	496010	7090550	71.45
2009	15-19	0.00024	0.00118	2.62	99172	117	495584	6594540	66.50
2009	20-24	0.00049	0.00247	2.54	99056	245	494677	6098956	61.57
2009	25-29	0.00051	0.00253	2.6	98811	250	493458	5604279	56.72
2009	30-34	0.00067	0.00334	2.84	98562	330	492096	5110822	51.85
2009	35-39	0.00105	0.00525	2.69	98232	515	489971	4618726	47.02
2009	40-44	0.00159	0.00791	2.66	97717	773	486773	4128755	42.25
2009	45-49	0.00259	0.01285	2.61	96943	1246	481744	3641982	37.57
2009	50-54	0.00378	0.01874	2.52	95697	1793	474034	3160238	33.02
2009	55-59	0.00543	0.02680	2.61	93904	2517	463496	2686204	28.61
2009	60-64	0.00806	0.03953	2.6	91387	3613	448264	2222708	24.32
2009	65-69	0.01274	0.06187	2.67	87775	5430	426227	1774444	20.22
2009	70-74	0.02038	0.09733	2.68	82345	8014	393149	1348217	16.37
2009	75-79	0.03303	0.15321	2.64	74330	11388	344751	955068	12.85
2009	80-84	0.05474	0.24190	2.6	62942	15226	278148	610317	9.70
2009	85-89	0.09905	0.39751	2.52	47716	18968	191490	332169	6.96
2009	90-94	0.16741	0.58230	2.39	28748	16740	99993	140679	4.89
2009	95-99	0.27039	0.76105	2.13	12008	9139	33799	40686	3.39
2009	100-104	0.40354	0.88627	1.84	2869	2543	6302	6887	2.40
2009	105-109	0.55293	0.95083	1.55	326	310	561	585	1.79
2009	110+	0.67412	1.00000	1.48	16	16	24	24	1.48
2010	0	0.00612	0.00608	0.07	100000	608	99434	8120119	81.20
2010	1-4	0.00021	0.00084	1.37	99392	83	397347	8020685	80.70
2010	5-9	0.00008	0.00042	2.9	99308	42	496455	7623337	76.76
2010	10-14	0.00010	0.00051	2.91	99267	51	496229	7126883	71.80
2010	15-19	0.00026	0.00131	2.93	99216	130	495813	6630654	66.83
2010	20-24	0.00044	0.00222	2.76	99087	220	494942	6134841	61.91
2010	25-29	0.00059	0.00295	2.77	98867	291	493685	5639899	57.05
2010	30-34	0.00057	0.00282	2.48	98576	278	492176	5146214	52.21
2010	35-39	0.00103	0.00513	2.66	98297	504	490306	4654038	47.35
2010	40-44	0.00143	0.00712	2.7	97793	697	487361	4163732	42.58
2010	45-49	0.00258	0.01284	2.7	97096	1246	482612	3676372	37.86
2010	50-54	0.00351	0.01740	2.65	95850	1668	475335	3193760	33.32
2010	55-59	0.00510	0.02521	2.67	94182	2374	465373	2718425	28.86
2010	60-64	0.00806	0.03954	2.64	91808	3630	450468	2253052	24.54
2010	65-69	0.01237	0.06010	2.66	88178	5299	428496	1802584	20.44
2010	70-74	0.01910	0.09132	2.62	82879	7569	396357	1374089	16.58
2010	75-79	0.03189	0.14808	2.59	75310	11152	349722	977731	12.98
2010	80-84	0.05235	0.23265	2.61	64158	14926	285148	628009	9.79
2010	85-89	0.09755	0.39385	2.56	49232	19390	198772	342861	6.96
2010	90-94	0.16873	0.58328	2.35	29842	17406	103158	144089	4.83
2010	95-99	0.27933	0.77348	2.12	12436	9619	34434	40932	3.29
2010	100-104	0.42127	0.89777	1.8	2817	2529	6003	6497	2.31
2010	105-109	0.57819	0.95770	1.51	288	276	477	494	1.72
2010	110+	0.70297	1.00000	1.42	12	12	17	17	1.42
2011	0	0.00667	0.00663	0.07	100000	663	99385	8140526	81.41
2011	1-4	0.00019	0.00078	1.71	99337	77	397172	8041141	80.95
2011	5-9	0.00008	0.00042	2.56	99260	41	496200	7643969	77.01
2011	10-14	0.00010	0.00048	3.49	99219	48	496022	7147769	72.04
2011	15-19	0.00032	0.00159	3.38	99171	158	495598	6651747	67.07
2011	20-24	0.00039	0.00196	2.88	99013	194	494651	6156149	62.18
2011	25-29	0.00059	0.00296	2.7	98818	293	493419	5661498	57.29
2011	30-34	0.00071	0.00355	2.78	98526	350	491852	5168080	52.45
2011	35-39	0.00103	0.00514	2.63	98176	505	489685	4676228	47.63
2011	40-44	0.00150	0.00747	2.79	97671	730	486740	4186543	42.86
2011	45-49	0.00217	0.01078	2.57	96941	1045	482164	3699803	38.17
2011	50-54	0.00366	0.01815	2.61	95897	1740	475332	3217639	33.55
2011	55-59	0.00495	0.02448	2.58	94156	2305	465207	2742307	29.13
2011	60-64	0.00747	0.03674	2.75	91851	3375	451670	2277099	24.79
2011	65-69	0.01145	0.05579	2.72	88476	4936	431147	1825429	20.63
2011	70-74	0.01928	0.09217	2.63	83540	7700	399455	1394282	16.69
2011	75-79	0.03076	0.14341	2.65	75840	10876	353615	994827	13.12
2011	80-84	0.05133	0.22876	2.63	64964	14861	289527	641212	9.87
2011	85-89	0.09493	0.38574	2.57	50102	19326	203578	351685	7.02
2011	90-94	0.17004	0.58609	2.35	30776	18038	106082	148107	4.81
2011	95-99	0.27839	0.77250	2.12	12738	9840	35348	42025	3.30
2011	100-104	0.42173	0.89820	1.8	2898	2603	6172	6677	2.30
2011	105-109	0.58028	0.95828	1.51	295	283	487	505	1.71
2011	110+	0.70613	1.00000	1.42	12	12	17	17	1.42
2012	0	0.00649	0.00645	0.07	100000	645	99401	8149303	81.49
2012	1-4	0.00024	0.00097	1.75	99355	97	397202	8049902	81.02
2012	5-9	0.00009	0.00044	2.01	99258	44	496160	7652700	77.10
2012	10-14	0.00010	0.00049	2.6	99215	48	495957	7156540	72.13
2012	15-19	0.00031	0.00154	2.62	99166	153	495468	6660583	67.17
2012	20-24	0.00053	0.00267	2.55	99014	264	494421	6165115	62.27
2012	25-29	0.00060	0.00299	2.53	98750	296	493017	5670694	57.42
2012	30-34	0.00073	0.00366	2.65	98454	361	491422	5177677	52.59
2012	35-39	0.00080	0.00401	2.62	98093	394	489532	4686255	47.77
2012	40-44	0.00148	0.00738	2.75	97700	721	486876	4196723	42.96
2012	45-49	0.00231	0.01151	2.77	96979	1116	482410	3709847	38.25
2012	50-54	0.00351	0.01739	2.72	95863	1667	475507	3227437	33.67
2012	55-59	0.00542	0.02677	2.55	94196	2521	464805	2751930	29.22
2012	60-64	0.00754	0.03703	2.6	91674	3395	450222	2287125	24.95
2012	65-69	0.01095	0.05342	2.72	88280	4716	430638	1836903	20.81
2012	70-74	0.01819	0.08723	2.64	83564	7289	400637	1406265	16.83
2012	75-79	0.03090	0.14418	2.68	76275	10998	355893	1005628	13.18
2012	80-84	0.04995	0.22314	2.61	65277	14566	291580	649736	9.95
2012	85-89	0.09277	0.37908	2.59	50712	19224	207218	358155	7.06
2012	90-94	0.17089	0.58707	2.33	31488	18486	108170	150937	4.79
2012	95-99	0.27915	0.77378	2.12	13002	10061	36041	42767	3.29
2012	100-104	0.42509	0.90037	1.8	2941	2648	6230	6726	2.29
2012	105-109	0.58615	0.95976	1.5	293	281	480	496	1.69
2012	110+	0.71330	1.00000	1.4	12	12	17	17	1.40
2013	0	0.00616	0.00612	0.07	100000	612	99431	8150412	81.50
2013	1-4	0.00021	0.00083	1.7	99388	83	397361	8050981	81.01
2013	5-9	0.00009	0.00044	2.56	99305	44	496420	7653620	77.07
2013	10-14	0.00011	0.00054	2.58	99262	54	496178	7157200	72.10
2013	15-19	0.00030	0.00148	2.76	99208	147	495709	6661022	67.14
2013	20-24	0.00051	0.00256	2.44	99061	254	494652	6165313	62.24
2013	25-29	0.00059	0.00297	2.46	98807	293	493290	5670661	57.39
2013	30-34	0.00077	0.00383	2.81	98513	377	491739	5177371	52.55
2013	35-39	0.00088	0.00439	2.54	98136	431	489620	4685632	47.75
2013	40-44	0.00145	0.00721	2.66	97705	705	486875	4196012	42.95
2013	45-49	0.00230	0.01146	2.61	97000	1112	482345	3709136	38.24
2013	50-54	0.00367	0.01821	2.64	95888	1746	475322	3226791	33.65
2013	55-59	0.00512	0.02528	2.62	94142	2380	465047	2751469	29.23
2013	60-64	0.00711	0.03496	2.67	91762	3208	451323	2286422	24.92
2013	65-69	0.01122	0.05467	2.65	88554	4842	431372	1835099	20.72
2013	70-74	0.01933	0.09235	2.59	83713	7731	399954	1403727	16.77
2013	75-79	0.03063	0.14294	2.67	75981	10861	354595	1003773	13.21
2013	80-84	0.05067	0.22609	2.62	65120	14723	290536	649178	9.97
2013	85-89	0.09376	0.38081	2.54	50398	19192	204694	358642	7.12
2013	90-94	0.16425	0.57705	2.42	31206	18007	109633	153948	4.93
2013	95-99	0.27259	0.76489	2.13	13198	10095	37035	44315	3.36
2013	100-104	0.41346	0.89321	1.82	3103	2772	6704	7280	2.35
2013	105-109	0.57063	0.95589	1.52	331	317	555	576	1.74
2013	110+	0.69643	1.00000	1.44	15	15	21	21	1.44
2014	0	0.00590	0.00586	0.07	100000	586	99454	8173979	81.74
2014	1-4	0.00024	0.00097	1.35	99414	97	397399	8074525	81.22
2014	5-9	0.00012	0.00060	2.13	99317	60	496414	7677126	77.30
2014	10-14	0.00012	0.00059	2.8	99257	59	496157	7180712	72.34
2014	15-19	0.00014	0.00071	3.2	99198	70	495865	6684555	67.39
2014	20-24	0.00044	0.00221	2.62	99128	219	495118	6188690	62.43
2014	25-29	0.00058	0.00290	2.54	98909	287	493839	5693572	57.56
2014	30-34	0.00069	0.00344	2.7	98622	339	492328	5199734	52.72
2014	35-39	0.00095	0.00474	2.61	98282	466	490298	4707405	47.90
2014	40-44	0.00153	0.00762	2.66	97816	745	487335	4217107	43.11
2014	45-49	0.00216	0.01074	2.78	97071	1043	483045	3729772	38.42
2014	50-54	0.00365	0.01811	2.56	96028	1739	475897	3246727	33.81
2014	55-59	0.00528	0.02607	2.6	94289	2458	465542	2770829	29.39
2014	60-64	0.00729	0.03585	2.68	91831	3293	451525	2305287	25.10
2014	65-69	0.01124	0.05472	2.62	88539	4844	431146	1853762	20.94
2014	70-74	0.01858	0.08895	2.61	83694	7445	400669	1422616	17.00
2014	75-79	0.03113	0.14527	2.7	76250	11077	355777	1021947	13.40
2014	80-84	0.04882	0.21860	2.61	65173	14247	291793	666170	10.22
2014	85-89	0.08635	0.35658	2.56	50926	18159	210302	374377	7.35
2014	90-94	0.16204	0.57254	2.44	32767	18760	115776	164074	5.01
2014	95-99	0.26368	0.75310	2.15	14006	10548	40004	48298	3.45
2014	100-104	0.40340	0.88708	1.84	3458	3068	7605	8294	2.40
2014	105-109	0.56117	0.95354	1.54	390	372	664	690	1.77
2014	110+	0.68850	1.00000	1.45	18	18	26	26	1.45
2015	0	0.00647	0.00643	0.07	100000	643	99403	8178860	81.79
2015	1-4	0.00023	0.00091	1.92	99357	91	397238	8079458	81.32
2015	5-9	0.00014	0.00068	2.69	99266	68	496174	7682219	77.39
2015	10-14	0.00011	0.00054	2.59	99198	54	495862	7186045	72.44
2015	15-19	0.00025	0.00127	2.65	99145	126	495426	6690183	67.48
2015	20-24	0.00044	0.00222	2.99	99018	219	494651	6194757	62.56
2015	25-29	0.00060	0.00301	2.58	98799	298	493275	5700106	57.69
2015	30-34	0.00082	0.00409	2.61	98502	402	491545	5206831	52.86
2015	35-39	0.00102	0.00508	2.59	98099	499	489293	4715286	48.07
2015	40-44	0.00139	0.00694	2.67	97600	677	486424	4225993	43.30
2015	45-49	0.00225	0.01121	2.81	96924	1087	482233	3739568	38.58
2015	50-54	0.00333	0.01652	2.66	95837	1584	475484	3257335	33.99
2015	55-59	0.00518	0.02556	2.64	94253	2409	465585	2781850	29.51
2015	60-64	0.00730	0.03587	2.64	91843	3295	451429	2316265	25.22
2015	65-69	0.01127	0.05491	2.64	88549	4862	431270	1864836	21.06
2015	70-74	0.01689	0.08115	2.6	83687	6791	402128	1433566	17.13
2015	75-79	0.02845	0.13329	2.64	76895	10249	360239	1031438	13.41
2015	80-84	0.04949	0.22155	2.64	66646	14766	298357	671199	10.07
2015	85-89	0.09061	0.37076	2.55	51880	19235	212282	372841	7.19
2015	90-94	0.16471	0.57611	2.39	32645	18807	114185	160559	4.92
2015	95-99	0.27293	0.76570	2.13	13838	10596	38823	46374	3.35
2015	100-104	0.41665	0.89541	1.82	3242	2903	6968	7551	2.33
2015	105-109	0.57673	0.95753	1.51	339	325	563	583	1.72
2015	110+	0.70419	1.00000	1.42	14	14	20	20	1.42
2016	0	0.00599	0.00596	0.07	100000	596	99446	8151930	81.52
2016	1-4	0.00019	0.00078	1.5	99404	77	397424	8052485	81.01
2016	5-9	0.00013	0.00063	2.45	99327	62	496476	7655060	77.07
2016	10-14	0.00013	0.00063	2.94	99265	62	496196	7158584	72.12
2016	15-19	0.00032	0.00159	3.24	99203	158	495735	6662388	67.16
2016	20-24	0.00050	0.00249	2.85	99044	246	494692	6166653	62.26
2016	25-29	0.00072	0.00359	2.46	98798	354	493089	5671962	57.41
2016	30-34	0.00094	0.00469	2.68	98444	462	491149	5178873	52.61
2016	35-39	0.00110	0.00547	2.5	97982	536	488568	4687724	47.84
2016	40-44	0.00171	0.00852	2.79	97446	831	485393	4199156	43.09
2016	45-49	0.00242	0.01203	2.7	96615	1162	480405	3713763	38.44
2016	50-54	0.00362	0.01796	2.77	95453	1714	473444	3233358	33.87
2016	55-59	0.00544	0.02684	2.63	93739	2516	462729	2759914	29.44
2016	60-64	0.00807	0.03960	2.61	91222	3612	447464	2297185	25.18
2016	65-69	0.01171	0.05700	2.69	87610	4994	426514	1849721	21.11
2016	70-74	0.01761	0.08465	2.71	82617	6994	397067	1423207	17.23
2016	75-79	0.02842	0.13319	2.64	75623	10072	354340	1026140	13.57
2016	80-84	0.04915	0.22008	2.63	65551	14426	293501	671800	10.25
2016	85-89	0.08627	0.35582	2.54	51125	18191	210859	378298	7.40
2016	90-94	0.15852	0.56235	2.42	32934	18520	116834	167439	5.08
2016	95-99	0.25818	0.74509	2.16	14413	10739	41595	50605	3.51
2016	100-104	0.39372	0.88042	1.86	3674	3235	8216	9010	2.45
2016	105-109	0.54808	0.94981	1.56	439	417	761	794	1.81
2016	110+	0.67393	1.00000	1.48	22	22	33	33	1.48
2017	0	0.00605	0.00601	0.07	100000	601	99441	8152459	81.52
2017	1-4	0.00021	0.00083	1.83	99399	83	397415	8053019	81.02
2017	5-9	0.00008	0.00041	2.03	99316	41	496457	7655604	77.08
2017	10-14	0.00014	0.00068	2.62	99275	67	496215	7159146	72.11
2017	15-19	0.00026	0.00128	3.09	99208	127	495796	6662932	67.16
2017	20-24	0.00059	0.00294	2.76	99081	291	494753	6167136	62.24
2017	25-29	0.00077	0.00383	2.68	98790	378	493075	5672382	57.42
2017	30-34	0.00102	0.00510	2.66	98412	502	490887	5179307	52.63
2017	35-39	0.00120	0.00599	2.61	97910	586	488153	4688421	47.88
2017	40-44	0.00156	0.00779	2.63	97324	758	484824	4200267	43.16
2017	45-49	0.00223	0.01108	2.69	96566	1070	480355	3715444	38.48
2017	50-54	0.00366	0.01817	2.67	95496	1735	473443	3235089	33.88
2017	55-59	0.00553	0.02727	2.6	93761	2557	462679	2761645	29.45
2017	60-64	0.00769	0.03774	2.62	91204	3442	447812	2298966	25.21
2017	65-69	0.01171	0.05699	2.67	87762	5001	427169	1851154	21.09
2017	70-74	0.01782	0.08559	2.71	82761	7083	397558	1423985	17.21
2017	75-79	0.02962	0.13835	2.62	75677	10470	353481	1026427	13.56
2017	80-84	0.04808	0.21497	2.54	65207	14018	291552	672946	10.32
2017	85-89	0.08511	0.35241	2.56	51189	18040	211970	381395	7.45
2017	90-94	0.15596	0.55457	2.4	33150	18384	117871	169425	5.11
2017	95-99	0.25971	0.74753	2.16	14766	11038	42501	51554	3.49
2017	100-104	0.39794	0.88349	1.85	3728	3294	8277	9052	2.43
2017	105-109	0.55492	0.95185	1.55	434	413	745	776	1.79
2017	110+	0.68227	1.00000	1.47	21	21	31	31	1.47
2018	0	0.00534	0.00531	0.07	100000	531	99505	8169817	81.70
2018	1-4	0.00024	0.00095	1.46	99469	94	397636	8070312	81.13
2018	5-9	0.00008	0.00039	1.85	99375	38	496752	7672676	77.21
2018	10-14	0.00009	0.00043	2.81	99336	43	496587	7175924	72.24
2018	15-19	0.00022	0.00109	2.42	99293	109	496186	6679337	67.27
2018	20-24	0.00047	0.00235	2.82	99185	233	495415	6183151	62.34
2018	25-29	0.00087	0.00432	2.52	98951	428	493696	5687735	57.48
2018	30-34	0.00100	0.00498	2.53	98524	491	491408	5194040	52.72
2018	35-39	0.00122	0.00610	2.53	98033	598	488685	4702632	47.97
2018	40-44	0.00167	0.00832	2.51	97435	810	485156	4213947	43.25
2018	45-49	0.00235	0.01169	2.66	96624	1129	480479	3728791	38.59
2018	50-54	0.00352	0.01746	2.69	95495	1668	473622	3248312	34.02
2018	55-59	0.00504	0.02490	2.51	93828	2336	463327	2774690	29.57
2018	60-64	0.00787	0.03863	2.58	91491	3534	448916	2311363	25.26
2018	65-69	0.01081	0.05271	2.61	87957	4636	428721	1862447	21.17
2018	70-74	0.01736	0.08338	2.65	83321	6948	400288	1433726	17.21
2018	75-79	0.02962	0.13820	2.58	76373	10555	356338	1033438	13.53
2018	80-84	0.04853	0.21729	2.6	65819	14302	294699	677100	10.29
2018	85-89	0.08569	0.35420	2.55	51517	18247	212942	382401	7.42
2018	90-94	0.15750	0.55790	2.39	33269	18561	117847	169459	5.09
2018	95-99	0.25826	0.74532	2.16	14708	10962	42447	51611	3.51
2018	100-104	0.39474	0.88121	1.86	3746	3301	8363	9164	2.45
2018	105-109	0.55013	0.95044	1.56	445	423	769	801	1.80
2018	110+	0.67664	1.00000	1.48	22	22	33	33	1.48
2019	0	0.00487	0.00485	0.07	100000	485	99547	8187325	81.87
2019	1-4	0.00020	0.00079	1.35	99515	78	397852	8087778	81.27
2019	5-9	0.00007	0.00033	2.32	99437	33	497095	7689926	77.34
2019	10-14	0.00012	0.00059	2.22	99404	59	496854	7192831	72.36
2019	15-19	0.00025	0.00125	3.18	99345	124	496496	6695977	67.40
2019	20-24	0.00057	0.00285	2.61	99220	283	495425	6199481	62.48
2019	25-29	0.00072	0.00359	2.51	98937	355	493803	5704055	57.65
2019	30-34	0.00104	0.00517	2.66	98582	510	491716	5210252	52.85
2019	35-39	0.00123	0.00615	2.62	98072	603	488929	4718536	48.11
2019	40-44	0.00149	0.00742	2.66	97470	724	485657	4229607	43.39
2019	45-49	0.00216	0.01074	2.71	96746	1039	481351	3743950	38.70
2019	50-54	0.00373	0.01848	2.61	95707	1769	474304	3262600	34.09
2019	55-59	0.00547	0.02699	2.64	93938	2535	463712	2788295	29.68
2019	60-64	0.00782	0.03837	2.6	91403	3507	448602	2324583	25.43
2019	65-69	0.01150	0.05596	2.62	87895	4918	427774	1875981	21.34
2019	70-74	0.01727	0.08294	2.62	82977	6882	398517	1448207	17.45
2019	75-79	0.02859	0.13400	2.66	76094	10196	356638	1049690	13.79
2019	80-84	0.04854	0.21739	2.6	65898	14325	295108	693053	10.52
2019	85-89	0.07945	0.33274	2.56	51573	17160	215989	397945	7.72
2019	90-94	0.15012	0.54176	2.43	34413	18643	124191	181955	5.29
2019	95-99	0.24512	0.72574	2.19	15769	11444	46688	57765	3.66
2019	100-104	0.37516	0.86699	1.9	4325	3750	9995	11076	2.56
2019	105-109	0.52603	0.94303	1.6	575	542	1031	1082	1.88
2019	110+	0.65107	1.00000	1.54	33	33	50	50	1.54
