MD: Maryland, Lifetables (period 1x5), Males Last modified: 20 Dec 2020, MPv5 (May07) 

Year     	Age	mx	qx	ax	lx	dx	Lx	Tx	ex
1960-1964	0	0.02928	0.02855	0.12	100000	2855	97498	6587388	65.87
1960-1964	1	0.00169	0.00169	0.5	97145	164	97063	6489890	66.81
1960-1964	2	0.00103	0.00103	0.5	96981	100	96932	6392826	65.92
1960-1964	3	0.00089	0.00089	0.5	96882	86	96839	6295895	64.99
1960-1964	4	0.00073	0.00073	0.5	96795	71	96760	6199056	64.04
1960-1964	5	0.00069	0.00069	0.5	96725	67	96691	6102296	63.09
1960-1964	6	0.00047	0.00047	0.5	96658	45	96635	6005605	62.13
1960-1964	7	0.00049	0.00049	0.5	96613	48	96589	5908969	61.16
1960-1964	8	0.00045	0.00045	0.5	96565	43	96543	5812381	60.19
1960-1964	9	0.00045	0.00045	0.5	96522	43	96500	5715837	59.22
1960-1964	10	0.00035	0.00035	0.5	96478	34	96462	5619337	58.24
1960-1964	11	0.00049	0.00049	0.5	96445	48	96421	5522876	57.26
1960-1964	12	0.00048	0.00048	0.5	96397	46	96374	5426454	56.29
1960-1964	13	0.00061	0.00061	0.5	96351	58	96322	5330080	55.32
1960-1964	14	0.00070	0.00070	0.5	96293	68	96259	5233758	54.35
1960-1964	15	0.00071	0.00071	0.5	96225	68	96191	5137499	53.39
1960-1964	16	0.00104	0.00104	0.5	96157	100	96107	5041308	52.43
1960-1964	17	0.00117	0.00116	0.5	96057	112	96001	4945200	51.48
1960-1964	18	0.00126	0.00126	0.5	95946	121	95885	4849199	50.54
1960-1964	19	0.00131	0.00131	0.5	95825	125	95762	4753314	49.60
1960-1964	20	0.00151	0.00151	0.5	95699	144	95627	4657551	48.67
1960-1964	21	0.00176	0.00176	0.5	95555	168	95471	4561924	47.74
1960-1964	22	0.00146	0.00146	0.5	95387	140	95317	4466453	46.82
1960-1964	23	0.00153	0.00153	0.5	95248	145	95175	4371136	45.89
1960-1964	24	0.00159	0.00159	0.5	95102	151	95027	4275961	44.96
1960-1964	25	0.00161	0.00161	0.5	94951	153	94875	4180934	44.03
1960-1964	26	0.00163	0.00163	0.5	94798	155	94721	4086059	43.10
1960-1964	27	0.00140	0.00140	0.5	94643	132	94577	3991339	42.17
1960-1964	28	0.00174	0.00174	0.5	94511	165	94429	3896761	41.23
1960-1964	29	0.00179	0.00179	0.5	94347	169	94262	3802332	40.30
1960-1964	30	0.00179	0.00178	0.5	94178	168	94094	3708070	39.37
1960-1964	31	0.00181	0.00181	0.5	94010	170	93924	3613977	38.44
1960-1964	32	0.00190	0.00190	0.5	93839	178	93750	3520052	37.51
1960-1964	33	0.00214	0.00213	0.5	93661	200	93561	3426302	36.58
1960-1964	34	0.00233	0.00232	0.5	93461	217	93353	3332741	35.66
1960-1964	35	0.00258	0.00258	0.5	93244	241	93124	3239388	34.74
1960-1964	36	0.00275	0.00274	0.5	93004	255	92876	3146264	33.83
1960-1964	37	0.00296	0.00295	0.5	92749	274	92612	3053388	32.92
1960-1964	38	0.00319	0.00318	0.5	92475	294	92328	2960776	32.02
1960-1964	39	0.00390	0.00389	0.5	92181	359	92001	2868449	31.12
1960-1964	40	0.00425	0.00424	0.5	91822	389	91628	2776447	30.24
1960-1964	41	0.00449	0.00448	0.5	91433	410	91228	2684820	29.36
1960-1964	42	0.00496	0.00494	0.5	91023	450	90798	2593592	28.49
1960-1964	43	0.00474	0.00473	0.5	90573	428	90359	2502793	27.63
1960-1964	44	0.00608	0.00607	0.5	90145	547	89871	2412434	26.76
1960-1964	45	0.00623	0.00621	0.5	89598	557	89320	2322563	25.92
1960-1964	46	0.00691	0.00689	0.5	89041	613	88735	2233243	25.08
1960-1964	47	0.00833	0.00830	0.5	88428	734	88061	2144508	24.25
1960-1964	48	0.00928	0.00924	0.5	87694	810	87289	2056447	23.45
1960-1964	49	0.00957	0.00952	0.5	86884	827	86470	1969158	22.66
1960-1964	50	0.01158	0.01152	0.5	86057	991	85561	1882687	21.88
1960-1964	51	0.01204	0.01196	0.5	85066	1018	84557	1797126	21.13
1960-1964	52	0.01389	0.01380	0.5	84048	1159	83468	1712569	20.38
1960-1964	53	0.01471	0.01460	0.5	82888	1210	82283	1629101	19.65
1960-1964	54	0.01692	0.01678	0.5	81678	1371	80993	1546818	18.94
1960-1964	55	0.01821	0.01805	0.5	80308	1449	79583	1465825	18.25
1960-1964	56	0.01842	0.01826	0.5	78859	1440	78139	1386241	17.58
1960-1964	57	0.02119	0.02097	0.5	77419	1623	76607	1308102	16.90
1960-1964	58	0.02250	0.02225	0.5	75795	1687	74952	1231495	16.25
1960-1964	59	0.02612	0.02578	0.5	74109	1911	73153	1156543	15.61
1960-1964	60	0.02883	0.02842	0.5	72198	2052	71172	1083390	15.01
1960-1964	61	0.02665	0.02630	0.5	70146	1845	69224	1012218	14.43
1960-1964	62	0.03290	0.03237	0.5	68301	2211	67196	942994	13.81
1960-1964	63	0.03448	0.03389	0.5	66090	2240	64970	875799	13.25
1960-1964	64	0.03804	0.03733	0.5	63850	2383	62659	810828	12.70
1960-1964	65	0.04387	0.04293	0.5	61467	2639	60148	748170	12.17
1960-1964	66	0.04362	0.04269	0.5	58828	2512	57573	688022	11.70
1960-1964	67	0.04784	0.04672	0.5	56317	2631	55001	630449	11.19
1960-1964	68	0.04903	0.04786	0.5	53686	2569	52401	575448	10.72
1960-1964	69	0.05430	0.05287	0.5	51116	2702	49765	523047	10.23
1960-1964	70	0.06078	0.05899	0.5	48414	2856	46986	473282	9.78
1960-1964	71	0.06120	0.05938	0.5	45558	2705	44205	426296	9.36
1960-1964	72	0.06772	0.06550	0.5	42853	2807	41449	382090	8.92
1960-1964	73	0.07008	0.06771	0.5	40046	2712	38690	340641	8.51
1960-1964	74	0.07775	0.07484	0.5	37334	2794	35937	301951	8.09
1960-1964	75	0.08631	0.08274	0.5	34540	2858	33111	266014	7.70
1960-1964	76	0.09183	0.08780	0.5	31682	2782	30291	232903	7.35
1960-1964	77	0.09142	0.08742	0.5	28901	2527	27637	202611	7.01
1960-1964	78	0.09631	0.09189	0.5	26374	2423	25162	174974	6.63
1960-1964	79	0.10900	0.10337	0.5	23951	2476	22713	149812	6.26
1960-1964	80	0.12075	0.11387	0.5	21475	2445	20252	127099	5.92
1960-1964	81	0.12619	0.11870	0.5	19029	2259	17900	106847	5.61
1960-1964	82	0.13549	0.12690	0.5	16771	2128	15707	88947	5.30
1960-1964	83	0.15481	0.14369	0.5	14642	2104	13590	73241	5.00
1960-1964	84	0.16409	0.15165	0.5	12539	1901	11588	59650	4.76
1960-1964	85	0.17115	0.15765	0.5	10637	1677	9799	48062	4.52
1960-1964	86	0.18682	0.17086	0.5	8960	1531	8195	38264	4.27
1960-1964	87	0.21062	0.19055	0.5	7429	1416	6721	30069	4.05
1960-1964	88	0.20841	0.18874	0.5	6013	1135	5446	23348	3.88
1960-1964	89	0.22760	0.20435	0.5	4878	997	4380	17902	3.67
1960-1964	90	0.24299	0.21667	0.5	3882	841	3461	13522	3.48
1960-1964	91	0.25908	0.22937	0.5	3041	697	2692	10061	3.31
1960-1964	92	0.27584	0.24241	0.5	2343	568	2059	7369	3.14
1960-1964	93	0.29325	0.25575	0.5	1775	454	1548	5310	2.99
1960-1964	94	0.31130	0.26937	0.5	1321	356	1143	3762	2.85
1960-1964	95	0.32993	0.28321	0.5	965	273	829	2618	2.71
1960-1964	96	0.34912	0.29723	0.5	692	206	589	1790	2.59
1960-1964	97	0.36880	0.31138	0.5	486	151	411	1201	2.47
1960-1964	98	0.38894	0.32561	0.5	335	109	280	790	2.36
1960-1964	99	0.40945	0.33987	0.5	226	77	187	510	2.26
1960-1964	100	0.43029	0.35411	0.5	149	53	123	322	2.16
1960-1964	101	0.45138	0.36827	0.5	96	35	79	200	2.08
1960-1964	102	0.47265	0.38230	0.5	61	23	49	121	1.99
1960-1964	103	0.49401	0.39616	0.5	38	15	30	72	1.92
1960-1964	104	0.51540	0.40980	0.5	23	9	18	42	1.85
1960-1964	105	0.53673	0.42317	0.5	13	6	11	24	1.78
1960-1964	106	0.55793	0.43623	0.5	8	3	6	13	1.72
1960-1964	107	0.57892	0.44896	0.5	4	2	3	7	1.67
1960-1964	108	0.59962	0.46132	0.5	2	1	2	4	1.62
1960-1964	109	0.61998	0.47327	0.5	1	1	1	2	1.59
1960-1964	110+	0.63992	1.00000	1.56	1	1	1	1	1.56
1965-1969	0	0.02529	0.02474	0.11	100000	2474	97806	6590298	65.90
1965-1969	1	0.00134	0.00134	0.5	97526	131	97461	6492492	66.57
1965-1969	2	0.00087	0.00087	0.5	97396	85	97353	6395031	65.66
1965-1969	3	0.00075	0.00075	0.5	97311	73	97274	6297678	64.72
1965-1969	4	0.00071	0.00071	0.5	97238	69	97204	6200403	63.77
1965-1969	5	0.00048	0.00048	0.5	97169	47	97146	6103200	62.81
1965-1969	6	0.00050	0.00050	0.5	97123	48	97098	6006054	61.84
1965-1969	7	0.00052	0.00052	0.5	97074	51	97049	5908956	60.87
1965-1969	8	0.00041	0.00041	0.5	97024	39	97004	5811907	59.90
1965-1969	9	0.00042	0.00042	0.5	96984	41	96964	5714903	58.93
1965-1969	10	0.00042	0.00042	0.5	96943	40	96923	5617939	57.95
1965-1969	11	0.00040	0.00040	0.5	96903	39	96884	5521016	56.97
1965-1969	12	0.00043	0.00043	0.5	96864	42	96843	5424132	56.00
1965-1969	13	0.00057	0.00057	0.5	96822	55	96794	5327289	55.02
1965-1969	14	0.00075	0.00075	0.5	96767	72	96731	5230495	54.05
1965-1969	15	0.00082	0.00082	0.5	96695	79	96655	5133764	53.09
1965-1969	16	0.00108	0.00108	0.5	96616	104	96563	5037109	52.14
1965-1969	17	0.00168	0.00168	0.5	96511	162	96430	4940545	51.19
1965-1969	18	0.00183	0.00183	0.5	96349	177	96261	4844115	50.28
1965-1969	19	0.00196	0.00196	0.5	96173	188	96078	4747854	49.37
1965-1969	20	0.00177	0.00177	0.5	95984	170	95899	4651776	48.46
1965-1969	21	0.00170	0.00170	0.5	95815	163	95733	4555876	47.55
1965-1969	22	0.00193	0.00193	0.5	95652	185	95559	4460143	46.63
1965-1969	23	0.00182	0.00182	0.5	95467	174	95380	4364584	45.72
1965-1969	24	0.00184	0.00184	0.5	95294	176	95206	4269203	44.80
1965-1969	25	0.00171	0.00171	0.5	95118	162	95037	4173998	43.88
1965-1969	26	0.00189	0.00189	0.5	94956	179	94866	4078961	42.96
1965-1969	27	0.00183	0.00183	0.5	94776	173	94690	3984095	42.04
1965-1969	28	0.00218	0.00218	0.5	94603	206	94500	3889405	41.11
1965-1969	29	0.00186	0.00186	0.5	94397	175	94310	3794905	40.20
1965-1969	30	0.00186	0.00186	0.5	94222	175	94134	3700595	39.28
1965-1969	31	0.00208	0.00208	0.5	94047	196	93949	3606461	38.35
1965-1969	32	0.00219	0.00219	0.5	93851	205	93748	3512512	37.43
1965-1969	33	0.00232	0.00232	0.5	93646	217	93537	3418764	36.51
1965-1969	34	0.00241	0.00241	0.5	93429	225	93316	3325226	35.59
1965-1969	35	0.00293	0.00293	0.5	93204	273	93067	3231910	34.68
1965-1969	36	0.00318	0.00317	0.5	92931	295	92784	3138843	33.78
1965-1969	37	0.00297	0.00297	0.5	92636	275	92499	3046059	32.88
1965-1969	38	0.00368	0.00367	0.5	92362	339	92192	2953560	31.98
1965-1969	39	0.00333	0.00333	0.5	92022	306	91869	2861368	31.09
1965-1969	40	0.00454	0.00453	0.5	91716	416	91508	2769499	30.20
1965-1969	41	0.00478	0.00477	0.5	91301	436	91083	2677990	29.33
1965-1969	42	0.00554	0.00553	0.5	90865	502	90614	2586908	28.47
1965-1969	43	0.00584	0.00582	0.5	90362	526	90099	2496294	27.63
1965-1969	44	0.00632	0.00630	0.5	89836	566	89554	2406195	26.78
1965-1969	45	0.00719	0.00716	0.5	89271	639	88951	2316641	25.95
1965-1969	46	0.00757	0.00755	0.5	88631	669	88297	2227690	25.13
1965-1969	47	0.00788	0.00785	0.5	87963	690	87618	2139393	24.32
1965-1969	48	0.00877	0.00873	0.5	87272	762	86891	2051775	23.51
1965-1969	49	0.00956	0.00952	0.5	86510	823	86099	1964884	22.71
1965-1969	50	0.01170	0.01163	0.5	85687	996	85189	1878785	21.93
1965-1969	51	0.01192	0.01185	0.5	84691	1004	84189	1793597	21.18
1965-1969	52	0.01380	0.01370	0.5	83687	1147	83113	1709408	20.43
1965-1969	53	0.01413	0.01403	0.5	82540	1158	81961	1626295	19.70
1965-1969	54	0.01615	0.01602	0.5	81382	1304	80730	1544334	18.98
1965-1969	55	0.01714	0.01700	0.5	80078	1361	79397	1463604	18.28
1965-1969	56	0.01992	0.01972	0.5	78717	1552	77940	1384207	17.58
1965-1969	57	0.02101	0.02079	0.5	77164	1604	76362	1306266	16.93
1965-1969	58	0.02242	0.02217	0.5	75560	1675	74723	1229904	16.28
1965-1969	59	0.02507	0.02476	0.5	73885	1829	72970	1155181	15.63
1965-1969	60	0.02805	0.02767	0.5	72055	1993	71059	1082211	15.02
1965-1969	61	0.02918	0.02876	0.5	70062	2015	69055	1011153	14.43
1965-1969	62	0.03244	0.03192	0.5	68047	2172	66961	942098	13.84
1965-1969	63	0.03504	0.03443	0.5	65875	2268	64741	875137	13.28
1965-1969	64	0.03627	0.03563	0.5	63607	2266	62474	810396	12.74
1965-1969	65	0.04062	0.03981	0.5	61341	2442	60120	747922	12.19
1965-1969	66	0.04400	0.04305	0.5	58899	2535	57631	687803	11.68
1965-1969	67	0.04815	0.04702	0.5	56363	2650	55038	630172	11.18
1965-1969	68	0.05111	0.04984	0.5	53713	2677	52374	575134	10.71
1965-1969	69	0.05502	0.05354	0.5	51036	2733	49670	522760	10.24
1965-1969	70	0.05888	0.05720	0.5	48303	2763	46922	473090	9.79
1965-1969	71	0.06156	0.05972	0.5	45540	2720	44181	426168	9.36
1965-1969	72	0.06748	0.06528	0.5	42821	2795	41423	381988	8.92
1965-1969	73	0.07445	0.07178	0.5	40026	2873	38589	340564	8.51
1965-1969	74	0.07934	0.07631	0.5	37153	2835	35735	301975	8.13
1965-1969	75	0.08601	0.08246	0.5	34317	2830	32902	266240	7.76
1965-1969	76	0.09346	0.08928	0.5	31488	2811	30082	233338	7.41
1965-1969	77	0.09536	0.09102	0.5	28676	2610	27371	203256	7.09
1965-1969	78	0.10507	0.09982	0.5	26066	2602	24765	175885	6.75
1965-1969	79	0.10303	0.09799	0.5	23464	2299	22314	151120	6.44
1965-1969	80	0.11935	0.11263	0.5	21165	2384	19973	128806	6.09
1965-1969	81	0.11490	0.10866	0.5	18781	2041	17761	108833	5.79
1965-1969	82	0.12964	0.12175	0.5	16740	2038	15721	91072	5.44
1965-1969	83	0.14326	0.13368	0.5	14702	1965	13720	75351	5.13
1965-1969	84	0.16063	0.14869	0.5	12737	1894	11790	61631	4.84
1965-1969	85	0.16615	0.15341	0.5	10843	1663	10011	49841	4.60
1965-1969	86	0.19604	0.17854	0.5	9180	1639	8360	39830	4.34
1965-1969	87	0.19337	0.17633	0.5	7541	1330	6876	31470	4.17
1965-1969	88	0.20448	0.18551	0.5	6211	1152	5635	24594	3.96
1965-1969	89	0.22104	0.19904	0.5	5059	1007	4555	18959	3.75
1965-1969	90	0.23635	0.21137	0.5	4052	856	3624	14404	3.55
1965-1969	91	0.25238	0.22410	0.5	3195	716	2837	10780	3.37
1965-1969	92	0.26911	0.23719	0.5	2479	588	2185	7942	3.20
1965-1969	93	0.28652	0.25062	0.5	1891	474	1654	5757	3.04
1965-1969	94	0.30460	0.26434	0.5	1417	375	1230	4103	2.89
1965-1969	95	0.32329	0.27830	0.5	1043	290	898	2873	2.76
1965-1969	96	0.34257	0.29247	0.5	752	220	642	1975	2.63
1965-1969	97	0.36238	0.30679	0.5	532	163	451	1333	2.50
1965-1969	98	0.38267	0.32121	0.5	369	119	310	882	2.39
1965-1969	99	0.40338	0.33568	0.5	251	84	208	572	2.29
1965-1969	100	0.42444	0.35013	0.5	166	58	137	364	2.19
1965-1969	101	0.44577	0.36452	0.5	108	39	88	227	2.10
1965-1969	102	0.46731	0.37880	0.5	69	26	56	138	2.01
1965-1969	103	0.48897	0.39291	0.5	43	17	34	83	1.93
1965-1969	104	0.51067	0.40680	0.5	26	11	21	48	1.86
1965-1969	105	0.53233	0.42043	0.5	15	6	12	28	1.79
1965-1969	106	0.55387	0.43375	0.5	9	4	7	15	1.73
1965-1969	107	0.57521	0.44673	0.5	5	2	4	8	1.68
1965-1969	108	0.59627	0.45933	0.5	3	1	2	5	1.63
1965-1969	109	0.61699	0.47153	0.5	2	1	1	2	1.59
1965-1969	110+	0.63729	1.00000	1.57	1	1	1	1	1.57
1970-1974	0	0.01862	0.01831	0.09	100000	1831	98343	6717458	67.17
1970-1974	1	0.00109	0.00109	0.5	98169	107	98115	6619115	67.43
1970-1974	2	0.00066	0.00066	0.5	98062	65	98030	6520999	66.50
1970-1974	3	0.00068	0.00068	0.5	97997	66	97964	6422970	65.54
1970-1974	4	0.00055	0.00055	0.5	97931	54	97904	6325005	64.59
1970-1974	5	0.00057	0.00057	0.5	97877	56	97849	6227101	63.62
1970-1974	6	0.00043	0.00043	0.5	97821	42	97800	6129252	62.66
1970-1974	7	0.00052	0.00052	0.5	97780	51	97754	6031452	61.68
1970-1974	8	0.00041	0.00041	0.5	97728	40	97708	5933698	60.72
1970-1974	9	0.00042	0.00042	0.5	97688	41	97668	5835990	59.74
1970-1974	10	0.00033	0.00033	0.5	97647	32	97631	5738322	58.77
1970-1974	11	0.00035	0.00035	0.5	97615	35	97598	5640692	57.79
1970-1974	12	0.00037	0.00037	0.5	97580	36	97562	5543094	56.81
1970-1974	13	0.00042	0.00042	0.5	97544	41	97524	5445532	55.83
1970-1974	14	0.00067	0.00067	0.5	97504	65	97471	5348008	54.85
1970-1974	15	0.00086	0.00085	0.5	97438	83	97397	5250537	53.89
1970-1974	16	0.00125	0.00125	0.5	97355	122	97294	5153140	52.93
1970-1974	17	0.00170	0.00170	0.5	97233	166	97150	5055846	52.00
1970-1974	18	0.00186	0.00185	0.5	97068	180	96978	4958695	51.08
1970-1974	19	0.00202	0.00202	0.5	96888	196	96790	4861718	50.18
1970-1974	20	0.00208	0.00208	0.5	96692	201	96592	4764928	49.28
1970-1974	21	0.00212	0.00212	0.5	96491	205	96389	4668336	48.38
1970-1974	22	0.00214	0.00214	0.5	96286	206	96183	4571948	47.48
1970-1974	23	0.00213	0.00213	0.5	96080	204	95978	4475764	46.58
1970-1974	24	0.00210	0.00210	0.5	95876	201	95775	4379786	45.68
1970-1974	25	0.00169	0.00169	0.5	95674	162	95594	4284011	44.78
1970-1974	26	0.00193	0.00193	0.5	95513	184	95420	4188417	43.85
1970-1974	27	0.00191	0.00191	0.5	95328	182	95237	4092997	42.94
1970-1974	28	0.00187	0.00187	0.5	95146	178	95057	3997760	42.02
1970-1974	29	0.00188	0.00187	0.5	94968	178	94879	3902703	41.09
1970-1974	30	0.00208	0.00207	0.5	94790	197	94692	3807824	40.17
1970-1974	31	0.00201	0.00201	0.5	94593	190	94498	3713132	39.25
1970-1974	32	0.00217	0.00217	0.5	94403	205	94301	3618634	38.33
1970-1974	33	0.00218	0.00217	0.5	94199	205	94097	3524332	37.41
1970-1974	34	0.00236	0.00236	0.5	93994	222	93883	3430236	36.49
1970-1974	35	0.00263	0.00263	0.5	93773	247	93649	3336353	35.58
1970-1974	36	0.00251	0.00251	0.5	93526	235	93409	3242703	34.67
1970-1974	37	0.00317	0.00316	0.5	93291	295	93144	3149294	33.76
1970-1974	38	0.00321	0.00320	0.5	92996	298	92847	3056151	32.86
1970-1974	39	0.00352	0.00351	0.5	92698	325	92536	2963303	31.97
1970-1974	40	0.00381	0.00380	0.5	92373	351	92197	2870767	31.08
1970-1974	41	0.00435	0.00434	0.5	92022	399	91822	2778570	30.19
1970-1974	42	0.00458	0.00457	0.5	91622	419	91413	2686748	29.32
1970-1974	43	0.00521	0.00520	0.5	91204	474	90967	2595335	28.46
1970-1974	44	0.00543	0.00541	0.5	90730	491	90484	2504368	27.60
1970-1974	45	0.00630	0.00628	0.5	90239	566	89955	2413884	26.75
1970-1974	46	0.00706	0.00704	0.5	89672	631	89357	2323929	25.92
1970-1974	47	0.00839	0.00836	0.5	89041	744	88669	2234572	25.10
1970-1974	48	0.00883	0.00879	0.5	88297	776	87909	2145903	24.30
1970-1974	49	0.00975	0.00970	0.5	87521	849	87096	2057994	23.51
1970-1974	50	0.00958	0.00954	0.5	86672	827	86259	1970898	22.74
1970-1974	51	0.01044	0.01039	0.5	85845	892	85399	1884639	21.95
1970-1974	52	0.01200	0.01193	0.5	84954	1013	84447	1799240	21.18
1970-1974	53	0.01264	0.01257	0.5	83940	1055	83413	1714793	20.43
1970-1974	54	0.01424	0.01414	0.5	82886	1172	82300	1631380	19.68
1970-1974	55	0.01446	0.01435	0.5	81714	1173	81128	1549080	18.96
1970-1974	56	0.01740	0.01725	0.5	80541	1389	79847	1467952	18.23
1970-1974	57	0.01909	0.01891	0.5	79152	1497	78404	1388105	17.54
1970-1974	58	0.02076	0.02055	0.5	77655	1596	76858	1309702	16.87
1970-1974	59	0.02250	0.02225	0.5	76060	1692	75214	1232844	16.21
1970-1974	60	0.02440	0.02411	0.5	74368	1793	73471	1157630	15.57
1970-1974	61	0.02693	0.02657	0.5	72575	1928	71611	1084159	14.94
1970-1974	62	0.02824	0.02785	0.5	70646	1967	69663	1012548	14.33
1970-1974	63	0.03152	0.03103	0.5	68679	2131	67614	942886	13.73
1970-1974	64	0.03485	0.03425	0.5	66548	2279	65408	875272	13.15
1970-1974	65	0.03816	0.03745	0.5	64269	2407	63065	809864	12.60
1970-1974	66	0.04065	0.03984	0.5	61862	2465	60630	746798	12.07
1970-1974	67	0.04616	0.04512	0.5	59398	2680	58058	686168	11.55
1970-1974	68	0.04599	0.04496	0.5	56718	2550	55443	628111	11.07
1970-1974	69	0.05258	0.05124	0.5	54168	2775	52780	572668	10.57
1970-1974	70	0.05687	0.05530	0.5	51392	2842	49971	519888	10.12
1970-1974	71	0.06032	0.05856	0.5	48550	2843	47129	469917	9.68
1970-1974	72	0.06417	0.06218	0.5	45707	2842	44287	422788	9.25
1970-1974	73	0.06684	0.06468	0.5	42866	2773	41479	378501	8.83
1970-1974	74	0.07274	0.07019	0.5	40093	2814	38686	337022	8.41
1970-1974	75	0.07956	0.07651	0.5	37279	2852	35853	298336	8.00
1970-1974	76	0.08644	0.08285	0.5	34427	2852	33000	262483	7.62
1970-1974	77	0.09107	0.08711	0.5	31574	2750	30199	229483	7.27
1970-1974	78	0.09793	0.09336	0.5	28824	2691	27478	199284	6.91
1970-1974	79	0.10533	0.10006	0.5	26133	2615	24825	171805	6.57
1970-1974	80	0.11254	0.10654	0.5	23518	2506	22265	146980	6.25
1970-1974	81	0.11540	0.10911	0.5	21012	2293	19866	124714	5.94
1970-1974	82	0.13013	0.12218	0.5	18720	2287	17576	104848	5.60
1970-1974	83	0.13662	0.12789	0.5	16433	2102	15382	87272	5.31
1970-1974	84	0.14854	0.13827	0.5	14331	1982	13340	71890	5.02
1970-1974	85	0.15935	0.14759	0.5	12349	1823	11438	58550	4.74
1970-1974	86	0.18148	0.16638	0.5	10527	1751	9651	47112	4.48
1970-1974	87	0.18757	0.17149	0.5	8775	1505	8023	37461	4.27
1970-1974	88	0.20008	0.18188	0.5	7270	1322	6609	29438	4.05
1970-1974	89	0.21436	0.19361	0.5	5948	1152	5372	22829	3.84
1970-1974	90	0.22937	0.20577	0.5	4797	987	4303	17457	3.64
1970-1974	91	0.24510	0.21834	0.5	3810	832	3394	13153	3.45
1970-1974	92	0.26154	0.23129	0.5	2978	689	2633	9760	3.28
1970-1974	93	0.27868	0.24460	0.5	2289	560	2009	7126	3.11
1970-1974	94	0.29649	0.25821	0.5	1729	446	1506	5117	2.96
1970-1974	95	0.31494	0.27210	0.5	1283	349	1108	3611	2.82
1970-1974	96	0.33400	0.28620	0.5	934	267	800	2503	2.68
1970-1974	97	0.35361	0.30049	0.5	666	200	566	1703	2.56
1970-1974	98	0.37373	0.31489	0.5	466	147	393	1137	2.44
1970-1974	99	0.39430	0.32937	0.5	319	105	267	744	2.33
1970-1974	100	0.41525	0.34386	0.5	214	74	177	477	2.23
1970-1974	101	0.43651	0.35831	0.5	141	50	115	300	2.13
1970-1974	102	0.45800	0.37266	0.5	90	34	73	185	2.05
1970-1974	103	0.47965	0.38687	0.5	57	22	46	111	1.97
1970-1974	104	0.50138	0.40088	0.5	35	14	28	66	1.89
1970-1974	105	0.52310	0.41465	0.5	21	9	16	38	1.82
1970-1974	106	0.54474	0.42813	0.5	12	5	10	21	1.76
1970-1974	107	0.56621	0.44128	0.5	7	3	5	12	1.70
1970-1974	108	0.58743	0.45407	0.5	4	2	3	6	1.65
1970-1974	109	0.60834	0.46645	0.5	2	1	2	3	1.62
1970-1974	110+	0.62885	1.00000	1.59	1	1	2	2	1.59
1975-1979	0	0.01664	0.01639	0.09	100000	1639	98508	6907919	69.08
1975-1979	1	0.00088	0.00088	0.5	98361	87	98317	6809411	69.23
1975-1979	2	0.00070	0.00070	0.5	98274	69	98239	6711094	68.29
1975-1979	3	0.00045	0.00045	0.5	98205	44	98183	6612854	67.34
1975-1979	4	0.00043	0.00043	0.5	98161	42	98140	6514671	66.37
1975-1979	5	0.00046	0.00046	0.5	98119	45	98097	6416531	65.40
1975-1979	6	0.00035	0.00035	0.5	98074	34	98057	6318434	64.43
1975-1979	7	0.00039	0.00039	0.5	98040	38	98021	6220377	63.45
1975-1979	8	0.00034	0.00034	0.5	98003	33	97986	6122356	62.47
1975-1979	9	0.00024	0.00024	0.5	97969	23	97958	6024370	61.49
1975-1979	10	0.00022	0.00022	0.5	97946	22	97935	5926412	60.51
1975-1979	11	0.00032	0.00032	0.5	97924	31	97909	5828477	59.52
1975-1979	12	0.00036	0.00036	0.5	97893	35	97875	5730568	58.54
1975-1979	13	0.00031	0.00031	0.5	97858	31	97843	5632693	57.56
1975-1979	14	0.00052	0.00052	0.5	97827	51	97802	5534850	56.58
1975-1979	15	0.00069	0.00069	0.5	97776	67	97742	5437048	55.61
1975-1979	16	0.00092	0.00092	0.5	97709	90	97664	5339306	54.65
1975-1979	17	0.00127	0.00127	0.5	97619	124	97557	5241642	53.69
1975-1979	18	0.00137	0.00137	0.5	97495	134	97428	5144085	52.76
1975-1979	19	0.00170	0.00170	0.5	97361	166	97279	5046657	51.83
1975-1979	20	0.00174	0.00174	0.5	97196	169	97111	4949378	50.92
1975-1979	21	0.00184	0.00184	0.5	97026	179	96937	4852267	50.01
1975-1979	22	0.00172	0.00172	0.5	96848	166	96765	4755330	49.10
1975-1979	23	0.00192	0.00192	0.5	96681	186	96589	4658566	48.18
1975-1979	24	0.00182	0.00182	0.5	96496	176	96408	4561977	47.28
1975-1979	25	0.00180	0.00180	0.5	96320	173	96233	4465569	46.36
1975-1979	26	0.00172	0.00172	0.5	96147	165	96064	4369336	45.44
1975-1979	27	0.00177	0.00177	0.5	95982	170	95897	4273272	44.52
1975-1979	28	0.00160	0.00160	0.5	95812	153	95735	4177375	43.60
1975-1979	29	0.00179	0.00179	0.5	95659	171	95574	4081639	42.67
1975-1979	30	0.00177	0.00177	0.5	95488	169	95404	3986066	41.74
1975-1979	31	0.00167	0.00166	0.5	95319	159	95240	3890662	40.82
1975-1979	32	0.00185	0.00185	0.5	95161	176	95073	3795422	39.88
1975-1979	33	0.00181	0.00181	0.5	94985	172	94899	3700349	38.96
1975-1979	34	0.00206	0.00206	0.5	94813	195	94715	3605450	38.03
1975-1979	35	0.00202	0.00202	0.5	94618	191	94522	3510735	37.10
1975-1979	36	0.00217	0.00217	0.5	94427	205	94324	3416212	36.18
1975-1979	37	0.00220	0.00220	0.5	94222	207	94118	3321888	35.26
1975-1979	38	0.00255	0.00255	0.5	94015	240	93895	3227770	34.33
1975-1979	39	0.00274	0.00273	0.5	93775	256	93647	3133874	33.42
1975-1979	40	0.00296	0.00295	0.5	93519	276	93381	3040227	32.51
1975-1979	41	0.00330	0.00330	0.5	93243	307	93089	2946846	31.60
1975-1979	42	0.00365	0.00365	0.5	92936	339	92766	2853757	30.71
1975-1979	43	0.00435	0.00434	0.5	92597	402	92396	2760991	29.82
1975-1979	44	0.00522	0.00520	0.5	92195	480	91955	2668595	28.95
1975-1979	45	0.00521	0.00520	0.5	91715	477	91477	2576639	28.09
1975-1979	46	0.00536	0.00535	0.5	91238	488	90994	2485162	27.24
1975-1979	47	0.00633	0.00631	0.5	90750	572	90464	2394168	26.38
1975-1979	48	0.00659	0.00657	0.5	90178	592	89882	2303704	25.55
1975-1979	49	0.00767	0.00764	0.5	89586	685	89244	2213822	24.71
1975-1979	50	0.00886	0.00882	0.5	88901	784	88509	2124578	23.90
1975-1979	51	0.00922	0.00918	0.5	88117	809	87713	2036069	23.11
1975-1979	52	0.01060	0.01054	0.5	87308	920	86848	1948356	22.32
1975-1979	53	0.01109	0.01103	0.5	86388	952	85911	1861509	21.55
1975-1979	54	0.01286	0.01278	0.5	85435	1092	84889	1775597	20.78
1975-1979	55	0.01293	0.01284	0.5	84343	1083	83802	1690708	20.05
1975-1979	56	0.01515	0.01504	0.5	83260	1252	82634	1606906	19.30
1975-1979	57	0.01590	0.01578	0.5	82008	1294	81361	1524272	18.59
1975-1979	58	0.01672	0.01659	0.5	80714	1339	80045	1442911	17.88
1975-1979	59	0.01980	0.01960	0.5	79375	1556	78597	1362866	17.17
1975-1979	60	0.02122	0.02100	0.5	77819	1634	77002	1284269	16.50
1975-1979	61	0.02384	0.02356	0.5	76185	1795	75288	1207266	15.85
1975-1979	62	0.02546	0.02514	0.5	74390	1870	73455	1131978	15.22
1975-1979	63	0.02650	0.02616	0.5	72520	1897	71572	1058523	14.60
1975-1979	64	0.03039	0.02994	0.5	70623	2114	69566	986952	13.97
1975-1979	65	0.03432	0.03374	0.5	68509	2312	67353	917386	13.39
1975-1979	66	0.03560	0.03497	0.5	66197	2315	65040	850033	12.84
1975-1979	67	0.03894	0.03819	0.5	63882	2440	62662	784993	12.29
1975-1979	68	0.04105	0.04023	0.5	61442	2472	60206	722331	11.76
1975-1979	69	0.04437	0.04341	0.5	58971	2560	57691	662124	11.23
1975-1979	70	0.05028	0.04905	0.5	56411	2767	55027	604434	10.71
1975-1979	71	0.05229	0.05096	0.5	53644	2734	52277	549406	10.24
1975-1979	72	0.05822	0.05657	0.5	50910	2880	49470	497129	9.76
1975-1979	73	0.06339	0.06144	0.5	48030	2951	46555	447659	9.32
1975-1979	74	0.06459	0.06257	0.5	45079	2821	43669	401104	8.90
1975-1979	75	0.07417	0.07151	0.5	42259	3022	40748	357435	8.46
1975-1979	76	0.07822	0.07528	0.5	39237	2954	37760	316687	8.07
1975-1979	77	0.08620	0.08264	0.5	36283	2998	34784	278928	7.69
1975-1979	78	0.09023	0.08633	0.5	33285	2874	31848	244144	7.34
1975-1979	79	0.09596	0.09157	0.5	30411	2785	29019	212296	6.98
1975-1979	80	0.10178	0.09686	0.5	27626	2676	26289	183277	6.63
1975-1979	81	0.10708	0.10164	0.5	24951	2536	23683	156988	6.29
1975-1979	82	0.11443	0.10824	0.5	22415	2426	21202	133306	5.95
1975-1979	83	0.13126	0.12318	0.5	19989	2462	18758	112104	5.61
1975-1979	84	0.13731	0.12849	0.5	17526	2252	16400	93347	5.33
1975-1979	85	0.15409	0.14307	0.5	15274	2185	14182	76946	5.04
1975-1979	86	0.16095	0.14896	0.5	13089	1950	12114	62764	4.80
1975-1979	87	0.16779	0.15480	0.5	11139	1724	10277	50650	4.55
1975-1979	88	0.18682	0.17086	0.5	9415	1609	8611	40373	4.29
1975-1979	89	0.19960	0.18148	0.5	7806	1417	7098	31762	4.07
1975-1979	90	0.21258	0.19215	0.5	6390	1228	5776	24664	3.86
1975-1979	91	0.22758	0.20433	0.5	5162	1055	4634	18888	3.66
1975-1979	92	0.24331	0.21692	0.5	4107	891	3662	14254	3.47
1975-1979	93	0.25977	0.22991	0.5	3216	739	2846	10592	3.29
1975-1979	94	0.27693	0.24325	0.5	2477	602	2176	7746	3.13
1975-1979	95	0.29478	0.25691	0.5	1874	482	1634	5570	2.97
1975-1979	96	0.31328	0.27085	0.5	1393	377	1204	3937	2.83
1975-1979	97	0.33239	0.28502	0.5	1016	289	871	2733	2.69
1975-1979	98	0.35206	0.29937	0.5	726	217	617	1862	2.56
1975-1979	99	0.37226	0.31384	0.5	509	160	429	1244	2.45
1975-1979	100	0.39291	0.32839	0.5	349	115	292	816	2.34
1975-1979	101	0.41395	0.34296	0.5	234	80	194	524	2.23
1975-1979	102	0.43531	0.35750	0.5	154	55	126	330	2.14
1975-1979	103	0.45691	0.37194	0.5	99	37	81	203	2.05
1975-1979	104	0.47867	0.38623	0.5	62	24	50	122	1.97
1975-1979	105	0.50052	0.40033	0.5	38	15	31	72	1.90
1975-1979	106	0.52236	0.41418	0.5	23	9	18	42	1.83
1975-1979	107	0.54412	0.42775	0.5	13	6	11	24	1.77
1975-1979	108	0.56571	0.44098	0.5	8	3	6	13	1.71
1975-1979	109	0.58706	0.45384	0.5	4	2	3	7	1.67
1975-1979	110+	0.60808	1.00000	1.64	2	2	4	4	1.64
1980-1984	0	0.01372	0.01355	0.08	100000	1355	98756	7025413	70.25
1980-1984	1	0.00084	0.00084	0.5	98645	83	98604	6926657	70.22
1980-1984	2	0.00064	0.00064	0.5	98563	63	98531	6828053	69.28
1980-1984	3	0.00044	0.00044	0.5	98499	43	98478	6729522	68.32
1980-1984	4	0.00036	0.00036	0.5	98456	35	98438	6631044	67.35
1980-1984	5	0.00035	0.00035	0.5	98421	34	98404	6532606	66.37
1980-1984	6	0.00026	0.00026	0.5	98387	26	98374	6434202	65.40
1980-1984	7	0.00030	0.00030	0.5	98361	30	98346	6335828	64.41
1980-1984	8	0.00024	0.00024	0.5	98331	24	98320	6237482	63.43
1980-1984	9	0.00030	0.00030	0.5	98308	29	98293	6139162	62.45
1980-1984	10	0.00019	0.00019	0.5	98278	19	98269	6040869	61.47
1980-1984	11	0.00020	0.00020	0.5	98259	20	98249	5942601	60.48
1980-1984	12	0.00029	0.00029	0.5	98240	29	98225	5844351	59.49
1980-1984	13	0.00033	0.00033	0.5	98211	33	98195	5746126	58.51
1980-1984	14	0.00049	0.00049	0.5	98178	48	98154	5647931	57.53
1980-1984	15	0.00051	0.00051	0.5	98131	50	98106	5549777	56.55
1980-1984	16	0.00089	0.00089	0.5	98081	88	98037	5451671	55.58
1980-1984	17	0.00121	0.00121	0.5	97993	119	97934	5353634	54.63
1980-1984	18	0.00142	0.00142	0.5	97874	139	97805	5255701	53.70
1980-1984	19	0.00144	0.00144	0.5	97736	141	97665	5157896	52.77
1980-1984	20	0.00164	0.00164	0.5	97595	160	97514	5060231	51.85
1980-1984	21	0.00165	0.00164	0.5	97434	160	97354	4962716	50.93
1980-1984	22	0.00179	0.00179	0.5	97274	174	97187	4865362	50.02
1980-1984	23	0.00190	0.00189	0.5	97100	184	97008	4768174	49.11
1980-1984	24	0.00178	0.00178	0.5	96916	172	96830	4671166	48.20
1980-1984	25	0.00179	0.00179	0.5	96744	173	96658	4574336	47.28
1980-1984	26	0.00187	0.00187	0.5	96571	180	96481	4477678	46.37
1980-1984	27	0.00177	0.00177	0.5	96391	171	96305	4381197	45.45
1980-1984	28	0.00182	0.00182	0.5	96220	175	96133	4284891	44.53
1980-1984	29	0.00167	0.00167	0.5	96045	160	95965	4188759	43.61
1980-1984	30	0.00170	0.00169	0.5	95885	162	95804	4092794	42.68
1980-1984	31	0.00169	0.00169	0.5	95722	162	95641	3996990	41.76
1980-1984	32	0.00205	0.00205	0.5	95560	196	95463	3901349	40.83
1980-1984	33	0.00192	0.00192	0.5	95365	183	95273	3805886	39.91
1980-1984	34	0.00172	0.00171	0.5	95181	163	95100	3710613	38.98
1980-1984	35	0.00193	0.00193	0.5	95018	183	94927	3615514	38.05
1980-1984	36	0.00184	0.00184	0.5	94835	174	94748	3520587	37.12
1980-1984	37	0.00207	0.00207	0.5	94661	196	94563	3425839	36.19
1980-1984	38	0.00224	0.00224	0.5	94465	211	94360	3331276	35.26
1980-1984	39	0.00248	0.00248	0.5	94254	233	94137	3236917	34.34
1980-1984	40	0.00303	0.00302	0.5	94020	284	93878	3142780	33.43
1980-1984	41	0.00303	0.00302	0.5	93736	283	93595	3048901	32.53
1980-1984	42	0.00317	0.00317	0.5	93453	296	93305	2955306	31.62
1980-1984	43	0.00356	0.00355	0.5	93157	331	92992	2862001	30.72
1980-1984	44	0.00384	0.00383	0.5	92826	356	92649	2769009	29.83
1980-1984	45	0.00451	0.00450	0.5	92471	416	92263	2676361	28.94
1980-1984	46	0.00506	0.00505	0.5	92055	464	91823	2584098	28.07
1980-1984	47	0.00526	0.00524	0.5	91590	480	91350	2492276	27.21
1980-1984	48	0.00555	0.00554	0.5	91110	505	90858	2400925	26.35
1980-1984	49	0.00654	0.00652	0.5	90606	591	90310	2310068	25.50
1980-1984	50	0.00720	0.00717	0.5	90015	645	89692	2219758	24.66
1980-1984	51	0.00816	0.00812	0.5	89369	726	89006	2130066	23.83
1980-1984	52	0.00883	0.00879	0.5	88643	779	88253	2041060	23.03
1980-1984	53	0.00973	0.00968	0.5	87864	851	87438	1952806	22.23
1980-1984	54	0.01153	0.01146	0.5	87013	997	86514	1865368	21.44
1980-1984	55	0.01273	0.01265	0.5	86015	1088	85471	1778854	20.68
1980-1984	56	0.01350	0.01341	0.5	84927	1139	84358	1693383	19.94
1980-1984	57	0.01484	0.01473	0.5	83788	1234	83171	1609025	19.20
1980-1984	58	0.01623	0.01610	0.5	82554	1329	81890	1525854	18.48
1980-1984	59	0.01698	0.01684	0.5	81225	1368	80541	1443964	17.78
1980-1984	60	0.01886	0.01869	0.5	79857	1492	79111	1363423	17.07
1980-1984	61	0.02017	0.01997	0.5	78365	1565	77583	1284311	16.39
1980-1984	62	0.02344	0.02317	0.5	76800	1780	75911	1206729	15.71
1980-1984	63	0.02426	0.02397	0.5	75021	1799	74122	1130818	15.07
1980-1984	64	0.02687	0.02651	0.5	73222	1941	72252	1056697	14.43
1980-1984	65	0.02938	0.02895	0.5	71281	2064	70249	984445	13.81
1980-1984	66	0.03155	0.03106	0.5	69217	2150	68143	914196	13.21
1980-1984	67	0.03531	0.03469	0.5	67068	2327	65904	846053	12.61
1980-1984	68	0.03818	0.03747	0.5	64741	2426	63528	780149	12.05
1980-1984	69	0.04066	0.03985	0.5	62315	2483	61074	716621	11.50
1980-1984	70	0.04756	0.04646	0.5	59832	2780	58442	655547	10.96
1980-1984	71	0.05037	0.04913	0.5	57052	2803	55651	597105	10.47
1980-1984	72	0.05487	0.05341	0.5	54249	2897	52801	541454	9.98
1980-1984	73	0.05963	0.05790	0.5	51352	2974	49865	488654	9.52
1980-1984	74	0.06235	0.06047	0.5	48379	2925	46916	438788	9.07
1980-1984	75	0.06684	0.06468	0.5	45453	2940	43983	391872	8.62
1980-1984	76	0.07358	0.07097	0.5	42513	3017	41005	347889	8.18
1980-1984	77	0.07955	0.07651	0.5	39496	3022	37985	306884	7.77
1980-1984	78	0.08631	0.08274	0.5	36474	3018	34965	268899	7.37
1980-1984	79	0.09504	0.09073	0.5	33456	3035	31939	233934	6.99
1980-1984	80	0.09625	0.09183	0.5	30421	2794	29024	201995	6.64
1980-1984	81	0.11564	0.10932	0.5	27627	3020	26117	172971	6.26
1980-1984	82	0.11363	0.10752	0.5	24607	2646	23284	146853	5.97
1980-1984	83	0.12548	0.11807	0.5	21961	2593	20665	123569	5.63
1980-1984	84	0.13227	0.12406	0.5	19368	2403	18167	102904	5.31
1980-1984	85	0.14667	0.13665	0.5	16966	2318	15806	84737	4.99
1980-1984	86	0.16701	0.15414	0.5	14647	2258	13518	68931	4.71
1980-1984	87	0.17941	0.16464	0.5	12390	2040	11370	55413	4.47
1980-1984	88	0.18166	0.16653	0.5	10350	1724	9488	44043	4.26
1980-1984	89	0.20501	0.18595	0.5	8626	1604	7824	34555	4.01
1980-1984	90	0.21501	0.19414	0.5	7022	1363	6340	26731	3.81
1980-1984	91	0.23069	0.20683	0.5	5659	1170	5074	20390	3.60
1980-1984	92	0.24715	0.21997	0.5	4488	987	3995	15317	3.41
1980-1984	93	0.26438	0.23351	0.5	3501	818	3092	11322	3.23
1980-1984	94	0.28236	0.24743	0.5	2684	664	2352	8230	3.07
1980-1984	95	0.30107	0.26168	0.5	2020	528	1755	5878	2.91
1980-1984	96	0.32046	0.27620	0.5	1491	412	1285	4123	2.76
1980-1984	97	0.34049	0.29096	0.5	1079	314	922	2838	2.63
1980-1984	98	0.36111	0.30588	0.5	765	234	648	1915	2.50
1980-1984	99	0.38226	0.32092	0.5	531	170	446	1267	2.39
1980-1984	100	0.40385	0.33601	0.5	361	121	300	821	2.28
1980-1984	101	0.42583	0.35108	0.5	240	84	197	521	2.18
1980-1984	102	0.44811	0.36609	0.5	155	57	127	324	2.08
1980-1984	103	0.47059	0.38096	0.5	99	38	80	197	2.00
1980-1984	104	0.49320	0.39564	0.5	61	24	49	117	1.92
1980-1984	105	0.51583	0.41007	0.5	37	15	29	68	1.84
1980-1984	106	0.53840	0.42421	0.5	22	9	17	39	1.78
1980-1984	107	0.56081	0.43800	0.5	13	5	10	21	1.72
1980-1984	108	0.58298	0.45140	0.5	7	3	5	12	1.66
1980-1984	109	0.60482	0.46438	0.5	4	2	3	6	1.62
1980-1984	110+	0.62624	1.00000	1.6	2	2	3	3	1.60
1985-1989	0	0.01263	0.01248	0.08	100000	1248	98850	7072576	70.73
1985-1989	1	0.00074	0.00074	0.5	98752	73	98715	6973725	70.62
1985-1989	2	0.00057	0.00057	0.5	98679	57	98651	6875010	69.67
1985-1989	3	0.00040	0.00040	0.5	98622	39	98603	6776359	68.71
1985-1989	4	0.00038	0.00038	0.5	98583	37	98565	6677757	67.74
1985-1989	5	0.00032	0.00032	0.5	98546	31	98531	6579192	66.76
1985-1989	6	0.00028	0.00028	0.5	98515	27	98501	6480661	65.78
1985-1989	7	0.00023	0.00023	0.5	98488	23	98476	6382160	64.80
1985-1989	8	0.00024	0.00024	0.5	98465	24	98453	6283683	63.82
1985-1989	9	0.00021	0.00021	0.5	98441	21	98431	6185230	62.83
1985-1989	10	0.00023	0.00023	0.5	98420	22	98409	6086800	61.84
1985-1989	11	0.00022	0.00022	0.5	98398	21	98387	5988391	60.86
1985-1989	12	0.00026	0.00026	0.5	98377	25	98364	5890003	59.87
1985-1989	13	0.00030	0.00030	0.5	98351	29	98336	5791639	58.89
1985-1989	14	0.00052	0.00052	0.5	98322	51	98296	5693303	57.90
1985-1989	15	0.00069	0.00069	0.5	98271	68	98237	5595007	56.93
1985-1989	16	0.00104	0.00104	0.5	98203	102	98152	5496770	55.97
1985-1989	17	0.00111	0.00111	0.5	98101	108	98047	5398618	55.03
1985-1989	18	0.00147	0.00147	0.5	97992	144	97921	5300572	54.09
1985-1989	19	0.00164	0.00164	0.5	97849	160	97769	5202651	53.17
1985-1989	20	0.00155	0.00155	0.5	97688	152	97613	5104882	52.26
1985-1989	21	0.00181	0.00181	0.5	97537	177	97448	5007270	51.34
1985-1989	22	0.00183	0.00183	0.5	97360	178	97271	4909821	50.43
1985-1989	23	0.00178	0.00178	0.5	97182	173	97096	4812550	49.52
1985-1989	24	0.00178	0.00178	0.5	97009	172	96923	4715455	48.61
1985-1989	25	0.00189	0.00189	0.5	96837	183	96745	4618532	47.69
1985-1989	26	0.00183	0.00183	0.5	96654	176	96566	4521787	46.78
1985-1989	27	0.00192	0.00192	0.5	96477	185	96385	4425221	45.87
1985-1989	28	0.00198	0.00198	0.5	96292	190	96197	4328836	44.96
1985-1989	29	0.00182	0.00181	0.5	96102	174	96015	4232639	44.04
1985-1989	30	0.00204	0.00203	0.5	95927	195	95830	4136625	43.12
1985-1989	31	0.00212	0.00212	0.5	95732	203	95631	4040795	42.21
1985-1989	32	0.00211	0.00211	0.5	95529	201	95428	3945164	41.30
1985-1989	33	0.00221	0.00221	0.5	95328	211	95222	3849736	40.38
1985-1989	34	0.00239	0.00239	0.5	95117	227	95003	3754514	39.47
1985-1989	35	0.00231	0.00231	0.5	94890	219	94780	3659510	38.57
1985-1989	36	0.00259	0.00258	0.5	94671	245	94548	3564730	37.65
1985-1989	37	0.00254	0.00254	0.5	94426	240	94306	3470182	36.75
1985-1989	38	0.00284	0.00284	0.5	94186	267	94053	3375876	35.84
1985-1989	39	0.00273	0.00273	0.5	93919	256	93791	3281823	34.94
1985-1989	40	0.00264	0.00264	0.5	93663	247	93539	3188032	34.04
1985-1989	41	0.00286	0.00285	0.5	93415	266	93282	3094494	33.13
1985-1989	42	0.00341	0.00340	0.5	93149	317	92990	3001212	32.22
1985-1989	43	0.00340	0.00340	0.5	92832	315	92674	2908221	31.33
1985-1989	44	0.00377	0.00377	0.5	92516	348	92342	2815547	30.43
1985-1989	45	0.00426	0.00425	0.5	92168	392	91972	2723205	29.55
1985-1989	46	0.00428	0.00427	0.5	91776	392	91580	2631233	28.67
1985-1989	47	0.00482	0.00481	0.5	91384	439	91164	2539653	27.79
1985-1989	48	0.00508	0.00507	0.5	90944	461	90714	2448489	26.92
1985-1989	49	0.00569	0.00567	0.5	90483	513	90227	2357775	26.06
1985-1989	50	0.00708	0.00705	0.5	89970	634	89653	2267548	25.20
1985-1989	51	0.00756	0.00753	0.5	89336	673	89000	2177895	24.38
1985-1989	52	0.00837	0.00833	0.5	88663	739	88294	2088896	23.56
1985-1989	53	0.00916	0.00912	0.5	87925	802	87524	2000602	22.75
1985-1989	54	0.00996	0.00991	0.5	87123	863	86692	1913078	21.96
1985-1989	55	0.01141	0.01135	0.5	86260	979	85771	1826386	21.17
1985-1989	56	0.01274	0.01266	0.5	85281	1080	84742	1740615	20.41
1985-1989	57	0.01364	0.01355	0.5	84202	1141	83631	1655874	19.67
1985-1989	58	0.01557	0.01545	0.5	83061	1283	82419	1572243	18.93
1985-1989	59	0.01644	0.01631	0.5	81778	1333	81111	1489823	18.22
1985-1989	60	0.01791	0.01775	0.5	80444	1428	79731	1408712	17.51
1985-1989	61	0.01926	0.01908	0.5	79017	1508	78263	1328981	16.82
1985-1989	62	0.02260	0.02235	0.5	77509	1732	76643	1250719	16.14
1985-1989	63	0.02285	0.02259	0.5	75777	1712	74921	1174075	15.49
1985-1989	64	0.02509	0.02478	0.5	74065	1835	73148	1099154	14.84
1985-1989	65	0.02771	0.02733	0.5	72230	1974	71243	1026007	14.20
1985-1989	66	0.02963	0.02919	0.5	70256	2051	69231	954764	13.59
1985-1989	67	0.03185	0.03135	0.5	68205	2139	67136	885533	12.98
1985-1989	68	0.03623	0.03558	0.5	66066	2351	64891	818397	12.39
1985-1989	69	0.03798	0.03728	0.5	63716	2375	62528	753506	11.83
1985-1989	70	0.04209	0.04122	0.5	61341	2528	60077	690978	11.26
1985-1989	71	0.04661	0.04554	0.5	58812	2679	57473	630902	10.73
1985-1989	72	0.05191	0.05059	0.5	56134	2840	54714	573429	10.22
1985-1989	73	0.05610	0.05457	0.5	53294	2908	51840	518715	9.73
1985-1989	74	0.05831	0.05666	0.5	50386	2855	48958	466875	9.27
1985-1989	75	0.06577	0.06367	0.5	47531	3026	46018	417917	8.79
1985-1989	76	0.07119	0.06874	0.5	44504	3059	42975	371899	8.36
1985-1989	77	0.07559	0.07284	0.5	41445	3019	39936	328924	7.94
1985-1989	78	0.08337	0.08004	0.5	38426	3076	36889	288988	7.52
1985-1989	79	0.08871	0.08495	0.5	35351	3003	33849	252100	7.13
1985-1989	80	0.09370	0.08951	0.5	32348	2895	30900	218250	6.75
1985-1989	81	0.10319	0.09813	0.5	29453	2890	28008	187350	6.36
1985-1989	82	0.11191	0.10598	0.5	26562	2815	25155	159342	6.00
1985-1989	83	0.12491	0.11757	0.5	23747	2792	22351	134187	5.65
1985-1989	84	0.12946	0.12159	0.5	20955	2548	19681	111836	5.34
1985-1989	85	0.15328	0.14237	0.5	18407	2621	17097	92155	5.01
1985-1989	86	0.15616	0.14485	0.5	15787	2287	14644	75058	4.75
1985-1989	87	0.16635	0.15358	0.5	13500	2073	12464	60414	4.48
1985-1989	88	0.18753	0.17145	0.5	11427	1959	10447	47951	4.20
1985-1989	89	0.20103	0.18266	0.5	9468	1729	8603	37503	3.96
1985-1989	90	0.21719	0.19591	0.5	7738	1516	6980	28900	3.73
1985-1989	91	0.23427	0.20970	0.5	6222	1305	5570	21920	3.52
1985-1989	92	0.25226	0.22401	0.5	4917	1102	4367	16350	3.32
1985-1989	93	0.27114	0.23877	0.5	3816	911	3360	11983	3.14
1985-1989	94	0.29089	0.25395	0.5	2905	738	2536	8623	2.97
1985-1989	95	0.31146	0.26949	0.5	2167	584	1875	6087	2.81
1985-1989	96	0.33281	0.28533	0.5	1583	452	1357	4212	2.66
1985-1989	97	0.35486	0.30138	0.5	1131	341	961	2855	2.52
1985-1989	98	0.37754	0.31759	0.5	790	251	665	1894	2.40
1985-1989	99	0.40078	0.33387	0.5	539	180	449	1229	2.28
1985-1989	100	0.42447	0.35016	0.5	359	126	296	780	2.17
1985-1989	101	0.44851	0.36636	0.5	233	86	191	483	2.07
1985-1989	102	0.47280	0.38240	0.5	148	57	120	293	1.98
1985-1989	103	0.49721	0.39821	0.5	91	36	73	173	1.89
1985-1989	104	0.52164	0.41373	0.5	55	23	44	100	1.82
1985-1989	105	0.54597	0.42889	0.5	32	14	25	56	1.75
1985-1989	106	0.57008	0.44363	0.5	18	8	14	31	1.68
1985-1989	107	0.59386	0.45789	0.5	10	5	8	17	1.63
1985-1989	108	0.61720	0.47165	0.5	6	3	4	9	1.58
1985-1989	109	0.64002	0.48486	0.5	3	1	2	5	1.54
1985-1989	110+	0.66223	1.00000	1.51	2	2	2	2	1.51
1990-1994	0	0.01048	0.01037	0.07	100000	1037	99038	7159356	71.59
1990-1994	1	0.00072	0.00072	0.5	98963	71	98927	7060318	71.34
1990-1994	2	0.00051	0.00051	0.5	98892	50	98866	6961391	70.39
1990-1994	3	0.00038	0.00038	0.5	98841	37	98823	6862524	69.43
1990-1994	4	0.00040	0.00040	0.5	98804	39	98784	6763702	68.46
1990-1994	5	0.00023	0.00023	0.5	98765	23	98753	6664917	67.48
1990-1994	6	0.00034	0.00034	0.5	98742	34	98725	6566164	66.50
1990-1994	7	0.00020	0.00020	0.5	98708	19	98699	6467439	65.52
1990-1994	8	0.00023	0.00023	0.5	98689	23	98678	6368740	64.53
1990-1994	9	0.00019	0.00019	0.5	98667	19	98657	6270062	63.55
1990-1994	10	0.00021	0.00021	0.5	98648	21	98637	6171405	62.56
1990-1994	11	0.00023	0.00023	0.5	98627	23	98615	6072768	61.57
1990-1994	12	0.00032	0.00032	0.5	98604	31	98588	5974153	60.59
1990-1994	13	0.00039	0.00039	0.5	98573	38	98554	5875564	59.61
1990-1994	14	0.00052	0.00052	0.5	98535	51	98509	5777010	58.63
1990-1994	15	0.00067	0.00067	0.5	98484	66	98451	5678501	57.66
1990-1994	16	0.00103	0.00103	0.5	98418	102	98368	5580050	56.70
1990-1994	17	0.00147	0.00147	0.5	98317	144	98245	5481682	55.76
1990-1994	18	0.00158	0.00158	0.5	98172	155	98095	5383438	54.84
1990-1994	19	0.00178	0.00178	0.5	98018	175	97930	5285343	53.92
1990-1994	20	0.00189	0.00189	0.5	97843	185	97751	5187412	53.02
1990-1994	21	0.00189	0.00188	0.5	97658	184	97566	5089662	52.12
1990-1994	22	0.00169	0.00168	0.5	97474	164	97392	4992096	51.21
1990-1994	23	0.00189	0.00189	0.5	97310	184	97218	4894703	50.30
1990-1994	24	0.00199	0.00199	0.5	97126	193	97030	4797485	49.39
1990-1994	25	0.00201	0.00201	0.5	96933	194	96836	4700455	48.49
1990-1994	26	0.00175	0.00175	0.5	96739	170	96654	4603620	47.59
1990-1994	27	0.00212	0.00212	0.5	96569	204	96467	4506966	46.67
1990-1994	28	0.00225	0.00225	0.5	96365	217	96256	4410499	45.77
1990-1994	29	0.00211	0.00211	0.5	96148	203	96047	4314243	44.87
1990-1994	30	0.00230	0.00230	0.5	95945	220	95835	4218196	43.96
1990-1994	31	0.00249	0.00248	0.5	95725	238	95606	4122361	43.06
1990-1994	32	0.00246	0.00246	0.5	95487	235	95370	4026755	42.17
1990-1994	33	0.00272	0.00272	0.5	95252	259	95123	3931385	41.27
1990-1994	34	0.00279	0.00278	0.5	94993	264	94861	3836263	40.38
1990-1994	35	0.00296	0.00296	0.5	94729	280	94589	3741401	39.50
1990-1994	36	0.00302	0.00301	0.5	94449	285	94307	3646812	38.61
1990-1994	37	0.00343	0.00342	0.5	94164	322	94003	3552506	37.73
1990-1994	38	0.00321	0.00320	0.5	93842	301	93692	3458502	36.85
1990-1994	39	0.00296	0.00295	0.5	93542	276	93404	3364810	35.97
1990-1994	40	0.00370	0.00369	0.5	93266	345	93093	3271407	35.08
1990-1994	41	0.00369	0.00368	0.5	92921	342	92750	3178313	34.20
1990-1994	42	0.00398	0.00397	0.5	92579	368	92395	3085563	33.33
1990-1994	43	0.00384	0.00383	0.5	92211	353	92035	2993168	32.46
1990-1994	44	0.00371	0.00370	0.5	91858	340	91688	2901134	31.58
1990-1994	45	0.00444	0.00443	0.5	91518	405	91315	2809446	30.70
1990-1994	46	0.00480	0.00479	0.5	91113	436	90895	2718130	29.83
1990-1994	47	0.00513	0.00511	0.5	90677	464	90445	2627235	28.97
1990-1994	48	0.00545	0.00544	0.5	90213	490	89968	2536790	28.12
1990-1994	49	0.00561	0.00560	0.5	89723	502	89472	2446822	27.27
1990-1994	50	0.00603	0.00601	0.5	89221	536	88953	2357350	26.42
1990-1994	51	0.00637	0.00635	0.5	88685	563	88403	2268397	25.58
1990-1994	52	0.00736	0.00733	0.5	88122	646	87798	2179994	24.74
1990-1994	53	0.00766	0.00763	0.5	87475	668	87141	2092196	23.92
1990-1994	54	0.00821	0.00818	0.5	86808	710	86453	2005054	23.10
1990-1994	55	0.00912	0.00908	0.5	86098	782	85706	1918602	22.28
1990-1994	56	0.01035	0.01030	0.5	85315	879	84876	1832895	21.48
1990-1994	57	0.01170	0.01163	0.5	84437	982	83946	1748019	20.70
1990-1994	58	0.01308	0.01300	0.5	83455	1085	82912	1664074	19.94
1990-1994	59	0.01391	0.01382	0.5	82370	1138	81801	1581161	19.20
1990-1994	60	0.01543	0.01531	0.5	81232	1244	80610	1499361	18.46
1990-1994	61	0.01787	0.01771	0.5	79988	1417	79280	1418751	17.74
1990-1994	62	0.01976	0.01956	0.5	78571	1537	77803	1339471	17.05
1990-1994	63	0.02073	0.02052	0.5	77034	1581	76244	1261669	16.38
1990-1994	64	0.02146	0.02123	0.5	75454	1602	74653	1185425	15.71
1990-1994	65	0.02523	0.02491	0.5	73852	1840	72932	1110772	15.04
1990-1994	66	0.02750	0.02713	0.5	72012	1954	71035	1037840	14.41
1990-1994	67	0.02869	0.02829	0.5	70058	1982	69067	966805	13.80
1990-1994	68	0.03229	0.03178	0.5	68076	2163	66995	897738	13.19
1990-1994	69	0.03273	0.03220	0.5	65913	2123	64852	830743	12.60
1990-1994	70	0.03742	0.03674	0.5	63791	2343	62619	765892	12.01
1990-1994	71	0.03936	0.03860	0.5	61447	2372	60261	703273	11.45
1990-1994	72	0.04305	0.04215	0.5	59075	2490	57830	643012	10.88
1990-1994	73	0.04974	0.04853	0.5	56585	2746	55212	585181	10.34
1990-1994	74	0.05162	0.05033	0.5	53839	2709	52484	529969	9.84
1990-1994	75	0.05779	0.05617	0.5	51130	2872	49694	477485	9.34
1990-1994	76	0.06213	0.06026	0.5	48258	2908	46804	427791	8.86
1990-1994	77	0.06676	0.06460	0.5	45350	2930	43885	380988	8.40
1990-1994	78	0.07088	0.06845	0.5	42420	2904	40968	337102	7.95
1990-1994	79	0.07809	0.07516	0.5	39516	2970	38031	296134	7.49
1990-1994	80	0.08701	0.08338	0.5	36546	3047	35023	258103	7.06
1990-1994	81	0.09690	0.09242	0.5	33499	3096	31951	223080	6.66
1990-1994	82	0.10433	0.09916	0.5	30403	3015	28896	191129	6.29
1990-1994	83	0.11281	0.10679	0.5	27388	2925	25926	162233	5.92
1990-1994	84	0.12575	0.11831	0.5	24464	2894	23017	136307	5.57
1990-1994	85	0.13375	0.12537	0.5	21570	2704	20217	113290	5.25
1990-1994	86	0.14608	0.13614	0.5	18865	2568	17581	93073	4.93
1990-1994	87	0.15523	0.14405	0.5	16297	2348	15123	75492	4.63
1990-1994	88	0.17682	0.16246	0.5	13950	2266	12816	60368	4.33
1990-1994	89	0.20108	0.18271	0.5	11683	2135	10616	47552	4.07
1990-1994	90	0.20616	0.18690	0.5	9549	1785	8656	36936	3.87
1990-1994	91	0.22313	0.20073	0.5	7764	1558	6985	28280	3.64
1990-1994	92	0.24106	0.21513	0.5	6206	1335	5538	21295	3.43
1990-1994	93	0.25996	0.23006	0.5	4871	1121	4310	15757	3.24
1990-1994	94	0.27979	0.24545	0.5	3750	920	3290	11446	3.05
1990-1994	95	0.30052	0.26126	0.5	2830	739	2460	8156	2.88
1990-1994	96	0.32210	0.27742	0.5	2090	580	1800	5696	2.73
1990-1994	97	0.34447	0.29385	0.5	1510	444	1289	3896	2.58
1990-1994	98	0.36754	0.31048	0.5	1067	331	901	2608	2.44
1990-1994	99	0.39124	0.32723	0.5	735	241	615	1707	2.32
1990-1994	100	0.41547	0.34400	0.5	495	170	410	1091	2.21
1990-1994	101	0.44011	0.36073	0.5	325	117	266	682	2.10
1990-1994	102	0.46504	0.37731	0.5	207	78	168	416	2.00
1990-1994	103	0.49016	0.39368	0.5	129	51	104	247	1.92
1990-1994	104	0.51532	0.40975	0.5	78	32	62	144	1.83
1990-1994	105	0.54041	0.42545	0.5	46	20	36	81	1.76
1990-1994	106	0.56529	0.44072	0.5	27	12	21	45	1.69
1990-1994	107	0.58985	0.45551	0.5	15	7	11	24	1.63
1990-1994	108	0.61397	0.46976	0.5	8	4	6	13	1.58
1990-1994	109	0.63754	0.48344	0.5	4	2	3	7	1.54
1990-1994	110+	0.66047	1.00000	1.51	2	2	3	3	1.51
1995-1999	0	0.00956	0.00948	0.07	100000	948	99119	7259382	72.59
1995-1999	1	0.00054	0.00054	0.5	99052	54	99026	7160263	72.29
1995-1999	2	0.00035	0.00035	0.5	98999	34	98982	7061237	71.33
1995-1999	3	0.00027	0.00027	0.5	98965	27	98951	6962255	70.35
1995-1999	4	0.00020	0.00020	0.5	98938	20	98928	6863304	69.37
1995-1999	5	0.00017	0.00017	0.5	98918	17	98910	6764376	68.38
1995-1999	6	0.00019	0.00019	0.5	98901	19	98892	6665466	67.40
1995-1999	7	0.00020	0.00020	0.5	98882	20	98872	6566575	66.41
1995-1999	8	0.00021	0.00021	0.5	98863	21	98852	6467702	65.42
1995-1999	9	0.00016	0.00016	0.5	98842	16	98834	6368850	64.43
1995-1999	10	0.00017	0.00017	0.5	98826	17	98817	6270017	63.45
1995-1999	11	0.00021	0.00021	0.5	98809	20	98799	6171199	62.46
1995-1999	12	0.00025	0.00025	0.5	98788	25	98776	6072401	61.47
1995-1999	13	0.00025	0.00025	0.5	98763	24	98751	5973625	60.48
1995-1999	14	0.00040	0.00040	0.5	98739	39	98720	5874873	59.50
1995-1999	15	0.00054	0.00054	0.5	98700	53	98673	5776154	58.52
1995-1999	16	0.00093	0.00092	0.5	98647	91	98601	5677480	57.55
1995-1999	17	0.00131	0.00131	0.5	98555	129	98491	5578879	56.61
1995-1999	18	0.00162	0.00162	0.5	98426	159	98346	5480389	55.68
1995-1999	19	0.00187	0.00187	0.5	98267	184	98175	5382042	54.77
1995-1999	20	0.00183	0.00183	0.5	98083	180	97993	5283868	53.87
1995-1999	21	0.00188	0.00188	0.5	97903	184	97811	5185875	52.97
1995-1999	22	0.00182	0.00182	0.5	97719	178	97630	5088063	52.07
1995-1999	23	0.00176	0.00176	0.5	97541	171	97456	4990433	51.16
1995-1999	24	0.00167	0.00167	0.5	97370	162	97289	4892977	50.25
1995-1999	25	0.00171	0.00171	0.5	97208	166	97125	4795688	49.33
1995-1999	26	0.00175	0.00174	0.5	97042	169	96957	4698564	48.42
1995-1999	27	0.00180	0.00180	0.5	96872	174	96785	4601607	47.50
1995-1999	28	0.00186	0.00186	0.5	96698	180	96608	4504821	46.59
1995-1999	29	0.00172	0.00171	0.5	96519	165	96436	4408213	45.67
1995-1999	30	0.00175	0.00175	0.5	96353	168	96269	4311777	44.75
1995-1999	31	0.00211	0.00211	0.5	96185	203	96083	4215508	43.83
1995-1999	32	0.00220	0.00220	0.5	95982	211	95876	4119425	42.92
1995-1999	33	0.00243	0.00243	0.5	95771	233	95654	4023549	42.01
1995-1999	34	0.00254	0.00254	0.5	95538	243	95417	3927894	41.11
1995-1999	35	0.00256	0.00256	0.5	95295	244	95173	3832478	40.22
1995-1999	36	0.00298	0.00297	0.5	95051	282	94910	3737305	39.32
1995-1999	37	0.00309	0.00308	0.5	94769	292	94623	3642395	38.43
1995-1999	38	0.00331	0.00330	0.5	94477	312	94321	3547772	37.55
1995-1999	39	0.00330	0.00330	0.5	94165	311	94010	3453451	36.67
1995-1999	40	0.00332	0.00332	0.5	93854	312	93698	3359441	35.79
1995-1999	41	0.00356	0.00355	0.5	93543	332	93377	3265743	34.91
1995-1999	42	0.00395	0.00395	0.5	93210	368	93026	3172366	34.03
1995-1999	43	0.00427	0.00426	0.5	92843	396	92645	3079340	33.17
1995-1999	44	0.00416	0.00415	0.5	92447	384	92255	2986695	32.31
1995-1999	45	0.00440	0.00439	0.5	92063	404	91861	2894440	31.44
1995-1999	46	0.00488	0.00487	0.5	91659	446	91436	2802579	30.58
1995-1999	47	0.00507	0.00506	0.5	91213	462	90982	2711143	29.72
1995-1999	48	0.00536	0.00535	0.5	90751	486	90509	2620161	28.87
1995-1999	49	0.00556	0.00554	0.5	90266	500	90016	2529652	28.02
1995-1999	50	0.00569	0.00568	0.5	89766	510	89511	2439637	27.18
1995-1999	51	0.00619	0.00617	0.5	89256	551	88980	2350126	26.33
1995-1999	52	0.00697	0.00695	0.5	88705	616	88397	2261145	25.49
1995-1999	53	0.00692	0.00690	0.5	88089	608	87785	2172748	24.67
1995-1999	54	0.00764	0.00762	0.5	87481	666	87148	2084963	23.83
1995-1999	55	0.00905	0.00901	0.5	86815	782	86424	1997815	23.01
1995-1999	56	0.00970	0.00965	0.5	86033	831	85618	1911391	22.22
1995-1999	57	0.00984	0.00980	0.5	85202	835	84785	1825774	21.43
1995-1999	58	0.01165	0.01159	0.5	84368	977	83879	1740989	20.64
1995-1999	59	0.01235	0.01227	0.5	83390	1024	82879	1657110	19.87
1995-1999	60	0.01377	0.01368	0.5	82367	1126	81804	1574231	19.11
1995-1999	61	0.01555	0.01543	0.5	81240	1254	80613	1492427	18.37
1995-1999	62	0.01725	0.01710	0.5	79986	1368	79302	1411814	17.65
1995-1999	63	0.01725	0.01711	0.5	78618	1345	77946	1332512	16.95
1995-1999	64	0.01975	0.01955	0.5	77273	1511	76518	1254566	16.24
1995-1999	65	0.02212	0.02188	0.5	75763	1657	74934	1178048	15.55
1995-1999	66	0.02436	0.02407	0.5	74105	1784	73213	1103114	14.89
1995-1999	67	0.02545	0.02513	0.5	72322	1817	71413	1029901	14.24
1995-1999	68	0.02884	0.02843	0.5	70504	2005	69502	958488	13.59
1995-1999	69	0.03167	0.03117	0.5	68499	2135	67432	888986	12.98
1995-1999	70	0.03463	0.03404	0.5	66364	2259	65235	821554	12.38
1995-1999	71	0.03686	0.03620	0.5	64105	2320	62945	756320	11.80
1995-1999	72	0.04152	0.04067	0.5	61785	2513	60528	693375	11.22
1995-1999	73	0.04467	0.04370	0.5	59272	2590	57977	632846	10.68
1995-1999	74	0.04609	0.04505	0.5	56682	2554	55405	574869	10.14
1995-1999	75	0.05177	0.05046	0.5	54128	2731	52762	519464	9.60
1995-1999	76	0.05792	0.05629	0.5	51397	2893	49950	466702	9.08
1995-1999	77	0.06238	0.06049	0.5	48504	2934	47037	416752	8.59
1995-1999	78	0.07038	0.06799	0.5	45570	3098	44021	369715	8.11
1995-1999	79	0.07182	0.06933	0.5	42472	2945	40999	325694	7.67
1995-1999	80	0.07955	0.07651	0.5	39527	3024	38015	284695	7.20
1995-1999	81	0.09314	0.08900	0.5	36503	3249	34878	246680	6.76
1995-1999	82	0.09732	0.09281	0.5	33254	3086	31711	211802	6.37
1995-1999	83	0.11243	0.10644	0.5	30168	3211	28562	180091	5.97
1995-1999	84	0.12104	0.11413	0.5	26957	3077	25418	151528	5.62
1995-1999	85	0.12678	0.11922	0.5	23880	2847	22457	126110	5.28
1995-1999	86	0.14363	0.13400	0.5	21033	2819	19624	103653	4.93
1995-1999	87	0.15659	0.14522	0.5	18214	2645	16892	84030	4.61
1995-1999	88	0.17591	0.16169	0.5	15569	2517	14311	67138	4.31
1995-1999	89	0.18879	0.17250	0.5	13052	2251	11926	52827	4.05
1995-1999	90	0.20779	0.18824	0.5	10800	2033	9784	40901	3.79
1995-1999	91	0.22709	0.20393	0.5	8767	1788	7873	31117	3.55
1995-1999	92	0.24687	0.21974	0.5	6979	1534	6213	23244	3.33
1995-1999	93	0.26777	0.23615	0.5	5446	1286	4803	17031	3.13
1995-1999	94	0.28976	0.25309	0.5	4160	1053	3633	12228	2.94
1995-1999	95	0.31279	0.27048	0.5	3107	840	2687	8595	2.77
1995-1999	96	0.33678	0.28824	0.5	2267	653	1940	5908	2.61
1995-1999	97	0.36164	0.30626	0.5	1613	494	1366	3968	2.46
1995-1999	98	0.38726	0.32444	0.5	1119	363	938	2602	2.32
1995-1999	99	0.41352	0.34267	0.5	756	259	627	1664	2.20
1995-1999	100	0.44029	0.36085	0.5	497	179	407	1038	2.09
1995-1999	101	0.46740	0.37886	0.5	318	120	257	631	1.99
1995-1999	102	0.49471	0.39661	0.5	197	78	158	373	1.89
1995-1999	103	0.52205	0.41399	0.5	119	49	94	215	1.81
1995-1999	104	0.54926	0.43092	0.5	70	30	55	121	1.73
1995-1999	105	0.57618	0.44731	0.5	40	18	31	66	1.66
1995-1999	106	0.60266	0.46311	0.5	22	10	17	35	1.59
1995-1999	107	0.62854	0.47824	0.5	12	6	9	18	1.54
1995-1999	108	0.65371	0.49268	0.5	6	3	5	9	1.49
1995-1999	109	0.67805	0.50637	0.5	3	2	2	5	1.45
1995-1999	110+	0.70146	1.00000	1.43	2	2	2	2	1.43
2000-2004	0	0.00877	0.00870	0.07	100000	870	99190	7387904	73.88
2000-2004	1	0.00054	0.00054	0.5	99130	54	99103	7288714	73.53
2000-2004	2	0.00027	0.00027	0.5	99077	27	99063	7189611	72.57
2000-2004	3	0.00026	0.00026	0.5	99049	26	99036	7090548	71.59
2000-2004	4	0.00019	0.00019	0.5	99023	18	99014	6991511	70.60
2000-2004	5	0.00019	0.00019	0.5	99005	19	98995	6892497	69.62
2000-2004	6	0.00013	0.00013	0.5	98986	13	98979	6793502	68.63
2000-2004	7	0.00013	0.00013	0.5	98973	13	98966	6694523	67.64
2000-2004	8	0.00015	0.00015	0.5	98960	15	98952	6595557	66.65
2000-2004	9	0.00018	0.00018	0.5	98944	18	98935	6496605	65.66
2000-2004	10	0.00024	0.00024	0.5	98926	24	98914	6397669	64.67
2000-2004	11	0.00016	0.00016	0.5	98902	16	98895	6298755	63.69
2000-2004	12	0.00024	0.00024	0.5	98887	23	98875	6199860	62.70
2000-2004	13	0.00025	0.00025	0.5	98863	24	98851	6100985	61.71
2000-2004	14	0.00035	0.00035	0.5	98839	34	98822	6002134	60.73
2000-2004	15	0.00053	0.00053	0.5	98805	52	98779	5903312	59.75
2000-2004	16	0.00075	0.00075	0.5	98752	74	98715	5804533	58.78
2000-2004	17	0.00092	0.00092	0.5	98678	91	98633	5705818	57.82
2000-2004	18	0.00147	0.00147	0.5	98588	145	98515	5607185	56.88
2000-2004	19	0.00162	0.00162	0.5	98443	159	98363	5508670	55.96
2000-2004	20	0.00187	0.00187	0.5	98284	184	98192	5410307	55.05
2000-2004	21	0.00178	0.00178	0.5	98100	175	98013	5312115	54.15
2000-2004	22	0.00203	0.00203	0.5	97925	198	97826	5214102	53.25
2000-2004	23	0.00189	0.00189	0.5	97727	185	97635	5116276	52.35
2000-2004	24	0.00188	0.00188	0.5	97542	183	97451	5018641	51.45
2000-2004	25	0.00171	0.00171	0.5	97359	166	97276	4921191	50.55
2000-2004	26	0.00158	0.00158	0.5	97193	154	97116	4823915	49.63
2000-2004	27	0.00162	0.00162	0.5	97039	157	96960	4726799	48.71
2000-2004	28	0.00177	0.00177	0.5	96882	172	96796	4629839	47.79
2000-2004	29	0.00161	0.00161	0.5	96710	156	96632	4533043	46.87
2000-2004	30	0.00156	0.00155	0.5	96554	150	96479	4436411	45.95
2000-2004	31	0.00182	0.00182	0.5	96404	176	96316	4339931	45.02
2000-2004	32	0.00165	0.00165	0.5	96229	159	96149	4243615	44.10
2000-2004	33	0.00182	0.00182	0.5	96070	175	95982	4147466	43.17
2000-2004	34	0.00168	0.00167	0.5	95895	161	95814	4051484	42.25
2000-2004	35	0.00206	0.00206	0.5	95734	197	95636	3955670	41.32
2000-2004	36	0.00219	0.00219	0.5	95537	209	95433	3860034	40.40
2000-2004	37	0.00254	0.00253	0.5	95328	242	95207	3764601	39.49
2000-2004	38	0.00251	0.00251	0.5	95086	238	94967	3669394	38.59
2000-2004	39	0.00273	0.00273	0.5	94848	258	94719	3574427	37.69
2000-2004	40	0.00285	0.00285	0.5	94590	269	94455	3479708	36.79
2000-2004	41	0.00318	0.00317	0.5	94320	299	94171	3385253	35.89
2000-2004	42	0.00337	0.00337	0.5	94021	317	93863	3291082	35.00
2000-2004	43	0.00370	0.00369	0.5	93704	346	93532	3197220	34.12
2000-2004	44	0.00402	0.00401	0.5	93359	375	93171	3103688	33.24
2000-2004	45	0.00382	0.00381	0.5	92984	354	92807	3010517	32.38
2000-2004	46	0.00470	0.00469	0.5	92630	434	92413	2917710	31.50
2000-2004	47	0.00501	0.00500	0.5	92196	461	91965	2825297	30.64
2000-2004	48	0.00533	0.00532	0.5	91735	488	91491	2733332	29.80
2000-2004	49	0.00537	0.00535	0.5	91247	488	91003	2641841	28.95
2000-2004	50	0.00607	0.00606	0.5	90758	550	90484	2550838	28.11
2000-2004	51	0.00636	0.00634	0.5	90209	572	89923	2460355	27.27
2000-2004	52	0.00620	0.00618	0.5	89637	554	89360	2370432	26.44
2000-2004	53	0.00746	0.00743	0.5	89083	662	88752	2281072	25.61
2000-2004	54	0.00769	0.00766	0.5	88422	677	88083	2192319	24.79
2000-2004	55	0.00779	0.00776	0.5	87745	681	87404	2104236	23.98
2000-2004	56	0.00854	0.00851	0.5	87063	741	86693	2016832	23.17
2000-2004	57	0.00932	0.00928	0.5	86323	801	85922	1930139	22.36
2000-2004	58	0.01034	0.01028	0.5	85522	879	85082	1844217	21.56
2000-2004	59	0.01074	0.01068	0.5	84642	904	84190	1759135	20.78
2000-2004	60	0.01289	0.01281	0.5	83738	1072	83202	1674944	20.00
2000-2004	61	0.01331	0.01322	0.5	82666	1093	82119	1591742	19.26
2000-2004	62	0.01439	0.01429	0.5	81573	1165	80990	1509623	18.51
2000-2004	63	0.01588	0.01575	0.5	80408	1267	79774	1428633	17.77
2000-2004	64	0.01705	0.01690	0.5	79141	1338	78472	1348858	17.04
2000-2004	65	0.01882	0.01864	0.5	77803	1450	77078	1270386	16.33
2000-2004	66	0.02049	0.02028	0.5	76353	1549	75578	1193308	15.63
2000-2004	67	0.02266	0.02241	0.5	74804	1676	73966	1117730	14.94
2000-2004	68	0.02523	0.02492	0.5	73128	1822	72217	1043764	14.27
2000-2004	69	0.02734	0.02697	0.5	71306	1923	70344	971547	13.63
2000-2004	70	0.03086	0.03039	0.5	69383	2109	68328	901203	12.99
2000-2004	71	0.03131	0.03082	0.5	67274	2074	66237	832874	12.38
2000-2004	72	0.03481	0.03421	0.5	65200	2231	64085	766637	11.76
2000-2004	73	0.03890	0.03815	0.5	62970	2403	61768	702552	11.16
2000-2004	74	0.04302	0.04212	0.5	60567	2551	59292	640784	10.58
2000-2004	75	0.04703	0.04595	0.5	58016	2666	56683	581492	10.02
2000-2004	76	0.05020	0.04897	0.5	55350	2711	53995	524809	9.48
2000-2004	77	0.05623	0.05469	0.5	52640	2879	51200	470814	8.94
2000-2004	78	0.06066	0.05887	0.5	49761	2930	48296	419614	8.43
2000-2004	79	0.06885	0.06655	0.5	46831	3117	45273	371318	7.93
2000-2004	80	0.07507	0.07235	0.5	43714	3163	42133	326045	7.46
2000-2004	81	0.08351	0.08017	0.5	40551	3251	38926	283912	7.00
2000-2004	82	0.09295	0.08883	0.5	37301	3313	35644	244986	6.57
2000-2004	83	0.10047	0.09566	0.5	33987	3251	32362	209342	6.16
2000-2004	84	0.11062	0.10482	0.5	30736	3222	29125	176980	5.76
2000-2004	85	0.12350	0.11632	0.5	27514	3200	25914	147855	5.37
2000-2004	86	0.13811	0.12919	0.5	24314	3141	22743	121941	5.02
2000-2004	87	0.14637	0.13639	0.5	21173	2888	19729	99198	4.69
2000-2004	88	0.16755	0.15460	0.5	18285	2827	16872	79469	4.35
2000-2004	89	0.18677	0.17082	0.5	15458	2641	14138	62597	4.05
2000-2004	90	0.20531	0.18620	0.5	12818	2387	11624	48459	3.78
2000-2004	91	0.22519	0.20240	0.5	10431	2111	9375	36835	3.53
2000-2004	92	0.24639	0.21936	0.5	8320	1825	7407	27460	3.30
2000-2004	93	0.26889	0.23703	0.5	6495	1539	5725	20052	3.09
2000-2004	94	0.29266	0.25530	0.5	4955	1265	4323	14327	2.89
2000-2004	95	0.31761	0.27408	0.5	3690	1011	3185	10004	2.71
2000-2004	96	0.34365	0.29326	0.5	2679	786	2286	6820	2.55
2000-2004	97	0.37067	0.31272	0.5	1893	592	1597	4534	2.39
2000-2004	98	0.39853	0.33231	0.5	1301	432	1085	2937	2.26
2000-2004	99	0.42706	0.35191	0.5	869	306	716	1852	2.13
2000-2004	100	0.45608	0.37139	0.5	563	209	458	1136	2.02
2000-2004	101	0.48540	0.39060	0.5	354	138	285	677	1.91
2000-2004	102	0.51482	0.40943	0.5	216	88	172	393	1.82
2000-2004	103	0.54414	0.42776	0.5	127	54	100	221	1.74
2000-2004	104	0.57316	0.44549	0.5	73	32	57	121	1.66
2000-2004	105	0.60168	0.46253	0.5	40	19	31	64	1.59
2000-2004	106	0.62953	0.47882	0.5	22	10	17	33	1.53
2000-2004	107	0.65655	0.49429	0.5	11	6	9	17	1.48
2000-2004	108	0.68258	0.50890	0.5	6	3	4	8	1.43
2000-2004	109	0.70753	0.52264	0.5	3	1	2	4	1.39
2000-2004	110+	0.73128	1.00000	1.37	1	1	2	2	1.37
2005-2009	0	0.00873	0.00866	0.07	100000	866	99193	7521460	75.21
2005-2009	1	0.00050	0.00050	0.5	99134	49	99109	7422267	74.87
2005-2009	2	0.00036	0.00036	0.5	99085	35	99067	7323158	73.91
2005-2009	3	0.00023	0.00023	0.5	99049	23	99038	7224091	72.93
2005-2009	4	0.00013	0.00013	0.5	99026	13	99020	7125053	71.95
2005-2009	5	0.00013	0.00013	0.5	99013	13	99007	7026034	70.96
2005-2009	6	0.00012	0.00012	0.5	99000	11	98995	6927027	69.97
2005-2009	7	0.00016	0.00016	0.5	98989	16	98981	6828032	68.98
2005-2009	8	0.00015	0.00015	0.5	98973	15	98966	6729051	67.99
2005-2009	9	0.00013	0.00013	0.5	98958	13	98952	6630086	67.00
2005-2009	10	0.00011	0.00011	0.5	98945	11	98940	6531134	66.01
2005-2009	11	0.00017	0.00017	0.5	98934	17	98926	6432194	65.01
2005-2009	12	0.00020	0.00020	0.5	98917	20	98908	6333269	64.03
2005-2009	13	0.00017	0.00017	0.5	98898	17	98889	6234361	63.04
2005-2009	14	0.00028	0.00028	0.5	98881	28	98867	6135472	62.05
2005-2009	15	0.00036	0.00036	0.5	98853	35	98835	6036605	61.07
2005-2009	16	0.00070	0.00070	0.5	98818	69	98783	5937769	60.09
2005-2009	17	0.00090	0.00090	0.5	98749	89	98704	5838986	59.13
2005-2009	18	0.00115	0.00115	0.5	98660	114	98603	5740281	58.18
2005-2009	19	0.00146	0.00146	0.5	98546	143	98475	5641678	57.25
2005-2009	20	0.00159	0.00159	0.5	98403	156	98325	5543204	56.33
2005-2009	21	0.00169	0.00168	0.5	98247	166	98164	5444879	55.42
2005-2009	22	0.00182	0.00182	0.5	98081	179	97992	5346715	54.51
2005-2009	23	0.00181	0.00181	0.5	97902	177	97814	5248724	53.61
2005-2009	24	0.00160	0.00160	0.5	97725	156	97647	5150910	52.71
2005-2009	25	0.00186	0.00186	0.5	97569	181	97479	5053262	51.79
2005-2009	26	0.00172	0.00172	0.5	97388	167	97305	4955783	50.89
2005-2009	27	0.00166	0.00165	0.5	97221	161	97141	4858479	49.97
2005-2009	28	0.00169	0.00169	0.5	97060	164	96979	4761338	49.06
2005-2009	29	0.00157	0.00157	0.5	96897	152	96821	4664359	48.14
2005-2009	30	0.00158	0.00158	0.5	96745	153	96668	4567538	47.21
2005-2009	31	0.00162	0.00162	0.5	96592	157	96514	4470870	46.29
2005-2009	32	0.00181	0.00181	0.5	96435	175	96348	4374356	45.36
2005-2009	33	0.00177	0.00177	0.5	96261	171	96175	4278008	44.44
2005-2009	34	0.00161	0.00161	0.5	96090	154	96013	4181833	43.52
2005-2009	35	0.00193	0.00192	0.5	95936	185	95843	4085820	42.59
2005-2009	36	0.00198	0.00198	0.5	95751	189	95656	3989977	41.67
2005-2009	37	0.00207	0.00207	0.5	95561	198	95463	3894321	40.75
2005-2009	38	0.00219	0.00218	0.5	95364	208	95260	3798858	39.84
2005-2009	39	0.00235	0.00235	0.5	95155	223	95044	3703599	38.92
2005-2009	40	0.00244	0.00244	0.5	94932	232	94816	3608555	38.01
2005-2009	41	0.00263	0.00262	0.5	94701	248	94576	3513739	37.10
2005-2009	42	0.00282	0.00282	0.5	94452	266	94319	3419162	36.20
2005-2009	43	0.00296	0.00296	0.5	94186	278	94047	3324843	35.30
2005-2009	44	0.00347	0.00346	0.5	93908	325	93745	3230797	34.40
2005-2009	45	0.00379	0.00378	0.5	93582	354	93405	3137052	33.52
2005-2009	46	0.00384	0.00383	0.5	93228	357	93050	3043646	32.65
2005-2009	47	0.00441	0.00440	0.5	92871	409	92667	2950597	31.77
2005-2009	48	0.00474	0.00473	0.5	92462	437	92244	2857930	30.91
2005-2009	49	0.00521	0.00519	0.5	92025	478	91786	2765686	30.05
2005-2009	50	0.00576	0.00574	0.5	91547	525	91285	2673900	29.21
2005-2009	51	0.00590	0.00588	0.5	91022	535	90754	2582615	28.37
2005-2009	52	0.00642	0.00640	0.5	90487	579	90197	2491861	27.54
2005-2009	53	0.00682	0.00680	0.5	89908	611	89603	2401664	26.71
2005-2009	54	0.00757	0.00754	0.5	89297	673	88961	2312061	25.89
2005-2009	55	0.00818	0.00814	0.5	88624	722	88263	2223101	25.08
2005-2009	56	0.00831	0.00828	0.5	87902	727	87539	2134837	24.29
2005-2009	57	0.00906	0.00902	0.5	87175	786	86782	2047299	23.48
2005-2009	58	0.00929	0.00925	0.5	86389	799	85989	1960517	22.69
2005-2009	59	0.00975	0.00971	0.5	85590	831	85175	1874528	21.90
2005-2009	60	0.01093	0.01087	0.5	84759	921	84299	1789353	21.11
2005-2009	61	0.01204	0.01196	0.5	83838	1003	83336	1705055	20.34
2005-2009	62	0.01289	0.01281	0.5	82835	1061	82304	1621718	19.58
2005-2009	63	0.01404	0.01394	0.5	81774	1140	81204	1539414	18.83
2005-2009	64	0.01531	0.01519	0.5	80634	1225	80022	1458210	18.08
2005-2009	65	0.01683	0.01669	0.5	79409	1325	78747	1378188	17.36
2005-2009	66	0.01762	0.01747	0.5	78084	1364	77402	1299442	16.64
2005-2009	67	0.01918	0.01900	0.5	76720	1458	75991	1222039	15.93
2005-2009	68	0.02070	0.02049	0.5	75263	1542	74491	1146048	15.23
2005-2009	69	0.02319	0.02292	0.5	73720	1690	72875	1071556	14.54
2005-2009	70	0.02606	0.02572	0.5	72030	1853	71104	998681	13.86
2005-2009	71	0.02758	0.02720	0.5	70178	1909	69223	927577	13.22
2005-2009	72	0.03028	0.02983	0.5	68269	2036	67251	858354	12.57
2005-2009	73	0.03349	0.03293	0.5	66232	2181	65142	791103	11.94
2005-2009	74	0.03592	0.03529	0.5	64051	2260	62921	725961	11.33
2005-2009	75	0.04036	0.03956	0.5	61791	2445	60569	663040	10.73
2005-2009	76	0.04228	0.04140	0.5	59346	2457	58118	602472	10.15
2005-2009	77	0.04801	0.04688	0.5	56889	2667	55556	544354	9.57
2005-2009	78	0.05260	0.05125	0.5	54222	2779	52833	488798	9.01
2005-2009	79	0.05973	0.05799	0.5	51443	2983	49952	435966	8.47
2005-2009	80	0.06597	0.06387	0.5	48460	3095	46912	386014	7.97
2005-2009	81	0.07383	0.07120	0.5	45365	3230	43750	339101	7.47
2005-2009	82	0.08109	0.07793	0.5	42135	3284	40493	295352	7.01
2005-2009	83	0.08723	0.08358	0.5	38851	3247	37228	254858	6.56
2005-2009	84	0.10220	0.09723	0.5	35604	3462	33873	217631	6.11
2005-2009	85	0.11150	0.10561	0.5	32142	3395	30445	183757	5.72
2005-2009	86	0.12560	0.11818	0.5	28748	3397	27049	153312	5.33
2005-2009	87	0.13362	0.12525	0.5	25350	3175	23763	126263	4.98
2005-2009	88	0.15136	0.14071	0.5	22175	3120	20615	102500	4.62
2005-2009	89	0.17045	0.15707	0.5	19055	2993	17558	81885	4.30
2005-2009	90	0.18827	0.17207	0.5	16062	2764	14680	64327	4.00
2005-2009	91	0.20748	0.18798	0.5	13298	2500	12048	49647	3.73
2005-2009	92	0.22810	0.20475	0.5	10798	2211	9693	37599	3.48
2005-2009	93	0.25013	0.22232	0.5	8587	1909	7633	27906	3.25
2005-2009	94	0.27353	0.24062	0.5	6678	1607	5875	20273	3.04
2005-2009	95	0.29824	0.25954	0.5	5071	1316	4413	14398	2.84
2005-2009	96	0.32420	0.27897	0.5	3755	1048	3231	9985	2.66
2005-2009	97	0.35128	0.29880	0.5	2708	809	2303	6754	2.49
2005-2009	98	0.37935	0.31887	0.5	1899	605	1596	4451	2.34
2005-2009	99	0.40825	0.33905	0.5	1293	438	1074	2855	2.21
2005-2009	100	0.43781	0.35918	0.5	855	307	701	1781	2.08
2005-2009	101	0.46781	0.37913	0.5	548	208	444	1080	1.97
2005-2009	102	0.49804	0.39875	0.5	340	136	272	636	1.87
2005-2009	103	0.52829	0.41791	0.5	204	85	162	364	1.78
2005-2009	104	0.55834	0.43648	0.5	119	52	93	202	1.70
2005-2009	105	0.58796	0.45438	0.5	67	30	52	109	1.62
2005-2009	106	0.61696	0.47151	0.5	37	17	28	57	1.56
2005-2009	107	0.64515	0.48780	0.5	19	9	15	29	1.50
2005-2009	108	0.67237	0.50320	0.5	10	5	7	14	1.45
2005-2009	109	0.69847	0.51768	0.5	5	3	4	7	1.41
2005-2009	110+	0.72335	1.00000	1.38	2	2	3	3	1.38
2010-2014	0	0.00701	0.00696	0.06	100000	696	99348	7674965	76.75
2010-2014	1	0.00041	0.00041	0.5	99304	41	99283	7575617	76.29
2010-2014	2	0.00026	0.00026	0.5	99263	25	99250	7476333	75.32
2010-2014	3	0.00020	0.00020	0.5	99238	20	99228	7377083	74.34
2010-2014	4	0.00014	0.00014	0.5	99218	14	99211	7277855	73.35
2010-2014	5	0.00016	0.00016	0.5	99204	16	99196	7178644	72.36
2010-2014	6	0.00015	0.00015	0.5	99188	15	99181	7079448	71.37
2010-2014	7	0.00015	0.00015	0.5	99173	15	99166	6980267	70.38
2010-2014	8	0.00011	0.00011	0.5	99158	11	99153	6881102	69.40
2010-2014	9	0.00010	0.00010	0.5	99147	9	99142	6781949	68.40
2010-2014	10	0.00010	0.00010	0.5	99138	10	99133	6682807	67.41
2010-2014	11	0.00010	0.00010	0.5	99128	10	99122	6583674	66.42
2010-2014	12	0.00013	0.00013	0.5	99117	13	99111	6484552	65.42
2010-2014	13	0.00014	0.00014	0.5	99104	14	99098	6385441	64.43
2010-2014	14	0.00020	0.00020	0.5	99091	20	99081	6286343	63.44
2010-2014	15	0.00029	0.00029	0.5	99070	29	99056	6187263	62.45
2010-2014	16	0.00040	0.00040	0.5	99042	40	99022	6088207	61.47
2010-2014	17	0.00060	0.00060	0.5	99002	59	98972	5989185	60.50
2010-2014	18	0.00075	0.00075	0.5	98943	74	98906	5890213	59.53
2010-2014	19	0.00105	0.00104	0.5	98869	103	98817	5791307	58.58
2010-2014	20	0.00134	0.00134	0.5	98765	132	98699	5692490	57.64
2010-2014	21	0.00129	0.00129	0.5	98633	127	98569	5593791	56.71
2010-2014	22	0.00156	0.00156	0.5	98506	154	98429	5495222	55.79
2010-2014	23	0.00152	0.00152	0.5	98352	149	98277	5396793	54.87
2010-2014	24	0.00143	0.00143	0.5	98203	140	98133	5298515	53.95
2010-2014	25	0.00152	0.00152	0.5	98063	149	97988	5200383	53.03
2010-2014	26	0.00155	0.00155	0.5	97913	152	97837	5102395	52.11
2010-2014	27	0.00153	0.00153	0.5	97762	150	97687	5004557	51.19
2010-2014	28	0.00153	0.00153	0.5	97612	150	97537	4906871	50.27
2010-2014	29	0.00149	0.00149	0.5	97462	145	97390	4809334	49.35
2010-2014	30	0.00144	0.00144	0.5	97317	140	97247	4711944	48.42
2010-2014	31	0.00150	0.00150	0.5	97177	146	97104	4614697	47.49
2010-2014	32	0.00144	0.00144	0.5	97031	139	96961	4517593	46.56
2010-2014	33	0.00174	0.00174	0.5	96892	169	96807	4420632	45.62
2010-2014	34	0.00167	0.00167	0.5	96723	162	96642	4323825	44.70
2010-2014	35	0.00167	0.00167	0.5	96561	161	96481	4227183	43.78
2010-2014	36	0.00165	0.00165	0.5	96400	159	96321	4130702	42.85
2010-2014	37	0.00171	0.00171	0.5	96241	165	96159	4034381	41.92
2010-2014	38	0.00185	0.00185	0.5	96077	177	95988	3938222	40.99
2010-2014	39	0.00186	0.00186	0.5	95899	178	95810	3842235	40.07
2010-2014	40	0.00198	0.00198	0.5	95721	189	95626	3746424	39.14
2010-2014	41	0.00210	0.00209	0.5	95532	200	95432	3650798	38.22
2010-2014	42	0.00216	0.00216	0.5	95332	206	95229	3555366	37.29
2010-2014	43	0.00245	0.00244	0.5	95126	232	95010	3460137	36.37
2010-2014	44	0.00264	0.00264	0.5	94894	250	94769	3365127	35.46
2010-2014	45	0.00288	0.00288	0.5	94644	272	94508	3270358	34.55
2010-2014	46	0.00356	0.00355	0.5	94371	335	94204	3175851	33.65
2010-2014	47	0.00356	0.00356	0.5	94036	335	93869	3081647	32.77
2010-2014	48	0.00387	0.00386	0.5	93701	362	93521	2987778	31.89
2010-2014	49	0.00402	0.00401	0.5	93340	375	93153	2894258	31.01
2010-2014	50	0.00480	0.00479	0.5	92965	445	92743	2801105	30.13
2010-2014	51	0.00516	0.00514	0.5	92520	476	92282	2708362	29.27
2010-2014	52	0.00565	0.00564	0.5	92044	519	91784	2616081	28.42
2010-2014	53	0.00615	0.00613	0.5	91525	561	91245	2524296	27.58
2010-2014	54	0.00677	0.00674	0.5	90964	613	90658	2433052	26.75
2010-2014	55	0.00719	0.00716	0.5	90351	647	90027	2342394	25.93
2010-2014	56	0.00815	0.00811	0.5	89704	728	89340	2252367	25.11
2010-2014	57	0.00868	0.00865	0.5	88976	769	88591	2163027	24.31
2010-2014	58	0.00901	0.00897	0.5	88206	791	87811	2074436	23.52
2010-2014	59	0.01021	0.01016	0.5	87415	888	86971	1986625	22.73
2010-2014	60	0.01097	0.01091	0.5	86527	944	86055	1899654	21.95
2010-2014	61	0.01132	0.01126	0.5	85583	963	85102	1813598	21.19
2010-2014	62	0.01219	0.01212	0.5	84620	1025	84107	1728497	20.43
2010-2014	63	0.01333	0.01324	0.5	83595	1107	83041	1644390	19.67
2010-2014	64	0.01389	0.01379	0.5	82487	1137	81919	1561349	18.93
2010-2014	65	0.01500	0.01489	0.5	81350	1211	80744	1479430	18.19
2010-2014	66	0.01594	0.01581	0.5	80139	1267	79505	1398685	17.45
2010-2014	67	0.01752	0.01737	0.5	78872	1370	78187	1319180	16.73
2010-2014	68	0.01880	0.01863	0.5	77502	1444	76780	1240994	16.01
2010-2014	69	0.02081	0.02059	0.5	76058	1566	75275	1164214	15.31
2010-2014	70	0.02265	0.02240	0.5	74492	1668	73658	1088939	14.62
2010-2014	71	0.02531	0.02500	0.5	72823	1820	71913	1015282	13.94
2010-2014	72	0.02542	0.02510	0.5	71003	1782	70112	943368	13.29
2010-2014	73	0.02956	0.02913	0.5	69221	2016	68213	873256	12.62
2010-2014	74	0.03189	0.03139	0.5	67205	2110	66150	805043	11.98
2010-2014	75	0.03555	0.03493	0.5	65095	2274	63958	738893	11.35
2010-2014	76	0.03877	0.03803	0.5	62821	2389	61627	674935	10.74
2010-2014	77	0.04200	0.04113	0.5	60432	2486	59189	613308	10.15
2010-2014	78	0.04739	0.04630	0.5	57946	2683	56605	554119	9.56
2010-2014	79	0.05466	0.05320	0.5	55264	2940	53793	497514	9.00
2010-2014	80	0.05590	0.05438	0.5	52323	2846	50901	443721	8.48
2010-2014	81	0.06042	0.05865	0.5	49478	2902	48027	392820	7.94
2010-2014	82	0.07089	0.06846	0.5	46576	3189	44982	344793	7.40
2010-2014	83	0.07943	0.07640	0.5	43388	3315	41730	299811	6.91
2010-2014	84	0.08744	0.08377	0.5	40073	3357	38394	258081	6.44
2010-2014	85	0.10136	0.09648	0.5	36716	3542	34945	219687	5.98
2010-2014	86	0.10889	0.10327	0.5	33174	3426	31461	184742	5.57
2010-2014	87	0.12710	0.11951	0.5	29748	3555	27970	153282	5.15
2010-2014	88	0.14277	0.13326	0.5	26193	3490	24447	125311	4.78
2010-2014	89	0.15843	0.14680	0.5	22702	3333	21036	100864	4.44
2010-2014	90	0.17674	0.16239	0.5	19370	3145	17797	79828	4.12
2010-2014	91	0.19668	0.17907	0.5	16224	2905	14772	62031	3.82
2010-2014	92	0.21826	0.19679	0.5	13319	2621	12008	47260	3.55
2010-2014	93	0.24151	0.21549	0.5	10698	2305	9545	35251	3.30
2010-2014	94	0.26638	0.23507	0.5	8393	1973	7406	25706	3.06
2010-2014	95	0.29283	0.25543	0.5	6420	1640	5600	18300	2.85
2010-2014	96	0.32076	0.27643	0.5	4780	1321	4119	12700	2.66
2010-2014	97	0.35004	0.29790	0.5	3459	1030	2943	8580	2.48
2010-2014	98	0.38048	0.31967	0.5	2428	776	2040	5637	2.32
2010-2014	99	0.41190	0.34156	0.5	1652	564	1370	3597	2.18
2010-2014	100	0.44406	0.36338	0.5	1088	395	890	2227	2.05
2010-2014	101	0.47668	0.38494	0.5	693	267	559	1337	1.93
2010-2014	102	0.50951	0.40607	0.5	426	173	339	778	1.83
2010-2014	103	0.54226	0.42660	0.5	253	108	199	438	1.73
2010-2014	104	0.57465	0.44639	0.5	145	65	113	239	1.65
2010-2014	105	0.60640	0.46532	0.5	80	37	62	126	1.57
2010-2014	106	0.63729	0.48329	0.5	43	21	33	65	1.51
2010-2014	107	0.66708	0.50023	0.5	22	11	17	32	1.45
2010-2014	108	0.69559	0.51609	0.5	11	6	8	16	1.40
2010-2014	109	0.72267	0.53086	0.5	5	3	4	7	1.36
2010-2014	110+	0.74822	1.00000	1.34	3	3	3	3	1.34
2015-2019	0	0.00682	0.00678	0.06	100000	678	99365	7623302	76.23
2015-2019	1	0.00042	0.00042	0.5	99322	42	99301	7523937	75.75
2015-2019	2	0.00027	0.00027	0.5	99280	27	99267	7424636	74.78
2015-2019	3	0.00022	0.00022	0.5	99253	22	99242	7325369	73.80
2015-2019	4	0.00017	0.00017	0.5	99232	17	99223	7226127	72.82
2015-2019	5	0.00009	0.00009	0.5	99215	9	99210	7126904	71.83
2015-2019	6	0.00016	0.00016	0.5	99206	16	99198	7027694	70.84
2015-2019	7	0.00012	0.00012	0.5	99190	12	99184	6928496	69.85
2015-2019	8	0.00008	0.00008	0.5	99178	8	99174	6829311	68.86
2015-2019	9	0.00009	0.00009	0.5	99170	9	99166	6730137	67.86
2015-2019	10	0.00010	0.00010	0.5	99162	10	99156	6630971	66.87
2015-2019	11	0.00008	0.00008	0.5	99151	8	99147	6531815	65.88
2015-2019	12	0.00015	0.00015	0.5	99143	14	99136	6432668	64.88
2015-2019	13	0.00018	0.00018	0.5	99129	18	99119	6333532	63.89
2015-2019	14	0.00020	0.00020	0.5	99110	20	99101	6234413	62.90
2015-2019	15	0.00026	0.00026	0.5	99091	26	99078	6135312	61.92
2015-2019	16	0.00048	0.00048	0.5	99065	47	99041	6036234	60.93
2015-2019	17	0.00066	0.00066	0.5	99017	65	98985	5937193	59.96
2015-2019	18	0.00102	0.00102	0.5	98952	101	98902	5838208	59.00
2015-2019	19	0.00118	0.00118	0.5	98852	116	98793	5739306	58.06
2015-2019	20	0.00138	0.00138	0.5	98735	136	98667	5640513	57.13
2015-2019	21	0.00152	0.00152	0.5	98599	150	98524	5541846	56.21
2015-2019	22	0.00169	0.00169	0.5	98449	167	98366	5443322	55.29
2015-2019	23	0.00177	0.00177	0.5	98283	174	98196	5344956	54.38
2015-2019	24	0.00214	0.00214	0.5	98108	210	98003	5246760	53.48
2015-2019	25	0.00193	0.00193	0.5	97898	189	97804	5148757	52.59
2015-2019	26	0.00216	0.00216	0.5	97709	211	97604	5050953	51.69
2015-2019	27	0.00233	0.00233	0.5	97499	227	97385	4953349	50.80
2015-2019	28	0.00234	0.00234	0.5	97272	228	97158	4855964	49.92
2015-2019	29	0.00230	0.00229	0.5	97044	223	96933	4758806	49.04
2015-2019	30	0.00226	0.00225	0.5	96822	218	96712	4661873	48.15
2015-2019	31	0.00227	0.00227	0.5	96603	219	96494	4565161	47.26
2015-2019	32	0.00249	0.00249	0.5	96384	240	96264	4468667	46.36
2015-2019	33	0.00215	0.00214	0.5	96144	206	96041	4372403	45.48
2015-2019	34	0.00249	0.00249	0.5	95938	239	95819	4276362	44.57
2015-2019	35	0.00233	0.00233	0.5	95699	223	95588	4180543	43.68
2015-2019	36	0.00253	0.00253	0.5	95476	241	95356	4084955	42.78
2015-2019	37	0.00259	0.00259	0.5	95235	246	95112	3989600	41.89
2015-2019	38	0.00243	0.00243	0.5	94989	230	94874	3894487	41.00
2015-2019	39	0.00266	0.00265	0.5	94759	251	94633	3799614	40.10
2015-2019	40	0.00261	0.00261	0.5	94507	246	94384	3704981	39.20
2015-2019	41	0.00267	0.00266	0.5	94261	251	94135	3610597	38.30
2015-2019	42	0.00249	0.00249	0.5	94010	234	93893	3516461	37.41
2015-2019	43	0.00287	0.00287	0.5	93776	269	93642	3422569	36.50
2015-2019	44	0.00309	0.00308	0.5	93507	288	93363	3328927	35.60
2015-2019	45	0.00356	0.00356	0.5	93219	332	93053	3235564	34.71
2015-2019	46	0.00348	0.00347	0.5	92887	322	92726	3142511	33.83
2015-2019	47	0.00386	0.00386	0.5	92565	357	92386	3049785	32.95
2015-2019	48	0.00435	0.00434	0.5	92208	400	92008	2957399	32.07
2015-2019	49	0.00456	0.00455	0.5	91808	418	91599	2865391	31.21
2015-2019	50	0.00498	0.00496	0.5	91390	454	91163	2773792	30.35
2015-2019	51	0.00559	0.00558	0.5	90936	507	90683	2682629	29.50
2015-2019	52	0.00595	0.00594	0.5	90429	537	90161	2591946	28.66
2015-2019	53	0.00656	0.00654	0.5	89892	588	89598	2501785	27.83
2015-2019	54	0.00665	0.00663	0.5	89304	592	89008	2412187	27.01
2015-2019	55	0.00757	0.00755	0.5	88712	669	88378	2323179	26.19
2015-2019	56	0.00798	0.00795	0.5	88043	700	87693	2234801	25.38
2015-2019	57	0.00878	0.00874	0.5	87343	763	86961	2147108	24.58
2015-2019	58	0.00978	0.00974	0.5	86580	843	86158	2060147	23.79
2015-2019	59	0.01023	0.01018	0.5	85737	873	85300	1973989	23.02
2015-2019	60	0.01100	0.01094	0.5	84864	929	84400	1888688	22.26
2015-2019	61	0.01180	0.01173	0.5	83936	984	83443	1804288	21.50
2015-2019	62	0.01234	0.01226	0.5	82951	1017	82443	1720845	20.75
2015-2019	63	0.01347	0.01338	0.5	81934	1096	81386	1638402	20.00
2015-2019	64	0.01430	0.01420	0.5	80838	1148	80264	1557017	19.26
2015-2019	65	0.01519	0.01508	0.5	79690	1202	79089	1476753	18.53
2015-2019	66	0.01604	0.01591	0.5	78488	1249	77864	1397664	17.81
2015-2019	67	0.01727	0.01712	0.5	77239	1323	76578	1319800	17.09
2015-2019	68	0.01917	0.01899	0.5	75917	1441	75196	1243222	16.38
2015-2019	69	0.02085	0.02063	0.5	74475	1536	73707	1168026	15.68
2015-2019	70	0.02119	0.02097	0.5	72939	1529	72174	1094319	15.00
2015-2019	71	0.02406	0.02378	0.5	71409	1698	70561	1022145	14.31
2015-2019	72	0.02638	0.02603	0.5	69712	1815	68804	951585	13.65
2015-2019	73	0.02807	0.02768	0.5	67897	1880	66957	882780	13.00
2015-2019	74	0.03200	0.03150	0.5	66017	2079	64977	815823	12.36
2015-2019	75	0.03429	0.03371	0.5	63938	2155	62860	750846	11.74
2015-2019	76	0.03763	0.03693	0.5	61782	2282	60641	687986	11.14
2015-2019	77	0.04015	0.03936	0.5	59500	2342	58329	627345	10.54
2015-2019	78	0.04529	0.04429	0.5	57158	2532	55893	569015	9.96
2015-2019	79	0.05068	0.04943	0.5	54627	2700	53277	513123	9.39
2015-2019	80	0.05393	0.05251	0.5	51927	2727	50563	459846	8.86
2015-2019	81	0.06109	0.05928	0.5	49200	2917	47742	409283	8.32
2015-2019	82	0.06699	0.06482	0.5	46283	3000	44783	361541	7.81
2015-2019	83	0.07364	0.07103	0.5	43283	3074	41746	316758	7.32
2015-2019	84	0.07808	0.07515	0.5	40209	3022	38698	275012	6.84
2015-2019	85	0.09039	0.08648	0.5	37187	3216	35579	236314	6.35
2015-2019	86	0.09947	0.09476	0.5	33971	3219	32362	200735	5.91
2015-2019	87	0.10935	0.10368	0.5	30752	3188	29158	168373	5.48
2015-2019	88	0.13116	0.12309	0.5	27564	3393	25867	139216	5.05
2015-2019	89	0.14402	0.13435	0.5	24171	3247	22547	113348	4.69
2015-2019	90	0.16449	0.15199	0.5	20924	3180	19334	90801	4.34
2015-2019	91	0.18316	0.16779	0.5	17743	2977	16255	71467	4.03
2015-2019	92	0.20343	0.18465	0.5	14766	2727	13403	55213	3.74
2015-2019	93	0.22533	0.20252	0.5	12040	2438	10821	41810	3.47
2015-2019	94	0.24885	0.22132	0.5	9601	2125	8539	30989	3.23
2015-2019	95	0.27396	0.24096	0.5	7476	1801	6576	22450	3.00
2015-2019	96	0.30059	0.26131	0.5	5675	1483	4933	15874	2.80
2015-2019	97	0.32863	0.28225	0.5	4192	1183	3600	10941	2.61
2015-2019	98	0.35795	0.30361	0.5	3009	914	2552	7341	2.44
2015-2019	99	0.38838	0.32522	0.5	2095	681	1755	4789	2.29
2015-2019	100	0.41970	0.34690	0.5	1414	490	1169	3034	2.15
2015-2019	101	0.45168	0.36846	0.5	923	340	753	1865	2.02
2015-2019	102	0.48406	0.38973	0.5	583	227	470	1112	1.91
2015-2019	103	0.51658	0.41054	0.5	356	146	283	643	1.81
2015-2019	104	0.54896	0.43073	0.5	210	90	165	360	1.71
2015-2019	105	0.58093	0.45017	0.5	119	54	93	195	1.63
2015-2019	106	0.61223	0.46874	0.5	66	31	50	103	1.56
2015-2019	107	0.64263	0.48636	0.5	35	17	26	52	1.50
2015-2019	108	0.67193	0.50296	0.5	18	9	13	26	1.45
2015-2019	109	0.69995	0.51849	0.5	9	5	7	12	1.40
2015-2019	110+	0.72655	1.00000	1.38	4	4	6	6	1.38
