CA: California, Lifetables (period 5x1), Females Last modified: 20 Dec 2020, MPv5 (May07) 

Year	Age	mx	qx	ax	lx	dx	Lx	Tx	ex
1959	0	0.02053	0.02017	0.11	100000	2017	98206	7476384	74.76
1959	1-4	0.00091	0.00364	1.72	97983	356	391121	7378178	75.30
1959	5-9	0.00036	0.00181	2.35	97627	177	487667	6987057	71.57
1959	10-14	0.00025	0.00124	2.61	97450	121	486963	6499391	66.69
1959	15-19	0.00049	0.00245	2.69	97329	239	486095	6012428	61.77
1959	20-24	0.00061	0.00302	2.75	97091	293	484792	5526333	56.92
1959	25-29	0.00084	0.00417	2.58	96797	403	483009	5041541	52.08
1959	30-34	0.00113	0.00564	2.59	96394	544	480657	4558532	47.29
1959	35-39	0.00158	0.00787	2.72	95850	754	477530	4077875	42.54
1959	40-44	0.00269	0.01338	2.67	95096	1272	472517	3600345	37.86
1959	45-49	0.00415	0.02054	2.66	93823	1927	464606	3127828	33.34
1959	50-54	0.00601	0.02961	2.62	91897	2721	453015	2663222	28.98
1959	55-59	0.00843	0.04133	2.65	89176	3686	437209	2210206	24.78
1959	60-64	0.01234	0.05996	2.68	85490	5126	415561	1772998	20.74
1959	65-69	0.01957	0.09355	2.66	80364	7518	384194	1357437	16.89
1959	70-74	0.03147	0.14651	2.65	72846	10672	339110	973243	13.36
1959	75-79	0.05483	0.24208	2.58	62173	15051	274480	634133	10.20
1959	80-84	0.08769	0.36101	2.55	47122	17012	194008	359653	7.63
1959	85-89	0.14389	0.52386	2.4	30111	15774	109620	165645	5.50
1959	90-94	0.22948	0.69998	2.21	14337	10036	43731	56026	3.91
1959	95-99	0.33231	0.82867	1.98	4301	3564	10726	12295	2.86
1959	100-104	0.46061	0.91606	1.71	737	675	1466	1569	2.13
1959	105-109	0.59504	0.96039	1.47	62	59	100	103	1.67
1959	110+	0.70065	1.00000	1.43	2	2	3	3	1.43
1960	0	0.02031	0.01995	0.11	100000	1995	98224	7454447	74.54
1960	1-4	0.00083	0.00330	1.59	98005	324	391240	7356223	75.06
1960	5-9	0.00034	0.00169	2.27	97681	165	487954	6964983	71.30
1960	10-14	0.00028	0.00138	2.62	97516	135	487257	6477029	66.42
1960	15-19	0.00056	0.00278	2.74	97381	270	486293	5989773	61.51
1960	20-24	0.00065	0.00322	2.55	97110	313	484783	5503480	56.67
1960	25-29	0.00081	0.00405	2.59	96797	392	483043	5018696	51.85
1960	30-34	0.00116	0.00577	2.6	96405	557	480691	4535654	47.05
1960	35-39	0.00168	0.00837	2.67	95849	802	477371	4054962	42.31
1960	40-44	0.00273	0.01354	2.72	95047	1287	472294	3577591	37.64
1960	45-49	0.00413	0.02047	2.62	93759	1919	464221	3105297	33.12
1960	50-54	0.00613	0.03020	2.61	91841	2773	452585	2641076	28.76
1960	55-59	0.00866	0.04242	2.64	89067	3778	436434	2188491	24.57
1960	60-64	0.01266	0.06149	2.65	85289	5245	414134	1752057	20.54
1960	65-69	0.02015	0.09620	2.65	80044	7701	382106	1337923	16.71
1960	70-74	0.03226	0.14999	2.66	72344	10851	336364	955817	13.21
1960	75-79	0.05553	0.24519	2.62	61493	15077	271513	619453	10.07
1960	80-84	0.08944	0.36618	2.53	46416	16996	190022	347940	7.50
1960	85-89	0.14716	0.53194	2.4	29419	15649	106345	157918	5.37
1960	90-94	0.24085	0.71321	2.14	13770	9821	40777	51573	3.75
1960	95-99	0.34928	0.84456	1.94	3949	3335	9549	10796	2.73
1960	100-104	0.48389	0.92666	1.67	614	569	1176	1248	2.03
1960	105-109	0.62183	0.96608	1.43	45	43	70	72	1.60
1960	110+	0.72789	1.00000	1.37	2	2	2	2	1.37
1961	0	0.02076	0.02038	0.11	100000	2038	98188	7473994	74.74
1961	1-4	0.00085	0.00339	1.6	97962	333	391047	7375806	75.29
1961	5-9	0.00036	0.00182	2.14	97629	178	487637	6984759	71.54
1961	10-14	0.00027	0.00135	2.57	97451	132	486936	6497122	66.67
1961	15-19	0.00049	0.00245	2.76	97319	238	486062	6010186	61.76
1961	20-24	0.00072	0.00360	2.51	97081	350	484534	5524123	56.90
1961	25-29	0.00077	0.00382	2.62	96731	370	482775	5039589	52.10
1961	30-34	0.00112	0.00561	2.62	96361	540	480523	4556814	47.29
1961	35-39	0.00166	0.00825	2.63	95821	790	477233	4076291	42.54
1961	40-44	0.00255	0.01269	2.7	95031	1206	472377	3599059	37.87
1961	45-49	0.00411	0.02035	2.7	93825	1909	464727	3126682	33.32
1961	50-54	0.00623	0.03069	2.65	91915	2821	452950	2661955	28.96
1961	55-59	0.00843	0.04132	2.59	89095	3682	436606	2209005	24.79
1961	60-64	0.01246	0.06055	2.66	85413	5171	414989	1772400	20.75
1961	65-69	0.01940	0.09273	2.62	80242	7441	383485	1357411	16.92
1961	70-74	0.03176	0.14772	2.63	72801	10754	338559	973925	13.38
1961	75-79	0.05276	0.23421	2.6	62047	14532	275418	635366	10.24
1961	80-84	0.08753	0.36047	2.55	47515	17128	195674	359948	7.58
1961	85-89	0.14979	0.53771	2.38	30387	16340	109081	164274	5.41
1961	90-94	0.22614	0.69160	2.19	14048	9715	42963	55193	3.93
1961	95-99	0.33704	0.83319	1.97	4332	3610	10710	12230	2.82
1961	100-104	0.46671	0.91895	1.7	723	664	1423	1520	2.10
1961	105-109	0.60182	0.96190	1.46	59	56	94	97	1.65
1961	110+	0.70741	1.00000	1.41	2	2	3	3	1.41
1962	0	0.01993	0.01958	0.11	100000	1958	98255	7473118	74.73
1962	1-4	0.00077	0.00308	1.67	98042	302	391462	7374863	75.22
1962	5-9	0.00034	0.00171	2.27	97739	167	488241	6983402	71.45
1962	10-14	0.00025	0.00127	2.58	97572	124	487563	6495161	66.57
1962	15-19	0.00052	0.00258	2.73	97449	251	486673	6007598	61.65
1962	20-24	0.00070	0.00350	2.51	97197	340	485140	5520925	56.80
1962	25-29	0.00080	0.00401	2.59	96858	389	483352	5035785	51.99
1962	30-34	0.00115	0.00573	2.68	96469	553	481065	4552434	47.19
1962	35-39	0.00178	0.00887	2.65	95916	851	477581	4071369	42.45
1962	40-44	0.00271	0.01347	2.75	95065	1281	472443	3593788	37.80
1962	45-49	0.00421	0.02085	2.67	93784	1956	464355	3121345	33.28
1962	50-54	0.00609	0.03000	2.66	91828	2755	452695	2656990	28.93
1962	55-59	0.00868	0.04251	2.58	89074	3787	436186	2204295	24.75
1962	60-64	0.01283	0.06229	2.68	85287	5313	414107	1768109	20.73
1962	65-69	0.01962	0.09371	2.61	79974	7494	381982	1354002	16.93
1962	70-74	0.03161	0.14710	2.64	72480	10662	337263	972019	13.41
1962	75-79	0.05334	0.23682	2.63	61818	14639	274440	634756	10.27
1962	80-84	0.08771	0.36075	2.54	47179	17019	194032	360317	7.64
1962	85-89	0.14495	0.52712	2.41	30159	15897	109677	166285	5.51
1962	90-94	0.22398	0.68928	2.21	14262	9830	43890	56608	3.97
1962	95-99	0.33085	0.82718	1.98	4431	3666	11079	12718	2.87
1962	100-104	0.45818	0.91484	1.72	766	701	1529	1639	2.14
1962	105-109	0.59189	0.95964	1.48	65	63	106	110	1.68
1962	110+	0.69718	1.00000	1.43	3	3	4	4	1.43
1963	0	0.01936	0.01903	0.11	100000	1903	98301	7465262	74.65
1963	1-4	0.00081	0.00324	1.65	98097	318	391637	7366961	75.10
1963	5-9	0.00034	0.00167	2.15	97778	164	488426	6975324	71.34
1963	10-14	0.00023	0.00117	2.71	97615	114	487811	6486898	66.45
1963	15-19	0.00052	0.00258	2.86	97500	252	486964	5999087	61.53
1963	20-24	0.00075	0.00374	2.63	97249	364	485383	5512122	56.68
1963	25-29	0.00083	0.00416	2.5	96885	403	483416	5026739	51.88
1963	30-34	0.00121	0.00605	2.59	96482	584	480999	4543323	47.09
1963	35-39	0.00180	0.00894	2.66	95898	857	477480	4062323	42.36
1963	40-44	0.00272	0.01351	2.7	95041	1284	472250	3584843	37.72
1963	45-49	0.00434	0.02148	2.64	93756	2014	464028	3112593	33.20
1963	50-54	0.00618	0.03047	2.65	91743	2795	452149	2648565	28.87
1963	55-59	0.00875	0.04287	2.6	88947	3813	435597	2196416	24.69
1963	60-64	0.01299	0.06305	2.65	85134	5367	413048	1760819	20.68
1963	65-69	0.01975	0.09429	2.6	79767	7521	380772	1347771	16.90
1963	70-74	0.03163	0.14703	2.61	72246	10623	335825	966999	13.38
1963	75-79	0.05192	0.23037	2.56	61623	14196	273409	631174	10.24
1963	80-84	0.08947	0.36716	2.56	47427	17413	194618	357765	7.54
1963	85-89	0.14701	0.53026	2.37	30014	15915	108261	163147	5.44
1963	90-94	0.22882	0.69598	2.19	14099	9812	42883	54886	3.89
1963	95-99	0.34010	0.83603	1.96	4286	3583	10536	12003	2.80
1963	100-104	0.47045	0.92065	1.69	703	647	1375	1467	2.09
1963	105-109	0.60575	0.96274	1.46	56	54	89	92	1.64
1963	110+	0.71119	1.00000	1.41	2	2	3	3	1.41
1964	0	0.01896	0.01865	0.11	100000	1865	98333	7469112	74.69
1964	1-4	0.00084	0.00336	1.63	98135	330	391759	7370778	75.11
1964	5-9	0.00036	0.00179	2.19	97806	175	488537	6979019	71.36
1964	10-14	0.00030	0.00149	2.51	97631	145	487792	6490482	66.48
1964	15-19	0.00055	0.00276	2.81	97486	269	486838	6002690	61.58
1964	20-24	0.00079	0.00392	2.67	97216	381	485194	5515852	56.74
1964	25-29	0.00091	0.00455	2.43	96835	440	483043	5030658	51.95
1964	30-34	0.00117	0.00584	2.57	96395	563	480607	4547615	47.18
1964	35-39	0.00178	0.00884	2.73	95832	848	477233	4067008	42.44
1964	40-44	0.00264	0.01313	2.67	94984	1247	472017	3589774	37.79
1964	45-49	0.00423	0.02094	2.67	93737	1963	464118	3117757	33.26
1964	50-54	0.00643	0.03165	2.65	91775	2905	452055	2653640	28.91
1964	55-59	0.00874	0.04284	2.64	88870	3807	435383	2201585	24.77
1964	60-64	0.01260	0.06121	2.66	85063	5206	413115	1766202	20.76
1964	65-69	0.01969	0.09407	2.63	79857	7512	381482	1353087	16.94
1964	70-74	0.03188	0.14832	2.66	72344	10730	336587	971604	13.43
1964	75-79	0.05132	0.22795	2.55	61614	14045	273667	635017	10.31
1964	80-84	0.08819	0.36267	2.55	47569	17252	195624	361350	7.60
1964	85-89	0.14659	0.53145	2.41	30317	16112	109915	165726	5.47
1964	90-94	0.22537	0.68994	2.19	14205	9801	43488	55811	3.93
1964	95-99	0.34035	0.83643	1.96	4404	3684	10824	12323	2.80
1964	100-104	0.47210	0.92149	1.69	720	664	1406	1499	2.08
1964	105-109	0.60869	0.96341	1.45	57	54	90	92	1.63
1964	110+	0.71485	1.00000	1.4	2	2	3	3	1.40
1965	0	0.01850	0.01820	0.1	100000	1820	98371	7488344	74.88
1965	1-4	0.00077	0.00309	1.67	98180	303	392014	7389974	75.27
1965	5-9	0.00032	0.00162	2.31	97876	159	488956	6997960	71.50
1965	10-14	0.00027	0.00135	2.72	97718	132	488289	6509004	66.61
1965	15-19	0.00052	0.00262	2.89	97586	255	487391	6020715	61.70
1965	20-24	0.00072	0.00361	2.54	97331	351	485790	5533324	56.85
1965	25-29	0.00082	0.00411	2.58	96979	399	483933	5047535	52.05
1965	30-34	0.00125	0.00624	2.67	96581	603	481498	4563601	47.25
1965	35-39	0.00172	0.00858	2.76	95978	823	478042	4082103	42.53
1965	40-44	0.00270	0.01343	2.69	95154	1278	472818	3604061	37.88
1965	45-49	0.00429	0.02126	2.69	93877	1995	464773	3131243	33.35
1965	50-54	0.00638	0.03141	2.61	91881	2886	452517	2666470	29.02
1965	55-59	0.00884	0.04330	2.62	88996	3854	435803	2213953	24.88
1965	60-64	0.01283	0.06226	2.64	85142	5301	413208	1778151	20.88
1965	65-69	0.01918	0.09174	2.63	79841	7325	381878	1364943	17.10
1965	70-74	0.03169	0.14737	2.63	72516	10687	337217	983064	13.56
1965	75-79	0.05079	0.22587	2.55	61829	13966	274962	645847	10.45
1965	80-84	0.08463	0.35075	2.56	47864	16788	198362	370886	7.75
1965	85-89	0.14460	0.52573	2.41	31075	16337	112984	172524	5.55
1965	90-94	0.21724	0.67675	2.21	14738	9974	45913	59540	4.04
1965	95-99	0.33184	0.82850	1.98	4764	3947	11894	13628	2.86
1965	100-104	0.46232	0.91706	1.71	817	749	1621	1733	2.12
1965	105-109	0.59894	0.96135	1.47	68	65	109	112	1.66
1965	110+	0.70592	1.00000	1.42	3	3	4	4	1.42
1966	0	0.01776	0.01748	0.1	100000	1748	98431	7479252	74.79
1966	1-4	0.00079	0.00317	1.61	98252	312	392261	7380820	75.12
1966	5-9	0.00033	0.00164	2.26	97940	161	489258	6988560	71.36
1966	10-14	0.00030	0.00149	2.52	97779	146	488532	6499302	66.47
1966	15-19	0.00055	0.00274	2.75	97633	267	487562	6010770	61.57
1966	20-24	0.00068	0.00341	2.51	97366	332	486004	5523209	56.73
1966	25-29	0.00090	0.00448	2.58	97034	435	484118	5037205	51.91
1966	30-34	0.00130	0.00646	2.62	96599	624	481512	4553087	47.13
1966	35-39	0.00175	0.00871	2.72	95975	836	477974	4071575	42.42
1966	40-44	0.00285	0.01415	2.69	95139	1346	472588	3593601	37.77
1966	45-49	0.00420	0.02080	2.65	93793	1951	464379	3121013	33.28
1966	50-54	0.00619	0.03050	2.69	91842	2801	452733	2656634	28.93
1966	55-59	0.00873	0.04277	2.67	89041	3809	436335	2203901	24.75
1966	60-64	0.01259	0.06110	2.59	85233	5207	413600	1767565	20.74
1966	65-69	0.01967	0.09394	2.62	80025	7518	382219	1353965	16.92
1966	70-74	0.03197	0.14870	2.65	72508	10782	337228	971746	13.40
1966	75-79	0.05255	0.23305	2.58	61725	14385	273769	634518	10.28
1966	80-84	0.08686	0.35792	2.54	47340	16944	195065	360749	7.62
1966	85-89	0.14652	0.53047	2.4	30396	16124	110052	165685	5.45
1966	90-94	0.22925	0.70013	2.22	14272	9992	43586	55633	3.90
1966	95-99	0.33803	0.83428	1.97	4280	3570	10563	12046	2.81
1966	100-104	0.46933	0.92025	1.7	709	653	1391	1483	2.09
1966	105-109	0.60583	0.96281	1.46	57	54	90	93	1.64
1966	110+	0.71217	1.00000	1.4	2	2	3	3	1.40
1967	0	0.01688	0.01663	0.1	100000	1663	98504	7522793	75.23
1967	1-4	0.00071	0.00283	1.6	98337	278	392684	7424289	75.50
1967	5-9	0.00035	0.00177	2.27	98059	173	489823	7031605	71.71
1967	10-14	0.00029	0.00146	2.67	97886	143	489098	6541782	66.83
1967	15-19	0.00063	0.00316	2.78	97743	309	488028	6052684	61.92
1967	20-24	0.00072	0.00358	2.57	97434	349	486323	5564656	57.11
1967	25-29	0.00087	0.00435	2.61	97085	423	484413	5078333	52.31
1967	30-34	0.00114	0.00567	2.73	96662	548	482070	4593920	47.53
1967	35-39	0.00176	0.00877	2.66	96114	843	478596	4111850	42.78
1967	40-44	0.00269	0.01334	2.63	95271	1271	473337	3633253	38.14
1967	45-49	0.00422	0.02091	2.65	94000	1966	465383	3159916	33.62
1967	50-54	0.00608	0.02998	2.63	92034	2759	453640	2694534	29.28
1967	55-59	0.00878	0.04299	2.63	89275	3838	437282	2240894	25.10
1967	60-64	0.01247	0.06053	2.6	85437	5171	414773	1803611	21.11
1967	65-69	0.01879	0.08990	2.62	80265	7216	384117	1388838	17.30
1967	70-74	0.03065	0.14292	2.64	73049	10440	340578	1004721	13.75
1967	75-79	0.05040	0.22476	2.6	62609	14072	279202	664143	10.61
1967	80-84	0.08222	0.34224	2.55	48537	16611	202031	384942	7.93
1967	85-89	0.13791	0.50811	2.41	31925	16222	117627	182911	5.73
1967	90-94	0.21103	0.66681	2.24	15704	10471	49620	65284	4.16
1967	95-99	0.31517	0.81148	2.01	5232	4246	13472	15664	2.99
1967	100-104	0.43977	0.90556	1.75	986	893	2031	2193	2.22
1967	105-109	0.57296	0.95511	1.51	93	89	155	161	1.73
1967	110+	0.67924	1.00000	1.47	4	4	6	6	1.47
1968	0	0.01636	0.01612	0.1	100000	1612	98547	7536529	75.37
1968	1-4	0.00071	0.00285	1.59	98388	280	392875	7437982	75.60
1968	5-9	0.00034	0.00170	2.3	98108	167	490087	7045107	71.81
1968	10-14	0.00025	0.00125	2.75	97940	123	489426	6555020	66.93
1968	15-19	0.00060	0.00298	2.7	97818	292	488419	6065594	62.01
1968	20-24	0.00071	0.00357	2.51	97526	348	486763	5577175	57.19
1968	25-29	0.00083	0.00412	2.54	97178	401	484904	5090413	52.38
1968	30-34	0.00114	0.00568	2.66	96777	549	482601	4605509	47.59
1968	35-39	0.00165	0.00822	2.72	96228	791	479334	4122907	42.85
1968	40-44	0.00276	0.01372	2.64	95437	1310	474098	3643573	38.18
1968	45-49	0.00408	0.02022	2.65	94127	1904	466157	3169475	33.67
1968	50-54	0.00612	0.03014	2.6	92224	2779	454446	2703319	29.31
1968	55-59	0.00903	0.04419	2.61	89445	3953	437792	2248873	25.14
1968	60-64	0.01266	0.06142	2.59	85492	5251	414815	1811081	21.18
1968	65-69	0.01840	0.08813	2.61	80241	7072	384281	1396266	17.40
1968	70-74	0.02963	0.13839	2.62	73169	10126	341748	1011985	13.83
1968	75-79	0.04991	0.22272	2.59	63043	14041	281313	670237	10.63
1968	80-84	0.08294	0.34484	2.56	49002	16898	203738	388924	7.94
1968	85-89	0.13728	0.50827	2.45	32104	16318	118867	185186	5.77
1968	90-94	0.20804	0.65623	2.19	15787	10360	49798	66319	4.20
1968	95-99	0.30937	0.80502	2.02	5427	4369	14122	16521	3.04
1968	100-104	0.43045	0.90026	1.77	1058	953	2213	2400	2.27
1968	105-109	0.56087	0.95181	1.53	106	100	179	187	1.77
1968	110+	0.66574	1.00000	1.5	5	5	8	8	1.50
1969	0	0.01645	0.01620	0.1	100000	1620	98540	7517876	75.18
1969	1-4	0.00076	0.00302	1.66	98380	297	392821	7419336	75.42
1969	5-9	0.00034	0.00170	2.29	98082	167	489958	7026514	71.64
1969	10-14	0.00032	0.00159	2.69	97915	155	489216	6536556	66.76
1969	15-19	0.00070	0.00352	2.8	97760	344	488041	6047341	61.86
1969	20-24	0.00082	0.00408	2.46	97416	398	486068	5559299	57.07
1969	25-29	0.00091	0.00455	2.62	97018	441	484037	5073232	52.29
1969	30-34	0.00120	0.00597	2.74	96577	577	481580	4589195	47.52
1969	35-39	0.00185	0.00919	2.68	96000	882	477954	4107615	42.79
1969	40-44	0.00262	0.01301	2.7	95118	1237	472742	3629661	38.16
1969	45-49	0.00407	0.02016	2.63	93880	1893	464925	3156919	33.63
1969	50-54	0.00600	0.02960	2.64	91987	2722	453524	2691994	29.26
1969	55-59	0.00889	0.04355	2.61	89265	3887	437034	2238470	25.08
1969	60-64	0.01244	0.06043	2.64	85378	5159	414695	1801436	21.10
1969	65-69	0.01870	0.08957	2.66	80218	7185	384251	1386741	17.29
1969	70-74	0.02990	0.13964	2.64	73034	10199	341120	1002490	13.73
1969	75-79	0.05036	0.22472	2.61	62835	14121	280412	661370	10.53
1969	80-84	0.08429	0.34930	2.55	48714	17016	201871	380958	7.82
1969	85-89	0.13885	0.51065	2.41	31699	16187	116579	179086	5.65
1969	90-94	0.22073	0.68420	2.22	15512	10613	48082	62507	4.03
1969	95-99	0.32120	0.81770	2	4899	4006	12471	14425	2.94
1969	100-104	0.44712	0.90940	1.74	893	812	1816	1955	2.19
1969	105-109	0.58079	0.95705	1.5	81	77	133	138	1.71
1969	110+	0.68688	1.00000	1.46	3	3	5	5	1.46
1970	0	0.01576	0.01554	0.1	100000	1554	98597	7545352	75.45
1970	1-4	0.00069	0.00276	1.66	98446	271	393147	7446755	75.64
1970	5-9	0.00028	0.00141	2.23	98174	138	490489	7053608	71.85
1970	10-14	0.00029	0.00144	2.73	98036	142	489859	6563119	66.95
1970	15-19	0.00071	0.00354	2.81	97895	347	488713	6073260	62.04
1970	20-24	0.00080	0.00398	2.44	97548	388	486748	5584547	57.25
1970	25-29	0.00090	0.00449	2.63	97160	437	484762	5097799	52.47
1970	30-34	0.00117	0.00583	2.58	96723	564	482252	4613037	47.69
1970	35-39	0.00172	0.00857	2.59	96160	824	478811	4130785	42.96
1970	40-44	0.00264	0.01314	2.69	95335	1252	473788	3651974	38.31
1970	45-49	0.00419	0.02073	2.61	94083	1951	465756	3178186	33.78
1970	50-54	0.00608	0.02998	2.63	92132	2762	454120	2712430	29.44
1970	55-59	0.00900	0.04407	2.62	89371	3939	437478	2258310	25.27
1970	60-64	0.01249	0.06064	2.63	85432	5180	414865	1820832	21.31
1970	65-69	0.01866	0.08932	2.62	80252	7168	384177	1405967	17.52
1970	70-74	0.02898	0.13564	2.64	73084	9913	342045	1021789	13.98
1970	75-79	0.04928	0.22036	2.6	63171	13920	282471	679744	10.76
1970	80-84	0.08024	0.33518	2.55	49251	16508	205729	397273	8.07
1970	85-89	0.13193	0.49155	2.41	32743	16095	121996	191544	5.85
1970	90-94	0.21052	0.66574	2.24	16648	11083	52647	69549	4.18
1970	95-99	0.30988	0.80595	2.02	5565	4485	14473	16902	3.04
1970	100-104	0.43412	0.90258	1.76	1080	975	2245	2429	2.25
1970	105-109	0.56770	0.95379	1.52	105	100	177	184	1.75
1970	110+	0.67467	1.00000	1.48	5	5	7	7	1.48
1971	0	0.01399	0.01381	0.09	100000	1381	98746	7562919	75.63
1971	1-4	0.00067	0.00269	1.77	98619	265	393883	7464173	75.69
1971	5-9	0.00031	0.00153	2.11	98353	151	491331	7070290	71.89
1971	10-14	0.00025	0.00125	2.65	98203	123	490726	6578959	66.99
1971	15-19	0.00067	0.00336	2.79	98080	330	489673	6088233	62.07
1971	20-24	0.00083	0.00415	2.5	97750	406	487737	5598560	57.27
1971	25-29	0.00090	0.00447	2.56	97345	435	485664	5110823	52.50
1971	30-34	0.00110	0.00549	2.61	96910	532	483277	4625160	47.73
1971	35-39	0.00177	0.00882	2.66	96378	850	479902	4141883	42.98
1971	40-44	0.00263	0.01306	2.63	95527	1248	474684	3661981	38.33
1971	45-49	0.00411	0.02036	2.67	94280	1919	466934	3187297	33.81
1971	50-54	0.00599	0.02956	2.64	92361	2730	455370	2720363	29.45
1971	55-59	0.00897	0.04394	2.66	89631	3939	438939	2264992	25.27
1971	60-64	0.01297	0.06294	2.65	85692	5394	415761	1826053	21.31
1971	65-69	0.01804	0.08643	2.57	80298	6940	384660	1410292	17.56
1971	70-74	0.02888	0.13509	2.61	73358	9910	343153	1025632	13.98
1971	75-79	0.04878	0.21835	2.6	63448	13854	284008	682479	10.76
1971	80-84	0.07935	0.33197	2.54	49594	16464	207484	398471	8.03
1971	85-89	0.13559	0.50167	2.41	33130	16620	122577	190987	5.76
1971	90-94	0.21155	0.66985	2.26	16510	11059	52275	68410	4.14
1971	95-99	0.31893	0.81586	2.01	5451	4447	13944	16135	2.96
1971	100-104	0.44820	0.91030	1.74	1004	914	2038	2191	2.18
1971	105-109	0.58553	0.95837	1.49	90	86	147	153	1.70
1971	110+	0.69413	1.00000	1.44	4	4	5	5	1.44
1972	0	0.01343	0.01327	0.09	100000	1327	98793	7594087	75.94
1972	1-4	0.00071	0.00283	1.72	98673	279	394056	7495294	75.96
1972	5-9	0.00031	0.00153	2.28	98394	151	491562	7101237	72.17
1972	10-14	0.00027	0.00135	2.87	98244	133	490934	6609676	67.28
1972	15-19	0.00060	0.00299	2.83	98110	293	489917	6118742	62.37
1972	20-24	0.00086	0.00427	2.51	97817	418	488047	5628824	57.54
1972	25-29	0.00084	0.00420	2.6	97400	409	486015	5140777	52.78
1972	30-34	0.00113	0.00565	2.65	96991	548	483664	4654762	47.99
1972	35-39	0.00163	0.00814	2.71	96443	785	480413	4171098	43.25
1972	40-44	0.00251	0.01245	2.64	95657	1191	475472	3690685	38.58
1972	45-49	0.00404	0.01998	2.58	94466	1888	467766	3215213	34.04
1972	50-54	0.00590	0.02912	2.69	92579	2696	456673	2747447	29.68
1972	55-59	0.00831	0.04077	2.66	89882	3665	440846	2290774	25.49
1972	60-64	0.01259	0.06112	2.62	86217	5269	418548	1849928	21.46
1972	65-69	0.01754	0.08411	2.58	80948	6809	388238	1431381	17.68
1972	70-74	0.02916	0.13645	2.65	74140	10116	346922	1043142	14.07
1972	75-79	0.04807	0.21554	2.6	64023	13800	287055	696220	10.87
1972	80-84	0.07718	0.32367	2.51	50223	16256	210608	409165	8.15
1972	85-89	0.13448	0.49990	2.43	33968	16980	126265	198557	5.85
1972	90-94	0.20386	0.65333	2.25	16987	11098	54442	72291	4.26
1972	95-99	0.31042	0.80680	2.02	5889	4751	15306	17849	3.03
1972	100-104	0.43690	0.90430	1.76	1138	1029	2355	2544	2.24
1972	105-109	0.57268	0.95518	1.51	109	104	182	189	1.73
1972	110+	0.68106	1.00000	1.47	5	5	7	7	1.47
1973	0	0.01265	0.01250	0.09	100000	1250	98860	7616495	76.16
1973	1-4	0.00064	0.00256	1.68	98750	253	394412	7517634	76.13
1973	5-9	0.00029	0.00145	2.3	98497	143	492098	7123222	72.32
1973	10-14	0.00025	0.00125	2.81	98354	123	491500	6631124	67.42
1973	15-19	0.00062	0.00308	2.82	98231	302	490496	6139625	62.50
1973	20-24	0.00076	0.00379	2.52	97929	371	488725	5649129	57.69
1973	25-29	0.00083	0.00413	2.58	97558	403	486814	5160404	52.90
1973	30-34	0.00102	0.00509	2.58	97155	494	484581	4673590	48.10
1973	35-39	0.00161	0.00800	2.66	96661	774	481491	4189009	43.34
1973	40-44	0.00237	0.01177	2.59	95887	1129	476717	3707518	38.67
1973	45-49	0.00397	0.01967	2.67	94758	1864	469446	3230801	34.10
1973	50-54	0.00564	0.02785	2.61	92894	2587	458299	2761355	29.73
1973	55-59	0.00846	0.04147	2.63	90307	3745	442677	2303056	25.50
1973	60-64	0.01215	0.05905	2.61	86562	5111	420620	1860379	21.49
1973	65-69	0.01801	0.08627	2.57	81451	7027	390213	1439759	17.68
1973	70-74	0.02825	0.13236	2.63	74424	9851	348746	1049546	14.10
1973	75-79	0.04644	0.20901	2.61	64573	13496	290638	700800	10.85
1973	80-84	0.08003	0.33490	2.57	51077	17106	213734	410162	8.03
1973	85-89	0.13501	0.50192	2.44	33971	17051	126290	196428	5.78
1973	90-94	0.21163	0.66951	2.26	16921	11328	53530	70138	4.15
1973	95-99	0.31776	0.81460	2.01	5592	4555	14335	16608	2.97
1973	100-104	0.44631	0.90929	1.74	1037	943	2112	2272	2.19
1973	105-109	0.58309	0.95777	1.49	94	90	154	160	1.70
1973	110+	0.69145	1.00000	1.45	4	4	6	6	1.45
1974	0	0.01249	0.01235	0.09	100000	1235	98874	7659833	76.60
1974	1-4	0.00068	0.00273	1.5	98765	270	394388	7560960	76.55
1974	5-9	0.00030	0.00149	2.37	98496	146	492094	7166571	72.76
1974	10-14	0.00024	0.00122	2.71	98349	120	491474	6674477	67.86
1974	15-19	0.00057	0.00287	2.78	98230	282	490523	6183004	62.94
1974	20-24	0.00071	0.00353	2.55	97948	346	488891	5692480	58.12
1974	25-29	0.00081	0.00406	2.49	97602	396	487016	5203589	53.31
1974	30-34	0.00100	0.00500	2.6	97206	486	484860	4716573	48.52
1974	35-39	0.00152	0.00758	2.61	96720	733	481846	4231713	43.75
1974	40-44	0.00232	0.01154	2.64	95987	1108	477324	3749867	39.07
1974	45-49	0.00365	0.01810	2.64	94879	1718	470349	3272544	34.49
1974	50-54	0.00542	0.02676	2.66	93162	2493	459968	2802195	30.08
1974	55-59	0.00836	0.04100	2.67	90668	3718	444663	2342227	25.83
1974	60-64	0.01199	0.05830	2.66	86951	5069	422872	1897564	21.82
1974	65-69	0.01711	0.08223	2.63	81882	6733	393457	1474692	18.01
1974	70-74	0.02721	0.12777	2.63	75149	9602	352941	1081236	14.39
1974	75-79	0.04517	0.20368	2.59	65547	13351	295587	728295	11.11
1974	80-84	0.07517	0.31806	2.58	52196	16602	220867	432708	8.29
1974	85-89	0.12904	0.48395	2.42	35594	17226	133489	211841	5.95
1974	90-94	0.20431	0.65789	2.29	18368	12084	59147	78352	4.27
1974	95-99	0.30724	0.80363	2.03	6284	5050	16436	19205	3.06
1974	100-104	0.43513	0.90353	1.76	1234	1115	2562	2769	2.24
1974	105-109	0.57281	0.95532	1.51	119	114	199	206	1.73
1974	110+	0.68269	1.00000	1.46	5	5	8	8	1.46
1975	0	0.01231	0.01218	0.09	100000	1218	98889	7692806	76.93
1975	1-4	0.00064	0.00254	1.56	98782	251	394517	7593917	76.88
1975	5-9	0.00030	0.00152	2.31	98532	150	492254	7199400	73.07
1975	10-14	0.00021	0.00103	2.72	98382	101	491677	6707146	68.17
1975	15-19	0.00051	0.00255	2.72	98280	251	490832	6215469	63.24
1975	20-24	0.00074	0.00369	2.56	98030	362	489266	5724637	58.40
1975	25-29	0.00080	0.00399	2.57	97668	390	487391	5235371	53.60
1975	30-34	0.00100	0.00499	2.54	97278	485	485198	4747980	48.81
1975	35-39	0.00134	0.00669	2.7	96793	648	482475	4262782	44.04
1975	40-44	0.00239	0.01189	2.68	96145	1144	478070	3780307	39.32
1975	45-49	0.00353	0.01751	2.65	95002	1663	471094	3302237	34.76
1975	50-54	0.00553	0.02732	2.65	93338	2550	460688	2831143	30.33
1975	55-59	0.00814	0.03996	2.66	90788	3628	445465	2370456	26.11
1975	60-64	0.01183	0.05753	2.63	87160	5014	423900	1924991	22.09
1975	65-69	0.01715	0.08236	2.62	82146	6766	394615	1501091	18.27
1975	70-74	0.02632	0.12395	2.65	75380	9344	354962	1106476	14.68
1975	75-79	0.04358	0.19757	2.64	66036	13047	299388	751514	11.38
1975	80-84	0.07248	0.30825	2.58	52989	16334	225346	452126	8.53
1975	85-89	0.12015	0.46044	2.46	36656	16878	140471	226779	6.19
1975	90-94	0.19886	0.64135	2.23	19778	12685	63787	86309	4.36
1975	95-99	0.29388	0.78844	2.06	7093	5593	19030	22522	3.18
1975	100-104	0.41827	0.89387	1.8	1501	1341	3207	3492	2.33
1975	105-109	0.55436	0.95038	1.54	159	151	273	285	1.79
1975	110+	0.66436	1.00000	1.51	8	8	12	12	1.51
1976	0	0.01177	0.01165	0.09	100000	1165	98935	7729484	77.29
1976	1-4	0.00059	0.00237	1.54	98835	234	394764	7630549	77.20
1976	5-9	0.00028	0.00140	2.37	98601	138	492644	7235784	73.38
1976	10-14	0.00024	0.00119	2.5	98463	117	492024	6743141	68.48
1976	15-19	0.00056	0.00280	2.74	98346	276	491110	6251117	63.56
1976	20-24	0.00073	0.00363	2.53	98071	356	489472	5760007	58.73
1976	25-29	0.00077	0.00382	2.54	97714	373	487653	5270535	53.94
1976	30-34	0.00097	0.00482	2.67	97341	470	485610	4782882	49.14
1976	35-39	0.00136	0.00677	2.66	96871	656	482823	4297273	44.36
1976	40-44	0.00218	0.01084	2.64	96216	1043	478616	3814449	39.64
1976	45-49	0.00342	0.01698	2.68	95173	1616	472108	3335833	35.05
1976	50-54	0.00512	0.02531	2.64	93557	2368	462186	2863725	30.61
1976	55-59	0.00787	0.03865	2.66	91189	3525	447699	2401539	26.34
1976	60-64	0.01181	0.05745	2.63	87665	5036	426390	1953840	22.29
1976	65-69	0.01687	0.08114	2.65	82628	6705	397378	1527450	18.49
1976	70-74	0.02516	0.11862	2.6	75924	9006	358003	1130072	14.88
1976	75-79	0.04185	0.19020	2.61	66917	12727	304142	772069	11.54
1976	80-84	0.07061	0.30141	2.57	54190	16333	231314	467927	8.63
1976	85-89	0.11944	0.45833	2.46	37857	17351	145274	236613	6.25
1976	90-94	0.19309	0.63260	2.28	20506	12972	67182	91338	4.45
1976	95-99	0.29044	0.78447	2.07	7534	5910	20348	24156	3.21
1976	100-104	0.41471	0.89180	1.8	1624	1448	3492	3808	2.35
1976	105-109	0.55121	0.94953	1.55	176	167	303	316	1.80
1976	110+	0.66178	1.00000	1.51	9	9	13	13	1.51
1977	0	0.01124	0.01112	0.08	100000	1112	98982	7768005	77.68
1977	1-4	0.00058	0.00231	1.6	98888	229	395002	7669023	77.55
1977	5-9	0.00025	0.00125	2.43	98659	123	492977	7274021	73.73
1977	10-14	0.00023	0.00114	2.78	98535	112	492427	6781044	68.82
1977	15-19	0.00061	0.00304	2.74	98423	299	491439	6288617	63.89
1977	20-24	0.00079	0.00394	2.55	98124	387	489669	5797178	59.08
1977	25-29	0.00075	0.00376	2.53	97737	368	487776	5307509	54.30
1977	30-34	0.00093	0.00464	2.62	97369	452	485769	4819732	49.50
1977	35-39	0.00126	0.00629	2.62	96917	609	483137	4333963	44.72
1977	40-44	0.00223	0.01108	2.61	96308	1067	478986	3850826	39.98
1977	45-49	0.00329	0.01632	2.73	95241	1554	472681	3371840	35.40
1977	50-54	0.00503	0.02488	2.64	93686	2331	462928	2899159	30.95
1977	55-59	0.00783	0.03845	2.64	91355	3512	448486	2436231	26.67
1977	60-64	0.01153	0.05616	2.67	87843	4933	427705	1987745	22.63
1977	65-69	0.01608	0.07742	2.61	82910	6419	399228	1560040	18.82
1977	70-74	0.02494	0.11776	2.64	76492	9008	361163	1160812	15.18
1977	75-79	0.04035	0.18425	2.64	67484	12434	308126	799649	11.85
1977	80-84	0.06758	0.29034	2.58	55050	15983	236495	491523	8.93
1977	85-89	0.11051	0.43208	2.48	39067	16880	152748	255028	6.53
1977	90-94	0.18615	0.61755	2.28	22187	13702	73606	102280	4.61
1977	95-99	0.27309	0.76259	2.11	8485	6471	23695	28674	3.38
1977	100-104	0.39159	0.87662	1.85	2015	1766	4510	4979	2.47
1977	105-109	0.52449	0.94122	1.59	249	234	446	469	1.89
1977	110+	0.63393	1.00000	1.58	15	15	23	23	1.58
1978	0	0.01093	0.01083	0.08	100000	1083	99008	7778059	77.78
1978	1-4	0.00063	0.00253	1.57	98917	250	395061	7679051	77.63
1978	5-9	0.00024	0.00119	2.34	98667	117	493024	7283990	73.82
1978	10-14	0.00021	0.00103	2.63	98550	102	492510	6790966	68.91
1978	15-19	0.00053	0.00266	2.75	98448	262	491652	6298457	63.98
1978	20-24	0.00074	0.00367	2.57	98187	361	490058	5806804	59.14
1978	25-29	0.00082	0.00410	2.57	97826	401	488155	5316747	54.35
1978	30-34	0.00092	0.00458	2.64	97425	446	486070	4828592	49.56
1978	35-39	0.00120	0.00599	2.68	96979	581	483543	4342522	44.78
1978	40-44	0.00197	0.00978	2.68	96398	943	479798	3858979	40.03
1978	45-49	0.00339	0.01680	2.65	95455	1604	473498	3379181	35.40
1978	50-54	0.00501	0.02474	2.63	93851	2322	463765	2905682	30.96
1978	55-59	0.00755	0.03711	2.65	91530	3397	449679	2441917	26.68
1978	60-64	0.01123	0.05469	2.62	88132	4820	429188	1992239	22.61
1978	65-69	0.01666	0.08011	2.6	83312	6674	400567	1563050	18.76
1978	70-74	0.02510	0.11840	2.61	76638	9074	361547	1162483	15.17
1978	75-79	0.03963	0.18102	2.61	67564	12230	308612	800937	11.85
1978	80-84	0.06754	0.29043	2.59	55334	16071	237931	492325	8.90
1978	85-89	0.11250	0.43824	2.48	39264	17207	152953	254394	6.48
1978	90-94	0.18548	0.61793	2.3	22057	13630	73482	101441	4.60
1978	95-99	0.27889	0.77031	2.09	8427	6492	23276	27959	3.32
1978	100-104	0.40073	0.88299	1.83	1936	1709	4265	4683	2.42
1978	105-109	0.53640	0.94515	1.57	226	214	399	418	1.85
1978	110+	0.64737	1.00000	1.54	12	12	19	19	1.54
1979	0	0.01050	0.01040	0.08	100000	1040	99045	7809591	78.10
1979	1-4	0.00054	0.00216	1.55	98960	214	395315	7710546	77.92
1979	5-9	0.00024	0.00121	2.32	98746	120	493410	7315231	74.08
1979	10-14	0.00021	0.00104	2.64	98626	103	492889	6821821	69.17
1979	15-19	0.00054	0.00271	2.74	98524	267	492017	6328931	64.24
1979	20-24	0.00071	0.00356	2.54	98257	350	490426	5836914	59.40
1979	25-29	0.00072	0.00361	2.49	97907	353	488647	5346488	54.61
1979	30-34	0.00088	0.00438	2.53	97554	427	486713	4857841	49.80
1979	35-39	0.00129	0.00644	2.55	97127	625	484102	4371128	45.00
1979	40-44	0.00194	0.00965	2.69	96501	931	480361	3887026	40.28
1979	45-49	0.00311	0.01543	2.65	95570	1474	474392	3406665	35.65
1979	50-54	0.00481	0.02379	2.66	94096	2239	465236	2932273	31.16
1979	55-59	0.00730	0.03589	2.66	91857	3296	451588	2467037	26.86
1979	60-64	0.01105	0.05387	2.65	88561	4771	431595	2015449	22.76
1979	65-69	0.01589	0.07657	2.63	83790	6416	403745	1583853	18.90
1979	70-74	0.02456	0.11604	2.63	77374	8979	365554	1180108	15.25
1979	75-79	0.03959	0.18089	2.62	68395	12372	312535	814553	11.91
1979	80-84	0.06704	0.28865	2.59	56023	16171	241219	502019	8.96
1979	85-89	0.11096	0.43354	2.48	39852	17278	155706	260800	6.54
1979	90-94	0.18262	0.61286	2.32	22575	13835	75758	105094	4.66
1979	95-99	0.27511	0.76540	2.1	8740	6689	24315	29335	3.36
1979	100-104	0.39551	0.87946	1.84	2050	1803	4559	5021	2.45
1979	105-109	0.53020	0.94317	1.58	247	233	440	462	1.87
1979	110+	0.64078	1.00000	1.56	14	14	22	22	1.56
1980	0	0.01043	0.01033	0.08	100000	1033	99052	7778525	77.79
1980	1-4	0.00047	0.00187	1.39	98967	185	395385	7679473	77.60
1980	5-9	0.00026	0.00131	2.31	98782	129	493563	7284087	73.74
1980	10-14	0.00024	0.00120	2.68	98653	118	492989	6790525	68.83
1980	15-19	0.00056	0.00278	2.71	98534	274	492046	6297536	63.91
1980	20-24	0.00062	0.00312	2.42	98261	306	490512	5805490	59.08
1980	25-29	0.00072	0.00358	2.6	97954	351	488928	5314978	54.26
1980	30-34	0.00083	0.00415	2.59	97603	405	487042	4826050	49.45
1980	35-39	0.00124	0.00619	2.64	97199	602	484571	4339008	44.64
1980	40-44	0.00203	0.01012	2.7	96597	978	480733	3854437	39.90
1980	45-49	0.00306	0.01519	2.68	95619	1453	474731	3373704	35.28
1980	50-54	0.00482	0.02386	2.72	94166	2247	465709	2898973	30.79
1980	55-59	0.00727	0.03572	2.67	91919	3284	451948	2433264	26.47
1980	60-64	0.01123	0.05468	2.62	88635	4846	431620	1981316	22.35
1980	65-69	0.01690	0.08121	2.6	83789	6805	402590	1549695	18.50
1980	70-74	0.02643	0.12438	2.64	76984	9575	362284	1147105	14.90
1980	75-79	0.04062	0.18504	2.6	67409	12474	307047	784822	11.64
1980	80-84	0.07006	0.29902	2.55	54935	16427	234465	477775	8.70
1980	85-89	0.11681	0.44962	2.44	38508	17314	148229	243310	6.32
1980	90-94	0.19239	0.63427	2.31	21194	13443	69874	95081	4.49
1980	95-99	0.28574	0.77867	2.08	7751	6036	21123	25208	3.25
1980	100-104	0.40800	0.88754	1.82	1716	1523	3732	4084	2.38
1980	105-109	0.54307	0.94711	1.56	193	183	336	352	1.82
1980	110+	0.65304	1.00000	1.53	10	10	16	16	1.53
1981	0	0.00957	0.00949	0.08	100000	949	99127	7819033	78.19
1981	1-4	0.00053	0.00211	1.42	99051	209	395664	7719906	77.94
1981	5-9	0.00021	0.00103	2.36	98842	101	493940	7324243	74.10
1981	10-14	0.00021	0.00107	2.71	98740	105	493460	6830302	69.17
1981	15-19	0.00050	0.00250	2.74	98635	247	492618	6336842	64.25
1981	20-24	0.00063	0.00313	2.52	98388	308	491178	5844224	59.40
1981	25-29	0.00069	0.00342	2.57	98081	336	489588	5353046	54.58
1981	30-34	0.00089	0.00443	2.59	97745	433	487681	4863458	49.76
1981	35-39	0.00122	0.00610	2.7	97312	594	485197	4375777	44.97
1981	40-44	0.00185	0.00921	2.65	96718	891	481494	3890580	40.23
1981	45-49	0.00301	0.01493	2.69	95827	1431	475824	3409086	35.58
1981	50-54	0.00478	0.02364	2.64	94396	2231	466715	2933262	31.07
1981	55-59	0.00716	0.03523	2.62	92165	3247	453113	2466546	26.76
1981	60-64	0.01103	0.05374	2.62	88919	4778	433237	2013433	22.64
1981	65-69	0.01642	0.07902	2.62	84140	6648	404901	1580196	18.78
1981	70-74	0.02535	0.11962	2.65	77492	9270	365664	1175295	15.17
1981	75-79	0.03901	0.17823	2.58	68222	12159	311729	809630	11.87
1981	80-84	0.06831	0.29294	2.57	56063	16423	240415	497901	8.88
1981	85-89	0.11260	0.43813	2.47	39640	17368	154236	257486	6.50
1981	90-94	0.18286	0.61336	2.32	22272	13661	74708	103250	4.64
1981	95-99	0.27928	0.77073	2.09	8611	6637	23765	28542	3.31
1981	100-104	0.40074	0.88294	1.83	1974	1743	4350	4777	2.42
1981	105-109	0.53594	0.94498	1.57	231	218	407	427	1.85
1981	110+	0.64654	1.00000	1.55	13	13	20	20	1.55
1982	0	0.00894	0.00887	0.08	100000	887	99182	7835206	78.35
1982	1-4	0.00049	0.00195	1.68	99113	193	396005	7736024	78.05
1982	5-9	0.00025	0.00124	2.41	98920	122	494282	7340019	74.20
1982	10-14	0.00020	0.00102	2.83	98798	101	493769	6845737	69.29
1982	15-19	0.00046	0.00229	2.81	98697	226	492990	6351968	64.36
1982	20-24	0.00060	0.00299	2.52	98471	294	491626	5858978	59.50
1982	25-29	0.00065	0.00324	2.52	98177	318	490094	5367352	54.67
1982	30-34	0.00079	0.00393	2.53	97858	384	488342	4877258	49.84
1982	35-39	0.00111	0.00553	2.7	97474	539	486130	4388916	45.03
1982	40-44	0.00181	0.00901	2.69	96935	874	482658	3902786	40.26
1982	45-49	0.00291	0.01446	2.78	96061	1389	477218	3420129	35.60
1982	50-54	0.00456	0.02255	2.63	94672	2134	468298	2942910	31.09
1982	55-59	0.00728	0.03577	2.65	92538	3310	454928	2474612	26.74
1982	60-64	0.01120	0.05459	2.66	89228	4871	434763	2019684	22.64
1982	65-69	0.01670	0.08030	2.63	84358	6774	405714	1584921	18.79
1982	70-74	0.02555	0.12046	2.63	77584	9346	365732	1179208	15.20
1982	75-79	0.03943	0.18016	2.61	68238	12294	311807	813475	11.92
1982	80-84	0.06758	0.29034	2.58	55944	16243	240358	501668	8.97
1982	85-89	0.11150	0.43496	2.47	39702	17269	154872	261310	6.58
1982	90-94	0.17663	0.59932	2.32	22433	13444	76114	106438	4.74
1982	95-99	0.27357	0.76327	2.1	8988	6861	25078	30324	3.37
1982	100-104	0.39260	0.87736	1.85	2128	1867	4755	5246	2.47
1982	105-109	0.52601	0.94174	1.59	261	246	467	491	1.88
1982	110+	0.63578	1.00000	1.57	15	15	24	24	1.57
1983	0	0.00909	0.00901	0.08	100000	901	99169	7855065	78.55
1983	1-4	0.00052	0.00208	1.59	99099	206	395900	7755895	78.26
1983	5-9	0.00026	0.00131	2.28	98893	130	494112	7359996	74.42
1983	10-14	0.00021	0.00107	2.85	98763	105	493590	6865883	69.52
1983	15-19	0.00045	0.00223	2.66	98658	220	492775	6372293	64.59
1983	20-24	0.00052	0.00261	2.55	98438	257	491558	5879518	59.73
1983	25-29	0.00060	0.00300	2.59	98181	294	490195	5387960	54.88
1983	30-34	0.00070	0.00349	2.61	97886	342	488617	4897765	50.04
1983	35-39	0.00106	0.00530	2.65	97545	517	486509	4409147	45.20
1983	40-44	0.00179	0.00889	2.66	97028	863	483116	3922638	40.43
1983	45-49	0.00289	0.01434	2.67	96165	1379	477618	3439522	35.77
1983	50-54	0.00449	0.02220	2.67	94786	2104	469030	2961904	31.25
1983	55-59	0.00727	0.03576	2.7	92682	3314	455770	2492874	26.90
1983	60-64	0.01091	0.05320	2.64	89367	4754	435609	2037104	22.79
1983	65-69	0.01601	0.07711	2.62	84613	6525	407548	1601494	18.93
1983	70-74	0.02484	0.11728	2.63	78089	9158	368698	1193947	15.29
1983	75-79	0.03931	0.17958	2.59	68930	12379	314876	825249	11.97
1983	80-84	0.06575	0.28378	2.59	56551	16048	244086	510373	9.02
1983	85-89	0.11047	0.43209	2.48	40504	17501	158420	266287	6.57
1983	90-94	0.17983	0.60633	2.31	23003	13947	77559	107867	4.69
1983	95-99	0.27585	0.76657	2.1	9055	6942	25164	30308	3.35
1983	100-104	0.39813	0.88140	1.84	2114	1863	4680	5144	2.43
1983	105-109	0.53476	0.94472	1.58	251	237	443	464	1.85
1983	110+	0.64667	1.00000	1.55	14	14	21	21	1.55
1984	0	0.00882	0.00875	0.08	100000	875	99193	7845790	78.46
1984	1-4	0.00049	0.00198	1.57	99125	196	396025	7746597	78.15
1984	5-9	0.00022	0.00108	2.67	98929	107	494398	7350572	74.30
1984	10-14	0.00022	0.00112	2.64	98823	111	493850	6856174	69.38
1984	15-19	0.00048	0.00238	2.78	98712	235	493035	6362324	64.45
1984	20-24	0.00057	0.00284	2.59	98476	280	491706	5869289	59.60
1984	25-29	0.00058	0.00291	2.52	98196	286	490273	5377583	54.76
1984	30-34	0.00078	0.00389	2.56	97910	381	488624	4887311	49.92
1984	35-39	0.00109	0.00545	2.71	97529	531	486428	4398687	45.10
1984	40-44	0.00174	0.00866	2.69	96998	840	483047	3912258	40.33
1984	45-49	0.00287	0.01427	2.66	96158	1372	477573	3429211	35.66
1984	50-54	0.00441	0.02183	2.65	94785	2069	469059	2951638	31.14
1984	55-59	0.00725	0.03564	2.69	92717	3304	455940	2482579	26.78
1984	60-64	0.01110	0.05406	2.62	89412	4834	435576	2026640	22.67
1984	65-69	0.01626	0.07828	2.62	84579	6621	407108	1591064	18.81
1984	70-74	0.02511	0.11843	2.61	77958	9233	367717	1183956	15.19
1984	75-79	0.03961	0.18086	2.6	68725	12430	313782	816239	11.88
1984	80-84	0.06729	0.28945	2.59	56296	16295	242171	502457	8.93
1984	85-89	0.11268	0.43852	2.47	40001	17541	155677	260286	6.51
1984	90-94	0.18087	0.60902	2.32	22460	13678	75626	104609	4.66
1984	95-99	0.28049	0.77246	2.09	8781	6783	24184	28983	3.30
1984	100-104	0.40385	0.88514	1.83	1998	1769	4379	4800	2.40
1984	105-109	0.54092	0.94660	1.57	229	217	402	420	1.83
1984	110+	0.65274	1.00000	1.53	12	12	19	19	1.53
1985	0	0.00881	0.00874	0.08	100000	874	99194	7844140	78.44
1985	1-4	0.00046	0.00182	1.57	99126	181	396065	7744946	78.13
1985	5-9	0.00018	0.00092	2.27	98945	91	494478	7348881	74.27
1985	10-14	0.00020	0.00099	2.9	98854	98	494065	6854403	69.34
1985	15-19	0.00049	0.00243	2.71	98756	240	493232	6360337	64.40
1985	20-24	0.00055	0.00277	2.53	98517	272	491909	5867106	59.55
1985	25-29	0.00059	0.00296	2.52	98244	291	490497	5375196	54.71
1985	30-34	0.00077	0.00384	2.64	97953	376	488875	4884699	49.87
1985	35-39	0.00113	0.00563	2.66	97576	549	486595	4395824	45.05
1985	40-44	0.00171	0.00852	2.64	97028	826	483187	3909229	40.29
1985	45-49	0.00277	0.01374	2.68	96201	1322	477944	3426042	35.61
1985	50-54	0.00435	0.02154	2.61	94879	2044	469518	2948098	31.07
1985	55-59	0.00692	0.03405	2.66	92836	3161	456783	2478581	26.70
1985	60-64	0.01106	0.05389	2.63	89675	4833	436921	2021798	22.55
1985	65-69	0.01637	0.07876	2.61	84842	6682	408249	1584877	18.68
1985	70-74	0.02544	0.11993	2.62	78160	9374	368452	1176628	15.05
1985	75-79	0.04028	0.18350	2.58	68787	12622	313336	808175	11.75
1985	80-84	0.06756	0.29054	2.59	56164	16318	241537	494840	8.81
1985	85-89	0.11642	0.45021	2.48	39846	17939	154093	253303	6.36
1985	90-94	0.18876	0.62832	2.34	21907	13764	72919	99210	4.53
1985	95-99	0.28775	0.78158	2.08	8142	6364	22116	26291	3.23
1985	100-104	0.41406	0.89168	1.81	1778	1586	3830	4175	2.35
1985	105-109	0.55314	0.95023	1.55	193	183	331	345	1.79
1985	110+	0.66571	1.00000	1.5	10	10	14	14	1.50
1986	0	0.00833	0.00827	0.08	100000	827	99237	7866625	78.67
1986	1-4	0.00043	0.00171	1.46	99173	169	396264	7767389	78.32
1986	5-9	0.00017	0.00085	2.52	99004	84	494814	7371125	74.45
1986	10-14	0.00019	0.00094	2.89	98921	93	494407	6876310	69.51
1986	15-19	0.00046	0.00230	2.66	98828	227	493608	6381904	64.58
1986	20-24	0.00052	0.00261	2.57	98600	257	492378	5888296	59.72
1986	25-29	0.00063	0.00312	2.52	98344	307	490956	5395917	54.87
1986	30-34	0.00080	0.00400	2.69	98036	392	489275	4904961	50.03
1986	35-39	0.00110	0.00551	2.67	97644	538	486968	4415686	45.22
1986	40-44	0.00168	0.00838	2.73	97107	814	483687	3928718	40.46
1986	45-49	0.00270	0.01340	2.71	96293	1290	478515	3445031	35.78
1986	50-54	0.00445	0.02203	2.65	95003	2093	470086	2966516	31.23
1986	55-59	0.00687	0.03382	2.69	92910	3142	457282	2496430	26.87
1986	60-64	0.01079	0.05261	2.62	89767	4723	437581	2039148	22.72
1986	65-69	0.01627	0.07833	2.64	85044	6661	409512	1601567	18.83
1986	70-74	0.02545	0.11995	2.61	78383	9402	369486	1192054	15.21
1986	75-79	0.03989	0.18196	2.59	68981	12552	314621	822568	11.92
1986	80-84	0.06565	0.28291	2.56	56429	15965	243180	507947	9.00
1986	85-89	0.11192	0.43619	2.47	40465	17650	157704	264767	6.54
1986	90-94	0.18111	0.60990	2.32	22815	13915	76831	107063	4.69
1986	95-99	0.27133	0.76034	2.11	8900	6767	24940	30232	3.40
1986	100-104	0.38987	0.87548	1.85	2133	1867	4790	5292	2.48
1986	105-109	0.52309	0.94078	1.6	266	250	478	503	1.89
1986	110+	0.63290	1.00000	1.58	16	16	25	25	1.58
1987	0	0.00847	0.00840	0.08	100000	840	99224	7862873	78.63
1987	1-4	0.00042	0.00170	1.6	99160	168	396235	7763649	78.29
1987	5-9	0.00020	0.00098	2.36	98991	97	494700	7367414	74.42
1987	10-14	0.00018	0.00088	2.73	98894	87	494272	6872714	69.50
1987	15-19	0.00044	0.00220	2.7	98807	218	493534	6378442	64.55
1987	20-24	0.00052	0.00259	2.57	98589	255	492326	5884908	59.69
1987	25-29	0.00067	0.00333	2.52	98334	328	490858	5392581	54.84
1987	30-34	0.00078	0.00388	2.61	98006	380	489123	4901723	50.01
1987	35-39	0.00106	0.00528	2.62	97626	516	486904	4412600	45.20
1987	40-44	0.00166	0.00826	2.67	97110	802	483680	3925696	40.43
1987	45-49	0.00267	0.01327	2.69	96308	1278	478592	3442016	35.74
1987	50-54	0.00439	0.02175	2.67	95030	2067	470340	2963424	31.18
1987	55-59	0.00693	0.03409	2.66	92963	3169	457404	2493084	26.82
1987	60-64	0.01085	0.05289	2.6	89794	4749	437585	2035680	22.67
1987	65-69	0.01590	0.07661	2.61	85045	6515	409662	1598096	18.79
1987	70-74	0.02546	0.12009	2.65	78530	9431	370465	1188433	15.13
1987	75-79	0.03888	0.17793	2.62	69099	12295	316244	817968	11.84
1987	80-84	0.06775	0.29071	2.56	56805	16514	243751	501724	8.83
1987	85-89	0.11447	0.44462	2.49	40291	17914	156502	257972	6.40
1987	90-94	0.18736	0.62444	2.33	22377	13973	74575	101470	4.53
1987	95-99	0.29063	0.78525	2.07	8404	6599	22706	26895	3.20
1987	100-104	0.41922	0.89494	1.8	1805	1615	3853	4189	2.32
1987	105-109	0.56022	0.95227	1.53	190	181	322	336	1.77
1987	110+	0.67382	1.00000	1.48	9	9	13	13	1.48
1988	0	0.00810	0.00804	0.08	100000	804	99257	7851609	78.52
1988	1-4	0.00048	0.00192	1.55	99196	190	396319	7752353	78.15
1988	5-9	0.00020	0.00099	2.29	99006	98	494763	7356034	74.30
1988	10-14	0.00018	0.00088	2.62	98908	87	494332	6861271	69.37
1988	15-19	0.00045	0.00223	2.74	98821	221	493606	6366939	64.43
1988	20-24	0.00050	0.00249	2.47	98600	245	492382	5873333	59.57
1988	25-29	0.00063	0.00313	2.58	98355	308	491032	5380951	54.71
1988	30-34	0.00072	0.00358	2.64	98047	351	489410	4889919	49.87
1988	35-39	0.00111	0.00552	2.59	97696	540	487182	4400509	45.04
1988	40-44	0.00164	0.00818	2.68	97157	795	483939	3913328	40.28
1988	45-49	0.00272	0.01352	2.64	96362	1303	478740	3429388	35.59
1988	50-54	0.00434	0.02147	2.7	95059	2041	470596	2950648	31.04
1988	55-59	0.00708	0.03482	2.62	93018	3238	457368	2480052	26.66
1988	60-64	0.01080	0.05268	2.67	89780	4729	437864	2022684	22.53
1988	65-69	0.01630	0.07845	2.63	85051	6672	409409	1584820	18.63
1988	70-74	0.02535	0.11951	2.62	78378	9367	369559	1175411	15.00
1988	75-79	0.04005	0.18264	2.59	69011	12604	314732	805853	11.68
1988	80-84	0.06943	0.29663	2.55	56407	16732	241000	491121	8.71
1988	85-89	0.11655	0.45080	2.49	39675	17886	153461	250120	6.30
1988	90-94	0.19308	0.63440	2.3	21789	13823	71593	96659	4.44
1988	95-99	0.29652	0.79214	2.06	7966	6310	21282	25066	3.15
1988	100-104	0.42636	0.89907	1.78	1656	1489	3492	3784	2.29
1988	105-109	0.56771	0.95424	1.52	167	159	281	292	1.75
1988	110+	0.68097	1.00000	1.47	8	8	11	11	1.47
1989	0	0.00837	0.00830	0.08	100000	830	99233	7869322	78.69
1989	1-4	0.00043	0.00173	1.55	99170	172	396258	7770088	78.35
1989	5-9	0.00020	0.00101	2.26	98998	100	494718	7373830	74.48
1989	10-14	0.00018	0.00092	2.87	98899	91	494299	6879113	69.56
1989	15-19	0.00045	0.00226	2.72	98808	223	493529	6384814	64.62
1989	20-24	0.00050	0.00250	2.5	98585	246	492308	5891284	59.76
1989	25-29	0.00059	0.00293	2.53	98338	288	490981	5398976	54.90
1989	30-34	0.00079	0.00394	2.63	98050	386	489335	4907996	50.06
1989	35-39	0.00106	0.00528	2.62	97664	515	487092	4418661	45.24
1989	40-44	0.00169	0.00841	2.72	97148	817	483883	3931569	40.47
1989	45-49	0.00268	0.01334	2.71	96331	1285	478717	3447687	35.79
1989	50-54	0.00437	0.02164	2.63	95046	2057	470353	2968970	31.24
1989	55-59	0.00682	0.03357	2.71	92989	3122	457792	2498616	26.87
1989	60-64	0.01046	0.05104	2.64	89867	4587	438509	2040825	22.71
1989	65-69	0.01557	0.07509	2.65	85280	6403	411322	1602315	18.79
1989	70-74	0.02513	0.11858	2.62	78877	9353	372158	1190993	15.10
1989	75-79	0.03963	0.18084	2.59	69524	12573	317289	818835	11.78
1989	80-84	0.06796	0.29145	2.56	56951	16598	244231	501546	8.81
1989	85-89	0.11482	0.44593	2.5	40353	17994	156715	257315	6.38
1989	90-94	0.18934	0.62819	2.32	22359	14045	74182	100600	4.50
1989	95-99	0.29299	0.78812	2.07	8313	6552	22361	26418	3.18
1989	100-104	0.42269	0.89703	1.79	1761	1580	3738	4057	2.30
1989	105-109	0.56447	0.95344	1.53	181	173	306	319	1.76
1989	110+	0.67834	1.00000	1.47	8	8	12	12	1.47
1990	0	0.00756	0.00751	0.07	100000	751	99305	7916034	79.16
1990	1-4	0.00042	0.00168	1.52	99249	167	396582	7816730	78.76
1990	5-9	0.00015	0.00076	2.22	99082	75	495201	7420148	74.89
1990	10-14	0.00021	0.00105	2.82	99007	104	494808	6924946	69.94
1990	15-19	0.00043	0.00217	2.61	98903	215	494003	6430139	65.01
1990	20-24	0.00052	0.00258	2.47	98688	254	492798	5936136	60.15
1990	25-29	0.00057	0.00285	2.65	98434	280	491512	5443338	55.30
1990	30-34	0.00075	0.00377	2.66	98154	370	489905	4951826	50.45
1990	35-39	0.00109	0.00544	2.64	97784	532	487666	4461922	45.63
1990	40-44	0.00156	0.00780	2.65	97252	758	484480	3974256	40.87
1990	45-49	0.00267	0.01325	2.66	96494	1279	479474	3489776	36.17
1990	50-54	0.00421	0.02082	2.63	95215	1982	471384	3010302	31.62
1990	55-59	0.00633	0.03119	2.67	93233	2908	459396	2538917	27.23
1990	60-64	0.01033	0.05040	2.6	90325	4553	440711	2079521	23.02
1990	65-69	0.01546	0.07459	2.64	85772	6398	413791	1638810	19.11
1990	70-74	0.02393	0.11321	2.63	79375	8986	375590	1225019	15.43
1990	75-79	0.03807	0.17433	2.58	70388	12271	322298	849429	12.07
1990	80-84	0.06462	0.27975	2.6	58118	16259	251604	527131	9.07
1990	85-89	0.10848	0.42626	2.49	41859	17843	164477	275527	6.58
1990	90-94	0.18262	0.61374	2.33	24016	14740	80713	111050	4.62
1990	95-99	0.28307	0.77627	2.09	9276	7201	25439	30338	3.27
1990	100-104	0.41151	0.89045	1.81	2075	1848	4491	4898	2.36
1990	105-109	0.55362	0.95056	1.55	227	216	390	407	1.79
1990	110+	0.66867	1.00000	1.5	11	11	17	17	1.50
1991	0	0.00682	0.00677	0.07	100000	677	99372	7940503	79.41
1991	1-4	0.00040	0.00158	1.6	99323	157	396914	7841132	78.95
1991	5-9	0.00017	0.00084	2.44	99166	84	495614	7444218	75.07
1991	10-14	0.00018	0.00092	2.9	99082	91	495218	6948604	70.13
1991	15-19	0.00046	0.00230	2.78	98991	228	494448	6453385	65.19
1991	20-24	0.00048	0.00242	2.44	98763	239	493202	5958938	60.34
1991	25-29	0.00053	0.00263	2.6	98524	259	492000	5465736	55.48
1991	30-34	0.00074	0.00371	2.67	98265	364	490477	4973736	50.62
1991	35-39	0.00107	0.00533	2.58	97901	522	488241	4483259	45.79
1991	40-44	0.00164	0.00817	2.76	97379	796	485109	3995018	41.03
1991	45-49	0.00249	0.01239	2.68	96583	1196	480141	3509909	36.34
1991	50-54	0.00404	0.02002	2.63	95387	1910	472409	3029768	31.76
1991	55-59	0.00667	0.03284	2.7	93477	3070	460321	2557359	27.36
1991	60-64	0.00991	0.04843	2.64	90407	4378	441705	2097038	23.20
1991	65-69	0.01517	0.07322	2.65	86028	6299	415328	1655333	19.24
1991	70-74	0.02364	0.11194	2.63	79729	8925	377513	1240005	15.55
1991	75-79	0.03734	0.17146	2.62	70804	12140	325116	862492	12.18
1991	80-84	0.06428	0.27791	2.57	58664	16303	253624	537377	9.16
1991	85-89	0.10606	0.41901	2.5	42361	17749	167348	283753	6.70
1991	90-94	0.17815	0.60527	2.35	24611	14897	83617	116404	4.73
1991	95-99	0.27294	0.76299	2.11	9715	7412	27157	32787	3.37
1991	100-104	0.39597	0.88011	1.84	2303	2026	5118	5630	2.45
1991	105-109	0.53389	0.94454	1.58	276	261	488	512	1.85
1991	110+	0.64697	1.00000	1.55	15	15	24	24	1.55
1992	0	0.00647	0.00643	0.07	100000	643	99403	7963777	79.64
1992	1-4	0.00037	0.00147	1.64	99357	146	397085	7864374	79.15
1992	5-9	0.00015	0.00077	2.43	99211	76	495860	7467290	75.27
1992	10-14	0.00019	0.00096	2.91	99135	95	495476	6971430	70.32
1992	15-19	0.00043	0.00213	2.65	99040	211	494703	6475954	65.39
1992	20-24	0.00047	0.00233	2.54	98829	231	493575	5981251	60.52
1992	25-29	0.00054	0.00268	2.64	98598	264	492365	5487677	55.66
1992	30-34	0.00070	0.00351	2.64	98333	345	490853	4995311	50.80
1992	35-39	0.00109	0.00541	2.65	97988	530	488694	4504458	45.97
1992	40-44	0.00160	0.00798	2.65	97458	778	485460	4015764	41.21
1992	45-49	0.00237	0.01179	2.64	96680	1139	480710	3530303	36.52
1992	50-54	0.00396	0.01960	2.69	95541	1873	473378	3049594	31.92
1992	55-59	0.00632	0.03115	2.67	93668	2918	461527	2576216	27.50
1992	60-64	0.00983	0.04804	2.62	90750	4360	443387	2114688	23.30
1992	65-69	0.01520	0.07339	2.64	86390	6340	417019	1671301	19.35
1992	70-74	0.02359	0.11170	2.62	80051	8942	378965	1254282	15.67
1992	75-79	0.03657	0.16816	2.61	71109	11958	326994	875317	12.31
1992	80-84	0.06322	0.27412	2.58	59151	16215	256488	548322	9.27
1992	85-89	0.10462	0.41447	2.5	42937	17796	170106	291835	6.80
1992	90-94	0.17290	0.59476	2.38	25141	14953	86482	121729	4.84
1992	95-99	0.26511	0.75234	2.13	10188	7665	28912	35247	3.46
1992	100-104	0.38464	0.87208	1.87	2523	2200	5721	6335	2.51
1992	105-109	0.51996	0.93991	1.6	323	303	583	614	1.90
1992	110+	0.63182	1.00000	1.58	19	19	31	31	1.58
1993	0	0.00645	0.00641	0.07	100000	641	99404	7955026	79.55
1993	1-4	0.00038	0.00151	1.61	99359	150	397075	7855622	79.06
1993	5-9	0.00017	0.00087	2.38	99208	86	495816	7458547	75.18
1993	10-14	0.00018	0.00091	2.69	99122	90	495402	6962730	70.24
1993	15-19	0.00041	0.00206	2.68	99032	204	494687	6467328	65.31
1993	20-24	0.00047	0.00233	2.51	98828	230	493570	5972641	60.43
1993	25-29	0.00055	0.00273	2.61	98598	269	492347	5479071	55.57
1993	30-34	0.00071	0.00355	2.68	98329	349	490835	4986724	50.71
1993	35-39	0.00107	0.00534	2.68	97980	523	488690	4495889	45.89
1993	40-44	0.00165	0.00822	2.7	97457	801	485441	4007200	41.12
1993	45-49	0.00256	0.01272	2.62	96656	1229	480349	3521759	36.44
1993	50-54	0.00394	0.01954	2.7	95427	1865	472841	3041410	31.87
1993	55-59	0.00629	0.03098	2.69	93562	2899	461111	2568569	27.45
1993	60-64	0.00978	0.04779	2.61	90663	4333	442946	2107458	23.24
1993	65-69	0.01518	0.07330	2.66	86330	6328	416843	1664511	19.28
1993	70-74	0.02333	0.11047	2.61	80002	8838	378847	1247668	15.60
1993	75-79	0.03716	0.17073	2.63	71164	12150	327007	868821	12.21
1993	80-84	0.06392	0.27665	2.57	59014	16327	255421	541813	9.18
1993	85-89	0.10624	0.41999	2.51	42688	17929	168758	286392	6.71
1993	90-94	0.17584	0.59883	2.34	24759	14827	84318	117634	4.75
1993	95-99	0.27483	0.76560	2.11	9933	7604	27670	33316	3.35
1993	100-104	0.39952	0.88261	1.84	2328	2055	5143	5646	2.42
1993	105-109	0.53896	0.94619	1.57	273	259	480	502	1.84
1993	110+	0.65296	1.00000	1.53	15	15	23	23	1.53
1994	0	0.00664	0.00660	0.07	100000	660	99387	7959964	79.60
1994	1-4	0.00029	0.00117	1.71	99340	117	397094	7860577	79.13
1994	5-9	0.00015	0.00077	2.29	99224	77	495910	7463483	75.22
1994	10-14	0.00017	0.00084	2.96	99147	83	495565	6967573	70.28
1994	15-19	0.00039	0.00193	2.81	99064	192	494900	6472008	65.33
1994	20-24	0.00047	0.00236	2.45	98872	233	493767	5977108	60.45
1994	25-29	0.00051	0.00256	2.57	98639	252	492582	5483341	55.59
1994	30-34	0.00078	0.00388	2.71	98387	382	491059	4990759	50.73
1994	35-39	0.00110	0.00550	2.65	98005	539	488756	4499701	45.91
1994	40-44	0.00169	0.00842	2.72	97466	821	485455	4010945	41.15
1994	45-49	0.00244	0.01215	2.65	96645	1175	480462	3525490	36.48
1994	50-54	0.00405	0.02004	2.66	95471	1913	472881	3045028	31.89
1994	55-59	0.00618	0.03044	2.67	93557	2848	461159	2572147	27.49
1994	60-64	0.00964	0.04714	2.64	90709	4276	443457	2110988	23.27
1994	65-69	0.01499	0.07242	2.69	86433	6259	417697	1667530	19.29
1994	70-74	0.02329	0.11038	2.63	80173	8849	379902	1249833	15.59
1994	75-79	0.03730	0.17129	2.62	71324	12217	327547	869931	12.20
1994	80-84	0.06395	0.27691	2.58	59107	16368	255926	542384	9.18
1994	85-89	0.10630	0.41966	2.49	42740	17936	168726	286458	6.70
1994	90-94	0.17607	0.60090	2.36	24803	14904	84652	117733	4.75
1994	95-99	0.27599	0.76716	2.11	9899	7594	27516	33080	3.34
1994	100-104	0.40145	0.88393	1.83	2305	2037	5075	5564	2.41
1994	105-109	0.54153	0.94699	1.57	268	253	468	489	1.83
1994	110+	0.65587	1.00000	1.52	14	14	22	22	1.52
1995	0	0.00591	0.00588	0.07	100000	588	99453	7983389	79.83
1995	1-4	0.00029	0.00115	1.52	99412	114	397364	7883936	79.31
1995	5-9	0.00016	0.00080	2.29	99298	80	496272	7486573	75.40
1995	10-14	0.00017	0.00083	2.74	99218	82	495905	6990300	70.45
1995	15-19	0.00043	0.00215	2.73	99136	213	495197	6494395	65.51
1995	20-24	0.00046	0.00230	2.36	98923	227	494016	5999198	60.65
1995	25-29	0.00048	0.00239	2.48	98696	236	492883	5505183	55.78
1995	30-34	0.00075	0.00372	2.62	98460	366	491427	5012299	50.91
1995	35-39	0.00109	0.00542	2.7	98093	532	489242	4520872	46.09
1995	40-44	0.00164	0.00818	2.67	97562	798	485948	4031630	41.32
1995	45-49	0.00243	0.01206	2.64	96764	1167	481069	3545682	36.64
1995	50-54	0.00390	0.01934	2.68	95597	1849	473695	3064613	32.06
1995	55-59	0.00604	0.02977	2.67	93748	2791	462246	2590917	27.64
1995	60-64	0.00952	0.04654	2.63	90957	4233	444742	2128671	23.40
1995	65-69	0.01444	0.06985	2.67	86724	6058	419509	1683929	19.42
1995	70-74	0.02306	0.10933	2.62	80666	8819	382382	1264420	15.67
1995	75-79	0.03639	0.16742	2.61	71847	12028	330508	882038	12.28
1995	80-84	0.06274	0.27257	2.59	59819	16305	259867	551531	9.22
1995	85-89	0.10661	0.42091	2.5	43514	18315	171796	291664	6.70
1995	90-94	0.17553	0.60037	2.37	25198	15128	86186	119868	4.76
1995	95-99	0.27557	0.76675	2.11	10070	7721	28018	33682	3.34
1995	100-104	0.40191	0.88433	1.83	2349	2077	5168	5664	2.41
1995	105-109	0.54301	0.94749	1.56	272	257	474	496	1.82
1995	110+	0.65808	1.00000	1.52	14	14	22	22	1.52
1996	0	0.00571	0.00568	0.07	100000	568	99471	7992037	79.92
1996	1-4	0.00032	0.00128	1.55	99432	127	397415	7892566	79.38
1996	5-9	0.00014	0.00070	2.66	99304	69	496360	7495151	75.48
1996	10-14	0.00016	0.00080	2.66	99235	80	495989	6998791	70.53
1996	15-19	0.00035	0.00177	2.6	99155	175	495355	6502803	65.58
1996	20-24	0.00043	0.00215	2.46	98980	213	494357	6007448	60.69
1996	25-29	0.00051	0.00257	2.61	98767	254	493227	5513091	55.82
1996	30-34	0.00069	0.00345	2.73	98513	340	491793	5019864	50.96
1996	35-39	0.00106	0.00527	2.75	98173	518	489701	4528071	46.12
1996	40-44	0.00169	0.00843	2.62	97655	823	486320	4038370	41.35
1996	45-49	0.00243	0.01210	2.71	96833	1172	481481	3552049	36.68
1996	50-54	0.00375	0.01859	2.69	95661	1778	474198	3070568	32.10
1996	55-59	0.00605	0.02983	2.65	93883	2800	462843	2596370	27.66
1996	60-64	0.00959	0.04691	2.66	91083	4273	445412	2133527	23.42
1996	65-69	0.01400	0.06778	2.64	86810	5884	420187	1688115	19.45
1996	70-74	0.02321	0.10996	2.61	80926	8899	383366	1267928	15.67
1996	75-79	0.03568	0.16438	2.61	72027	11840	331799	884561	12.28
1996	80-84	0.06330	0.27483	2.6	60187	16541	261306	552762	9.18
1996	85-89	0.10552	0.41696	2.49	43646	18199	172473	291456	6.68
1996	90-94	0.17899	0.60421	2.31	25447	15376	85903	118983	4.68
1996	95-99	0.28144	0.77445	2.1	10072	7800	27716	33080	3.28
1996	100-104	0.41114	0.89039	1.82	2272	2023	4920	5365	2.36
1996	105-109	0.55485	0.95099	1.54	249	237	427	445	1.79
1996	110+	0.67113	1.00000	1.49	12	12	18	18	1.49
1997	0	0.00592	0.00589	0.07	100000	589	99452	8001868	80.02
1997	1-4	0.00028	0.00111	1.64	99411	110	397384	7902415	79.49
1997	5-9	0.00013	0.00067	2.37	99301	67	496329	7505031	75.58
1997	10-14	0.00013	0.00065	2.95	99234	65	496038	7008702	70.63
1997	15-19	0.00034	0.00170	2.79	99169	168	495475	6512664	65.67
1997	20-24	0.00041	0.00206	2.45	99001	204	494485	6017189	60.78
1997	25-29	0.00045	0.00226	2.53	98797	224	493434	5522704	55.90
1997	30-34	0.00059	0.00294	2.68	98574	290	492195	5029270	51.02
1997	35-39	0.00094	0.00469	2.67	98284	461	490345	4537075	46.16
1997	40-44	0.00161	0.00803	2.7	97823	785	487306	4046730	41.37
1997	45-49	0.00237	0.01181	2.73	97037	1146	482583	3559424	36.68
1997	50-54	0.00374	0.01852	2.7	95892	1776	475376	3076840	32.09
1997	55-59	0.00595	0.02935	2.67	94115	2762	464141	2601464	27.64
1997	60-64	0.00941	0.04603	2.69	91353	4205	447054	2137323	23.40
1997	65-69	0.01426	0.06895	2.61	87148	6008	421398	1690268	19.40
1997	70-74	0.02262	0.10733	2.62	81139	8709	384983	1268870	15.64
1997	75-79	0.03632	0.16708	2.61	72431	12102	333236	883887	12.20
1997	80-84	0.06370	0.27599	2.58	60329	16650	261389	550651	9.13
1997	85-89	0.10706	0.42235	2.5	43679	18448	172317	289262	6.62
1997	90-94	0.18133	0.61099	2.33	25231	15416	85017	116945	4.63
1997	95-99	0.28465	0.77849	2.09	9815	7641	26843	31928	3.25
1997	100-104	0.41552	0.89310	1.81	2174	1942	4673	5085	2.34
1997	105-109	0.55991	0.95240	1.54	232	221	395	412	1.77
1997	110+	0.67632	1.00000	1.48	11	11	16	16	1.48
1998	0	0.00576	0.00572	0.07	100000	572	99467	8015479	80.15
1998	1-4	0.00026	0.00104	1.51	99428	103	397453	7916012	79.62
1998	5-9	0.00013	0.00063	2.43	99324	62	496461	7518559	75.70
1998	10-14	0.00015	0.00076	2.93	99262	75	496153	7022098	70.74
1998	15-19	0.00033	0.00163	2.74	99186	162	495567	6525945	65.79
1998	20-24	0.00040	0.00199	2.35	99025	197	494601	6030378	60.90
1998	25-29	0.00042	0.00210	2.55	98828	207	493631	5535777	56.01
1998	30-34	0.00060	0.00300	2.8	98620	295	492451	5042147	51.13
1998	35-39	0.00098	0.00488	2.7	98325	480	490523	4549696	46.27
1998	40-44	0.00153	0.00764	2.7	97845	748	487502	4059173	41.49
1998	45-49	0.00232	0.01154	2.69	97097	1120	482897	3571671	36.78
1998	50-54	0.00346	0.01716	2.7	95977	1647	476097	3088774	32.18
1998	55-59	0.00574	0.02831	2.67	94330	2671	465433	2612677	27.70
1998	60-64	0.00903	0.04422	2.65	91660	4053	448771	2147245	23.43
1998	65-69	0.01419	0.06864	2.63	87607	6013	423764	1698474	19.39
1998	70-74	0.02284	0.10836	2.64	81594	8842	387096	1274710	15.62
1998	75-79	0.03553	0.16380	2.62	72752	11917	335376	887613	12.20
1998	80-84	0.06434	0.27862	2.6	60835	16950	263456	552237	9.08
1998	85-89	0.10824	0.42568	2.49	43886	18681	172586	288781	6.58
1998	90-94	0.18273	0.61432	2.33	25205	15484	84737	116195	4.61
1998	95-99	0.28644	0.78065	2.09	9721	7589	26493	31458	3.24
1998	100-104	0.41754	0.89429	1.8	2132	1907	4567	4965	2.33
1998	105-109	0.56187	0.95291	1.53	225	215	382	398	1.77
1998	110+	0.67806	1.00000	1.47	11	11	16	16	1.47
1999	0	0.00535	0.00532	0.07	100000	532	99504	8021958	80.22
1999	1-4	0.00026	0.00105	1.51	99468	105	397611	7922454	79.65
1999	5-9	0.00013	0.00065	2.51	99363	65	496655	7524843	75.73
1999	10-14	0.00014	0.00072	2.52	99299	71	496315	7028188	70.78
1999	15-19	0.00031	0.00156	2.74	99227	155	495785	6531873	65.83
1999	20-24	0.00037	0.00187	2.54	99072	185	494905	6036087	60.93
1999	25-29	0.00041	0.00204	2.61	98887	201	493952	5541182	56.04
1999	30-34	0.00056	0.00282	2.7	98686	278	492789	5047230	51.14
1999	35-39	0.00092	0.00458	2.75	98407	450	491022	4554441	46.28
1999	40-44	0.00148	0.00737	2.67	97957	722	488104	4063419	41.48
1999	45-49	0.00240	0.01194	2.65	97235	1161	483450	3575315	36.77
1999	50-54	0.00345	0.01711	2.68	96074	1644	476553	3091865	32.18
1999	55-59	0.00565	0.02791	2.68	94430	2635	466032	2615312	27.70
1999	60-64	0.00907	0.04441	2.7	91795	4076	449597	2149280	23.41
1999	65-69	0.01426	0.06901	2.65	87718	6053	424348	1699683	19.38
1999	70-74	0.02213	0.10520	2.67	81665	8591	388281	1275336	15.62
1999	75-79	0.03567	0.16453	2.64	73074	12023	337048	887055	12.14
1999	80-84	0.06446	0.27914	2.6	61051	17042	264377	550008	9.01
1999	85-89	0.11007	0.43242	2.52	44009	19030	172895	285630	6.49
1999	90-94	0.18731	0.62593	2.35	24979	15635	83469	112735	4.51
1999	95-99	0.29737	0.79407	2.07	9344	7420	24951	29266	3.13
1999	100-104	0.43474	0.90443	1.77	1924	1740	4003	4316	2.24
1999	105-109	0.58361	0.95853	1.5	184	176	302	313	1.70
1999	110+	0.70146	1.00000	1.43	8	8	11	11	1.43
2000	0	0.00557	0.00554	0.07	100000	554	99484	8043603	80.44
2000	1-4	0.00024	0.00098	1.66	99446	97	397557	7944119	79.88
2000	5-9	0.00013	0.00064	2.33	99349	64	496575	7546562	75.96
2000	10-14	0.00014	0.00072	2.77	99285	71	496267	7049987	71.01
2000	15-19	0.00028	0.00139	2.75	99214	138	495761	6553720	66.06
2000	20-24	0.00037	0.00183	2.42	99077	182	494915	6057959	61.14
2000	25-29	0.00038	0.00190	2.49	98895	188	494001	5563044	56.25
2000	30-34	0.00052	0.00259	2.75	98707	256	492958	5069043	51.35
2000	35-39	0.00091	0.00453	2.71	98451	446	491234	4576085	46.48
2000	40-44	0.00154	0.00769	2.67	98005	754	488272	4084851	41.68
2000	45-49	0.00226	0.01122	2.66	97251	1091	483706	3596578	36.98
2000	50-54	0.00347	0.01721	2.64	96160	1655	476895	3112872	32.37
2000	55-59	0.00562	0.02771	2.66	94505	2619	466405	2635977	27.89
2000	60-64	0.00871	0.04270	2.66	91886	3923	450250	2169572	23.61
2000	65-69	0.01376	0.06664	2.64	87963	5862	425980	1719322	19.55
2000	70-74	0.02120	0.10097	2.64	82101	8290	390971	1293343	15.75
2000	75-79	0.03518	0.16239	2.63	73811	11986	340683	902371	12.23
2000	80-84	0.06319	0.27422	2.59	61825	16953	268282	561689	9.09
2000	85-89	0.10779	0.42460	2.5	44871	19052	176752	293406	6.54
2000	90-94	0.18740	0.62397	2.32	25819	16110	85967	116654	4.52
2000	95-99	0.29416	0.79038	2.07	9709	7674	26086	30687	3.16
2000	100-104	0.43101	0.90242	1.78	2035	1837	4261	4601	2.26
2000	105-109	0.57993	0.95767	1.5	199	190	328	340	1.71
2000	110+	0.69817	1.00000	1.43	8	8	12	12	1.43
2001	0	0.00514	0.00511	0.07	100000	511	99523	8043785	80.44
2001	1-4	0.00023	0.00091	1.54	99489	90	397733	7944261	79.85
2001	5-9	0.00012	0.00062	2.26	99398	62	496823	7546529	75.92
2001	10-14	0.00014	0.00071	2.95	99337	70	496539	7049706	70.97
2001	15-19	0.00032	0.00158	2.71	99266	156	495972	6553168	66.02
2001	20-24	0.00040	0.00198	2.51	99110	196	495061	6057195	61.12
2001	25-29	0.00043	0.00213	2.6	98914	211	494063	5562134	56.23
2001	30-34	0.00057	0.00282	2.7	98703	279	492873	5068071	51.35
2001	35-39	0.00096	0.00479	2.79	98424	472	491076	4575198	46.48
2001	40-44	0.00148	0.00740	2.7	97952	725	488094	4084122	41.70
2001	45-49	0.00232	0.01154	2.67	97228	1122	483519	3596028	36.99
2001	50-54	0.00363	0.01800	2.68	96105	1730	476511	3112509	32.39
2001	55-59	0.00538	0.02659	2.71	94375	2509	466124	2635998	27.93
2001	60-64	0.00860	0.04217	2.68	91866	3874	450331	2169874	23.62
2001	65-69	0.01378	0.06674	2.66	87991	5873	426225	1719543	19.54
2001	70-74	0.02132	0.10150	2.65	82119	8335	390999	1293318	15.75
2001	75-79	0.03477	0.16064	2.63	73784	11853	340882	902319	12.23
2001	80-84	0.06268	0.27249	2.6	61931	16876	269230	561438	9.07
2001	85-89	0.11007	0.43143	2.5	45055	19438	176600	292207	6.49
2001	90-94	0.18727	0.62368	2.32	25617	15977	85314	115607	4.51
2001	95-99	0.29615	0.79277	2.07	9640	7642	25806	30293	3.14
2001	100-104	0.43407	0.90415	1.77	1998	1806	4161	4487	2.25
2001	105-109	0.58373	0.95860	1.5	191	184	314	326	1.70
2001	110+	0.70217	1.00000	1.42	8	8	11	11	1.42
2002	0	0.00503	0.00501	0.07	100000	501	99533	8070615	80.71
2002	1-4	0.00022	0.00090	1.55	99499	89	397778	7971082	80.11
2002	5-9	0.00012	0.00062	2.21	99410	62	496876	7573304	76.18
2002	10-14	0.00014	0.00068	2.83	99348	68	496593	7076428	71.23
2002	15-19	0.00033	0.00164	2.93	99280	163	496064	6579835	66.28
2002	20-24	0.00036	0.00178	2.39	99117	176	495127	6083771	61.38
2002	25-29	0.00037	0.00184	2.61	98941	182	494270	5588644	56.48
2002	30-34	0.00059	0.00297	2.7	98759	293	493123	5094374	51.58
2002	35-39	0.00089	0.00443	2.78	98466	436	491362	4601251	46.73
2002	40-44	0.00149	0.00743	2.69	98030	728	488470	4109889	41.92
2002	45-49	0.00238	0.01182	2.69	97302	1150	483851	3621419	37.22
2002	50-54	0.00333	0.01653	2.65	96152	1590	477021	3137568	32.63
2002	55-59	0.00516	0.02548	2.67	94562	2410	467184	2660547	28.14
2002	60-64	0.00852	0.04179	2.68	92152	3851	451834	2193363	23.80
2002	65-69	0.01302	0.06316	2.65	88302	5577	428403	1741529	19.72
2002	70-74	0.02111	0.10054	2.65	82725	8317	394067	1313126	15.87
2002	75-79	0.03350	0.15512	2.62	74408	11542	344519	919059	12.35
2002	80-84	0.06223	0.27066	2.6	62865	17015	273428	574540	9.14
2002	85-89	0.10842	0.42739	2.52	45850	19596	180734	301112	6.57
2002	90-94	0.18365	0.61746	2.35	26254	16211	88272	120378	4.59
2002	95-99	0.29029	0.78573	2.08	10043	7891	27184	32106	3.20
2002	100-104	0.42565	0.89936	1.79	2152	1935	4547	4922	2.29
2002	105-109	0.57374	0.95614	1.51	217	207	361	375	1.73
2002	110+	0.69190	1.00000	1.45	9	9	14	14	1.45
2003	0	0.00478	0.00476	0.07	100000	476	99555	8075074	80.75
2003	1-4	0.00024	0.00096	1.68	99524	95	397873	7975518	80.14
2003	5-9	0.00012	0.00061	2.46	99428	61	496987	7577645	76.21
2003	10-14	0.00015	0.00073	2.69	99368	73	496670	7080658	71.26
2003	15-19	0.00033	0.00166	2.92	99295	165	496132	6583988	66.31
2003	20-24	0.00039	0.00197	2.52	99130	195	495166	6087856	61.41
2003	25-29	0.00041	0.00204	2.5	98935	202	494170	5592690	56.53
2003	30-34	0.00056	0.00278	2.75	98733	274	493047	5098520	51.64
2003	35-39	0.00092	0.00457	2.7	98459	450	491259	4605473	46.78
2003	40-44	0.00151	0.00754	2.72	98009	739	488359	4114214	41.98
2003	45-49	0.00236	0.01172	2.64	97269	1140	483661	3625854	37.28
2003	50-54	0.00350	0.01733	2.64	96130	1666	476710	3142193	32.69
2003	55-59	0.00534	0.02638	2.7	94463	2492	466592	2665483	28.22
2003	60-64	0.00816	0.04004	2.62	91971	3682	451107	2198891	23.91
2003	65-69	0.01276	0.06196	2.66	88289	5470	428670	1747784	19.80
2003	70-74	0.02045	0.09754	2.64	82819	8078	395038	1319114	15.93
2003	75-79	0.03304	0.15322	2.64	74741	11452	346636	924076	12.36
2003	80-84	0.06139	0.26777	2.62	63289	16946	276064	577440	9.12
2003	85-89	0.10879	0.42806	2.51	46342	19837	182343	301375	6.50
2003	90-94	0.18797	0.62497	2.32	26505	16565	88125	119033	4.49
2003	95-99	0.29959	0.79709	2.07	9940	7923	26447	30908	3.11
2003	100-104	0.44124	0.90824	1.76	2017	1832	4152	4461	2.21
2003	105-109	0.59400	0.96107	1.48	185	178	299	310	1.67
2003	110+	0.71383	1.00000	1.4	7	7	10	10	1.40
2004	0	0.00481	0.00479	0.07	100000	479	99553	8121721	81.22
2004	1-4	0.00024	0.00097	1.63	99521	97	397854	8022168	80.61
2004	5-9	0.00012	0.00059	2.61	99424	59	496979	7624314	76.68
2004	10-14	0.00012	0.00061	3.01	99365	60	496705	7127336	71.73
2004	15-19	0.00031	0.00155	2.83	99305	154	496188	6630631	66.77
2004	20-24	0.00038	0.00189	2.4	99151	188	495266	6134443	61.87
2004	25-29	0.00041	0.00205	2.6	98963	203	494328	5639176	56.98
2004	30-34	0.00057	0.00284	2.71	98760	280	493159	5144849	52.09
2004	35-39	0.00082	0.00411	2.69	98480	404	491466	4651690	47.23
2004	40-44	0.00143	0.00714	2.75	98075	700	488802	4160224	42.42
2004	45-49	0.00234	0.01163	2.67	97375	1133	484233	3671422	37.70
2004	50-54	0.00345	0.01711	2.63	96243	1647	477305	3187189	33.12
2004	55-59	0.00507	0.02504	2.67	94596	2369	467470	2709884	28.65
2004	60-64	0.00784	0.03849	2.65	92227	3550	452811	2242414	24.31
2004	65-69	0.01217	0.05916	2.65	88677	5246	431034	1789603	20.18
2004	70-74	0.01967	0.09396	2.63	83431	7839	398562	1358569	16.28
2004	75-79	0.03139	0.14610	2.63	75592	11044	351786	960007	12.70
2004	80-84	0.05887	0.25809	2.61	64548	16659	282991	608221	9.42
2004	85-89	0.10271	0.40950	2.53	47888	19610	190935	325230	6.79
2004	90-94	0.17411	0.59487	2.34	28278	16822	96615	134294	4.75
2004	95-99	0.28042	0.77382	2.1	11456	8865	31613	37680	3.29
2004	100-104	0.41479	0.89313	1.81	2591	2314	5579	6067	2.34
2004	105-109	0.56360	0.95363	1.53	277	264	469	487	1.76
2004	110+	0.68331	1.00000	1.46	13	13	19	19	1.46
2005	0	0.00516	0.00513	0.07	100000	513	99521	8127287	81.27
2005	1-4	0.00024	0.00096	1.56	99487	95	397715	8027765	80.69
2005	5-9	0.00013	0.00063	2.49	99392	62	496802	7630050	76.77
2005	10-14	0.00011	0.00056	2.93	99329	56	496531	7133248	71.81
2005	15-19	0.00033	0.00166	2.82	99273	165	496008	6636717	66.85
2005	20-24	0.00037	0.00186	2.54	99108	185	495088	6140710	61.96
2005	25-29	0.00042	0.00212	2.67	98924	210	494132	5645622	57.07
2005	30-34	0.00052	0.00259	2.65	98714	256	492969	5151490	52.19
2005	35-39	0.00086	0.00429	2.71	98458	422	491325	4658522	47.31
2005	40-44	0.00142	0.00708	2.67	98036	695	488564	4167197	42.51
2005	45-49	0.00228	0.01134	2.7	97341	1104	484170	3678633	37.79
2005	50-54	0.00341	0.01692	2.64	96237	1628	477341	3194463	33.19
2005	55-59	0.00501	0.02476	2.64	94609	2343	467522	2717121	28.72
2005	60-64	0.00781	0.03835	2.67	92266	3538	453085	2249599	24.38
2005	65-69	0.01218	0.05921	2.66	88728	5253	431323	1796515	20.25
2005	70-74	0.01910	0.09140	2.65	83475	7630	399468	1365192	16.35
2005	75-79	0.03136	0.14603	2.65	75845	11076	353198	965724	12.73
2005	80-84	0.05648	0.24888	2.61	64769	16120	285385	612526	9.46
2005	85-89	0.10327	0.41114	2.52	48649	20001	193684	327141	6.72
2005	90-94	0.17801	0.60401	2.34	28648	17304	97203	133458	4.66
2005	95-99	0.28967	0.78590	2.09	11344	8915	30778	36255	3.20
2005	100-104	0.43189	0.90353	1.78	2429	2194	5081	5477	2.26
2005	105-109	0.58708	0.95966	1.49	234	225	383	396	1.69
2005	110+	0.70953	1.00000	1.41	9	9	13	13	1.41
2006	0	0.00481	0.00479	0.07	100000	479	99553	8151494	81.51
2006	1-4	0.00024	0.00096	1.57	99521	96	397851	8051941	80.91
2006	5-9	0.00011	0.00055	2.31	99425	55	496977	7654091	76.98
2006	10-14	0.00014	0.00068	2.74	99370	68	496696	7157114	72.02
2006	15-19	0.00031	0.00153	2.8	99302	152	496175	6660417	67.07
2006	20-24	0.00040	0.00199	2.5	99150	197	495255	6164242	62.17
2006	25-29	0.00043	0.00216	2.51	98952	214	494228	5668987	57.29
2006	30-34	0.00055	0.00275	2.61	98738	272	493041	5174758	52.41
2006	35-39	0.00085	0.00426	2.67	98466	419	491357	4681717	47.55
2006	40-44	0.00137	0.00683	2.72	98047	670	488707	4190361	42.74
2006	45-49	0.00230	0.01143	2.64	97377	1113	484265	3701654	38.01
2006	50-54	0.00334	0.01657	2.64	96265	1595	477564	3217389	33.42
2006	55-59	0.00498	0.02463	2.66	94669	2331	467901	2739825	28.94
2006	60-64	0.00749	0.03681	2.65	92338	3399	453716	2271925	24.60
2006	65-69	0.01174	0.05715	2.68	88939	5083	432891	1818209	20.44
2006	70-74	0.01848	0.08861	2.68	83856	7431	402065	1385318	16.52
2006	75-79	0.03061	0.14274	2.64	76425	10909	356358	983253	12.87
2006	80-84	0.05520	0.24404	2.63	65517	15989	289627	626895	9.57
2006	85-89	0.10048	0.40265	2.53	49528	19942	198470	337267	6.81
2006	90-94	0.17597	0.60000	2.35	29586	17751	100878	138797	4.69
2006	95-99	0.28858	0.78485	2.09	11834	9288	32186	37919	3.20
2006	100-104	0.43255	0.90408	1.78	2546	2302	5322	5733	2.25
2006	105-109	0.58970	0.96035	1.49	244	235	398	411	1.68
2006	110+	0.71340	1.00000	1.4	10	10	14	14	1.40
2007	0	0.00509	0.00506	0.07	100000	506	99528	8188051	81.88
2007	1-4	0.00023	0.00094	1.5	99494	93	397741	8088523	81.30
2007	5-9	0.00011	0.00054	2.43	99400	54	496865	7690782	77.37
2007	10-14	0.00011	0.00055	2.69	99347	55	496608	7193917	72.41
2007	15-19	0.00026	0.00130	2.77	99292	129	496174	6697308	67.45
2007	20-24	0.00039	0.00196	2.48	99163	194	495326	6201134	62.53
2007	25-29	0.00044	0.00218	2.6	98969	216	494325	5705808	57.65
2007	30-34	0.00054	0.00272	2.64	98753	269	493130	5211484	52.77
2007	35-39	0.00083	0.00417	2.72	98484	410	491486	4718353	47.91
2007	40-44	0.00130	0.00649	2.73	98074	637	488924	4226867	43.10
2007	45-49	0.00220	0.01093	2.64	97437	1065	484673	3737943	38.36
2007	50-54	0.00330	0.01636	2.63	96372	1576	478131	3253270	33.76
2007	55-59	0.00473	0.02338	2.63	94796	2216	468721	2775139	29.28
2007	60-64	0.00738	0.03628	2.68	92579	3358	455108	2306418	24.91
2007	65-69	0.01090	0.05315	2.67	89221	4742	435068	1851310	20.75
2007	70-74	0.01806	0.08665	2.66	84479	7320	405251	1416242	16.76
2007	75-79	0.02974	0.13889	2.63	77158	10717	360350	1010991	13.10
2007	80-84	0.05340	0.23692	2.62	66442	15741	294804	650641	9.79
2007	85-89	0.09505	0.38542	2.55	50700	19541	205588	355837	7.02
2007	90-94	0.17044	0.58886	2.38	31160	18349	107657	150249	4.82
2007	95-99	0.27609	0.76917	2.12	12811	9854	35690	42592	3.32
2007	100-104	0.41588	0.89446	1.81	2957	2645	6360	6902	2.33
2007	105-109	0.57120	0.95592	1.52	312	298	522	542	1.74
2007	110+	0.69545	1.00000	1.44	14	14	20	20	1.44
2008	0	0.00492	0.00490	0.07	100000	490	99543	8209343	82.09
2008	1-4	0.00020	0.00081	1.5	99510	81	397837	8109800	81.50
2008	5-9	0.00009	0.00047	2.37	99429	47	497021	7711964	77.56
2008	10-14	0.00013	0.00063	2.61	99382	62	496761	7214943	72.60
2008	15-19	0.00024	0.00121	2.84	99320	121	496338	6718182	67.64
2008	20-24	0.00034	0.00170	2.46	99199	169	495567	6221844	62.72
2008	25-29	0.00043	0.00213	2.59	99030	211	494642	5726277	57.82
2008	30-34	0.00051	0.00256	2.54	98819	253	493476	5231635	52.94
2008	35-39	0.00074	0.00368	2.69	98567	363	491996	4738159	48.07
2008	40-44	0.00124	0.00616	2.71	98204	605	489637	4246163	43.24
2008	45-49	0.00210	0.01043	2.69	97599	1018	485641	3756526	38.49
2008	50-54	0.00329	0.01634	2.63	96581	1578	479166	3270884	33.87
2008	55-59	0.00469	0.02320	2.67	95004	2204	469876	2791719	29.39
2008	60-64	0.00708	0.03480	2.61	92799	3229	456263	2321843	25.02
2008	65-69	0.01127	0.05487	2.64	89570	4915	436245	1865579	20.83
2008	70-74	0.01774	0.08518	2.66	84655	7211	406403	1429334	16.88
2008	75-79	0.02873	0.13452	2.64	77444	10418	362652	1022931	13.21
2008	80-84	0.05232	0.23275	2.63	67026	15600	298178	660279	9.85
2008	85-89	0.09451	0.38407	2.56	51426	19751	208991	362101	7.04
2008	90-94	0.16867	0.58299	2.35	31675	18466	109478	153110	4.83
2008	95-99	0.27804	0.77196	2.12	13209	10197	36674	43632	3.30
2008	100-104	0.42054	0.89744	1.81	3012	2703	6428	6958	2.31
2008	105-109	0.57831	0.95777	1.51	309	296	512	530	1.72
2008	110+	0.70375	1.00000	1.42	13	13	19	19	1.42
2009	0	0.00455	0.00453	0.07	100000	453	99577	8245024	82.45
2009	1-4	0.00020	0.00081	1.56	99547	81	397991	8145448	81.83
2009	5-9	0.00012	0.00060	2.27	99466	60	497168	7747457	77.89
2009	10-14	0.00011	0.00054	2.4	99407	54	496893	7250288	72.94
2009	15-19	0.00025	0.00124	2.82	99353	124	496494	6753396	67.97
2009	20-24	0.00036	0.00178	2.61	99229	177	495722	6256902	63.06
2009	25-29	0.00043	0.00214	2.54	99052	212	494741	5761180	58.16
2009	30-34	0.00055	0.00275	2.63	98841	271	493559	5266439	53.28
2009	35-39	0.00077	0.00386	2.64	98569	380	491949	4772880	48.42
2009	40-44	0.00133	0.00664	2.68	98189	652	489431	4280931	43.60
2009	45-49	0.00216	0.01074	2.64	97537	1047	485216	3791500	38.87
2009	50-54	0.00329	0.01634	2.68	96489	1577	478787	3306284	34.27
2009	55-59	0.00456	0.02256	2.65	94912	2142	469526	2827497	29.79
2009	60-64	0.00687	0.03380	2.68	92771	3135	456573	2357970	25.42
2009	65-69	0.01068	0.05207	2.62	89635	4668	437080	1901397	21.21
2009	70-74	0.01687	0.08113	2.66	84968	6893	408673	1464317	17.23
2009	75-79	0.02757	0.12943	2.64	78074	10105	366499	1055644	13.52
2009	80-84	0.04944	0.22137	2.64	67969	15046	304362	689145	10.14
2009	85-89	0.09076	0.37149	2.56	52922	19660	216614	384783	7.27
2009	90-94	0.15878	0.56203	2.4	33262	18695	117736	168170	5.06
2009	95-99	0.26269	0.75139	2.15	14568	10946	41669	50434	3.46
2009	100-104	0.39952	0.88428	1.85	3622	3203	8016	8765	2.42
2009	105-109	0.55437	0.95156	1.55	419	399	719	749	1.79
2009	110+	0.67999	1.00000	1.47	20	20	30	30	1.47
2010	0	0.00437	0.00435	0.07	100000	435	99593	8270902	82.71
2010	1-4	0.00019	0.00077	1.51	99565	77	398067	8171309	82.07
2010	5-9	0.00009	0.00044	2.4	99488	44	497325	7773242	78.13
2010	10-14	0.00011	0.00055	2.64	99444	55	497091	7275917	73.17
2010	15-19	0.00020	0.00100	2.86	99389	99	496733	6778827	68.20
2010	20-24	0.00032	0.00159	2.6	99290	157	496071	6282094	63.27
2010	25-29	0.00039	0.00196	2.55	99133	194	495189	5786022	58.37
2010	30-34	0.00049	0.00246	2.6	98939	243	494110	5290834	53.48
2010	35-39	0.00072	0.00357	2.7	98695	353	492665	4796724	48.60
2010	40-44	0.00121	0.00602	2.72	98343	592	490364	4304059	43.77
2010	45-49	0.00193	0.00963	2.72	97751	941	486611	3813695	39.01
2010	50-54	0.00308	0.01527	2.67	96809	1478	480597	3327083	34.37
2010	55-59	0.00457	0.02259	2.66	95331	2154	471605	2846486	29.86
2010	60-64	0.00682	0.03356	2.69	93177	3127	458678	2374881	25.49
2010	65-69	0.01050	0.05122	2.67	90051	4613	439514	1916203	21.28
2010	70-74	0.01661	0.07991	2.65	85438	6828	411146	1476689	17.28
2010	75-79	0.02713	0.12745	2.63	78610	10019	369309	1065542	13.55
2010	80-84	0.04917	0.22021	2.63	68592	15105	307227	696233	10.15
2010	85-89	0.08984	0.36815	2.55	53487	19691	219190	389006	7.27
2010	90-94	0.16028	0.56572	2.4	33796	19119	119283	169816	5.02
2010	95-99	0.26435	0.75382	2.15	14677	11064	41853	50533	3.44
2010	100-104	0.40280	0.88654	1.84	3613	3203	7952	8679	2.40
2010	105-109	0.55906	0.95290	1.54	410	391	699	727	1.77
2010	110+	0.68537	1.00000	1.46	19	19	28	28	1.46
2011	0	0.00444	0.00442	0.07	100000	442	99587	8277346	82.77
2011	1-4	0.00021	0.00085	1.56	99558	84	398026	8177759	82.14
2011	5-9	0.00008	0.00040	2.17	99474	40	497254	7779733	78.21
2011	10-14	0.00010	0.00049	2.89	99433	49	497063	7282479	73.24
2011	15-19	0.00021	0.00104	2.79	99384	103	496693	6785415	68.27
2011	20-24	0.00034	0.00170	2.51	99281	169	495984	6288722	63.34
2011	25-29	0.00038	0.00188	2.5	99112	186	495096	5792738	58.45
2011	30-34	0.00051	0.00254	2.46	98926	252	493994	5297641	53.55
2011	35-39	0.00073	0.00364	2.6	98675	359	492510	4803648	48.68
2011	40-44	0.00119	0.00593	2.7	98315	583	490238	4311137	43.85
2011	45-49	0.00194	0.00967	2.72	97732	945	486509	3820900	39.10
2011	50-54	0.00310	0.01541	2.64	96787	1491	480416	3334391	34.45
2011	55-59	0.00444	0.02198	2.59	95296	2094	471442	2853975	29.95
2011	60-64	0.00685	0.03372	2.69	93202	3143	458751	2382533	25.56
2011	65-69	0.00997	0.04875	2.7	90059	4390	440207	1923782	21.36
2011	70-74	0.01623	0.07821	2.67	85668	6700	412719	1483576	17.32
2011	75-79	0.02710	0.12737	2.65	78968	10058	371165	1070856	13.56
2011	80-84	0.04889	0.21926	2.65	68910	15109	309058	699692	10.15
2011	85-89	0.08918	0.36685	2.58	53801	19737	221312	390634	7.26
2011	90-94	0.16225	0.56906	2.38	34064	19384	119471	169321	4.97
2011	95-99	0.26858	0.75988	2.14	14680	11155	41532	49850	3.40
2011	100-104	0.41067	0.89175	1.83	3525	3143	7654	8318	2.36
2011	105-109	0.56993	0.95584	1.52	382	365	640	664	1.74
2011	110+	0.69752	1.00000	1.43	17	17	24	24	1.43
2012	0	0.00418	0.00417	0.06	100000	417	99610	8298118	82.98
2012	1-4	0.00020	0.00081	1.65	99583	80	398144	8198508	82.33
2012	5-9	0.00007	0.00037	2.32	99503	37	497415	7800364	78.39
2012	10-14	0.00010	0.00049	2.71	99466	49	497216	7302949	73.42
2012	15-19	0.00018	0.00091	2.85	99417	90	496889	6805733	68.46
2012	20-24	0.00033	0.00163	2.56	99326	161	496237	6308844	63.52
2012	25-29	0.00039	0.00196	2.55	99165	194	495348	5812607	58.62
2012	30-34	0.00052	0.00258	2.63	98971	255	494249	5317259	53.73
2012	35-39	0.00070	0.00352	2.7	98716	347	492778	4823010	48.86
2012	40-44	0.00115	0.00574	2.72	98368	565	490554	4330232	44.02
2012	45-49	0.00195	0.00971	2.7	97804	950	486830	3839678	39.26
2012	50-54	0.00307	0.01525	2.62	96854	1477	480759	3352848	34.62
2012	55-59	0.00447	0.02209	2.63	95377	2107	471884	2872089	30.11
2012	60-64	0.00664	0.03266	2.63	93270	3047	459128	2400204	25.73
2012	65-69	0.01006	0.04913	2.64	90224	4433	440668	1941076	21.51
2012	70-74	0.01561	0.07530	2.65	85791	6460	413770	1500409	17.49
2012	75-79	0.02674	0.12584	2.67	79331	9983	373373	1086638	13.70
2012	80-84	0.04745	0.21336	2.64	69348	14796	311793	713266	10.29
2012	85-89	0.08748	0.36155	2.6	54552	19723	225462	401473	7.36
2012	90-94	0.15869	0.56111	2.39	34829	19543	123145	176011	5.05
2012	95-99	0.26263	0.75176	2.16	15286	11492	43756	52866	3.46
2012	100-104	0.40291	0.88686	1.84	3795	3365	8352	9110	2.40
2012	105-109	0.56149	0.95367	1.54	429	409	729	758	1.77
2012	110+	0.68946	1.00000	1.45	20	20	29	29	1.45
2013	0	0.00430	0.00428	0.07	100000	428	99600	8308620	83.09
2013	1-4	0.00016	0.00063	1.84	99572	63	398151	8209020	82.44
2013	5-9	0.00010	0.00051	2.27	99509	51	497405	7810869	78.49
2013	10-14	0.00011	0.00054	2.83	99458	54	497172	7313464	73.53
2013	15-19	0.00020	0.00102	3	99404	102	496816	6816292	68.57
2013	20-24	0.00032	0.00158	2.67	99302	157	496145	6319476	63.64
2013	25-29	0.00038	0.00192	2.59	99145	190	495265	5823331	58.74
2013	30-34	0.00052	0.00257	2.65	98954	255	494173	5328066	53.84
2013	35-39	0.00073	0.00364	2.67	98700	359	492663	4833893	48.98
2013	40-44	0.00113	0.00566	2.71	98340	556	490427	4341230	44.14
2013	45-49	0.00180	0.00896	2.67	97784	876	486883	3850802	39.38
2013	50-54	0.00303	0.01506	2.66	96908	1459	481131	3363920	34.71
2013	55-59	0.00442	0.02187	2.63	95449	2088	472290	2882789	30.20
2013	60-64	0.00654	0.03220	2.64	93362	3007	459708	2410499	25.82
2013	65-69	0.00966	0.04723	2.63	90355	4267	441664	1950791	21.59
2013	70-74	0.01569	0.07570	2.67	86088	6517	415254	1509126	17.53
2013	75-79	0.02667	0.12551	2.65	79571	9987	374407	1093873	13.75
2013	80-84	0.04673	0.21052	2.65	69584	14649	313456	719466	10.34
2013	85-89	0.08652	0.35723	2.56	54935	19624	226820	406010	7.39
2013	90-94	0.15726	0.55899	2.41	35310	19738	125515	179190	5.07
2013	95-99	0.26355	0.75324	2.16	15572	11730	44507	53675	3.45
2013	100-104	0.40567	0.88879	1.84	3843	3415	8419	9168	2.39
2013	105-109	0.56604	0.95494	1.53	427	408	721	749	1.75
2013	110+	0.69497	1.00000	1.44	19	19	28	28	1.44
2014	0	0.00406	0.00405	0.06	100000	405	99621	8343295	83.43
2014	1-4	0.00016	0.00064	1.46	99595	63	398219	8243674	82.77
2014	5-9	0.00007	0.00036	2.25	99532	36	497558	7845455	78.82
2014	10-14	0.00008	0.00042	2.85	99495	42	497387	7347897	73.85
2014	15-19	0.00022	0.00111	2.95	99453	111	497041	6850510	68.88
2014	20-24	0.00033	0.00164	2.4	99343	163	496291	6353469	63.95
2014	25-29	0.00041	0.00205	2.48	99180	203	495389	5857178	59.06
2014	30-34	0.00051	0.00254	2.61	98977	251	494285	5361789	54.17
2014	35-39	0.00079	0.00394	2.61	98726	389	492698	4867504	49.30
2014	40-44	0.00114	0.00570	2.67	98336	561	490374	4374806	44.49
2014	45-49	0.00188	0.00936	2.75	97775	915	486816	3884432	39.73
2014	50-54	0.00294	0.01461	2.67	96860	1415	481009	3397616	35.08
2014	55-59	0.00456	0.02257	2.62	95445	2154	472109	2916607	30.56
2014	60-64	0.00648	0.03191	2.59	93291	2977	459283	2444498	26.20
2014	65-69	0.00957	0.04677	2.63	90314	4224	441562	1985215	21.98
2014	70-74	0.01496	0.07226	2.64	86090	6221	415744	1543653	17.93
2014	75-79	0.02533	0.11954	2.65	79869	9547	376927	1127909	14.12
2014	80-84	0.04375	0.19861	2.68	70322	13967	319255	750982	10.68
2014	85-89	0.08093	0.33802	2.56	56355	19049	235383	431726	7.66
2014	90-94	0.14957	0.54095	2.44	37306	20181	134924	196343	5.26
2014	95-99	0.25075	0.73513	2.19	17125	12589	50205	61419	3.59
2014	100-104	0.38988	0.87845	1.87	4536	3985	10220	11214	2.47
2014	105-109	0.54978	0.95064	1.56	551	524	953	993	1.80
2014	110+	0.68016	1.00000	1.47	27	27	40	40	1.47
2015	0	0.00399	0.00398	0.06	100000	398	99628	8321034	83.21
2015	1-4	0.00016	0.00064	1.69	99602	64	398260	8221406	82.54
2015	5-9	0.00007	0.00033	2.28	99538	33	497600	7823146	78.59
2015	10-14	0.00009	0.00047	2.66	99505	47	497415	7325546	73.62
2015	15-19	0.00022	0.00112	2.87	99458	112	497054	6828131	68.65
2015	20-24	0.00034	0.00168	2.6	99347	167	496333	6331077	63.73
2015	25-29	0.00041	0.00205	2.48	99180	204	495387	5834744	58.83
2015	30-34	0.00055	0.00273	2.63	98976	271	494241	5339357	53.95
2015	35-39	0.00076	0.00381	2.64	98706	376	492642	4845115	49.09
2015	40-44	0.00115	0.00574	2.69	98330	565	490342	4352474	44.26
2015	45-49	0.00183	0.00911	2.65	97765	891	486732	3862131	39.50
2015	50-54	0.00307	0.01524	2.66	96874	1476	480911	3375399	34.84
2015	55-59	0.00446	0.02208	2.65	95398	2107	472033	2894488	30.34
2015	60-64	0.00652	0.03210	2.62	93291	2995	459314	2422455	25.97
2015	65-69	0.00986	0.04818	2.63	90296	4351	441175	1963141	21.74
2015	70-74	0.01567	0.07554	2.65	85946	6493	414456	1521966	17.71
2015	75-79	0.02587	0.12197	2.66	79453	9691	374573	1107509	13.94
2015	80-84	0.04498	0.20347	2.66	69762	14195	315575	732936	10.51
2015	85-89	0.08354	0.34742	2.58	55568	19305	231089	417361	7.51
2015	90-94	0.15433	0.55131	2.41	36262	19992	129539	186272	5.14
2015	95-99	0.25961	0.74800	2.17	16271	12170	46879	56733	3.49
2015	100-104	0.40232	0.88684	1.85	4100	3636	9038	9854	2.40
2015	105-109	0.56417	0.95455	1.53	464	443	785	815	1.76
2015	110+	0.69453	1.00000	1.44	21	21	30	30	1.44
2016	0	0.00376	0.00374	0.06	100000	374	99650	8334959	83.35
2016	1-4	0.00020	0.00078	1.78	99626	78	398329	8235310	82.66
2016	5-9	0.00010	0.00048	2.64	99548	48	497625	7836980	78.73
2016	10-14	0.00010	0.00048	2.65	99500	47	497387	7339355	73.76
2016	15-19	0.00023	0.00117	2.84	99452	117	497009	6841968	68.80
2016	20-24	0.00034	0.00170	2.55	99336	169	496264	6344958	63.87
2016	25-29	0.00042	0.00209	2.57	99167	207	495329	5848694	58.98
2016	30-34	0.00059	0.00295	2.59	98960	292	494094	5353365	54.10
2016	35-39	0.00079	0.00392	2.63	98668	387	492421	4859272	49.25
2016	40-44	0.00112	0.00556	2.62	98280	547	490102	4366850	44.43
2016	45-49	0.00188	0.00935	2.63	97734	914	486500	3876748	39.67
2016	50-54	0.00293	0.01453	2.65	96820	1407	480790	3390248	35.02
2016	55-59	0.00451	0.02234	2.64	95413	2131	472031	2909458	30.49
2016	60-64	0.00663	0.03265	2.65	93282	3046	459264	2437427	26.13
2016	65-69	0.00977	0.04779	2.7	90236	4312	441275	1978163	21.92
2016	70-74	0.01509	0.07292	2.68	85923	6266	415105	1536887	17.89
2016	75-79	0.02552	0.12042	2.66	79658	9592	375856	1121782	14.08
2016	80-84	0.04410	0.19965	2.63	70066	13989	317169	745926	10.65
2016	85-89	0.08179	0.34153	2.59	56077	19152	234164	428756	7.65
2016	90-94	0.14879	0.53804	2.43	36925	19867	133524	194592	5.27
2016	95-99	0.25139	0.73599	2.18	17058	12555	49940	61069	3.58
2016	100-104	0.39010	0.87853	1.87	4504	3957	10142	11129	2.47
2016	105-109	0.54940	0.95050	1.56	547	520	946	986	1.80
2016	110+	0.67931	1.00000	1.47	27	27	40	40	1.47
2017	0	0.00369	0.00368	0.06	100000	368	99656	8343816	83.44
2017	1-4	0.00013	0.00054	1.55	99632	54	398399	8244161	82.75
2017	5-9	0.00009	0.00044	2.41	99579	43	497782	7845762	78.79
2017	10-14	0.00010	0.00050	2.71	99535	49	497564	7347981	73.82
2017	15-19	0.00021	0.00106	2.87	99486	106	497205	6850416	68.86
2017	20-24	0.00037	0.00186	2.53	99380	185	496445	6353212	63.93
2017	25-29	0.00040	0.00201	2.55	99195	200	495488	5856766	59.04
2017	30-34	0.00058	0.00288	2.66	98996	285	494310	5361279	54.16
2017	35-39	0.00081	0.00404	2.62	98710	399	492601	4866969	49.31
2017	40-44	0.00115	0.00572	2.6	98312	562	490208	4374368	44.49
2017	45-49	0.00179	0.00891	2.69	97749	871	486734	3884160	39.74
2017	50-54	0.00284	0.01410	2.67	96878	1366	481205	3397427	35.07
2017	55-59	0.00444	0.02199	2.64	95513	2100	472607	2916222	30.53
2017	60-64	0.00657	0.03237	2.64	93412	3023	459940	2443614	26.16
2017	65-69	0.00970	0.04744	2.66	90389	4289	441916	1983675	21.95
2017	70-74	0.01510	0.07292	2.68	86101	6279	415919	1541759	17.91
2017	75-79	0.02501	0.11820	2.68	79822	9435	377244	1125840	14.10
2017	80-84	0.04426	0.20040	2.65	70387	14106	318723	748596	10.64
2017	85-89	0.08021	0.33605	2.59	56281	18913	235799	429873	7.64
2017	90-94	0.15205	0.54487	2.4	37368	20361	133907	194074	5.19
2017	95-99	0.25495	0.74139	2.18	17007	12609	49458	60166	3.54
2017	100-104	0.39652	0.88308	1.86	4398	3884	9795	10708	2.43
2017	105-109	0.55818	0.95300	1.54	514	490	878	913	1.78
2017	110+	0.68907	1.00000	1.45	24	24	35	35	1.45
2018	0	0.00373	0.00372	0.06	100000	372	99652	8368314	83.68
2018	1-4	0.00014	0.00058	1.65	99628	57	398378	8268662	83.00
2018	5-9	0.00008	0.00039	2.41	99571	39	497754	7870284	79.04
2018	10-14	0.00010	0.00051	2.75	99532	50	497547	7372530	74.07
2018	15-19	0.00023	0.00113	2.88	99482	112	497171	6874983	69.11
2018	20-24	0.00037	0.00187	2.63	99370	186	496408	6377812	64.18
2018	25-29	0.00044	0.00221	2.62	99184	219	495398	5881404	59.30
2018	30-34	0.00060	0.00298	2.58	98965	295	494113	5386007	54.42
2018	35-39	0.00089	0.00443	2.61	98670	437	492306	4891893	49.58
2018	40-44	0.00111	0.00553	2.56	98233	543	489841	4399588	44.79
2018	45-49	0.00178	0.00884	2.62	97690	864	486391	3909747	40.02
2018	50-54	0.00273	0.01359	2.7	96826	1316	481098	3423357	35.36
2018	55-59	0.00426	0.02109	2.66	95510	2014	472831	2942258	30.81
2018	60-64	0.00640	0.03153	2.62	93496	2948	460452	2469427	26.41
2018	65-69	0.00940	0.04599	2.66	90548	4164	443013	2008975	22.19
2018	70-74	0.01474	0.07123	2.66	86384	6153	417515	1565963	18.13
2018	75-79	0.02464	0.11642	2.63	80231	9341	379043	1148448	14.31
2018	80-84	0.04307	0.19547	2.64	70891	13857	321703	769405	10.85
2018	85-89	0.07769	0.32728	2.59	57034	18666	240272	447702	7.85
2018	90-94	0.14347	0.52415	2.43	38368	20111	140174	207430	5.41
2018	95-99	0.24259	0.72270	2.2	18257	13195	54389	67256	3.68
2018	100-104	0.37802	0.86986	1.9	5063	4404	11650	12867	2.54
2018	105-109	0.53558	0.94643	1.58	659	624	1164	1217	1.85
2018	110+	0.66551	1.00000	1.5	35	35	53	53	1.50
2019	0	0.00379	0.00378	0.06	100000	378	99646	8392760	83.93
2019	1-4	0.00014	0.00057	1.54	99622	57	398348	8293114	83.25
2019	5-9	0.00008	0.00042	2.41	99565	42	497717	7894766	79.29
2019	10-14	0.00009	0.00045	2.73	99523	45	497514	7397049	74.32
2019	15-19	0.00021	0.00104	2.81	99478	103	497164	6899535	69.36
2019	20-24	0.00038	0.00188	2.55	99375	187	496417	6402371	64.43
2019	25-29	0.00042	0.00212	2.57	99188	211	495429	5905954	59.54
2019	30-34	0.00064	0.00318	2.73	98977	315	494172	5410526	54.66
2019	35-39	0.00086	0.00428	2.68	98663	423	492332	4916353	49.83
2019	40-44	0.00119	0.00592	2.63	98240	582	489818	4424021	45.03
2019	45-49	0.00175	0.00871	2.72	97658	850	486353	3934204	40.29
2019	50-54	0.00267	0.01327	2.66	96808	1285	481039	3447851	35.62
2019	55-59	0.00421	0.02082	2.65	95523	1989	472933	2966812	31.06
2019	60-64	0.00646	0.03181	2.65	93534	2976	460668	2493879	26.66
2019	65-69	0.00906	0.04436	2.61	90558	4017	443200	2033211	22.45
2019	70-74	0.01425	0.06892	2.65	86541	5964	418674	1590011	18.37
2019	75-79	0.02369	0.11224	2.66	80577	9044	381682	1171336	14.54
2019	80-84	0.04224	0.19217	2.66	71533	13746	325439	789654	11.04
2019	85-89	0.07489	0.31741	2.6	57787	18342	244938	464216	8.03
2019	90-94	0.13829	0.51123	2.45	39445	20165	145815	219278	5.56
2019	95-99	0.23265	0.70679	2.22	19279	13626	58571	73462	3.81
2019	100-104	0.36312	0.85819	1.93	5653	4851	13360	14892	2.63
2019	105-109	0.51715	0.94041	1.62	802	754	1458	1532	1.91
2019	110+	0.64591	1.00000	1.55	48	48	74	74	1.55
