KY: Kentucky, Lifetables (period 1x5), Both sexes Last modified: 20 Dec 2020, MPv5 (May07) 

Year     	Age	mx	qx	ax	lx	dx	Lx	Tx	ex
1960-1964	0	0.02775	0.02710	0.13	100000	2710	97629	6977889	69.78
1960-1964	1	0.00194	0.00194	0.5	97290	188	97196	6880260	70.72
1960-1964	2	0.00112	0.00112	0.5	97102	109	97048	6783064	69.86
1960-1964	3	0.00080	0.00080	0.5	96993	77	96955	6686016	68.93
1960-1964	4	0.00065	0.00065	0.5	96916	63	96885	6589061	67.99
1960-1964	5	0.00061	0.00061	0.5	96853	59	96824	6492177	67.03
1960-1964	6	0.00054	0.00054	0.5	96794	53	96768	6395353	66.07
1960-1964	7	0.00044	0.00044	0.5	96741	42	96720	6298585	65.11
1960-1964	8	0.00042	0.00042	0.5	96699	41	96679	6201865	64.14
1960-1964	9	0.00041	0.00041	0.5	96659	40	96639	6105186	63.16
1960-1964	10	0.00039	0.00039	0.5	96619	38	96600	6008547	62.19
1960-1964	11	0.00047	0.00047	0.5	96581	46	96558	5911947	61.21
1960-1964	12	0.00042	0.00042	0.5	96535	40	96515	5815389	60.24
1960-1964	13	0.00054	0.00054	0.5	96495	52	96469	5718874	59.27
1960-1964	14	0.00061	0.00061	0.5	96443	59	96414	5622405	58.30
1960-1964	15	0.00066	0.00066	0.5	96385	64	96353	5525990	57.33
1960-1964	16	0.00102	0.00102	0.5	96321	98	96272	5429637	56.37
1960-1964	17	0.00113	0.00113	0.5	96223	109	96168	5333365	55.43
1960-1964	18	0.00115	0.00115	0.5	96114	111	96059	5237197	54.49
1960-1964	19	0.00129	0.00128	0.5	96003	123	95942	5141138	53.55
1960-1964	20	0.00118	0.00118	0.5	95880	113	95823	5045197	52.62
1960-1964	21	0.00128	0.00128	0.5	95767	123	95705	4949373	51.68
1960-1964	22	0.00136	0.00136	0.5	95644	130	95579	4853668	50.75
1960-1964	23	0.00145	0.00145	0.5	95514	139	95445	4758089	49.82
1960-1964	24	0.00136	0.00136	0.5	95375	130	95310	4662644	48.89
1960-1964	25	0.00144	0.00144	0.5	95245	137	95177	4567334	47.95
1960-1964	26	0.00156	0.00156	0.5	95108	149	95034	4472157	47.02
1960-1964	27	0.00131	0.00131	0.5	94959	125	94897	4377123	46.09
1960-1964	28	0.00161	0.00161	0.5	94835	152	94759	4282226	45.15
1960-1964	29	0.00143	0.00143	0.5	94682	135	94615	4187468	44.23
1960-1964	30	0.00153	0.00152	0.5	94547	144	94475	4092853	43.29
1960-1964	31	0.00163	0.00163	0.5	94403	154	94326	3998378	42.35
1960-1964	32	0.00192	0.00192	0.5	94249	181	94159	3904052	41.42
1960-1964	33	0.00197	0.00197	0.5	94069	185	93976	3809893	40.50
1960-1964	34	0.00210	0.00210	0.5	93883	197	93785	3715917	39.58
1960-1964	35	0.00231	0.00231	0.5	93686	216	93578	3622133	38.66
1960-1964	36	0.00251	0.00250	0.5	93470	234	93353	3528555	37.75
1960-1964	37	0.00255	0.00255	0.5	93236	238	93117	3435202	36.84
1960-1964	38	0.00286	0.00286	0.5	92998	266	92865	3342085	35.94
1960-1964	39	0.00322	0.00322	0.5	92733	298	92584	3249219	35.04
1960-1964	40	0.00337	0.00336	0.5	92435	311	92279	3156636	34.15
1960-1964	41	0.00342	0.00341	0.5	92124	314	91966	3064357	33.26
1960-1964	42	0.00397	0.00396	0.5	91809	363	91627	2972390	32.38
1960-1964	43	0.00435	0.00434	0.5	91446	397	91247	2880763	31.50
1960-1964	44	0.00484	0.00483	0.5	91049	440	90829	2789515	30.64
1960-1964	45	0.00496	0.00495	0.5	90609	448	90385	2698686	29.78
1960-1964	46	0.00531	0.00530	0.5	90161	478	89922	2608301	28.93
1960-1964	47	0.00614	0.00612	0.5	89683	549	89409	2518379	28.08
1960-1964	48	0.00686	0.00684	0.5	89134	610	88829	2428970	27.25
1960-1964	49	0.00717	0.00715	0.5	88525	633	88208	2340140	26.43
1960-1964	50	0.00760	0.00757	0.5	87892	665	87559	2251932	25.62
1960-1964	51	0.00828	0.00825	0.5	87227	720	86867	2164373	24.81
1960-1964	52	0.00946	0.00941	0.5	86507	814	86100	2077506	24.02
1960-1964	53	0.00980	0.00976	0.5	85693	836	85275	1991406	23.24
1960-1964	54	0.01092	0.01086	0.5	84857	921	84396	1906131	22.46
1960-1964	55	0.01188	0.01181	0.5	83936	991	83440	1821735	21.70
1960-1964	56	0.01217	0.01209	0.5	82945	1003	82443	1738295	20.96
1960-1964	57	0.01326	0.01317	0.5	81942	1079	81402	1655851	20.21
1960-1964	58	0.01495	0.01484	0.5	80863	1200	80263	1574449	19.47
1960-1964	59	0.01603	0.01590	0.5	79663	1267	79029	1494187	18.76
1960-1964	60	0.01646	0.01633	0.5	78396	1280	77756	1415157	18.05
1960-1964	61	0.01758	0.01743	0.5	77116	1344	76444	1337402	17.34
1960-1964	62	0.02056	0.02035	0.5	75772	1542	75001	1260958	16.64
1960-1964	63	0.02183	0.02160	0.5	74230	1603	73428	1185957	15.98
1960-1964	64	0.02321	0.02294	0.5	72626	1666	71793	1112529	15.32
1960-1964	65	0.02687	0.02651	0.5	70960	1881	70020	1040736	14.67
1960-1964	66	0.02676	0.02640	0.5	69079	1824	68167	970716	14.05
1960-1964	67	0.03027	0.02982	0.5	67255	2005	66253	902549	13.42
1960-1964	68	0.03307	0.03253	0.5	65250	2123	64189	836296	12.82
1960-1964	69	0.03440	0.03381	0.5	63127	2135	62060	772108	12.23
1960-1964	70	0.03894	0.03819	0.5	60993	2330	59828	710048	11.64
1960-1964	71	0.03910	0.03835	0.5	58663	2250	57538	650220	11.08
1960-1964	72	0.04814	0.04701	0.5	56413	2652	55087	592682	10.51
1960-1964	73	0.04971	0.04851	0.5	53762	2608	52458	537594	10.00
1960-1964	74	0.05340	0.05201	0.5	51154	2661	49823	485137	9.48
1960-1964	75	0.05841	0.05675	0.5	48493	2752	47117	435313	8.98
1960-1964	76	0.06222	0.06035	0.5	45741	2760	44361	388196	8.49
1960-1964	77	0.06796	0.06573	0.5	42981	2825	41568	343835	8.00
1960-1964	78	0.07377	0.07115	0.5	40156	2857	38727	302267	7.53
1960-1964	79	0.08446	0.08104	0.5	37299	3023	35787	263540	7.07
1960-1964	80	0.09482	0.09053	0.5	34276	3103	32725	227752	6.64
1960-1964	81	0.09556	0.09120	0.5	31173	2843	29752	195028	6.26
1960-1964	82	0.11324	0.10717	0.5	28330	3036	26812	165276	5.83
1960-1964	83	0.12912	0.12129	0.5	25294	3068	23760	138464	5.47
1960-1964	84	0.14007	0.13090	0.5	22226	2909	20771	114704	5.16
1960-1964	85	0.15347	0.14253	0.5	19317	2753	17940	93933	4.86
1960-1964	86	0.16513	0.15254	0.5	16563	2527	15300	75993	4.59
1960-1964	87	0.17691	0.16253	0.5	14037	2281	12896	60693	4.32
1960-1964	88	0.19683	0.17919	0.5	11755	2106	10702	47797	4.07
1960-1964	89	0.20392	0.18506	0.5	9649	1786	8756	37095	3.84
1960-1964	90	0.22709	0.20394	0.5	7863	1604	7062	28338	3.60
1960-1964	91	0.24337	0.21697	0.5	6260	1358	5581	21277	3.40
1960-1964	92	0.26266	0.23217	0.5	4902	1138	4333	15696	3.20
1960-1964	93	0.28291	0.24785	0.5	3764	933	3297	11364	3.02
1960-1964	94	0.30411	0.26397	0.5	2831	747	2457	8067	2.85
1960-1964	95	0.32619	0.28045	0.5	2084	584	1791	5610	2.69
1960-1964	96	0.34909	0.29721	0.5	1499	446	1276	3818	2.55
1960-1964	97	0.37273	0.31418	0.5	1054	331	888	2542	2.41
1960-1964	98	0.39701	0.33126	0.5	723	239	603	1654	2.29
1960-1964	99	0.42183	0.34836	0.5	483	168	399	1051	2.17
1960-1964	100	0.44708	0.36540	0.5	315	115	257	652	2.07
1960-1964	101	0.47262	0.38228	0.5	200	76	162	394	1.97
1960-1964	102	0.49832	0.39892	0.5	123	49	99	233	1.89
1960-1964	103	0.52404	0.41524	0.5	74	31	59	134	1.80
1960-1964	104	0.54966	0.43116	0.5	43	19	34	75	1.73
1960-1964	105	0.57503	0.44662	0.5	25	11	19	41	1.66
1960-1964	106	0.60002	0.46155	0.5	14	6	11	22	1.60
1960-1964	107	0.62451	0.47591	0.5	7	3	6	11	1.55
1960-1964	108	0.64839	0.48965	0.5	4	2	3	6	1.50
1960-1964	109	0.67156	0.50275	0.5	2	1	1	3	1.47
1960-1964	110+	0.69394	1.00000	1.44	1	1	1	1	1.44
1965-1969	0	0.02366	0.02317	0.11	100000	2317	97947	7002168	70.02
1965-1969	1	0.00142	0.00142	0.5	97683	138	97614	6904222	70.68
1965-1969	2	0.00087	0.00087	0.5	97544	85	97502	6806608	69.78
1965-1969	3	0.00071	0.00071	0.5	97460	69	97425	6709106	68.84
1965-1969	4	0.00069	0.00069	0.5	97391	67	97357	6611681	67.89
1965-1969	5	0.00058	0.00058	0.5	97323	56	97295	6514324	66.93
1965-1969	6	0.00046	0.00046	0.5	97267	45	97245	6417029	65.97
1965-1969	7	0.00052	0.00052	0.5	97222	50	97197	6319784	65.00
1965-1969	8	0.00042	0.00042	0.5	97172	41	97151	6222587	64.04
1965-1969	9	0.00042	0.00042	0.5	97131	41	97110	6125436	63.06
1965-1969	10	0.00036	0.00036	0.5	97090	35	97073	6028326	62.09
1965-1969	11	0.00036	0.00036	0.5	97055	35	97038	5931253	61.11
1965-1969	12	0.00038	0.00038	0.5	97020	37	97001	5834216	60.13
1965-1969	13	0.00048	0.00048	0.5	96983	47	96960	5737214	59.16
1965-1969	14	0.00060	0.00060	0.5	96936	58	96908	5640255	58.19
1965-1969	15	0.00080	0.00080	0.5	96879	77	96840	5543347	57.22
1965-1969	16	0.00104	0.00104	0.5	96802	101	96751	5446507	56.26
1965-1969	17	0.00128	0.00128	0.5	96701	124	96639	5349756	55.32
1965-1969	18	0.00144	0.00144	0.5	96577	139	96508	5253117	54.39
1965-1969	19	0.00150	0.00150	0.5	96438	145	96366	5156610	53.47
1965-1969	20	0.00136	0.00136	0.5	96294	131	96228	5060244	52.55
1965-1969	21	0.00140	0.00140	0.5	96162	134	96095	4964016	51.62
1965-1969	22	0.00155	0.00154	0.5	96028	148	95954	4867921	50.69
1965-1969	23	0.00138	0.00138	0.5	95880	132	95813	4771967	49.77
1965-1969	24	0.00143	0.00143	0.5	95747	137	95679	4676153	48.84
1965-1969	25	0.00142	0.00142	0.5	95610	136	95542	4580475	47.91
1965-1969	26	0.00140	0.00140	0.5	95474	134	95407	4484933	46.98
1965-1969	27	0.00139	0.00139	0.5	95340	133	95274	4389525	46.04
1965-1969	28	0.00168	0.00168	0.5	95208	160	95128	4294251	45.10
1965-1969	29	0.00170	0.00170	0.5	95047	161	94967	4199124	44.18
1965-1969	30	0.00148	0.00148	0.5	94886	141	94816	4104157	43.25
1965-1969	31	0.00176	0.00176	0.5	94746	167	94662	4009341	42.32
1965-1969	32	0.00167	0.00166	0.5	94578	157	94500	3914679	41.39
1965-1969	33	0.00203	0.00203	0.5	94421	191	94325	3820179	40.46
1965-1969	34	0.00217	0.00217	0.5	94230	205	94127	3725854	39.54
1965-1969	35	0.00216	0.00216	0.5	94025	203	93924	3631726	38.63
1965-1969	36	0.00229	0.00228	0.5	93822	214	93715	3537803	37.71
1965-1969	37	0.00259	0.00258	0.5	93608	242	93487	3444088	36.79
1965-1969	38	0.00281	0.00281	0.5	93366	262	93235	3350601	35.89
1965-1969	39	0.00321	0.00321	0.5	93104	298	92954	3257367	34.99
1965-1969	40	0.00332	0.00331	0.5	92805	307	92651	3164412	34.10
1965-1969	41	0.00364	0.00363	0.5	92498	336	92330	3071761	33.21
1965-1969	42	0.00447	0.00446	0.5	92162	411	91956	2979431	32.33
1965-1969	43	0.00450	0.00449	0.5	91750	412	91544	2887475	31.47
1965-1969	44	0.00494	0.00493	0.5	91338	450	91113	2795931	30.61
1965-1969	45	0.00529	0.00527	0.5	90887	479	90648	2704819	29.76
1965-1969	46	0.00582	0.00580	0.5	90408	524	90146	2614171	28.92
1965-1969	47	0.00631	0.00629	0.5	89884	566	89601	2524025	28.08
1965-1969	48	0.00690	0.00688	0.5	89318	614	89011	2434424	27.26
1965-1969	49	0.00774	0.00771	0.5	88704	684	88362	2345413	26.44
1965-1969	50	0.00775	0.00772	0.5	88020	679	87681	2257051	25.64
1965-1969	51	0.00853	0.00849	0.5	87341	742	86970	2169370	24.84
1965-1969	52	0.00921	0.00917	0.5	86599	794	86202	2082400	24.05
1965-1969	53	0.01025	0.01020	0.5	85805	875	85368	1996198	23.26
1965-1969	54	0.01108	0.01101	0.5	84930	935	84462	1910830	22.50
1965-1969	55	0.01176	0.01169	0.5	83995	982	83504	1826368	21.74
1965-1969	56	0.01239	0.01231	0.5	83012	1022	82502	1742864	21.00
1965-1969	57	0.01363	0.01354	0.5	81991	1110	81435	1660363	20.25
1965-1969	58	0.01469	0.01458	0.5	80880	1179	80291	1578927	19.52
1965-1969	59	0.01583	0.01571	0.5	79701	1252	79075	1498637	18.80
1965-1969	60	0.01702	0.01688	0.5	78449	1324	77787	1419562	18.10
1965-1969	61	0.01822	0.01805	0.5	77125	1392	76429	1341775	17.40
1965-1969	62	0.02055	0.02034	0.5	75733	1540	74963	1265346	16.71
1965-1969	63	0.02162	0.02139	0.5	74192	1587	73399	1190384	16.04
1965-1969	64	0.02305	0.02279	0.5	72605	1654	71778	1116985	15.38
1965-1969	65	0.02523	0.02491	0.5	70951	1768	70067	1045207	14.73
1965-1969	66	0.02692	0.02657	0.5	69183	1838	68264	975139	14.09
1965-1969	67	0.03047	0.03001	0.5	67346	2021	66335	906875	13.47
1965-1969	68	0.03245	0.03194	0.5	65324	2086	64281	840540	12.87
1965-1969	69	0.03422	0.03364	0.5	63238	2128	62174	776259	12.28
1965-1969	70	0.03713	0.03645	0.5	61110	2228	59997	714085	11.69
1965-1969	71	0.04012	0.03933	0.5	58883	2316	57725	654088	11.11
1965-1969	72	0.04538	0.04437	0.5	56567	2510	55312	596363	10.54
1965-1969	73	0.04945	0.04826	0.5	54057	2609	52753	541051	10.01
1965-1969	74	0.05467	0.05321	0.5	51448	2738	50079	488299	9.49
1965-1969	75	0.05958	0.05786	0.5	48710	2818	47301	438219	9.00
1965-1969	76	0.06318	0.06124	0.5	45892	2811	44487	390918	8.52
1965-1969	77	0.07052	0.06812	0.5	43082	2935	41614	346431	8.04
1965-1969	78	0.07522	0.07250	0.5	40147	2910	38692	304817	7.59
1965-1969	79	0.08192	0.07870	0.5	37236	2930	35771	266125	7.15
1965-1969	80	0.09308	0.08894	0.5	34306	3051	32780	230354	6.71
1965-1969	81	0.09460	0.09033	0.5	31255	2823	29843	197573	6.32
1965-1969	82	0.11066	0.10486	0.5	28432	2981	26941	167730	5.90
1965-1969	83	0.12441	0.11713	0.5	25450	2981	23960	140789	5.53
1965-1969	84	0.13741	0.12857	0.5	22469	2889	21025	116829	5.20
1965-1969	85	0.14667	0.13665	0.5	19581	2676	18243	95804	4.89
1965-1969	86	0.16155	0.14948	0.5	16905	2527	15641	77561	4.59
1965-1969	87	0.17727	0.16283	0.5	14378	2341	13207	61920	4.31
1965-1969	88	0.19365	0.17656	0.5	12037	2125	10974	48713	4.05
1965-1969	89	0.21376	0.19312	0.5	9911	1914	8954	37739	3.81
1965-1969	90	0.22183	0.19968	0.5	7997	1597	7199	28784	3.60
1965-1969	91	0.24394	0.21742	0.5	6400	1392	5705	21585	3.37
1965-1969	92	0.26409	0.23328	0.5	5009	1168	4425	15881	3.17
1965-1969	93	0.28532	0.24970	0.5	3840	959	3361	11456	2.98
1965-1969	94	0.30760	0.26660	0.5	2881	768	2497	8095	2.81
1965-1969	95	0.33086	0.28389	0.5	2113	600	1813	5598	2.65
1965-1969	96	0.35502	0.30150	0.5	1513	456	1285	3785	2.50
1965-1969	97	0.37999	0.31932	0.5	1057	338	888	2499	2.36
1965-1969	98	0.40566	0.33725	0.5	720	243	598	1611	2.24
1965-1969	99	0.43190	0.35519	0.5	477	169	392	1013	2.12
1965-1969	100	0.45856	0.37303	0.5	307	115	250	621	2.02
1965-1969	101	0.48550	0.39067	0.5	193	75	155	371	1.92
1965-1969	102	0.51256	0.40800	0.5	117	48	94	216	1.83
1965-1969	103	0.53957	0.42493	0.5	70	30	55	122	1.75
1965-1969	104	0.56638	0.44138	0.5	40	18	31	67	1.68
1965-1969	105	0.59283	0.45728	0.5	22	10	17	36	1.62
1965-1969	106	0.61877	0.47257	0.5	12	6	9	19	1.56
1965-1969	107	0.64407	0.48718	0.5	6	3	5	10	1.50
1965-1969	108	0.66861	0.50109	0.5	3	2	2	5	1.46
1965-1969	109	0.69227	0.51426	0.5	2	1	1	2	1.42
1965-1969	110+	0.71498	1.00000	1.4	1	1	1	1	1.40
1970-1974	0	0.01838	0.01808	0.1	100000	1808	98372	7048498	70.48
1970-1974	1	0.00124	0.00124	0.5	98192	121	98131	6950126	70.78
1970-1974	2	0.00090	0.00090	0.5	98071	88	98027	6851994	69.87
1970-1974	3	0.00074	0.00074	0.5	97983	72	97947	6753968	68.93
1970-1974	4	0.00062	0.00062	0.5	97911	61	97880	6656021	67.98
1970-1974	5	0.00053	0.00053	0.5	97850	52	97824	6558141	67.02
1970-1974	6	0.00057	0.00057	0.5	97798	55	97770	6460317	66.06
1970-1974	7	0.00046	0.00046	0.5	97742	45	97720	6362547	65.10
1970-1974	8	0.00038	0.00038	0.5	97697	37	97679	6264827	64.12
1970-1974	9	0.00036	0.00036	0.5	97660	35	97643	6167148	63.15
1970-1974	10	0.00041	0.00041	0.5	97625	40	97605	6069506	62.17
1970-1974	11	0.00039	0.00039	0.5	97585	38	97566	5971900	61.20
1970-1974	12	0.00034	0.00034	0.5	97547	34	97530	5874335	60.22
1970-1974	13	0.00048	0.00048	0.5	97513	47	97490	5776805	59.24
1970-1974	14	0.00054	0.00054	0.5	97466	53	97440	5679315	58.27
1970-1974	15	0.00073	0.00073	0.5	97413	71	97378	5581875	57.30
1970-1974	16	0.00101	0.00101	0.5	97342	98	97293	5484497	56.34
1970-1974	17	0.00126	0.00126	0.5	97244	123	97183	5387204	55.40
1970-1974	18	0.00135	0.00135	0.5	97121	131	97056	5290022	54.47
1970-1974	19	0.00141	0.00141	0.5	96990	137	96922	5192966	53.54
1970-1974	20	0.00138	0.00138	0.5	96853	134	96786	5096045	52.62
1970-1974	21	0.00138	0.00138	0.5	96719	133	96653	4999258	51.69
1970-1974	22	0.00144	0.00144	0.5	96586	139	96516	4902605	50.76
1970-1974	23	0.00135	0.00135	0.5	96447	130	96382	4806089	49.83
1970-1974	24	0.00138	0.00138	0.5	96316	133	96250	4709707	48.90
1970-1974	25	0.00137	0.00137	0.5	96184	131	96118	4613457	47.96
1970-1974	26	0.00155	0.00155	0.5	96052	149	95978	4517339	47.03
1970-1974	27	0.00159	0.00159	0.5	95904	152	95828	4421361	46.10
1970-1974	28	0.00148	0.00148	0.5	95752	142	95681	4325533	45.17
1970-1974	29	0.00163	0.00163	0.5	95610	156	95532	4229852	44.24
1970-1974	30	0.00162	0.00161	0.5	95454	154	95377	4134320	43.31
1970-1974	31	0.00159	0.00159	0.5	95300	151	95224	4038944	42.38
1970-1974	32	0.00190	0.00190	0.5	95148	181	95058	3943720	41.45
1970-1974	33	0.00201	0.00201	0.5	94968	191	94872	3848662	40.53
1970-1974	34	0.00203	0.00203	0.5	94776	192	94680	3753790	39.61
1970-1974	35	0.00218	0.00218	0.5	94584	206	94481	3659109	38.69
1970-1974	36	0.00252	0.00252	0.5	94378	238	94259	3564628	37.77
1970-1974	37	0.00265	0.00265	0.5	94141	249	94016	3470369	36.86
1970-1974	38	0.00286	0.00285	0.5	93891	268	93757	3376353	35.96
1970-1974	39	0.00301	0.00300	0.5	93623	281	93483	3282596	35.06
1970-1974	40	0.00336	0.00336	0.5	93342	313	93186	3189113	34.17
1970-1974	41	0.00342	0.00342	0.5	93029	318	92870	3095927	33.28
1970-1974	42	0.00399	0.00398	0.5	92711	369	92527	3003057	32.39
1970-1974	43	0.00430	0.00429	0.5	92342	396	92144	2910530	31.52
1970-1974	44	0.00495	0.00494	0.5	91946	454	91719	2818387	30.65
1970-1974	45	0.00523	0.00521	0.5	91492	477	91253	2726668	29.80
1970-1974	46	0.00571	0.00569	0.5	91014	518	90755	2635415	28.96
1970-1974	47	0.00630	0.00628	0.5	90496	568	90212	2544659	28.12
1970-1974	48	0.00682	0.00680	0.5	89928	612	89622	2454447	27.29
1970-1974	49	0.00768	0.00765	0.5	89316	683	88975	2364825	26.48
1970-1974	50	0.00818	0.00815	0.5	88633	722	88272	2275850	25.68
1970-1974	51	0.00872	0.00869	0.5	87911	764	87529	2187578	24.88
1970-1974	52	0.00935	0.00931	0.5	87147	811	86742	2100048	24.10
1970-1974	53	0.01013	0.01007	0.5	86336	870	85901	2013307	23.32
1970-1974	54	0.01079	0.01073	0.5	85466	917	85008	1927405	22.55
1970-1974	55	0.01090	0.01084	0.5	84549	917	84091	1842397	21.79
1970-1974	56	0.01313	0.01305	0.5	83633	1091	83087	1758306	21.02
1970-1974	57	0.01418	0.01408	0.5	82542	1162	81961	1675219	20.30
1970-1974	58	0.01475	0.01464	0.5	81379	1191	80784	1593259	19.58
1970-1974	59	0.01582	0.01570	0.5	80188	1259	79559	1512475	18.86
1970-1974	60	0.01712	0.01698	0.5	78930	1340	78260	1432916	18.15
1970-1974	61	0.01956	0.01937	0.5	77590	1503	76838	1354656	17.46
1970-1974	62	0.02108	0.02086	0.5	76087	1587	75293	1277818	16.79
1970-1974	63	0.02212	0.02187	0.5	74500	1630	73685	1202525	16.14
1970-1974	64	0.02451	0.02422	0.5	72870	1765	71988	1128840	15.49
1970-1974	65	0.02525	0.02494	0.5	71105	1773	70219	1056853	14.86
1970-1974	66	0.02819	0.02780	0.5	69332	1927	68368	986634	14.23
1970-1974	67	0.03003	0.02959	0.5	67405	1994	66408	918265	13.62
1970-1974	68	0.03165	0.03116	0.5	65411	2038	64392	851858	13.02
1970-1974	69	0.03347	0.03292	0.5	63373	2086	62330	787466	12.43
1970-1974	70	0.03718	0.03650	0.5	61286	2237	60168	725137	11.83
1970-1974	71	0.03952	0.03876	0.5	59049	2289	57905	664969	11.26
1970-1974	72	0.04430	0.04334	0.5	56761	2460	55531	607064	10.70
1970-1974	73	0.04928	0.04809	0.5	54301	2611	52995	551533	10.16
1970-1974	74	0.05338	0.05199	0.5	51689	2687	50346	498538	9.64
1970-1974	75	0.05508	0.05360	0.5	49002	2627	47689	448192	9.15
1970-1974	76	0.06223	0.06035	0.5	46375	2799	44976	400503	8.64
1970-1974	77	0.06871	0.06643	0.5	43577	2895	42129	355527	8.16
1970-1974	78	0.07568	0.07292	0.5	40682	2967	39199	313398	7.70
1970-1974	79	0.08327	0.07994	0.5	37716	3015	36208	274199	7.27
1970-1974	80	0.08903	0.08524	0.5	34700	2958	33222	237991	6.86
1970-1974	81	0.09543	0.09108	0.5	31743	2891	30297	204770	6.45
1970-1974	82	0.10952	0.10384	0.5	28851	2996	27353	174473	6.05
1970-1974	83	0.11859	0.11195	0.5	25856	2894	24408	147119	5.69
1970-1974	84	0.13398	0.12557	0.5	22961	2883	21519	122711	5.34
1970-1974	85	0.14010	0.13093	0.5	20078	2629	18763	101191	5.04
1970-1974	86	0.15459	0.14350	0.5	17449	2504	16197	82428	4.72
1970-1974	87	0.16911	0.15593	0.5	14945	2330	13780	66231	4.43
1970-1974	88	0.18689	0.17092	0.5	12615	2156	11537	52451	4.16
1970-1974	89	0.20248	0.18386	0.5	10459	1923	9497	40914	3.91
1970-1974	90	0.22266	0.20036	0.5	8536	1710	7681	31417	3.68
1970-1974	91	0.23573	0.21088	0.5	6825	1439	6106	23737	3.48
1970-1974	92	0.25484	0.22604	0.5	5386	1217	4777	17631	3.27
1970-1974	93	0.27497	0.24174	0.5	4169	1008	3665	12853	3.08
1970-1974	94	0.29609	0.25791	0.5	3161	815	2753	9189	2.91
1970-1974	95	0.31815	0.27449	0.5	2346	644	2024	6435	2.74
1970-1974	96	0.34109	0.29140	0.5	1702	496	1454	4411	2.59
1970-1974	97	0.36483	0.30855	0.5	1206	372	1020	2958	2.45
1970-1974	98	0.38928	0.32586	0.5	834	272	698	1938	2.32
1970-1974	99	0.41433	0.34323	0.5	562	193	466	1240	2.21
1970-1974	100	0.43986	0.36056	0.5	369	133	303	774	2.10
1970-1974	101	0.46574	0.37777	0.5	236	89	191	471	2.00
1970-1974	102	0.49183	0.39475	0.5	147	58	118	280	1.91
1970-1974	103	0.51799	0.41143	0.5	89	37	71	162	1.82
1970-1974	104	0.54407	0.42772	0.5	52	22	41	91	1.75
1970-1974	105	0.56993	0.44354	0.5	30	13	23	50	1.68
1970-1974	106	0.59543	0.45883	0.5	17	8	13	27	1.61
1970-1974	107	0.62044	0.47354	0.5	9	4	7	14	1.56
1970-1974	108	0.64484	0.48762	0.5	5	2	4	7	1.51
1970-1974	109	0.66852	0.50104	0.5	2	1	2	4	1.47
1970-1974	110+	0.69138	1.00000	1.45	1	1	2	2	1.45
1975-1979	0	0.01414	0.01396	0.09	100000	1396	98726	7222227	72.22
1975-1979	1	0.00102	0.00101	0.5	98604	100	98554	7123501	72.24
1975-1979	2	0.00068	0.00068	0.5	98504	67	98471	7024947	71.32
1975-1979	3	0.00054	0.00054	0.5	98438	53	98411	6926476	70.36
1975-1979	4	0.00036	0.00036	0.5	98385	35	98367	6828065	69.40
1975-1979	5	0.00044	0.00044	0.5	98350	44	98328	6729698	68.43
1975-1979	6	0.00044	0.00044	0.5	98306	43	98284	6631370	67.46
1975-1979	7	0.00033	0.00033	0.5	98263	32	98247	6533086	66.49
1975-1979	8	0.00028	0.00028	0.5	98230	27	98217	6434839	65.51
1975-1979	9	0.00035	0.00035	0.5	98203	35	98186	6336622	64.53
1975-1979	10	0.00034	0.00034	0.5	98168	33	98152	6238437	63.55
1975-1979	11	0.00027	0.00027	0.5	98135	27	98122	6140285	62.57
1975-1979	12	0.00034	0.00034	0.5	98108	33	98092	6042163	61.59
1975-1979	13	0.00039	0.00039	0.5	98075	39	98056	5944071	60.61
1975-1979	14	0.00050	0.00050	0.5	98036	49	98012	5846016	59.63
1975-1979	15	0.00075	0.00075	0.5	97988	74	97951	5748003	58.66
1975-1979	16	0.00100	0.00100	0.5	97914	98	97865	5650053	57.70
1975-1979	17	0.00103	0.00103	0.5	97816	101	97766	5552187	56.76
1975-1979	18	0.00127	0.00127	0.5	97716	124	97654	5454421	55.82
1975-1979	19	0.00136	0.00136	0.5	97592	133	97525	5356768	54.89
1975-1979	20	0.00130	0.00130	0.5	97459	126	97396	5259242	53.96
1975-1979	21	0.00129	0.00129	0.5	97333	125	97270	5161847	53.03
1975-1979	22	0.00139	0.00139	0.5	97207	135	97140	5064577	52.10
1975-1979	23	0.00125	0.00125	0.5	97072	122	97011	4967437	51.17
1975-1979	24	0.00123	0.00122	0.5	96950	119	96891	4870426	50.24
1975-1979	25	0.00121	0.00121	0.5	96831	117	96773	4773535	49.30
1975-1979	26	0.00131	0.00131	0.5	96714	127	96651	4676762	48.36
1975-1979	27	0.00126	0.00126	0.5	96587	122	96526	4580112	47.42
1975-1979	28	0.00135	0.00135	0.5	96466	130	96401	4483585	46.48
1975-1979	29	0.00127	0.00127	0.5	96336	122	96275	4387184	45.54
1975-1979	30	0.00126	0.00126	0.5	96213	121	96153	4290910	44.60
1975-1979	31	0.00138	0.00138	0.5	96092	133	96026	4194757	43.65
1975-1979	32	0.00138	0.00138	0.5	95959	133	95893	4098732	42.71
1975-1979	33	0.00152	0.00152	0.5	95826	146	95753	4002839	41.77
1975-1979	34	0.00174	0.00173	0.5	95680	166	95597	3907086	40.83
1975-1979	35	0.00191	0.00191	0.5	95514	182	95423	3811488	39.90
1975-1979	36	0.00193	0.00193	0.5	95332	184	95240	3716065	38.98
1975-1979	37	0.00223	0.00223	0.5	95148	212	95042	3620825	38.05
1975-1979	38	0.00238	0.00237	0.5	94936	225	94823	3525783	37.14
1975-1979	39	0.00260	0.00259	0.5	94711	245	94588	3430960	36.23
1975-1979	40	0.00285	0.00284	0.5	94465	269	94331	3336372	35.32
1975-1979	41	0.00298	0.00298	0.5	94197	280	94056	3242041	34.42
1975-1979	42	0.00334	0.00333	0.5	93916	313	93760	3147984	33.52
1975-1979	43	0.00354	0.00354	0.5	93603	331	93438	3054224	32.63
1975-1979	44	0.00410	0.00410	0.5	93272	382	93081	2960787	31.74
1975-1979	45	0.00495	0.00494	0.5	92890	459	92661	2867705	30.87
1975-1979	46	0.00506	0.00504	0.5	92432	466	92198	2775044	30.02
1975-1979	47	0.00550	0.00548	0.5	91965	504	91713	2682846	29.17
1975-1979	48	0.00581	0.00580	0.5	91461	530	91196	2591132	28.33
1975-1979	49	0.00660	0.00657	0.5	90931	598	90632	2499936	27.49
1975-1979	50	0.00695	0.00693	0.5	90333	626	90020	2409304	26.67
1975-1979	51	0.00800	0.00797	0.5	89707	715	89350	2319283	25.85
1975-1979	52	0.00871	0.00868	0.5	88992	772	88606	2229934	25.06
1975-1979	53	0.00972	0.00967	0.5	88220	853	87794	2141327	24.27
1975-1979	54	0.00982	0.00978	0.5	87367	854	86940	2053534	23.50
1975-1979	55	0.01082	0.01076	0.5	86513	931	86047	1966594	22.73
1975-1979	56	0.01212	0.01205	0.5	85582	1031	85066	1880546	21.97
1975-1979	57	0.01274	0.01266	0.5	84551	1070	84016	1795480	21.24
1975-1979	58	0.01367	0.01358	0.5	83481	1134	82914	1711464	20.50
1975-1979	59	0.01524	0.01513	0.5	82347	1246	81724	1628551	19.78
1975-1979	60	0.01597	0.01585	0.5	81101	1285	80459	1546826	19.07
1975-1979	61	0.01721	0.01706	0.5	79816	1362	79135	1466368	18.37
1975-1979	62	0.01901	0.01883	0.5	78454	1477	77716	1387233	17.68
1975-1979	63	0.02034	0.02014	0.5	76977	1550	76202	1309517	17.01
1975-1979	64	0.02185	0.02162	0.5	75427	1630	74612	1233315	16.35
1975-1979	65	0.02365	0.02338	0.5	73796	1725	72934	1158703	15.70
1975-1979	66	0.02450	0.02421	0.5	72071	1745	71199	1085769	15.07
1975-1979	67	0.02657	0.02623	0.5	70327	1844	69405	1014570	14.43
1975-1979	68	0.02914	0.02872	0.5	68482	1967	67499	945166	13.80
1975-1979	69	0.03258	0.03206	0.5	66515	2133	65449	877667	13.19
1975-1979	70	0.03371	0.03315	0.5	64383	2134	63316	812218	12.62
1975-1979	71	0.03622	0.03558	0.5	62248	2215	61141	748902	12.03
1975-1979	72	0.04071	0.03990	0.5	60034	2395	58836	687761	11.46
1975-1979	73	0.04244	0.04155	0.5	57638	2395	56441	628925	10.91
1975-1979	74	0.04662	0.04556	0.5	55243	2517	53985	572484	10.36
1975-1979	75	0.05059	0.04934	0.5	52726	2602	51425	518499	9.83
1975-1979	76	0.05491	0.05344	0.5	50125	2679	48785	467074	9.32
1975-1979	77	0.06033	0.05856	0.5	47446	2779	46057	418289	8.82
1975-1979	78	0.06608	0.06397	0.5	44667	2857	43239	372232	8.33
1975-1979	79	0.07192	0.06943	0.5	41810	2903	40359	328993	7.87
1975-1979	80	0.08204	0.07880	0.5	38907	3066	37374	288635	7.42
1975-1979	81	0.08602	0.08247	0.5	35841	2956	34363	251260	7.01
1975-1979	82	0.09525	0.09092	0.5	32885	2990	31390	216897	6.60
1975-1979	83	0.10388	0.09875	0.5	29895	2952	28419	185507	6.21
1975-1979	84	0.12049	0.11365	0.5	26943	3062	25412	157087	5.83
1975-1979	85	0.12443	0.11714	0.5	23881	2797	22482	131675	5.51
1975-1979	86	0.14033	0.13113	0.5	21084	2765	19701	109193	5.18
1975-1979	87	0.15080	0.14023	0.5	18319	2569	17035	89491	4.89
1975-1979	88	0.16455	0.15204	0.5	15750	2395	14553	72457	4.60
1975-1979	89	0.17410	0.16016	0.5	13356	2139	12286	57904	4.34
1975-1979	90	0.19455	0.17730	0.5	11217	1989	10222	45618	4.07
1975-1979	91	0.20179	0.18330	0.5	9228	1691	8382	35396	3.84
1975-1979	92	0.22772	0.20444	0.5	7536	1541	6766	27014	3.58
1975-1979	93	0.24591	0.21898	0.5	5996	1313	5339	20247	3.38
1975-1979	94	0.26508	0.23406	0.5	4683	1096	4135	14908	3.18
1975-1979	95	0.28521	0.24961	0.5	3587	895	3139	10774	3.00
1975-1979	96	0.30626	0.26559	0.5	2691	715	2334	7634	2.84
1975-1979	97	0.32818	0.28192	0.5	1977	557	1698	5300	2.68
1975-1979	98	0.35091	0.29853	0.5	1419	424	1208	3602	2.54
1975-1979	99	0.37438	0.31535	0.5	996	314	839	2395	2.41
1975-1979	100	0.39848	0.33227	0.5	682	226	568	1556	2.28
1975-1979	101	0.42311	0.34923	0.5	455	159	376	988	2.17
1975-1979	102	0.44816	0.36612	0.5	296	108	242	612	2.07
1975-1979	103	0.47351	0.38287	0.5	188	72	152	370	1.97
1975-1979	104	0.49903	0.39938	0.5	116	46	93	218	1.88
1975-1979	105	0.52458	0.41558	0.5	70	29	55	126	1.81
1975-1979	106	0.55003	0.43139	0.5	41	18	32	71	1.73
1975-1979	107	0.57524	0.44675	0.5	23	10	18	39	1.67
1975-1979	108	0.60009	0.46159	0.5	13	6	10	21	1.61
1975-1979	109	0.62445	0.47587	0.5	7	3	5	11	1.57
1975-1979	110+	0.64822	1.00000	1.54	4	4	6	6	1.54
1980-1984	0	0.01201	0.01188	0.08	100000	1188	98909	7338267	73.38
1980-1984	1	0.00090	0.00090	0.5	98812	89	98768	7239358	73.26
1980-1984	2	0.00062	0.00062	0.5	98723	62	98692	7140590	72.33
1980-1984	3	0.00047	0.00047	0.5	98662	46	98638	7041898	71.37
1980-1984	4	0.00036	0.00036	0.5	98615	35	98597	6943259	70.41
1980-1984	5	0.00030	0.00030	0.5	98580	29	98565	6844662	69.43
1980-1984	6	0.00028	0.00028	0.5	98551	27	98537	6746097	68.45
1980-1984	7	0.00026	0.00026	0.5	98523	26	98510	6647560	67.47
1980-1984	8	0.00024	0.00024	0.5	98497	24	98486	6549050	66.49
1980-1984	9	0.00018	0.00018	0.5	98474	18	98465	6450564	65.51
1980-1984	10	0.00025	0.00025	0.5	98456	24	98444	6352099	64.52
1980-1984	11	0.00025	0.00025	0.5	98431	25	98419	6253656	63.53
1980-1984	12	0.00022	0.00022	0.5	98407	22	98396	6155237	62.55
1980-1984	13	0.00031	0.00031	0.5	98385	31	98370	6056841	61.56
1980-1984	14	0.00041	0.00041	0.5	98354	40	98334	5958471	60.58
1980-1984	15	0.00054	0.00054	0.5	98314	53	98288	5860137	59.61
1980-1984	16	0.00081	0.00081	0.5	98261	80	98221	5761849	58.64
1980-1984	17	0.00109	0.00109	0.5	98181	107	98128	5663627	57.69
1980-1984	18	0.00119	0.00119	0.5	98074	117	98015	5565500	56.75
1980-1984	19	0.00124	0.00124	0.5	97957	121	97896	5467484	55.82
1980-1984	20	0.00117	0.00117	0.5	97836	115	97778	5369588	54.88
1980-1984	21	0.00107	0.00107	0.5	97721	105	97669	5271810	53.95
1980-1984	22	0.00126	0.00125	0.5	97616	122	97555	5174141	53.00
1980-1984	23	0.00129	0.00129	0.5	97494	126	97431	5076586	52.07
1980-1984	24	0.00114	0.00114	0.5	97368	111	97312	4979155	51.14
1980-1984	25	0.00113	0.00113	0.5	97257	110	97202	4881843	50.20
1980-1984	26	0.00108	0.00108	0.5	97147	105	97095	4784641	49.25
1980-1984	27	0.00113	0.00113	0.5	97043	109	96988	4687546	48.30
1980-1984	28	0.00121	0.00120	0.5	96933	117	96875	4590558	47.36
1980-1984	29	0.00113	0.00113	0.5	96816	109	96762	4493683	46.41
1980-1984	30	0.00119	0.00119	0.5	96707	115	96650	4396921	45.47
1980-1984	31	0.00118	0.00118	0.5	96593	114	96536	4300272	44.52
1980-1984	32	0.00131	0.00130	0.5	96479	126	96416	4203736	43.57
1980-1984	33	0.00139	0.00139	0.5	96353	134	96286	4107320	42.63
1980-1984	34	0.00133	0.00133	0.5	96219	128	96155	4011034	41.69
1980-1984	35	0.00161	0.00161	0.5	96092	155	96014	3914878	40.74
1980-1984	36	0.00166	0.00165	0.5	95937	159	95857	3818864	39.81
1980-1984	37	0.00168	0.00168	0.5	95778	161	95697	3723007	38.87
1980-1984	38	0.00208	0.00208	0.5	95617	199	95517	3627310	37.94
1980-1984	39	0.00202	0.00202	0.5	95418	193	95322	3531792	37.01
1980-1984	40	0.00232	0.00231	0.5	95225	220	95115	3436471	36.09
1980-1984	41	0.00258	0.00257	0.5	95005	245	94883	3341356	35.17
1980-1984	42	0.00289	0.00289	0.5	94761	274	94624	3246473	34.26
1980-1984	43	0.00309	0.00308	0.5	94487	291	94341	3151849	33.36
1980-1984	44	0.00340	0.00340	0.5	94195	320	94035	3057508	32.46
1980-1984	45	0.00404	0.00403	0.5	93875	378	93686	2963473	31.57
1980-1984	46	0.00412	0.00411	0.5	93497	384	93305	2869786	30.69
1980-1984	47	0.00448	0.00447	0.5	93113	417	92905	2776481	29.82
1980-1984	48	0.00542	0.00540	0.5	92697	501	92446	2683576	28.95
1980-1984	49	0.00589	0.00587	0.5	92196	541	91925	2591130	28.10
1980-1984	50	0.00642	0.00640	0.5	91654	587	91361	2499205	27.27
1980-1984	51	0.00698	0.00695	0.5	91068	633	90751	2407844	26.44
1980-1984	52	0.00776	0.00773	0.5	90435	699	90085	2317093	25.62
1980-1984	53	0.00853	0.00849	0.5	89735	762	89354	2227008	24.82
1980-1984	54	0.00897	0.00893	0.5	88973	794	88576	2137654	24.03
1980-1984	55	0.01011	0.01006	0.5	88179	887	87735	2049078	23.24
1980-1984	56	0.01036	0.01031	0.5	87292	900	86842	1961342	22.47
1980-1984	57	0.01152	0.01145	0.5	86392	989	85897	1874500	21.70
1980-1984	58	0.01310	0.01301	0.5	85403	1111	84847	1788603	20.94
1980-1984	59	0.01409	0.01399	0.5	84292	1179	83702	1703756	20.21
1980-1984	60	0.01504	0.01493	0.5	83113	1241	82492	1620053	19.49
1980-1984	61	0.01688	0.01673	0.5	81872	1370	81187	1537561	18.78
1980-1984	62	0.01907	0.01889	0.5	80502	1521	79741	1456375	18.09
1980-1984	63	0.01958	0.01939	0.5	78981	1531	78215	1376633	17.43
1980-1984	64	0.02005	0.01985	0.5	77450	1537	76681	1298418	16.76
1980-1984	65	0.02283	0.02257	0.5	75913	1714	75056	1221737	16.09
1980-1984	66	0.02427	0.02398	0.5	74199	1779	73309	1146681	15.45
1980-1984	67	0.02592	0.02559	0.5	72420	1853	71493	1073372	14.82
1980-1984	68	0.02819	0.02780	0.5	70567	1962	69586	1001879	14.20
1980-1984	69	0.02988	0.02944	0.5	68605	2020	67595	932293	13.59
1980-1984	70	0.03402	0.03345	0.5	66585	2227	65471	864698	12.99
1980-1984	71	0.03532	0.03471	0.5	64358	2234	63241	799227	12.42
1980-1984	72	0.03816	0.03745	0.5	62124	2326	60961	735986	11.85
1980-1984	73	0.04292	0.04202	0.5	59798	2513	58541	675026	11.29
1980-1984	74	0.04294	0.04203	0.5	57285	2408	56081	616484	10.76
1980-1984	75	0.04914	0.04796	0.5	54877	2632	53561	560403	10.21
1980-1984	76	0.05361	0.05221	0.5	52245	2728	50881	506842	9.70
1980-1984	77	0.05577	0.05426	0.5	49518	2687	48174	455960	9.21
1980-1984	78	0.06175	0.05990	0.5	46831	2805	45428	407786	8.71
1980-1984	79	0.06474	0.06271	0.5	44026	2761	42646	362358	8.23
1980-1984	80	0.07652	0.07370	0.5	41265	3041	39745	319712	7.75
1980-1984	81	0.08200	0.07877	0.5	38224	3011	36719	279967	7.32
1980-1984	82	0.08960	0.08576	0.5	35213	3020	33703	243249	6.91
1980-1984	83	0.09920	0.09451	0.5	32193	3043	30672	209546	6.51
1980-1984	84	0.10998	0.10424	0.5	29151	3039	27631	178874	6.14
1980-1984	85	0.11830	0.11169	0.5	26112	2916	24654	151242	5.79
1980-1984	86	0.13363	0.12526	0.5	23195	2905	21743	126589	5.46
1980-1984	87	0.14112	0.13182	0.5	20290	2675	18953	104846	5.17
1980-1984	88	0.14839	0.13814	0.5	17615	2433	16399	85893	4.88
1980-1984	89	0.16071	0.14876	0.5	15182	2258	14053	69495	4.58
1980-1984	90	0.18121	0.16615	0.5	12924	2147	11850	55442	4.29
1980-1984	91	0.19021	0.17369	0.5	10776	1872	9840	43592	4.05
1980-1984	92	0.21121	0.19104	0.5	8904	1701	8054	33752	3.79
1980-1984	93	0.22855	0.20511	0.5	7203	1477	6465	25698	3.57
1980-1984	94	0.24694	0.21980	0.5	5726	1259	5097	19233	3.36
1980-1984	95	0.26638	0.23507	0.5	4467	1050	3942	14136	3.16
1980-1984	96	0.28686	0.25087	0.5	3417	857	2989	10194	2.98
1980-1984	97	0.30833	0.26715	0.5	2560	684	2218	7206	2.81
1980-1984	98	0.33075	0.28381	0.5	1876	532	1610	4988	2.66
1980-1984	99	0.35405	0.30080	0.5	1344	404	1142	3378	2.51
1980-1984	100	0.37815	0.31802	0.5	939	299	790	2236	2.38
1980-1984	101	0.40295	0.33538	0.5	641	215	533	1446	2.26
1980-1984	102	0.42833	0.35278	0.5	426	150	351	913	2.14
1980-1984	103	0.45418	0.37013	0.5	276	102	225	562	2.04
1980-1984	104	0.48034	0.38732	0.5	174	67	140	338	1.94
1980-1984	105	0.50669	0.40427	0.5	106	43	85	198	1.86
1980-1984	106	0.53306	0.42088	0.5	63	27	50	113	1.78
1980-1984	107	0.55930	0.43707	0.5	37	16	29	63	1.71
1980-1984	108	0.58528	0.45278	0.5	21	9	16	34	1.65
1980-1984	109	0.61084	0.46792	0.5	11	5	9	18	1.60
1980-1984	110+	0.63585	1.00000	1.57	6	6	9	9	1.57
1985-1989	0	0.01042	0.01032	0.08	100000	1032	99048	7388151	73.88
1985-1989	1	0.00072	0.00072	0.5	98968	72	98932	7289104	73.65
1985-1989	2	0.00052	0.00052	0.5	98896	51	98870	7190172	72.70
1985-1989	3	0.00040	0.00040	0.5	98845	40	98825	7091301	71.74
1985-1989	4	0.00032	0.00032	0.5	98805	31	98789	6992476	70.77
1985-1989	5	0.00028	0.00028	0.5	98773	28	98759	6893687	69.79
1985-1989	6	0.00028	0.00028	0.5	98745	28	98732	6794928	68.81
1985-1989	7	0.00021	0.00021	0.5	98718	21	98707	6696196	67.83
1985-1989	8	0.00024	0.00024	0.5	98697	23	98685	6597489	66.85
1985-1989	9	0.00019	0.00019	0.5	98674	19	98664	6498803	65.86
1985-1989	10	0.00023	0.00023	0.5	98655	23	98644	6400139	64.87
1985-1989	11	0.00016	0.00016	0.5	98632	16	98624	6301495	63.89
1985-1989	12	0.00027	0.00027	0.5	98616	26	98603	6202871	62.90
1985-1989	13	0.00033	0.00033	0.5	98590	33	98573	6104269	61.92
1985-1989	14	0.00043	0.00043	0.5	98557	43	98535	6005695	60.94
1985-1989	15	0.00050	0.00050	0.5	98514	49	98489	5907160	59.96
1985-1989	16	0.00080	0.00080	0.5	98465	79	98426	5808670	58.99
1985-1989	17	0.00106	0.00106	0.5	98386	104	98334	5710245	58.04
1985-1989	18	0.00114	0.00114	0.5	98282	112	98226	5611911	57.10
1985-1989	19	0.00100	0.00100	0.5	98170	98	98121	5513685	56.16
1985-1989	20	0.00104	0.00104	0.5	98072	102	98021	5415564	55.22
1985-1989	21	0.00108	0.00108	0.5	97970	106	97917	5317543	54.28
1985-1989	22	0.00113	0.00113	0.5	97864	111	97808	5219626	53.34
1985-1989	23	0.00111	0.00111	0.5	97753	109	97699	5121818	52.40
1985-1989	24	0.00113	0.00113	0.5	97644	111	97589	5024119	51.45
1985-1989	25	0.00121	0.00121	0.5	97534	118	97475	4926530	50.51
1985-1989	26	0.00108	0.00107	0.5	97416	105	97364	4829055	49.57
1985-1989	27	0.00111	0.00111	0.5	97312	108	97258	4731691	48.62
1985-1989	28	0.00120	0.00120	0.5	97204	116	97146	4634434	47.68
1985-1989	29	0.00110	0.00109	0.5	97087	106	97034	4537288	46.73
1985-1989	30	0.00117	0.00117	0.5	96981	113	96925	4440254	45.78
1985-1989	31	0.00128	0.00128	0.5	96868	124	96806	4343329	44.84
1985-1989	32	0.00135	0.00135	0.5	96744	131	96679	4246524	43.89
1985-1989	33	0.00133	0.00133	0.5	96613	129	96549	4149845	42.95
1985-1989	34	0.00144	0.00144	0.5	96484	138	96415	4053296	42.01
1985-1989	35	0.00156	0.00156	0.5	96346	151	96271	3956881	41.07
1985-1989	36	0.00154	0.00154	0.5	96195	148	96121	3860611	40.13
1985-1989	37	0.00160	0.00160	0.5	96047	154	95970	3764489	39.19
1985-1989	38	0.00206	0.00205	0.5	95894	197	95795	3668519	38.26
1985-1989	39	0.00190	0.00190	0.5	95697	182	95606	3572724	37.33
1985-1989	40	0.00218	0.00218	0.5	95515	208	95411	3477119	36.40
1985-1989	41	0.00238	0.00238	0.5	95307	226	95194	3381708	35.48
1985-1989	42	0.00253	0.00253	0.5	95080	240	94960	3286514	34.57
1985-1989	43	0.00274	0.00274	0.5	94840	260	94710	3191554	33.65
1985-1989	44	0.00319	0.00318	0.5	94580	301	94430	3096844	32.74
1985-1989	45	0.00349	0.00349	0.5	94279	329	94115	3002414	31.85
1985-1989	46	0.00372	0.00371	0.5	93951	349	93776	2908299	30.96
1985-1989	47	0.00423	0.00422	0.5	93602	395	93405	2814523	30.07
1985-1989	48	0.00513	0.00512	0.5	93207	477	92969	2721118	29.19
1985-1989	49	0.00474	0.00472	0.5	92730	438	92511	2628150	28.34
1985-1989	50	0.00583	0.00582	0.5	92292	537	92024	2535639	27.47
1985-1989	51	0.00661	0.00658	0.5	91755	604	91453	2443615	26.63
1985-1989	52	0.00713	0.00710	0.5	91151	647	90828	2352162	25.81
1985-1989	53	0.00802	0.00799	0.5	90504	723	90142	2261334	24.99
1985-1989	54	0.00867	0.00863	0.5	89781	775	89393	2171192	24.18
1985-1989	55	0.00934	0.00929	0.5	89006	827	88592	2081798	23.39
1985-1989	56	0.01031	0.01026	0.5	88179	905	87726	1993206	22.60
1985-1989	57	0.01141	0.01134	0.5	87274	990	86779	1905480	21.83
1985-1989	58	0.01284	0.01276	0.5	86284	1101	85734	1818701	21.08
1985-1989	59	0.01323	0.01315	0.5	85183	1120	84623	1732968	20.34
1985-1989	60	0.01473	0.01462	0.5	84063	1229	83449	1648344	19.61
1985-1989	61	0.01589	0.01577	0.5	82834	1306	82181	1564896	18.89
1985-1989	62	0.01774	0.01758	0.5	81528	1433	80811	1482715	18.19
1985-1989	63	0.01844	0.01827	0.5	80094	1464	79363	1401904	17.50
1985-1989	64	0.02021	0.02001	0.5	78631	1573	77844	1322541	16.82
1985-1989	65	0.02332	0.02305	0.5	77058	1777	76170	1244696	16.15
1985-1989	66	0.02461	0.02431	0.5	75281	1830	74366	1168527	15.52
1985-1989	67	0.02650	0.02616	0.5	73451	1921	72490	1094161	14.90
1985-1989	68	0.02816	0.02777	0.5	71530	1986	70537	1021670	14.28
1985-1989	69	0.02979	0.02935	0.5	69543	2041	68523	951134	13.68
1985-1989	70	0.03250	0.03198	0.5	67502	2159	66423	882611	13.08
1985-1989	71	0.03409	0.03352	0.5	65344	2190	64248	816188	12.49
1985-1989	72	0.03701	0.03634	0.5	63153	2295	62006	751940	11.91
1985-1989	73	0.04275	0.04186	0.5	60858	2547	59585	689934	11.34
1985-1989	74	0.04401	0.04306	0.5	58311	2511	57056	630349	10.81
1985-1989	75	0.04908	0.04790	0.5	55800	2673	54464	573294	10.27
1985-1989	76	0.05299	0.05162	0.5	53127	2742	51756	518830	9.77
1985-1989	77	0.05544	0.05394	0.5	50385	2718	49026	467074	9.27
1985-1989	78	0.06173	0.05988	0.5	47667	2854	46240	418049	8.77
1985-1989	79	0.06531	0.06324	0.5	44812	2834	43395	371809	8.30
1985-1989	80	0.07392	0.07129	0.5	41978	2993	40482	328414	7.82
1985-1989	81	0.08097	0.07782	0.5	38986	3034	37469	287932	7.39
1985-1989	82	0.08627	0.08270	0.5	35952	2973	34465	250463	6.97
1985-1989	83	0.09719	0.09269	0.5	32978	3057	31450	215998	6.55
1985-1989	84	0.10653	0.10114	0.5	29922	3026	28409	184548	6.17
1985-1989	85	0.11580	0.10946	0.5	26895	2944	25423	156139	5.81
1985-1989	86	0.12822	0.12050	0.5	23951	2886	22508	130715	5.46
1985-1989	87	0.13864	0.12965	0.5	21065	2731	19700	108207	5.14
1985-1989	88	0.14806	0.13786	0.5	18334	2528	17070	88507	4.83
1985-1989	89	0.16342	0.15108	0.5	15807	2388	14613	71437	4.52
1985-1989	90	0.17620	0.16193	0.5	13419	2173	12332	56824	4.23
1985-1989	91	0.19955	0.18145	0.5	11246	2041	10225	44492	3.96
1985-1989	92	0.21477	0.19394	0.5	9205	1785	8313	34266	3.72
1985-1989	93	0.23300	0.20869	0.5	7420	1548	6646	25954	3.50
1985-1989	94	0.25234	0.22407	0.5	5871	1316	5214	19308	3.29
1985-1989	95	0.27277	0.24003	0.5	4556	1094	4009	14094	3.09
1985-1989	96	0.29427	0.25652	0.5	3462	888	3018	10085	2.91
1985-1989	97	0.31678	0.27347	0.5	2574	704	2222	7067	2.75
1985-1989	98	0.34025	0.29078	0.5	1870	544	1598	4845	2.59
1985-1989	99	0.36460	0.30838	0.5	1326	409	1122	3247	2.45
1985-1989	100	0.38972	0.32616	0.5	917	299	768	2125	2.32
1985-1989	101	0.41551	0.34403	0.5	618	213	512	1357	2.20
1985-1989	102	0.44183	0.36189	0.5	405	147	332	845	2.08
1985-1989	103	0.46855	0.37961	0.5	259	98	210	513	1.98
1985-1989	104	0.49551	0.39712	0.5	161	64	129	303	1.89
1985-1989	105	0.52255	0.41430	0.5	97	40	77	175	1.81
1985-1989	106	0.54951	0.43107	0.5	57	24	44	98	1.73
1985-1989	107	0.57623	0.44735	0.5	32	14	25	54	1.66
1985-1989	108	0.60257	0.46306	0.5	18	8	14	29	1.61
1985-1989	109	0.62836	0.47814	0.5	10	5	7	15	1.56
1985-1989	110+	0.65349	1.00000	1.53	5	5	8	8	1.53
1990-1994	0	0.00875	0.00868	0.07	100000	868	99195	7457850	74.58
1990-1994	1	0.00064	0.00064	0.5	99132	64	99100	7358655	74.23
1990-1994	2	0.00053	0.00053	0.5	99068	52	99042	7259555	73.28
1990-1994	3	0.00043	0.00043	0.5	99015	43	98994	7160514	72.32
1990-1994	4	0.00031	0.00031	0.5	98973	31	98957	7061519	71.35
1990-1994	5	0.00024	0.00024	0.5	98942	24	98930	6962562	70.37
1990-1994	6	0.00024	0.00024	0.5	98918	24	98906	6863632	69.39
1990-1994	7	0.00029	0.00029	0.5	98894	29	98880	6764726	68.40
1990-1994	8	0.00022	0.00022	0.5	98865	21	98855	6665846	67.42
1990-1994	9	0.00019	0.00019	0.5	98844	19	98834	6566991	66.44
1990-1994	10	0.00018	0.00018	0.5	98825	18	98816	6468157	65.45
1990-1994	11	0.00020	0.00020	0.5	98807	20	98797	6369341	64.46
1990-1994	12	0.00024	0.00024	0.5	98787	23	98775	6270545	63.48
1990-1994	13	0.00026	0.00026	0.5	98763	25	98750	6171770	62.49
1990-1994	14	0.00039	0.00039	0.5	98738	39	98718	6073019	61.51
1990-1994	15	0.00060	0.00060	0.5	98699	59	98669	5974301	60.53
1990-1994	16	0.00086	0.00086	0.5	98640	85	98597	5875632	59.57
1990-1994	17	0.00098	0.00098	0.5	98555	96	98506	5777035	58.62
1990-1994	18	0.00116	0.00116	0.5	98458	115	98401	5678528	57.67
1990-1994	19	0.00098	0.00098	0.5	98344	96	98296	5580128	56.74
1990-1994	20	0.00102	0.00102	0.5	98248	100	98197	5481832	55.80
1990-1994	21	0.00116	0.00116	0.5	98147	114	98090	5383635	54.85
1990-1994	22	0.00108	0.00108	0.5	98034	106	97980	5285544	53.92
1990-1994	23	0.00103	0.00103	0.5	97927	101	97877	5187564	52.97
1990-1994	24	0.00104	0.00104	0.5	97827	101	97776	5089686	52.03
1990-1994	25	0.00105	0.00105	0.5	97726	103	97674	4991910	51.08
1990-1994	26	0.00106	0.00106	0.5	97623	104	97571	4894236	50.13
1990-1994	27	0.00116	0.00116	0.5	97519	113	97463	4796665	49.19
1990-1994	28	0.00119	0.00119	0.5	97406	116	97349	4699202	48.24
1990-1994	29	0.00109	0.00109	0.5	97291	106	97238	4601853	47.30
1990-1994	30	0.00124	0.00124	0.5	97184	121	97124	4504616	46.35
1990-1994	31	0.00134	0.00134	0.5	97064	130	96999	4407492	45.41
1990-1994	32	0.00142	0.00142	0.5	96934	137	96865	4310493	44.47
1990-1994	33	0.00153	0.00153	0.5	96797	148	96722	4213628	43.53
1990-1994	34	0.00147	0.00147	0.5	96648	142	96577	4116905	42.60
1990-1994	35	0.00150	0.00150	0.5	96507	145	96434	4020328	41.66
1990-1994	36	0.00175	0.00175	0.5	96362	169	96277	3923894	40.72
1990-1994	37	0.00181	0.00181	0.5	96193	174	96106	3827616	39.79
1990-1994	38	0.00196	0.00196	0.5	96019	188	95925	3731510	38.86
1990-1994	39	0.00205	0.00205	0.5	95831	196	95733	3635585	37.94
1990-1994	40	0.00213	0.00212	0.5	95635	203	95533	3539853	37.01
1990-1994	41	0.00238	0.00238	0.5	95432	227	95318	3444319	36.09
1990-1994	42	0.00251	0.00251	0.5	95205	239	95086	3349001	35.18
1990-1994	43	0.00272	0.00271	0.5	94966	258	94837	3253915	34.26
1990-1994	44	0.00281	0.00281	0.5	94709	266	94576	3159078	33.36
1990-1994	45	0.00316	0.00315	0.5	94443	298	94294	3064502	32.45
1990-1994	46	0.00346	0.00345	0.5	94145	325	93982	2970209	31.55
1990-1994	47	0.00369	0.00368	0.5	93820	346	93647	2876227	30.66
1990-1994	48	0.00462	0.00461	0.5	93474	431	93259	2782580	29.77
1990-1994	49	0.00484	0.00483	0.5	93043	449	92818	2689321	28.90
1990-1994	50	0.00491	0.00490	0.5	92594	454	92367	2596503	28.04
1990-1994	51	0.00604	0.00602	0.5	92140	555	91862	2504136	27.18
1990-1994	52	0.00673	0.00670	0.5	91585	614	91278	2412274	26.34
1990-1994	53	0.00693	0.00691	0.5	90971	629	90657	2320996	25.51
1990-1994	54	0.00757	0.00754	0.5	90342	681	90002	2230339	24.69
1990-1994	55	0.00882	0.00878	0.5	89661	787	89268	2140337	23.87
1990-1994	56	0.00938	0.00933	0.5	88874	830	88459	2051070	23.08
1990-1994	57	0.01001	0.00996	0.5	88044	877	87606	1962611	22.29
1990-1994	58	0.01185	0.01178	0.5	87167	1027	86654	1875005	21.51
1990-1994	59	0.01298	0.01290	0.5	86140	1111	85585	1788351	20.76
1990-1994	60	0.01412	0.01402	0.5	85029	1192	84433	1702766	20.03
1990-1994	61	0.01521	0.01509	0.5	83837	1265	83204	1618333	19.30
1990-1994	62	0.01727	0.01712	0.5	82572	1414	81865	1535129	18.59
1990-1994	63	0.01756	0.01740	0.5	81158	1412	80452	1453264	17.91
1990-1994	64	0.01870	0.01853	0.5	79746	1477	79007	1372812	17.21
1990-1994	65	0.02108	0.02086	0.5	78268	1633	77452	1293805	16.53
1990-1994	66	0.02261	0.02236	0.5	76636	1713	75779	1216353	15.87
1990-1994	67	0.02474	0.02443	0.5	74922	1831	74007	1140574	15.22
1990-1994	68	0.02727	0.02690	0.5	73092	1966	72109	1066567	14.59
1990-1994	69	0.02805	0.02766	0.5	71125	1967	70142	994458	13.98
1990-1994	70	0.03156	0.03107	0.5	69158	2148	68084	924317	13.37
1990-1994	71	0.03292	0.03238	0.5	67009	2170	65924	856233	12.78
1990-1994	72	0.03662	0.03596	0.5	64839	2331	63674	790309	12.19
1990-1994	73	0.04060	0.03979	0.5	62508	2487	61264	726635	11.62
1990-1994	74	0.04254	0.04165	0.5	60021	2500	58771	665371	11.09
1990-1994	75	0.04625	0.04521	0.5	57521	2600	56221	606600	10.55
1990-1994	76	0.04936	0.04818	0.5	54921	2646	53598	550379	10.02
1990-1994	77	0.05473	0.05327	0.5	52275	2785	50882	496782	9.50
1990-1994	78	0.05715	0.05556	0.5	49490	2750	48115	445899	9.01
1990-1994	79	0.06336	0.06141	0.5	46740	2870	45305	397784	8.51
1990-1994	80	0.07137	0.06891	0.5	43870	3023	42358	352480	8.03
1990-1994	81	0.07670	0.07387	0.5	40847	3017	39338	310121	7.59
1990-1994	82	0.08312	0.07981	0.5	37829	3019	36320	270783	7.16
1990-1994	83	0.09481	0.09052	0.5	34810	3151	33235	234463	6.74
1990-1994	84	0.10068	0.09586	0.5	31659	3035	30142	201228	6.36
1990-1994	85	0.10909	0.10344	0.5	28625	2961	27144	171086	5.98
1990-1994	86	0.12103	0.11412	0.5	25664	2929	24199	143942	5.61
1990-1994	87	0.13246	0.12423	0.5	22735	2824	21323	119743	5.27
1990-1994	88	0.14110	0.13180	0.5	19910	2624	18598	98421	4.94
1990-1994	89	0.16000	0.14815	0.5	17286	2561	16006	79823	4.62
1990-1994	90	0.17382	0.15992	0.5	14725	2355	13548	63817	4.33
1990-1994	91	0.18391	0.16842	0.5	12370	2083	11329	50269	4.06
1990-1994	92	0.20904	0.18926	0.5	10287	1947	9313	38941	3.79
1990-1994	93	0.22733	0.20413	0.5	8340	1702	7489	29628	3.55
1990-1994	94	0.24677	0.21967	0.5	6638	1458	5908	22139	3.34
1990-1994	95	0.26737	0.23584	0.5	5179	1222	4569	16230	3.13
1990-1994	96	0.28909	0.25258	0.5	3958	1000	3458	11662	2.95
1990-1994	97	0.31189	0.26982	0.5	2958	798	2559	8204	2.77
1990-1994	98	0.33572	0.28746	0.5	2160	621	1850	5644	2.61
1990-1994	99	0.36048	0.30543	0.5	1539	470	1304	3795	2.47
1990-1994	100	0.38607	0.32361	0.5	1069	346	896	2491	2.33
1990-1994	101	0.41239	0.34189	0.5	723	247	599	1595	2.21
1990-1994	102	0.43928	0.36018	0.5	476	171	390	995	2.09
1990-1994	103	0.46661	0.37834	0.5	304	115	247	605	1.99
1990-1994	104	0.49420	0.39628	0.5	189	75	152	358	1.89
1990-1994	105	0.52190	0.41389	0.5	114	47	91	206	1.81
1990-1994	106	0.54952	0.43107	0.5	67	29	53	116	1.73
1990-1994	107	0.57689	0.44774	0.5	38	17	30	63	1.66
1990-1994	108	0.60385	0.46381	0.5	21	10	16	34	1.60
1990-1994	109	0.63024	0.47923	0.5	11	5	9	18	1.55
1990-1994	110+	0.65592	1.00000	1.52	6	6	9	9	1.52
1995-1999	0	0.00772	0.00767	0.07	100000	767	99287	7503430	75.03
1995-1999	1	0.00060	0.00060	0.5	99233	60	99203	7404143	74.61
1995-1999	2	0.00033	0.00033	0.5	99174	32	99157	7304940	73.66
1995-1999	3	0.00030	0.00030	0.5	99141	30	99126	7205782	72.68
1995-1999	4	0.00028	0.00028	0.5	99112	27	99098	7106656	71.70
1995-1999	5	0.00024	0.00024	0.5	99084	24	99072	7007558	70.72
1995-1999	6	0.00020	0.00020	0.5	99060	20	99050	6908486	69.74
1995-1999	7	0.00024	0.00024	0.5	99040	24	99029	6809436	68.75
1995-1999	8	0.00021	0.00021	0.5	99017	21	99006	6710407	67.77
1995-1999	9	0.00019	0.00019	0.5	98996	19	98987	6611401	66.78
1995-1999	10	0.00019	0.00019	0.5	98977	19	98968	6512414	65.80
1995-1999	11	0.00018	0.00018	0.5	98958	18	98950	6413447	64.81
1995-1999	12	0.00018	0.00018	0.5	98941	18	98932	6314497	63.82
1995-1999	13	0.00028	0.00028	0.5	98922	28	98908	6215565	62.83
1995-1999	14	0.00031	0.00031	0.5	98894	31	98879	6116657	61.85
1995-1999	15	0.00048	0.00048	0.5	98863	47	98840	6017778	60.87
1995-1999	16	0.00073	0.00073	0.5	98816	72	98780	5918939	59.90
1995-1999	17	0.00092	0.00092	0.5	98744	91	98698	5820159	58.94
1995-1999	18	0.00108	0.00108	0.5	98653	106	98599	5721461	58.00
1995-1999	19	0.00103	0.00102	0.5	98546	101	98496	5622861	57.06
1995-1999	20	0.00084	0.00084	0.5	98445	83	98404	5524365	56.12
1995-1999	21	0.00097	0.00097	0.5	98363	95	98315	5425961	55.16
1995-1999	22	0.00094	0.00094	0.5	98267	93	98221	5327646	54.22
1995-1999	23	0.00081	0.00081	0.5	98175	80	98135	5229425	53.27
1995-1999	24	0.00100	0.00100	0.5	98095	98	98046	5131290	52.31
1995-1999	25	0.00099	0.00099	0.5	97997	97	97948	5033244	51.36
1995-1999	26	0.00106	0.00106	0.5	97900	104	97848	4935296	50.41
1995-1999	27	0.00114	0.00114	0.5	97796	112	97740	4837448	49.46
1995-1999	28	0.00101	0.00101	0.5	97684	99	97635	4739708	48.52
1995-1999	29	0.00111	0.00111	0.5	97585	108	97531	4642074	47.57
1995-1999	30	0.00116	0.00116	0.5	97477	113	97421	4544542	46.62
1995-1999	31	0.00125	0.00125	0.5	97365	122	97304	4447121	45.67
1995-1999	32	0.00149	0.00149	0.5	97243	144	97171	4349818	44.73
1995-1999	33	0.00148	0.00148	0.5	97098	144	97027	4252647	43.80
1995-1999	34	0.00147	0.00147	0.5	96955	142	96884	4155621	42.86
1995-1999	35	0.00148	0.00148	0.5	96812	143	96741	4058737	41.92
1995-1999	36	0.00169	0.00169	0.5	96669	163	96587	3961996	40.99
1995-1999	37	0.00176	0.00176	0.5	96506	170	96421	3865409	40.05
1995-1999	38	0.00197	0.00196	0.5	96336	189	96242	3768988	39.12
1995-1999	39	0.00202	0.00202	0.5	96147	194	96050	3672747	38.20
1995-1999	40	0.00209	0.00209	0.5	95953	200	95852	3576697	37.28
1995-1999	41	0.00244	0.00244	0.5	95752	233	95636	3480844	36.35
1995-1999	42	0.00247	0.00247	0.5	95519	236	95401	3385209	35.44
1995-1999	43	0.00269	0.00268	0.5	95283	256	95155	3289808	34.53
1995-1999	44	0.00298	0.00298	0.5	95028	283	94886	3194652	33.62
1995-1999	45	0.00309	0.00309	0.5	94745	293	94598	3099766	32.72
1995-1999	46	0.00361	0.00361	0.5	94452	341	94282	3005168	31.82
1995-1999	47	0.00371	0.00370	0.5	94111	348	93937	2910887	30.93
1995-1999	48	0.00433	0.00432	0.5	93763	405	93561	2816950	30.04
1995-1999	49	0.00443	0.00442	0.5	93358	413	93152	2723389	29.17
1995-1999	50	0.00471	0.00469	0.5	92946	436	92727	2630237	28.30
1995-1999	51	0.00565	0.00563	0.5	92509	521	92249	2537510	27.43
1995-1999	52	0.00645	0.00643	0.5	91988	591	91693	2445261	26.58
1995-1999	53	0.00675	0.00672	0.5	91397	615	91090	2353568	25.75
1995-1999	54	0.00712	0.00709	0.5	90782	644	90460	2262479	24.92
1995-1999	55	0.00789	0.00785	0.5	90138	708	89784	2172018	24.10
1995-1999	56	0.00887	0.00883	0.5	89431	790	89036	2082234	23.28
1995-1999	57	0.00994	0.00990	0.5	88641	877	88202	1993198	22.49
1995-1999	58	0.01068	0.01062	0.5	87764	932	87298	1904996	21.71
1995-1999	59	0.01176	0.01169	0.5	86831	1015	86324	1817699	20.93
1995-1999	60	0.01221	0.01214	0.5	85816	1042	85296	1731375	20.18
1995-1999	61	0.01460	0.01449	0.5	84775	1229	84160	1646079	19.42
1995-1999	62	0.01591	0.01578	0.5	83546	1319	82887	1561919	18.70
1995-1999	63	0.01710	0.01696	0.5	82227	1394	81530	1479032	17.99
1995-1999	64	0.01869	0.01852	0.5	80833	1497	80084	1397502	17.29
1995-1999	65	0.02054	0.02033	0.5	79336	1613	78530	1317418	16.61
1995-1999	66	0.02161	0.02138	0.5	77723	1661	76893	1238888	15.94
1995-1999	67	0.02291	0.02265	0.5	76062	1723	75201	1161995	15.28
1995-1999	68	0.02489	0.02459	0.5	74339	1828	73425	1086795	14.62
1995-1999	69	0.02774	0.02736	0.5	72511	1984	71519	1013370	13.98
1995-1999	70	0.02938	0.02895	0.5	70528	2042	69507	941850	13.35
1995-1999	71	0.03365	0.03309	0.5	68486	2266	67353	872344	12.74
1995-1999	72	0.03701	0.03633	0.5	66219	2406	65016	804991	12.16
1995-1999	73	0.03928	0.03852	0.5	63813	2458	62584	739975	11.60
1995-1999	74	0.04193	0.04107	0.5	61355	2520	60095	677390	11.04
1995-1999	75	0.04554	0.04453	0.5	58835	2620	57525	617295	10.49
1995-1999	76	0.04881	0.04765	0.5	56215	2679	54876	559770	9.96
1995-1999	77	0.05329	0.05190	0.5	53537	2779	52147	504894	9.43
1995-1999	78	0.05748	0.05587	0.5	50758	2836	49340	452747	8.92
1995-1999	79	0.06491	0.06287	0.5	47922	3013	46415	403407	8.42
1995-1999	80	0.06838	0.06612	0.5	44909	2969	43424	356991	7.95
1995-1999	81	0.07567	0.07291	0.5	41940	3058	40411	313567	7.48
1995-1999	82	0.08455	0.08112	0.5	38882	3154	37305	273157	7.03
1995-1999	83	0.09267	0.08857	0.5	35728	3164	34146	235852	6.60
1995-1999	84	0.10332	0.09825	0.5	32563	3199	30964	201706	6.19
1995-1999	85	0.11011	0.10436	0.5	29364	3064	27832	170742	5.81
1995-1999	86	0.12348	0.11630	0.5	26300	3059	24770	142910	5.43
1995-1999	87	0.13690	0.12813	0.5	23241	2978	21752	118140	5.08
1995-1999	88	0.14813	0.13791	0.5	20263	2795	18866	96388	4.76
1995-1999	89	0.16550	0.15285	0.5	17469	2670	16134	77522	4.44
1995-1999	90	0.18016	0.16528	0.5	14799	2446	13576	61388	4.15
1995-1999	91	0.20291	0.18422	0.5	12353	2276	11215	47813	3.87
1995-1999	92	0.21806	0.19662	0.5	10077	1981	9086	36598	3.63
1995-1999	93	0.23815	0.21281	0.5	8096	1723	7234	27511	3.40
1995-1999	94	0.25954	0.22972	0.5	6373	1464	5641	20277	3.18
1995-1999	95	0.28219	0.24730	0.5	4909	1214	4302	14636	2.98
1995-1999	96	0.30607	0.26545	0.5	3695	981	3205	10334	2.80
1995-1999	97	0.33110	0.28407	0.5	2714	771	2329	7130	2.63
1995-1999	98	0.35720	0.30307	0.5	1943	589	1649	4801	2.47
1995-1999	99	0.38424	0.32232	0.5	1354	436	1136	3152	2.33
1995-1999	100	0.41208	0.34168	0.5	918	314	761	2016	2.20
1995-1999	101	0.44057	0.36104	0.5	604	218	495	1255	2.08
1995-1999	102	0.46952	0.38025	0.5	386	147	313	760	1.97
1995-1999	103	0.49875	0.39920	0.5	239	96	191	448	1.87
1995-1999	104	0.52804	0.41775	0.5	144	60	114	256	1.78
1995-1999	105	0.55721	0.43579	0.5	84	36	65	142	1.70
1995-1999	106	0.58604	0.45323	0.5	47	21	37	77	1.63
1995-1999	107	0.61434	0.46998	0.5	26	12	20	40	1.57
1995-1999	108	0.64194	0.48596	0.5	14	7	10	21	1.51
1995-1999	109	0.66868	0.50113	0.5	7	4	5	10	1.47
1995-1999	110+	0.69440	1.00000	1.44	4	4	5	5	1.44
2000-2004	0	0.00695	0.00691	0.07	100000	691	99356	7516400	75.16
2000-2004	1	0.00064	0.00064	0.5	99309	63	99278	7417044	74.69
2000-2004	2	0.00037	0.00037	0.5	99246	37	99228	7317766	73.73
2000-2004	3	0.00028	0.00028	0.5	99209	28	99195	7218538	72.76
2000-2004	4	0.00019	0.00019	0.5	99181	19	99172	7119343	71.78
2000-2004	5	0.00017	0.00017	0.5	99162	17	99154	7020171	70.79
2000-2004	6	0.00020	0.00020	0.5	99146	20	99136	6921017	69.81
2000-2004	7	0.00014	0.00014	0.5	99126	14	99119	6821881	68.82
2000-2004	8	0.00013	0.00013	0.5	99112	13	99105	6722762	67.83
2000-2004	9	0.00018	0.00018	0.5	99099	18	99090	6623657	66.84
2000-2004	10	0.00016	0.00016	0.5	99081	16	99073	6524567	65.85
2000-2004	11	0.00019	0.00019	0.5	99065	19	99056	6425494	64.86
2000-2004	12	0.00019	0.00019	0.5	99046	18	99037	6326439	63.87
2000-2004	13	0.00023	0.00023	0.5	99028	23	99017	6227402	62.89
2000-2004	14	0.00035	0.00035	0.5	99005	35	98988	6128385	61.90
2000-2004	15	0.00043	0.00043	0.5	98970	42	98949	6029397	60.92
2000-2004	16	0.00065	0.00065	0.5	98928	64	98896	5930448	59.95
2000-2004	17	0.00088	0.00088	0.5	98864	87	98820	5831552	58.99
2000-2004	18	0.00099	0.00099	0.5	98776	98	98728	5732732	58.04
2000-2004	19	0.00109	0.00109	0.5	98679	107	98625	5634005	57.09
2000-2004	20	0.00110	0.00110	0.5	98571	108	98517	5535380	56.16
2000-2004	21	0.00116	0.00116	0.5	98464	114	98406	5436862	55.22
2000-2004	22	0.00102	0.00102	0.5	98349	100	98299	5338456	54.28
2000-2004	23	0.00106	0.00106	0.5	98249	104	98197	5240157	53.34
2000-2004	24	0.00117	0.00117	0.5	98145	115	98088	5141960	52.39
2000-2004	25	0.00122	0.00122	0.5	98030	120	97971	5043872	51.45
2000-2004	26	0.00135	0.00135	0.5	97911	132	97845	4945901	50.51
2000-2004	27	0.00120	0.00120	0.5	97779	117	97720	4848056	49.58
2000-2004	28	0.00133	0.00133	0.5	97661	130	97596	4750336	48.64
2000-2004	29	0.00127	0.00126	0.5	97532	123	97470	4652740	47.70
2000-2004	30	0.00132	0.00132	0.5	97408	129	97344	4555270	46.76
2000-2004	31	0.00135	0.00135	0.5	97280	131	97214	4457926	45.83
2000-2004	32	0.00136	0.00136	0.5	97149	132	97083	4360711	44.89
2000-2004	33	0.00152	0.00151	0.5	97017	147	96943	4263629	43.95
2000-2004	34	0.00161	0.00161	0.5	96870	156	96792	4166685	43.01
2000-2004	35	0.00154	0.00154	0.5	96713	149	96639	4069894	42.08
2000-2004	36	0.00173	0.00173	0.5	96565	167	96481	3973255	41.15
2000-2004	37	0.00190	0.00190	0.5	96398	183	96306	3876773	40.22
2000-2004	38	0.00205	0.00205	0.5	96215	197	96116	3780467	39.29
2000-2004	39	0.00234	0.00233	0.5	96018	224	95906	3684351	38.37
2000-2004	40	0.00251	0.00250	0.5	95794	240	95674	3588446	37.46
2000-2004	41	0.00276	0.00275	0.5	95554	263	95422	3492772	36.55
2000-2004	42	0.00279	0.00278	0.5	95291	265	95158	3397350	35.65
2000-2004	43	0.00313	0.00313	0.5	95026	297	94877	3302192	34.75
2000-2004	44	0.00333	0.00332	0.5	94728	315	94571	3207315	33.86
2000-2004	45	0.00356	0.00355	0.5	94413	335	94246	3112744	32.97
2000-2004	46	0.00385	0.00384	0.5	94078	361	93898	3018498	32.08
2000-2004	47	0.00397	0.00396	0.5	93717	371	93531	2924601	31.21
2000-2004	48	0.00458	0.00457	0.5	93346	427	93133	2831069	30.33
2000-2004	49	0.00479	0.00478	0.5	92919	444	92697	2737937	29.47
2000-2004	50	0.00517	0.00516	0.5	92475	477	92237	2645239	28.60
2000-2004	51	0.00530	0.00528	0.5	91998	486	91755	2553002	27.75
2000-2004	52	0.00601	0.00599	0.5	91512	548	91238	2461247	26.90
2000-2004	53	0.00654	0.00652	0.5	90964	593	90667	2370009	26.05
2000-2004	54	0.00676	0.00673	0.5	90370	608	90066	2279342	25.22
2000-2004	55	0.00790	0.00787	0.5	89762	706	89409	2189276	24.39
2000-2004	56	0.00849	0.00845	0.5	89056	753	88679	2099867	23.58
2000-2004	57	0.00925	0.00921	0.5	88303	813	87896	2011188	22.78
2000-2004	58	0.01007	0.01002	0.5	87490	876	87052	1923292	21.98
2000-2004	59	0.01127	0.01121	0.5	86614	971	86128	1836240	21.20
2000-2004	60	0.01224	0.01217	0.5	85643	1042	85122	1750112	20.43
2000-2004	61	0.01302	0.01294	0.5	84601	1095	84053	1664990	19.68
2000-2004	62	0.01468	0.01457	0.5	83506	1217	82898	1580936	18.93
2000-2004	63	0.01619	0.01606	0.5	82289	1322	81628	1498038	18.20
2000-2004	64	0.01724	0.01710	0.5	80968	1384	80276	1416410	17.49
2000-2004	65	0.01913	0.01895	0.5	79583	1508	78829	1336134	16.79
2000-2004	66	0.02110	0.02088	0.5	78075	1630	77260	1257305	16.10
2000-2004	67	0.02227	0.02202	0.5	76445	1683	75603	1180045	15.44
2000-2004	68	0.02392	0.02363	0.5	74761	1767	73878	1104442	14.77
2000-2004	69	0.02650	0.02615	0.5	72994	1909	72040	1030564	14.12
2000-2004	70	0.02920	0.02878	0.5	71085	2046	70062	958524	13.48
2000-2004	71	0.03037	0.02991	0.5	69040	2065	68007	888462	12.87
2000-2004	72	0.03336	0.03281	0.5	66974	2198	65876	820455	12.25
2000-2004	73	0.03718	0.03650	0.5	64777	2364	63595	754579	11.65
2000-2004	74	0.03971	0.03893	0.5	62412	2430	61197	690985	11.07
2000-2004	75	0.04489	0.04390	0.5	59982	2633	58666	629787	10.50
2000-2004	76	0.04806	0.04693	0.5	57349	2692	56003	571122	9.96
2000-2004	77	0.05092	0.04966	0.5	54658	2714	53300	515118	9.42
2000-2004	78	0.05569	0.05419	0.5	51943	2815	50536	461818	8.89
2000-2004	79	0.06331	0.06137	0.5	49129	3015	47621	411282	8.37
2000-2004	80	0.06958	0.06724	0.5	46114	3101	44563	363661	7.89
2000-2004	81	0.07446	0.07179	0.5	43013	3088	41469	319097	7.42
2000-2004	82	0.08224	0.07900	0.5	39925	3154	38348	277628	6.95
2000-2004	83	0.09298	0.08885	0.5	36771	3267	35138	239280	6.51
2000-2004	84	0.10175	0.09683	0.5	33504	3244	31882	204142	6.09
2000-2004	85	0.11279	0.10677	0.5	30260	3231	28645	172260	5.69
2000-2004	86	0.12510	0.11774	0.5	27029	3182	25438	143616	5.31
2000-2004	87	0.14074	0.13149	0.5	23847	3136	22279	118177	4.96
2000-2004	88	0.15316	0.14227	0.5	20711	2947	19238	95898	4.63
2000-2004	89	0.16976	0.15648	0.5	17765	2780	16375	76660	4.32
2000-2004	90	0.18563	0.16986	0.5	14985	2545	13712	60285	4.02
2000-2004	91	0.20464	0.18565	0.5	12440	2309	11285	46573	3.74
2000-2004	92	0.22870	0.20523	0.5	10130	2079	9091	35288	3.48
2000-2004	93	0.24952	0.22184	0.5	8051	1786	7158	26197	3.25
2000-2004	94	0.27290	0.24013	0.5	6265	1504	5513	19039	3.04
2000-2004	95	0.29764	0.25908	0.5	4761	1233	4144	13526	2.84
2000-2004	96	0.32368	0.27859	0.5	3527	983	3036	9382	2.66
2000-2004	97	0.35090	0.29852	0.5	2545	760	2165	6346	2.49
2000-2004	98	0.37918	0.31875	0.5	1785	569	1500	4182	2.34
2000-2004	99	0.40836	0.33912	0.5	1216	412	1010	2681	2.20
2000-2004	100	0.43826	0.35949	0.5	804	289	659	1671	2.08
2000-2004	101	0.46867	0.37969	0.5	515	195	417	1012	1.97
2000-2004	102	0.49936	0.39959	0.5	319	128	256	595	1.86
2000-2004	103	0.53011	0.41904	0.5	192	80	152	340	1.77
2000-2004	104	0.56068	0.43791	0.5	111	49	87	188	1.69
2000-2004	105	0.59084	0.45610	0.5	63	29	48	101	1.61
2000-2004	106	0.62038	0.47350	0.5	34	16	26	53	1.55
2000-2004	107	0.64909	0.49005	0.5	18	9	14	27	1.49
2000-2004	108	0.67680	0.50568	0.5	9	5	7	13	1.44
2000-2004	109	0.70336	0.52036	0.5	5	2	3	6	1.40
2000-2004	110+	0.72863	1.00000	1.37	2	2	3	3	1.37
2005-2009	0	0.00708	0.00703	0.07	100000	703	99345	7571178	75.71
2005-2009	1	0.00049	0.00049	0.5	99297	48	99273	7471833	75.25
2005-2009	2	0.00034	0.00034	0.5	99248	33	99232	7372560	74.28
2005-2009	3	0.00030	0.00030	0.5	99215	30	99200	7273329	73.31
2005-2009	4	0.00022	0.00022	0.5	99185	22	99174	7174129	72.33
2005-2009	5	0.00014	0.00014	0.5	99163	14	99156	7074955	71.35
2005-2009	6	0.00019	0.00019	0.5	99149	18	99140	6975799	70.36
2005-2009	7	0.00016	0.00016	0.5	99130	16	99122	6876659	69.37
2005-2009	8	0.00015	0.00015	0.5	99115	15	99107	6777537	68.38
2005-2009	9	0.00013	0.00013	0.5	99100	13	99093	6678430	67.39
2005-2009	10	0.00016	0.00016	0.5	99087	16	99079	6579336	66.40
2005-2009	11	0.00021	0.00021	0.5	99071	21	99061	6480257	65.41
2005-2009	12	0.00015	0.00015	0.5	99051	15	99043	6381196	64.42
2005-2009	13	0.00020	0.00020	0.5	99036	20	99026	6282153	63.43
2005-2009	14	0.00027	0.00027	0.5	99016	27	99003	6183127	62.45
2005-2009	15	0.00032	0.00032	0.5	98989	32	98973	6084124	61.46
2005-2009	16	0.00059	0.00059	0.5	98957	58	98928	5985151	60.48
2005-2009	17	0.00072	0.00072	0.5	98899	71	98864	5886222	59.52
2005-2009	18	0.00087	0.00087	0.5	98828	86	98785	5787359	58.56
2005-2009	19	0.00095	0.00095	0.5	98742	94	98695	5688574	57.61
2005-2009	20	0.00096	0.00096	0.5	98648	94	98601	5589879	56.66
2005-2009	21	0.00124	0.00124	0.5	98554	123	98493	5491278	55.72
2005-2009	22	0.00106	0.00106	0.5	98431	105	98379	5392785	54.79
2005-2009	23	0.00116	0.00116	0.5	98326	114	98270	5294406	53.85
2005-2009	24	0.00110	0.00110	0.5	98213	108	98159	5196137	52.91
2005-2009	25	0.00129	0.00129	0.5	98105	127	98041	5097978	51.96
2005-2009	26	0.00133	0.00133	0.5	97978	130	97913	4999937	51.03
2005-2009	27	0.00129	0.00129	0.5	97848	126	97785	4902024	50.10
2005-2009	28	0.00139	0.00139	0.5	97722	136	97654	4804239	49.16
2005-2009	29	0.00157	0.00157	0.5	97586	153	97510	4706585	48.23
2005-2009	30	0.00157	0.00157	0.5	97433	153	97357	4609076	47.31
2005-2009	31	0.00164	0.00164	0.5	97280	160	97200	4511719	46.38
2005-2009	32	0.00150	0.00150	0.5	97120	146	97047	4414519	45.45
2005-2009	33	0.00158	0.00158	0.5	96975	154	96898	4317472	44.52
2005-2009	34	0.00160	0.00160	0.5	96821	155	96744	4220574	43.59
2005-2009	35	0.00169	0.00169	0.5	96666	163	96585	4123830	42.66
2005-2009	36	0.00187	0.00186	0.5	96503	180	96413	4027245	41.73
2005-2009	37	0.00199	0.00199	0.5	96323	192	96228	3930832	40.81
2005-2009	38	0.00204	0.00204	0.5	96132	196	96034	3834604	39.89
2005-2009	39	0.00229	0.00228	0.5	95936	219	95826	3738570	38.97
2005-2009	40	0.00238	0.00238	0.5	95716	228	95603	3642744	38.06
2005-2009	41	0.00273	0.00273	0.5	95489	260	95359	3547142	37.15
2005-2009	42	0.00296	0.00295	0.5	95228	281	95088	3451783	36.25
2005-2009	43	0.00333	0.00332	0.5	94947	315	94790	3356695	35.35
2005-2009	44	0.00357	0.00357	0.5	94632	337	94463	3261906	34.47
2005-2009	45	0.00368	0.00367	0.5	94294	347	94121	3167442	33.59
2005-2009	46	0.00417	0.00416	0.5	93948	391	93753	3073321	32.71
2005-2009	47	0.00419	0.00418	0.5	93557	391	93361	2979568	31.85
2005-2009	48	0.00447	0.00446	0.5	93166	415	92958	2886207	30.98
2005-2009	49	0.00496	0.00494	0.5	92750	459	92521	2793249	30.12
2005-2009	50	0.00529	0.00527	0.5	92292	487	92049	2700728	29.26
2005-2009	51	0.00617	0.00615	0.5	91805	565	91523	2608679	28.42
2005-2009	52	0.00635	0.00633	0.5	91240	578	90952	2517156	27.59
2005-2009	53	0.00664	0.00662	0.5	90663	600	90363	2426205	26.76
2005-2009	54	0.00703	0.00701	0.5	90063	631	89747	2335842	25.94
2005-2009	55	0.00754	0.00751	0.5	89432	672	89096	2246095	25.12
2005-2009	56	0.00815	0.00811	0.5	88760	720	88400	2156999	24.30
2005-2009	57	0.00869	0.00865	0.5	88040	762	87659	2068599	23.50
2005-2009	58	0.00929	0.00925	0.5	87278	807	86875	1980939	22.70
2005-2009	59	0.01038	0.01033	0.5	86471	893	86025	1894065	21.90
2005-2009	60	0.01121	0.01115	0.5	85578	954	85101	1808040	21.13
2005-2009	61	0.01176	0.01169	0.5	84624	989	84129	1722939	20.36
2005-2009	62	0.01366	0.01357	0.5	83635	1135	83067	1638810	19.59
2005-2009	63	0.01507	0.01495	0.5	82500	1234	81883	1555743	18.86
2005-2009	64	0.01614	0.01601	0.5	81266	1301	80616	1473860	18.14
2005-2009	65	0.01774	0.01758	0.5	79965	1406	79262	1393244	17.42
2005-2009	66	0.01849	0.01832	0.5	78559	1439	77840	1313982	16.73
2005-2009	67	0.02128	0.02106	0.5	77120	1624	76308	1236142	16.03
2005-2009	68	0.02225	0.02201	0.5	75496	1661	74665	1159834	15.36
2005-2009	69	0.02423	0.02394	0.5	73835	1767	72951	1085169	14.70
2005-2009	70	0.02639	0.02605	0.5	72067	1877	71129	1012218	14.05
2005-2009	71	0.02776	0.02738	0.5	70190	1922	69229	941089	13.41
2005-2009	72	0.03079	0.03033	0.5	68269	2070	67233	871859	12.77
2005-2009	73	0.03410	0.03353	0.5	66198	2219	65089	804626	12.15
2005-2009	74	0.03682	0.03616	0.5	63979	2313	62822	739537	11.56
2005-2009	75	0.03953	0.03876	0.5	61666	2390	60470	676715	10.97
2005-2009	76	0.04296	0.04206	0.5	59275	2493	58029	616245	10.40
2005-2009	77	0.04733	0.04624	0.5	56782	2625	55470	558216	9.83
2005-2009	78	0.05068	0.04943	0.5	54157	2677	52818	502746	9.28
2005-2009	79	0.05757	0.05596	0.5	51480	2881	50039	449928	8.74
2005-2009	80	0.06272	0.06082	0.5	48599	2956	47121	399888	8.23
2005-2009	81	0.06936	0.06703	0.5	45643	3060	44114	352767	7.73
2005-2009	82	0.07779	0.07487	0.5	42584	3188	40990	308653	7.25
2005-2009	83	0.08507	0.08160	0.5	39396	3215	37788	267664	6.79
2005-2009	84	0.09550	0.09115	0.5	36181	3298	34532	229876	6.35
2005-2009	85	0.10404	0.09890	0.5	32883	3252	31257	195344	5.94
2005-2009	86	0.11913	0.11243	0.5	29631	3331	27965	164087	5.54
2005-2009	87	0.12569	0.11825	0.5	26300	3110	24745	136121	5.18
2005-2009	88	0.14614	0.13619	0.5	23190	3158	21610	111377	4.80
2005-2009	89	0.15815	0.14656	0.5	20031	2936	18563	89766	4.48
2005-2009	90	0.17852	0.16389	0.5	17096	2802	15695	71203	4.17
2005-2009	91	0.19624	0.17871	0.5	14294	2554	13017	55508	3.88
2005-2009	92	0.21822	0.19675	0.5	11739	2310	10585	42492	3.62
2005-2009	93	0.23666	0.21162	0.5	9430	1995	8432	31907	3.38
2005-2009	94	0.25936	0.22959	0.5	7434	1707	6581	23475	3.16
2005-2009	95	0.28347	0.24828	0.5	5727	1422	5016	16895	2.95
2005-2009	96	0.30890	0.26757	0.5	4305	1152	3729	11878	2.76
2005-2009	97	0.33557	0.28736	0.5	3153	906	2700	8149	2.58
2005-2009	98	0.36337	0.30750	0.5	2247	691	1902	5449	2.42
2005-2009	99	0.39214	0.32786	0.5	1556	510	1301	3547	2.28
2005-2009	100	0.42172	0.34828	0.5	1046	364	864	2246	2.15
2005-2009	101	0.45191	0.36862	0.5	682	251	556	1382	2.03
2005-2009	102	0.48249	0.38871	0.5	430	167	347	826	1.92
2005-2009	103	0.51323	0.40842	0.5	263	107	209	479	1.82
2005-2009	104	0.54392	0.42762	0.5	156	67	122	270	1.73
2005-2009	105	0.57430	0.44618	0.5	89	40	69	147	1.65
2005-2009	106	0.60417	0.46400	0.5	49	23	38	78	1.58
2005-2009	107	0.63332	0.48100	0.5	26	13	20	40	1.52
2005-2009	108	0.66155	0.49712	0.5	14	7	10	20	1.47
2005-2009	109	0.68870	0.51229	0.5	7	4	5	10	1.43
2005-2009	110+	0.71464	1.00000	1.4	3	3	5	5	1.40
2010-2014	0	0.00679	0.00674	0.07	100000	674	99371	7591815	75.92
2010-2014	1	0.00042	0.00042	0.5	99326	42	99305	7492444	75.43
2010-2014	2	0.00034	0.00034	0.5	99284	34	99267	7393140	74.46
2010-2014	3	0.00025	0.00025	0.5	99249	25	99237	7293873	73.49
2010-2014	4	0.00021	0.00021	0.5	99224	20	99214	7194636	72.51
2010-2014	5	0.00017	0.00017	0.5	99204	17	99195	7095422	71.52
2010-2014	6	0.00015	0.00015	0.5	99187	15	99180	6996227	70.54
2010-2014	7	0.00012	0.00012	0.5	99172	12	99166	6897047	69.55
2010-2014	8	0.00015	0.00015	0.5	99160	15	99152	6797881	68.55
2010-2014	9	0.00013	0.00013	0.5	99145	13	99138	6698729	67.57
2010-2014	10	0.00013	0.00013	0.5	99131	13	99125	6599591	66.57
2010-2014	11	0.00013	0.00013	0.5	99119	13	99112	6500466	65.58
2010-2014	12	0.00015	0.00015	0.5	99106	15	99098	6401354	64.59
2010-2014	13	0.00022	0.00022	0.5	99091	22	99080	6302255	63.60
2010-2014	14	0.00023	0.00023	0.5	99069	23	99058	6203176	62.61
2010-2014	15	0.00026	0.00026	0.5	99047	26	99034	6104118	61.63
2010-2014	16	0.00039	0.00039	0.5	99021	38	99002	6005084	60.64
2010-2014	17	0.00050	0.00050	0.5	98982	49	98958	5906082	59.67
2010-2014	18	0.00066	0.00066	0.5	98933	65	98901	5807124	58.70
2010-2014	19	0.00086	0.00086	0.5	98868	85	98825	5708224	57.74
2010-2014	20	0.00090	0.00090	0.5	98783	89	98738	5609398	56.79
2010-2014	21	0.00101	0.00101	0.5	98694	99	98644	5510660	55.84
2010-2014	22	0.00099	0.00098	0.5	98594	97	98546	5412016	54.89
2010-2014	23	0.00099	0.00099	0.5	98497	98	98448	5313470	53.95
2010-2014	24	0.00106	0.00106	0.5	98400	104	98348	5215022	53.00
2010-2014	25	0.00114	0.00114	0.5	98296	112	98240	5116674	52.05
2010-2014	26	0.00126	0.00126	0.5	98184	124	98122	5018434	51.11
2010-2014	27	0.00132	0.00132	0.5	98060	129	97996	4920312	50.18
2010-2014	28	0.00145	0.00144	0.5	97931	141	97860	4822316	49.24
2010-2014	29	0.00140	0.00140	0.5	97790	136	97721	4724456	48.31
2010-2014	30	0.00163	0.00163	0.5	97653	159	97574	4626735	47.38
2010-2014	31	0.00181	0.00181	0.5	97494	176	97406	4529161	46.46
2010-2014	32	0.00169	0.00169	0.5	97318	165	97236	4431755	45.54
2010-2014	33	0.00186	0.00186	0.5	97153	181	97063	4334520	44.62
2010-2014	34	0.00188	0.00188	0.5	96972	183	96881	4237457	43.70
2010-2014	35	0.00197	0.00197	0.5	96790	191	96694	4140576	42.78
2010-2014	36	0.00206	0.00205	0.5	96599	198	96500	4043882	41.86
2010-2014	37	0.00217	0.00217	0.5	96401	209	96296	3947382	40.95
2010-2014	38	0.00232	0.00232	0.5	96192	223	96080	3851085	40.04
2010-2014	39	0.00251	0.00251	0.5	95969	241	95848	3755005	39.13
2010-2014	40	0.00245	0.00245	0.5	95728	234	95611	3659157	38.22
2010-2014	41	0.00276	0.00275	0.5	95494	263	95362	3563546	37.32
2010-2014	42	0.00300	0.00300	0.5	95231	286	95088	3468184	36.42
2010-2014	43	0.00306	0.00306	0.5	94945	291	94800	3373096	35.53
2010-2014	44	0.00328	0.00327	0.5	94654	309	94500	3278296	34.63
2010-2014	45	0.00379	0.00378	0.5	94345	357	94167	3183797	33.75
2010-2014	46	0.00404	0.00403	0.5	93988	379	93799	3089630	32.87
2010-2014	47	0.00462	0.00461	0.5	93609	432	93393	2995831	32.00
2010-2014	48	0.00482	0.00481	0.5	93177	448	92953	2902438	31.15
2010-2014	49	0.00552	0.00550	0.5	92729	510	92474	2809485	30.30
2010-2014	50	0.00591	0.00589	0.5	92219	543	91947	2717011	29.46
2010-2014	51	0.00649	0.00646	0.5	91676	593	91379	2625063	28.63
2010-2014	52	0.00672	0.00670	0.5	91083	610	90778	2533684	27.82
2010-2014	53	0.00743	0.00740	0.5	90473	670	90138	2442906	27.00
2010-2014	54	0.00758	0.00755	0.5	89803	678	89464	2352768	26.20
2010-2014	55	0.00830	0.00827	0.5	89125	737	88757	2263304	25.39
2010-2014	56	0.00926	0.00922	0.5	88389	815	87981	2174547	24.60
2010-2014	57	0.00944	0.00939	0.5	87574	823	87162	2086566	23.83
2010-2014	58	0.00993	0.00988	0.5	86751	857	86322	1999404	23.05
2010-2014	59	0.01035	0.01029	0.5	85894	884	85452	1913081	22.27
2010-2014	60	0.01140	0.01134	0.5	85010	964	84528	1827630	21.50
2010-2014	61	0.01206	0.01199	0.5	84046	1008	83542	1743102	20.74
2010-2014	62	0.01308	0.01300	0.5	83038	1079	82498	1659560	19.99
2010-2014	63	0.01422	0.01412	0.5	81959	1157	81380	1577062	19.24
2010-2014	64	0.01519	0.01507	0.5	80802	1218	80193	1495682	18.51
2010-2014	65	0.01664	0.01650	0.5	79584	1313	78927	1415489	17.79
2010-2014	66	0.01782	0.01767	0.5	78270	1383	77579	1336562	17.08
2010-2014	67	0.01949	0.01930	0.5	76888	1484	76146	1258983	16.37
2010-2014	68	0.02101	0.02079	0.5	75404	1568	74620	1182838	15.69
2010-2014	69	0.02374	0.02346	0.5	73836	1732	72970	1108218	15.01
2010-2014	70	0.02535	0.02504	0.5	72104	1805	71201	1035249	14.36
2010-2014	71	0.02699	0.02663	0.5	70298	1872	69362	964048	13.71
2010-2014	72	0.03030	0.02984	0.5	68427	2042	67406	894685	13.08
2010-2014	73	0.03226	0.03175	0.5	66384	2107	65331	827280	12.46
2010-2014	74	0.03519	0.03458	0.5	64277	2223	63166	761949	11.85
2010-2014	75	0.03884	0.03810	0.5	62054	2364	60872	698783	11.26
2010-2014	76	0.04245	0.04156	0.5	59690	2481	58450	637911	10.69
2010-2014	77	0.04566	0.04464	0.5	57209	2554	55932	579461	10.13
2010-2014	78	0.04899	0.04782	0.5	54655	2614	53348	523529	9.58
2010-2014	79	0.05504	0.05357	0.5	52042	2788	50648	470181	9.03
2010-2014	80	0.05854	0.05687	0.5	49254	2801	47853	419533	8.52
2010-2014	81	0.06465	0.06262	0.5	46453	2909	44998	371680	8.00
2010-2014	82	0.07215	0.06964	0.5	43544	3032	42028	326682	7.50
2010-2014	83	0.08177	0.07856	0.5	40511	3183	38920	284654	7.03
2010-2014	84	0.08645	0.08287	0.5	37329	3093	35782	245734	6.58
2010-2014	85	0.09891	0.09425	0.5	34235	3227	32622	209952	6.13
2010-2014	86	0.11155	0.10566	0.5	31009	3276	29370	177330	5.72
2010-2014	87	0.12417	0.11691	0.5	27732	3242	26111	147959	5.34
2010-2014	88	0.13776	0.12888	0.5	24490	3156	22912	121848	4.98
2010-2014	89	0.15347	0.14253	0.5	21334	3041	19813	98936	4.64
2010-2014	90	0.16978	0.15650	0.5	18293	2863	16862	79123	4.33
2010-2014	91	0.18428	0.16873	0.5	15430	2604	14128	62261	4.04
2010-2014	92	0.20516	0.18607	0.5	12827	2387	11633	48133	3.75
2010-2014	93	0.22595	0.20301	0.5	10440	2119	9380	36500	3.50
2010-2014	94	0.24821	0.22081	0.5	8320	1837	7402	27119	3.26
2010-2014	95	0.27192	0.23937	0.5	6483	1552	5707	19718	3.04
2010-2014	96	0.29701	0.25861	0.5	4931	1275	4294	14010	2.84
2010-2014	97	0.32343	0.27840	0.5	3656	1018	3147	9717	2.66
2010-2014	98	0.35104	0.29863	0.5	2638	788	2244	6569	2.49
2010-2014	99	0.37973	0.31913	0.5	1850	591	1555	4325	2.34
2010-2014	100	0.40930	0.33977	0.5	1260	428	1046	2770	2.20
2010-2014	101	0.43959	0.36038	0.5	832	300	682	1724	2.07
2010-2014	102	0.47036	0.38081	0.5	532	203	431	1042	1.96
2010-2014	103	0.50140	0.40090	0.5	329	132	263	612	1.86
2010-2014	104	0.53246	0.42051	0.5	197	83	156	348	1.76
2010-2014	105	0.56331	0.43952	0.5	114	50	89	192	1.68
2010-2014	106	0.59371	0.45781	0.5	64	29	49	103	1.61
2010-2014	107	0.62343	0.47528	0.5	35	17	26	54	1.54
2010-2014	108	0.65229	0.49187	0.5	18	9	14	27	1.49
2010-2014	109	0.68010	0.50752	0.5	9	5	7	13	1.44
2010-2014	110+	0.70671	1.00000	1.42	5	5	6	6	1.42
2015-2019	0	0.00616	0.00612	0.07	100000	612	99428	7547477	75.47
2015-2019	1	0.00045	0.00045	0.5	99388	45	99365	7448049	74.94
2015-2019	2	0.00030	0.00030	0.5	99343	30	99328	7348684	73.97
2015-2019	3	0.00022	0.00022	0.5	99314	22	99303	7249356	72.99
2015-2019	4	0.00017	0.00017	0.5	99292	17	99283	7150053	72.01
2015-2019	5	0.00018	0.00018	0.5	99275	18	99266	7050770	71.02
2015-2019	6	0.00011	0.00011	0.5	99257	11	99252	6951504	70.04
2015-2019	7	0.00013	0.00013	0.5	99246	13	99240	6852252	69.04
2015-2019	8	0.00015	0.00015	0.5	99234	15	99226	6753012	68.05
2015-2019	9	0.00015	0.00015	0.5	99219	14	99212	6653786	67.06
2015-2019	10	0.00015	0.00015	0.5	99205	15	99197	6554574	66.07
2015-2019	11	0.00015	0.00015	0.5	99190	15	99182	6455377	65.08
2015-2019	12	0.00017	0.00017	0.5	99175	16	99167	6356194	64.09
2015-2019	13	0.00020	0.00020	0.5	99159	20	99149	6257028	63.10
2015-2019	14	0.00027	0.00027	0.5	99139	27	99126	6157879	62.11
2015-2019	15	0.00034	0.00034	0.5	99112	34	99095	6058753	61.13
2015-2019	16	0.00037	0.00037	0.5	99078	36	99060	5959658	60.15
2015-2019	17	0.00065	0.00065	0.5	99042	64	99010	5860598	59.17
2015-2019	18	0.00084	0.00084	0.5	98978	83	98936	5761588	58.21
2015-2019	19	0.00089	0.00089	0.5	98895	88	98850	5662652	57.26
2015-2019	20	0.00085	0.00085	0.5	98806	84	98764	5563802	56.31
2015-2019	21	0.00104	0.00104	0.5	98722	103	98671	5465037	55.36
2015-2019	22	0.00101	0.00101	0.5	98619	100	98569	5366366	54.41
2015-2019	23	0.00122	0.00122	0.5	98519	121	98459	5267797	53.47
2015-2019	24	0.00117	0.00117	0.5	98399	115	98342	5169338	52.53
2015-2019	25	0.00132	0.00132	0.5	98284	129	98219	5070996	51.60
2015-2019	26	0.00145	0.00144	0.5	98155	142	98084	4972777	50.66
2015-2019	27	0.00158	0.00157	0.5	98013	154	97936	4874693	49.74
2015-2019	28	0.00165	0.00165	0.5	97859	161	97778	4776757	48.81
2015-2019	29	0.00176	0.00176	0.5	97698	172	97612	4678979	47.89
2015-2019	30	0.00182	0.00182	0.5	97526	177	97437	4581367	46.98
2015-2019	31	0.00188	0.00187	0.5	97349	183	97257	4483930	46.06
2015-2019	32	0.00226	0.00226	0.5	97166	220	97056	4386673	45.15
2015-2019	33	0.00212	0.00212	0.5	96946	205	96844	4289616	44.25
2015-2019	34	0.00240	0.00240	0.5	96741	232	96625	4192773	43.34
2015-2019	35	0.00254	0.00254	0.5	96509	245	96387	4096147	42.44
2015-2019	36	0.00244	0.00243	0.5	96264	234	96147	3999761	41.55
2015-2019	37	0.00260	0.00259	0.5	96030	249	95905	3903614	40.65
2015-2019	38	0.00277	0.00277	0.5	95781	265	95648	3807708	39.75
2015-2019	39	0.00297	0.00297	0.5	95516	283	95374	3712060	38.86
2015-2019	40	0.00311	0.00311	0.5	95232	296	95084	3616686	37.98
2015-2019	41	0.00309	0.00309	0.5	94937	293	94790	3521602	37.09
2015-2019	42	0.00346	0.00346	0.5	94643	327	94480	3426812	36.21
2015-2019	43	0.00347	0.00346	0.5	94316	326	94153	3332332	35.33
2015-2019	44	0.00368	0.00367	0.5	93989	345	93817	3238180	34.45
2015-2019	45	0.00411	0.00410	0.5	93644	384	93452	3144363	33.58
2015-2019	46	0.00438	0.00437	0.5	93260	408	93057	3050911	32.71
2015-2019	47	0.00467	0.00466	0.5	92853	433	92636	2957854	31.86
2015-2019	48	0.00501	0.00500	0.5	92420	462	92189	2865218	31.00
2015-2019	49	0.00558	0.00557	0.5	91958	512	91702	2773029	30.16
2015-2019	50	0.00623	0.00621	0.5	91446	568	91162	2681327	29.32
2015-2019	51	0.00656	0.00654	0.5	90878	594	90581	2590165	28.50
2015-2019	52	0.00715	0.00713	0.5	90284	643	89962	2499584	27.69
2015-2019	53	0.00756	0.00753	0.5	89641	675	89303	2409621	26.88
2015-2019	54	0.00840	0.00836	0.5	88966	744	88594	2320318	26.08
2015-2019	55	0.00915	0.00911	0.5	88222	803	87820	2231725	25.30
2015-2019	56	0.00952	0.00948	0.5	87418	829	87004	2143904	24.52
2015-2019	57	0.01059	0.01053	0.5	86590	912	86134	2056900	23.75
2015-2019	58	0.01141	0.01134	0.5	85678	972	85192	1970766	23.00
2015-2019	59	0.01156	0.01150	0.5	84706	974	84219	1885575	22.26
2015-2019	60	0.01237	0.01230	0.5	83732	1030	83217	1801356	21.51
2015-2019	61	0.01324	0.01315	0.5	82703	1088	82159	1718138	20.77
2015-2019	62	0.01421	0.01411	0.5	81615	1152	81039	1635979	20.05
2015-2019	63	0.01535	0.01524	0.5	80463	1226	79850	1554940	19.32
2015-2019	64	0.01600	0.01587	0.5	79237	1257	78609	1475089	18.62
2015-2019	65	0.01693	0.01679	0.5	77980	1309	77325	1396481	17.91
2015-2019	66	0.01830	0.01814	0.5	76671	1391	75975	1319155	17.21
2015-2019	67	0.01965	0.01946	0.5	75280	1465	74548	1243180	16.51
2015-2019	68	0.02085	0.02063	0.5	73815	1523	73054	1168632	15.83
2015-2019	69	0.02263	0.02238	0.5	72292	1618	71484	1095578	15.15
2015-2019	70	0.02539	0.02507	0.5	70675	1772	69789	1024095	14.49
2015-2019	71	0.02728	0.02691	0.5	68903	1854	67976	954306	13.85
2015-2019	72	0.03003	0.02959	0.5	67049	1984	66057	886330	13.22
2015-2019	73	0.03203	0.03153	0.5	65065	2051	64039	820274	12.61
2015-2019	74	0.03540	0.03479	0.5	63014	2192	61918	756234	12.00
2015-2019	75	0.03820	0.03748	0.5	60822	2280	59682	694317	11.42
2015-2019	76	0.04196	0.04109	0.5	58542	2406	57339	634635	10.84
2015-2019	77	0.04639	0.04533	0.5	56136	2545	54864	577296	10.28
2015-2019	78	0.04970	0.04849	0.5	53591	2599	52292	522432	9.75
2015-2019	79	0.05619	0.05466	0.5	50992	2787	49599	470140	9.22
2015-2019	80	0.05936	0.05765	0.5	48205	2779	46816	420541	8.72
2015-2019	81	0.06487	0.06284	0.5	45426	2854	43999	373725	8.23
2015-2019	82	0.06908	0.06677	0.5	42572	2843	41151	329726	7.75
2015-2019	83	0.07486	0.07216	0.5	39729	2867	38296	288576	7.26
2015-2019	84	0.08583	0.08230	0.5	36862	3034	35346	250280	6.79
2015-2019	85	0.09219	0.08813	0.5	33829	2981	32338	214934	6.35
2015-2019	86	0.10491	0.09968	0.5	30847	3075	29310	182596	5.92
2015-2019	87	0.11426	0.10808	0.5	27773	3002	26272	153286	5.52
2015-2019	88	0.13158	0.12346	0.5	24771	3058	23242	127014	5.13
2015-2019	89	0.14553	0.13566	0.5	21713	2945	20240	103772	4.78
2015-2019	90	0.16414	0.15169	0.5	18767	2847	17344	83532	4.45
2015-2019	91	0.17850	0.16387	0.5	15920	2609	14616	66188	4.16
2015-2019	92	0.19667	0.17906	0.5	13311	2384	12120	51572	3.87
2015-2019	93	0.21668	0.19550	0.5	10928	2136	9860	39453	3.61
2015-2019	94	0.23813	0.21279	0.5	8792	1871	7856	29593	3.37
2015-2019	95	0.26102	0.23089	0.5	6921	1598	6122	21737	3.14
2015-2019	96	0.28531	0.24969	0.5	5323	1329	4658	15615	2.93
2015-2019	97	0.31094	0.26911	0.5	3994	1075	3456	10957	2.74
2015-2019	98	0.33782	0.28900	0.5	2919	844	2497	7500	2.57
2015-2019	99	0.36581	0.30925	0.5	2075	642	1755	5003	2.41
2015-2019	100	0.39477	0.32970	0.5	1434	473	1197	3249	2.27
2015-2019	101	0.42453	0.35019	0.5	961	337	793	2051	2.13
2015-2019	102	0.45487	0.37059	0.5	624	231	509	1259	2.02
2015-2019	103	0.48559	0.39073	0.5	393	154	316	750	1.91
2015-2019	104	0.51645	0.41046	0.5	239	98	190	434	1.81
2015-2019	105	0.54722	0.42966	0.5	141	61	111	243	1.72
2015-2019	106	0.57767	0.44821	0.5	81	36	62	133	1.65
2015-2019	107	0.60757	0.46600	0.5	44	21	34	70	1.58
2015-2019	108	0.63671	0.48296	0.5	24	11	18	36	1.52
2015-2019	109	0.66491	0.49901	0.5	12	6	9	18	1.47
2015-2019	110+	0.69200	1.00000	1.45	6	6	9	9	1.45
