KY: Kentucky, Lifetables (period 5x1), Males Last modified: 20 Dec 2020, MPv5 (May07) 

Year	Age	mx	qx	ax	lx	dx	Lx	Tx	ex
1959	0	0.03222	0.03135	0.13	100000	3135	97277	6662442	66.62
1959	1-4	0.00116	0.00461	1.48	96865	447	386333	6565165	67.78
1959	5-9	0.00057	0.00287	2.47	96418	277	481392	6178832	64.08
1959	10-14	0.00051	0.00252	2.49	96142	243	480100	5697440	59.26
1959	15-19	0.00179	0.00890	2.7	95899	854	477531	5217340	54.40
1959	20-24	0.00222	0.01102	2.32	95045	1047	472423	4739809	49.87
1959	25-29	0.00216	0.01072	2.62	93998	1008	467590	4267386	45.40
1959	30-34	0.00247	0.01227	2.7	92990	1141	462329	3799797	40.86
1959	35-39	0.00333	0.01652	2.71	91849	1517	455773	3337468	36.34
1959	40-44	0.00497	0.02457	2.61	90332	2219	446351	2881695	31.90
1959	45-49	0.00779	0.03824	2.67	88113	3369	432706	2435344	27.64
1959	50-54	0.01239	0.06021	2.65	84744	5102	411714	2002638	23.63
1959	55-59	0.01714	0.08245	2.68	79641	6566	382991	1590924	19.98
1959	60-64	0.02552	0.12025	2.6	73075	8787	344277	1207932	16.53
1959	65-69	0.03749	0.17172	2.56	64288	11040	294450	863656	13.43
1959	70-74	0.05479	0.24134	2.54	53248	12851	234567	569206	10.69
1959	75-79	0.07947	0.33300	2.57	40397	13452	169267	334639	8.28
1959	80-84	0.12338	0.46829	2.43	26945	12618	102273	165372	6.14
1959	85-89	0.19844	0.65180	2.37	14327	9338	47057	63098	4.40
1959	90-94	0.29232	0.77846	2	4989	3883	13285	16041	3.22
1959	95-99	0.38837	0.87316	1.85	1105	965	2485	2756	2.49
1959	100-104	0.50989	0.93539	1.62	140	131	257	271	1.94
1959	105-109	0.63101	0.96711	1.41	9	9	14	14	1.58
1959	110+	0.72411	1.00000	1.38	0	0	0	0	1.38
1960	0	0.03117	0.03035	0.13	100000	3035	97356	6630962	66.31
1960	1-4	0.00134	0.00536	1.53	96965	520	386577	6533606	67.38
1960	5-9	0.00055	0.00273	2.22	96445	263	481495	6147029	63.74
1960	10-14	0.00060	0.00302	2.97	96182	291	480321	5665534	58.90
1960	15-19	0.00148	0.00738	2.76	95892	708	477873	5185214	54.07
1960	20-24	0.00186	0.00927	2.43	95184	882	473658	4707340	49.46
1960	25-29	0.00209	0.01041	2.31	94302	981	468873	4233682	44.89
1960	30-34	0.00239	0.01190	2.57	93321	1110	463902	3764809	40.34
1960	35-39	0.00350	0.01734	2.67	92210	1599	457324	3300907	35.80
1960	40-44	0.00533	0.02633	2.7	90611	2386	447578	2843583	31.38
1960	45-49	0.00831	0.04074	2.65	88225	3594	432686	2396005	27.16
1960	50-54	0.01317	0.06388	2.68	84631	5406	410619	1963320	23.20
1960	55-59	0.01856	0.08892	2.65	79225	7044	379552	1552701	19.60
1960	60-64	0.02641	0.12421	2.62	72180	8966	339540	1173149	16.25
1960	65-69	0.03868	0.17699	2.6	63215	11188	289276	833609	13.19
1960	70-74	0.05717	0.25087	2.56	52026	13052	228305	544334	10.46
1960	75-79	0.08341	0.34559	2.52	38974	13469	161477	316029	8.11
1960	80-84	0.12741	0.47855	2.4	25505	12205	95798	154552	6.06
1960	85-89	0.19766	0.63739	2.21	13300	8477	42887	58754	4.42
1960	90-94	0.28532	0.77047	2.02	4823	3716	13023	15867	3.29
1960	95-99	0.37629	0.86356	1.87	1107	956	2540	2845	2.57
1960	100-104	0.48949	0.92701	1.65	151	140	286	304	2.01
1960	105-109	0.60433	0.96147	1.45	11	11	18	18	1.65
1960	110+	0.69434	1.00000	1.44	0	0	1	1	1.44
1961	0	0.03156	0.03072	0.13	100000	3072	97327	6677383	66.77
1961	1-4	0.00125	0.00499	1.64	96928	484	386572	6580056	67.89
1961	5-9	0.00056	0.00278	2.17	96445	268	481465	6193484	64.22
1961	10-14	0.00063	0.00317	2.82	96176	305	480216	5712019	59.39
1961	15-19	0.00141	0.00702	2.68	95872	673	477797	5231802	54.57
1961	20-24	0.00198	0.00983	2.62	95198	936	473760	4754005	49.94
1961	25-29	0.00195	0.00972	2.53	94262	916	469046	4280245	45.41
1961	30-34	0.00236	0.01172	2.67	93346	1094	464179	3811199	40.83
1961	35-39	0.00319	0.01585	2.65	92252	1462	457821	3347021	36.28
1961	40-44	0.00559	0.02762	2.73	90790	2508	448259	2889200	31.82
1961	45-49	0.00829	0.04065	2.61	88283	3589	432838	2440941	27.65
1961	50-54	0.01163	0.05655	2.56	84694	4790	411762	2008103	23.71
1961	55-59	0.01717	0.08255	2.67	79904	6596	384155	1596340	19.98
1961	60-64	0.02682	0.12596	2.59	73308	9234	344258	1212186	16.54
1961	65-69	0.03710	0.17009	2.56	64074	10898	293734	867927	13.55
1961	70-74	0.05365	0.23641	2.49	53176	12571	234329	574194	10.80
1961	75-79	0.07954	0.33231	2.53	40604	13493	169649	339865	8.37
1961	80-84	0.12443	0.47437	2.5	27111	12861	103359	170215	6.28
1961	85-89	0.18715	0.62372	2.33	14250	8888	47492	66856	4.69
1961	90-94	0.25366	0.73843	2.17	5362	3960	15610	19364	3.61
1961	95-99	0.35984	0.85044	1.9	1403	1193	3315	3754	2.68
1961	100-104	0.47000	0.91853	1.68	210	193	410	439	2.09
1961	105-109	0.58361	0.95666	1.49	17	16	28	29	1.70
1961	110+	0.67373	1.00000	1.48	1	1	1	1	1.48
1962	0	0.02975	0.02899	0.12	100000	2899	97463	6643387	66.43
1962	1-4	0.00109	0.00434	1.53	97101	421	387363	6545924	67.41
1962	5-9	0.00058	0.00291	2.23	96680	281	482618	6158561	63.70
1962	10-14	0.00078	0.00390	2.83	96398	376	481175	5675943	58.88
1962	15-19	0.00158	0.00786	2.8	96023	755	478452	5194767	54.10
1962	20-24	0.00191	0.00950	2.75	95268	905	474308	4716315	49.51
1962	25-29	0.00209	0.01038	2.55	94363	980	469416	4242007	44.95
1962	30-34	0.00263	0.01306	2.66	93383	1219	464064	3772591	40.40
1962	35-39	0.00348	0.01725	2.69	92164	1590	457145	3308527	35.90
1962	40-44	0.00527	0.02602	2.74	90574	2357	447542	2851382	31.48
1962	45-49	0.00818	0.04010	2.63	88217	3538	432717	2403841	27.25
1962	50-54	0.01267	0.06152	2.65	84680	5210	411155	1971124	23.28
1962	55-59	0.01873	0.08955	2.56	79470	7116	379970	1559969	19.63
1962	60-64	0.02688	0.12640	2.64	72354	9145	340214	1179998	16.31
1962	65-69	0.03970	0.18082	2.54	63208	11429	287898	839784	13.29
1962	70-74	0.05472	0.24111	2.54	51779	12484	228165	551887	10.66
1962	75-79	0.07830	0.32888	2.57	39295	12923	165043	323721	8.24
1962	80-84	0.12975	0.48572	2.41	26372	12809	98722	158678	6.02
1962	85-89	0.20056	0.64672	2.25	13562	8771	43733	59956	4.42
1962	90-94	0.27476	0.76289	2.09	4791	3655	13304	16223	3.39
1962	95-99	0.37645	0.86354	1.87	1136	981	2606	2919	2.57
1962	100-104	0.48839	0.92647	1.65	155	144	294	313	2.02
1962	105-109	0.60204	0.96092	1.46	11	11	18	19	1.65
1962	110+	0.69126	1.00000	1.45	0	0	1	1	1.45
1963	0	0.03162	0.03077	0.13	100000	3077	97322	6613888	66.14
1963	1-4	0.00119	0.00475	1.49	96923	461	386536	6516565	67.23
1963	5-9	0.00051	0.00257	2.3	96462	248	481640	6130030	63.55
1963	10-14	0.00048	0.00239	2.66	96214	230	480533	5648390	58.71
1963	15-19	0.00153	0.00762	2.87	95985	731	478366	5167856	53.84
1963	20-24	0.00204	0.01014	2.51	95253	966	473858	4689491	49.23
1963	25-29	0.00212	0.01052	2.44	94287	992	468902	4215632	44.71
1963	30-34	0.00219	0.01092	2.72	93295	1018	464152	3746730	40.16
1963	35-39	0.00378	0.01875	2.64	92277	1731	457300	3282579	35.57
1963	40-44	0.00484	0.02396	2.75	90546	2170	447843	2825279	31.20
1963	45-49	0.00782	0.03842	2.76	88377	3396	434263	2377435	26.90
1963	50-54	0.01275	0.06193	2.72	84981	5263	412887	1943173	22.87
1963	55-59	0.01976	0.09430	2.58	79718	7518	380404	1530286	19.20
1963	60-64	0.02696	0.12683	2.66	72200	9157	339600	1149882	15.93
1963	65-69	0.03999	0.18177	2.5	63044	11459	286552	810282	12.85
1963	70-74	0.06244	0.27034	2.52	51584	13945	223350	523730	10.15
1963	75-79	0.08224	0.33999	2.45	37639	12797	155597	300380	7.98
1963	80-84	0.13716	0.50985	2.48	24842	12666	92341	144783	5.83
1963	85-89	0.20207	0.64617	2.21	12176	7868	38937	52441	4.31
1963	90-94	0.30117	0.78712	1.97	4308	3391	11260	13504	3.13
1963	95-99	0.39697	0.87850	1.83	917	806	2030	2244	2.45
1963	100-104	0.51372	0.93637	1.61	111	104	203	214	1.92
1963	105-109	0.62966	0.96665	1.42	7	7	11	11	1.58
1963	110+	0.71907	1.00000	1.39	0	0	0	0	1.39
1964	0	0.02891	0.02819	0.12	100000	2819	97526	6668519	66.69
1964	1-4	0.00122	0.00486	1.51	97181	472	387549	6570993	67.62
1964	5-9	0.00058	0.00290	2.24	96709	281	482768	6183444	63.94
1964	10-14	0.00053	0.00265	2.67	96428	256	481544	5700676	59.12
1964	15-19	0.00161	0.00801	2.79	96172	771	479158	5219132	54.27
1964	20-24	0.00199	0.00988	2.59	95402	943	474734	4739974	49.68
1964	25-29	0.00211	0.01047	2.56	94459	989	469882	4265240	45.15
1964	30-34	0.00260	0.01293	2.44	93469	1208	464249	3795358	40.61
1964	35-39	0.00354	0.01757	2.64	92261	1621	457476	3331108	36.11
1964	40-44	0.00472	0.02334	2.65	90640	2116	448223	2873632	31.70
1964	45-49	0.00790	0.03878	2.66	88524	3433	434593	2425410	27.40
1964	50-54	0.01245	0.06044	2.61	85092	5143	413155	1990816	23.40
1964	55-59	0.01790	0.08577	2.59	79948	6857	383186	1577661	19.73
1964	60-64	0.02618	0.12327	2.64	73091	9010	344171	1194475	16.34
1964	65-69	0.03998	0.18217	2.57	64081	11674	292019	850303	13.27
1964	70-74	0.05811	0.25443	2.56	52407	13334	229459	558284	10.65
1964	75-79	0.07632	0.31920	2.44	39073	12472	163408	328825	8.42
1964	80-84	0.12394	0.46937	2.42	26601	12486	100740	165417	6.22
1964	85-89	0.18931	0.62241	2.25	14116	8786	46410	64678	4.58
1964	90-94	0.27287	0.75684	2.06	5330	4034	14783	18268	3.43
1964	95-99	0.35813	0.84884	1.9	1296	1100	3072	3485	2.69
1964	100-104	0.46650	0.91679	1.69	196	180	385	413	2.11
1964	105-109	0.57853	0.95533	1.49	16	16	27	28	1.72
1964	110+	0.66765	1.00000	1.5	1	1	1	1	1.50
1965	0	0.02707	0.02644	0.12	100000	2644	97667	6664702	66.65
1965	1-4	0.00095	0.00379	1.62	97356	369	388548	6567035	67.45
1965	5-9	0.00062	0.00310	2.52	96988	301	484193	6178487	63.70
1965	10-14	0.00044	0.00219	2.63	96687	212	482931	5694295	58.89
1965	15-19	0.00138	0.00687	2.81	96475	662	480925	5211364	54.02
1965	20-24	0.00196	0.00976	2.58	95812	935	476795	4730439	49.37
1965	25-29	0.00208	0.01034	2.62	94877	981	472052	4253644	44.83
1965	30-34	0.00245	0.01220	2.57	93896	1145	466701	3781592	40.27
1965	35-39	0.00377	0.01866	2.64	92751	1731	459664	3314891	35.74
1965	40-44	0.00521	0.02574	2.68	91019	2343	449652	2855226	31.37
1965	45-49	0.00829	0.04069	2.71	88677	3608	435136	2405574	27.13
1965	50-54	0.01288	0.06249	2.64	85068	5316	412778	1970438	23.16
1965	55-59	0.01809	0.08674	2.64	79752	6918	382402	1557660	19.53
1965	60-64	0.02649	0.12446	2.57	72834	9065	342173	1175258	16.14
1965	65-69	0.04063	0.18504	2.59	63770	11800	290422	833086	13.06
1965	70-74	0.05857	0.25579	2.53	51970	13293	226979	542664	10.44
1965	75-79	0.08217	0.34019	2.47	38676	13157	160115	315685	8.16
1965	80-84	0.12955	0.48429	2.39	25519	12359	95394	155569	6.10
1965	85-89	0.18698	0.62040	2.29	13161	8165	43667	60175	4.57
1965	90-94	0.28383	0.77009	2.03	4996	3847	13554	16508	3.30
1965	95-99	0.37598	0.86333	1.87	1149	992	2637	2954	2.57
1965	100-104	0.48920	0.92690	1.65	157	146	297	316	2.02
1965	105-109	0.60410	0.96143	1.45	11	11	18	19	1.65
1965	110+	0.69417	1.00000	1.44	0	0	1	1	1.44
1966	0	0.02834	0.02765	0.12	100000	2765	97570	6643483	66.43
1966	1-4	0.00110	0.00437	1.76	97235	425	387988	6545913	67.32
1966	5-9	0.00065	0.00322	2.27	96810	312	483197	6157925	63.61
1966	10-14	0.00056	0.00279	2.77	96498	269	481889	5674728	58.81
1966	15-19	0.00194	0.00965	2.92	96229	929	479214	5192838	53.96
1966	20-24	0.00187	0.00932	2.38	95300	888	474172	4713625	49.46
1966	25-29	0.00206	0.01025	2.61	94413	968	469745	4239452	44.90
1966	30-34	0.00236	0.01175	2.79	93445	1098	464795	3769707	40.34
1966	35-39	0.00338	0.01675	2.59	92347	1547	458011	3304912	35.79
1966	40-44	0.00519	0.02566	2.73	90800	2330	448719	2846900	31.35
1966	45-49	0.00803	0.03943	2.66	88470	3488	434200	2398181	27.11
1966	50-54	0.01236	0.06004	2.63	84982	5102	412822	1963981	23.11
1966	55-59	0.01834	0.08790	2.64	79880	7022	382822	1551159	19.42
1966	60-64	0.02792	0.13079	2.59	72858	9529	341335	1168337	16.04
1966	65-69	0.04074	0.18494	2.51	63329	11712	287469	827003	13.06
1966	70-74	0.05749	0.25240	2.58	51617	13028	226619	539533	10.45
1966	75-79	0.08555	0.35172	2.47	38589	13572	158647	312915	8.11
1966	80-84	0.12372	0.46889	2.42	25017	11730	94812	154267	6.17
1966	85-89	0.19103	0.62168	2.19	13287	8260	43240	59455	4.47
1966	90-94	0.29275	0.77883	2	5027	3915	13373	16215	3.23
1966	95-99	0.37824	0.86542	1.87	1112	962	2544	2842	2.56
1966	100-104	0.49517	0.92956	1.64	150	139	281	298	1.99
1966	105-109	0.61327	0.96351	1.44	11	10	17	17	1.62
1966	110+	0.70524	1.00000	1.42	0	0	1	1	1.42
1967	0	0.02764	0.02698	0.12	100000	2698	97623	6634580	66.35
1967	1-4	0.00093	0.00370	1.65	97302	360	388364	6536956	67.18
1967	5-9	0.00059	0.00296	2.38	96942	287	483959	6148593	63.43
1967	10-14	0.00056	0.00280	2.79	96656	271	482678	5664634	58.61
1967	15-19	0.00184	0.00915	2.92	96385	882	480088	5181956	53.76
1967	20-24	0.00204	0.01017	2.57	95503	971	475155	4701868	49.23
1967	25-29	0.00191	0.00952	2.57	94532	900	470472	4226713	44.71
1967	30-34	0.00245	0.01218	2.85	93632	1141	465707	3756241	40.12
1967	35-39	0.00324	0.01608	2.75	92491	1487	459117	3290534	35.58
1967	40-44	0.00581	0.02868	2.7	91004	2610	449005	2831417	31.11
1967	45-49	0.00891	0.04363	2.7	88394	3857	433111	2382412	26.95
1967	50-54	0.01348	0.06539	2.69	84537	5528	409921	1949301	23.06
1967	55-59	0.01927	0.09216	2.64	79010	7281	377896	1539380	19.48
1967	60-64	0.02702	0.12699	2.63	71728	9109	337098	1161485	16.19
1967	65-69	0.03920	0.17878	2.54	62619	11195	285585	824387	13.17
1967	70-74	0.05773	0.25286	2.55	51424	13003	225254	538802	10.48
1967	75-79	0.08250	0.34093	2.46	38421	13099	158777	313547	8.16
1967	80-84	0.12905	0.48292	2.39	25322	12229	94754	154770	6.11
1967	85-89	0.19008	0.62507	2.26	13093	8184	43058	60015	4.58
1967	90-94	0.26978	0.75628	2.1	4909	3713	13762	16957	3.45
1967	95-99	0.36104	0.85101	1.89	1196	1018	2820	3195	2.67
1967	100-104	0.46773	0.91718	1.69	178	163	350	375	2.10
1967	105-109	0.57784	0.95505	1.5	15	14	24	25	1.72
1967	110+	0.66547	1.00000	1.5	1	1	1	1	1.50
1968	0	0.02495	0.02440	0.11	100000	2440	97833	6613514	66.14
1968	1-4	0.00079	0.00314	1.51	97560	306	389475	6515682	66.79
1968	5-9	0.00061	0.00302	2.44	97253	294	485513	6126207	62.99
1968	10-14	0.00054	0.00272	2.88	96959	264	484236	5640693	58.18
1968	15-19	0.00180	0.00896	2.89	96695	866	481648	5156458	53.33
1968	20-24	0.00217	0.01081	2.44	95829	1035	476494	4674810	48.78
1968	25-29	0.00250	0.01242	2.57	94793	1178	471110	4198316	44.29
1968	30-34	0.00283	0.01407	2.56	93616	1317	464862	3727206	39.81
1968	35-39	0.00310	0.01541	2.69	92299	1422	458202	3262344	35.35
1968	40-44	0.00540	0.02667	2.62	90876	2424	448602	2804142	30.86
1968	45-49	0.00853	0.04182	2.64	88453	3699	433539	2355540	26.63
1968	50-54	0.01339	0.06490	2.62	84754	5501	410668	1922000	22.68
1968	55-59	0.01889	0.09027	2.55	79253	7154	378710	1511333	19.07
1968	60-64	0.02935	0.13709	2.6	72099	9884	336737	1132623	15.71
1968	65-69	0.04144	0.18812	2.55	62215	11704	282415	795885	12.79
1968	70-74	0.06017	0.26253	2.57	50511	13261	220379	513470	10.17
1968	75-79	0.08791	0.35885	2.44	37251	13367	152065	293091	7.87
1968	80-84	0.13690	0.50669	2.44	23883	12101	88393	141027	5.90
1968	85-89	0.19683	0.64739	2.36	11782	7627	38751	52634	4.47
1968	90-94	0.28034	0.76554	2.04	4154	3180	11345	13882	3.34
1968	95-99	0.37109	0.85889	1.87	974	837	2254	2538	2.61
1968	100-104	0.47766	0.92153	1.67	137	127	265	283	2.06
1968	105-109	0.58671	0.95717	1.48	11	10	18	18	1.70
1968	110+	0.67312	1.00000	1.49	0	0	1	1	1.49
1969	0	0.02492	0.02438	0.11	100000	2438	97835	6613957	66.14
1969	1-4	0.00085	0.00341	1.88	97562	333	389542	6516122	66.79
1969	5-9	0.00048	0.00242	2.37	97229	235	485528	6126580	63.01
1969	10-14	0.00053	0.00265	2.94	96994	257	484439	5641052	58.16
1969	15-19	0.00165	0.00821	2.95	96737	794	482054	5156613	53.31
1969	20-24	0.00241	0.01197	2.47	95942	1149	476810	4674559	48.72
1969	25-29	0.00227	0.01130	2.75	94794	1071	471554	4197749	44.28
1969	30-34	0.00256	0.01273	2.65	93722	1193	465810	3726195	39.76
1969	35-39	0.00354	0.01754	2.67	92529	1623	458866	3260385	35.24
1969	40-44	0.00578	0.02850	2.66	90906	2591	448476	2801519	30.82
1969	45-49	0.00898	0.04392	2.56	88315	3878	432106	2353043	26.64
1969	50-54	0.01291	0.06271	2.72	84437	5295	410121	1920937	22.75
1969	55-59	0.01955	0.09343	2.63	79142	7394	378184	1510816	19.09
1969	60-64	0.02928	0.13690	2.63	71748	9823	335503	1132632	15.79
1969	65-69	0.04130	0.18806	2.63	61925	11646	281972	797129	12.87
1969	70-74	0.06004	0.26223	2.59	50279	13185	219610	515157	10.25
1969	75-79	0.08930	0.36473	2.49	37095	13529	151500	295547	7.97
1969	80-84	0.12731	0.47908	2.42	23565	11290	88675	144047	6.11
1969	85-89	0.19734	0.63862	2.24	12276	7839	39724	55371	4.51
1969	90-94	0.26127	0.74786	2.14	4436	3318	12698	15647	3.53
1969	95-99	0.36600	0.85525	1.89	1119	957	2614	2949	2.64
1969	100-104	0.47520	0.92072	1.67	162	149	314	335	2.07
1969	105-109	0.58728	0.95746	1.48	13	12	21	22	1.69
1969	110+	0.67602	1.00000	1.48	1	1	1	1	1.48
1970	0	0.02312	0.02265	0.11	100000	2265	97977	6605442	66.05
1970	1-4	0.00102	0.00408	1.53	97735	399	389952	6507464	66.58
1970	5-9	0.00054	0.00269	2.24	97336	262	485957	6117512	62.85
1970	10-14	0.00060	0.00297	2.79	97074	289	484729	5631556	58.01
1970	15-19	0.00168	0.00836	2.95	96785	809	482265	5146826	53.18
1970	20-24	0.00231	0.01146	2.51	95976	1100	477139	4664561	48.60
1970	25-29	0.00225	0.01118	2.54	94875	1061	471762	4187422	44.14
1970	30-34	0.00294	0.01459	2.58	93815	1369	465763	3715660	39.61
1970	35-39	0.00386	0.01912	2.54	92445	1767	457887	3249897	35.15
1970	40-44	0.00551	0.02721	2.73	90678	2468	447781	2792010	30.79
1970	45-49	0.00846	0.04149	2.68	88211	3660	432564	2344229	26.58
1970	50-54	0.01324	0.06418	2.64	84551	5426	409943	1911664	22.61
1970	55-59	0.02084	0.09928	2.62	79125	7856	376908	1501721	18.98
1970	60-64	0.02992	0.13958	2.6	71269	9948	332453	1124813	15.78
1970	65-69	0.04232	0.19172	2.55	61321	11756	277780	792360	12.92
1970	70-74	0.05894	0.25789	2.58	49565	12783	216862	514580	10.38
1970	75-79	0.08582	0.35260	2.47	36782	12970	151122	297718	8.09
1970	80-84	0.12569	0.47316	2.39	23813	11267	89646	146596	6.16
1970	85-89	0.19148	0.63438	2.34	12546	7959	41563	56950	4.54
1970	90-94	0.27890	0.76283	2.03	4587	3499	12546	15387	3.35
1970	95-99	0.36973	0.85852	1.88	1088	934	2526	2840	2.61
1970	100-104	0.48216	0.92396	1.66	154	142	295	314	2.04
1970	105-109	0.59695	0.95984	1.47	12	11	19	20	1.67
1970	110+	0.68731	1.00000	1.45	0	0	1	1	1.45
1971	0	0.02231	0.02188	0.1	100000	2188	98042	6654974	66.55
1971	1-4	0.00084	0.00337	1.57	97812	329	390450	6556932	67.04
1971	5-9	0.00054	0.00270	2.44	97483	263	486742	6166482	63.26
1971	10-14	0.00053	0.00265	2.69	97220	258	485505	5679740	58.42
1971	15-19	0.00175	0.00874	2.79	96962	847	482939	5194235	53.57
1971	20-24	0.00238	0.01185	2.59	96115	1139	477828	4711296	49.02
1971	25-29	0.00246	0.01222	2.61	94976	1160	472108	4233468	44.57
1971	30-34	0.00216	0.01074	2.55	93815	1008	466610	3761360	40.09
1971	35-39	0.00349	0.01730	2.59	92808	1605	460172	3294750	35.50
1971	40-44	0.00550	0.02714	2.67	91203	2476	450254	2834578	31.08
1971	45-49	0.00824	0.04043	2.71	88727	3587	435413	2384325	26.87
1971	50-54	0.01275	0.06191	2.68	85139	5271	413480	1948911	22.89
1971	55-59	0.01862	0.08913	2.6	79868	7119	382259	1535431	19.22
1971	60-64	0.02870	0.13425	2.59	72749	9766	340241	1153173	15.85
1971	65-69	0.03958	0.17998	2.49	62983	11336	286415	812932	12.91
1971	70-74	0.05906	0.25819	2.57	51647	13335	225793	526516	10.19
1971	75-79	0.08959	0.36610	2.5	38313	14026	156563	300723	7.85
1971	80-84	0.13192	0.49229	2.42	24287	11956	90634	144160	5.94
1971	85-89	0.20335	0.65290	2.26	12331	8051	39590	53526	4.34
1971	90-94	0.28886	0.78174	2.07	4280	3346	11583	13936	3.26
1971	95-99	0.38452	0.86961	1.85	934	812	2113	2354	2.52
1971	100-104	0.49833	0.93052	1.63	122	113	227	241	1.98
1971	105-109	0.61291	0.96328	1.44	8	8	13	14	1.62
1971	110+	0.70226	1.00000	1.42	0	0	0	0	1.42
1972	0	0.02041	0.02004	0.1	100000	2004	98196	6649541	66.50
1972	1-4	0.00120	0.00480	1.73	97996	470	390916	6551345	66.85
1972	5-9	0.00053	0.00266	2.3	97526	260	486929	6160429	63.17
1972	10-14	0.00050	0.00248	2.28	97266	242	485674	5673500	58.33
1972	15-19	0.00169	0.00840	2.79	97025	815	483324	5187825	53.47
1972	20-24	0.00192	0.00958	2.48	96210	921	478722	4704502	48.90
1972	25-29	0.00206	0.01026	2.5	95288	978	474001	4225779	44.35
1972	30-34	0.00262	0.01300	2.6	94311	1227	468605	3751778	39.78
1972	35-39	0.00356	0.01768	2.66	93084	1645	461573	3283173	35.27
1972	40-44	0.00537	0.02653	2.73	91439	2426	451680	2821600	30.86
1972	45-49	0.00879	0.04309	2.78	89013	3836	436551	2369920	26.62
1972	50-54	0.01283	0.06224	2.64	85177	5302	413349	1933369	22.70
1972	55-59	0.01944	0.09288	2.6	79876	7419	381550	1520020	19.03
1972	60-64	0.02975	0.13906	2.66	72457	10076	338714	1138470	15.71
1972	65-69	0.04233	0.19177	2.55	62381	11963	282597	799756	12.82
1972	70-74	0.05955	0.25981	2.55	50418	13099	219960	517159	10.26
1972	75-79	0.09144	0.37332	2.54	37319	13932	152363	297199	7.96
1972	80-84	0.12551	0.47518	2.45	23387	11113	88543	144836	6.19
1972	85-89	0.18475	0.61507	2.28	12274	7549	40862	56293	4.59
1972	90-94	0.28847	0.77198	1.99	4725	3647	12643	15431	3.27
1972	95-99	0.37331	0.86154	1.88	1077	928	2486	2787	2.59
1972	100-104	0.48840	0.92674	1.65	149	138	283	301	2.02
1972	105-109	0.60532	0.96179	1.45	11	11	17	18	1.64
1972	110+	0.69685	1.00000	1.44	0	0	1	1	1.44
1973	0	0.01878	0.01847	0.1	100000	1847	98329	6648937	66.49
1973	1-4	0.00089	0.00356	1.93	98153	349	391889	6550608	66.74
1973	5-9	0.00056	0.00279	2.08	97804	273	488222	6158719	62.97
1973	10-14	0.00059	0.00295	2.69	97531	288	486990	5670498	58.14
1973	15-19	0.00170	0.00848	2.81	97243	825	484405	5183507	53.30
1973	20-24	0.00219	0.01089	2.38	96418	1050	479339	4699102	48.74
1973	25-29	0.00243	0.01207	2.52	95368	1151	473982	4219763	44.25
1973	30-34	0.00269	0.01336	2.56	94217	1259	468020	3745780	39.76
1973	35-39	0.00328	0.01629	2.63	92958	1515	461207	3277761	35.26
1973	40-44	0.00524	0.02586	2.65	91444	2365	451664	2816553	30.80
1973	45-49	0.00925	0.04527	2.64	89078	4033	435890	2364889	26.55
1973	50-54	0.01310	0.06348	2.6	85046	5399	412249	1928999	22.68
1973	55-59	0.01923	0.09200	2.65	79647	7327	381016	1516750	19.04
1973	60-64	0.03053	0.14213	2.57	72320	10279	336642	1135734	15.70
1973	65-69	0.04137	0.18830	2.62	62041	11682	282381	799092	12.88
1973	70-74	0.05878	0.25632	2.5	50358	12908	219584	516711	10.26
1973	75-79	0.09005	0.36820	2.53	37450	13789	153131	297126	7.93
1973	80-84	0.13074	0.48962	2.44	23661	11585	88611	143995	6.09
1973	85-89	0.19045	0.62368	2.23	12076	7532	39545	55384	4.59
1973	90-94	0.26711	0.75253	2.1	4544	3420	12803	15839	3.49
1973	95-99	0.35696	0.84736	1.9	1125	953	2670	3036	2.70
1973	100-104	0.46082	0.91374	1.7	172	157	340	366	2.13
1973	105-109	0.56853	0.95251	1.51	15	14	25	26	1.75
1973	110+	0.65463	1.00000	1.53	1	1	1	1	1.53
1974	0	0.01878	0.01847	0.1	100000	1847	98329	6720547	67.21
1974	1-4	0.00080	0.00320	1.83	98153	314	391930	6622218	67.47
1974	5-9	0.00042	0.00212	2.3	97839	207	488638	6230288	63.68
1974	10-14	0.00056	0.00282	2.7	97632	275	487530	5741650	58.81
1974	15-19	0.00148	0.00739	2.81	97357	719	485208	5254120	53.97
1974	20-24	0.00177	0.00882	2.58	96638	853	481129	4768913	49.35
1974	25-29	0.00189	0.00941	2.51	95785	901	476679	4287784	44.76
1974	30-34	0.00227	0.01129	2.68	94884	1071	471930	3811105	40.17
1974	35-39	0.00345	0.01713	2.68	93812	1607	465331	3339175	35.59
1974	40-44	0.00505	0.02498	2.66	92206	2303	455629	2873844	31.17
1974	45-49	0.00801	0.03932	2.64	89903	3535	441187	2418216	26.90
1974	50-54	0.01308	0.06344	2.65	86367	5479	418955	1977028	22.89
1974	55-59	0.01893	0.09061	2.65	80888	7329	387231	1558074	19.26
1974	60-64	0.02968	0.13837	2.56	73559	10179	342940	1170843	15.92
1974	65-69	0.04029	0.18325	2.53	63381	11614	288261	827903	13.06
1974	70-74	0.05912	0.25919	2.62	51766	13417	226958	539642	10.42
1974	75-79	0.08302	0.34273	2.46	38349	13144	158313	312684	8.15
1974	80-84	0.12946	0.48694	2.46	25206	12274	94810	154371	6.12
1974	85-89	0.18838	0.62219	2.27	12932	8046	42712	59561	4.61
1974	90-94	0.27005	0.75503	2.08	4886	3689	13660	16849	3.45
1974	95-99	0.36190	0.85178	1.89	1197	1019	2817	3189	2.66
1974	100-104	0.46923	0.91792	1.68	177	163	347	372	2.10
1974	105-109	0.57988	0.95559	1.49	15	14	24	25	1.71
1974	110+	0.66784	1.00000	1.5	1	1	1	1	1.50
1975	0	0.01733	0.01706	0.09	100000	1706	98450	6748034	67.48
1975	1-4	0.00069	0.00277	1.38	98294	273	392462	6649584	67.65
1975	5-9	0.00052	0.00261	2.29	98021	256	489415	6257122	63.83
1975	10-14	0.00050	0.00250	2.59	97766	244	488239	5767707	59.00
1975	15-19	0.00161	0.00802	2.78	97521	782	485866	5279468	54.14
1975	20-24	0.00194	0.00966	2.53	96739	934	481385	4793602	49.55
1975	25-29	0.00226	0.01121	2.51	95805	1074	476348	4312217	45.01
1975	30-34	0.00222	0.01106	2.69	94730	1048	471227	3835869	40.49
1975	35-39	0.00307	0.01525	2.72	93683	1428	465155	3364642	35.92
1975	40-44	0.00471	0.02328	2.68	92254	2148	456278	2899487	31.43
1975	45-49	0.00818	0.04013	2.59	90107	3616	441833	2443208	27.11
1975	50-54	0.01316	0.06377	2.56	86491	5516	419022	2001375	23.14
1975	55-59	0.01857	0.08892	2.61	80975	7201	387686	1582353	19.54
1975	60-64	0.02649	0.12450	2.59	73774	9185	346704	1194667	16.19
1975	65-69	0.03989	0.18187	2.58	64590	11747	294482	847963	13.13
1975	70-74	0.05907	0.25732	2.5	52843	13597	230172	553481	10.47
1975	75-79	0.08376	0.34582	2.48	39245	13572	162030	323310	8.24
1975	80-84	0.12536	0.47464	2.44	25673	12186	97202	161279	6.28
1975	85-89	0.17902	0.60466	2.32	13488	8156	45557	64077	4.75
1975	90-94	0.26878	0.74786	2.03	5332	3988	14837	18520	3.47
1975	95-99	0.35090	0.84252	1.92	1344	1133	3228	3683	2.74
1975	100-104	0.45676	0.91201	1.71	212	193	423	455	2.15
1975	105-109	0.56702	0.95226	1.51	19	18	31	33	1.75
1975	110+	0.65524	1.00000	1.53	1	1	1	1	1.53
1976	0	0.01719	0.01693	0.09	100000	1693	98461	6809464	68.09
1976	1-4	0.00082	0.00328	1.76	98307	322	392506	6711003	68.27
1976	5-9	0.00043	0.00216	2.02	97985	212	489291	6318497	64.48
1976	10-14	0.00035	0.00176	2.73	97773	172	488473	5829205	59.62
1976	15-19	0.00155	0.00772	2.76	97601	754	486318	5340732	54.72
1976	20-24	0.00200	0.00993	2.52	96847	962	481847	4854414	50.12
1976	25-29	0.00167	0.00831	2.61	95885	796	477521	4372567	45.60
1976	30-34	0.00208	0.01036	2.74	95089	985	473217	3895046	40.96
1976	35-39	0.00322	0.01597	2.64	94104	1503	466974	3421829	36.36
1976	40-44	0.00467	0.02309	2.67	92601	2138	458022	2954856	31.91
1976	45-49	0.00790	0.03877	2.66	90463	3507	444116	2496834	27.60
1976	50-54	0.01164	0.05668	2.67	86956	4928	423304	2052718	23.61
1976	55-59	0.01834	0.08781	2.59	82028	7202	392785	1629413	19.86
1976	60-64	0.02671	0.12542	2.58	74825	9385	351371	1236628	16.53
1976	65-69	0.03730	0.17127	2.62	65441	11208	300478	885258	13.53
1976	70-74	0.05370	0.23756	2.57	54233	12884	239907	584779	10.78
1976	75-79	0.08319	0.34384	2.48	41349	14217	170905	344872	8.34
1976	80-84	0.12383	0.46882	2.41	27132	12720	102722	173967	6.41
1976	85-89	0.17396	0.59081	2.29	14412	8515	48944	71245	4.94
1976	90-94	0.24399	0.72953	2.24	5897	4302	17633	22301	3.78
1976	95-99	0.32666	0.81930	1.96	1595	1307	4001	4668	2.93
1976	100-104	0.42232	0.89280	1.77	288	257	609	668	2.32
1976	105-109	0.52432	0.93892	1.58	31	29	55	58	1.89
1976	110+	0.60732	1.00000	1.65	2	2	3	3	1.65
1977	0	0.01719	0.01693	0.09	100000	1693	98461	6781999	67.82
1977	1-4	0.00077	0.00307	1.64	98307	302	392514	6683538	67.99
1977	5-9	0.00047	0.00236	2.54	98005	231	489456	6291024	64.19
1977	10-14	0.00059	0.00297	2.94	97774	290	488273	5801567	59.34
1977	15-19	0.00162	0.00807	2.86	97484	787	485736	5313294	54.50
1977	20-24	0.00197	0.00981	2.48	96697	949	481092	4827558	49.92
1977	25-29	0.00190	0.00946	2.56	95748	906	476527	4346465	45.39
1977	30-34	0.00207	0.01027	2.48	94842	974	471748	3869938	40.80
1977	35-39	0.00326	0.01616	2.71	93867	1517	465869	3398190	36.20
1977	40-44	0.00448	0.02219	2.67	92350	2050	456985	2932321	31.75
1977	45-49	0.00742	0.03648	2.63	90301	3294	443709	2475336	27.41
1977	50-54	0.01230	0.05973	2.61	87007	5197	422616	2031627	23.35
1977	55-59	0.01845	0.08842	2.64	81810	7233	391957	1609011	19.67
1977	60-64	0.02801	0.13136	2.63	74576	9797	349710	1217054	16.32
1977	65-69	0.03933	0.17962	2.59	64780	11636	295834	867344	13.39
1977	70-74	0.05632	0.24766	2.57	53144	13161	233674	571510	10.75
1977	75-79	0.07778	0.32530	2.49	39983	13006	167212	337836	8.45
1977	80-84	0.12180	0.46222	2.39	26976	12469	102369	170624	6.32
1977	85-89	0.18315	0.61400	2.32	14507	8908	48635	68255	4.70
1977	90-94	0.26338	0.74790	2.11	5600	4188	15902	19620	3.50
1977	95-99	0.36599	0.85585	1.89	1412	1208	3301	3718	2.63
1977	100-104	0.48052	0.92346	1.67	203	188	391	417	2.05
1977	105-109	0.59768	0.96012	1.47	16	15	25	26	1.66
1977	110+	0.68982	1.00000	1.45	1	1	1	1	1.45
1978	0	0.01482	0.01462	0.08	100000	1462	98662	6852617	68.53
1978	1-4	0.00073	0.00292	1.55	98538	288	393445	6753955	68.54
1978	5-9	0.00037	0.00184	2.59	98250	181	490813	6360510	64.74
1978	10-14	0.00041	0.00203	2.75	98069	199	489897	5869697	59.85
1978	15-19	0.00152	0.00756	2.79	97870	740	487714	5379800	54.97
1978	20-24	0.00205	0.01020	2.33	97130	991	483006	4892086	50.37
1978	25-29	0.00165	0.00820	2.41	96139	788	478658	4409080	45.86
1978	30-34	0.00200	0.00996	2.84	95351	949	474707	3930422	41.22
1978	35-39	0.00310	0.01538	2.61	94402	1452	468543	3455715	36.61
1978	40-44	0.00425	0.02104	2.67	92950	1956	460195	2987172	32.14
1978	45-49	0.00691	0.03401	2.71	90994	3095	447877	2526977	27.77
1978	50-54	0.01154	0.05620	2.72	87899	4940	428250	2079100	23.65
1978	55-59	0.01817	0.08711	2.62	82959	7226	397627	1650850	19.90
1978	60-64	0.02588	0.12200	2.65	75733	9239	356985	1253223	16.55
1978	65-69	0.03847	0.17611	2.6	66493	11710	304371	896238	13.48
1978	70-74	0.05493	0.24174	2.52	54783	13243	241092	591867	10.80
1978	75-79	0.07908	0.33018	2.5	41540	13716	173454	350775	8.44
1978	80-84	0.11949	0.45697	2.43	27824	12715	106407	177321	6.37
1978	85-89	0.18479	0.61012	2.22	15109	9219	49888	70914	4.69
1978	90-94	0.25772	0.74054	2.13	5891	4362	16927	21026	3.57
1978	95-99	0.35888	0.84988	1.9	1528	1299	3619	4099	2.68
1978	100-104	0.47088	0.91909	1.68	229	211	448	479	2.09
1978	105-109	0.58637	0.95742	1.48	19	18	30	31	1.70
1978	110+	0.67782	1.00000	1.48	1	1	1	1	1.48
1979	0	0.01297	0.01282	0.08	100000	1282	98820	6908064	69.08
1979	1-4	0.00073	0.00293	1.47	98718	290	394139	6809243	68.98
1979	5-9	0.00045	0.00223	2.58	98428	219	491612	6415104	65.18
1979	10-14	0.00051	0.00256	2.6	98209	251	490442	5923492	60.32
1979	15-19	0.00147	0.00730	2.86	97958	715	488258	5433050	55.46
1979	20-24	0.00180	0.00894	2.36	97242	870	483919	4944792	50.85
1979	25-29	0.00208	0.01035	2.32	96373	997	479190	4460873	46.29
1979	30-34	0.00188	0.00934	2.5	95375	891	474653	3981682	41.75
1979	35-39	0.00260	0.01292	2.69	94484	1221	469606	3507029	37.12
1979	40-44	0.00404	0.01999	2.66	93263	1865	461958	3037423	32.57
1979	45-49	0.00702	0.03455	2.68	91399	3158	449676	2575465	28.18
1979	50-54	0.01128	0.05496	2.72	88241	4850	430124	2125789	24.09
1979	55-59	0.01696	0.08153	2.65	83391	6799	400970	1695665	20.33
1979	60-64	0.02537	0.11955	2.6	76592	9156	360968	1294696	16.90
1979	65-69	0.03783	0.17310	2.55	67436	11673	308546	933727	13.85
1979	70-74	0.05274	0.23398	2.59	55763	13048	247381	625181	11.21
1979	75-79	0.07354	0.31117	2.53	42715	13292	180749	377800	8.84
1979	80-84	0.11176	0.43477	2.45	29424	12793	114470	197051	6.70
1979	85-89	0.17425	0.59508	2.34	16631	9897	56797	82581	4.97
1979	90-94	0.23610	0.70977	2.19	6734	4780	20244	25784	3.83
1979	95-99	0.33738	0.83097	1.95	1954	1624	4814	5540	2.83
1979	100-104	0.44619	0.90712	1.73	330	300	672	726	2.20
1979	105-109	0.56074	0.95082	1.52	31	29	52	54	1.77
1979	110+	0.65271	1.00000	1.53	2	2	2	2	1.53
1980	0	0.01467	0.01447	0.08	100000	1447	98675	6883390	68.83
1980	1-4	0.00067	0.00267	1.68	98553	263	393601	6784715	68.84
1980	5-9	0.00033	0.00165	2.05	98290	162	490969	6391113	65.02
1980	10-14	0.00046	0.00231	2.71	98127	227	490117	5900144	60.13
1980	15-19	0.00151	0.00751	2.93	97900	735	487979	5410027	55.26
1980	20-24	0.00210	0.01046	2.39	97165	1016	483174	4922049	50.66
1980	25-29	0.00200	0.00993	2.58	96149	955	478436	4438875	46.17
1980	30-34	0.00183	0.00909	2.49	95194	865	473798	3960439	41.60
1980	35-39	0.00252	0.01254	2.62	94329	1183	468833	3486641	36.96
1980	40-44	0.00423	0.02095	2.65	93146	1951	461144	3017808	32.40
1980	45-49	0.00655	0.03228	2.7	91194	2943	449216	2556665	28.04
1980	50-54	0.01096	0.05343	2.63	88251	4715	430096	2107448	23.88
1980	55-59	0.01707	0.08206	2.66	83536	6855	401641	1677352	20.08
1980	60-64	0.02557	0.12045	2.59	76681	9236	361136	1275711	16.64
1980	65-69	0.03767	0.17272	2.6	67445	11649	309216	914575	13.56
1980	70-74	0.05569	0.24454	2.51	55796	13644	245003	605359	10.85
1980	75-79	0.07749	0.32371	2.46	42152	13645	176087	360356	8.55
1980	80-84	0.11924	0.45868	2.49	28507	13076	109659	184269	6.46
1980	85-89	0.17839	0.59692	2.23	15432	9211	51635	74610	4.83
1980	90-94	0.24694	0.72276	2.13	6220	4496	18206	22975	3.69
1980	95-99	0.34704	0.83944	1.93	1724	1448	4171	4769	2.77
1980	100-104	0.45487	0.91130	1.71	277	252	555	598	2.16
1980	105-109	0.56747	0.95252	1.51	25	23	41	43	1.75
1980	110+	0.65755	1.00000	1.52	1	1	2	2	1.52
1981	0	0.01284	0.01269	0.08	100000	1269	98832	6947364	69.47
1981	1-4	0.00063	0.00251	1.64	98731	248	394339	6848532	69.37
1981	5-9	0.00029	0.00146	2.29	98483	144	492024	6454194	65.54
1981	10-14	0.00038	0.00191	2.72	98339	187	491266	5962169	60.63
1981	15-19	0.00133	0.00661	2.76	98151	648	489308	5470903	55.74
1981	20-24	0.00170	0.00844	2.7	97503	823	485621	4981595	51.09
1981	25-29	0.00175	0.00871	2.29	96680	842	481115	4495974	46.50
1981	30-34	0.00185	0.00922	2.54	95838	884	477016	4014859	41.89
1981	35-39	0.00246	0.01225	2.56	94954	1163	471931	3537843	37.26
1981	40-44	0.00374	0.01853	2.61	93791	1738	464799	3065912	32.69
1981	45-49	0.00648	0.03192	2.7	92053	2938	453499	2601113	28.26
1981	50-54	0.01007	0.04917	2.65	89115	4382	435291	2147614	24.10
1981	55-59	0.01724	0.08283	2.63	84733	7018	407061	1712324	20.21
1981	60-64	0.02518	0.11871	2.6	77714	9225	366398	1305263	16.80
1981	65-69	0.03752	0.17202	2.58	68489	11781	313984	938865	13.71
1981	70-74	0.05338	0.23561	2.51	56708	13361	250281	624881	11.02
1981	75-79	0.07689	0.32103	2.43	43347	13916	180989	374600	8.64
1981	80-84	0.11931	0.45470	2.39	29431	13382	112170	193610	6.58
1981	85-89	0.17009	0.58543	2.34	16049	9396	55239	81440	5.07
1981	90-94	0.23080	0.70031	2.19	6653	4659	20188	26201	3.94
1981	95-99	0.31594	0.80836	1.98	1994	1612	5102	6013	3.02
1981	100-104	0.40928	0.88474	1.79	382	338	826	912	2.39
1981	105-109	0.50973	0.93370	1.61	44	41	81	86	1.94
1981	110+	0.59184	1.00000	1.69	3	3	5	5	1.69
1982	0	0.01320	0.01305	0.08	100000	1305	98800	6964915	69.65
1982	1-4	0.00073	0.00292	1.57	98695	288	394080	6866115	69.57
1982	5-9	0.00031	0.00156	2.39	98407	153	491636	6472035	65.77
1982	10-14	0.00038	0.00192	2.79	98254	188	490854	5980399	60.87
1982	15-19	0.00142	0.00706	2.88	98066	692	488864	5489545	55.98
1982	20-24	0.00194	0.00966	2.53	97374	941	484547	5000681	51.36
1982	25-29	0.00172	0.00859	2.61	96433	828	480188	4516134	46.83
1982	30-34	0.00183	0.00912	2.54	95605	872	475880	4035946	42.21
1982	35-39	0.00259	0.01289	2.61	94733	1221	470747	3560066	37.58
1982	40-44	0.00373	0.01847	2.67	93513	1727	463538	3089319	33.04
1982	45-49	0.00618	0.03048	2.69	91785	2797	452478	2625781	28.61
1982	50-54	0.01071	0.05226	2.68	88988	4651	434137	2173303	24.42
1982	55-59	0.01556	0.07497	2.57	84337	6323	406312	1739166	20.62
1982	60-64	0.02383	0.11263	2.57	78015	8787	368686	1332854	17.08
1982	65-69	0.03610	0.16584	2.55	69228	11481	318037	964168	13.93
1982	70-74	0.05303	0.23419	2.51	57747	13524	254998	646132	11.19
1982	75-79	0.07366	0.31092	2.49	44223	13750	186668	391134	8.84
1982	80-84	0.11552	0.44343	2.38	30473	13513	116978	204466	6.71
1982	85-89	0.16334	0.56312	2.24	16961	9551	58472	87488	5.16
1982	90-94	0.23459	0.70651	2.19	7410	5235	22316	29016	3.92
1982	95-99	0.30843	0.80036	2	2175	1741	5643	6700	3.08
1982	100-104	0.40048	0.87900	1.81	434	382	953	1057	2.43
1982	105-109	0.50018	0.93007	1.62	53	49	98	104	1.98
1982	110+	0.58193	1.00000	1.72	4	4	6	6	1.72
1983	0	0.01287	0.01272	0.08	100000	1272	98830	6945710	69.46
1983	1-4	0.00061	0.00245	1.82	98728	242	394386	6846880	69.35
1983	5-9	0.00025	0.00127	2.5	98486	125	492117	6452494	65.52
1983	10-14	0.00038	0.00190	2.83	98361	187	491398	5960377	60.60
1983	15-19	0.00146	0.00728	2.92	98174	715	489380	5468979	55.71
1983	20-24	0.00164	0.00818	2.62	97459	797	485395	4979599	51.09
1983	25-29	0.00174	0.00864	2.51	96662	835	481229	4494204	46.49
1983	30-34	0.00186	0.00925	2.69	95827	887	477086	4012975	41.88
1983	35-39	0.00238	0.01182	2.69	94940	1122	472112	3535889	37.24
1983	40-44	0.00376	0.01864	2.75	93819	1748	465152	3063777	32.66
1983	45-49	0.00615	0.03031	2.76	92070	2791	454104	2598625	28.22
1983	50-54	0.01039	0.05071	2.63	89279	4527	435660	2144521	24.02
1983	55-59	0.01631	0.07864	2.72	84752	6665	408552	1708861	20.16
1983	60-64	0.02563	0.12065	2.58	78087	9421	367590	1300309	16.65
1983	65-69	0.03775	0.17283	2.56	68666	11868	314414	932720	13.58
1983	70-74	0.05371	0.23682	2.5	56798	13451	250426	618306	10.89
1983	75-79	0.07954	0.33089	2.46	43347	14343	180315	367880	8.49
1983	80-84	0.12178	0.46392	2.43	29004	13456	110487	187565	6.47
1983	85-89	0.17390	0.59160	2.3	15548	9198	52894	77077	4.96
1983	90-94	0.23924	0.71300	2.17	6350	4527	18925	24183	3.81
1983	95-99	0.33159	0.82448	1.95	1822	1503	4531	5258	2.89
1983	100-104	0.43113	0.89820	1.75	320	287	666	727	2.27
1983	105-109	0.53675	0.94322	1.56	33	31	57	60	1.85
1983	110+	0.62237	1.00000	1.61	2	2	3	3	1.61
1984	0	0.01373	0.01356	0.08	100000	1356	98755	6991534	69.92
1984	1-4	0.00062	0.00248	1.92	98644	245	394068	6892779	69.87
1984	5-9	0.00025	0.00126	2.45	98399	124	491681	6498710	66.04
1984	10-14	0.00032	0.00162	2.94	98276	159	491051	6007029	61.12
1984	15-19	0.00120	0.00598	3.01	98117	587	489418	5515978	56.22
1984	20-24	0.00172	0.00857	2.53	97530	836	485590	5026560	51.54
1984	25-29	0.00156	0.00779	2.51	96694	753	481598	4540970	46.96
1984	30-34	0.00179	0.00891	2.5	95941	855	477571	4059371	42.31
1984	35-39	0.00232	0.01153	2.58	95086	1096	472780	3581800	37.67
1984	40-44	0.00332	0.01646	2.76	93990	1547	466488	3109020	33.08
1984	45-49	0.00612	0.03020	2.75	92443	2792	455934	2642532	28.59
1984	50-54	0.01027	0.05015	2.67	89651	4496	437790	2186598	24.39
1984	55-59	0.01532	0.07406	2.74	85155	6306	411531	1748808	20.54
1984	60-64	0.02485	0.11709	2.53	78848	9232	371438	1337277	16.96
1984	65-69	0.03560	0.16400	2.6	69616	11417	320691	965838	13.87
1984	70-74	0.05288	0.23337	2.48	58199	13582	256825	645148	11.09
1984	75-79	0.07703	0.32320	2.51	44617	14420	187215	388322	8.70
1984	80-84	0.11780	0.45105	2.4	30197	13620	115621	201108	6.66
1984	85-89	0.16524	0.57062	2.29	16577	9459	57245	85487	5.16
1984	90-94	0.22717	0.69785	2.24	7118	4967	21865	28241	3.97
1984	95-99	0.32161	0.81464	1.97	2151	1752	5448	6376	2.96
1984	100-104	0.41964	0.89152	1.77	399	355	847	929	2.33
1984	105-109	0.52460	0.93923	1.58	43	41	77	82	1.89
1984	110+	0.61009	1.00000	1.64	3	3	4	4	1.64
1985	0	0.01377	0.01360	0.08	100000	1360	98752	6998446	69.98
1985	1-4	0.00050	0.00199	1.52	98640	196	394075	6899694	69.95
1985	5-9	0.00027	0.00136	2.37	98444	134	491868	6505620	66.08
1985	10-14	0.00028	0.00142	2.55	98310	140	491208	6013751	61.17
1985	15-19	0.00113	0.00561	2.84	98170	551	489658	5522543	56.25
1985	20-24	0.00155	0.00774	2.53	97619	755	486228	5032885	51.56
1985	25-29	0.00140	0.00697	2.27	96864	676	482476	4546657	46.94
1985	30-34	0.00166	0.00827	2.58	96188	795	479018	4064181	42.25
1985	35-39	0.00240	0.01194	2.54	95393	1139	474163	3585162	37.58
1985	40-44	0.00354	0.01754	2.76	94254	1653	467574	3110999	33.01
1985	45-49	0.00547	0.02703	2.7	92601	2503	457258	2643425	28.55
1985	50-54	0.01007	0.04917	2.66	90099	4430	440122	2186167	24.26
1985	55-59	0.01597	0.07705	2.71	85669	6601	413250	1746045	20.38
1985	60-64	0.02338	0.11065	2.59	79068	8749	374220	1332795	16.86
1985	65-69	0.03753	0.17188	2.56	70319	12087	322051	958575	13.63
1985	70-74	0.05418	0.23871	2.51	58232	13900	256557	636523	10.93
1985	75-79	0.07670	0.32150	2.49	44332	14252	185816	379966	8.57
1985	80-84	0.11964	0.45993	2.49	30079	13834	115634	194150	6.45
1985	85-89	0.17445	0.59633	2.35	16245	9687	55530	78516	4.83
1985	90-94	0.26394	0.76244	2.23	6558	5000	18943	22985	3.51
1985	95-99	0.37169	0.86094	1.88	1558	1341	3608	4042	2.59
1985	100-104	0.49226	0.92874	1.65	217	201	409	434	2.00
1985	105-109	0.61443	0.96393	1.44	15	15	24	25	1.62
1985	110+	0.70938	1.00000	1.41	1	1	1	1	1.41
1986	0	0.01055	0.01045	0.07	100000	1045	99032	6998431	69.98
1986	1-4	0.00048	0.00193	1.49	98955	191	395343	6899399	69.72
1986	5-9	0.00038	0.00188	2.48	98764	186	493354	6504056	65.85
1986	10-14	0.00031	0.00153	2.97	98579	151	492588	6010703	60.97
1986	15-19	0.00131	0.00655	2.88	98428	644	490777	5518115	56.06
1986	20-24	0.00179	0.00891	2.53	97784	871	486764	5027338	51.41
1986	25-29	0.00173	0.00860	2.46	96912	834	482448	4540574	46.85
1986	30-34	0.00197	0.00982	2.54	96079	943	478074	4058125	42.24
1986	35-39	0.00228	0.01133	2.65	95135	1078	473141	3580051	37.63
1986	40-44	0.00347	0.01720	2.82	94057	1617	466764	3106910	33.03
1986	45-49	0.00575	0.02840	2.72	92440	2625	456214	2640146	28.56
1986	50-54	0.01023	0.04994	2.66	89815	4485	438560	2183933	24.32
1986	55-59	0.01510	0.07293	2.69	85330	6223	412275	1745373	20.45
1986	60-64	0.02488	0.11731	2.57	79106	9280	372967	1333098	16.85
1986	65-69	0.03480	0.16037	2.55	69826	11198	321752	960130	13.75
1986	70-74	0.05436	0.23983	2.55	58628	14061	258636	638378	10.89
1986	75-79	0.08004	0.33331	2.49	44568	14855	185587	379742	8.52
1986	80-84	0.11610	0.44633	2.41	29713	13262	114225	194155	6.53
1986	85-89	0.17449	0.59080	2.27	16451	9719	55700	79930	4.86
1986	90-94	0.25844	0.73854	2.1	6732	4972	19237	24230	3.60
1986	95-99	0.33748	0.83058	1.94	1760	1462	4332	4993	2.84
1986	100-104	0.44234	0.90474	1.73	298	270	610	661	2.22
1986	105-109	0.55288	0.94838	1.54	28	27	49	51	1.80
1986	110+	0.64194	1.00000	1.56	1	1	2	2	1.56
1987	0	0.01164	0.01152	0.08	100000	1152	98936	7009799	70.10
1987	1-4	0.00068	0.00270	1.91	98848	267	394836	6910863	69.91
1987	5-9	0.00029	0.00143	2.78	98581	141	492594	6516027	66.10
1987	10-14	0.00041	0.00203	3.16	98440	200	491833	6023433	61.19
1987	15-19	0.00124	0.00619	2.78	98240	608	489852	5531600	56.31
1987	20-24	0.00183	0.00908	2.46	97632	887	485908	5041747	51.64
1987	25-29	0.00180	0.00895	2.51	96745	866	481568	4555839	47.09
1987	30-34	0.00183	0.00912	2.53	95879	875	477237	4074270	42.49
1987	35-39	0.00229	0.01140	2.66	95004	1083	472482	3597034	37.86
1987	40-44	0.00352	0.01743	2.63	93922	1637	465730	3124552	33.27
1987	45-49	0.00580	0.02861	2.62	92284	2640	455139	2658822	28.81
1987	50-54	0.00951	0.04651	2.69	89644	4169	438597	2203682	24.58
1987	55-59	0.01527	0.07374	2.68	85475	6303	412748	1765086	20.65
1987	60-64	0.02312	0.10949	2.59	79172	8669	374955	1352338	17.08
1987	65-69	0.03636	0.16680	2.53	70503	11760	323417	977383	13.86
1987	70-74	0.05208	0.23090	2.55	58743	13564	260428	653966	11.13
1987	75-79	0.07629	0.31987	2.48	45179	14451	189439	393538	8.71
1987	80-84	0.11732	0.45059	2.43	30728	13846	118016	204099	6.64
1987	85-89	0.16635	0.57607	2.33	16882	9725	58462	86083	5.10
1987	90-94	0.23760	0.70946	2.16	7157	5078	21370	27621	3.86
1987	95-99	0.31685	0.80956	1.98	2079	1683	5313	6251	3.01
1987	100-104	0.41245	0.88695	1.79	396	351	852	938	2.37
1987	105-109	0.51525	0.93585	1.6	45	42	81	86	1.92
1987	110+	0.59921	1.00000	1.67	3	3	5	5	1.67
1988	0	0.01237	0.01223	0.08	100000	1223	98873	7017210	70.17
1988	1-4	0.00051	0.00202	1.94	98777	200	394697	6918337	70.04
1988	5-9	0.00022	0.00107	2.18	98577	106	492588	6523640	66.18
1988	10-14	0.00038	0.00191	3.05	98471	188	491990	6031053	61.25
1988	15-19	0.00133	0.00666	2.86	98284	654	490019	5539062	56.36
1988	20-24	0.00162	0.00808	2.48	97629	788	486161	5049043	51.72
1988	25-29	0.00175	0.00872	2.49	96841	844	482088	4562882	47.12
1988	30-34	0.00186	0.00927	2.54	95997	890	477795	4080793	42.51
1988	35-39	0.00250	0.01240	2.51	95107	1180	472598	3602998	37.88
1988	40-44	0.00327	0.01621	2.64	93927	1522	466043	3130400	33.33
1988	45-49	0.00525	0.02592	2.74	92405	2395	456616	2664357	28.83
1988	50-54	0.00894	0.04381	2.66	90009	3943	440833	2207741	24.53
1988	55-59	0.01558	0.07515	2.66	86066	6468	415206	1766909	20.53
1988	60-64	0.02323	0.11009	2.63	79598	8763	377205	1351702	16.98
1988	65-69	0.03712	0.17016	2.56	70835	12053	324747	974497	13.76
1988	70-74	0.05169	0.22962	2.57	58782	13498	261115	649750	11.05
1988	75-79	0.07931	0.33114	2.51	45284	14995	189064	388636	8.58
1988	80-84	0.11483	0.44251	2.41	30289	13403	116722	199572	6.59
1988	85-89	0.17392	0.59152	2.3	16886	9988	57429	82850	4.91
1988	90-94	0.24874	0.73171	2.19	6897	5047	20290	25421	3.69
1988	95-99	0.34576	0.83863	1.93	1851	1552	4488	5131	2.77
1988	100-104	0.45617	0.91218	1.71	299	272	597	643	2.15
1988	105-109	0.57146	0.95371	1.51	26	25	44	46	1.74
1988	110+	0.66351	1.00000	1.51	1	1	2	2	1.51
1989	0	0.01106	0.01095	0.07	100000	1095	98987	7047167	70.47
1989	1-4	0.00060	0.00240	1.83	98905	237	395105	6948180	70.25
1989	5-9	0.00028	0.00139	2.08	98668	137	492938	6553075	66.42
1989	10-14	0.00034	0.00169	2.85	98531	166	492295	6060137	61.51
1989	15-19	0.00129	0.00643	2.97	98364	633	490536	5567841	56.60
1989	20-24	0.00152	0.00756	2.66	97732	738	486927	5077305	51.95
1989	25-29	0.00174	0.00866	2.54	96993	840	482897	4590378	47.33
1989	30-34	0.00192	0.00958	2.69	96153	921	478637	4107481	42.72
1989	35-39	0.00218	0.01087	2.72	95232	1035	473804	3628845	38.11
1989	40-44	0.00364	0.01804	2.71	94197	1699	467092	3155040	33.49
1989	45-49	0.00550	0.02718	2.69	92498	2514	456674	2687948	29.06
1989	50-54	0.00939	0.04599	2.75	89984	4139	440625	2231275	24.80
1989	55-59	0.01441	0.06966	2.63	85845	5980	415037	1790650	20.86
1989	60-64	0.02250	0.10687	2.65	79866	8535	379303	1375613	17.22
1989	65-69	0.03495	0.16103	2.56	71330	11487	328671	996309	13.97
1989	70-74	0.05303	0.23537	2.62	59844	14086	265640	667638	11.16
1989	75-79	0.07676	0.32101	2.45	45758	14689	191365	401998	8.79
1989	80-84	0.10844	0.42383	2.42	31069	13168	121429	210634	6.78
1989	85-89	0.16649	0.57522	2.31	17901	10297	61849	89204	4.98
1989	90-94	0.25773	0.74612	2.18	7604	5674	22014	27356	3.60
1989	95-99	0.34607	0.83952	1.93	1931	1621	4683	5342	2.77
1989	100-104	0.46166	0.91527	1.7	310	284	614	659	2.13
1989	105-109	0.58202	0.95663	1.49	26	25	43	45	1.71
1989	110+	0.67752	1.00000	1.48	1	1	2	2	1.48
1990	0	0.01022	0.01012	0.07	100000	1012	99061	7083103	70.83
1990	1-4	0.00055	0.00221	1.74	98988	219	395456	6984042	70.55
1990	5-9	0.00032	0.00161	2.07	98769	159	493375	6588586	66.71
1990	10-14	0.00022	0.00111	3.08	98609	110	492835	6095211	61.81
1990	15-19	0.00137	0.00680	2.64	98499	670	490916	5602376	56.88
1990	20-24	0.00169	0.00839	2.6	97829	821	487176	5111460	52.25
1990	25-29	0.00184	0.00916	2.61	97008	889	482915	4624285	47.67
1990	30-34	0.00207	0.01032	2.67	96119	992	478289	4141369	43.09
1990	35-39	0.00242	0.01204	2.68	95128	1145	472977	3663080	38.51
1990	40-44	0.00315	0.01564	2.59	93982	1470	466369	3190103	33.94
1990	45-49	0.00474	0.02346	2.69	92512	2170	457548	2723733	29.44
1990	50-54	0.00851	0.04173	2.64	90342	3770	442820	2266186	25.08
1990	55-59	0.01429	0.06923	2.76	86572	5993	419441	1823366	21.06
1990	60-64	0.02174	0.10344	2.66	80578	8335	383397	1403925	17.42
1990	65-69	0.03338	0.15429	2.55	72243	11147	333883	1020527	14.13
1990	70-74	0.05051	0.22501	2.58	61097	13748	272177	686644	11.24
1990	75-79	0.07571	0.31808	2.49	47349	15061	198921	414467	8.75
1990	80-84	0.11563	0.44755	2.48	32288	14451	124972	215545	6.68
1990	85-89	0.16556	0.57530	2.35	17838	10262	61983	90573	5.08
1990	90-94	0.24142	0.72701	2.26	7576	5508	22814	28590	3.77
1990	95-99	0.34289	0.83615	1.94	2068	1729	5043	5776	2.79
1990	100-104	0.45363	0.91100	1.72	339	309	680	733	2.16
1990	105-109	0.56956	0.95326	1.51	30	29	50	53	1.74
1990	110+	0.66220	1.00000	1.51	1	1	2	2	1.51
1991	0	0.01109	0.01097	0.07	100000	1097	98985	7079946	70.80
1991	1-4	0.00062	0.00246	1.76	98903	243	395065	6980962	70.58
1991	5-9	0.00031	0.00155	2.4	98659	153	492899	6585897	66.75
1991	10-14	0.00047	0.00232	2.87	98506	229	492044	6092998	61.85
1991	15-19	0.00117	0.00583	2.75	98277	573	490097	5600954	56.99
1991	20-24	0.00168	0.00836	2.3	97704	817	486319	5110857	52.31
1991	25-29	0.00167	0.00833	2.39	96887	807	482326	4624538	47.73
1991	30-34	0.00197	0.00980	2.7	96080	941	478235	4142212	43.11
1991	35-39	0.00246	0.01222	2.59	95139	1162	472893	3663977	38.51
1991	40-44	0.00329	0.01630	2.59	93976	1531	466185	3191084	33.96
1991	45-49	0.00523	0.02587	2.8	92445	2392	456958	2724899	29.48
1991	50-54	0.00796	0.03911	2.77	90053	3522	442428	2267941	25.18
1991	55-59	0.01405	0.06803	2.66	86531	5887	418910	1825513	21.10
1991	60-64	0.02164	0.10287	2.6	80645	8296	383333	1406603	17.44
1991	65-69	0.03441	0.15898	2.61	72349	11502	334262	1023270	14.14
1991	70-74	0.05006	0.22270	2.52	60847	13550	270667	689008	11.32
1991	75-79	0.07286	0.30711	2.45	47296	14525	199372	418341	8.85
1991	80-84	0.11357	0.44057	2.46	32771	14438	127124	218969	6.68
1991	85-89	0.16670	0.57543	2.31	18333	10549	63283	91845	5.01
1991	90-94	0.25261	0.72824	2.09	7784	5668	22439	28562	3.67
1991	95-99	0.32986	0.82343	1.96	2115	1742	5280	6123	2.89
1991	100-104	0.43422	0.90041	1.75	373	336	774	842	2.25
1991	105-109	0.54500	0.94608	1.55	37	35	65	68	1.82
1991	110+	0.63458	1.00000	1.58	2	2	3	3	1.58
1992	0	0.00996	0.00987	0.07	100000	987	99084	7122167	71.22
1992	1-4	0.00048	0.00193	1.69	99013	191	395610	7023083	70.93
1992	5-9	0.00026	0.00129	2.81	98822	127	493831	6627473	67.06
1992	10-14	0.00033	0.00166	2.71	98695	164	493099	6133642	62.15
1992	15-19	0.00134	0.00669	2.68	98531	659	491125	5640543	57.25
1992	20-24	0.00147	0.00733	2.35	97872	718	487456	5149418	52.61
1992	25-29	0.00152	0.00756	2.55	97154	735	483973	4661962	47.99
1992	30-34	0.00171	0.00854	2.63	96419	823	480148	4177989	43.33
1992	35-39	0.00259	0.01285	2.61	95596	1228	475044	3697841	38.68
1992	40-44	0.00354	0.01756	2.64	94368	1657	467925	3222798	34.15
1992	45-49	0.00495	0.02449	2.82	92711	2270	458600	2754872	29.71
1992	50-54	0.00851	0.04171	2.64	90441	3772	443287	2296273	25.39
1992	55-59	0.01333	0.06462	2.65	86668	5600	420174	1852986	21.38
1992	60-64	0.02153	0.10221	2.53	81068	8286	384860	1432812	17.67
1992	65-69	0.03281	0.15212	2.61	72782	11072	337476	1047952	14.40
1992	70-74	0.04741	0.21253	2.57	61710	13115	276647	710477	11.51
1992	75-79	0.07324	0.31050	2.55	48595	15089	206011	433830	8.93
1992	80-84	0.10818	0.42277	2.42	33506	14165	130937	227818	6.80
1992	85-89	0.16652	0.57993	2.38	19341	11216	67357	96882	5.01
1992	90-94	0.25268	0.74665	2.26	8124	6066	24007	29525	3.63
1992	95-99	0.35817	0.85050	1.91	2058	1751	4888	5518	2.68
1992	100-104	0.48045	0.92413	1.67	308	284	592	630	2.05
1992	105-109	0.60579	0.96228	1.45	23	22	37	38	1.64
1992	110+	0.70369	1.00000	1.42	1	1	1	1	1.42
1993	0	0.00923	0.00915	0.07	100000	915	99149	7101591	71.02
1993	1-4	0.00052	0.00209	1.79	99085	207	395884	7002442	70.67
1993	5-9	0.00022	0.00109	2.82	98879	108	494158	6606558	66.81
1993	10-14	0.00029	0.00144	2.75	98771	142	493534	6112400	61.88
1993	15-19	0.00138	0.00686	2.88	98629	676	491707	5618866	56.97
1993	20-24	0.00148	0.00739	2.71	97952	724	488102	5127159	52.34
1993	25-29	0.00149	0.00741	2.75	97229	720	484521	4639057	47.71
1993	30-34	0.00196	0.00976	2.48	96509	942	480173	4154536	43.05
1993	35-39	0.00258	0.01282	2.64	95567	1225	474944	3674363	38.45
1993	40-44	0.00355	0.01759	2.68	94341	1659	467857	3199419	33.91
1993	45-49	0.00556	0.02744	2.67	92682	2543	457492	2731562	29.47
1993	50-54	0.00800	0.03925	2.63	90139	3538	442327	2274070	25.23
1993	55-59	0.01384	0.06699	2.64	86601	5801	419294	1831743	21.15
1993	60-64	0.02242	0.10637	2.6	80800	8595	383356	1412449	17.48
1993	65-69	0.03222	0.14962	2.62	72205	10803	335318	1029093	14.25
1993	70-74	0.04919	0.21975	2.57	61402	13493	274278	693775	11.30
1993	75-79	0.07632	0.32167	2.56	47909	15411	201916	419498	8.76
1993	80-84	0.11239	0.43509	2.41	32498	14140	125810	217581	6.70
1993	85-89	0.17563	0.59795	2.33	18358	10977	62505	91771	5.00
1993	90-94	0.22486	0.68893	2.19	7381	5085	22613	29266	3.97
1993	95-99	0.32952	0.82305	1.96	2296	1890	5735	6653	2.90
1993	100-104	0.43337	0.89990	1.75	406	366	844	918	2.26
1993	105-109	0.54366	0.94565	1.55	41	38	71	74	1.83
1993	110+	0.63289	1.00000	1.58	2	2	3	3	1.58
1994	0	0.00856	0.00849	0.07	100000	849	99209	7132550	71.33
1994	1-4	0.00049	0.00196	1.72	99151	194	396162	7033341	70.94
1994	5-9	0.00019	0.00093	1.94	98957	92	494502	6637180	67.07
1994	10-14	0.00028	0.00140	3.01	98865	138	494047	6142678	62.13
1994	15-19	0.00118	0.00587	2.75	98726	580	492325	5648631	57.22
1994	20-24	0.00145	0.00720	2.65	98146	707	489067	5156306	52.54
1994	25-29	0.00146	0.00726	2.44	97439	707	485388	4667239	47.90
1994	30-34	0.00225	0.01117	2.53	96732	1081	480994	4181851	43.23
1994	35-39	0.00246	0.01224	2.61	95651	1171	475460	3700857	38.69
1994	40-44	0.00333	0.01654	2.63	94481	1562	468699	3225397	34.14
1994	45-49	0.00485	0.02399	2.74	92918	2229	459552	2756698	29.67
1994	50-54	0.00813	0.03994	2.74	90690	3622	445256	2297146	25.33
1994	55-59	0.01387	0.06726	2.75	87068	5856	422135	1851890	21.27
1994	60-64	0.02107	0.10027	2.59	81212	8143	386464	1429755	17.61
1994	65-69	0.03257	0.15117	2.63	73069	11046	339151	1043291	14.28
1994	70-74	0.04872	0.21800	2.59	62023	13521	277543	704140	11.35
1994	75-79	0.07316	0.30837	2.46	48501	14956	204444	426597	8.80
1994	80-84	0.11202	0.43523	2.44	33545	14600	130331	222153	6.62
1994	85-89	0.17134	0.58120	2.23	18945	11011	64263	91822	4.85
1994	90-94	0.26652	0.75253	2.11	7934	5971	22402	27558	3.47
1994	95-99	0.36656	0.85718	1.9	1963	1683	4592	5157	2.63
1994	100-104	0.48879	0.92752	1.66	280	260	532	565	2.02
1994	105-109	0.61310	0.96376	1.44	20	20	32	33	1.62
1994	110+	0.70973	1.00000	1.41	1	1	1	1	1.41
1995	0	0.00882	0.00875	0.07	100000	875	99185	7128555	71.29
1995	1-4	0.00051	0.00202	1.88	99125	201	396076	7029370	70.91
1995	5-9	0.00023	0.00114	2.47	98925	113	494337	6633294	67.05
1995	10-14	0.00031	0.00154	2.98	98811	153	493749	6138957	62.13
1995	15-19	0.00129	0.00642	2.73	98659	633	491854	5645208	57.22
1995	20-24	0.00146	0.00729	2.43	98026	714	488296	5153354	52.57
1995	25-29	0.00146	0.00729	2.49	97311	709	484778	4665058	47.94
1995	30-34	0.00218	0.01086	2.53	96602	1050	480417	4180280	43.27
1995	35-39	0.00263	0.01305	2.64	95552	1247	474824	3699863	38.72
1995	40-44	0.00364	0.01805	2.73	94306	1703	467665	3225039	34.20
1995	45-49	0.00516	0.02549	2.69	92603	2361	457568	2757374	29.78
1995	50-54	0.00860	0.04215	2.63	90242	3804	442200	2299806	25.48
1995	55-59	0.01279	0.06209	2.66	86438	5367	419635	1857606	21.49
1995	60-64	0.02045	0.09744	2.59	81071	7900	386307	1437971	17.74
1995	65-69	0.03156	0.14668	2.6	73171	10733	340049	1051664	14.37
1995	70-74	0.04852	0.21699	2.57	62439	13549	279217	711615	11.40
1995	75-79	0.07434	0.31423	2.54	48890	15363	206659	432398	8.84
1995	80-84	0.10877	0.42527	2.44	33527	14258	131086	225739	6.73
1995	85-89	0.16955	0.58213	2.31	19269	11217	66160	94653	4.91
1995	90-94	0.25957	0.74193	2.11	8052	5974	23015	28493	3.54
1995	95-99	0.36486	0.85606	1.9	2078	1779	4876	5478	2.64
1995	100-104	0.48897	0.92775	1.66	299	277	568	602	2.01
1995	105-109	0.61521	0.96427	1.44	22	21	34	35	1.62
1995	110+	0.71314	1.00000	1.4	1	1	1	1	1.40
1996	0	0.00859	0.00852	0.07	100000	852	99206	7158482	71.58
1996	1-4	0.00049	0.00195	1.74	99148	193	396156	7059276	71.20
1996	5-9	0.00033	0.00167	2.64	98955	165	494384	6663121	67.34
1996	10-14	0.00021	0.00107	2.89	98790	105	493727	6168736	62.44
1996	15-19	0.00126	0.00631	2.91	98684	622	492119	5675009	57.51
1996	20-24	0.00131	0.00653	2.58	98062	641	488761	5182891	52.85
1996	25-29	0.00160	0.00795	2.6	97421	775	485247	4694130	48.18
1996	30-34	0.00193	0.00962	2.6	96646	930	480997	4208883	43.55
1996	35-39	0.00246	0.01221	2.7	95716	1169	475894	3727886	38.95
1996	40-44	0.00345	0.01709	2.59	94547	1615	468851	3251992	34.40
1996	45-49	0.00525	0.02594	2.61	92932	2410	458889	2783141	29.95
1996	50-54	0.00802	0.03936	2.7	90522	3563	444399	2324252	25.68
1996	55-59	0.01242	0.06032	2.65	86959	5246	422481	1879853	21.62
1996	60-64	0.02206	0.10480	2.63	81713	8564	388248	1457372	17.84
1996	65-69	0.03015	0.14078	2.65	73150	10298	341593	1069124	14.62
1996	70-74	0.04797	0.21510	2.6	62851	13519	281826	727531	11.58
1996	75-79	0.06958	0.29735	2.56	49332	14669	210826	445705	9.03
1996	80-84	0.11192	0.43633	2.48	34663	15124	135133	234879	6.78
1996	85-89	0.16350	0.56958	2.34	19539	11129	68064	99746	5.11
1996	90-94	0.24037	0.71486	2.17	8410	6012	25011	31682	3.77
1996	95-99	0.34417	0.83766	1.94	2398	2009	5836	6671	2.78
1996	100-104	0.45805	0.91342	1.71	389	356	776	834	2.14
1996	105-109	0.57694	0.95531	1.5	34	32	56	58	1.72
1996	110+	0.67156	1.00000	1.49	2	2	2	2	1.49
1997	0	0.00889	0.00882	0.07	100000	882	99179	7166339	71.66
1997	1-4	0.00047	0.00187	1.62	99118	186	396032	7067160	71.30
1997	5-9	0.00026	0.00128	2.65	98933	126	494367	6671127	67.43
1997	10-14	0.00028	0.00139	2.44	98806	137	493681	6176761	62.51
1997	15-19	0.00128	0.00641	3.05	98669	632	492112	5683079	57.60
1997	20-24	0.00150	0.00748	2.51	98037	733	488364	5190967	52.95
1997	25-29	0.00157	0.00780	2.47	97304	759	484600	4702603	48.33
1997	30-34	0.00190	0.00944	2.61	96546	911	480547	4218003	43.69
1997	35-39	0.00251	0.01246	2.59	95635	1191	475302	3737456	39.08
1997	40-44	0.00313	0.01556	2.66	94443	1469	468784	3262154	34.54
1997	45-49	0.00492	0.02434	2.67	92974	2263	459590	2793369	30.04
1997	50-54	0.00836	0.04101	2.68	90711	3720	444936	2333779	25.73
1997	55-59	0.01207	0.05867	2.65	86991	5104	422982	1888843	21.71
1997	60-64	0.02002	0.09562	2.65	81887	7830	391031	1465861	17.90
1997	65-69	0.03051	0.14215	2.6	74057	10527	344996	1074830	14.51
1997	70-74	0.04831	0.21605	2.56	63530	13726	284116	729834	11.49
1997	75-79	0.07010	0.29910	2.55	49804	14896	212512	445718	8.95
1997	80-84	0.10852	0.42613	2.48	34908	14875	137075	233206	6.68
1997	85-89	0.17312	0.59219	2.33	20033	11863	68526	96131	4.80
1997	90-94	0.27273	0.76100	2.1	8169	6217	22795	27605	3.38
1997	95-99	0.39271	0.87779	1.85	1952	1714	4364	4810	2.46
1997	100-104	0.52932	0.94303	1.59	239	225	425	446	1.87
1997	105-109	0.66286	0.97298	1.37	14	13	20	20	1.50
1997	110+	0.76218	1.00000	1.31	0	0	0	0	1.31
1998	0	0.00829	0.00823	0.07	100000	823	99233	7223730	72.24
1998	1-4	0.00043	0.00172	1.66	99177	171	396309	7124498	71.84
1998	5-9	0.00022	0.00112	2.09	99006	111	494708	6728189	67.96
1998	10-14	0.00026	0.00129	2.95	98895	127	494215	6233481	63.03
1998	15-19	0.00112	0.00558	3	98768	551	492736	5739266	58.11
1998	20-24	0.00128	0.00639	2.63	98216	628	489595	5246530	53.42
1998	25-29	0.00148	0.00738	2.51	97589	720	486149	4756935	48.74
1998	30-34	0.00181	0.00901	2.55	96869	873	482207	4270786	44.09
1998	35-39	0.00236	0.01173	2.6	95996	1126	477279	3788579	39.47
1998	40-44	0.00338	0.01675	2.69	94870	1589	470677	3311300	34.90
1998	45-49	0.00466	0.02305	2.63	93281	2150	461308	2840623	30.45
1998	50-54	0.00709	0.03490	2.68	91131	3181	448290	2379316	26.11
1998	55-59	0.01232	0.05990	2.73	87951	5269	427803	1931025	21.96
1998	60-64	0.01922	0.09196	2.67	82682	7604	395662	1503223	18.18
1998	65-69	0.02973	0.13870	2.59	75079	10414	350270	1107561	14.75
1998	70-74	0.04635	0.20828	2.57	64665	13468	290597	757291	11.71
1998	75-79	0.06848	0.29287	2.53	51197	14994	218949	466694	9.12
1998	80-84	0.10817	0.42560	2.5	36203	15408	142434	247746	6.84
1998	85-89	0.16336	0.57059	2.36	20795	11865	72633	105311	5.06
1998	90-94	0.24992	0.73154	2.17	8930	6532	26137	32678	3.66
1998	95-99	0.35132	0.84452	1.93	2397	2025	5763	6541	2.73
1998	100-104	0.47106	0.91990	1.69	373	343	728	778	2.09
1998	105-109	0.59482	0.95980	1.47	30	29	48	50	1.67
1998	110+	0.69221	1.00000	1.44	1	1	2	2	1.44
1999	0	0.00883	0.00876	0.07	100000	876	99184	7208264	72.08
1999	1-4	0.00033	0.00132	1.52	99124	131	396172	7109080	71.72
1999	5-9	0.00022	0.00108	2.23	98993	107	494669	6712907	67.81
1999	10-14	0.00028	0.00142	2.94	98886	141	494139	6218239	62.88
1999	15-19	0.00111	0.00552	2.98	98745	545	492625	5724099	57.97
1999	20-24	0.00120	0.00596	2.48	98200	585	489525	5231474	53.27
1999	25-29	0.00142	0.00707	2.55	97614	690	486380	4741949	48.58
1999	30-34	0.00171	0.00852	2.5	96925	826	482559	4255569	43.91
1999	35-39	0.00239	0.01187	2.6	96099	1141	477753	3773010	39.26
1999	40-44	0.00317	0.01573	2.56	94958	1494	471152	3295257	34.70
1999	45-49	0.00477	0.02361	2.7	93464	2207	462255	2824105	30.22
1999	50-54	0.00743	0.03650	2.67	91258	3331	448521	2361850	25.88
1999	55-59	0.01256	0.06104	2.72	87927	5367	427385	1913328	21.76
1999	60-64	0.01946	0.09305	2.66	82560	7682	394817	1485943	18.00
1999	65-69	0.03021	0.14086	2.6	74878	10548	349124	1091126	14.57
1999	70-74	0.04587	0.20633	2.57	64330	13273	289377	742003	11.53
1999	75-79	0.07004	0.29899	2.56	51057	15265	217962	452625	8.87
1999	80-84	0.11245	0.43828	2.48	35791	15687	139498	234663	6.56
1999	85-89	0.17988	0.60858	2.34	20105	12235	68018	95165	4.73
1999	90-94	0.26524	0.75667	2.16	7870	5955	22450	27147	3.45
1999	95-99	0.39473	0.87891	1.84	1915	1683	4264	4697	2.45
1999	100-104	0.52914	0.94282	1.59	232	219	413	433	1.87
1999	105-109	0.66058	0.97255	1.37	13	13	20	20	1.51
1999	110+	0.75868	1.00000	1.32	0	0	0	0	1.32
2000	0	0.00843	0.00837	0.07	100000	837	99220	7212192	72.12
2000	1-4	0.00041	0.00162	1.61	99163	161	396270	7112972	71.73
2000	5-9	0.00018	0.00091	2.71	99003	90	494808	6716702	67.84
2000	10-14	0.00025	0.00125	3.01	98913	123	494320	6221894	62.90
2000	15-19	0.00112	0.00557	3.03	98790	550	492865	5727574	57.98
2000	20-24	0.00153	0.00763	2.55	98240	749	489362	5234709	53.29
2000	25-29	0.00163	0.00814	2.52	97490	794	485486	4745347	48.67
2000	30-34	0.00171	0.00850	2.68	96697	822	481575	4259861	44.05
2000	35-39	0.00227	0.01131	2.81	95875	1084	477000	3778287	39.41
2000	40-44	0.00370	0.01835	2.65	94791	1739	469861	3301287	34.83
2000	45-49	0.00495	0.02446	2.67	93051	2276	459944	2831426	30.43
2000	50-54	0.00735	0.03613	2.59	90775	3280	445983	2371481	26.12
2000	55-59	0.01183	0.05760	2.7	87495	5039	425888	1925498	22.01
2000	60-64	0.01884	0.09025	2.67	82456	7441	394941	1499611	18.19
2000	65-69	0.02927	0.13670	2.58	75014	10255	350298	1104670	14.73
2000	70-74	0.04470	0.20156	2.57	64760	13053	292026	754372	11.65
2000	75-79	0.06979	0.29665	2.47	51707	15339	219778	462346	8.94
2000	80-84	0.10872	0.42676	2.48	36368	15520	142753	242568	6.67
2000	85-89	0.17410	0.59484	2.34	20848	12401	71228	99815	4.79
2000	90-94	0.27216	0.76180	2.11	8447	6435	23643	28588	3.38
2000	95-99	0.39374	0.87851	1.85	2012	1768	4489	4944	2.46
2000	100-104	0.53062	0.94346	1.58	244	231	435	455	1.86
2000	105-109	0.66422	0.97319	1.37	14	13	20	21	1.50
2000	110+	0.76346	1.00000	1.31	0	0	0	0	1.31
2001	0	0.00677	0.00672	0.06	100000	672	99370	7224997	72.25
2001	1-4	0.00048	0.00191	1.6	99328	189	396857	7125627	71.74
2001	5-9	0.00019	0.00095	2.78	99138	94	495482	6728771	67.87
2001	10-14	0.00031	0.00154	2.39	99044	153	494821	6233288	62.93
2001	15-19	0.00094	0.00468	3.05	98891	463	493554	5738467	58.03
2001	20-24	0.00152	0.00755	2.49	98428	743	490274	5244913	53.29
2001	25-29	0.00156	0.00778	2.44	97685	760	486477	4754639	48.67
2001	30-34	0.00173	0.00860	2.72	96925	833	482725	4268163	44.04
2001	35-39	0.00236	0.01176	2.6	96092	1130	477748	3785437	39.39
2001	40-44	0.00362	0.01796	2.64	94962	1705	470779	3307690	34.83
2001	45-49	0.00529	0.02612	2.61	93257	2436	460465	2836910	30.42
2001	50-54	0.00780	0.03828	2.63	90821	3476	445867	2376445	26.17
2001	55-59	0.01248	0.06063	2.63	87344	5295	424176	1930578	22.10
2001	60-64	0.01828	0.08757	2.61	82049	7185	393103	1506403	18.36
2001	65-69	0.02864	0.13411	2.64	74864	10040	350584	1113300	14.87
2001	70-74	0.04460	0.20129	2.58	64823	13048	292542	762716	11.77
2001	75-79	0.06663	0.28614	2.53	51775	14815	222344	470174	9.08
2001	80-84	0.10853	0.42621	2.48	36960	15753	145148	247829	6.71
2001	85-89	0.17241	0.58890	2.31	21207	12489	72438	102682	4.84
2001	90-94	0.26465	0.75061	2.12	8718	6544	24727	30243	3.47
2001	95-99	0.38034	0.86856	1.87	2174	1889	4965	5517	2.54
2001	100-104	0.51165	0.93677	1.62	286	268	523	551	1.93
2001	105-109	0.64235	0.96953	1.4	18	18	27	28	1.55
2001	110+	0.74149	1.00000	1.35	1	1	1	1	1.35
2002	0	0.00807	0.00801	0.07	100000	801	99253	7201184	72.01
2002	1-4	0.00034	0.00134	1.29	99199	133	396437	7101931	71.59
2002	5-9	0.00014	0.00072	2.18	99066	71	495131	6705494	67.69
2002	10-14	0.00024	0.00120	3.14	98995	118	494757	6210363	62.73
2002	15-19	0.00117	0.00582	2.94	98877	575	493202	5715606	57.81
2002	20-24	0.00159	0.00793	2.55	98302	780	489598	5222404	53.13
2002	25-29	0.00169	0.00840	2.55	97522	820	485604	4732806	48.53
2002	30-34	0.00208	0.01033	2.6	96703	999	481121	4247202	43.92
2002	35-39	0.00247	0.01230	2.68	95704	1177	475785	3766081	39.35
2002	40-44	0.00381	0.01887	2.58	94527	1783	468315	3290296	34.81
2002	45-49	0.00526	0.02595	2.64	92743	2407	458030	2821981	30.43
2002	50-54	0.00749	0.03682	2.71	90336	3326	444061	2363952	26.17
2002	55-59	0.01245	0.06044	2.61	87010	5259	422506	1919890	22.07
2002	60-64	0.01852	0.08879	2.67	81751	7258	391818	1497384	18.32
2002	65-69	0.02940	0.13750	2.65	74493	10243	348363	1105566	14.84
2002	70-74	0.04391	0.19816	2.54	64250	12732	289977	757203	11.79
2002	75-79	0.06643	0.28566	2.55	51518	14717	221548	467226	9.07
2002	80-84	0.10780	0.42322	2.46	36801	15575	144480	245678	6.68
2002	85-89	0.17240	0.59503	2.4	21226	12630	73262	101198	4.77
2002	90-94	0.28713	0.79442	2.19	8596	6829	23783	27936	3.25
2002	95-99	0.41320	0.89187	1.81	1767	1576	3814	4153	2.35
2002	100-104	0.55908	0.95227	1.54	191	182	325	339	1.77
2002	105-109	0.69696	0.97788	1.32	9	9	13	13	1.43
2002	110+	0.79565	1.00000	1.26	0	0	0	0	1.26
2003	0	0.00796	0.00790	0.07	100000	790	99263	7220723	72.21
2003	1-4	0.00039	0.00156	1.66	99210	154	396480	7121460	71.78
2003	5-9	0.00016	0.00082	2.74	99056	82	495095	6724980	67.89
2003	10-14	0.00026	0.00132	2.39	98974	130	494530	6229885	62.94
2003	15-19	0.00104	0.00519	2.92	98844	513	493152	5735355	58.02
2003	20-24	0.00166	0.00825	2.52	98331	811	489641	5242203	53.31
2003	25-29	0.00193	0.00959	2.53	97520	936	485287	4752563	48.73
2003	30-34	0.00201	0.00998	2.48	96584	964	480491	4267275	44.18
2003	35-39	0.00268	0.01332	2.61	95620	1274	475054	3786784	39.60
2003	40-44	0.00389	0.01927	2.64	94346	1818	467448	3311730	35.10
2003	45-49	0.00552	0.02725	2.6	92528	2522	456597	2844282	30.74
2003	50-54	0.00738	0.03625	2.55	90007	3263	442028	2387684	26.53
2003	55-59	0.01203	0.05853	2.7	86744	5077	422056	1945657	22.43
2003	60-64	0.01826	0.08756	2.67	81667	7151	391653	1523601	18.66
2003	65-69	0.02749	0.12897	2.6	74516	9610	349550	1131947	15.19
2003	70-74	0.04123	0.18745	2.58	64906	12167	295082	782398	12.05
2003	75-79	0.06517	0.28009	2.49	52740	14772	226652	487316	9.24
2003	80-84	0.10310	0.41008	2.51	37968	15570	151014	260664	6.87
2003	85-89	0.16872	0.58366	2.36	22398	13073	77484	109650	4.90
2003	90-94	0.26406	0.75030	2.12	9325	6997	26497	32166	3.45
2003	95-99	0.39743	0.88168	1.85	2328	2053	5166	5669	2.43
2003	100-104	0.54089	0.94703	1.57	276	261	482	504	1.83
2003	105-109	0.67928	0.97554	1.35	15	14	21	21	1.47
2003	110+	0.78020	1.00000	1.28	0	0	0	0	1.28
2004	0	0.00801	0.00795	0.07	100000	795	99258	7274791	72.75
2004	1-4	0.00042	0.00167	1.53	99205	165	396411	7175533	72.33
2004	5-9	0.00017	0.00086	2.53	99040	86	494986	6779122	68.45
2004	10-14	0.00027	0.00135	3.16	98954	133	494524	6284135	63.51
2004	15-19	0.00120	0.00599	3	98821	592	492920	5789611	58.59
2004	20-24	0.00161	0.00801	2.45	98229	787	489142	5296692	53.92
2004	25-29	0.00198	0.00986	2.38	97442	961	484694	4807550	49.34
2004	30-34	0.00186	0.00926	2.66	96481	893	480321	4322856	44.81
2004	35-39	0.00255	0.01267	2.69	95588	1211	475143	3842535	40.20
2004	40-44	0.00376	0.01863	2.62	94377	1758	467695	3367392	35.68
2004	45-49	0.00583	0.02876	2.68	92619	2664	456907	2899697	31.31
2004	50-54	0.00773	0.03795	2.58	89955	3414	441512	2442790	27.16
2004	55-59	0.01074	0.05240	2.7	86541	4535	422279	2001278	23.13
2004	60-64	0.01638	0.07893	2.68	82007	6473	395037	1578999	19.25
2004	65-69	0.02612	0.12287	2.59	75534	9281	355290	1183962	15.67
2004	70-74	0.03977	0.18134	2.57	66253	12014	302063	828672	12.51
2004	75-79	0.06068	0.26437	2.57	54239	14339	236311	526608	9.71
2004	80-84	0.09177	0.37254	2.48	39900	14864	161977	290298	7.28
2004	85-89	0.15808	0.55480	2.31	25036	13890	87867	128320	5.13
2004	90-94	0.24849	0.72267	2.11	11146	8055	32415	40454	3.63
2004	95-99	0.36934	0.86136	1.9	3091	2663	7209	8039	2.60
2004	100-104	0.50918	0.93659	1.63	429	401	788	830	1.94
2004	105-109	0.64879	0.97094	1.39	27	26	41	42	1.54
2004	110+	0.75358	1.00000	1.33	1	1	1	1	1.33
2005	0	0.00816	0.00810	0.07	100000	810	99244	7252431	72.52
2005	1-4	0.00035	0.00141	1.57	99190	140	396420	7153187	72.12
2005	5-9	0.00017	0.00086	2.01	99050	85	494996	6756767	68.22
2005	10-14	0.00026	0.00132	2.81	98965	131	494539	6261771	63.27
2005	15-19	0.00115	0.00572	3.09	98834	565	493093	5767232	58.35
2005	20-24	0.00171	0.00849	2.48	98269	835	489238	5274139	53.67
2005	25-29	0.00200	0.00995	2.57	97434	969	484818	4784901	49.11
2005	30-34	0.00204	0.01017	2.64	96465	981	480005	4300083	44.58
2005	35-39	0.00262	0.01304	2.67	95484	1245	474519	3820078	40.01
2005	40-44	0.00389	0.01926	2.74	94239	1815	467098	3345559	35.50
2005	45-49	0.00545	0.02691	2.61	92424	2487	456186	2878461	31.14
2005	50-54	0.00790	0.03878	2.65	89937	3488	441498	2422275	26.93
2005	55-59	0.01063	0.05183	2.6	86449	4480	421500	1980777	22.91
2005	60-64	0.01772	0.08505	2.64	81968	6971	393383	1559277	19.02
2005	65-69	0.02575	0.12134	2.63	74997	9100	353437	1165895	15.55
2005	70-74	0.04053	0.18463	2.59	65897	12167	300201	812457	12.33
2005	75-79	0.06262	0.27129	2.54	53730	14576	232773	512257	9.53
2005	80-84	0.09568	0.38479	2.46	39154	15066	157469	279483	7.14
2005	85-89	0.16008	0.56283	2.36	24088	13558	84695	122014	5.07
2005	90-94	0.25892	0.74186	2.12	10530	7812	30172	37319	3.54
2005	95-99	0.36517	0.85754	1.91	2718	2331	6384	7147	2.63
2005	100-104	0.49993	0.93285	1.64	387	361	723	763	1.97
2005	105-109	0.63574	0.96856	1.41	26	25	40	41	1.57
2005	110+	0.73905	1.00000	1.35	1	1	1	1	1.35
2006	0	0.00915	0.00907	0.07	100000	907	99156	7267172	72.67
2006	1-4	0.00034	0.00136	1.85	99093	135	396080	7168017	72.34
2006	5-9	0.00019	0.00096	2.52	98957	95	494551	6771937	68.43
2006	10-14	0.00021	0.00105	2.86	98862	104	494089	6277386	63.50
2006	15-19	0.00095	0.00474	3.02	98758	468	492863	5783297	58.56
2006	20-24	0.00178	0.00885	2.47	98290	870	489249	5290434	53.82
2006	25-29	0.00213	0.01062	2.53	97420	1034	484547	4801185	49.28
2006	30-34	0.00240	0.01192	2.5	96386	1149	479052	4316637	44.78
2006	35-39	0.00267	0.01326	2.67	95237	1263	473245	3837586	40.30
2006	40-44	0.00383	0.01897	2.68	93974	1783	465729	3364341	35.80
2006	45-49	0.00550	0.02712	2.6	92191	2500	454953	2898612	31.44
2006	50-54	0.00783	0.03842	2.62	89691	3446	440254	2443659	27.25
2006	55-59	0.01078	0.05255	2.61	86246	4532	420402	2003405	23.23
2006	60-64	0.01606	0.07742	2.67	81713	6326	393798	1583003	19.37
2006	65-69	0.02565	0.12079	2.59	75387	9106	354999	1189205	15.77
2006	70-74	0.03744	0.17182	2.61	66281	11389	304170	834206	12.59
2006	75-79	0.05989	0.26125	2.56	54893	14341	239464	530036	9.66
2006	80-84	0.09590	0.38753	2.53	40552	15715	163879	290572	7.17
2006	85-89	0.15743	0.55807	2.39	24837	13861	88042	126692	5.10
2006	90-94	0.26025	0.74524	2.13	10976	8180	31430	38650	3.52
2006	95-99	0.37242	0.86361	1.9	2796	2415	6484	7220	2.58
2006	100-104	0.51156	0.93736	1.62	381	358	699	735	1.93
2006	105-109	0.65014	0.97113	1.39	24	23	36	37	1.53
2006	110+	0.75407	1.00000	1.33	1	1	1	1	1.33
2007	0	0.00732	0.00727	0.06	100000	727	99320	7313514	73.14
2007	1-4	0.00032	0.00128	1.78	99273	127	396811	7214194	72.67
2007	5-9	0.00014	0.00070	1.91	99146	69	495516	6817383	68.76
2007	10-14	0.00027	0.00134	2.61	99077	132	495067	6321867	63.81
2007	15-19	0.00102	0.00507	3.1	98944	502	493768	5826800	58.89
2007	20-24	0.00159	0.00790	2.7	98442	777	490422	5333031	54.17
2007	25-29	0.00203	0.01010	2.59	97665	986	485950	4842609	49.58
2007	30-34	0.00209	0.01039	2.32	96679	1005	480696	4356659	45.06
2007	35-39	0.00247	0.01228	2.62	95674	1175	475571	3875963	40.51
2007	40-44	0.00389	0.01926	2.61	94499	1820	468142	3400392	35.98
2007	45-49	0.00519	0.02563	2.7	92679	2375	457918	2932250	31.64
2007	50-54	0.00788	0.03867	2.61	90303	3492	443166	2474331	27.40
2007	55-59	0.01109	0.05403	2.6	86812	4690	422821	2031165	23.40
2007	60-64	0.01616	0.07783	2.65	82121	6392	395572	1608344	19.58
2007	65-69	0.02476	0.11676	2.57	75729	8842	357194	1212772	16.01
2007	70-74	0.03702	0.16992	2.59	66887	11366	307038	855577	12.79
2007	75-79	0.05670	0.24917	2.57	55521	13834	243983	548539	9.88
2007	80-84	0.09379	0.38049	2.52	41687	15861	169118	304556	7.31
2007	85-89	0.14777	0.52910	2.32	25826	13664	92470	135439	5.24
2007	90-94	0.26049	0.74810	2.16	12161	9098	34926	42969	3.53
2007	95-99	0.36549	0.85826	1.91	3063	2629	7194	8042	2.63
2007	100-104	0.50430	0.93478	1.63	434	406	805	849	1.95
2007	105-109	0.64362	0.97007	1.4	28	27	43	44	1.55
2007	110+	0.74869	1.00000	1.34	1	1	1	1	1.34
2008	0	0.00719	0.00714	0.06	100000	714	99332	7316530	73.17
2008	1-4	0.00032	0.00126	1.59	99286	126	396842	7217198	72.69
2008	5-9	0.00021	0.00105	2.5	99161	104	495545	6820356	68.78
2008	10-14	0.00021	0.00106	3.2	99057	105	495095	6324811	63.85
2008	15-19	0.00085	0.00425	2.63	98952	420	493763	5829717	58.91
2008	20-24	0.00138	0.00689	2.47	98531	679	490938	5335953	54.15
2008	25-29	0.00171	0.00853	2.5	97853	834	487177	4845015	49.51
2008	30-34	0.00213	0.01057	2.42	97018	1026	482444	4357839	44.92
2008	35-39	0.00259	0.01288	2.59	95993	1236	476985	3875394	40.37
2008	40-44	0.00359	0.01781	2.68	94756	1687	469862	3398409	35.86
2008	45-49	0.00570	0.02810	2.6	93069	2616	459063	2928547	31.47
2008	50-54	0.00797	0.03910	2.54	90453	3536	443552	2469484	27.30
2008	55-59	0.01116	0.05438	2.63	86917	4727	423363	2025932	23.31
2008	60-64	0.01589	0.07653	2.59	82190	6290	395776	1602570	19.50
2008	65-69	0.02535	0.11968	2.67	75900	9084	358375	1206794	15.90
2008	70-74	0.03770	0.17279	2.59	66816	11545	306261	848420	12.70
2008	75-79	0.05741	0.25158	2.54	55271	13905	242216	542159	9.81
2008	80-84	0.09192	0.37580	2.57	41366	15545	169122	299942	7.25
2008	85-89	0.15838	0.56280	2.43	25821	14532	91754	130820	5.07
2008	90-94	0.26424	0.75844	2.19	11289	8562	32401	39066	3.46
2008	95-99	0.39523	0.88123	1.86	2727	2403	6080	6665	2.44
2008	100-104	0.54781	0.94962	1.56	324	308	561	585	1.81
2008	105-109	0.69364	0.97767	1.33	16	16	23	23	1.44
2008	110+	0.79763	1.00000	1.25	0	0	0	0	1.25
2009	0	0.00773	0.00768	0.07	100000	768	99283	7321947	73.22
2009	1-4	0.00040	0.00160	2.11	99232	159	396629	7222665	72.79
2009	5-9	0.00017	0.00083	2.83	99073	82	495189	6826036	68.90
2009	10-14	0.00022	0.00110	2.62	98991	109	494697	6330847	63.95
2009	15-19	0.00088	0.00442	2.97	98882	437	493524	5836150	59.02
2009	20-24	0.00159	0.00791	2.49	98446	779	490275	5342626	54.27
2009	25-29	0.00186	0.00927	2.55	97667	905	486113	4852351	49.68
2009	30-34	0.00214	0.01063	2.52	96761	1029	481257	4366238	45.12
2009	35-39	0.00264	0.01310	2.54	95733	1254	475582	3884980	40.58
2009	40-44	0.00346	0.01718	2.64	94478	1623	468568	3409399	36.09
2009	45-49	0.00542	0.02676	2.63	92855	2484	458379	2940831	31.67
2009	50-54	0.00824	0.04040	2.66	90371	3651	443306	2482452	27.47
2009	55-59	0.01136	0.05529	2.59	86720	4795	422042	2039147	23.51
2009	60-64	0.01665	0.08019	2.71	81925	6569	394579	1617105	19.74
2009	65-69	0.02451	0.11572	2.6	75355	8720	355819	1222526	16.22
2009	70-74	0.03736	0.17144	2.6	66636	11424	305748	866707	13.01
2009	75-79	0.05468	0.24162	2.6	55211	13340	243985	560959	10.16
2009	80-84	0.08695	0.35778	2.53	41871	14981	172284	316975	7.57
2009	85-89	0.14789	0.53420	2.4	26891	14365	97130	144691	5.38
2009	90-94	0.23545	0.71207	2.23	12526	8919	37881	47561	3.80
2009	95-99	0.35631	0.85110	1.93	3607	3070	8615	9680	2.68
2009	100-104	0.49653	0.93205	1.65	537	501	1008	1065	1.98
2009	105-109	0.63847	0.96928	1.41	36	35	55	57	1.56
2009	110+	0.74587	1.00000	1.34	1	1	2	2	1.34
2010	0	0.00736	0.00731	0.06	100000	731	99316	7329456	73.29
2010	1-4	0.00034	0.00135	1.98	99269	134	396805	7230140	72.83
2010	5-9	0.00018	0.00090	2.57	99135	89	495458	6833336	68.93
2010	10-14	0.00021	0.00103	2.8	99046	102	495005	6337877	63.99
2010	15-19	0.00075	0.00373	2.77	98944	369	493897	5842872	59.05
2010	20-24	0.00134	0.00670	2.62	98575	660	491301	5348976	54.26
2010	25-29	0.00176	0.00874	2.57	97915	856	487494	4857675	49.61
2010	30-34	0.00223	0.01107	2.58	97059	1075	482692	4370181	45.03
2010	35-39	0.00260	0.01290	2.61	95984	1238	476958	3887489	40.50
2010	40-44	0.00356	0.01763	2.63	94746	1671	469770	3410531	36.00
2010	45-49	0.00589	0.02906	2.58	93075	2705	458830	2940761	31.60
2010	50-54	0.00817	0.04003	2.56	90371	3618	443014	2481931	27.46
2010	55-59	0.01109	0.05402	2.6	86753	4687	422498	2038917	23.50
2010	60-64	0.01584	0.07638	2.66	82066	6268	395633	1616418	19.70
2010	65-69	0.02466	0.11637	2.59	75798	8821	357755	1220785	16.11
2010	70-74	0.03680	0.16937	2.65	66977	11344	308264	863030	12.89
2010	75-79	0.05684	0.24892	2.51	55633	13848	243650	554766	9.97
2010	80-84	0.08935	0.36618	2.54	41785	15301	171244	311116	7.45
2010	85-89	0.15041	0.54077	2.4	26484	14322	95219	139872	5.28
2010	90-94	0.24696	0.73799	2.27	12162	8976	36345	44653	3.67
2010	95-99	0.36808	0.86083	1.91	3187	2743	7453	8307	2.61
2010	100-104	0.51178	0.93780	1.62	443	416	813	855	1.93
2010	105-109	0.65490	0.97206	1.38	28	27	41	42	1.52
2010	110+	0.76147	1.00000	1.31	1	1	1	1	1.31
2011	0	0.00685	0.00681	0.06	100000	681	99362	7331945	73.32
2011	1-4	0.00038	0.00154	1.45	99319	153	396887	7232583	72.82
2011	5-9	0.00012	0.00062	2.28	99167	62	495666	6835696	68.93
2011	10-14	0.00019	0.00096	3.19	99105	95	495353	6340030	63.97
2011	15-19	0.00074	0.00371	3.4	99010	367	494460	5844677	59.03
2011	20-24	0.00148	0.00739	2.65	98643	729	491498	5350217	54.24
2011	25-29	0.00182	0.00907	2.67	97914	889	487496	4858719	49.62
2011	30-34	0.00222	0.01102	2.58	97026	1069	482542	4371223	45.05
2011	35-39	0.00282	0.01401	2.63	95956	1345	476589	3888681	40.53
2011	40-44	0.00357	0.01770	2.67	94611	1675	469161	3412091	36.06
2011	45-49	0.00570	0.02813	2.68	92937	2614	458620	2942930	31.67
2011	50-54	0.00857	0.04198	2.61	90322	3792	442566	2484310	27.50
2011	55-59	0.01144	0.05564	2.56	86530	4814	420890	2041744	23.60
2011	60-64	0.01589	0.07656	2.63	81716	6256	393728	1620854	19.84
2011	65-69	0.02409	0.11399	2.65	75460	8602	357053	1227126	16.26
2011	70-74	0.03649	0.16743	2.54	66858	11194	306770	870073	13.01
2011	75-79	0.05649	0.24791	2.53	55664	13800	244273	563302	10.12
2011	80-84	0.08605	0.35539	2.55	41864	14878	172893	319030	7.62
2011	85-89	0.14371	0.52325	2.4	26986	14120	98255	146137	5.42
2011	90-94	0.24255	0.72053	2.18	12865	9270	38218	47882	3.72
2011	95-99	0.35565	0.85068	1.93	3595	3059	8600	9664	2.69
2011	100-104	0.49696	0.93231	1.65	537	501	1007	1064	1.98
2011	105-109	0.63996	0.96958	1.41	36	35	55	57	1.56
2011	110+	0.74796	1.00000	1.34	1	1	1	1	1.34
2012	0	0.00783	0.00777	0.07	100000	777	99274	7321749	73.22
2012	1-4	0.00031	0.00126	2.16	99223	125	396660	7222476	72.79
2012	5-9	0.00019	0.00093	2.51	99098	92	495260	6825815	68.88
2012	10-14	0.00023	0.00113	2.77	99006	112	494780	6330556	63.94
2012	15-19	0.00078	0.00388	2.99	98894	384	493700	5835776	59.01
2012	20-24	0.00154	0.00765	2.42	98510	754	490610	5342076	54.23
2012	25-29	0.00185	0.00919	2.59	97757	899	486618	4851466	49.63
2012	30-34	0.00227	0.01128	2.43	96858	1092	481478	4364848	45.06
2012	35-39	0.00282	0.01400	2.62	95765	1341	475639	3883370	40.55
2012	40-44	0.00370	0.01831	2.55	94425	1729	467890	3407731	36.09
2012	45-49	0.00563	0.02777	2.67	92696	2574	457476	2939841	31.72
2012	50-54	0.00835	0.04092	2.62	90122	3688	441845	2482365	27.54
2012	55-59	0.01227	0.05961	2.62	86434	5153	419908	2040519	23.61
2012	60-64	0.01636	0.07863	2.55	81281	6391	390728	1620611	19.94
2012	65-69	0.02375	0.11240	2.62	74890	8418	354412	1229883	16.42
2012	70-74	0.03505	0.16159	2.59	66472	10741	306463	875472	13.17
2012	75-79	0.05523	0.24384	2.6	55731	13589	246046	569008	10.21
2012	80-84	0.08629	0.35690	2.58	42142	15040	174294	322962	7.66
2012	85-89	0.14115	0.51730	2.42	27101	14019	99326	148668	5.49
2012	90-94	0.23839	0.71819	2.23	13082	9395	39412	49342	3.77
2012	95-99	0.35473	0.84998	1.94	3687	3133	8833	9930	2.69
2012	100-104	0.49648	0.93216	1.65	553	516	1038	1097	1.98
2012	105-109	0.64000	0.96961	1.41	38	36	57	58	1.56
2012	110+	0.74837	1.00000	1.34	1	1	2	2	1.34
2013	0	0.00796	0.00790	0.07	100000	790	99262	7353932	73.54
2013	1-4	0.00030	0.00120	1.88	99210	119	396588	7254670	73.12
2013	5-9	0.00012	0.00059	2.27	99091	58	495297	6858081	69.21
2013	10-14	0.00019	0.00095	2.77	99033	94	494956	6362784	64.25
2013	15-19	0.00053	0.00266	3.36	98939	263	494261	5867828	59.31
2013	20-24	0.00117	0.00585	2.61	98676	577	491998	5373567	54.46
2013	25-29	0.00177	0.00883	2.71	98098	866	488510	4881569	49.76
2013	30-34	0.00234	0.01164	2.67	97232	1132	483526	4393059	45.18
2013	35-39	0.00264	0.01310	2.55	96100	1259	477412	3909533	40.68
2013	40-44	0.00332	0.01646	2.51	94842	1561	470322	3432121	36.19
2013	45-49	0.00506	0.02499	2.71	93281	2331	461059	2961798	31.75
2013	50-54	0.00834	0.04087	2.61	90950	3718	445856	2500740	27.50
2013	55-59	0.01245	0.06043	2.58	87232	5271	423411	2054884	23.56
2013	60-64	0.01631	0.07844	2.58	81961	6429	394238	1631473	19.91
2013	65-69	0.02291	0.10861	2.61	75532	8204	358067	1237235	16.38
2013	70-74	0.03668	0.16852	2.59	67328	11346	309341	879168	13.06
2013	75-79	0.05552	0.24441	2.55	55982	13683	246452	569827	10.18
2013	80-84	0.08682	0.35791	2.55	42300	15140	174380	323375	7.64
2013	85-89	0.13987	0.51687	2.48	27160	14038	100363	148995	5.49
2013	90-94	0.24378	0.72306	2.19	13122	9488	38921	48632	3.71
2013	95-99	0.35786	0.85269	1.93	3634	3099	8659	9711	2.67
2013	100-104	0.50091	0.93390	1.64	535	500	998	1053	1.97
2013	105-109	0.64507	0.97049	1.4	35	34	53	55	1.54
2013	110+	0.75338	1.00000	1.33	1	1	1	1	1.33
2014	0	0.00822	0.00816	0.07	100000	816	99239	7319678	73.20
2014	1-4	0.00033	0.00130	2.02	99184	129	396479	7220439	72.80
2014	5-9	0.00015	0.00073	2.3	99055	72	495078	6823960	68.89
2014	10-14	0.00017	0.00085	3	98982	85	494744	6328882	63.94
2014	15-19	0.00070	0.00347	3.06	98898	343	493824	5834139	58.99
2014	20-24	0.00134	0.00668	2.5	98555	658	491131	5340315	54.19
2014	25-29	0.00186	0.00926	2.56	97897	906	487272	4849184	49.53
2014	30-34	0.00231	0.01150	2.6	96990	1116	482269	4361912	44.97
2014	35-39	0.00273	0.01357	2.64	95875	1301	476303	3879644	40.47
2014	40-44	0.00396	0.01962	2.71	94573	1856	468618	3403341	35.99
2014	45-49	0.00572	0.02823	2.75	92718	2618	457708	2934723	31.65
2014	50-54	0.00877	0.04293	2.61	90100	3868	441247	2477015	27.49
2014	55-59	0.01198	0.05822	2.59	86232	5021	419083	2035768	23.61
2014	60-64	0.01677	0.08056	2.58	81211	6543	390193	1616685	19.91
2014	65-69	0.02381	0.11280	2.67	74669	8422	353710	1226491	16.43
2014	70-74	0.03601	0.16585	2.62	66246	10987	305087	872781	13.17
2014	75-79	0.05469	0.24174	2.6	55259	13358	244253	567694	10.27
2014	80-84	0.08391	0.34706	2.51	41901	14542	173313	323441	7.72
2014	85-89	0.14313	0.52133	2.4	27359	14263	99652	150127	5.49
2014	90-94	0.23096	0.70306	2.22	13096	9207	39865	50475	3.85
2014	95-99	0.34968	0.84555	1.95	3889	3288	9403	10610	2.73
2014	100-104	0.48975	0.92946	1.66	601	558	1140	1206	2.01
2014	105-109	0.63258	0.96828	1.42	42	41	65	67	1.57
2014	110+	0.74119	1.00000	1.35	1	1	2	2	1.35
2015	0	0.00725	0.00721	0.06	100000	721	99326	7279923	72.80
2015	1-4	0.00037	0.00148	1.76	99279	147	396790	7180597	72.33
2015	5-9	0.00012	0.00059	2.19	99133	59	495498	6783808	68.43
2015	10-14	0.00023	0.00117	2.34	99074	116	495061	6288309	63.47
2015	15-19	0.00088	0.00440	3.04	98958	435	493936	5793248	58.54
2015	20-24	0.00145	0.00722	2.57	98523	711	490885	5299313	53.79
2015	25-29	0.00223	0.01107	2.6	97812	1082	486458	4808427	49.16
2015	30-34	0.00262	0.01300	2.69	96729	1258	480737	4321969	44.68
2015	35-39	0.00291	0.01444	2.61	95471	1379	474056	3841232	40.23
2015	40-44	0.00383	0.01897	2.58	94093	1785	466140	3367176	35.79
2015	45-49	0.00576	0.02843	2.7	92308	2624	455490	2901036	31.43
2015	50-54	0.00883	0.04324	2.64	89683	3877	439268	2445546	27.27
2015	55-59	0.01295	0.06278	2.58	85806	5386	415975	2006277	23.38
2015	60-64	0.01800	0.08628	2.61	80420	6939	385530	1590302	19.78
2015	65-69	0.02419	0.11416	2.55	73481	8388	346813	1204772	16.40
2015	70-74	0.03605	0.16587	2.6	65093	10797	299540	857959	13.18
2015	75-79	0.05508	0.24276	2.56	54296	13181	239316	558419	10.28
2015	80-84	0.08188	0.34043	2.53	41115	13997	170938	319103	7.76
2015	85-89	0.14103	0.51667	2.41	27118	14011	99349	148165	5.46
2015	90-94	0.24046	0.72021	2.22	13107	9440	39258	48816	3.72
2015	95-99	0.36772	0.86141	1.92	3667	3159	8591	9558	2.61
2015	100-104	0.51873	0.94070	1.61	508	478	922	967	1.90
2015	105-109	0.66800	0.97426	1.36	30	29	44	45	1.49
2015	110+	0.77723	1.00000	1.29	1	1	1	1	1.29
2016	0	0.00738	0.00733	0.06	100000	733	99315	7263855	72.64
2016	1-4	0.00031	0.00123	1.36	99267	122	396746	7164540	72.17
2016	5-9	0.00015	0.00077	2.48	99145	76	495534	6767794	68.26
2016	10-14	0.00028	0.00142	3.11	99069	140	495080	6272260	63.31
2016	15-19	0.00093	0.00466	3.18	98929	461	493803	5777181	58.40
2016	20-24	0.00166	0.00826	2.78	98468	814	490536	5283378	53.66
2016	25-29	0.00212	0.01054	2.73	97654	1029	485936	4792843	49.08
2016	30-34	0.00252	0.01254	2.72	96625	1212	480369	4306907	44.57
2016	35-39	0.00343	0.01700	2.56	95413	1622	473105	3826538	40.10
2016	40-44	0.00448	0.02215	2.61	93791	2078	463992	3353433	35.75
2016	45-49	0.00578	0.02853	2.72	91714	2616	452611	2889441	31.51
2016	50-54	0.00869	0.04260	2.64	89097	3795	436537	2436830	27.35
2016	55-59	0.01319	0.06387	2.56	85302	5448	413194	2000293	23.45
2016	60-64	0.01736	0.08334	2.59	79854	6655	383244	1587098	19.88
2016	65-69	0.02415	0.11426	2.66	73199	8364	346399	1203854	16.45
2016	70-74	0.03695	0.16971	2.6	64835	11003	297749	857455	13.23
2016	75-79	0.05400	0.23844	2.55	53832	12836	237691	559706	10.40
2016	80-84	0.08289	0.34414	2.54	40996	14108	170206	322015	7.85
2016	85-89	0.13588	0.50476	2.45	26888	13572	99882	151809	5.65
2016	90-94	0.22794	0.69809	2.22	13316	9296	40780	51927	3.90
2016	95-99	0.34327	0.83997	1.96	4020	3377	9837	11147	2.77
2016	100-104	0.48291	0.92673	1.68	643	596	1235	1310	2.04
2016	105-109	0.62637	0.96717	1.43	47	46	73	75	1.59
2016	110+	0.73602	1.00000	1.36	2	2	2	2	1.36
2017	0	0.00675	0.00671	0.06	100000	671	99371	7266746	72.67
2017	1-4	0.00025	0.00098	1.71	99329	98	397092	7167375	72.16
2017	5-9	0.00018	0.00091	2.57	99231	91	495936	6770282	68.23
2017	10-14	0.00019	0.00096	2.83	99141	96	495495	6274346	63.29
2017	15-19	0.00085	0.00426	2.95	99045	422	494360	5778851	58.35
2017	20-24	0.00146	0.00728	2.58	98623	718	491381	5284492	53.58
2017	25-29	0.00233	0.01156	2.52	97905	1132	486713	4793110	48.96
2017	30-34	0.00293	0.01454	2.61	96773	1407	480506	4306397	44.50
2017	35-39	0.00368	0.01823	2.51	95366	1738	472501	3825891	40.12
2017	40-44	0.00434	0.02146	2.49	93628	2009	463102	3353390	35.82
2017	45-49	0.00581	0.02863	2.59	91619	2623	451769	2890289	31.55
2017	50-54	0.00897	0.04393	2.64	88996	3909	435761	2438520	27.40
2017	55-59	0.01351	0.06545	2.63	85087	5569	412250	2002759	23.54
2017	60-64	0.01725	0.08281	2.58	79518	6585	381656	1590509	20.00
2017	65-69	0.02339	0.11055	2.52	72933	8063	344701	1208853	16.57
2017	70-74	0.03541	0.16317	2.6	64870	10585	298935	864152	13.32
2017	75-79	0.05482	0.24226	2.6	54285	13151	239894	565217	10.41
2017	80-84	0.08141	0.33775	2.48	41134	13893	170651	325322	7.91
2017	85-89	0.13519	0.50283	2.45	27241	13698	101325	154671	5.68
2017	90-94	0.22507	0.69146	2.21	13543	9365	41607	53346	3.94
2017	95-99	0.33825	0.83530	1.97	4179	3490	10319	11738	2.81
2017	100-104	0.47621	0.92382	1.69	688	636	1335	1419	2.06
2017	105-109	0.61890	0.96572	1.44	52	51	82	84	1.61
2017	110+	0.72870	1.00000	1.37	2	2	2	2	1.37
2018	0	0.00656	0.00652	0.06	100000	652	99389	7285888	72.86
2018	1-4	0.00037	0.00148	1.87	99348	147	397080	7186499	72.34
2018	5-9	0.00016	0.00081	2.46	99201	80	495802	6789419	68.44
2018	10-14	0.00017	0.00082	2.92	99121	82	495435	6293616	63.49
2018	15-19	0.00089	0.00445	3.07	99039	440	494348	5798182	58.54
2018	20-24	0.00152	0.00758	2.73	98599	747	491295	5303834	53.79
2018	25-29	0.00203	0.01009	2.69	97852	987	486973	4812539	49.18
2018	30-34	0.00266	0.01321	2.64	96864	1279	481302	4325566	44.66
2018	35-39	0.00331	0.01641	2.5	95585	1568	474005	3844263	40.22
2018	40-44	0.00406	0.02010	2.55	94017	1889	465448	3370259	35.85
2018	45-49	0.00605	0.02978	2.5	92128	2744	453784	2904810	31.53
2018	50-54	0.00867	0.04248	2.61	89384	3797	437841	2451027	27.42
2018	55-59	0.01277	0.06193	2.59	85587	5300	415172	2013185	23.52
2018	60-64	0.01807	0.08658	2.6	80287	6951	384720	1598013	19.90
2018	65-69	0.02434	0.11486	2.56	73335	8423	346115	1213293	16.54
2018	70-74	0.03596	0.16549	2.6	64912	10742	298743	867178	13.36
2018	75-79	0.05482	0.24150	2.54	54170	13082	238653	568435	10.49
2018	80-84	0.08096	0.33682	2.51	41088	13839	170945	329782	8.03
2018	85-89	0.12900	0.48501	2.44	27249	13216	102449	158837	5.83
2018	90-94	0.22027	0.68695	2.26	14033	9640	43763	56387	4.02
2018	95-99	0.32962	0.82703	1.99	4393	3633	11022	12624	2.87
2018	100-104	0.46506	0.91878	1.71	760	698	1501	1602	2.11
2018	105-109	0.60673	0.96324	1.46	62	59	98	101	1.64
2018	110+	0.71689	1.00000	1.39	2	2	3	3	1.39
2019	0	0.00544	0.00542	0.06	100000	542	99491	7320153	73.20
2019	1-4	0.00030	0.00122	0.99	99458	121	397469	7220662	72.60
2019	5-9	0.00014	0.00070	2.2	99337	70	496491	6823193	68.69
2019	10-14	0.00020	0.00100	2.66	99268	99	496106	6326702	63.73
2019	15-19	0.00069	0.00346	2.83	99168	343	495096	5830596	58.79
2019	20-24	0.00130	0.00647	2.69	98825	639	492649	5335499	53.99
2019	25-29	0.00174	0.00866	2.6	98186	850	488885	4842850	49.32
2019	30-34	0.00261	0.01296	2.61	97335	1262	483668	4353965	44.73
2019	35-39	0.00326	0.01616	2.6	96074	1553	476641	3870298	40.28
2019	40-44	0.00431	0.02135	2.54	94521	2018	467636	3393657	35.90
2019	45-49	0.00540	0.02667	2.64	92503	2467	456703	2926021	31.63
2019	50-54	0.00901	0.04409	2.62	90036	3970	440746	2469318	27.43
2019	55-59	0.01258	0.06108	2.63	86066	5257	417884	2028572	23.57
2019	60-64	0.01894	0.09054	2.58	80809	7317	386337	1610688	19.93
2019	65-69	0.02351	0.11121	2.58	73493	8173	347709	1224351	16.66
2019	70-74	0.03484	0.16056	2.56	65320	10488	300994	876642	13.42
2019	75-79	0.05409	0.23873	2.54	54832	13090	242014	575648	10.50
2019	80-84	0.08394	0.34764	2.53	41742	14511	172882	333634	7.99
2019	85-89	0.12796	0.48192	2.44	27230	13123	102552	160752	5.90
2019	90-94	0.21330	0.67033	2.23	14107	9457	44335	58199	4.13
2019	95-99	0.31657	0.81313	2.01	4651	3782	11946	13864	2.98
2019	100-104	0.44297	0.90739	1.75	869	789	1780	1919	2.21
2019	105-109	0.57777	0.95638	1.5	80	77	133	138	1.72
2019	110+	0.68498	1.00000	1.46	4	4	5	5	1.46
