MN: Minnesota, Lifetables (period 1x5), Both sexes Last modified: 20 Dec 2020, MPv5 (May07) 

Year     	Age	mx	qx	ax	lx	dx	Lx	Tx	ex
1960-1964	0	0.02130	0.02091	0.11	100000	2091	98134	7214713	72.15
1960-1964	1	0.00133	0.00133	0.5	97909	130	97844	7116578	72.69
1960-1964	2	0.00090	0.00090	0.5	97779	88	97735	7018734	71.78
1960-1964	3	0.00066	0.00066	0.5	97691	64	97659	6920999	70.85
1960-1964	4	0.00054	0.00054	0.5	97627	52	97601	6823341	69.89
1960-1964	5	0.00048	0.00048	0.5	97574	47	97551	6725740	68.93
1960-1964	6	0.00043	0.00043	0.5	97527	42	97506	6628189	67.96
1960-1964	7	0.00041	0.00041	0.5	97485	40	97465	6530683	66.99
1960-1964	8	0.00038	0.00038	0.5	97445	37	97426	6433218	66.02
1960-1964	9	0.00037	0.00037	0.5	97408	36	97390	6335792	65.04
1960-1964	10	0.00036	0.00036	0.5	97372	35	97354	6238402	64.07
1960-1964	11	0.00037	0.00037	0.5	97337	36	97319	6141048	63.09
1960-1964	12	0.00035	0.00035	0.5	97301	34	97284	6043729	62.11
1960-1964	13	0.00044	0.00044	0.5	97267	42	97246	5946445	61.13
1960-1964	14	0.00047	0.00047	0.5	97225	46	97202	5849198	60.16
1960-1964	15	0.00059	0.00059	0.5	97179	57	97151	5751996	59.19
1960-1964	16	0.00074	0.00074	0.5	97122	72	97087	5654845	58.22
1960-1964	17	0.00088	0.00088	0.5	97051	86	97008	5557759	57.27
1960-1964	18	0.00092	0.00092	0.5	96965	89	96921	5460751	56.32
1960-1964	19	0.00115	0.00115	0.5	96876	111	96821	5363830	55.37
1960-1964	20	0.00111	0.00111	0.5	96765	107	96711	5267009	54.43
1960-1964	21	0.00129	0.00129	0.5	96658	125	96595	5170298	53.49
1960-1964	22	0.00114	0.00114	0.5	96533	110	96478	5073703	52.56
1960-1964	23	0.00098	0.00098	0.5	96423	94	96376	4977225	51.62
1960-1964	24	0.00105	0.00105	0.5	96329	101	96278	4880849	50.67
1960-1964	25	0.00106	0.00106	0.5	96228	102	96177	4784571	49.72
1960-1964	26	0.00101	0.00101	0.5	96126	97	96077	4688394	48.77
1960-1964	27	0.00102	0.00102	0.5	96028	98	95979	4592317	47.82
1960-1964	28	0.00109	0.00108	0.5	95930	104	95878	4496337	46.87
1960-1964	29	0.00095	0.00095	0.5	95826	91	95781	4400459	45.92
1960-1964	30	0.00103	0.00103	0.5	95735	99	95686	4304678	44.96
1960-1964	31	0.00112	0.00112	0.5	95636	107	95583	4208993	44.01
1960-1964	32	0.00123	0.00123	0.5	95529	117	95471	4113410	43.06
1960-1964	33	0.00126	0.00126	0.5	95412	120	95352	4017939	42.11
1960-1964	34	0.00136	0.00136	0.5	95292	129	95227	3922587	41.16
1960-1964	35	0.00157	0.00157	0.5	95162	150	95088	3827360	40.22
1960-1964	36	0.00146	0.00146	0.5	95013	139	94944	3732273	39.28
1960-1964	37	0.00167	0.00167	0.5	94874	158	94795	3637329	38.34
1960-1964	38	0.00201	0.00200	0.5	94716	190	94621	3542534	37.40
1960-1964	39	0.00209	0.00209	0.5	94526	197	94427	3447913	36.48
1960-1964	40	0.00217	0.00217	0.5	94329	205	94226	3353486	35.55
1960-1964	41	0.00255	0.00255	0.5	94124	240	94004	3259260	34.63
1960-1964	42	0.00277	0.00276	0.5	93884	260	93754	3165256	33.71
1960-1964	43	0.00294	0.00293	0.5	93625	275	93487	3071501	32.81
1960-1964	44	0.00347	0.00346	0.5	93350	323	93189	2978014	31.90
1960-1964	45	0.00372	0.00371	0.5	93027	346	92854	2884826	31.01
1960-1964	46	0.00407	0.00406	0.5	92682	376	92493	2791971	30.12
1960-1964	47	0.00448	0.00447	0.5	92305	412	92099	2699478	29.25
1960-1964	48	0.00489	0.00488	0.5	91893	448	91669	2607379	28.37
1960-1964	49	0.00549	0.00548	0.5	91444	501	91194	2515710	27.51
1960-1964	50	0.00605	0.00603	0.5	90943	549	90669	2424516	26.66
1960-1964	51	0.00695	0.00692	0.5	90395	626	90082	2333847	25.82
1960-1964	52	0.00746	0.00743	0.5	89769	667	89436	2243765	24.99
1960-1964	53	0.00800	0.00797	0.5	89102	710	88747	2154330	24.18
1960-1964	54	0.00870	0.00867	0.5	88392	766	88009	2065583	23.37
1960-1964	55	0.00930	0.00926	0.5	87626	811	87220	1977574	22.57
1960-1964	56	0.00999	0.00994	0.5	86815	863	86383	1890353	21.77
1960-1964	57	0.01156	0.01150	0.5	85952	988	85458	1803970	20.99
1960-1964	58	0.01249	0.01242	0.5	84964	1055	84436	1718512	20.23
1960-1964	59	0.01305	0.01296	0.5	83909	1088	83365	1634076	19.47
1960-1964	60	0.01355	0.01346	0.5	82821	1114	82264	1550711	18.72
1960-1964	61	0.01529	0.01517	0.5	81707	1239	81087	1468447	17.97
1960-1964	62	0.01724	0.01709	0.5	80467	1375	79780	1387360	17.24
1960-1964	63	0.01912	0.01894	0.5	79092	1498	78343	1307580	16.53
1960-1964	64	0.02069	0.02048	0.5	77594	1589	76800	1229237	15.84
1960-1964	65	0.02291	0.02265	0.5	76005	1722	75144	1152438	15.16
1960-1964	66	0.02346	0.02319	0.5	74283	1722	73422	1077294	14.50
1960-1964	67	0.02667	0.02632	0.5	72561	1909	71606	1003872	13.83
1960-1964	68	0.02825	0.02786	0.5	70651	1968	69667	932266	13.20
1960-1964	69	0.03073	0.03027	0.5	68683	2079	67644	862598	12.56
1960-1964	70	0.03403	0.03346	0.5	66605	2229	65490	794954	11.94
1960-1964	71	0.03719	0.03651	0.5	64376	2350	63201	729464	11.33
1960-1964	72	0.04266	0.04176	0.5	62026	2590	60730	666263	10.74
1960-1964	73	0.04759	0.04649	0.5	59435	2763	58054	605533	10.19
1960-1964	74	0.05080	0.04954	0.5	56672	2807	55268	547479	9.66
1960-1964	75	0.05662	0.05506	0.5	53865	2966	52382	492211	9.14
1960-1964	76	0.05952	0.05780	0.5	50899	2942	49428	439829	8.64
1960-1964	77	0.06622	0.06410	0.5	47957	3074	46420	390401	8.14
1960-1964	78	0.07237	0.06984	0.5	44883	3135	43315	343982	7.66
1960-1964	79	0.08084	0.07770	0.5	41748	3244	40126	300666	7.20
1960-1964	80	0.09008	0.08620	0.5	38504	3319	36845	260540	6.77
1960-1964	81	0.09734	0.09282	0.5	35185	3266	33552	223695	6.36
1960-1964	82	0.10884	0.10322	0.5	31919	3295	30272	190143	5.96
1960-1964	83	0.11738	0.11087	0.5	28625	3174	27038	159871	5.59
1960-1964	84	0.13613	0.12745	0.5	25451	3244	23829	132833	5.22
1960-1964	85	0.14599	0.13606	0.5	22207	3021	20696	109004	4.91
1960-1964	86	0.15844	0.14681	0.5	19186	2817	17777	88308	4.60
1960-1964	87	0.17419	0.16024	0.5	16369	2623	15057	70531	4.31
1960-1964	88	0.19128	0.17458	0.5	13746	2400	12546	55473	4.04
1960-1964	89	0.20402	0.18513	0.5	11346	2101	10296	42927	3.78
1960-1964	90	0.22373	0.20122	0.5	9246	1860	8315	32631	3.53
1960-1964	91	0.24667	0.21959	0.5	7385	1622	6574	24316	3.29
1960-1964	92	0.27637	0.24282	0.5	5764	1399	5064	17741	3.08
1960-1964	93	0.29280	0.25541	0.5	4364	1115	3807	12678	2.91
1960-1964	94	0.31663	0.27335	0.5	3249	888	2805	8871	2.73
1960-1964	95	0.34150	0.29170	0.5	2361	689	2017	6066	2.57
1960-1964	96	0.36732	0.31033	0.5	1672	519	1413	4049	2.42
1960-1964	97	0.39398	0.32914	0.5	1153	380	964	2636	2.29
1960-1964	98	0.42132	0.34801	0.5	774	269	639	1672	2.16
1960-1964	99	0.44919	0.36681	0.5	505	185	412	1033	2.05
1960-1964	100	0.47744	0.38543	0.5	319	123	258	621	1.94
1960-1964	101	0.50587	0.40374	0.5	196	79	157	363	1.85
1960-1964	102	0.53429	0.42165	0.5	117	49	92	207	1.77
1960-1964	103	0.56254	0.43905	0.5	68	30	53	114	1.69
1960-1964	104	0.59041	0.45585	0.5	38	17	29	61	1.62
1960-1964	105	0.61775	0.47197	0.5	21	10	16	32	1.56
1960-1964	106	0.64439	0.48737	0.5	11	5	8	16	1.50
1960-1964	107	0.67019	0.50198	0.5	6	3	4	8	1.45
1960-1964	108	0.69503	0.51579	0.5	3	1	2	4	1.41
1960-1964	109	0.71880	0.52876	0.5	1	1	1	2	1.37
1960-1964	110+	0.74143	1.00000	1.35	1	1	1	1	1.35
1965-1969	0	0.01888	0.01857	0.1	100000	1857	98331	7256002	72.56
1965-1969	1	0.00113	0.00113	0.5	98143	111	98088	7157672	72.93
1965-1969	2	0.00074	0.00074	0.5	98033	73	97996	7059584	72.01
1965-1969	3	0.00062	0.00062	0.5	97960	61	97930	6961587	71.07
1965-1969	4	0.00049	0.00049	0.5	97899	48	97875	6863658	70.11
1965-1969	5	0.00047	0.00047	0.5	97851	46	97828	6765783	69.14
1965-1969	6	0.00041	0.00041	0.5	97805	40	97785	6667955	68.18
1965-1969	7	0.00036	0.00036	0.5	97765	36	97748	6570169	67.20
1965-1969	8	0.00036	0.00036	0.5	97730	35	97712	6472422	66.23
1965-1969	9	0.00039	0.00039	0.5	97694	38	97675	6374710	65.25
1965-1969	10	0.00032	0.00032	0.5	97656	31	97640	6277035	64.28
1965-1969	11	0.00036	0.00036	0.5	97625	36	97607	6179394	63.30
1965-1969	12	0.00035	0.00035	0.5	97589	34	97572	6081787	62.32
1965-1969	13	0.00044	0.00044	0.5	97555	43	97533	5984215	61.34
1965-1969	14	0.00054	0.00054	0.5	97512	53	97485	5886682	60.37
1965-1969	15	0.00065	0.00065	0.5	97459	63	97427	5789196	59.40
1965-1969	16	0.00085	0.00085	0.5	97396	82	97355	5691769	58.44
1965-1969	17	0.00114	0.00114	0.5	97314	111	97258	5594414	57.49
1965-1969	18	0.00138	0.00137	0.5	97203	134	97136	5497156	56.55
1965-1969	19	0.00128	0.00128	0.5	97069	124	97007	5400019	55.63
1965-1969	20	0.00112	0.00112	0.5	96945	109	96891	5303012	54.70
1965-1969	21	0.00128	0.00128	0.5	96836	124	96774	5206121	53.76
1965-1969	22	0.00114	0.00114	0.5	96712	110	96657	5109347	52.83
1965-1969	23	0.00104	0.00104	0.5	96602	100	96552	5012689	51.89
1965-1969	24	0.00106	0.00106	0.5	96502	102	96451	4916138	50.94
1965-1969	25	0.00100	0.00100	0.5	96400	97	96351	4819687	50.00
1965-1969	26	0.00105	0.00105	0.5	96303	101	96253	4723336	49.05
1965-1969	27	0.00103	0.00103	0.5	96202	99	96152	4627083	48.10
1965-1969	28	0.00101	0.00101	0.5	96103	97	96054	4530930	47.15
1965-1969	29	0.00107	0.00107	0.5	96006	103	95954	4434876	46.19
1965-1969	30	0.00120	0.00120	0.5	95903	115	95845	4338922	45.24
1965-1969	31	0.00110	0.00110	0.5	95788	105	95736	4243076	44.30
1965-1969	32	0.00114	0.00114	0.5	95683	109	95629	4147341	43.34
1965-1969	33	0.00123	0.00123	0.5	95574	117	95515	4051712	42.39
1965-1969	34	0.00127	0.00127	0.5	95456	121	95396	3956197	41.45
1965-1969	35	0.00145	0.00145	0.5	95336	138	95266	3860801	40.50
1965-1969	36	0.00144	0.00144	0.5	95197	137	95129	3765535	39.56
1965-1969	37	0.00186	0.00186	0.5	95060	177	94972	3670406	38.61
1965-1969	38	0.00188	0.00188	0.5	94883	178	94794	3575434	37.68
1965-1969	39	0.00211	0.00211	0.5	94705	200	94605	3480640	36.75
1965-1969	40	0.00204	0.00203	0.5	94505	192	94409	3386035	35.83
1965-1969	41	0.00270	0.00269	0.5	94313	254	94186	3291626	34.90
1965-1969	42	0.00267	0.00267	0.5	94059	251	93933	3197440	33.99
1965-1969	43	0.00307	0.00306	0.5	93808	287	93664	3103507	33.08
1965-1969	44	0.00340	0.00339	0.5	93520	317	93362	3009843	32.18
1965-1969	45	0.00373	0.00372	0.5	93203	347	93030	2916482	31.29
1965-1969	46	0.00424	0.00423	0.5	92856	393	92660	2823452	30.41
1965-1969	47	0.00447	0.00446	0.5	92464	413	92257	2730792	29.53
1965-1969	48	0.00460	0.00459	0.5	92051	423	91840	2638535	28.66
1965-1969	49	0.00530	0.00528	0.5	91629	484	91387	2546695	27.79
1965-1969	50	0.00627	0.00625	0.5	91145	570	90860	2455308	26.94
1965-1969	51	0.00668	0.00666	0.5	90575	603	90273	2364449	26.10
1965-1969	52	0.00745	0.00742	0.5	89971	668	89638	2274176	25.28
1965-1969	53	0.00799	0.00796	0.5	89304	711	88948	2184538	24.46
1965-1969	54	0.00872	0.00868	0.5	88593	769	88208	2095590	23.65
1965-1969	55	0.00935	0.00931	0.5	87824	817	87415	2007382	22.86
1965-1969	56	0.01022	0.01017	0.5	87007	885	86564	1919966	22.07
1965-1969	57	0.01129	0.01123	0.5	86122	967	85638	1833402	21.29
1965-1969	58	0.01293	0.01285	0.5	85155	1094	84608	1747764	20.52
1965-1969	59	0.01365	0.01356	0.5	84061	1140	83491	1663156	19.79
1965-1969	60	0.01442	0.01431	0.5	82921	1187	82328	1579665	19.05
1965-1969	61	0.01600	0.01588	0.5	81734	1298	81085	1497337	18.32
1965-1969	62	0.01716	0.01701	0.5	80436	1368	79752	1416252	17.61
1965-1969	63	0.01885	0.01868	0.5	79068	1477	78330	1336500	16.90
1965-1969	64	0.02006	0.01986	0.5	77591	1541	76821	1258170	16.22
1965-1969	65	0.02259	0.02233	0.5	76051	1698	75201	1181349	15.53
1965-1969	66	0.02317	0.02291	0.5	74352	1703	73500	1106148	14.88
1965-1969	67	0.02569	0.02536	0.5	72649	1842	71728	1032647	14.21
1965-1969	68	0.02850	0.02810	0.5	70807	1989	69812	960920	13.57
1965-1969	69	0.03023	0.02978	0.5	68817	2049	67792	891108	12.95
1965-1969	70	0.03250	0.03198	0.5	66768	2135	65700	823316	12.33
1965-1969	71	0.03617	0.03553	0.5	64633	2296	63484	757616	11.72
1965-1969	72	0.04074	0.03993	0.5	62336	2489	61092	694131	11.14
1965-1969	73	0.04255	0.04166	0.5	59847	2493	58600	633040	10.58
1965-1969	74	0.04881	0.04764	0.5	57354	2733	55988	574439	10.02
1965-1969	75	0.05328	0.05189	0.5	54621	2835	53204	518451	9.49
1965-1969	76	0.05860	0.05693	0.5	51787	2948	50313	465247	8.98
1965-1969	77	0.06323	0.06129	0.5	48838	2993	47342	414935	8.50
1965-1969	78	0.06964	0.06730	0.5	45845	3085	44303	367593	8.02
1965-1969	79	0.07863	0.07565	0.5	42760	3235	41142	323290	7.56
1965-1969	80	0.08381	0.08044	0.5	39525	3180	37935	282148	7.14
1965-1969	81	0.08862	0.08486	0.5	36346	3084	34803	244213	6.72
1965-1969	82	0.10072	0.09589	0.5	33261	3189	31667	209409	6.30
1965-1969	83	0.11147	0.10559	0.5	30072	3175	28484	177742	5.91
1965-1969	84	0.12372	0.11651	0.5	26897	3134	25330	149258	5.55
1965-1969	85	0.13403	0.12561	0.5	23763	2985	22271	123928	5.22
1965-1969	86	0.14806	0.13785	0.5	20778	2864	19346	101657	4.89
1965-1969	87	0.15993	0.14809	0.5	17914	2653	16587	82311	4.59
1965-1969	88	0.17162	0.15805	0.5	15261	2412	14055	65724	4.31
1965-1969	89	0.19008	0.17358	0.5	12849	2230	11734	51669	4.02
1965-1969	90	0.20752	0.18801	0.5	10619	1996	9620	39935	3.76
1965-1969	91	0.23096	0.20705	0.5	8622	1785	7730	30315	3.52
1965-1969	92	0.24926	0.22164	0.5	6837	1515	6079	22585	3.30
1965-1969	93	0.27034	0.23815	0.5	5322	1267	4688	16506	3.10
1965-1969	94	0.29255	0.25522	0.5	4054	1035	3537	11818	2.91
1965-1969	95	0.31582	0.27275	0.5	3020	824	2608	8281	2.74
1965-1969	96	0.34010	0.29067	0.5	2196	638	1877	5673	2.58
1965-1969	97	0.36528	0.30887	0.5	1558	481	1317	3796	2.44
1965-1969	98	0.39126	0.32724	0.5	1077	352	900	2479	2.30
1965-1969	99	0.41792	0.34568	0.5	724	250	599	1579	2.18
1965-1969	100	0.44510	0.36407	0.5	474	173	388	980	2.07
1965-1969	101	0.47264	0.38230	0.5	301	115	244	592	1.96
1965-1969	102	0.50040	0.40025	0.5	186	75	149	348	1.87
1965-1969	103	0.52818	0.41784	0.5	112	47	88	199	1.79
1965-1969	104	0.55583	0.43495	0.5	65	28	51	111	1.71
1965-1969	105	0.58316	0.45151	0.5	37	17	28	60	1.64
1965-1969	106	0.61002	0.46745	0.5	20	9	15	32	1.58
1965-1969	107	0.63626	0.48270	0.5	11	5	8	16	1.52
1965-1969	108	0.66173	0.49722	0.5	6	3	4	8	1.47
1965-1969	109	0.68631	0.51097	0.5	3	1	2	4	1.43
1965-1969	110+	0.70991	1.00000	1.41	1	1	2	2	1.41
1970-1974	0	0.01622	0.01599	0.09	100000	1599	98551	7351165	73.51
1970-1974	1	0.00104	0.00104	0.5	98401	102	98350	7252615	73.70
1970-1974	2	0.00063	0.00063	0.5	98299	62	98268	7154265	72.78
1970-1974	3	0.00057	0.00057	0.5	98237	56	98209	7055997	71.83
1970-1974	4	0.00048	0.00048	0.5	98181	47	98157	6957788	70.87
1970-1974	5	0.00049	0.00049	0.5	98133	48	98110	6859631	69.90
1970-1974	6	0.00038	0.00038	0.5	98086	38	98067	6761521	68.93
1970-1974	7	0.00043	0.00043	0.5	98048	42	98027	6663454	67.96
1970-1974	8	0.00032	0.00032	0.5	98006	31	97991	6565427	66.99
1970-1974	9	0.00035	0.00035	0.5	97975	34	97958	6467437	66.01
1970-1974	10	0.00035	0.00035	0.5	97941	34	97924	6369478	65.03
1970-1974	11	0.00033	0.00033	0.5	97907	33	97891	6271554	64.06
1970-1974	12	0.00030	0.00030	0.5	97875	29	97860	6173663	63.08
1970-1974	13	0.00040	0.00040	0.5	97845	39	97826	6075803	62.10
1970-1974	14	0.00045	0.00045	0.5	97806	44	97784	5977977	61.12
1970-1974	15	0.00062	0.00062	0.5	97762	60	97732	5880193	60.15
1970-1974	16	0.00089	0.00089	0.5	97702	87	97658	5782461	59.18
1970-1974	17	0.00100	0.00099	0.5	97615	97	97566	5684803	58.24
1970-1974	18	0.00132	0.00132	0.5	97518	129	97453	5587237	57.29
1970-1974	19	0.00128	0.00128	0.5	97389	125	97326	5489783	56.37
1970-1974	20	0.00125	0.00125	0.5	97264	121	97203	5392457	55.44
1970-1974	21	0.00141	0.00141	0.5	97143	137	97074	5295254	54.51
1970-1974	22	0.00129	0.00129	0.5	97005	125	96943	5198180	53.59
1970-1974	23	0.00122	0.00122	0.5	96881	118	96821	5101237	52.65
1970-1974	24	0.00120	0.00120	0.5	96762	116	96704	5004416	51.72
1970-1974	25	0.00105	0.00105	0.5	96646	101	96595	4907711	50.78
1970-1974	26	0.00094	0.00094	0.5	96545	91	96499	4811116	49.83
1970-1974	27	0.00100	0.00100	0.5	96453	97	96405	4714617	48.88
1970-1974	28	0.00095	0.00095	0.5	96357	91	96311	4618212	47.93
1970-1974	29	0.00093	0.00093	0.5	96266	89	96221	4521901	46.97
1970-1974	30	0.00102	0.00102	0.5	96176	98	96127	4425680	46.02
1970-1974	31	0.00096	0.00096	0.5	96079	92	96032	4329553	45.06
1970-1974	32	0.00111	0.00111	0.5	95986	106	95933	4233520	44.11
1970-1974	33	0.00118	0.00118	0.5	95880	113	95824	4137587	43.15
1970-1974	34	0.00127	0.00127	0.5	95768	122	95707	4041763	42.20
1970-1974	35	0.00133	0.00133	0.5	95646	127	95583	3946056	41.26
1970-1974	36	0.00153	0.00152	0.5	95519	146	95446	3850474	40.31
1970-1974	37	0.00148	0.00148	0.5	95374	141	95303	3755027	39.37
1970-1974	38	0.00168	0.00168	0.5	95232	160	95152	3659724	38.43
1970-1974	39	0.00193	0.00193	0.5	95072	183	94981	3564572	37.49
1970-1974	40	0.00203	0.00203	0.5	94889	193	94793	3469591	36.56
1970-1974	41	0.00240	0.00240	0.5	94697	227	94583	3374799	35.64
1970-1974	42	0.00228	0.00228	0.5	94470	215	94362	3280216	34.72
1970-1974	43	0.00279	0.00278	0.5	94254	262	94123	3185854	33.80
1970-1974	44	0.00282	0.00281	0.5	93992	264	93859	3091731	32.89
1970-1974	45	0.00347	0.00346	0.5	93727	324	93565	2997871	31.99
1970-1974	46	0.00396	0.00395	0.5	93403	369	93219	2904306	31.09
1970-1974	47	0.00428	0.00427	0.5	93034	398	92835	2811088	30.22
1970-1974	48	0.00426	0.00425	0.5	92637	394	92440	2718252	29.34
1970-1974	49	0.00503	0.00501	0.5	92243	462	92012	2625813	28.47
1970-1974	50	0.00524	0.00522	0.5	91781	479	91541	2533801	27.61
1970-1974	51	0.00608	0.00606	0.5	91301	554	91024	2442260	26.75
1970-1974	52	0.00613	0.00611	0.5	90747	555	90470	2351236	25.91
1970-1974	53	0.00726	0.00723	0.5	90193	652	89867	2260766	25.07
1970-1974	54	0.00795	0.00792	0.5	89541	709	89186	2170899	24.24
1970-1974	55	0.00882	0.00878	0.5	88831	780	88441	2081713	23.43
1970-1974	56	0.01005	0.01000	0.5	88051	880	87611	1993272	22.64
1970-1974	57	0.01046	0.01040	0.5	87171	907	86717	1905661	21.86
1970-1974	58	0.01157	0.01150	0.5	86264	992	85768	1818944	21.09
1970-1974	59	0.01256	0.01248	0.5	85272	1064	84740	1733177	20.33
1970-1974	60	0.01393	0.01384	0.5	84208	1165	83625	1648437	19.58
1970-1974	61	0.01468	0.01457	0.5	83043	1210	82438	1564812	18.84
1970-1974	62	0.01647	0.01633	0.5	81833	1337	81164	1482374	18.11
1970-1974	63	0.01833	0.01816	0.5	80496	1462	79765	1401210	17.41
1970-1974	64	0.01965	0.01946	0.5	79034	1538	78265	1321445	16.72
1970-1974	65	0.02148	0.02125	0.5	77496	1647	76673	1243180	16.04
1970-1974	66	0.02198	0.02174	0.5	75849	1649	75025	1166508	15.38
1970-1974	67	0.02503	0.02472	0.5	74200	1834	73283	1091483	14.71
1970-1974	68	0.02639	0.02604	0.5	72366	1885	71424	1018199	14.07
1970-1974	69	0.02915	0.02873	0.5	70481	2025	69469	946776	13.43
1970-1974	70	0.03127	0.03078	0.5	68457	2107	67403	877307	12.82
1970-1974	71	0.03370	0.03315	0.5	66349	2199	65250	809904	12.21
1970-1974	72	0.03788	0.03717	0.5	64150	2385	62958	744654	11.61
1970-1974	73	0.04122	0.04039	0.5	61765	2495	60518	681696	11.04
1970-1974	74	0.04335	0.04243	0.5	59270	2515	58013	621179	10.48
1970-1974	75	0.04970	0.04850	0.5	56756	2753	55379	563166	9.92
1970-1974	76	0.05484	0.05337	0.5	54003	2882	52562	507786	9.40
1970-1974	77	0.05963	0.05790	0.5	51121	2960	49641	455224	8.90
1970-1974	78	0.06525	0.06319	0.5	48161	3043	46639	405584	8.42
1970-1974	79	0.07223	0.06971	0.5	45118	3145	43545	358945	7.96
1970-1974	80	0.07716	0.07429	0.5	41972	3118	40413	315400	7.51
1970-1974	81	0.08219	0.07894	0.5	38854	3067	37321	274986	7.08
1970-1974	82	0.09062	0.08669	0.5	35787	3102	34236	237666	6.64
1970-1974	83	0.10291	0.09787	0.5	32684	3199	31085	203430	6.22
1970-1974	84	0.11358	0.10748	0.5	29486	3169	27901	172345	5.85
1970-1974	85	0.12637	0.11886	0.5	26317	3128	24753	144444	5.49
1970-1974	86	0.13746	0.12862	0.5	23189	2983	21697	119692	5.16
1970-1974	87	0.14638	0.13640	0.5	20206	2756	18828	97994	4.85
1970-1974	88	0.16355	0.15119	0.5	17450	2638	16131	79166	4.54
1970-1974	89	0.17926	0.16452	0.5	14812	2437	13593	63035	4.26
1970-1974	90	0.19339	0.17634	0.5	12375	2182	11284	49442	4.00
1970-1974	91	0.20859	0.18889	0.5	10193	1925	9230	38158	3.74
1970-1974	92	0.22818	0.20482	0.5	8268	1693	7421	28928	3.50
1970-1974	93	0.25186	0.22369	0.5	6574	1471	5839	21507	3.27
1970-1974	94	0.27333	0.24046	0.5	5104	1227	4490	15668	3.07
1970-1974	95	0.29595	0.25780	0.5	3876	999	3377	11178	2.88
1970-1974	96	0.31968	0.27562	0.5	2877	793	2481	7802	2.71
1970-1974	97	0.34443	0.29383	0.5	2084	612	1778	5321	2.55
1970-1974	98	0.37013	0.31233	0.5	1472	460	1242	3543	2.41
1970-1974	99	0.39663	0.33099	0.5	1012	335	845	2301	2.27
1970-1974	100	0.42383	0.34972	0.5	677	237	559	1457	2.15
1970-1974	101	0.45154	0.36838	0.5	440	162	359	898	2.04
1970-1974	102	0.47963	0.38685	0.5	278	108	224	539	1.94
1970-1974	103	0.50789	0.40504	0.5	171	69	136	315	1.85
1970-1974	104	0.53616	0.42282	0.5	101	43	80	179	1.76
1970-1974	105	0.56426	0.44009	0.5	59	26	46	99	1.69
1970-1974	106	0.59199	0.45678	0.5	33	15	25	53	1.62
1970-1974	107	0.61920	0.47281	0.5	18	8	14	28	1.56
1970-1974	108	0.64571	0.48812	0.5	9	5	7	14	1.50
1970-1974	109	0.67140	0.50266	0.5	5	2	4	7	1.46
1970-1974	110+	0.69614	1.00000	1.44	2	2	3	3	1.44
1975-1979	0	0.01218	0.01204	0.08	100000	1204	98895	7536500	75.37
1975-1979	1	0.00085	0.00085	0.5	98796	84	98754	7437605	75.28
1975-1979	2	0.00063	0.00063	0.5	98712	63	98681	7338852	74.35
1975-1979	3	0.00044	0.00044	0.5	98649	43	98628	7240171	73.39
1975-1979	4	0.00039	0.00039	0.5	98606	38	98587	7141543	72.42
1975-1979	5	0.00033	0.00033	0.5	98568	33	98551	7042956	71.45
1975-1979	6	0.00036	0.00036	0.5	98535	35	98517	6944405	70.48
1975-1979	7	0.00033	0.00033	0.5	98499	32	98483	6845888	69.50
1975-1979	8	0.00027	0.00027	0.5	98467	26	98454	6747405	68.52
1975-1979	9	0.00028	0.00028	0.5	98441	27	98427	6648951	67.54
1975-1979	10	0.00027	0.00027	0.5	98414	27	98400	6550523	66.56
1975-1979	11	0.00024	0.00024	0.5	98387	24	98375	6452123	65.58
1975-1979	12	0.00025	0.00025	0.5	98363	25	98351	6353748	64.59
1975-1979	13	0.00041	0.00041	0.5	98339	40	98319	6255397	63.61
1975-1979	14	0.00045	0.00045	0.5	98298	44	98276	6157078	62.64
1975-1979	15	0.00056	0.00056	0.5	98254	55	98227	6058802	61.66
1975-1979	16	0.00069	0.00069	0.5	98200	68	98166	5960575	60.70
1975-1979	17	0.00101	0.00101	0.5	98131	99	98082	5862409	59.74
1975-1979	18	0.00135	0.00135	0.5	98032	132	97966	5764327	58.80
1975-1979	19	0.00121	0.00121	0.5	97900	119	97841	5666361	57.88
1975-1979	20	0.00131	0.00131	0.5	97781	128	97717	5568520	56.95
1975-1979	21	0.00121	0.00121	0.5	97653	118	97594	5470803	56.02
1975-1979	22	0.00103	0.00103	0.5	97535	101	97485	5373209	55.09
1975-1979	23	0.00098	0.00097	0.5	97435	95	97387	5275724	54.15
1975-1979	24	0.00100	0.00099	0.5	97340	97	97291	5178337	53.20
1975-1979	25	0.00094	0.00094	0.5	97243	92	97197	5081046	52.25
1975-1979	26	0.00089	0.00089	0.5	97151	86	97108	4983849	51.30
1975-1979	27	0.00096	0.00096	0.5	97065	93	97018	4886741	50.35
1975-1979	28	0.00091	0.00091	0.5	96972	88	96927	4789723	49.39
1975-1979	29	0.00094	0.00094	0.5	96883	91	96838	4692796	48.44
1975-1979	30	0.00091	0.00091	0.5	96793	88	96749	4595958	47.48
1975-1979	31	0.00087	0.00087	0.5	96705	85	96663	4499209	46.53
1975-1979	32	0.00098	0.00098	0.5	96620	95	96573	4402546	45.57
1975-1979	33	0.00097	0.00097	0.5	96525	94	96478	4305973	44.61
1975-1979	34	0.00107	0.00107	0.5	96432	103	96380	4209495	43.65
1975-1979	35	0.00111	0.00111	0.5	96329	107	96275	4113115	42.70
1975-1979	36	0.00127	0.00127	0.5	96222	122	96161	4016839	41.75
1975-1979	37	0.00125	0.00125	0.5	96100	120	96040	3920679	40.80
1975-1979	38	0.00146	0.00146	0.5	95980	140	95910	3824639	39.85
1975-1979	39	0.00144	0.00144	0.5	95840	138	95771	3728729	38.91
1975-1979	40	0.00171	0.00171	0.5	95702	163	95620	3632958	37.96
1975-1979	41	0.00179	0.00179	0.5	95538	171	95453	3537338	37.03
1975-1979	42	0.00215	0.00214	0.5	95368	204	95265	3441885	36.09
1975-1979	43	0.00220	0.00219	0.5	95163	209	95059	3346619	35.17
1975-1979	44	0.00268	0.00268	0.5	94955	254	94827	3251560	34.24
1975-1979	45	0.00304	0.00303	0.5	94700	287	94557	3156733	33.33
1975-1979	46	0.00330	0.00329	0.5	94413	311	94258	3062176	32.43
1975-1979	47	0.00345	0.00344	0.5	94102	324	93940	2967919	31.54
1975-1979	48	0.00368	0.00368	0.5	93778	345	93606	2873978	30.65
1975-1979	49	0.00422	0.00421	0.5	93434	394	93237	2780372	29.76
1975-1979	50	0.00464	0.00463	0.5	93040	430	92825	2687136	28.88
1975-1979	51	0.00566	0.00565	0.5	92609	523	92348	2594311	28.01
1975-1979	52	0.00569	0.00567	0.5	92086	523	91825	2501963	27.17
1975-1979	53	0.00636	0.00634	0.5	91564	580	91274	2410138	26.32
1975-1979	54	0.00719	0.00717	0.5	90984	652	90658	2318864	25.49
1975-1979	55	0.00727	0.00724	0.5	90332	654	90005	2228206	24.67
1975-1979	56	0.00819	0.00816	0.5	89678	732	89312	2138201	23.84
1975-1979	57	0.00918	0.00913	0.5	88946	812	88540	2048889	23.04
1975-1979	58	0.00970	0.00965	0.5	88134	851	87708	1960349	22.24
1975-1979	59	0.01139	0.01133	0.5	87283	989	86789	1872641	21.45
1975-1979	60	0.01206	0.01199	0.5	86294	1034	85777	1785852	20.69
1975-1979	61	0.01318	0.01310	0.5	85260	1117	84702	1700075	19.94
1975-1979	62	0.01517	0.01505	0.5	84143	1266	83510	1615373	19.20
1975-1979	63	0.01606	0.01593	0.5	82877	1320	82217	1531863	18.48
1975-1979	64	0.01802	0.01786	0.5	81557	1457	80829	1449646	17.77
1975-1979	65	0.01872	0.01854	0.5	80100	1485	79358	1368817	17.09
1975-1979	66	0.02026	0.02005	0.5	78615	1577	77827	1289460	16.40
1975-1979	67	0.02238	0.02214	0.5	77038	1705	76186	1211633	15.73
1975-1979	68	0.02418	0.02389	0.5	75333	1800	74433	1135447	15.07
1975-1979	69	0.02526	0.02495	0.5	73533	1834	72616	1061014	14.43
1975-1979	70	0.02740	0.02703	0.5	71699	1938	70730	988398	13.79
1975-1979	71	0.03073	0.03026	0.5	69761	2111	68705	917668	13.15
1975-1979	72	0.03227	0.03176	0.5	67650	2149	66575	848963	12.55
1975-1979	73	0.03617	0.03552	0.5	65501	2327	64338	782387	11.94
1975-1979	74	0.03951	0.03874	0.5	63174	2448	61951	718050	11.37
1975-1979	75	0.04305	0.04214	0.5	60727	2559	59447	656099	10.80
1975-1979	76	0.04514	0.04414	0.5	58167	2568	56884	596652	10.26
1975-1979	77	0.05095	0.04968	0.5	55600	2762	54219	539769	9.71
1975-1979	78	0.05681	0.05524	0.5	52837	2919	51378	485550	9.19
1975-1979	79	0.06159	0.05975	0.5	49918	2983	48427	434172	8.70
1975-1979	80	0.06627	0.06414	0.5	46936	3010	45431	385745	8.22
1975-1979	81	0.07246	0.06993	0.5	43925	3072	42390	340314	7.75
1975-1979	82	0.08047	0.07736	0.5	40854	3160	39274	297925	7.29
1975-1979	83	0.08914	0.08533	0.5	37693	3217	36085	258651	6.86
1975-1979	84	0.09644	0.09200	0.5	34477	3172	32891	222566	6.46
1975-1979	85	0.10447	0.09928	0.5	31305	3108	29751	189675	6.06
1975-1979	86	0.11885	0.11219	0.5	28197	3163	26615	159924	5.67
1975-1979	87	0.12902	0.12120	0.5	25034	3034	23517	133309	5.33
1975-1979	88	0.14232	0.13287	0.5	22000	2923	20538	109792	4.99
1975-1979	89	0.15782	0.14627	0.5	19077	2790	17681	89254	4.68
1975-1979	90	0.17056	0.15716	0.5	16286	2560	15006	71573	4.39
1975-1979	91	0.18795	0.17181	0.5	13727	2358	12547	56566	4.12
1975-1979	92	0.20154	0.18309	0.5	11368	2081	10328	44019	3.87
1975-1979	93	0.21983	0.19806	0.5	9287	1839	8367	33691	3.63
1975-1979	94	0.23936	0.21378	0.5	7447	1592	6651	25324	3.40
1975-1979	95	0.26013	0.23019	0.5	5855	1348	5181	18673	3.19
1975-1979	96	0.28210	0.24723	0.5	4508	1114	3950	13491	2.99
1975-1979	97	0.30525	0.26483	0.5	3393	899	2944	9541	2.81
1975-1979	98	0.32952	0.28291	0.5	2495	706	2142	6597	2.64
1975-1979	99	0.35481	0.30135	0.5	1789	539	1519	4455	2.49
1975-1979	100	0.38103	0.32006	0.5	1250	400	1050	2936	2.35
1975-1979	101	0.40805	0.33891	0.5	850	288	706	1886	2.22
1975-1979	102	0.43573	0.35778	0.5	562	201	461	1180	2.10
1975-1979	103	0.46389	0.37655	0.5	361	136	293	719	1.99
1975-1979	104	0.49237	0.39510	0.5	225	89	180	426	1.90
1975-1979	105	0.52097	0.41331	0.5	136	56	108	246	1.81
1975-1979	106	0.54950	0.43107	0.5	80	34	63	138	1.73
1975-1979	107	0.57778	0.44828	0.5	45	20	35	75	1.66
1975-1979	108	0.60562	0.46486	0.5	25	12	19	40	1.60
1975-1979	109	0.63285	0.48073	0.5	13	6	10	21	1.55
1975-1979	110+	0.65931	1.00000	1.52	7	7	11	11	1.52
1980-1984	0	0.00970	0.00961	0.08	100000	961	99111	7661840	76.62
1980-1984	1	0.00078	0.00078	0.5	99039	77	99001	7562728	76.36
1980-1984	2	0.00047	0.00047	0.5	98962	47	98939	7463728	75.42
1980-1984	3	0.00032	0.00032	0.5	98916	32	98900	7364789	74.46
1980-1984	4	0.00032	0.00032	0.5	98884	31	98868	7265889	73.48
1980-1984	5	0.00022	0.00022	0.5	98853	22	98842	7167021	72.50
1980-1984	6	0.00026	0.00026	0.5	98831	26	98818	7068179	71.52
1980-1984	7	0.00025	0.00025	0.5	98805	25	98793	6969361	70.54
1980-1984	8	0.00021	0.00021	0.5	98780	21	98770	6870568	69.55
1980-1984	9	0.00021	0.00021	0.5	98759	21	98749	6771798	68.57
1980-1984	10	0.00017	0.00017	0.5	98739	17	98730	6673049	67.58
1980-1984	11	0.00018	0.00018	0.5	98722	17	98713	6574319	66.59
1980-1984	12	0.00022	0.00022	0.5	98704	21	98694	6475606	65.61
1980-1984	13	0.00026	0.00026	0.5	98683	26	98670	6376913	64.62
1980-1984	14	0.00032	0.00032	0.5	98657	32	98641	6278243	63.64
1980-1984	15	0.00041	0.00041	0.5	98625	40	98605	6179602	62.66
1980-1984	16	0.00058	0.00058	0.5	98584	57	98556	6080997	61.68
1980-1984	17	0.00066	0.00066	0.5	98527	65	98495	5982441	60.72
1980-1984	18	0.00088	0.00088	0.5	98462	87	98419	5883946	59.76
1980-1984	19	0.00103	0.00103	0.5	98376	101	98325	5785527	58.81
1980-1984	20	0.00097	0.00097	0.5	98275	95	98227	5687202	57.87
1980-1984	21	0.00106	0.00106	0.5	98179	104	98127	5588975	56.93
1980-1984	22	0.00091	0.00091	0.5	98075	89	98031	5490848	55.99
1980-1984	23	0.00086	0.00086	0.5	97987	84	97944	5392817	55.04
1980-1984	24	0.00086	0.00086	0.5	97902	84	97861	5294873	54.08
1980-1984	25	0.00079	0.00079	0.5	97819	77	97780	5197012	53.13
1980-1984	26	0.00082	0.00082	0.5	97741	80	97701	5099232	52.17
1980-1984	27	0.00075	0.00075	0.5	97661	73	97625	5001531	51.21
1980-1984	28	0.00090	0.00090	0.5	97588	88	97544	4903906	50.25
1980-1984	29	0.00075	0.00075	0.5	97500	73	97464	4806362	49.30
1980-1984	30	0.00078	0.00078	0.5	97428	76	97390	4708898	48.33
1980-1984	31	0.00084	0.00084	0.5	97352	82	97311	4611508	47.37
1980-1984	32	0.00085	0.00085	0.5	97270	83	97229	4514197	46.41
1980-1984	33	0.00088	0.00088	0.5	97187	86	97144	4416968	45.45
1980-1984	34	0.00085	0.00085	0.5	97102	82	97060	4319824	44.49
1980-1984	35	0.00097	0.00097	0.5	97019	94	96972	4222763	43.52
1980-1984	36	0.00099	0.00099	0.5	96926	96	96878	4125791	42.57
1980-1984	37	0.00115	0.00115	0.5	96829	111	96774	4028913	41.61
1980-1984	38	0.00129	0.00129	0.5	96718	125	96656	3932140	40.66
1980-1984	39	0.00142	0.00142	0.5	96593	137	96525	3835484	39.71
1980-1984	40	0.00153	0.00153	0.5	96456	147	96382	3738959	38.76
1980-1984	41	0.00157	0.00157	0.5	96309	151	96233	3642577	37.82
1980-1984	42	0.00163	0.00163	0.5	96158	157	96079	3546344	36.88
1980-1984	43	0.00208	0.00208	0.5	96001	200	95901	3450265	35.94
1980-1984	44	0.00231	0.00231	0.5	95801	221	95690	3354364	35.01
1980-1984	45	0.00241	0.00241	0.5	95580	230	95465	3258674	34.09
1980-1984	46	0.00264	0.00263	0.5	95349	251	95224	3163210	33.17
1980-1984	47	0.00302	0.00302	0.5	95098	287	94955	3067986	32.26
1980-1984	48	0.00367	0.00366	0.5	94811	347	94638	2973031	31.36
1980-1984	49	0.00368	0.00367	0.5	94464	347	94290	2878393	30.47
1980-1984	50	0.00438	0.00437	0.5	94117	411	93911	2784103	29.58
1980-1984	51	0.00491	0.00490	0.5	93706	459	93476	2690191	28.71
1980-1984	52	0.00531	0.00529	0.5	93247	494	93000	2596715	27.85
1980-1984	53	0.00560	0.00558	0.5	92753	518	92494	2503715	26.99
1980-1984	54	0.00580	0.00578	0.5	92235	533	91969	2411221	26.14
1980-1984	55	0.00670	0.00668	0.5	91702	613	91396	2319252	25.29
1980-1984	56	0.00756	0.00754	0.5	91089	686	90746	2227856	24.46
1980-1984	57	0.00832	0.00828	0.5	90403	749	90029	2137110	23.64
1980-1984	58	0.00941	0.00937	0.5	89654	840	89235	2047081	22.83
1980-1984	59	0.01014	0.01008	0.5	88815	896	88367	1957847	22.04
1980-1984	60	0.01101	0.01095	0.5	87919	963	87438	1869480	21.26
1980-1984	61	0.01198	0.01191	0.5	86956	1035	86438	1782043	20.49
1980-1984	62	0.01327	0.01318	0.5	85921	1132	85354	1695604	19.73
1980-1984	63	0.01444	0.01434	0.5	84788	1216	84180	1610250	18.99
1980-1984	64	0.01557	0.01545	0.5	83573	1291	82927	1526069	18.26
1980-1984	65	0.01722	0.01708	0.5	82281	1405	81579	1443142	17.54
1980-1984	66	0.01960	0.01941	0.5	80876	1570	80091	1361564	16.84
1980-1984	67	0.02060	0.02039	0.5	79306	1617	78498	1281473	16.16
1980-1984	68	0.02270	0.02245	0.5	77689	1744	76817	1202975	15.48
1980-1984	69	0.02488	0.02458	0.5	75945	1866	75012	1126158	14.83
1980-1984	70	0.02703	0.02667	0.5	74079	1976	73091	1051146	14.19
1980-1984	71	0.02885	0.02844	0.5	72103	2050	71078	978055	13.56
1980-1984	72	0.03146	0.03097	0.5	70052	2170	68968	906977	12.95
1980-1984	73	0.03486	0.03426	0.5	67883	2326	66720	838010	12.34
1980-1984	74	0.03665	0.03600	0.5	65557	2360	64377	771290	11.77
1980-1984	75	0.03953	0.03877	0.5	63197	2450	61972	706913	11.19
1980-1984	76	0.04452	0.04355	0.5	60747	2646	59424	644941	10.62
1980-1984	77	0.04782	0.04670	0.5	58102	2713	56745	585517	10.08
1980-1984	78	0.05231	0.05097	0.5	55388	2823	53977	528772	9.55
1980-1984	79	0.05835	0.05669	0.5	52565	2980	51075	474795	9.03
1980-1984	80	0.06147	0.05963	0.5	49585	2957	48106	423720	8.55
1980-1984	81	0.06856	0.06629	0.5	46628	3091	45082	375614	8.06
1980-1984	82	0.07442	0.07175	0.5	43537	3124	41975	330532	7.59
1980-1984	83	0.08363	0.08028	0.5	40413	3244	38791	288557	7.14
1980-1984	84	0.09084	0.08690	0.5	37169	3230	35554	249766	6.72
1980-1984	85	0.09994	0.09519	0.5	33939	3231	32324	214212	6.31
1980-1984	86	0.11002	0.10428	0.5	30708	3202	29107	181889	5.92
1980-1984	87	0.12369	0.11649	0.5	27506	3204	25904	152782	5.55
1980-1984	88	0.13373	0.12535	0.5	24302	3046	22779	126878	5.22
1980-1984	89	0.14424	0.13454	0.5	21256	2860	19826	104099	4.90
1980-1984	90	0.15914	0.14741	0.5	18396	2712	17040	84273	4.58
1980-1984	91	0.17299	0.15922	0.5	15684	2497	14435	67233	4.29
1980-1984	92	0.19154	0.17480	0.5	13187	2305	12034	52798	4.00
1980-1984	93	0.21083	0.19073	0.5	10882	2075	9844	40763	3.75
1980-1984	94	0.22971	0.20604	0.5	8806	1815	7899	30919	3.51
1980-1984	95	0.24981	0.22207	0.5	6992	1553	6216	23020	3.29
1980-1984	96	0.27112	0.23875	0.5	5439	1299	4790	16804	3.09
1980-1984	97	0.29361	0.25602	0.5	4141	1060	3611	12015	2.90
1980-1984	98	0.31723	0.27380	0.5	3080	843	2659	8404	2.73
1980-1984	99	0.34190	0.29199	0.5	2237	653	1910	5745	2.57
1980-1984	100	0.36754	0.31048	0.5	1584	492	1338	3835	2.42
1980-1984	101	0.39403	0.32918	0.5	1092	359	912	2497	2.29
1980-1984	102	0.42123	0.34795	0.5	733	255	605	1584	2.16
1980-1984	103	0.44900	0.36668	0.5	478	175	390	979	2.05
1980-1984	104	0.47716	0.38525	0.5	303	117	244	589	1.95
1980-1984	105	0.50553	0.40353	0.5	186	75	148	345	1.85
1980-1984	106	0.53394	0.42143	0.5	111	47	88	197	1.77
1980-1984	107	0.56219	0.43884	0.5	64	28	50	109	1.70
1980-1984	108	0.59010	0.45566	0.5	36	16	28	59	1.63
1980-1984	109	0.61749	0.47182	0.5	20	9	15	31	1.58
1980-1984	110+	0.64421	1.00000	1.55	10	10	16	16	1.55
1985-1989	0	0.00826	0.00819	0.07	100000	819	99239	7725020	77.25
1985-1989	1	0.00064	0.00064	0.5	99181	63	99149	7625781	76.89
1985-1989	2	0.00035	0.00035	0.5	99117	34	99100	7526632	75.94
1985-1989	3	0.00034	0.00034	0.5	99083	33	99066	7427532	74.96
1985-1989	4	0.00026	0.00026	0.5	99050	26	99037	7328465	73.99
1985-1989	5	0.00024	0.00024	0.5	99024	24	99012	7229429	73.01
1985-1989	6	0.00024	0.00024	0.5	99000	24	98988	7130417	72.02
1985-1989	7	0.00020	0.00020	0.5	98976	20	98966	7031429	71.04
1985-1989	8	0.00021	0.00021	0.5	98956	21	98946	6932463	70.06
1985-1989	9	0.00020	0.00020	0.5	98935	19	98926	6833517	69.07
1985-1989	10	0.00014	0.00014	0.5	98916	14	98909	6734592	68.08
1985-1989	11	0.00019	0.00019	0.5	98903	19	98893	6635682	67.09
1985-1989	12	0.00025	0.00025	0.5	98884	25	98871	6536789	66.11
1985-1989	13	0.00027	0.00027	0.5	98859	26	98846	6437918	65.12
1985-1989	14	0.00035	0.00035	0.5	98832	35	98815	6339073	64.14
1985-1989	15	0.00049	0.00049	0.5	98797	49	98773	6240258	63.16
1985-1989	16	0.00067	0.00067	0.5	98749	67	98715	6141485	62.19
1985-1989	17	0.00077	0.00076	0.5	98682	75	98644	6042769	61.23
1985-1989	18	0.00091	0.00091	0.5	98607	90	98562	5944125	60.28
1985-1989	19	0.00098	0.00098	0.5	98516	97	98468	5845563	59.34
1985-1989	20	0.00084	0.00084	0.5	98420	83	98378	5747095	58.39
1985-1989	21	0.00079	0.00079	0.5	98337	78	98298	5648717	57.44
1985-1989	22	0.00081	0.00080	0.5	98259	79	98219	5550419	56.49
1985-1989	23	0.00076	0.00076	0.5	98180	75	98142	5452200	55.53
1985-1989	24	0.00071	0.00071	0.5	98105	70	98070	5354058	54.57
1985-1989	25	0.00065	0.00065	0.5	98035	64	98004	5255987	53.61
1985-1989	26	0.00080	0.00080	0.5	97972	78	97933	5157984	52.65
1985-1989	27	0.00080	0.00080	0.5	97893	78	97855	5060051	51.69
1985-1989	28	0.00079	0.00079	0.5	97816	77	97777	4962197	50.73
1985-1989	29	0.00081	0.00081	0.5	97738	79	97699	4864420	49.77
1985-1989	30	0.00074	0.00074	0.5	97659	72	97623	4766721	48.81
1985-1989	31	0.00080	0.00080	0.5	97587	78	97548	4669099	47.85
1985-1989	32	0.00080	0.00080	0.5	97508	78	97470	4571551	46.88
1985-1989	33	0.00088	0.00088	0.5	97431	86	97388	4474081	45.92
1985-1989	34	0.00083	0.00083	0.5	97345	80	97304	4376694	44.96
1985-1989	35	0.00103	0.00103	0.5	97264	100	97214	4279389	44.00
1985-1989	36	0.00100	0.00100	0.5	97164	97	97116	4182175	43.04
1985-1989	37	0.00119	0.00119	0.5	97067	116	97009	4085059	42.08
1985-1989	38	0.00126	0.00126	0.5	96951	122	96890	3988050	41.13
1985-1989	39	0.00134	0.00133	0.5	96829	129	96765	3891160	40.19
1985-1989	40	0.00133	0.00133	0.5	96700	128	96636	3794395	39.24
1985-1989	41	0.00158	0.00158	0.5	96572	153	96495	3697759	38.29
1985-1989	42	0.00162	0.00162	0.5	96419	156	96341	3601264	37.35
1985-1989	43	0.00191	0.00190	0.5	96263	183	96171	3504923	36.41
1985-1989	44	0.00198	0.00198	0.5	96080	190	95985	3408751	35.48
1985-1989	45	0.00225	0.00224	0.5	95890	215	95782	3312767	34.55
1985-1989	46	0.00263	0.00263	0.5	95675	251	95549	3216985	33.62
1985-1989	47	0.00268	0.00268	0.5	95423	255	95295	3121436	32.71
1985-1989	48	0.00323	0.00322	0.5	95168	307	95014	3026140	31.80
1985-1989	49	0.00329	0.00329	0.5	94861	312	94705	2931126	30.90
1985-1989	50	0.00388	0.00387	0.5	94549	366	94366	2836421	30.00
1985-1989	51	0.00437	0.00436	0.5	94183	411	93978	2742055	29.11
1985-1989	52	0.00493	0.00492	0.5	93772	461	93542	2648077	28.24
1985-1989	53	0.00521	0.00519	0.5	93311	485	93069	2554535	27.38
1985-1989	54	0.00548	0.00547	0.5	92826	507	92573	2461467	26.52
1985-1989	55	0.00642	0.00640	0.5	92319	591	92024	2368894	25.66
1985-1989	56	0.00721	0.00719	0.5	91728	659	91398	2276870	24.82
1985-1989	57	0.00733	0.00730	0.5	91069	665	90736	2185472	24.00
1985-1989	58	0.00879	0.00875	0.5	90404	791	90008	2094736	23.17
1985-1989	59	0.00919	0.00915	0.5	89613	820	89202	2004728	22.37
1985-1989	60	0.00983	0.00978	0.5	88792	869	88358	1915525	21.57
1985-1989	61	0.01154	0.01147	0.5	87924	1008	87420	1827167	20.78
1985-1989	62	0.01277	0.01269	0.5	86915	1103	86364	1739747	20.02
1985-1989	63	0.01361	0.01352	0.5	85812	1160	85232	1653384	19.27
1985-1989	64	0.01480	0.01469	0.5	84652	1243	84031	1568151	18.52
1985-1989	65	0.01549	0.01538	0.5	83409	1282	82768	1484120	17.79
1985-1989	66	0.01810	0.01794	0.5	82127	1473	81390	1401352	17.06
1985-1989	67	0.01898	0.01880	0.5	80653	1516	79895	1319963	16.37
1985-1989	68	0.02080	0.02059	0.5	79137	1629	78322	1240067	15.67
1985-1989	69	0.02263	0.02237	0.5	77508	1734	76641	1161745	14.99
1985-1989	70	0.02510	0.02479	0.5	75774	1878	74834	1085104	14.32
1985-1989	71	0.02786	0.02748	0.5	73895	2031	72880	1010270	13.67
1985-1989	72	0.03042	0.02997	0.5	71865	2154	70788	937390	13.04
1985-1989	73	0.03450	0.03391	0.5	69711	2364	68529	866602	12.43
1985-1989	74	0.03598	0.03534	0.5	67347	2380	66157	798073	11.85
1985-1989	75	0.03880	0.03806	0.5	64967	2472	63731	731916	11.27
1985-1989	76	0.04232	0.04144	0.5	62495	2590	61200	668185	10.69
1985-1989	77	0.04537	0.04437	0.5	59905	2658	58576	606985	10.13
1985-1989	78	0.05109	0.04981	0.5	57247	2852	55821	548409	9.58
1985-1989	79	0.05708	0.05550	0.5	54395	3019	52886	492588	9.06
1985-1989	80	0.06277	0.06086	0.5	51376	3127	49813	439703	8.56
1985-1989	81	0.06744	0.06524	0.5	48249	3148	46676	389890	8.08
1985-1989	82	0.07323	0.07065	0.5	45102	3186	43509	343214	7.61
1985-1989	83	0.08003	0.07695	0.5	41916	3225	40303	299706	7.15
1985-1989	84	0.08910	0.08530	0.5	38690	3300	37040	259403	6.70
1985-1989	85	0.09871	0.09407	0.5	35390	3329	33725	222363	6.28
1985-1989	86	0.10709	0.10165	0.5	32061	3259	30431	188637	5.88
1985-1989	87	0.12091	0.11402	0.5	28802	3284	27160	158206	5.49
1985-1989	88	0.13459	0.12611	0.5	25518	3218	23909	131046	5.14
1985-1989	89	0.14856	0.13829	0.5	22300	3084	20758	107137	4.80
1985-1989	90	0.16041	0.14850	0.5	19216	2854	17789	86379	4.50
1985-1989	91	0.17710	0.16269	0.5	16363	2662	15032	68589	4.19
1985-1989	92	0.19994	0.18177	0.5	13700	2490	12455	53558	3.91
1985-1989	93	0.21451	0.19373	0.5	11210	2172	10124	41102	3.67
1985-1989	94	0.23465	0.21001	0.5	9038	1898	8089	30978	3.43
1985-1989	95	0.25616	0.22708	0.5	7140	1621	6330	22889	3.21
1985-1989	96	0.27902	0.24486	0.5	5519	1351	4843	16559	3.00
1985-1989	97	0.30317	0.26326	0.5	4168	1097	3619	11716	2.81
1985-1989	98	0.32856	0.28220	0.5	3070	866	2637	8097	2.64
1985-1989	99	0.35509	0.30155	0.5	2204	665	1872	5460	2.48
1985-1989	100	0.38264	0.32119	0.5	1539	494	1292	3589	2.33
1985-1989	101	0.41106	0.34098	0.5	1045	356	867	2296	2.20
1985-1989	102	0.44019	0.36078	0.5	689	248	564	1430	2.08
1985-1989	103	0.46981	0.38045	0.5	440	167	356	865	1.97
1985-1989	104	0.49975	0.39984	0.5	273	109	218	509	1.87
1985-1989	105	0.52976	0.41882	0.5	164	69	129	291	1.78
1985-1989	106	0.55964	0.43728	0.5	95	42	74	161	1.70
1985-1989	107	0.58916	0.45509	0.5	54	24	41	87	1.62
1985-1989	108	0.61811	0.47218	0.5	29	14	22	46	1.56
1985-1989	109	0.64631	0.48846	0.5	15	8	12	23	1.52
1985-1989	110+	0.67358	1.00000	1.48	8	8	12	12	1.48
1990-1994	0	0.00736	0.00731	0.07	100000	731	99319	7798732	77.99
1990-1994	1	0.00056	0.00056	0.5	99269	56	99241	7699413	77.56
1990-1994	2	0.00035	0.00035	0.5	99213	34	99196	7600172	76.60
1990-1994	3	0.00022	0.00022	0.5	99179	22	99168	7500975	75.63
1990-1994	4	0.00023	0.00023	0.5	99157	23	99146	7401807	74.65
1990-1994	5	0.00022	0.00022	0.5	99134	22	99123	7302662	73.66
1990-1994	6	0.00019	0.00019	0.5	99112	18	99103	7203538	72.68
1990-1994	7	0.00013	0.00013	0.5	99094	13	99087	7104435	71.69
1990-1994	8	0.00011	0.00011	0.5	99080	11	99075	7005348	70.70
1990-1994	9	0.00012	0.00012	0.5	99069	12	99063	6906273	69.71
1990-1994	10	0.00016	0.00016	0.5	99057	16	99049	6807210	68.72
1990-1994	11	0.00017	0.00017	0.5	99041	16	99033	6708161	67.73
1990-1994	12	0.00019	0.00019	0.5	99025	19	99015	6609128	66.74
1990-1994	13	0.00024	0.00024	0.5	99006	24	98994	6510112	65.75
1990-1994	14	0.00031	0.00031	0.5	98982	31	98967	6411118	64.77
1990-1994	15	0.00033	0.00033	0.5	98951	33	98935	6312151	63.79
1990-1994	16	0.00053	0.00053	0.5	98919	53	98892	6213216	62.81
1990-1994	17	0.00070	0.00069	0.5	98866	69	98832	6114324	61.84
1990-1994	18	0.00084	0.00084	0.5	98797	83	98756	6015492	60.89
1990-1994	19	0.00081	0.00081	0.5	98715	80	98675	5916736	59.94
1990-1994	20	0.00088	0.00088	0.5	98634	87	98591	5818062	58.99
1990-1994	21	0.00091	0.00091	0.5	98547	89	98503	5719471	58.04
1990-1994	22	0.00077	0.00077	0.5	98458	76	98420	5620968	57.09
1990-1994	23	0.00080	0.00080	0.5	98382	79	98343	5522548	56.13
1990-1994	24	0.00082	0.00082	0.5	98303	81	98263	5424206	55.18
1990-1994	25	0.00068	0.00068	0.5	98222	67	98189	5325943	54.22
1990-1994	26	0.00074	0.00074	0.5	98156	73	98119	5227754	53.26
1990-1994	27	0.00078	0.00078	0.5	98083	77	98044	5129635	52.30
1990-1994	28	0.00088	0.00088	0.5	98006	87	97963	5031590	51.34
1990-1994	29	0.00079	0.00079	0.5	97919	78	97881	4933628	50.38
1990-1994	30	0.00084	0.00084	0.5	97842	83	97801	4835747	49.42
1990-1994	31	0.00100	0.00100	0.5	97759	98	97710	4737947	48.47
1990-1994	32	0.00088	0.00088	0.5	97661	86	97618	4640236	47.51
1990-1994	33	0.00092	0.00092	0.5	97576	90	97531	4542618	46.55
1990-1994	34	0.00103	0.00103	0.5	97486	100	97435	4445087	45.60
1990-1994	35	0.00116	0.00116	0.5	97385	113	97329	4347652	44.64
1990-1994	36	0.00115	0.00115	0.5	97272	112	97216	4250323	43.70
1990-1994	37	0.00119	0.00119	0.5	97160	116	97102	4153107	42.75
1990-1994	38	0.00128	0.00128	0.5	97044	124	96982	4056006	41.80
1990-1994	39	0.00134	0.00134	0.5	96920	130	96855	3959024	40.85
1990-1994	40	0.00151	0.00151	0.5	96790	146	96717	3862169	39.90
1990-1994	41	0.00162	0.00162	0.5	96644	156	96566	3765452	38.96
1990-1994	42	0.00175	0.00175	0.5	96488	169	96403	3668886	38.02
1990-1994	43	0.00191	0.00190	0.5	96319	183	96227	3572482	37.09
1990-1994	44	0.00178	0.00177	0.5	96136	171	96050	3476255	36.16
1990-1994	45	0.00218	0.00218	0.5	95965	209	95861	3380205	35.22
1990-1994	46	0.00235	0.00235	0.5	95756	225	95644	3284344	34.30
1990-1994	47	0.00258	0.00258	0.5	95531	246	95408	3188700	33.38
1990-1994	48	0.00292	0.00292	0.5	95285	278	95146	3093292	32.46
1990-1994	49	0.00316	0.00315	0.5	95007	299	94857	2998146	31.56
1990-1994	50	0.00354	0.00354	0.5	94708	335	94540	2903288	30.66
1990-1994	51	0.00368	0.00367	0.5	94373	346	94200	2808748	29.76
1990-1994	52	0.00409	0.00408	0.5	94026	383	93835	2714549	28.87
1990-1994	53	0.00481	0.00479	0.5	93643	449	93418	2620714	27.99
1990-1994	54	0.00529	0.00527	0.5	93194	491	92948	2527296	27.12
1990-1994	55	0.00569	0.00567	0.5	92703	526	92440	2434347	26.26
1990-1994	56	0.00608	0.00606	0.5	92177	559	91897	2341908	25.41
1990-1994	57	0.00685	0.00683	0.5	91618	626	91305	2250010	24.56
1990-1994	58	0.00774	0.00771	0.5	90992	701	90641	2158705	23.72
1990-1994	59	0.00829	0.00826	0.5	90291	746	89918	2068064	22.90
1990-1994	60	0.00919	0.00915	0.5	89545	820	89135	1978146	22.09
1990-1994	61	0.01027	0.01022	0.5	88726	907	88272	1889011	21.29
1990-1994	62	0.01186	0.01179	0.5	87819	1035	87301	1800739	20.51
1990-1994	63	0.01235	0.01227	0.5	86784	1065	86251	1713437	19.74
1990-1994	64	0.01391	0.01381	0.5	85719	1184	85127	1627186	18.98
1990-1994	65	0.01486	0.01475	0.5	84535	1247	83911	1542060	18.24
1990-1994	66	0.01607	0.01594	0.5	83287	1327	82624	1458149	17.51
1990-1994	67	0.01834	0.01817	0.5	81960	1489	81215	1375525	16.78
1990-1994	68	0.01972	0.01953	0.5	80471	1572	79685	1294309	16.08
1990-1994	69	0.02180	0.02156	0.5	78899	1701	78049	1214624	15.39
1990-1994	70	0.02361	0.02333	0.5	77198	1801	76297	1136576	14.72
1990-1994	71	0.02598	0.02565	0.5	75397	1934	74430	1060279	14.06
1990-1994	72	0.02843	0.02803	0.5	73463	2059	72433	985849	13.42
1990-1994	73	0.03083	0.03036	0.5	71403	2168	70319	913416	12.79
1990-1994	74	0.03426	0.03368	0.5	69235	2332	68069	843096	12.18
1990-1994	75	0.03561	0.03499	0.5	66904	2341	65733	775027	11.58
1990-1994	76	0.04081	0.03999	0.5	64563	2582	63272	709294	10.99
1990-1994	77	0.04434	0.04338	0.5	61981	2689	60636	646022	10.42
1990-1994	78	0.04686	0.04579	0.5	59292	2715	57935	585386	9.87
1990-1994	79	0.05223	0.05090	0.5	56577	2880	55137	527451	9.32
1990-1994	80	0.05788	0.05625	0.5	53697	3021	52187	472314	8.80
1990-1994	81	0.06339	0.06144	0.5	50677	3114	49120	420127	8.29
1990-1994	82	0.07048	0.06808	0.5	47563	3238	45944	371007	7.80
1990-1994	83	0.07734	0.07446	0.5	44325	3300	42675	325063	7.33
1990-1994	84	0.08546	0.08195	0.5	41025	3362	39343	282389	6.88
1990-1994	85	0.09473	0.09045	0.5	37662	3407	35959	243045	6.45
1990-1994	86	0.10374	0.09862	0.5	34256	3378	32567	207086	6.05
1990-1994	87	0.11542	0.10912	0.5	30877	3369	29193	174519	5.65
1990-1994	88	0.12628	0.11878	0.5	27508	3267	25874	145327	5.28
1990-1994	89	0.14180	0.13241	0.5	24241	3210	22636	119452	4.93
1990-1994	90	0.15584	0.14457	0.5	21031	3041	19511	96816	4.60
1990-1994	91	0.16724	0.15434	0.5	17990	2777	16602	77306	4.30
1990-1994	92	0.18992	0.17345	0.5	15214	2639	13894	60704	3.99
1990-1994	93	0.20924	0.18942	0.5	12575	2382	11384	46809	3.72
1990-1994	94	0.22945	0.20583	0.5	10193	2098	9144	35425	3.48
1990-1994	95	0.25106	0.22306	0.5	8095	1806	7192	26281	3.25
1990-1994	96	0.27407	0.24104	0.5	6289	1516	5531	19089	3.04
1990-1994	97	0.29843	0.25968	0.5	4773	1240	4154	13558	2.84
1990-1994	98	0.32407	0.27888	0.5	3534	986	3041	9404	2.66
1990-1994	99	0.35090	0.29853	0.5	2548	761	2168	6363	2.50
1990-1994	100	0.37880	0.31848	0.5	1788	569	1503	4195	2.35
1990-1994	101	0.40761	0.33860	0.5	1218	412	1012	2693	2.21
1990-1994	102	0.43716	0.35875	0.5	806	289	661	1681	2.09
1990-1994	103	0.46725	0.37876	0.5	517	196	419	1019	1.97
1990-1994	104	0.49766	0.39850	0.5	321	128	257	601	1.87
1990-1994	105	0.52817	0.41783	0.5	193	81	153	344	1.78
1990-1994	106	0.55854	0.43661	0.5	112	49	88	191	1.70
1990-1994	107	0.58854	0.45473	0.5	63	29	49	103	1.63
1990-1994	108	0.61797	0.47210	0.5	35	16	26	54	1.56
1990-1994	109	0.64661	0.48863	0.5	18	9	14	28	1.51
1990-1994	110+	0.67429	1.00000	1.48	9	9	14	14	1.48
1995-1999	0	0.00626	0.00622	0.07	100000	622	99418	7854537	78.55
1995-1999	1	0.00045	0.00045	0.5	99378	45	99355	7755118	78.04
1995-1999	2	0.00026	0.00026	0.5	99333	26	99320	7655763	77.07
1995-1999	3	0.00033	0.00033	0.5	99307	32	99290	7556443	76.09
1995-1999	4	0.00019	0.00019	0.5	99274	18	99265	7457153	75.12
1995-1999	5	0.00019	0.00019	0.5	99256	19	99246	7357888	74.13
1995-1999	6	0.00015	0.00015	0.5	99237	14	99229	7258642	73.14
1995-1999	7	0.00016	0.00016	0.5	99222	16	99214	7159413	72.16
1995-1999	8	0.00018	0.00018	0.5	99206	18	99197	7060199	71.17
1995-1999	9	0.00014	0.00014	0.5	99188	14	99181	6961001	70.18
1995-1999	10	0.00012	0.00012	0.5	99174	12	99168	6861820	69.19
1995-1999	11	0.00015	0.00015	0.5	99162	14	99155	6762652	68.20
1995-1999	12	0.00016	0.00016	0.5	99147	16	99140	6663497	67.21
1995-1999	13	0.00021	0.00021	0.5	99132	21	99121	6564358	66.22
1995-1999	14	0.00031	0.00031	0.5	99111	30	99096	6465236	65.23
1995-1999	15	0.00034	0.00034	0.5	99081	34	99064	6366141	64.25
1995-1999	16	0.00051	0.00051	0.5	99046	50	99021	6267077	63.27
1995-1999	17	0.00066	0.00066	0.5	98996	65	98963	6168056	62.31
1995-1999	18	0.00078	0.00078	0.5	98931	77	98892	6069092	61.35
1995-1999	19	0.00071	0.00071	0.5	98853	71	98818	5970200	60.39
1995-1999	20	0.00071	0.00071	0.5	98783	70	98748	5871382	59.44
1995-1999	21	0.00079	0.00079	0.5	98713	78	98674	5772634	58.48
1995-1999	22	0.00071	0.00071	0.5	98635	70	98600	5673961	57.52
1995-1999	23	0.00072	0.00072	0.5	98565	71	98529	5575361	56.57
1995-1999	24	0.00069	0.00069	0.5	98493	68	98459	5476832	55.61
1995-1999	25	0.00069	0.00069	0.5	98425	68	98391	5378373	54.64
1995-1999	26	0.00067	0.00067	0.5	98357	66	98324	5279982	53.68
1995-1999	27	0.00066	0.00066	0.5	98291	65	98258	5181658	52.72
1995-1999	28	0.00069	0.00069	0.5	98226	68	98192	5083400	51.75
1995-1999	29	0.00061	0.00061	0.5	98158	60	98128	4985208	50.79
1995-1999	30	0.00075	0.00075	0.5	98098	74	98061	4887080	49.82
1995-1999	31	0.00080	0.00080	0.5	98024	78	97985	4789018	48.86
1995-1999	32	0.00086	0.00086	0.5	97946	84	97904	4691033	47.89
1995-1999	33	0.00080	0.00080	0.5	97862	78	97823	4593129	46.93
1995-1999	34	0.00092	0.00091	0.5	97784	89	97740	4495306	45.97
1995-1999	35	0.00107	0.00107	0.5	97695	104	97643	4397566	45.01
1995-1999	36	0.00113	0.00113	0.5	97591	111	97535	4299924	44.06
1995-1999	37	0.00118	0.00118	0.5	97480	115	97423	4202388	43.11
1995-1999	38	0.00131	0.00131	0.5	97365	127	97302	4104966	42.16
1995-1999	39	0.00123	0.00123	0.5	97238	119	97179	4007664	41.21
1995-1999	40	0.00128	0.00127	0.5	97119	124	97057	3910485	40.26
1995-1999	41	0.00152	0.00152	0.5	96995	147	96921	3813429	39.32
1995-1999	42	0.00167	0.00167	0.5	96848	161	96767	3716507	38.37
1995-1999	43	0.00181	0.00181	0.5	96687	175	96599	3619740	37.44
1995-1999	44	0.00196	0.00196	0.5	96512	189	96418	3523140	36.50
1995-1999	45	0.00212	0.00212	0.5	96323	204	96221	3426723	35.58
1995-1999	46	0.00230	0.00230	0.5	96119	221	96009	3330502	34.65
1995-1999	47	0.00256	0.00256	0.5	95898	246	95775	3234493	33.73
1995-1999	48	0.00275	0.00275	0.5	95653	263	95521	3138718	32.81
1995-1999	49	0.00290	0.00290	0.5	95390	277	95251	3043197	31.90
1995-1999	50	0.00314	0.00313	0.5	95113	298	94964	2947945	30.99
1995-1999	51	0.00374	0.00373	0.5	94815	354	94638	2852981	30.09
1995-1999	52	0.00382	0.00381	0.5	94461	360	94281	2758343	29.20
1995-1999	53	0.00434	0.00433	0.5	94102	407	93898	2664061	28.31
1995-1999	54	0.00465	0.00463	0.5	93694	434	93477	2570163	27.43
1995-1999	55	0.00516	0.00515	0.5	93260	480	93020	2476686	26.56
1995-1999	56	0.00583	0.00581	0.5	92780	539	92510	2383666	25.69
1995-1999	57	0.00656	0.00654	0.5	92240	603	91939	2291156	24.84
1995-1999	58	0.00706	0.00703	0.5	91637	645	91315	2199217	24.00
1995-1999	59	0.00799	0.00796	0.5	90993	724	90631	2107902	23.17
1995-1999	60	0.00868	0.00864	0.5	90269	780	89879	2017271	22.35
1995-1999	61	0.00969	0.00964	0.5	89489	863	89057	1927393	21.54
1995-1999	62	0.01089	0.01083	0.5	88626	960	88146	1838335	20.74
1995-1999	63	0.01190	0.01183	0.5	87666	1037	87148	1750189	19.96
1995-1999	64	0.01265	0.01257	0.5	86629	1089	86085	1663042	19.20
1995-1999	65	0.01411	0.01401	0.5	85540	1198	84941	1576957	18.44
1995-1999	66	0.01500	0.01489	0.5	84342	1255	83714	1492016	17.69
1995-1999	67	0.01642	0.01629	0.5	83086	1353	82410	1408302	16.95
1995-1999	68	0.01777	0.01761	0.5	81733	1440	81013	1325892	16.22
1995-1999	69	0.02073	0.02051	0.5	80294	1647	79470	1244878	15.50
1995-1999	70	0.02266	0.02240	0.5	78646	1762	77765	1165408	14.82
1995-1999	71	0.02525	0.02493	0.5	76884	1917	75926	1087643	14.15
1995-1999	72	0.02746	0.02709	0.5	74967	2031	73952	1011717	13.50
1995-1999	73	0.02955	0.02912	0.5	72936	2124	71874	937766	12.86
1995-1999	74	0.03224	0.03172	0.5	70812	2246	69689	865891	12.23
1995-1999	75	0.03339	0.03284	0.5	68566	2252	67440	796202	11.61
1995-1999	76	0.03826	0.03754	0.5	66314	2490	65070	728762	10.99
1995-1999	77	0.04069	0.03988	0.5	63825	2545	62552	663692	10.40
1995-1999	78	0.04596	0.04493	0.5	61280	2753	59903	601140	9.81
1995-1999	79	0.05092	0.04965	0.5	58527	2906	57074	541237	9.25
1995-1999	80	0.05725	0.05565	0.5	55621	3095	54073	484163	8.70
1995-1999	81	0.06289	0.06097	0.5	52525	3203	50924	430090	8.19
1995-1999	82	0.07064	0.06823	0.5	49323	3365	47640	379166	7.69
1995-1999	83	0.07756	0.07467	0.5	45957	3432	44242	331526	7.21
1995-1999	84	0.08468	0.08124	0.5	42526	3455	40799	287285	6.76
1995-1999	85	0.09639	0.09196	0.5	39071	3593	37275	246486	6.31
1995-1999	86	0.10776	0.10225	0.5	35478	3628	33664	209211	5.90
1995-1999	87	0.11620	0.10982	0.5	31851	3498	30102	175547	5.51
1995-1999	88	0.13232	0.12411	0.5	28353	3519	26593	145445	5.13
1995-1999	89	0.14502	0.13522	0.5	24834	3358	23155	118852	4.79
1995-1999	90	0.15956	0.14777	0.5	21476	3173	19889	95697	4.46
1995-1999	91	0.17878	0.16411	0.5	18303	3004	16801	75808	4.14
1995-1999	92	0.19587	0.17840	0.5	15299	2729	13934	59007	3.86
1995-1999	93	0.21786	0.19646	0.5	12570	2469	11335	45073	3.59
1995-1999	94	0.23970	0.21404	0.5	10100	2162	9019	33738	3.34
1995-1999	95	0.26305	0.23248	0.5	7938	1845	7016	24718	3.11
1995-1999	96	0.28789	0.25167	0.5	6093	1533	5326	17703	2.91
1995-1999	97	0.31415	0.27151	0.5	4560	1238	3941	12376	2.71
1995-1999	98	0.34173	0.29186	0.5	3322	969	2837	8436	2.54
1995-1999	99	0.37051	0.31260	0.5	2352	735	1984	5599	2.38
1995-1999	100	0.40031	0.33355	0.5	1617	539	1347	3615	2.24
1995-1999	101	0.43095	0.35455	0.5	1078	382	887	2267	2.10
1995-1999	102	0.46220	0.37543	0.5	696	261	565	1381	1.99
1995-1999	103	0.49383	0.39604	0.5	434	172	348	816	1.88
1995-1999	104	0.52558	0.41620	0.5	262	109	208	467	1.78
1995-1999	105	0.55719	0.43578	0.5	153	67	120	260	1.70
1995-1999	106	0.58841	0.45465	0.5	86	39	67	140	1.62
1995-1999	107	0.61899	0.47269	0.5	47	22	36	73	1.55
1995-1999	108	0.64871	0.48983	0.5	25	12	19	37	1.49
1995-1999	109	0.67737	0.50600	0.5	13	6	9	18	1.45
1995-1999	110+	0.70480	1.00000	1.42	6	6	9	9	1.42
2000-2004	0	0.00522	0.00520	0.06	100000	520	99513	7943048	79.43
2000-2004	1	0.00041	0.00041	0.5	99480	41	99460	7843535	78.85
2000-2004	2	0.00025	0.00025	0.5	99440	25	99427	7744075	77.88
2000-2004	3	0.00021	0.00021	0.5	99414	21	99404	7644649	76.90
2000-2004	4	0.00016	0.00016	0.5	99394	16	99386	7545245	75.91
2000-2004	5	0.00019	0.00019	0.5	99378	19	99368	7445859	74.92
2000-2004	6	0.00012	0.00012	0.5	99359	12	99353	7346490	73.94
2000-2004	7	0.00012	0.00012	0.5	99347	12	99341	7247137	72.95
2000-2004	8	0.00014	0.00014	0.5	99335	14	99328	7147796	71.96
2000-2004	9	0.00010	0.00010	0.5	99321	10	99316	7048468	70.97
2000-2004	10	0.00014	0.00014	0.5	99311	14	99304	6949152	69.97
2000-2004	11	0.00013	0.00013	0.5	99297	13	99290	6849848	68.98
2000-2004	12	0.00017	0.00017	0.5	99284	17	99275	6750558	67.99
2000-2004	13	0.00021	0.00021	0.5	99267	20	99257	6651283	67.00
2000-2004	14	0.00022	0.00022	0.5	99247	21	99236	6552026	66.02
2000-2004	15	0.00038	0.00038	0.5	99225	37	99206	6452790	65.03
2000-2004	16	0.00048	0.00048	0.5	99188	48	99164	6353583	64.06
2000-2004	17	0.00051	0.00051	0.5	99140	50	99115	6254420	63.09
2000-2004	18	0.00064	0.00064	0.5	99089	63	99058	6155305	62.12
2000-2004	19	0.00068	0.00068	0.5	99026	67	98993	6056247	61.16
2000-2004	20	0.00069	0.00069	0.5	98959	68	98925	5957255	60.20
2000-2004	21	0.00087	0.00087	0.5	98891	86	98848	5858329	59.24
2000-2004	22	0.00074	0.00074	0.5	98805	73	98769	5759481	58.29
2000-2004	23	0.00072	0.00072	0.5	98732	71	98697	5660713	57.33
2000-2004	24	0.00072	0.00072	0.5	98661	71	98626	5562016	56.37
2000-2004	25	0.00064	0.00063	0.5	98590	63	98559	5463390	55.42
2000-2004	26	0.00068	0.00068	0.5	98528	67	98494	5364831	54.45
2000-2004	27	0.00067	0.00066	0.5	98461	65	98428	5266337	53.49
2000-2004	28	0.00078	0.00078	0.5	98395	77	98357	5167909	52.52
2000-2004	29	0.00073	0.00073	0.5	98318	72	98282	5069553	51.56
2000-2004	30	0.00070	0.00070	0.5	98246	69	98212	4971270	50.60
2000-2004	31	0.00073	0.00073	0.5	98178	71	98142	4873058	49.64
2000-2004	32	0.00076	0.00076	0.5	98106	75	98069	4774917	48.67
2000-2004	33	0.00083	0.00083	0.5	98031	82	97990	4676848	47.71
2000-2004	34	0.00078	0.00078	0.5	97949	76	97911	4578858	46.75
2000-2004	35	0.00088	0.00088	0.5	97873	86	97830	4480946	45.78
2000-2004	36	0.00091	0.00091	0.5	97787	89	97742	4383116	44.82
2000-2004	37	0.00109	0.00109	0.5	97698	106	97645	4285374	43.86
2000-2004	38	0.00119	0.00119	0.5	97592	116	97534	4187729	42.91
2000-2004	39	0.00119	0.00119	0.5	97476	116	97418	4090196	41.96
2000-2004	40	0.00136	0.00136	0.5	97360	132	97294	3992778	41.01
2000-2004	41	0.00154	0.00153	0.5	97228	149	97153	3895484	40.07
2000-2004	42	0.00156	0.00156	0.5	97078	152	97003	3798331	39.13
2000-2004	43	0.00175	0.00175	0.5	96927	169	96842	3701329	38.19
2000-2004	44	0.00168	0.00168	0.5	96757	162	96676	3604487	37.25
2000-2004	45	0.00212	0.00211	0.5	96595	204	96493	3507810	36.31
2000-2004	46	0.00223	0.00223	0.5	96391	215	96284	3411317	35.39
2000-2004	47	0.00256	0.00256	0.5	96176	246	96053	3315033	34.47
2000-2004	48	0.00278	0.00278	0.5	95930	266	95797	3218980	33.56
2000-2004	49	0.00273	0.00273	0.5	95664	261	95533	3123183	32.65
2000-2004	50	0.00308	0.00307	0.5	95403	293	95256	3027649	31.74
2000-2004	51	0.00343	0.00342	0.5	95110	326	94947	2932393	30.83
2000-2004	52	0.00361	0.00361	0.5	94784	342	94613	2837446	29.94
2000-2004	53	0.00402	0.00401	0.5	94442	379	94253	2742833	29.04
2000-2004	54	0.00439	0.00438	0.5	94063	412	93857	2648581	28.16
2000-2004	55	0.00469	0.00467	0.5	93652	438	93433	2554723	27.28
2000-2004	56	0.00490	0.00489	0.5	93214	456	92986	2461291	26.40
2000-2004	57	0.00584	0.00582	0.5	92758	540	92488	2368305	25.53
2000-2004	58	0.00644	0.00642	0.5	92218	592	91922	2275817	24.68
2000-2004	59	0.00724	0.00722	0.5	91626	661	91296	2183895	23.83
2000-2004	60	0.00771	0.00768	0.5	90965	699	90616	2092599	23.00
2000-2004	61	0.00817	0.00813	0.5	90267	734	89900	2001983	22.18
2000-2004	62	0.00953	0.00948	0.5	89532	849	89108	1912083	21.36
2000-2004	63	0.01015	0.01010	0.5	88684	895	88236	1822975	20.56
2000-2004	64	0.01140	0.01133	0.5	87788	995	87291	1734739	19.76
2000-2004	65	0.01245	0.01238	0.5	86793	1074	86256	1647449	18.98
2000-2004	66	0.01350	0.01341	0.5	85719	1149	85144	1561193	18.21
2000-2004	67	0.01522	0.01510	0.5	84570	1277	83931	1476049	17.45
2000-2004	68	0.01692	0.01678	0.5	83292	1398	82593	1392118	16.71
2000-2004	69	0.01750	0.01734	0.5	81894	1420	81184	1309524	15.99
2000-2004	70	0.01974	0.01955	0.5	80474	1573	79687	1228340	15.26
2000-2004	71	0.02202	0.02178	0.5	78901	1718	78042	1148653	14.56
2000-2004	72	0.02478	0.02448	0.5	77182	1889	76238	1070611	13.87
2000-2004	73	0.02657	0.02622	0.5	75293	1974	74306	994374	13.21
2000-2004	74	0.03008	0.02963	0.5	73319	2173	72233	920067	12.55
2000-2004	75	0.03221	0.03170	0.5	71146	2255	70019	847835	11.92
2000-2004	76	0.03630	0.03565	0.5	68891	2456	67663	777816	11.29
2000-2004	77	0.03827	0.03755	0.5	66435	2494	65188	710153	10.69
2000-2004	78	0.04140	0.04056	0.5	63940	2593	62644	644965	10.09
2000-2004	79	0.04791	0.04679	0.5	61347	2870	59912	582322	9.49
2000-2004	80	0.05159	0.05029	0.5	58477	2941	57006	522410	8.93
2000-2004	81	0.05763	0.05602	0.5	55536	3111	53980	465404	8.38
2000-2004	82	0.06568	0.06359	0.5	52425	3334	50758	411424	7.85
2000-2004	83	0.07040	0.06801	0.5	49091	3339	47422	360666	7.35
2000-2004	84	0.07979	0.07673	0.5	45752	3511	43997	313244	6.85
2000-2004	85	0.09142	0.08742	0.5	42242	3693	40395	269247	6.37
2000-2004	86	0.10286	0.09783	0.5	38549	3771	36663	228852	5.94
2000-2004	87	0.11701	0.11054	0.5	34778	3844	32855	192189	5.53
2000-2004	88	0.12792	0.12023	0.5	30933	3719	29074	159333	5.15
2000-2004	89	0.14094	0.13167	0.5	27214	3583	25422	130260	4.79
2000-2004	90	0.15628	0.14495	0.5	23631	3425	21918	104837	4.44
2000-2004	91	0.18112	0.16608	0.5	20205	3356	18528	82919	4.10
2000-2004	92	0.20107	0.18270	0.5	16850	3079	15311	64391	3.82
2000-2004	93	0.21680	0.19560	0.5	13771	2694	12424	49081	3.56
2000-2004	94	0.23990	0.21421	0.5	11078	2373	9891	36656	3.31
2000-2004	95	0.26469	0.23375	0.5	8705	2035	7687	26765	3.07
2000-2004	96	0.29112	0.25413	0.5	6670	1695	5822	19078	2.86
2000-2004	97	0.31910	0.27519	0.5	4975	1369	4290	13255	2.66
2000-2004	98	0.34852	0.29680	0.5	3606	1070	3071	8965	2.49
2000-2004	99	0.37921	0.31877	0.5	2536	808	2132	5894	2.32
2000-2004	100	0.41096	0.34091	0.5	1727	589	1433	3763	2.18
2000-2004	101	0.44355	0.36304	0.5	1138	413	932	2330	2.05
2000-2004	102	0.47669	0.38494	0.5	725	279	586	1398	1.93
2000-2004	103	0.51011	0.40645	0.5	446	181	355	812	1.82
2000-2004	104	0.54351	0.42737	0.5	265	113	208	457	1.73
2000-2004	105	0.57658	0.44755	0.5	152	68	118	249	1.64
2000-2004	106	0.60903	0.46686	0.5	84	39	64	131	1.57
2000-2004	107	0.64060	0.48519	0.5	45	22	34	67	1.50
2000-2004	108	0.67104	0.50246	0.5	23	12	17	33	1.45
2000-2004	109	0.70015	0.51860	0.5	11	6	8	16	1.40
2000-2004	110+	0.72777	1.00000	1.37	6	6	8	8	1.37
2005-2009	0	0.00538	0.00536	0.06	100000	536	99498	8045835	80.46
2005-2009	1	0.00036	0.00036	0.5	99464	35	99447	7946337	79.89
2005-2009	2	0.00023	0.00023	0.5	99429	23	99417	7846890	78.92
2005-2009	3	0.00018	0.00018	0.5	99406	18	99397	7747473	77.94
2005-2009	4	0.00012	0.00012	0.5	99387	12	99382	7648076	76.95
2005-2009	5	0.00014	0.00014	0.5	99376	14	99369	7548695	75.96
2005-2009	6	0.00013	0.00013	0.5	99362	13	99356	7449326	74.97
2005-2009	7	0.00011	0.00011	0.5	99349	11	99344	7349970	73.98
2005-2009	8	0.00009	0.00009	0.5	99338	9	99334	7250627	72.99
2005-2009	9	0.00009	0.00009	0.5	99329	9	99325	7151293	72.00
2005-2009	10	0.00012	0.00012	0.5	99320	12	99314	7051968	71.00
2005-2009	11	0.00011	0.00011	0.5	99309	11	99303	6952654	70.01
2005-2009	12	0.00011	0.00011	0.5	99298	11	99292	6853351	69.02
2005-2009	13	0.00017	0.00017	0.5	99287	17	99278	6754058	68.03
2005-2009	14	0.00019	0.00019	0.5	99270	19	99261	6654780	67.04
2005-2009	15	0.00027	0.00027	0.5	99251	27	99238	6555519	66.05
2005-2009	16	0.00034	0.00034	0.5	99225	34	99208	6456281	65.07
2005-2009	17	0.00044	0.00044	0.5	99191	44	99169	6357074	64.09
2005-2009	18	0.00054	0.00054	0.5	99147	53	99121	6257905	63.12
2005-2009	19	0.00056	0.00056	0.5	99094	55	99066	6158784	62.15
2005-2009	20	0.00068	0.00068	0.5	99039	68	99005	6059718	61.19
2005-2009	21	0.00070	0.00070	0.5	98971	69	98937	5960713	60.23
2005-2009	22	0.00063	0.00063	0.5	98902	62	98871	5861776	59.27
2005-2009	23	0.00072	0.00072	0.5	98840	71	98805	5762905	58.31
2005-2009	24	0.00075	0.00075	0.5	98769	74	98732	5664101	57.35
2005-2009	25	0.00065	0.00065	0.5	98695	64	98664	5565368	56.39
2005-2009	26	0.00061	0.00061	0.5	98632	60	98602	5466705	55.43
2005-2009	27	0.00070	0.00070	0.5	98571	69	98537	5368103	54.46
2005-2009	28	0.00072	0.00072	0.5	98502	71	98467	5269566	53.50
2005-2009	29	0.00064	0.00064	0.5	98431	63	98400	5171099	52.54
2005-2009	30	0.00070	0.00070	0.5	98369	68	98334	5072700	51.57
2005-2009	31	0.00071	0.00071	0.5	98300	69	98265	4974365	50.60
2005-2009	32	0.00077	0.00077	0.5	98231	75	98193	4876100	49.64
2005-2009	33	0.00081	0.00081	0.5	98155	79	98116	4777907	48.68
2005-2009	34	0.00087	0.00087	0.5	98076	85	98034	4679791	47.72
2005-2009	35	0.00095	0.00095	0.5	97991	93	97945	4581757	46.76
2005-2009	36	0.00098	0.00098	0.5	97898	96	97850	4483813	45.80
2005-2009	37	0.00103	0.00103	0.5	97802	101	97751	4385963	44.85
2005-2009	38	0.00102	0.00102	0.5	97700	100	97651	4288212	43.89
2005-2009	39	0.00116	0.00116	0.5	97601	113	97544	4190561	42.94
2005-2009	40	0.00127	0.00127	0.5	97487	124	97425	4093018	41.99
2005-2009	41	0.00153	0.00153	0.5	97363	149	97288	3995592	41.04
2005-2009	42	0.00151	0.00151	0.5	97214	147	97140	3898304	40.10
2005-2009	43	0.00163	0.00162	0.5	97067	158	96988	3801164	39.16
2005-2009	44	0.00176	0.00176	0.5	96909	171	96824	3704176	38.22
2005-2009	45	0.00191	0.00191	0.5	96738	185	96646	3607352	37.29
2005-2009	46	0.00210	0.00210	0.5	96553	202	96452	3510706	36.36
2005-2009	47	0.00247	0.00247	0.5	96351	238	96232	3414253	35.44
2005-2009	48	0.00270	0.00270	0.5	96113	259	95984	3318021	34.52
2005-2009	49	0.00260	0.00260	0.5	95854	249	95730	3222038	33.61
2005-2009	50	0.00309	0.00308	0.5	95605	295	95458	3126308	32.70
2005-2009	51	0.00331	0.00330	0.5	95311	315	95153	3030851	31.80
2005-2009	52	0.00368	0.00367	0.5	94996	349	94821	2935697	30.90
2005-2009	53	0.00409	0.00408	0.5	94647	386	94454	2840876	30.02
2005-2009	54	0.00421	0.00420	0.5	94261	396	94063	2746422	29.14
2005-2009	55	0.00482	0.00481	0.5	93865	451	93639	2652359	28.26
2005-2009	56	0.00489	0.00488	0.5	93414	456	93186	2558720	27.39
2005-2009	57	0.00557	0.00555	0.5	92958	516	92700	2465534	26.52
2005-2009	58	0.00598	0.00596	0.5	92442	551	92166	2372834	25.67
2005-2009	59	0.00639	0.00637	0.5	91891	586	91598	2280667	24.82
2005-2009	60	0.00696	0.00694	0.5	91305	634	90989	2189069	23.98
2005-2009	61	0.00740	0.00737	0.5	90672	668	90338	2098081	23.14
2005-2009	62	0.00853	0.00849	0.5	90003	764	89621	2007743	22.31
2005-2009	63	0.00926	0.00922	0.5	89239	823	88828	1918122	21.49
2005-2009	64	0.01025	0.01020	0.5	88417	902	87966	1829294	20.69
2005-2009	65	0.01057	0.01052	0.5	87515	921	87055	1741328	19.90
2005-2009	66	0.01234	0.01227	0.5	86594	1062	86063	1654273	19.10
2005-2009	67	0.01310	0.01301	0.5	85532	1113	84975	1568210	18.33
2005-2009	68	0.01431	0.01421	0.5	84419	1199	83819	1483235	17.57
2005-2009	69	0.01520	0.01509	0.5	83220	1256	82592	1399415	16.82
2005-2009	70	0.01732	0.01717	0.5	81964	1407	81260	1316823	16.07
2005-2009	71	0.01939	0.01921	0.5	80557	1547	79783	1235563	15.34
2005-2009	72	0.02127	0.02105	0.5	79010	1663	78178	1155780	14.63
2005-2009	73	0.02368	0.02340	0.5	77346	1810	76441	1077602	13.93
2005-2009	74	0.02474	0.02443	0.5	75536	1846	74614	1001160	13.25
2005-2009	75	0.02726	0.02690	0.5	73691	1982	72700	926547	12.57
2005-2009	76	0.03072	0.03025	0.5	71709	2169	70624	853847	11.91
2005-2009	77	0.03440	0.03382	0.5	69540	2352	68364	783223	11.26
2005-2009	78	0.03885	0.03811	0.5	67188	2561	65907	714859	10.64
2005-2009	79	0.04110	0.04027	0.5	64627	2603	63326	648952	10.04
2005-2009	80	0.04676	0.04569	0.5	62024	2834	60608	585626	9.44
2005-2009	81	0.05071	0.04945	0.5	59191	2927	57727	525018	8.87
2005-2009	82	0.05667	0.05511	0.5	56263	3101	54713	467291	8.31
2005-2009	83	0.06399	0.06201	0.5	53163	3297	51515	412578	7.76
2005-2009	84	0.07161	0.06913	0.5	49866	3447	48143	361064	7.24
2005-2009	85	0.08096	0.07781	0.5	46419	3612	44613	312921	6.74
2005-2009	86	0.09258	0.08848	0.5	42807	3788	40913	268308	6.27
2005-2009	87	0.10359	0.09849	0.5	39019	3843	37098	227395	5.83
2005-2009	88	0.11798	0.11141	0.5	35176	3919	33217	190297	5.41
2005-2009	89	0.13157	0.12345	0.5	31258	3859	29328	157080	5.03
2005-2009	90	0.14719	0.13710	0.5	27399	3756	25521	127752	4.66
2005-2009	91	0.16320	0.15089	0.5	23642	3567	21859	102231	4.32
2005-2009	92	0.18459	0.16899	0.5	20075	3393	18379	80372	4.00
2005-2009	93	0.20281	0.18414	0.5	16683	3072	15147	61993	3.72
2005-2009	94	0.22563	0.20276	0.5	13611	2760	12231	46847	3.44
2005-2009	95	0.25027	0.22243	0.5	10851	2414	9644	34616	3.19
2005-2009	96	0.27668	0.24306	0.5	8437	2051	7412	24972	2.96
2005-2009	97	0.30481	0.26450	0.5	6387	1689	5542	17560	2.75
2005-2009	98	0.33453	0.28659	0.5	4697	1346	4024	12018	2.56
2005-2009	99	0.36569	0.30916	0.5	3351	1036	2833	7993	2.39
2005-2009	100	0.39808	0.33200	0.5	2315	769	1931	5160	2.23
2005-2009	101	0.43145	0.35489	0.5	1546	549	1272	3230	2.09
2005-2009	102	0.46552	0.37762	0.5	998	377	809	1957	1.96
2005-2009	103	0.49998	0.39999	0.5	621	248	497	1148	1.85
2005-2009	104	0.53450	0.42178	0.5	373	157	294	651	1.75
2005-2009	105	0.56875	0.44282	0.5	215	95	168	357	1.66
2005-2009	106	0.60240	0.46296	0.5	120	56	92	190	1.58
2005-2009	107	0.63517	0.48207	0.5	64	31	49	97	1.51
2005-2009	108	0.66677	0.50006	0.5	33	17	25	49	1.45
2005-2009	109	0.69697	0.51686	0.5	17	9	12	23	1.41
2005-2009	110+	0.72561	1.00000	1.38	8	8	11	11	1.38
2010-2014	0	0.00487	0.00485	0.06	100000	485	99545	8092177	80.92
2010-2014	1	0.00035	0.00035	0.5	99515	35	99497	7992632	80.32
2010-2014	2	0.00018	0.00018	0.5	99480	18	99471	7893135	79.34
2010-2014	3	0.00014	0.00014	0.5	99462	14	99455	7793664	78.36
2010-2014	4	0.00013	0.00013	0.5	99447	13	99441	7694209	77.37
2010-2014	5	0.00014	0.00014	0.5	99434	14	99427	7594769	76.38
2010-2014	6	0.00012	0.00012	0.5	99421	12	99415	7495341	75.39
2010-2014	7	0.00009	0.00009	0.5	99408	9	99404	7395927	74.40
2010-2014	8	0.00009	0.00009	0.5	99399	9	99395	7296523	73.41
2010-2014	9	0.00011	0.00011	0.5	99390	11	99385	7197128	72.41
2010-2014	10	0.00010	0.00010	0.5	99379	10	99374	7097743	71.42
2010-2014	11	0.00011	0.00011	0.5	99368	11	99363	6998370	70.43
2010-2014	12	0.00013	0.00013	0.5	99358	13	99351	6899007	69.44
2010-2014	13	0.00015	0.00015	0.5	99345	15	99337	6799656	68.44
2010-2014	14	0.00020	0.00020	0.5	99330	20	99320	6700318	67.46
2010-2014	15	0.00021	0.00021	0.5	99310	21	99300	6600998	66.47
2010-2014	16	0.00041	0.00041	0.5	99289	41	99269	6501699	65.48
2010-2014	17	0.00035	0.00035	0.5	99248	34	99231	6402430	64.51
2010-2014	18	0.00045	0.00045	0.5	99214	45	99191	6303199	63.53
2010-2014	19	0.00058	0.00058	0.5	99169	58	99140	6204008	62.56
2010-2014	20	0.00054	0.00054	0.5	99111	53	99085	6104867	61.60
2010-2014	21	0.00058	0.00058	0.5	99058	57	99029	6005783	60.63
2010-2014	22	0.00071	0.00071	0.5	99001	70	98965	5906754	59.66
2010-2014	23	0.00075	0.00075	0.5	98930	74	98893	5807788	58.71
2010-2014	24	0.00072	0.00072	0.5	98856	71	98821	5708895	57.75
2010-2014	25	0.00064	0.00064	0.5	98785	63	98753	5610074	56.79
2010-2014	26	0.00073	0.00073	0.5	98722	72	98686	5511321	55.83
2010-2014	27	0.00069	0.00069	0.5	98650	68	98616	5412635	54.87
2010-2014	28	0.00070	0.00070	0.5	98582	69	98548	5314019	53.90
2010-2014	29	0.00072	0.00072	0.5	98513	70	98478	5215471	52.94
2010-2014	30	0.00071	0.00071	0.5	98443	70	98408	5116993	51.98
2010-2014	31	0.00080	0.00080	0.5	98373	79	98334	5018585	51.02
2010-2014	32	0.00090	0.00090	0.5	98294	89	98250	4920251	50.06
2010-2014	33	0.00073	0.00073	0.5	98206	72	98170	4822001	49.10
2010-2014	34	0.00081	0.00081	0.5	98133	80	98094	4723832	48.14
2010-2014	35	0.00095	0.00095	0.5	98054	93	98007	4625738	47.18
2010-2014	36	0.00095	0.00095	0.5	97960	93	97914	4527731	46.22
2010-2014	37	0.00113	0.00113	0.5	97867	110	97812	4429817	45.26
2010-2014	38	0.00108	0.00107	0.5	97757	105	97705	4332005	44.31
2010-2014	39	0.00118	0.00118	0.5	97652	115	97595	4234300	43.36
2010-2014	40	0.00134	0.00134	0.5	97537	131	97471	4136705	42.41
2010-2014	41	0.00126	0.00126	0.5	97406	123	97344	4039234	41.47
2010-2014	42	0.00143	0.00143	0.5	97283	139	97213	3941890	40.52
2010-2014	43	0.00144	0.00144	0.5	97144	140	97074	3844676	39.58
2010-2014	44	0.00160	0.00160	0.5	97004	156	96927	3747602	38.63
2010-2014	45	0.00190	0.00190	0.5	96849	184	96757	3650675	37.69
2010-2014	46	0.00193	0.00192	0.5	96665	186	96572	3553918	36.77
2010-2014	47	0.00231	0.00231	0.5	96479	223	96368	3457346	35.84
2010-2014	48	0.00248	0.00248	0.5	96257	239	96137	3360978	34.92
2010-2014	49	0.00286	0.00285	0.5	96018	274	95881	3264840	34.00
2010-2014	50	0.00301	0.00300	0.5	95744	288	95600	3168960	33.10
2010-2014	51	0.00340	0.00339	0.5	95456	324	95294	3073360	32.20
2010-2014	52	0.00359	0.00359	0.5	95132	341	94962	2978065	31.30
2010-2014	53	0.00404	0.00403	0.5	94791	382	94600	2883104	30.42
2010-2014	54	0.00406	0.00405	0.5	94409	382	94218	2788504	29.54
2010-2014	55	0.00439	0.00438	0.5	94027	412	93821	2694285	28.65
2010-2014	56	0.00489	0.00488	0.5	93615	457	93387	2600464	27.78
2010-2014	57	0.00525	0.00524	0.5	93158	488	92914	2507077	26.91
2010-2014	58	0.00581	0.00579	0.5	92670	537	92402	2414163	26.05
2010-2014	59	0.00630	0.00629	0.5	92134	579	91844	2321761	25.20
2010-2014	60	0.00665	0.00663	0.5	91555	607	91251	2229916	24.36
2010-2014	61	0.00739	0.00737	0.5	90948	670	90613	2138665	23.52
2010-2014	62	0.00781	0.00778	0.5	90278	702	89927	2048052	22.69
2010-2014	63	0.00872	0.00868	0.5	89576	778	89187	1958126	21.86
2010-2014	64	0.00941	0.00937	0.5	88798	832	88382	1868939	21.05
2010-2014	65	0.01046	0.01040	0.5	87966	915	87508	1780557	20.24
2010-2014	66	0.01134	0.01128	0.5	87051	982	86560	1693049	19.45
2010-2014	67	0.01250	0.01242	0.5	86069	1069	85535	1606489	18.67
2010-2014	68	0.01344	0.01335	0.5	85000	1135	84433	1520954	17.89
2010-2014	69	0.01456	0.01445	0.5	83866	1212	83260	1436521	17.13
2010-2014	70	0.01634	0.01621	0.5	82653	1340	81984	1353262	16.37
2010-2014	71	0.01819	0.01802	0.5	81314	1466	80581	1271278	15.63
2010-2014	72	0.01934	0.01915	0.5	79848	1529	79083	1190698	14.91
2010-2014	73	0.02219	0.02194	0.5	78319	1719	77460	1111614	14.19
2010-2014	74	0.02372	0.02344	0.5	76600	1795	75703	1034155	13.50
2010-2014	75	0.02673	0.02638	0.5	74805	1973	73818	958452	12.81
2010-2014	76	0.02923	0.02881	0.5	72831	2098	71782	884634	12.15
2010-2014	77	0.03217	0.03166	0.5	70733	2239	69614	812852	11.49
2010-2014	78	0.03657	0.03592	0.5	68494	2460	67264	743238	10.85
2010-2014	79	0.04013	0.03934	0.5	66034	2598	64735	675974	10.24
2010-2014	80	0.04337	0.04245	0.5	63436	2693	62090	611239	9.64
2010-2014	81	0.04780	0.04668	0.5	60743	2836	59326	549149	9.04
2010-2014	82	0.05363	0.05223	0.5	57908	3024	56395	489824	8.46
2010-2014	83	0.06068	0.05889	0.5	54883	3232	53267	433428	7.90
2010-2014	84	0.07107	0.06863	0.5	51651	3545	49879	380161	7.36
2010-2014	85	0.07760	0.07470	0.5	48106	3594	46309	330282	6.87
2010-2014	86	0.08749	0.08383	0.5	44513	3731	42647	283973	6.38
2010-2014	87	0.10076	0.09593	0.5	40781	3912	38825	241326	5.92
2010-2014	88	0.11371	0.10759	0.5	36869	3967	34886	202501	5.49
2010-2014	89	0.12467	0.11735	0.5	32903	3861	30972	167615	5.09
2010-2014	90	0.14753	0.13740	0.5	29041	3990	27046	136643	4.71
2010-2014	91	0.15914	0.14741	0.5	25051	3693	23205	109597	4.37
2010-2014	92	0.17845	0.16383	0.5	21358	3499	19609	86392	4.04
2010-2014	93	0.19973	0.18160	0.5	17859	3243	16238	66783	3.74
2010-2014	94	0.22290	0.20055	0.5	14616	2931	13150	50545	3.46
2010-2014	95	0.24796	0.22061	0.5	11685	2578	10396	37395	3.20
2010-2014	96	0.27487	0.24166	0.5	9107	2201	8007	26999	2.96
2010-2014	97	0.30358	0.26357	0.5	6906	1820	5996	18992	2.75
2010-2014	98	0.33395	0.28617	0.5	5086	1455	4358	12996	2.56
2010-2014	99	0.36582	0.30925	0.5	3631	1123	3069	8638	2.38
2010-2014	100	0.39896	0.33261	0.5	2508	834	2091	5569	2.22
2010-2014	101	0.43311	0.35601	0.5	1674	596	1376	3478	2.08
2010-2014	102	0.46796	0.37923	0.5	1078	409	873	2102	1.95
2010-2014	103	0.50318	0.40203	0.5	669	269	535	1229	1.84
2010-2014	104	0.53842	0.42422	0.5	400	170	315	694	1.74
2010-2014	105	0.57334	0.44560	0.5	230	103	179	379	1.65
2010-2014	106	0.60759	0.46602	0.5	128	60	98	200	1.57
2010-2014	107	0.64085	0.48534	0.5	68	33	52	102	1.50
2010-2014	108	0.67286	0.50348	0.5	35	18	26	51	1.44
2010-2014	109	0.70337	0.52036	0.5	17	9	13	24	1.39
2010-2014	110+	0.73220	1.00000	1.37	8	8	11	11	1.37
2015-2019	0	0.00491	0.00489	0.06	100000	489	99541	8084444	80.84
2015-2019	1	0.00034	0.00034	0.5	99511	34	99494	7984903	80.24
2015-2019	2	0.00022	0.00022	0.5	99477	22	99466	7885409	79.27
2015-2019	3	0.00017	0.00017	0.5	99455	17	99446	7785943	78.29
2015-2019	4	0.00013	0.00013	0.5	99438	13	99431	7686497	77.30
2015-2019	5	0.00013	0.00013	0.5	99425	13	99418	7587066	76.31
2015-2019	6	0.00009	0.00009	0.5	99412	9	99407	7487647	75.32
2015-2019	7	0.00012	0.00012	0.5	99403	12	99397	7388240	74.33
2015-2019	8	0.00009	0.00009	0.5	99391	9	99386	7288843	73.34
2015-2019	9	0.00010	0.00010	0.5	99382	10	99377	7189457	72.34
2015-2019	10	0.00007	0.00007	0.5	99371	6	99368	7090081	71.35
2015-2019	11	0.00013	0.00013	0.5	99365	13	99358	6990712	70.35
2015-2019	12	0.00009	0.00009	0.5	99352	9	99347	6891354	69.36
2015-2019	13	0.00013	0.00013	0.5	99343	13	99336	6792007	68.37
2015-2019	14	0.00020	0.00020	0.5	99329	20	99320	6692671	67.38
2015-2019	15	0.00026	0.00026	0.5	99310	26	99297	6593351	66.39
2015-2019	16	0.00033	0.00033	0.5	99284	33	99267	6494054	65.41
2015-2019	17	0.00033	0.00033	0.5	99251	33	99234	6394787	64.43
2015-2019	18	0.00054	0.00054	0.5	99218	53	99191	6295553	63.45
2015-2019	19	0.00061	0.00061	0.5	99164	60	99134	6196362	62.49
2015-2019	20	0.00060	0.00060	0.5	99104	59	99074	6097228	61.52
2015-2019	21	0.00062	0.00062	0.5	99045	61	99014	5998154	60.56
2015-2019	22	0.00070	0.00069	0.5	98984	69	98949	5899140	59.60
2015-2019	23	0.00082	0.00082	0.5	98915	81	98874	5800190	58.64
2015-2019	24	0.00083	0.00083	0.5	98834	82	98793	5701316	57.69
2015-2019	25	0.00078	0.00078	0.5	98752	77	98713	5602523	56.73
2015-2019	26	0.00090	0.00090	0.5	98675	89	98630	5503810	55.78
2015-2019	27	0.00090	0.00090	0.5	98586	89	98541	5405180	54.83
2015-2019	28	0.00092	0.00092	0.5	98497	91	98451	5306639	53.88
2015-2019	29	0.00086	0.00086	0.5	98406	85	98364	5208187	52.93
2015-2019	30	0.00087	0.00087	0.5	98321	86	98278	5109824	51.97
2015-2019	31	0.00096	0.00096	0.5	98235	95	98188	5011545	51.02
2015-2019	32	0.00098	0.00098	0.5	98141	96	98093	4913358	50.06
2015-2019	33	0.00099	0.00099	0.5	98045	97	97996	4815265	49.11
2015-2019	34	0.00102	0.00102	0.5	97948	100	97898	4717269	48.16
2015-2019	35	0.00109	0.00109	0.5	97848	106	97795	4619370	47.21
2015-2019	36	0.00108	0.00108	0.5	97742	106	97689	4521575	46.26
2015-2019	37	0.00126	0.00126	0.5	97636	123	97575	4423886	45.31
2015-2019	38	0.00115	0.00115	0.5	97514	112	97458	4326311	44.37
2015-2019	39	0.00127	0.00127	0.5	97402	123	97340	4228853	43.42
2015-2019	40	0.00141	0.00141	0.5	97279	137	97210	4131513	42.47
2015-2019	41	0.00140	0.00139	0.5	97142	136	97074	4034303	41.53
2015-2019	42	0.00163	0.00163	0.5	97006	158	96927	3937228	40.59
2015-2019	43	0.00165	0.00165	0.5	96848	159	96769	3840301	39.65
2015-2019	44	0.00177	0.00177	0.5	96689	171	96604	3743532	38.72
2015-2019	45	0.00192	0.00192	0.5	96518	185	96425	3646929	37.78
2015-2019	46	0.00218	0.00217	0.5	96333	210	96228	3550503	36.86
2015-2019	47	0.00232	0.00232	0.5	96123	223	96011	3454275	35.94
2015-2019	48	0.00240	0.00240	0.5	95900	230	95785	3358264	35.02
2015-2019	49	0.00286	0.00286	0.5	95670	273	95533	3262479	34.10
2015-2019	50	0.00295	0.00295	0.5	95396	281	95256	3166946	33.20
2015-2019	51	0.00334	0.00334	0.5	95115	317	94957	3071690	32.29
2015-2019	52	0.00340	0.00340	0.5	94798	322	94637	2976733	31.40
2015-2019	53	0.00384	0.00383	0.5	94476	362	94295	2882096	30.51
2015-2019	54	0.00447	0.00446	0.5	94114	420	93904	2787801	29.62
2015-2019	55	0.00462	0.00461	0.5	93694	432	93478	2693897	28.75
2015-2019	56	0.00516	0.00515	0.5	93262	480	93022	2600419	27.88
2015-2019	57	0.00539	0.00537	0.5	92782	498	92533	2507396	27.02
2015-2019	58	0.00577	0.00575	0.5	92284	531	92018	2414864	26.17
2015-2019	59	0.00627	0.00625	0.5	91753	573	91466	2322845	25.32
2015-2019	60	0.00706	0.00704	0.5	91180	641	90859	2231379	24.47
2015-2019	61	0.00762	0.00760	0.5	90538	688	90195	2140520	23.64
2015-2019	62	0.00792	0.00789	0.5	89851	709	89496	2050325	22.82
2015-2019	63	0.00884	0.00880	0.5	89142	785	88749	1960829	22.00
2015-2019	64	0.00937	0.00933	0.5	88357	824	87945	1872080	21.19
2015-2019	65	0.01018	0.01013	0.5	87533	886	87089	1784135	20.38
2015-2019	66	0.01127	0.01121	0.5	86646	971	86161	1697046	19.59
2015-2019	67	0.01170	0.01163	0.5	85675	996	85177	1610885	18.80
2015-2019	68	0.01341	0.01332	0.5	84679	1128	84115	1525708	18.02
2015-2019	69	0.01421	0.01411	0.5	83551	1179	82962	1441593	17.25
2015-2019	70	0.01569	0.01557	0.5	82372	1282	81731	1358632	16.49
2015-2019	71	0.01739	0.01724	0.5	81090	1398	80391	1276901	15.75
2015-2019	72	0.01952	0.01934	0.5	79692	1541	78921	1196510	15.01
2015-2019	73	0.02107	0.02085	0.5	78151	1630	77336	1117589	14.30
2015-2019	74	0.02379	0.02351	0.5	76521	1799	75622	1040253	13.59
2015-2019	75	0.02628	0.02594	0.5	74722	1938	73753	964631	12.91
2015-2019	76	0.02884	0.02843	0.5	72784	2069	71749	890878	12.24
2015-2019	77	0.03214	0.03163	0.5	70715	2237	69596	819129	11.58
2015-2019	78	0.03593	0.03530	0.5	68478	2417	67269	749533	10.95
2015-2019	79	0.03908	0.03833	0.5	66061	2532	64795	682263	10.33
2015-2019	80	0.04360	0.04267	0.5	63529	2711	62173	617468	9.72
2015-2019	81	0.04795	0.04683	0.5	60818	2848	59394	555295	9.13
2015-2019	82	0.05293	0.05156	0.5	57970	2989	56475	495901	8.55
2015-2019	83	0.06052	0.05874	0.5	54981	3230	53366	439426	7.99
2015-2019	84	0.06517	0.06311	0.5	51751	3266	50118	386061	7.46
2015-2019	85	0.07682	0.07398	0.5	48485	3587	46691	335943	6.93
2015-2019	86	0.08548	0.08198	0.5	44898	3681	43058	289251	6.44
2015-2019	87	0.09859	0.09396	0.5	41217	3873	39281	246194	5.97
2015-2019	88	0.11011	0.10437	0.5	37345	3898	35396	206913	5.54
2015-2019	89	0.12412	0.11687	0.5	33447	3909	31493	171517	5.13
2015-2019	90	0.14308	0.13353	0.5	29538	3944	27566	140024	4.74
2015-2019	91	0.15929	0.14754	0.5	25594	3776	23706	112458	4.39
2015-2019	92	0.17909	0.16437	0.5	21818	3586	20025	88752	4.07
2015-2019	93	0.19779	0.17999	0.5	18232	3282	16591	68727	3.77
2015-2019	94	0.22069	0.19876	0.5	14950	2971	13464	52137	3.49
2015-2019	95	0.24543	0.21860	0.5	11979	2619	10669	38672	3.23
2015-2019	96	0.27199	0.23943	0.5	9360	2241	8239	28003	2.99
2015-2019	97	0.30030	0.26110	0.5	7119	1859	6190	19764	2.78
2015-2019	98	0.33025	0.28344	0.5	5260	1491	4515	13574	2.58
2015-2019	99	0.36166	0.30627	0.5	3769	1154	3192	9059	2.40
2015-2019	100	0.39432	0.32938	0.5	2615	861	2184	5867	2.24
2015-2019	101	0.42799	0.35254	0.5	1754	618	1444	3683	2.10
2015-2019	102	0.46237	0.37555	0.5	1135	426	922	2239	1.97
2015-2019	103	0.49714	0.39817	0.5	709	282	568	1317	1.86
2015-2019	104	0.53198	0.42021	0.5	427	179	337	749	1.75
2015-2019	105	0.56654	0.44148	0.5	247	109	193	412	1.66
2015-2019	106	0.60051	0.46184	0.5	138	64	106	219	1.58
2015-2019	107	0.63356	0.48115	0.5	74	36	56	113	1.51
2015-2019	108	0.66544	0.49931	0.5	39	19	29	56	1.46
2015-2019	109	0.69590	0.51627	0.5	19	10	14	27	1.41
2015-2019	110+	0.72477	1.00000	1.38	9	9	13	13	1.38
