AK: Alaska, Lifetables (period 1x5), Both sexes Last modified: 20 Dec 2020, MPv5 (May07) 

Year     	Age	mx	qx	ax	lx	dx	Lx	Tx	ex
1960-1964	0	0.03568	0.03462	0.15	100000	3462	97049	6764306	67.64
1960-1964	1	0.00384	0.00383	0.5	96538	370	96353	6667257	69.06
1960-1964	2	0.00213	0.00212	0.5	96168	204	96066	6570904	68.33
1960-1964	3	0.00145	0.00145	0.5	95964	139	95894	6474839	67.47
1960-1964	4	0.00105	0.00105	0.5	95825	100	95774	6378944	66.57
1960-1964	5	0.00090	0.00090	0.5	95724	86	95681	6283170	65.64
1960-1964	6	0.00091	0.00091	0.5	95638	87	95594	6187489	64.70
1960-1964	7	0.00056	0.00056	0.5	95551	54	95524	6091895	63.76
1960-1964	8	0.00074	0.00074	0.5	95497	70	95462	5996371	62.79
1960-1964	9	0.00090	0.00090	0.5	95427	85	95384	5900909	61.84
1960-1964	10	0.00099	0.00099	0.5	95341	94	95294	5805525	60.89
1960-1964	11	0.00066	0.00066	0.5	95247	63	95215	5710231	59.95
1960-1964	12	0.00059	0.00059	0.5	95184	56	95156	5615015	58.99
1960-1964	13	0.00081	0.00081	0.5	95128	77	95089	5519859	58.03
1960-1964	14	0.00082	0.00082	0.5	95051	78	95012	5424770	57.07
1960-1964	15	0.00063	0.00063	0.5	94973	60	94943	5329758	56.12
1960-1964	16	0.00058	0.00058	0.5	94914	55	94886	5234815	55.15
1960-1964	17	0.00078	0.00078	0.5	94859	74	94822	5139929	54.19
1960-1964	18	0.00145	0.00145	0.5	94784	137	94716	5045107	53.23
1960-1964	19	0.00204	0.00204	0.5	94647	193	94550	4950392	52.30
1960-1964	20	0.00198	0.00198	0.5	94454	187	94361	4855841	51.41
1960-1964	21	0.00179	0.00179	0.5	94267	169	94183	4761481	50.51
1960-1964	22	0.00166	0.00166	0.5	94099	156	94020	4667298	49.60
1960-1964	23	0.00151	0.00151	0.5	93942	142	93871	4573277	48.68
1960-1964	24	0.00198	0.00198	0.5	93800	186	93707	4479406	47.75
1960-1964	25	0.00202	0.00202	0.5	93615	189	93520	4385699	46.85
1960-1964	26	0.00159	0.00158	0.5	93425	148	93351	4292179	45.94
1960-1964	27	0.00221	0.00221	0.5	93277	206	93174	4198827	45.01
1960-1964	28	0.00231	0.00231	0.5	93071	215	92964	4105653	44.11
1960-1964	29	0.00197	0.00197	0.5	92857	183	92765	4012689	43.21
1960-1964	30	0.00247	0.00247	0.5	92674	229	92559	3919924	42.30
1960-1964	31	0.00200	0.00200	0.5	92445	185	92352	3827365	41.40
1960-1964	32	0.00319	0.00318	0.5	92260	294	92113	3735012	40.48
1960-1964	33	0.00241	0.00240	0.5	91966	221	91856	3642899	39.61
1960-1964	34	0.00233	0.00233	0.5	91745	214	91639	3551043	38.71
1960-1964	35	0.00314	0.00313	0.5	91532	287	91389	3459404	37.79
1960-1964	36	0.00294	0.00293	0.5	91245	268	91112	3368016	36.91
1960-1964	37	0.00314	0.00314	0.5	90978	285	90835	3276904	36.02
1960-1964	38	0.00311	0.00311	0.5	90693	282	90552	3186069	35.13
1960-1964	39	0.00436	0.00435	0.5	90411	393	90214	3095517	34.24
1960-1964	40	0.00358	0.00357	0.5	90017	321	89856	3005304	33.39
1960-1964	41	0.00386	0.00385	0.5	89696	345	89523	2915447	32.50
1960-1964	42	0.00531	0.00530	0.5	89350	473	89114	2825924	31.63
1960-1964	43	0.00488	0.00487	0.5	88877	432	88661	2736810	30.79
1960-1964	44	0.00594	0.00593	0.5	88445	524	88183	2648150	29.94
1960-1964	45	0.00581	0.00580	0.5	87920	510	87666	2559967	29.12
1960-1964	46	0.00649	0.00647	0.5	87411	566	87128	2472301	28.28
1960-1964	47	0.00679	0.00676	0.5	86845	587	86552	2385173	27.46
1960-1964	48	0.00615	0.00613	0.5	86258	529	85993	2298622	26.65
1960-1964	49	0.00586	0.00584	0.5	85729	501	85478	2212628	25.81
1960-1964	50	0.00732	0.00730	0.5	85228	622	84917	2127150	24.96
1960-1964	51	0.00943	0.00938	0.5	84606	794	84209	2042233	24.14
1960-1964	52	0.01017	0.01012	0.5	83812	848	83388	1958024	23.36
1960-1964	53	0.01116	0.01109	0.5	82964	920	82504	1874636	22.60
1960-1964	54	0.00877	0.00874	0.5	82044	717	81685	1792132	21.84
1960-1964	55	0.01223	0.01215	0.5	81327	988	80833	1710446	21.03
1960-1964	56	0.01093	0.01087	0.5	80339	873	79902	1629613	20.28
1960-1964	57	0.01818	0.01802	0.5	79466	1432	78750	1549711	19.50
1960-1964	58	0.01239	0.01231	0.5	78034	961	77554	1470961	18.85
1960-1964	59	0.01760	0.01744	0.5	77073	1345	76401	1393407	18.08
1960-1964	60	0.01977	0.01958	0.5	75729	1483	74987	1317006	17.39
1960-1964	61	0.01709	0.01695	0.5	74246	1258	73617	1242019	16.73
1960-1964	62	0.02099	0.02078	0.5	72988	1516	72230	1168402	16.01
1960-1964	63	0.02751	0.02714	0.5	71471	1940	70502	1096172	15.34
1960-1964	64	0.02587	0.02554	0.5	69532	1776	68644	1025670	14.75
1960-1964	65	0.03430	0.03373	0.5	67756	2285	66613	957027	14.12
1960-1964	66	0.03055	0.03009	0.5	65471	1970	64486	890413	13.60
1960-1964	67	0.03904	0.03829	0.5	63501	2432	62285	825928	13.01
1960-1964	68	0.03227	0.03175	0.5	61069	1939	60099	763643	12.50
1960-1964	69	0.03558	0.03496	0.5	59130	2067	58096	703543	11.90
1960-1964	70	0.03214	0.03163	0.5	57063	1805	56160	645447	11.31
1960-1964	71	0.04432	0.04336	0.5	55258	2396	54060	589287	10.66
1960-1964	72	0.04381	0.04287	0.5	52862	2266	51728	535227	10.13
1960-1964	73	0.05895	0.05726	0.5	50595	2897	49147	483499	9.56
1960-1964	74	0.06983	0.06748	0.5	47698	3218	46089	434352	9.11
1960-1964	75	0.07186	0.06936	0.5	44480	3085	42937	388263	8.73
1960-1964	76	0.07796	0.07503	0.5	41394	3106	39841	345326	8.34
1960-1964	77	0.07378	0.07116	0.5	38288	2724	36926	305485	7.98
1960-1964	78	0.08459	0.08116	0.5	35564	2886	34121	268558	7.55
1960-1964	79	0.09167	0.08765	0.5	32678	2864	31246	234437	7.17
1960-1964	80	0.12045	0.11361	0.5	29814	3387	28120	203192	6.82
1960-1964	81	0.12478	0.11745	0.5	26426	3104	24874	175072	6.62
1960-1964	82	0.12923	0.12139	0.5	23323	2831	21907	150197	6.44
1960-1964	83	0.13381	0.12542	0.5	20491	2570	19206	128290	6.26
1960-1964	84	0.13851	0.12954	0.5	17921	2322	16761	109084	6.09
1960-1964	85	0.14335	0.13376	0.5	15600	2087	14557	92323	5.92
1960-1964	86	0.14830	0.13807	0.5	13513	1866	12580	77767	5.75
1960-1964	87	0.15339	0.14247	0.5	11647	1659	10818	65187	5.60
1960-1964	88	0.15861	0.14696	0.5	9988	1468	9254	54369	5.44
1960-1964	89	0.16396	0.15153	0.5	8520	1291	7875	45115	5.29
1960-1964	90	0.16943	0.15620	0.5	7229	1129	6665	37240	5.15
1960-1964	91	0.17504	0.16095	0.5	6100	982	5609	30575	5.01
1960-1964	92	0.18078	0.16579	0.5	5118	849	4694	24966	4.88
1960-1964	93	0.18664	0.17071	0.5	4270	729	3905	20272	4.75
1960-1964	94	0.19263	0.17571	0.5	3541	622	3230	16367	4.62
1960-1964	95	0.19875	0.18079	0.5	2919	528	2655	13137	4.50
1960-1964	96	0.20500	0.18594	0.5	2391	445	2169	10483	4.38
1960-1964	97	0.21137	0.19116	0.5	1946	372	1760	8314	4.27
1960-1964	98	0.21786	0.19646	0.5	1574	309	1420	6554	4.16
1960-1964	99	0.22448	0.20182	0.5	1265	255	1137	5134	4.06
1960-1964	100	0.23121	0.20725	0.5	1010	209	905	3997	3.96
1960-1964	101	0.23806	0.21274	0.5	800	170	715	3091	3.86
1960-1964	102	0.24502	0.21828	0.5	630	138	561	2376	3.77
1960-1964	103	0.25210	0.22388	0.5	493	110	437	1815	3.68
1960-1964	104	0.25928	0.22953	0.5	382	88	338	1377	3.60
1960-1964	105	0.26657	0.23522	0.5	295	69	260	1039	3.53
1960-1964	106	0.27397	0.24096	0.5	225	54	198	779	3.46
1960-1964	107	0.28146	0.24674	0.5	171	42	150	581	3.40
1960-1964	108	0.28904	0.25255	0.5	129	33	113	431	3.35
1960-1964	109	0.29672	0.25839	0.5	96	25	84	318	3.31
1960-1964	110+	0.30449	1.00000	3.28	71	71	234	234	3.28
1965-1969	0	0.02835	0.02767	0.13	100000	2767	97584	6925796	69.26
1965-1969	1	0.00218	0.00218	0.5	97233	212	97127	6828211	70.23
1965-1969	2	0.00123	0.00123	0.5	97021	119	96962	6731084	69.38
1965-1969	3	0.00144	0.00144	0.5	96902	139	96833	6634122	68.46
1965-1969	4	0.00094	0.00094	0.5	96763	91	96717	6537290	67.56
1965-1969	5	0.00088	0.00088	0.5	96672	85	96630	6440572	66.62
1965-1969	6	0.00074	0.00074	0.5	96587	72	96551	6343943	65.68
1965-1969	7	0.00047	0.00047	0.5	96516	46	96493	6247391	64.73
1965-1969	8	0.00065	0.00065	0.5	96470	63	96439	6150898	63.76
1965-1969	9	0.00061	0.00061	0.5	96407	59	96378	6054460	62.80
1965-1969	10	0.00024	0.00024	0.5	96349	23	96337	5958082	61.84
1965-1969	11	0.00035	0.00035	0.5	96325	33	96309	5861745	60.85
1965-1969	12	0.00076	0.00076	0.5	96292	73	96255	5765436	59.87
1965-1969	13	0.00070	0.00070	0.5	96219	68	96185	5669181	58.92
1965-1969	14	0.00067	0.00067	0.5	96151	64	96119	5572996	57.96
1965-1969	15	0.00109	0.00109	0.5	96087	105	96034	5476877	57.00
1965-1969	16	0.00077	0.00077	0.5	95982	74	95945	5380843	56.06
1965-1969	17	0.00136	0.00136	0.5	95908	130	95843	5284898	55.10
1965-1969	18	0.00143	0.00143	0.5	95778	136	95709	5189055	54.18
1965-1969	19	0.00123	0.00123	0.5	95641	117	95582	5093346	53.25
1965-1969	20	0.00169	0.00169	0.5	95524	161	95443	4997763	52.32
1965-1969	21	0.00231	0.00231	0.5	95362	220	95252	4902320	51.41
1965-1969	22	0.00196	0.00196	0.5	95142	186	95049	4807068	50.52
1965-1969	23	0.00230	0.00230	0.5	94956	218	94847	4712019	49.62
1965-1969	24	0.00231	0.00231	0.5	94738	219	94629	4617171	48.74
1965-1969	25	0.00288	0.00288	0.5	94519	272	94383	4522543	47.85
1965-1969	26	0.00174	0.00174	0.5	94247	164	94165	4428160	46.98
1965-1969	27	0.00188	0.00188	0.5	94083	177	93995	4333995	46.07
1965-1969	28	0.00193	0.00193	0.5	93906	181	93815	4240000	45.15
1965-1969	29	0.00183	0.00183	0.5	93725	172	93639	4146185	44.24
1965-1969	30	0.00219	0.00219	0.5	93553	204	93451	4052546	43.32
1965-1969	31	0.00229	0.00229	0.5	93349	213	93242	3959095	42.41
1965-1969	32	0.00215	0.00214	0.5	93135	200	93035	3865853	41.51
1965-1969	33	0.00262	0.00261	0.5	92936	243	92814	3772818	40.60
1965-1969	34	0.00227	0.00227	0.5	92693	210	92588	3680004	39.70
1965-1969	35	0.00288	0.00288	0.5	92483	266	92350	3587416	38.79
1965-1969	36	0.00264	0.00264	0.5	92216	243	92095	3495066	37.90
1965-1969	37	0.00335	0.00334	0.5	91973	307	91819	3402971	37.00
1965-1969	38	0.00261	0.00261	0.5	91666	239	91546	3311152	36.12
1965-1969	39	0.00326	0.00326	0.5	91426	298	91277	3219606	35.22
1965-1969	40	0.00368	0.00367	0.5	91129	334	90961	3128328	34.33
1965-1969	41	0.00449	0.00448	0.5	90794	407	90591	3037367	33.45
1965-1969	42	0.00403	0.00402	0.5	90387	364	90206	2946776	32.60
1965-1969	43	0.00447	0.00446	0.5	90024	402	89823	2856571	31.73
1965-1969	44	0.00474	0.00473	0.5	89622	424	89410	2766748	30.87
1965-1969	45	0.00566	0.00565	0.5	89198	504	88946	2677338	30.02
1965-1969	46	0.00600	0.00598	0.5	88695	530	88429	2588391	29.18
1965-1969	47	0.00678	0.00675	0.5	88164	595	87866	2499962	28.36
1965-1969	48	0.00697	0.00694	0.5	87569	608	87265	2412095	27.55
1965-1969	49	0.00746	0.00743	0.5	86961	646	86637	2324831	26.73
1965-1969	50	0.00810	0.00807	0.5	86314	696	85966	2238193	25.93
1965-1969	51	0.00915	0.00911	0.5	85618	780	85228	2152227	25.14
1965-1969	52	0.00905	0.00901	0.5	84838	764	84456	2066999	24.36
1965-1969	53	0.01176	0.01169	0.5	84074	983	83583	1982543	23.58
1965-1969	54	0.01103	0.01097	0.5	83091	911	82636	1898960	22.85
1965-1969	55	0.01265	0.01257	0.5	82180	1033	81663	1816325	22.10
1965-1969	56	0.01105	0.01099	0.5	81147	892	80701	1734662	21.38
1965-1969	57	0.00973	0.00969	0.5	80255	777	79867	1653960	20.61
1965-1969	58	0.01570	0.01558	0.5	79478	1238	78859	1574094	19.81
1965-1969	59	0.01609	0.01596	0.5	78240	1249	77616	1495235	19.11
1965-1969	60	0.01358	0.01349	0.5	76991	1038	76472	1417619	18.41
1965-1969	61	0.01723	0.01708	0.5	75953	1297	75304	1341147	17.66
1965-1969	62	0.02408	0.02379	0.5	74655	1776	73767	1265843	16.96
1965-1969	63	0.02155	0.02132	0.5	72879	1554	72102	1192076	16.36
1965-1969	64	0.02198	0.02174	0.5	71325	1551	70550	1119974	15.70
1965-1969	65	0.03393	0.03337	0.5	69774	2328	68610	1049424	15.04
1965-1969	66	0.02582	0.02549	0.5	67446	1719	66587	980814	14.54
1965-1969	67	0.03144	0.03096	0.5	65727	2035	64710	914227	13.91
1965-1969	68	0.02696	0.02660	0.5	63692	1694	62845	849518	13.34
1965-1969	69	0.02791	0.02753	0.5	61998	1707	61145	786673	12.69
1965-1969	70	0.03101	0.03054	0.5	60291	1841	59371	725528	12.03
1965-1969	71	0.04119	0.04036	0.5	58450	2359	57271	666157	11.40
1965-1969	72	0.04868	0.04752	0.5	56091	2666	54758	608886	10.86
1965-1969	73	0.04855	0.04740	0.5	53425	2532	52159	554128	10.37
1965-1969	74	0.05743	0.05583	0.5	50893	2841	49473	501969	9.86
1965-1969	75	0.08061	0.07749	0.5	48052	3724	46190	452496	9.42
1965-1969	76	0.05384	0.05243	0.5	44328	2324	43166	406306	9.17
1965-1969	77	0.05029	0.04906	0.5	42004	2061	40974	363140	8.65
1965-1969	78	0.07703	0.07417	0.5	39944	2963	38462	322166	8.07
1965-1969	79	0.07901	0.07601	0.5	36981	2811	35576	283703	7.67
1965-1969	80	0.10738	0.10191	0.5	34170	3482	32429	248128	7.26
1965-1969	81	0.11203	0.10609	0.5	30688	3256	29060	215698	7.03
1965-1969	82	0.11685	0.11040	0.5	27432	3029	25918	186638	6.80
1965-1969	83	0.12184	0.11484	0.5	24404	2803	23002	160720	6.59
1965-1969	84	0.12699	0.11941	0.5	21601	2579	20312	137718	6.38
1965-1969	85	0.13232	0.12411	0.5	19022	2361	17841	117406	6.17
1965-1969	86	0.13782	0.12893	0.5	16661	2148	15587	99565	5.98
1965-1969	87	0.14349	0.13388	0.5	14513	1943	13541	83978	5.79
1965-1969	88	0.14934	0.13896	0.5	12570	1747	11697	70436	5.60
1965-1969	89	0.15537	0.14417	0.5	10823	1560	10043	58740	5.43
1965-1969	90	0.16157	0.14950	0.5	9263	1385	8570	48697	5.26
1965-1969	91	0.16796	0.15495	0.5	7878	1221	7268	40126	5.09
1965-1969	92	0.17452	0.16051	0.5	6657	1069	6123	32858	4.94
1965-1969	93	0.18126	0.16620	0.5	5589	929	5124	26735	4.78
1965-1969	94	0.18818	0.17200	0.5	4660	801	4259	21611	4.64
1965-1969	95	0.19527	0.17790	0.5	3858	686	3515	17352	4.50
1965-1969	96	0.20254	0.18392	0.5	3172	583	2880	13837	4.36
1965-1969	97	0.20998	0.19003	0.5	2589	492	2343	10956	4.23
1965-1969	98	0.21759	0.19624	0.5	2097	411	1891	8613	4.11
1965-1969	99	0.22537	0.20255	0.5	1685	341	1515	6723	3.99
1965-1969	100	0.23331	0.20894	0.5	1344	281	1204	5208	3.88
1965-1969	101	0.24141	0.21541	0.5	1063	229	949	4004	3.77
1965-1969	102	0.24967	0.22196	0.5	834	185	742	3056	3.66
1965-1969	103	0.25808	0.22859	0.5	649	148	575	2314	3.57
1965-1969	104	0.26664	0.23527	0.5	501	118	442	1739	3.47
1965-1969	105	0.27534	0.24202	0.5	383	93	337	1298	3.39
1965-1969	106	0.28417	0.24882	0.5	290	72	254	961	3.31
1965-1969	107	0.29313	0.25566	0.5	218	56	190	707	3.24
1965-1969	108	0.30222	0.26255	0.5	162	43	141	517	3.19
1965-1969	109	0.31143	0.26947	0.5	120	32	104	376	3.14
1965-1969	110+	0.32075	1.00000	3.12	87	87	273	273	3.12
1970-1974	0	0.01990	0.01955	0.1	100000	1955	98247	7003348	70.03
1970-1974	1	0.00173	0.00172	0.5	98045	169	97960	6905101	70.43
1970-1974	2	0.00116	0.00116	0.5	97876	113	97819	6807141	69.55
1970-1974	3	0.00073	0.00073	0.5	97762	71	97727	6709322	68.63
1970-1974	4	0.00074	0.00074	0.5	97691	72	97655	6611595	67.68
1970-1974	5	0.00092	0.00092	0.5	97619	90	97574	6513940	66.73
1970-1974	6	0.00041	0.00041	0.5	97529	40	97509	6416366	65.79
1970-1974	7	0.00045	0.00045	0.5	97490	44	97468	6318856	64.82
1970-1974	8	0.00052	0.00052	0.5	97446	50	97421	6221388	63.84
1970-1974	9	0.00051	0.00051	0.5	97396	49	97371	6123967	62.88
1970-1974	10	0.00052	0.00052	0.5	97346	51	97321	6026596	61.91
1970-1974	11	0.00074	0.00074	0.5	97296	72	97259	5929275	60.94
1970-1974	12	0.00050	0.00050	0.5	97223	49	97199	5832016	59.99
1970-1974	13	0.00044	0.00044	0.5	97175	43	97153	5734817	59.02
1970-1974	14	0.00087	0.00087	0.5	97131	84	97089	5637664	58.04
1970-1974	15	0.00143	0.00143	0.5	97047	139	96977	5540575	57.09
1970-1974	16	0.00176	0.00175	0.5	96908	170	96823	5443598	56.17
1970-1974	17	0.00197	0.00197	0.5	96738	191	96643	5346775	55.27
1970-1974	18	0.00220	0.00220	0.5	96547	212	96441	5250132	54.38
1970-1974	19	0.00228	0.00227	0.5	96335	219	96226	5153691	53.50
1970-1974	20	0.00288	0.00287	0.5	96116	276	95978	5057465	52.62
1970-1974	21	0.00213	0.00213	0.5	95840	204	95738	4961487	51.77
1970-1974	22	0.00200	0.00200	0.5	95636	191	95540	4865750	50.88
1970-1974	23	0.00226	0.00226	0.5	95445	216	95337	4770209	49.98
1970-1974	24	0.00173	0.00173	0.5	95229	165	95147	4674872	49.09
1970-1974	25	0.00186	0.00186	0.5	95065	177	94976	4579726	48.17
1970-1974	26	0.00172	0.00172	0.5	94888	163	94806	4484749	47.26
1970-1974	27	0.00227	0.00226	0.5	94725	214	94618	4389943	46.34
1970-1974	28	0.00240	0.00240	0.5	94510	227	94397	4295325	45.45
1970-1974	29	0.00244	0.00243	0.5	94284	230	94169	4200928	44.56
1970-1974	30	0.00192	0.00192	0.5	94054	181	93964	4106759	43.66
1970-1974	31	0.00182	0.00182	0.5	93874	171	93788	4012795	42.75
1970-1974	32	0.00184	0.00184	0.5	93703	173	93616	3919007	41.82
1970-1974	33	0.00204	0.00204	0.5	93530	191	93435	3825391	40.90
1970-1974	34	0.00211	0.00211	0.5	93339	197	93241	3731956	39.98
1970-1974	35	0.00266	0.00266	0.5	93142	247	93018	3638716	39.07
1970-1974	36	0.00264	0.00264	0.5	92895	245	92772	3545697	38.17
1970-1974	37	0.00283	0.00283	0.5	92650	262	92519	3452925	37.27
1970-1974	38	0.00337	0.00336	0.5	92388	311	92232	3360406	36.37
1970-1974	39	0.00331	0.00330	0.5	92077	304	91925	3268174	35.49
1970-1974	40	0.00363	0.00363	0.5	91773	333	91606	3176249	34.61
1970-1974	41	0.00427	0.00426	0.5	91440	389	91245	3084643	33.73
1970-1974	42	0.00497	0.00496	0.5	91050	452	90825	2993398	32.88
1970-1974	43	0.00453	0.00452	0.5	90599	409	90394	2902573	32.04
1970-1974	44	0.00469	0.00468	0.5	90189	422	89978	2812179	31.18
1970-1974	45	0.00611	0.00609	0.5	89767	547	89494	2722201	30.33
1970-1974	46	0.00451	0.00450	0.5	89221	402	89020	2632707	29.51
1970-1974	47	0.00648	0.00646	0.5	88819	574	88532	2543687	28.64
1970-1974	48	0.00609	0.00607	0.5	88245	535	87977	2455155	27.82
1970-1974	49	0.00749	0.00746	0.5	87710	654	87383	2367178	26.99
1970-1974	50	0.00757	0.00754	0.5	87056	656	86727	2279795	26.19
1970-1974	51	0.00678	0.00676	0.5	86399	584	86107	2193068	25.38
1970-1974	52	0.00922	0.00918	0.5	85815	787	85421	2106961	24.55
1970-1974	53	0.00868	0.00864	0.5	85028	735	84660	2021539	23.78
1970-1974	54	0.01057	0.01051	0.5	84293	886	83850	1936879	22.98
1970-1974	55	0.00972	0.00967	0.5	83407	807	83003	1853029	22.22
1970-1974	56	0.01212	0.01205	0.5	82600	995	82102	1770026	21.43
1970-1974	57	0.01204	0.01197	0.5	81605	977	81117	1687923	20.68
1970-1974	58	0.01332	0.01323	0.5	80628	1067	80095	1606807	19.93
1970-1974	59	0.01651	0.01638	0.5	79561	1303	78910	1526712	19.19
1970-1974	60	0.01880	0.01863	0.5	78258	1458	77529	1447802	18.50
1970-1974	61	0.01982	0.01962	0.5	76800	1507	76047	1370273	17.84
1970-1974	62	0.01981	0.01962	0.5	75293	1477	74555	1294226	17.19
1970-1974	63	0.02416	0.02387	0.5	73816	1762	72935	1219671	16.52
1970-1974	64	0.02275	0.02249	0.5	72054	1621	71244	1146736	15.91
1970-1974	65	0.02469	0.02439	0.5	70433	1718	69574	1075492	15.27
1970-1974	66	0.02799	0.02761	0.5	68715	1897	67767	1005917	14.64
1970-1974	67	0.03383	0.03327	0.5	66818	2223	65707	938150	14.04
1970-1974	68	0.03288	0.03235	0.5	64596	2090	63551	872443	13.51
1970-1974	69	0.03259	0.03207	0.5	62506	2005	61503	808893	12.94
1970-1974	70	0.03274	0.03221	0.5	60501	1949	59527	747389	12.35
1970-1974	71	0.03892	0.03818	0.5	58552	2235	57435	687863	11.75
1970-1974	72	0.04554	0.04453	0.5	56317	2508	55063	630428	11.19
1970-1974	73	0.04744	0.04635	0.5	53809	2494	52562	575365	10.69
1970-1974	74	0.05071	0.04946	0.5	51315	2538	50046	522803	10.19
1970-1974	75	0.06717	0.06498	0.5	48777	3170	47193	472756	9.69
1970-1974	76	0.05531	0.05382	0.5	45608	2455	44380	425564	9.33
1970-1974	77	0.07216	0.06965	0.5	43153	3006	41650	381183	8.83
1970-1974	78	0.07515	0.07243	0.5	40147	2908	38693	339533	8.46
1970-1974	79	0.06836	0.06610	0.5	37239	2461	36009	300840	8.08
1970-1974	80	0.08803	0.08432	0.5	34778	2933	33312	264831	7.61
1970-1974	81	0.09421	0.08997	0.5	31846	2865	30413	231519	7.27
1970-1974	82	0.10075	0.09592	0.5	28980	2780	27591	201106	6.94
1970-1974	83	0.10768	0.10218	0.5	26201	2677	24862	173515	6.62
1970-1974	84	0.11501	0.10876	0.5	23524	2558	22244	148653	6.32
1970-1974	85	0.12275	0.11565	0.5	20965	2425	19753	126409	6.03
1970-1974	86	0.13092	0.12288	0.5	18541	2278	17401	106656	5.75
1970-1974	87	0.13953	0.13043	0.5	16262	2121	15202	89254	5.49
1970-1974	88	0.14859	0.13831	0.5	14141	1956	13163	74053	5.24
1970-1974	89	0.15810	0.14651	0.5	12185	1785	11293	60889	5.00
1970-1974	90	0.16807	0.15504	0.5	10400	1612	9594	49597	4.77
1970-1974	91	0.17851	0.16388	0.5	8788	1440	8068	40003	4.55
1970-1974	92	0.18942	0.17303	0.5	7347	1271	6712	31935	4.35
1970-1974	93	0.20081	0.18248	0.5	6076	1109	5522	25224	4.15
1970-1974	94	0.21266	0.19222	0.5	4967	955	4490	19702	3.97
1970-1974	95	0.22498	0.20223	0.5	4012	811	3607	15212	3.79
1970-1974	96	0.23777	0.21250	0.5	3201	680	2861	11605	3.63
1970-1974	97	0.25100	0.22301	0.5	2521	562	2240	8744	3.47
1970-1974	98	0.26467	0.23374	0.5	1959	458	1730	6505	3.32
1970-1974	99	0.27877	0.24467	0.5	1501	367	1317	4775	3.18
1970-1974	100	0.29327	0.25577	0.5	1134	290	989	3458	3.05
1970-1974	101	0.30816	0.26702	0.5	844	225	731	2469	2.93
1970-1974	102	0.32342	0.27840	0.5	618	172	532	1738	2.81
1970-1974	103	0.33901	0.28987	0.5	446	129	382	1206	2.70
1970-1974	104	0.35491	0.30142	0.5	317	96	269	824	2.60
1970-1974	105	0.37110	0.31302	0.5	221	69	187	555	2.51
1970-1974	106	0.38753	0.32463	0.5	152	49	127	368	2.42
1970-1974	107	0.40418	0.33623	0.5	103	35	85	241	2.34
1970-1974	108	0.42100	0.34779	0.5	68	24	56	155	2.28
1970-1974	109	0.43798	0.35930	0.5	44	16	36	99	2.23
1970-1974	110+	0.45506	1.00000	2.2	28	28	63	63	2.20
1975-1979	0	0.01557	0.01535	0.09	100000	1535	98605	7210162	72.10
1975-1979	1	0.00181	0.00181	0.5	98465	178	98376	7111556	72.22
1975-1979	2	0.00112	0.00112	0.5	98287	110	98232	7013180	71.35
1975-1979	3	0.00059	0.00059	0.5	98176	58	98148	6914949	70.43
1975-1979	4	0.00059	0.00059	0.5	98119	57	98090	6816801	69.47
1975-1979	5	0.00043	0.00043	0.5	98061	42	98040	6718711	68.52
1975-1979	6	0.00045	0.00045	0.5	98020	44	97998	6620671	67.54
1975-1979	7	0.00040	0.00040	0.5	97975	40	97956	6522673	66.57
1975-1979	8	0.00044	0.00044	0.5	97936	43	97914	6424718	65.60
1975-1979	9	0.00033	0.00033	0.5	97893	32	97877	6326803	64.63
1975-1979	10	0.00025	0.00025	0.5	97861	24	97849	6228926	63.65
1975-1979	11	0.00054	0.00054	0.5	97836	53	97810	6131078	62.67
1975-1979	12	0.00047	0.00047	0.5	97784	46	97760	6033268	61.70
1975-1979	13	0.00046	0.00046	0.5	97737	45	97715	5935507	60.73
1975-1979	14	0.00089	0.00089	0.5	97692	86	97649	5837792	59.76
1975-1979	15	0.00103	0.00103	0.5	97606	100	97556	5740143	58.81
1975-1979	16	0.00145	0.00145	0.5	97506	141	97435	5642588	57.87
1975-1979	17	0.00177	0.00177	0.5	97365	172	97278	5545153	56.95
1975-1979	18	0.00239	0.00239	0.5	97192	232	97076	5447874	56.05
1975-1979	19	0.00260	0.00259	0.5	96960	252	96834	5350798	55.19
1975-1979	20	0.00298	0.00298	0.5	96709	288	96564	5253964	54.33
1975-1979	21	0.00223	0.00223	0.5	96420	215	96313	5157399	53.49
1975-1979	22	0.00224	0.00223	0.5	96205	215	96098	5061086	52.61
1975-1979	23	0.00268	0.00268	0.5	95990	257	95862	4964989	51.72
1975-1979	24	0.00243	0.00242	0.5	95733	232	95617	4869127	50.86
1975-1979	25	0.00235	0.00235	0.5	95501	225	95389	4773510	49.98
1975-1979	26	0.00193	0.00192	0.5	95277	183	95185	4678121	49.10
1975-1979	27	0.00214	0.00214	0.5	95093	203	94991	4582936	48.19
1975-1979	28	0.00198	0.00197	0.5	94890	187	94796	4487945	47.30
1975-1979	29	0.00178	0.00178	0.5	94702	169	94618	4393149	46.39
1975-1979	30	0.00190	0.00190	0.5	94534	180	94444	4298531	45.47
1975-1979	31	0.00210	0.00210	0.5	94354	198	94255	4204087	44.56
1975-1979	32	0.00190	0.00190	0.5	94156	179	94066	4109832	43.65
1975-1979	33	0.00180	0.00180	0.5	93977	169	93892	4015766	42.73
1975-1979	34	0.00228	0.00228	0.5	93808	214	93701	3921873	41.81
1975-1979	35	0.00202	0.00202	0.5	93594	189	93499	3828172	40.90
1975-1979	36	0.00207	0.00207	0.5	93405	193	93308	3734673	39.98
1975-1979	37	0.00275	0.00274	0.5	93212	256	93084	3641364	39.07
1975-1979	38	0.00189	0.00188	0.5	92956	175	92869	3548280	38.17
1975-1979	39	0.00254	0.00254	0.5	92781	235	92663	3455412	37.24
1975-1979	40	0.00310	0.00309	0.5	92546	286	92403	3362748	36.34
1975-1979	41	0.00384	0.00384	0.5	92260	354	92083	3270346	35.45
1975-1979	42	0.00329	0.00328	0.5	91906	301	91755	3178263	34.58
1975-1979	43	0.00465	0.00464	0.5	91604	425	91392	3086508	33.69
1975-1979	44	0.00396	0.00396	0.5	91180	361	90999	2995116	32.85
1975-1979	45	0.00495	0.00494	0.5	90819	448	90595	2904117	31.98
1975-1979	46	0.00414	0.00413	0.5	90371	373	90184	2813522	31.13
1975-1979	47	0.00554	0.00552	0.5	89998	497	89749	2723338	30.26
1975-1979	48	0.00549	0.00548	0.5	89500	490	89255	2633589	29.43
1975-1979	49	0.00638	0.00636	0.5	89010	566	88727	2544334	28.58
1975-1979	50	0.00667	0.00665	0.5	88444	588	88150	2455606	27.76
1975-1979	51	0.00679	0.00676	0.5	87856	594	87559	2367456	26.95
1975-1979	52	0.00846	0.00842	0.5	87262	735	86894	2279897	26.13
1975-1979	53	0.00955	0.00950	0.5	86527	822	86116	2193003	25.34
1975-1979	54	0.00900	0.00896	0.5	85705	768	85321	2106887	24.58
1975-1979	55	0.00974	0.00970	0.5	84937	823	84525	2021566	23.80
1975-1979	56	0.00942	0.00938	0.5	84113	789	83719	1937041	23.03
1975-1979	57	0.01001	0.00996	0.5	83324	830	82910	1853322	22.24
1975-1979	58	0.01328	0.01320	0.5	82495	1089	81950	1770413	21.46
1975-1979	59	0.01320	0.01311	0.5	81406	1068	80872	1688462	20.74
1975-1979	60	0.01279	0.01271	0.5	80339	1021	79828	1607590	20.01
1975-1979	61	0.01455	0.01444	0.5	79318	1145	78745	1527762	19.26
1975-1979	62	0.01637	0.01624	0.5	78172	1269	77538	1449017	18.54
1975-1979	63	0.01920	0.01902	0.5	76903	1463	76172	1371479	17.83
1975-1979	64	0.01658	0.01644	0.5	75441	1240	74820	1295307	17.17
1975-1979	65	0.02317	0.02291	0.5	74200	1700	73350	1220487	16.45
1975-1979	66	0.02126	0.02104	0.5	72500	1525	71738	1147136	15.82
1975-1979	67	0.02761	0.02724	0.5	70975	1933	70009	1075399	15.15
1975-1979	68	0.02560	0.02528	0.5	69042	1745	68169	1005390	14.56
1975-1979	69	0.02741	0.02704	0.5	67297	1820	66387	937220	13.93
1975-1979	70	0.03438	0.03380	0.5	65477	2213	64371	870833	13.30
1975-1979	71	0.03752	0.03683	0.5	63264	2330	62099	806463	12.75
1975-1979	72	0.04063	0.03982	0.5	60934	2426	59721	744364	12.22
1975-1979	73	0.03663	0.03597	0.5	58508	2105	57455	684643	11.70
1975-1979	74	0.04389	0.04294	0.5	56403	2422	55192	627188	11.12
1975-1979	75	0.04955	0.04835	0.5	53981	2610	52676	571996	10.60
1975-1979	76	0.05501	0.05354	0.5	51371	2750	49996	519320	10.11
1975-1979	77	0.06072	0.05893	0.5	48621	2865	47188	469325	9.65
1975-1979	78	0.06100	0.05919	0.5	45755	2708	44401	422137	9.23
1975-1979	79	0.06775	0.06553	0.5	43047	2821	41636	377736	8.77
1975-1979	80	0.07697	0.07412	0.5	40226	2981	38735	336099	8.36
1975-1979	81	0.08226	0.07901	0.5	37245	2943	35773	297364	7.98
1975-1979	82	0.08790	0.08420	0.5	34302	2888	32858	261590	7.63
1975-1979	83	0.09391	0.08970	0.5	31414	2818	30005	228733	7.28
1975-1979	84	0.10030	0.09551	0.5	28596	2731	27230	198728	6.95
1975-1979	85	0.10710	0.10165	0.5	25865	2629	24550	171498	6.63
1975-1979	86	0.11432	0.10814	0.5	23235	2513	21979	146948	6.32
1975-1979	87	0.12199	0.11498	0.5	20723	2383	19532	124968	6.03
1975-1979	88	0.13012	0.12217	0.5	18340	2241	17220	105437	5.75
1975-1979	89	0.13874	0.12974	0.5	16100	2089	15055	88217	5.48
1975-1979	90	0.14787	0.13769	0.5	14011	1929	13046	73162	5.22
1975-1979	91	0.15752	0.14602	0.5	12082	1764	11200	60116	4.98
1975-1979	92	0.16771	0.15473	0.5	10317	1596	9519	48916	4.74
1975-1979	93	0.17845	0.16384	0.5	8721	1429	8007	39397	4.52
1975-1979	94	0.18977	0.17332	0.5	7292	1264	6660	31390	4.30
1975-1979	95	0.20167	0.18319	0.5	6028	1104	5476	24730	4.10
1975-1979	96	0.21415	0.19344	0.5	4924	952	4448	19254	3.91
1975-1979	97	0.22723	0.20405	0.5	3971	810	3566	14806	3.73
1975-1979	98	0.24091	0.21501	0.5	3161	680	2821	11240	3.56
1975-1979	99	0.25519	0.22631	0.5	2481	562	2201	8419	3.39
1975-1979	100	0.27005	0.23792	0.5	1920	457	1691	6218	3.24
1975-1979	101	0.28549	0.24983	0.5	1463	366	1280	4527	3.09
1975-1979	102	0.30150	0.26200	0.5	1098	288	954	3246	2.96
1975-1979	103	0.31804	0.27440	0.5	810	222	699	2293	2.83
1975-1979	104	0.33510	0.28701	0.5	588	169	503	1594	2.71
1975-1979	105	0.35264	0.29978	0.5	419	126	356	1090	2.60
1975-1979	106	0.37062	0.31268	0.5	293	92	248	734	2.50
1975-1979	107	0.38901	0.32567	0.5	202	66	169	487	2.41
1975-1979	108	0.40776	0.33870	0.5	136	46	113	318	2.34
1975-1979	109	0.42680	0.35174	0.5	90	32	74	205	2.28
1975-1979	110+	0.44610	1.00000	2.24	58	58	131	131	2.24
1980-1984	0	0.01215	0.01202	0.08	100000	1202	98897	7335184	73.35
1980-1984	1	0.00111	0.00111	0.5	98798	109	98744	7236287	73.24
1980-1984	2	0.00074	0.00074	0.5	98689	73	98653	7137544	72.32
1980-1984	3	0.00069	0.00069	0.5	98616	68	98582	7038891	71.38
1980-1984	4	0.00037	0.00037	0.5	98548	36	98530	6940309	70.43
1980-1984	5	0.00028	0.00028	0.5	98512	28	98498	6841778	69.45
1980-1984	6	0.00032	0.00032	0.5	98484	32	98469	6743280	68.47
1980-1984	7	0.00040	0.00040	0.5	98453	40	98433	6644811	67.49
1980-1984	8	0.00045	0.00045	0.5	98413	44	98391	6546378	66.52
1980-1984	9	0.00032	0.00032	0.5	98369	32	98353	6447987	65.55
1980-1984	10	0.00039	0.00039	0.5	98338	38	98318	6349634	64.57
1980-1984	11	0.00037	0.00037	0.5	98299	36	98281	6251315	63.59
1980-1984	12	0.00027	0.00027	0.5	98263	26	98250	6153034	62.62
1980-1984	13	0.00045	0.00045	0.5	98237	44	98215	6054784	61.63
1980-1984	14	0.00062	0.00062	0.5	98192	61	98162	5956570	60.66
1980-1984	15	0.00086	0.00086	0.5	98132	84	98090	5858408	59.70
1980-1984	16	0.00135	0.00135	0.5	98048	133	97981	5760318	58.75
1980-1984	17	0.00155	0.00155	0.5	97915	152	97839	5662337	57.83
1980-1984	18	0.00174	0.00174	0.5	97763	170	97678	5564498	56.92
1980-1984	19	0.00200	0.00199	0.5	97593	195	97496	5466820	56.02
1980-1984	20	0.00208	0.00208	0.5	97399	203	97297	5369324	55.13
1980-1984	21	0.00273	0.00273	0.5	97196	265	97063	5272026	54.24
1980-1984	22	0.00208	0.00208	0.5	96931	201	96830	5174963	53.39
1980-1984	23	0.00263	0.00263	0.5	96730	254	96603	5078132	52.50
1980-1984	24	0.00248	0.00247	0.5	96476	239	96356	4981530	51.64
1980-1984	25	0.00199	0.00198	0.5	96237	191	96141	4885173	50.76
1980-1984	26	0.00238	0.00238	0.5	96046	228	95932	4789032	49.86
1980-1984	27	0.00163	0.00162	0.5	95818	156	95740	4693100	48.98
1980-1984	28	0.00171	0.00170	0.5	95662	163	95581	4597360	48.06
1980-1984	29	0.00178	0.00178	0.5	95499	170	95414	4501780	47.14
1980-1984	30	0.00155	0.00155	0.5	95329	147	95256	4406365	46.22
1980-1984	31	0.00179	0.00179	0.5	95182	170	95097	4311110	45.29
1980-1984	32	0.00182	0.00182	0.5	95012	173	94925	4216013	44.37
1980-1984	33	0.00165	0.00165	0.5	94839	157	94761	4121087	43.45
1980-1984	34	0.00187	0.00187	0.5	94682	177	94594	4026326	42.52
1980-1984	35	0.00183	0.00183	0.5	94505	173	94419	3931733	41.60
1980-1984	36	0.00208	0.00208	0.5	94332	196	94234	3837314	40.68
1980-1984	37	0.00193	0.00192	0.5	94136	181	94045	3743080	39.76
1980-1984	38	0.00227	0.00226	0.5	93954	213	93848	3649035	38.84
1980-1984	39	0.00175	0.00175	0.5	93742	164	93660	3555187	37.93
1980-1984	40	0.00261	0.00261	0.5	93578	244	93456	3461527	36.99
1980-1984	41	0.00288	0.00287	0.5	93334	268	93199	3368071	36.09
1980-1984	42	0.00285	0.00284	0.5	93065	265	92933	3274872	35.19
1980-1984	43	0.00290	0.00290	0.5	92801	269	92666	3181939	34.29
1980-1984	44	0.00275	0.00275	0.5	92531	254	92404	3089273	33.39
1980-1984	45	0.00329	0.00329	0.5	92277	303	92125	2996869	32.48
1980-1984	46	0.00410	0.00409	0.5	91974	376	91786	2904743	31.58
1980-1984	47	0.00431	0.00430	0.5	91598	393	91401	2812958	30.71
1980-1984	48	0.00479	0.00478	0.5	91204	436	90986	2721557	29.84
1980-1984	49	0.00437	0.00436	0.5	90769	396	90571	2630570	28.98
1980-1984	50	0.00623	0.00621	0.5	90373	561	90092	2540000	28.11
1980-1984	51	0.00648	0.00646	0.5	89811	580	89521	2449908	27.28
1980-1984	52	0.00608	0.00606	0.5	89231	541	88960	2360387	26.45
1980-1984	53	0.00691	0.00689	0.5	88690	611	88385	2271426	25.61
1980-1984	54	0.00705	0.00702	0.5	88079	619	87770	2183041	24.79
1980-1984	55	0.00766	0.00763	0.5	87461	668	87127	2095272	23.96
1980-1984	56	0.00842	0.00838	0.5	86793	727	86429	2008145	23.14
1980-1984	57	0.01209	0.01202	0.5	86066	1034	85549	1921715	22.33
1980-1984	58	0.01095	0.01089	0.5	85031	926	84568	1836167	21.59
1980-1984	59	0.01236	0.01228	0.5	84105	1033	83588	1751599	20.83
1980-1984	60	0.01236	0.01228	0.5	83072	1021	82562	1668010	20.08
1980-1984	61	0.01418	0.01408	0.5	82051	1156	81474	1585449	19.32
1980-1984	62	0.01391	0.01381	0.5	80896	1117	80337	1503975	18.59
1980-1984	63	0.01743	0.01728	0.5	79778	1379	79089	1423638	17.84
1980-1984	64	0.01873	0.01856	0.5	78400	1455	77672	1344549	17.15
1980-1984	65	0.02451	0.02421	0.5	76944	1863	76013	1266877	16.46
1980-1984	66	0.02194	0.02170	0.5	75081	1629	74266	1190864	15.86
1980-1984	67	0.02427	0.02398	0.5	73452	1761	72571	1116598	15.20
1980-1984	68	0.02637	0.02602	0.5	71690	1866	70757	1044027	14.56
1980-1984	69	0.03004	0.02960	0.5	69825	2067	68791	973269	13.94
1980-1984	70	0.03057	0.03011	0.5	67758	2040	66738	904478	13.35
1980-1984	71	0.03498	0.03438	0.5	65718	2259	64588	837740	12.75
1980-1984	72	0.03600	0.03536	0.5	63458	2244	62336	773152	12.18
1980-1984	73	0.04168	0.04083	0.5	61214	2500	59965	710816	11.61
1980-1984	74	0.05134	0.05006	0.5	58715	2939	57245	650851	11.08
1980-1984	75	0.04435	0.04339	0.5	55776	2420	54566	593606	10.64
1980-1984	76	0.04833	0.04719	0.5	53356	2518	52097	539040	10.10
1980-1984	77	0.05394	0.05253	0.5	50838	2670	49503	486943	9.58
1980-1984	78	0.06712	0.06494	0.5	48168	3128	46604	437440	9.08
1980-1984	79	0.07542	0.07268	0.5	45040	3274	43403	390837	8.68
1980-1984	80	0.07058	0.06818	0.5	41766	2848	40343	347433	8.32
1980-1984	81	0.07678	0.07394	0.5	38919	2878	37480	307091	7.89
1980-1984	82	0.08346	0.08011	0.5	36041	2887	34598	269611	7.48
1980-1984	83	0.09065	0.08672	0.5	33154	2875	31716	235013	7.09
1980-1984	84	0.09839	0.09378	0.5	30279	2839	28859	203297	6.71
1980-1984	85	0.10670	0.10130	0.5	27439	2780	26049	174438	6.36
1980-1984	86	0.11562	0.10930	0.5	24660	2695	23312	148388	6.02
1980-1984	87	0.12516	0.11779	0.5	21964	2587	20671	125076	5.69
1980-1984	88	0.13535	0.12677	0.5	19377	2456	18149	104405	5.39
1980-1984	89	0.14622	0.13626	0.5	16921	2306	15768	86256	5.10
1980-1984	90	0.15778	0.14624	0.5	14615	2137	13547	70488	4.82
1980-1984	91	0.17005	0.15673	0.5	12478	1956	11500	56942	4.56
1980-1984	92	0.18306	0.16771	0.5	10522	1765	9640	45442	4.32
1980-1984	93	0.19679	0.17916	0.5	8758	1569	7973	35802	4.09
1980-1984	94	0.21126	0.19108	0.5	7189	1374	6502	27829	3.87
1980-1984	95	0.22648	0.20344	0.5	5815	1183	5223	21327	3.67
1980-1984	96	0.24242	0.21621	0.5	4632	1001	4131	16103	3.48
1980-1984	97	0.25907	0.22936	0.5	3631	833	3214	11972	3.30
1980-1984	98	0.27643	0.24286	0.5	2798	679	2458	8758	3.13
1980-1984	99	0.29445	0.25666	0.5	2118	544	1846	6300	2.97
1980-1984	100	0.31310	0.27072	0.5	1575	426	1361	4453	2.83
1980-1984	101	0.33234	0.28498	0.5	1148	327	985	3092	2.69
1980-1984	102	0.35213	0.29941	0.5	821	246	698	2107	2.57
1980-1984	103	0.37240	0.31394	0.5	575	181	485	1409	2.45
1980-1984	104	0.39309	0.32852	0.5	395	130	330	924	2.34
1980-1984	105	0.41415	0.34310	0.5	265	91	220	594	2.24
1980-1984	106	0.43549	0.35762	0.5	174	62	143	375	2.15
1980-1984	107	0.45705	0.37203	0.5	112	42	91	232	2.07
1980-1984	108	0.47874	0.38628	0.5	70	27	57	141	2.00
1980-1984	109	0.50049	0.40032	0.5	43	17	34	84	1.95
1980-1984	110+	0.52222	1.00000	1.91	26	26	49	49	1.91
1985-1989	0	0.01028	0.01019	0.08	100000	1019	99060	7441891	74.42
1985-1989	1	0.00094	0.00094	0.5	98981	93	98935	7342831	74.18
1985-1989	2	0.00062	0.00062	0.5	98888	61	98858	7243896	73.25
1985-1989	3	0.00066	0.00066	0.5	98827	65	98794	7145038	72.30
1985-1989	4	0.00039	0.00039	0.5	98762	39	98742	7046244	71.35
1985-1989	5	0.00046	0.00046	0.5	98723	45	98700	6947502	70.37
1985-1989	6	0.00030	0.00030	0.5	98678	30	98663	6848801	69.41
1985-1989	7	0.00025	0.00025	0.5	98648	25	98635	6750139	68.43
1985-1989	8	0.00043	0.00043	0.5	98623	42	98602	6651503	67.44
1985-1989	9	0.00042	0.00042	0.5	98581	41	98560	6552901	66.47
1985-1989	10	0.00022	0.00022	0.5	98539	22	98528	6454341	65.50
1985-1989	11	0.00019	0.00019	0.5	98518	18	98508	6355813	64.51
1985-1989	12	0.00043	0.00043	0.5	98499	42	98478	6257304	63.53
1985-1989	13	0.00043	0.00043	0.5	98457	42	98436	6158826	62.55
1985-1989	14	0.00079	0.00079	0.5	98415	78	98376	6060390	61.58
1985-1989	15	0.00085	0.00085	0.5	98337	84	98295	5962014	60.63
1985-1989	16	0.00076	0.00076	0.5	98253	74	98216	5863719	59.68
1985-1989	17	0.00191	0.00190	0.5	98179	187	98085	5765503	58.72
1985-1989	18	0.00182	0.00182	0.5	97992	178	97903	5667418	57.84
1985-1989	19	0.00153	0.00153	0.5	97813	150	97739	5569515	56.94
1985-1989	20	0.00155	0.00155	0.5	97664	152	97588	5471776	56.03
1985-1989	21	0.00246	0.00246	0.5	97512	239	97392	5374188	55.11
1985-1989	22	0.00185	0.00185	0.5	97273	180	97183	5276796	54.25
1985-1989	23	0.00145	0.00145	0.5	97093	140	97023	5179613	53.35
1985-1989	24	0.00189	0.00189	0.5	96953	183	96861	5082590	52.42
1985-1989	25	0.00180	0.00180	0.5	96770	174	96683	4985729	51.52
1985-1989	26	0.00214	0.00214	0.5	96595	207	96492	4889046	50.61
1985-1989	27	0.00215	0.00215	0.5	96389	207	96285	4792554	49.72
1985-1989	28	0.00185	0.00185	0.5	96181	178	96092	4696269	48.83
1985-1989	29	0.00125	0.00125	0.5	96004	120	95943	4600177	47.92
1985-1989	30	0.00162	0.00162	0.5	95883	156	95806	4504233	46.98
1985-1989	31	0.00143	0.00143	0.5	95728	137	95659	4408428	46.05
1985-1989	32	0.00168	0.00167	0.5	95591	160	95511	4312768	45.12
1985-1989	33	0.00175	0.00175	0.5	95431	167	95347	4217257	44.19
1985-1989	34	0.00162	0.00162	0.5	95264	154	95187	4121910	43.27
1985-1989	35	0.00184	0.00184	0.5	95110	175	95022	4026723	42.34
1985-1989	36	0.00183	0.00183	0.5	94935	174	94848	3931701	41.41
1985-1989	37	0.00197	0.00197	0.5	94761	187	94668	3836853	40.49
1985-1989	38	0.00204	0.00204	0.5	94575	193	94478	3742185	39.57
1985-1989	39	0.00191	0.00190	0.5	94382	180	94292	3647706	38.65
1985-1989	40	0.00182	0.00182	0.5	94202	171	94117	3553414	37.72
1985-1989	41	0.00238	0.00238	0.5	94031	224	93919	3459298	36.79
1985-1989	42	0.00247	0.00246	0.5	93807	231	93692	3365379	35.88
1985-1989	43	0.00209	0.00209	0.5	93576	195	93478	3271687	34.96
1985-1989	44	0.00244	0.00244	0.5	93381	227	93267	3178209	34.03
1985-1989	45	0.00288	0.00288	0.5	93153	268	93019	3084942	33.12
1985-1989	46	0.00310	0.00310	0.5	92885	288	92741	2991922	32.21
1985-1989	47	0.00322	0.00322	0.5	92597	298	92448	2899181	31.31
1985-1989	48	0.00381	0.00380	0.5	92299	351	92124	2806733	30.41
1985-1989	49	0.00392	0.00391	0.5	91948	359	91769	2714609	29.52
1985-1989	50	0.00466	0.00465	0.5	91589	426	91376	2622840	28.64
1985-1989	51	0.00484	0.00483	0.5	91163	440	90943	2531464	27.77
1985-1989	52	0.00614	0.00612	0.5	90723	555	90446	2440521	26.90
1985-1989	53	0.00612	0.00610	0.5	90168	550	89893	2350075	26.06
1985-1989	54	0.00698	0.00696	0.5	89618	623	89307	2260182	25.22
1985-1989	55	0.00748	0.00745	0.5	88995	663	88663	2170876	24.39
1985-1989	56	0.00852	0.00848	0.5	88332	749	87957	2082212	23.57
1985-1989	57	0.00787	0.00784	0.5	87583	686	87240	1994255	22.77
1985-1989	58	0.00976	0.00971	0.5	86897	844	86475	1907015	21.95
1985-1989	59	0.01083	0.01078	0.5	86053	927	85589	1820540	21.16
1985-1989	60	0.01019	0.01014	0.5	85125	863	84694	1734951	20.38
1985-1989	61	0.01165	0.01158	0.5	84263	976	83775	1650257	19.58
1985-1989	62	0.01291	0.01283	0.5	83287	1069	82753	1566482	18.81
1985-1989	63	0.01473	0.01462	0.5	82218	1202	81617	1483730	18.05
1985-1989	64	0.01522	0.01510	0.5	81016	1223	80404	1402112	17.31
1985-1989	65	0.02093	0.02072	0.5	79793	1653	78966	1321708	16.56
1985-1989	66	0.02382	0.02354	0.5	78140	1839	77220	1242742	15.90
1985-1989	67	0.02208	0.02184	0.5	76300	1666	75467	1165522	15.28
1985-1989	68	0.02518	0.02487	0.5	74634	1856	73706	1090055	14.61
1985-1989	69	0.02632	0.02597	0.5	72778	1890	71833	1016349	13.97
1985-1989	70	0.03136	0.03088	0.5	70887	2189	69793	944516	13.32
1985-1989	71	0.03943	0.03867	0.5	68699	2657	67370	874723	12.73
1985-1989	72	0.03761	0.03691	0.5	66042	2438	64823	807353	12.22
1985-1989	73	0.04782	0.04670	0.5	63604	2971	62119	742530	11.67
1985-1989	74	0.04841	0.04727	0.5	60634	2866	59201	680411	11.22
1985-1989	75	0.05234	0.05100	0.5	57768	2946	56294	621211	10.75
1985-1989	76	0.04731	0.04621	0.5	54821	2534	53554	564916	10.30
1985-1989	77	0.05473	0.05327	0.5	52288	2786	50895	511362	9.78
1985-1989	78	0.06053	0.05875	0.5	49502	2908	48048	460467	9.30
1985-1989	79	0.06137	0.05954	0.5	46594	2774	45207	412419	8.85
1985-1989	80	0.06534	0.06327	0.5	43820	2773	42433	367212	8.38
1985-1989	81	0.07171	0.06923	0.5	41047	2842	39626	324779	7.91
1985-1989	82	0.07869	0.07571	0.5	38205	2892	36759	285152	7.46
1985-1989	83	0.08632	0.08275	0.5	35313	2922	33852	248393	7.03
1985-1989	84	0.09466	0.09038	0.5	32391	2928	30927	214541	6.62
1985-1989	85	0.10376	0.09865	0.5	29463	2906	28010	183614	6.23
1985-1989	86	0.11369	0.10758	0.5	26557	2857	25128	155604	5.86
1985-1989	87	0.12450	0.11720	0.5	23700	2778	22311	130475	5.51
1985-1989	88	0.13625	0.12756	0.5	20922	2669	19588	108164	5.17
1985-1989	89	0.14898	0.13866	0.5	18254	2531	16988	88576	4.85
1985-1989	90	0.16277	0.15052	0.5	15723	2367	14539	71588	4.55
1985-1989	91	0.17765	0.16316	0.5	13356	2179	12266	57049	4.27
1985-1989	92	0.19368	0.17658	0.5	11177	1974	10190	44782	4.01
1985-1989	93	0.21087	0.19076	0.5	9203	1756	8325	34592	3.76
1985-1989	94	0.22926	0.20568	0.5	7448	1532	6682	26267	3.53
1985-1989	95	0.24885	0.22132	0.5	5916	1309	5261	19585	3.31
1985-1989	96	0.26965	0.23761	0.5	4607	1095	4059	14324	3.11
1985-1989	97	0.29162	0.25451	0.5	3512	894	3065	10264	2.92
1985-1989	98	0.31472	0.27193	0.5	2618	712	2262	7199	2.75
1985-1989	99	0.33889	0.28979	0.5	1906	552	1630	4937	2.59
1985-1989	100	0.36404	0.30798	0.5	1354	417	1145	3307	2.44
1985-1989	101	0.39007	0.32641	0.5	937	306	784	2162	2.31
1985-1989	102	0.41685	0.34495	0.5	631	218	522	1378	2.18
1985-1989	103	0.44422	0.36349	0.5	413	150	338	856	2.07
1985-1989	104	0.47204	0.38190	0.5	263	100	213	518	1.97
1985-1989	105	0.50012	0.40008	0.5	163	65	130	305	1.87
1985-1989	106	0.52829	0.41790	0.5	98	41	77	175	1.79
1985-1989	107	0.55636	0.43528	0.5	57	25	44	97	1.71
1985-1989	108	0.58415	0.45210	0.5	32	14	25	53	1.65
1985-1989	109	0.61147	0.46830	0.5	18	8	13	28	1.60
1985-1989	110+	0.63818	1.00000	1.57	9	9	15	15	1.57
1990-1994	0	0.00914	0.00906	0.07	100000	906	99161	7538463	75.38
1990-1994	1	0.00076	0.00076	0.5	99094	76	99056	7439302	75.07
1990-1994	2	0.00048	0.00048	0.5	99018	47	98994	7340246	74.13
1990-1994	3	0.00043	0.00043	0.5	98971	42	98949	7241252	73.17
1990-1994	4	0.00041	0.00041	0.5	98928	40	98908	7142302	72.20
1990-1994	5	0.00023	0.00023	0.5	98888	23	98877	7043394	71.23
1990-1994	6	0.00035	0.00035	0.5	98865	34	98848	6944518	70.24
1990-1994	7	0.00020	0.00020	0.5	98831	20	98821	6845669	69.27
1990-1994	8	0.00023	0.00023	0.5	98811	23	98799	6746849	68.28
1990-1994	9	0.00015	0.00015	0.5	98788	15	98781	6648049	67.30
1990-1994	10	0.00029	0.00029	0.5	98773	28	98759	6549268	66.31
1990-1994	11	0.00036	0.00036	0.5	98745	36	98727	6450509	65.32
1990-1994	12	0.00031	0.00031	0.5	98710	31	98694	6351782	64.35
1990-1994	13	0.00030	0.00030	0.5	98679	30	98664	6253087	63.37
1990-1994	14	0.00054	0.00054	0.5	98649	53	98623	6154423	62.39
1990-1994	15	0.00088	0.00088	0.5	98596	87	98553	6055801	61.42
1990-1994	16	0.00110	0.00110	0.5	98509	108	98455	5957248	60.47
1990-1994	17	0.00118	0.00118	0.5	98401	116	98343	5858793	59.54
1990-1994	18	0.00122	0.00122	0.5	98284	120	98224	5760450	58.61
1990-1994	19	0.00151	0.00151	0.5	98164	148	98090	5662226	57.68
1990-1994	20	0.00224	0.00224	0.5	98016	220	97906	5564136	56.77
1990-1994	21	0.00180	0.00179	0.5	97796	175	97709	5466230	55.89
1990-1994	22	0.00181	0.00181	0.5	97621	177	97532	5368521	54.99
1990-1994	23	0.00141	0.00141	0.5	97444	137	97375	5270989	54.09
1990-1994	24	0.00142	0.00142	0.5	97307	138	97238	5173613	53.17
1990-1994	25	0.00174	0.00174	0.5	97169	169	97084	5076375	52.24
1990-1994	26	0.00175	0.00175	0.5	96999	170	96915	4979291	51.33
1990-1994	27	0.00193	0.00193	0.5	96830	187	96736	4882377	50.42
1990-1994	28	0.00158	0.00158	0.5	96643	152	96567	4785641	49.52
1990-1994	29	0.00138	0.00138	0.5	96490	133	96424	4689074	48.60
1990-1994	30	0.00171	0.00171	0.5	96358	165	96275	4592650	47.66
1990-1994	31	0.00146	0.00146	0.5	96193	140	96123	4496375	46.74
1990-1994	32	0.00166	0.00166	0.5	96053	160	95973	4400252	45.81
1990-1994	33	0.00149	0.00149	0.5	95893	143	95822	4304279	44.89
1990-1994	34	0.00161	0.00161	0.5	95750	154	95674	4208457	43.95
1990-1994	35	0.00154	0.00154	0.5	95597	147	95523	4112784	43.02
1990-1994	36	0.00217	0.00217	0.5	95450	207	95346	4017261	42.09
1990-1994	37	0.00152	0.00152	0.5	95243	144	95170	3921915	41.18
1990-1994	38	0.00184	0.00183	0.5	95098	174	95011	3826744	40.24
1990-1994	39	0.00153	0.00153	0.5	94924	145	94851	3731733	39.31
1990-1994	40	0.00169	0.00169	0.5	94779	160	94699	3636882	38.37
1990-1994	41	0.00221	0.00220	0.5	94619	208	94515	3542183	37.44
1990-1994	42	0.00202	0.00202	0.5	94410	190	94315	3447669	36.52
1990-1994	43	0.00243	0.00242	0.5	94220	228	94106	3353353	35.59
1990-1994	44	0.00230	0.00230	0.5	93992	216	93884	3259247	34.68
1990-1994	45	0.00256	0.00255	0.5	93776	239	93656	3165364	33.75
1990-1994	46	0.00289	0.00289	0.5	93536	270	93401	3071708	32.84
1990-1994	47	0.00276	0.00276	0.5	93266	257	93138	2978307	31.93
1990-1994	48	0.00324	0.00324	0.5	93009	301	92858	2885169	31.02
1990-1994	49	0.00344	0.00343	0.5	92707	318	92548	2792311	30.12
1990-1994	50	0.00410	0.00409	0.5	92389	378	92200	2699763	29.22
1990-1994	51	0.00431	0.00430	0.5	92011	396	91813	2607562	28.34
1990-1994	52	0.00444	0.00443	0.5	91615	405	91412	2515749	27.46
1990-1994	53	0.00523	0.00521	0.5	91210	475	90972	2424337	26.58
1990-1994	54	0.00604	0.00602	0.5	90734	546	90461	2333365	25.72
1990-1994	55	0.00640	0.00638	0.5	90188	575	89901	2242903	24.87
1990-1994	56	0.00777	0.00774	0.5	89613	693	89266	2153003	24.03
1990-1994	57	0.00872	0.00868	0.5	88920	772	88534	2063736	23.21
1990-1994	58	0.00914	0.00910	0.5	88148	802	87747	1975203	22.41
1990-1994	59	0.01001	0.00996	0.5	87346	870	86911	1887456	21.61
1990-1994	60	0.01129	0.01123	0.5	86476	971	85990	1800545	20.82
1990-1994	61	0.01297	0.01289	0.5	85505	1102	84954	1714555	20.05
1990-1994	62	0.01576	0.01564	0.5	84403	1320	83743	1629602	19.31
1990-1994	63	0.01563	0.01551	0.5	83083	1288	82438	1545859	18.61
1990-1994	64	0.01579	0.01567	0.5	81794	1282	81154	1463421	17.89
1990-1994	65	0.01952	0.01933	0.5	80513	1556	79735	1382267	17.17
1990-1994	66	0.01989	0.01969	0.5	78957	1555	78179	1302532	16.50
1990-1994	67	0.01899	0.01881	0.5	77402	1456	76674	1224353	15.82
1990-1994	68	0.02572	0.02539	0.5	75946	1929	74982	1147679	15.11
1990-1994	69	0.02982	0.02938	0.5	74017	2174	72930	1072698	14.49
1990-1994	70	0.02678	0.02643	0.5	71843	1899	70894	999768	13.92
1990-1994	71	0.03102	0.03055	0.5	69944	2137	68876	928874	13.28
1990-1994	72	0.03122	0.03074	0.5	67808	2084	66766	859998	12.68
1990-1994	73	0.03805	0.03734	0.5	65724	2454	64496	793232	12.07
1990-1994	74	0.04028	0.03949	0.5	63269	2498	62020	728736	11.52
1990-1994	75	0.04574	0.04472	0.5	60771	2717	59412	666716	10.97
1990-1994	76	0.04751	0.04640	0.5	58054	2694	56707	607303	10.46
1990-1994	77	0.04990	0.04869	0.5	55360	2695	54012	550597	9.95
1990-1994	78	0.05871	0.05703	0.5	52664	3004	51163	496585	9.43
1990-1994	79	0.05972	0.05799	0.5	49661	2880	48221	445422	8.97
1990-1994	80	0.06680	0.06464	0.5	46781	3024	45269	397201	8.49
1990-1994	81	0.07272	0.07017	0.5	43757	3070	42222	351932	8.04
1990-1994	82	0.07917	0.07616	0.5	40687	3099	39137	309710	7.61
1990-1994	83	0.08619	0.08263	0.5	37588	3106	36035	270573	7.20
1990-1994	84	0.09382	0.08962	0.5	34482	3090	32937	234538	6.80
1990-1994	85	0.10211	0.09715	0.5	31392	3050	29867	201601	6.42
1990-1994	86	0.11111	0.10526	0.5	28342	2983	26850	171734	6.06
1990-1994	87	0.12087	0.11398	0.5	25359	2890	23913	144884	5.71
1990-1994	88	0.13144	0.12333	0.5	22468	2771	21083	120971	5.38
1990-1994	89	0.14287	0.13334	0.5	19697	2626	18384	99888	5.07
1990-1994	90	0.15521	0.14403	0.5	17071	2459	15841	81505	4.77
1990-1994	91	0.16850	0.15541	0.5	14612	2271	13476	65663	4.49
1990-1994	92	0.18280	0.16749	0.5	12341	2067	11307	52187	4.23
1990-1994	93	0.19814	0.18028	0.5	10274	1852	9348	40879	3.98
1990-1994	94	0.21454	0.19376	0.5	8422	1632	7606	31531	3.74
1990-1994	95	0.23204	0.20792	0.5	6790	1412	6084	23926	3.52
1990-1994	96	0.25064	0.22273	0.5	5378	1198	4779	17841	3.32
1990-1994	97	0.27033	0.23814	0.5	4180	996	3683	13062	3.12
1990-1994	98	0.29111	0.25412	0.5	3185	809	2780	9380	2.95
1990-1994	99	0.31294	0.27060	0.5	2376	643	2054	6599	2.78
1990-1994	100	0.33576	0.28749	0.5	1733	498	1484	4545	2.62
1990-1994	101	0.35950	0.30473	0.5	1235	376	1046	3062	2.48
1990-1994	102	0.38409	0.32221	0.5	858	277	720	2015	2.35
1990-1994	103	0.40940	0.33984	0.5	582	198	483	1295	2.23
1990-1994	104	0.43533	0.35751	0.5	384	137	315	812	2.11
1990-1994	105	0.46172	0.37512	0.5	247	93	200	497	2.01
1990-1994	106	0.48843	0.39256	0.5	154	61	124	296	1.92
1990-1994	107	0.51531	0.40974	0.5	94	38	74	172	1.84
1990-1994	108	0.54219	0.42656	0.5	55	24	43	98	1.77
1990-1994	109	0.56891	0.44292	0.5	32	14	25	54	1.71
1990-1994	110+	0.59531	1.00000	1.68	18	18	30	30	1.68
1995-1999	0	0.00728	0.00723	0.07	100000	723	99327	7622937	76.23
1995-1999	1	0.00064	0.00064	0.5	99277	63	99246	7523610	75.78
1995-1999	2	0.00053	0.00053	0.5	99214	53	99188	7424364	74.83
1995-1999	3	0.00032	0.00032	0.5	99162	32	99146	7325176	73.87
1995-1999	4	0.00057	0.00057	0.5	99130	57	99101	7226031	72.89
1995-1999	5	0.00041	0.00041	0.5	99073	40	99053	7126929	71.94
1995-1999	6	0.00016	0.00016	0.5	99033	16	99025	7027877	70.97
1995-1999	7	0.00024	0.00024	0.5	99017	23	99005	6928852	69.98
1995-1999	8	0.00018	0.00018	0.5	98993	18	98984	6829847	68.99
1995-1999	9	0.00019	0.00019	0.5	98975	19	98966	6730863	68.01
1995-1999	10	0.00033	0.00033	0.5	98956	32	98940	6631897	67.02
1995-1999	11	0.00024	0.00024	0.5	98924	24	98912	6532957	66.04
1995-1999	12	0.00022	0.00022	0.5	98900	22	98889	6434045	65.06
1995-1999	13	0.00037	0.00037	0.5	98878	37	98859	6335157	64.07
1995-1999	14	0.00030	0.00030	0.5	98841	30	98826	6236298	63.09
1995-1999	15	0.00052	0.00052	0.5	98811	51	98785	6137472	62.11
1995-1999	16	0.00093	0.00093	0.5	98760	92	98714	6038687	61.15
1995-1999	17	0.00101	0.00101	0.5	98668	100	98618	5939973	60.20
1995-1999	18	0.00151	0.00151	0.5	98568	149	98494	5841355	59.26
1995-1999	19	0.00135	0.00135	0.5	98419	133	98353	5742862	58.35
1995-1999	20	0.00128	0.00128	0.5	98286	126	98223	5644509	57.43
1995-1999	21	0.00116	0.00116	0.5	98160	114	98103	5546286	56.50
1995-1999	22	0.00177	0.00177	0.5	98047	173	97960	5448182	55.57
1995-1999	23	0.00125	0.00125	0.5	97873	123	97812	5350222	54.66
1995-1999	24	0.00139	0.00139	0.5	97751	135	97683	5252411	53.73
1995-1999	25	0.00166	0.00166	0.5	97615	162	97534	5154728	52.81
1995-1999	26	0.00164	0.00164	0.5	97453	159	97373	5057194	51.89
1995-1999	27	0.00170	0.00170	0.5	97294	166	97211	4959820	50.98
1995-1999	28	0.00137	0.00136	0.5	97128	133	97062	4862609	50.06
1995-1999	29	0.00121	0.00120	0.5	96996	117	96937	4765547	49.13
1995-1999	30	0.00112	0.00112	0.5	96879	109	96824	4668610	48.19
1995-1999	31	0.00123	0.00123	0.5	96770	119	96711	4571786	47.24
1995-1999	32	0.00181	0.00181	0.5	96651	175	96564	4475075	46.30
1995-1999	33	0.00150	0.00150	0.5	96477	145	96404	4378512	45.38
1995-1999	34	0.00146	0.00146	0.5	96332	141	96261	4282107	44.45
1995-1999	35	0.00175	0.00175	0.5	96191	169	96107	4185846	43.52
1995-1999	36	0.00171	0.00171	0.5	96022	164	95940	4089740	42.59
1995-1999	37	0.00206	0.00206	0.5	95858	198	95759	3993799	41.66
1995-1999	38	0.00160	0.00160	0.5	95660	153	95584	3898040	40.75
1995-1999	39	0.00150	0.00150	0.5	95507	143	95436	3802457	39.81
1995-1999	40	0.00195	0.00195	0.5	95364	186	95271	3707021	38.87
1995-1999	41	0.00234	0.00234	0.5	95178	222	95067	3611750	37.95
1995-1999	42	0.00196	0.00196	0.5	94956	186	94863	3516683	37.03
1995-1999	43	0.00227	0.00227	0.5	94770	215	94662	3421820	36.11
1995-1999	44	0.00238	0.00237	0.5	94555	224	94443	3327158	35.19
1995-1999	45	0.00261	0.00260	0.5	94330	245	94208	3232715	34.27
1995-1999	46	0.00336	0.00336	0.5	94085	316	93927	3138508	33.36
1995-1999	47	0.00298	0.00297	0.5	93769	279	93630	3044581	32.47
1995-1999	48	0.00335	0.00335	0.5	93490	313	93334	2950951	31.56
1995-1999	49	0.00315	0.00314	0.5	93177	293	93031	2857617	30.67
1995-1999	50	0.00328	0.00327	0.5	92885	304	92733	2764586	29.76
1995-1999	51	0.00460	0.00459	0.5	92581	425	92368	2671854	28.86
1995-1999	52	0.00404	0.00404	0.5	92156	372	91970	2579486	27.99
1995-1999	53	0.00460	0.00459	0.5	91784	421	91574	2487516	27.10
1995-1999	54	0.00513	0.00512	0.5	91363	467	91129	2395942	26.22
1995-1999	55	0.00643	0.00641	0.5	90896	583	90604	2304813	25.36
1995-1999	56	0.00633	0.00631	0.5	90313	570	90028	2214208	24.52
1995-1999	57	0.00646	0.00644	0.5	89743	578	89454	2124180	23.67
1995-1999	58	0.00801	0.00798	0.5	89165	711	88809	2034726	22.82
1995-1999	59	0.00967	0.00963	0.5	88454	851	88028	1945917	22.00
1995-1999	60	0.00969	0.00964	0.5	87602	845	87180	1857889	21.21
1995-1999	61	0.01130	0.01124	0.5	86758	975	86270	1770709	20.41
1995-1999	62	0.01227	0.01219	0.5	85783	1046	85260	1684438	19.64
1995-1999	63	0.01468	0.01457	0.5	84737	1235	84119	1599179	18.87
1995-1999	64	0.01453	0.01442	0.5	83502	1204	82899	1515060	18.14
1995-1999	65	0.01659	0.01646	0.5	82297	1354	81620	1432160	17.40
1995-1999	66	0.01884	0.01867	0.5	80943	1511	80187	1350540	16.69
1995-1999	67	0.02046	0.02025	0.5	79432	1609	78628	1270353	15.99
1995-1999	68	0.02423	0.02394	0.5	77823	1863	76892	1191725	15.31
1995-1999	69	0.02349	0.02321	0.5	75960	1763	75078	1114833	14.68
1995-1999	70	0.02366	0.02338	0.5	74197	1735	73329	1039755	14.01
1995-1999	71	0.02868	0.02828	0.5	72462	2049	71437	966426	13.34
1995-1999	72	0.03416	0.03359	0.5	70413	2365	69230	894988	12.71
1995-1999	73	0.03959	0.03882	0.5	68048	2641	66727	825758	12.14
1995-1999	74	0.03873	0.03799	0.5	65406	2485	64164	759031	11.60
1995-1999	75	0.03961	0.03885	0.5	62921	2444	61699	694868	11.04
1995-1999	76	0.03949	0.03872	0.5	60477	2342	59306	633169	10.47
1995-1999	77	0.04786	0.04674	0.5	58135	2717	56776	573863	9.87
1995-1999	78	0.05466	0.05321	0.5	55418	2949	53944	517086	9.33
1995-1999	79	0.06098	0.05917	0.5	52469	3105	50917	463143	8.83
1995-1999	80	0.06483	0.06279	0.5	49365	3100	47815	412226	8.35
1995-1999	81	0.07133	0.06888	0.5	46265	3187	44671	364411	7.88
1995-1999	82	0.07847	0.07551	0.5	43078	3253	41452	319740	7.42
1995-1999	83	0.08629	0.08272	0.5	39825	3295	38178	278288	6.99
1995-1999	84	0.09486	0.09056	0.5	36531	3308	34877	240110	6.57
1995-1999	85	0.10422	0.09906	0.5	33222	3291	31577	205233	6.18
1995-1999	86	0.11445	0.10825	0.5	29931	3240	28311	173656	5.80
1995-1999	87	0.12559	0.11817	0.5	26691	3154	25114	145345	5.45
1995-1999	88	0.13771	0.12884	0.5	23537	3033	22021	120231	5.11
1995-1999	89	0.15087	0.14029	0.5	20505	2877	19066	98210	4.79
1995-1999	90	0.16512	0.15253	0.5	17628	2689	16284	79143	4.49
1995-1999	91	0.18051	0.16557	0.5	14939	2473	13703	62860	4.21
1995-1999	92	0.19707	0.17940	0.5	12466	2236	11348	49157	3.94
1995-1999	93	0.21485	0.19401	0.5	10229	1985	9237	37810	3.70
1995-1999	94	0.23385	0.20937	0.5	8245	1726	7382	28572	3.47
1995-1999	95	0.25409	0.22545	0.5	6519	1470	5784	21191	3.25
1995-1999	96	0.27554	0.24218	0.5	5049	1223	4438	15407	3.05
1995-1999	97	0.29818	0.25949	0.5	3826	993	3330	10969	2.87
1995-1999	98	0.32195	0.27731	0.5	2833	786	2441	7639	2.70
1995-1999	99	0.34677	0.29553	0.5	2048	605	1745	5199	2.54
1995-1999	100	0.37256	0.31406	0.5	1443	453	1216	3454	2.39
1995-1999	101	0.39919	0.33277	0.5	989	329	825	2238	2.26
1995-1999	102	0.42651	0.35154	0.5	660	232	544	1413	2.14
1995-1999	103	0.45438	0.37026	0.5	428	159	349	869	2.03
1995-1999	104	0.48262	0.38880	0.5	270	105	217	520	1.93
1995-1999	105	0.51104	0.40704	0.5	165	67	131	303	1.84
1995-1999	106	0.53947	0.42487	0.5	98	42	77	172	1.76
1995-1999	107	0.56771	0.44219	0.5	56	25	44	95	1.68
1995-1999	108	0.59558	0.45892	0.5	31	14	24	51	1.62
1995-1999	109	0.62290	0.47497	0.5	17	8	13	27	1.57
1995-1999	110+	0.64951	1.00000	1.54	9	9	14	14	1.54
2000-2004	0	0.00709	0.00704	0.07	100000	704	99344	7673537	76.74
2000-2004	1	0.00050	0.00050	0.5	99296	50	99271	7574194	76.28
2000-2004	2	0.00053	0.00053	0.5	99246	53	99220	7474923	75.32
2000-2004	3	0.00053	0.00053	0.5	99193	52	99167	7375703	74.36
2000-2004	4	0.00042	0.00042	0.5	99141	42	99120	7276536	73.40
2000-2004	5	0.00027	0.00027	0.5	99099	27	99086	7177416	72.43
2000-2004	6	0.00018	0.00018	0.5	99072	18	99063	7078330	71.45
2000-2004	7	0.00004	0.00004	0.5	99054	4	99052	6979266	70.46
2000-2004	8	0.00017	0.00017	0.5	99050	17	99042	6880214	69.46
2000-2004	9	0.00007	0.00007	0.5	99033	7	99029	6781173	68.47
2000-2004	10	0.00027	0.00027	0.5	99026	26	99012	6682143	67.48
2000-2004	11	0.00032	0.00032	0.5	98999	31	98983	6583131	66.50
2000-2004	12	0.00032	0.00032	0.5	98968	31	98952	6484148	65.52
2000-2004	13	0.00054	0.00054	0.5	98936	53	98910	6385196	64.54
2000-2004	14	0.00058	0.00058	0.5	98883	57	98854	6286286	63.57
2000-2004	15	0.00061	0.00061	0.5	98825	60	98796	6187432	62.61
2000-2004	16	0.00094	0.00094	0.5	98766	92	98719	6088636	61.65
2000-2004	17	0.00096	0.00096	0.5	98673	95	98626	5989917	60.70
2000-2004	18	0.00135	0.00134	0.5	98578	133	98512	5891291	59.76
2000-2004	19	0.00178	0.00178	0.5	98446	175	98358	5792779	58.84
2000-2004	20	0.00158	0.00158	0.5	98271	155	98193	5694421	57.95
2000-2004	21	0.00132	0.00132	0.5	98115	130	98050	5596228	57.04
2000-2004	22	0.00137	0.00137	0.5	97985	134	97918	5498177	56.11
2000-2004	23	0.00133	0.00133	0.5	97851	130	97786	5400259	55.19
2000-2004	24	0.00114	0.00114	0.5	97721	112	97665	5302473	54.26
2000-2004	25	0.00110	0.00110	0.5	97610	107	97556	5204807	53.32
2000-2004	26	0.00120	0.00120	0.5	97503	117	97444	5107251	52.38
2000-2004	27	0.00171	0.00171	0.5	97386	166	97302	5009807	51.44
2000-2004	28	0.00146	0.00146	0.5	97219	142	97148	4912505	50.53
2000-2004	29	0.00118	0.00118	0.5	97077	114	97020	4815357	49.60
2000-2004	30	0.00139	0.00139	0.5	96963	134	96896	4718336	48.66
2000-2004	31	0.00122	0.00122	0.5	96829	118	96770	4621440	47.73
2000-2004	32	0.00127	0.00127	0.5	96711	123	96650	4524671	46.79
2000-2004	33	0.00150	0.00149	0.5	96588	144	96516	4428021	45.84
2000-2004	34	0.00123	0.00123	0.5	96444	119	96385	4331505	44.91
2000-2004	35	0.00162	0.00162	0.5	96325	156	96247	4235120	43.97
2000-2004	36	0.00209	0.00209	0.5	96169	201	96069	4138873	43.04
2000-2004	37	0.00183	0.00183	0.5	95969	176	95881	4042804	42.13
2000-2004	38	0.00191	0.00191	0.5	95793	183	95702	3946923	41.20
2000-2004	39	0.00247	0.00247	0.5	95610	236	95492	3851221	40.28
2000-2004	40	0.00242	0.00242	0.5	95374	231	95259	3755729	39.38
2000-2004	41	0.00248	0.00248	0.5	95143	236	95026	3660470	38.47
2000-2004	42	0.00232	0.00232	0.5	94908	220	94798	3565444	37.57
2000-2004	43	0.00276	0.00276	0.5	94688	261	94557	3470647	36.65
2000-2004	44	0.00260	0.00260	0.5	94427	245	94304	3376090	35.75
2000-2004	45	0.00309	0.00308	0.5	94182	290	94036	3281785	34.85
2000-2004	46	0.00321	0.00320	0.5	93891	301	93741	3187749	33.95
2000-2004	47	0.00320	0.00319	0.5	93590	299	93441	3094008	33.06
2000-2004	48	0.00399	0.00399	0.5	93291	372	93106	3000567	32.16
2000-2004	49	0.00376	0.00375	0.5	92920	349	92745	2907462	31.29
2000-2004	50	0.00389	0.00388	0.5	92571	359	92391	2814716	30.41
2000-2004	51	0.00440	0.00439	0.5	92212	404	92009	2722325	29.52
2000-2004	52	0.00430	0.00429	0.5	91807	394	91610	2630316	28.65
2000-2004	53	0.00477	0.00475	0.5	91414	435	91196	2538705	27.77
2000-2004	54	0.00492	0.00491	0.5	90979	447	90756	2447509	26.90
2000-2004	55	0.00566	0.00564	0.5	90532	511	90277	2356753	26.03
2000-2004	56	0.00597	0.00595	0.5	90021	535	89754	2266476	25.18
2000-2004	57	0.00723	0.00721	0.5	89486	645	89164	2176722	24.32
2000-2004	58	0.00763	0.00760	0.5	88841	676	88503	2087559	23.50
2000-2004	59	0.00758	0.00755	0.5	88166	666	87833	1999055	22.67
2000-2004	60	0.00838	0.00834	0.5	87500	730	87135	1911223	21.84
2000-2004	61	0.01150	0.01143	0.5	86770	992	86274	1824088	21.02
2000-2004	62	0.01031	0.01025	0.5	85778	879	85338	1737814	20.26
2000-2004	63	0.01295	0.01287	0.5	84898	1092	84352	1652476	19.46
2000-2004	64	0.01456	0.01445	0.5	83806	1211	83200	1568124	18.71
2000-2004	65	0.01478	0.01467	0.5	82595	1212	81989	1484923	17.98
2000-2004	66	0.01404	0.01394	0.5	81383	1135	80815	1402935	17.24
2000-2004	67	0.01797	0.01781	0.5	80248	1430	79533	1322119	16.48
2000-2004	68	0.01987	0.01968	0.5	78819	1551	78043	1242586	15.77
2000-2004	69	0.01856	0.01839	0.5	77268	1421	76557	1164543	15.07
2000-2004	70	0.02398	0.02369	0.5	75846	1797	74948	1087986	14.34
2000-2004	71	0.02722	0.02685	0.5	74049	1988	73055	1013038	13.68
2000-2004	72	0.02602	0.02568	0.5	72061	1851	71136	939983	13.04
2000-2004	73	0.03331	0.03277	0.5	70211	2301	69060	868847	12.37
2000-2004	74	0.03465	0.03406	0.5	67910	2313	66753	799787	11.78
2000-2004	75	0.03888	0.03813	0.5	65597	2502	64346	733034	11.17
2000-2004	76	0.04417	0.04322	0.5	63095	2727	61732	668687	10.60
2000-2004	77	0.04423	0.04327	0.5	60369	2612	59063	606955	10.05
2000-2004	78	0.05005	0.04882	0.5	57756	2820	56346	547893	9.49
2000-2004	79	0.05891	0.05723	0.5	54936	3144	53365	491546	8.95
2000-2004	80	0.06184	0.05999	0.5	51793	3107	50239	438182	8.46
2000-2004	81	0.06844	0.06618	0.5	48686	3222	47075	387943	7.97
2000-2004	82	0.07570	0.07294	0.5	45464	3316	43806	340868	7.50
2000-2004	83	0.08367	0.08031	0.5	42148	3385	40455	297062	7.05
2000-2004	84	0.09242	0.08833	0.5	38763	3424	37051	256607	6.62
2000-2004	85	0.10199	0.09704	0.5	35339	3429	33624	219556	6.21
2000-2004	86	0.11245	0.10647	0.5	31909	3397	30211	185932	5.83
2000-2004	87	0.12386	0.11664	0.5	28512	3326	26849	155721	5.46
2000-2004	88	0.13628	0.12759	0.5	25186	3213	23580	128872	5.12
2000-2004	89	0.14976	0.13933	0.5	21973	3061	20442	105292	4.79
2000-2004	90	0.16435	0.15187	0.5	18912	2872	17475	84850	4.49
2000-2004	91	0.18010	0.16522	0.5	16039	2650	14714	67375	4.20
2000-2004	92	0.19703	0.17936	0.5	13389	2402	12189	52660	3.93
2000-2004	93	0.21519	0.19428	0.5	10988	2135	9920	40472	3.68
2000-2004	94	0.23457	0.20995	0.5	8853	1859	7924	30551	3.45
2000-2004	95	0.25519	0.22631	0.5	6994	1583	6203	22628	3.24
2000-2004	96	0.27701	0.24331	0.5	5411	1317	4753	16425	3.04
2000-2004	97	0.30000	0.26087	0.5	4095	1068	3561	11671	2.85
2000-2004	98	0.32411	0.27891	0.5	3027	844	2605	8111	2.68
2000-2004	99	0.34924	0.29732	0.5	2182	649	1858	5506	2.52
2000-2004	100	0.37530	0.31600	0.5	1534	485	1291	3648	2.38
2000-2004	101	0.40216	0.33483	0.5	1049	351	873	2357	2.25
2000-2004	102	0.42969	0.35370	0.5	698	247	574	1484	2.13
2000-2004	103	0.45772	0.37247	0.5	451	168	367	909	2.02
2000-2004	104	0.48607	0.39104	0.5	283	111	228	542	1.92
2000-2004	105	0.51458	0.40928	0.5	172	71	137	315	1.83
2000-2004	106	0.54304	0.42708	0.5	102	43	80	178	1.75
2000-2004	107	0.57128	0.44436	0.5	58	26	45	98	1.67
2000-2004	108	0.59911	0.46101	0.5	32	15	25	52	1.61
2000-2004	109	0.62637	0.47698	0.5	17	8	13	27	1.56
2000-2004	110+	0.65288	1.00000	1.53	9	9	14	14	1.53
2005-2009	0	0.00669	0.00665	0.07	100000	665	99379	7758948	77.59
2005-2009	1	0.00045	0.00045	0.5	99335	45	99312	7659569	77.11
2005-2009	2	0.00034	0.00034	0.5	99290	34	99273	7560256	76.14
2005-2009	3	0.00016	0.00016	0.5	99256	16	99248	7460983	75.17
2005-2009	4	0.00030	0.00030	0.5	99240	30	99225	7361735	74.18
2005-2009	5	0.00033	0.00033	0.5	99210	33	99194	7262510	73.20
2005-2009	6	0.00027	0.00027	0.5	99178	27	99164	7163316	72.23
2005-2009	7	0.00014	0.00014	0.5	99151	14	99144	7064152	71.25
2005-2009	8	0.00017	0.00017	0.5	99137	16	99128	6965008	70.26
2005-2009	9	0.00021	0.00021	0.5	99120	21	99110	6865880	69.27
2005-2009	10	0.00017	0.00017	0.5	99100	17	99091	6766770	68.28
2005-2009	11	0.00033	0.00033	0.5	99082	33	99066	6667679	67.29
2005-2009	12	0.00010	0.00010	0.5	99050	10	99045	6568613	66.32
2005-2009	13	0.00034	0.00034	0.5	99040	33	99023	6469568	65.32
2005-2009	14	0.00046	0.00046	0.5	99007	46	98984	6370545	64.34
2005-2009	15	0.00065	0.00065	0.5	98961	64	98929	6271562	63.37
2005-2009	16	0.00076	0.00076	0.5	98896	75	98859	6172633	62.42
2005-2009	17	0.00083	0.00083	0.5	98822	82	98780	6073774	61.46
2005-2009	18	0.00114	0.00114	0.5	98739	113	98683	5974994	60.51
2005-2009	19	0.00107	0.00107	0.5	98627	105	98574	5876310	59.58
2005-2009	20	0.00135	0.00135	0.5	98521	133	98455	5777736	58.64
2005-2009	21	0.00107	0.00107	0.5	98388	106	98336	5679281	57.72
2005-2009	22	0.00159	0.00159	0.5	98283	156	98205	5580946	56.78
2005-2009	23	0.00132	0.00132	0.5	98127	130	98062	5482741	55.87
2005-2009	24	0.00126	0.00126	0.5	97998	123	97936	5384678	54.95
2005-2009	25	0.00146	0.00146	0.5	97874	143	97802	5286743	54.02
2005-2009	26	0.00124	0.00124	0.5	97731	121	97670	5188940	53.09
2005-2009	27	0.00145	0.00145	0.5	97610	142	97539	5091270	52.16
2005-2009	28	0.00122	0.00122	0.5	97468	119	97408	4993731	51.23
2005-2009	29	0.00094	0.00094	0.5	97349	91	97303	4896323	50.30
2005-2009	30	0.00133	0.00132	0.5	97258	129	97193	4799020	49.34
2005-2009	31	0.00144	0.00144	0.5	97129	140	97059	4701826	48.41
2005-2009	32	0.00130	0.00130	0.5	96989	126	96926	4604767	47.48
2005-2009	33	0.00173	0.00173	0.5	96863	168	96779	4507841	46.54
2005-2009	34	0.00146	0.00146	0.5	96696	141	96625	4411062	45.62
2005-2009	35	0.00163	0.00163	0.5	96555	157	96476	4314437	44.68
2005-2009	36	0.00171	0.00171	0.5	96398	165	96315	4217961	43.76
2005-2009	37	0.00172	0.00172	0.5	96233	165	96150	4121645	42.83
2005-2009	38	0.00208	0.00207	0.5	96068	199	95968	4025495	41.90
2005-2009	39	0.00238	0.00238	0.5	95868	228	95754	3929527	40.99
2005-2009	40	0.00176	0.00176	0.5	95641	168	95557	3833772	40.09
2005-2009	41	0.00265	0.00265	0.5	95473	253	95346	3738216	39.15
2005-2009	42	0.00282	0.00282	0.5	95220	269	95086	3642870	38.26
2005-2009	43	0.00242	0.00242	0.5	94951	229	94837	3547784	37.36
2005-2009	44	0.00301	0.00301	0.5	94722	285	94579	3452947	36.45
2005-2009	45	0.00281	0.00281	0.5	94437	265	94304	3358368	35.56
2005-2009	46	0.00304	0.00303	0.5	94172	285	94029	3264064	34.66
2005-2009	47	0.00345	0.00344	0.5	93886	323	93725	3170035	33.76
2005-2009	48	0.00361	0.00360	0.5	93563	337	93395	3076310	32.88
2005-2009	49	0.00371	0.00370	0.5	93227	345	93054	2982915	32.00
2005-2009	50	0.00490	0.00489	0.5	92881	454	92655	2889861	31.11
2005-2009	51	0.00469	0.00468	0.5	92428	433	92211	2797206	30.26
2005-2009	52	0.00422	0.00421	0.5	91995	388	91801	2704995	29.40
2005-2009	53	0.00491	0.00489	0.5	91607	448	91383	2613193	28.53
2005-2009	54	0.00529	0.00528	0.5	91159	481	90918	2521810	27.66
2005-2009	55	0.00536	0.00535	0.5	90678	485	90435	2430892	26.81
2005-2009	56	0.00618	0.00616	0.5	90193	555	89915	2340457	25.95
2005-2009	57	0.00590	0.00589	0.5	89638	528	89374	2250541	25.11
2005-2009	58	0.00722	0.00719	0.5	89110	641	88790	2161167	24.25
2005-2009	59	0.00716	0.00714	0.5	88469	631	88154	2072378	23.42
2005-2009	60	0.00727	0.00725	0.5	87838	636	87520	1984224	22.59
2005-2009	61	0.00824	0.00821	0.5	87202	716	86844	1896704	21.75
2005-2009	62	0.00854	0.00851	0.5	86486	736	86118	1809860	20.93
2005-2009	63	0.00984	0.00979	0.5	85750	840	85330	1723742	20.10
2005-2009	64	0.01189	0.01182	0.5	84911	1003	84409	1638412	19.30
2005-2009	65	0.01291	0.01283	0.5	83907	1076	83369	1554003	18.52
2005-2009	66	0.01528	0.01516	0.5	82831	1256	82203	1470634	17.75
2005-2009	67	0.01690	0.01676	0.5	81575	1367	80892	1388431	17.02
2005-2009	68	0.01670	0.01656	0.5	80208	1328	79544	1307539	16.30
2005-2009	69	0.01954	0.01935	0.5	78880	1526	78117	1227995	15.57
2005-2009	70	0.02180	0.02157	0.5	77354	1668	76519	1149878	14.87
2005-2009	71	0.02438	0.02409	0.5	75685	1823	74774	1073359	14.18
2005-2009	72	0.02458	0.02428	0.5	73862	1794	72966	998585	13.52
2005-2009	73	0.03077	0.03031	0.5	72069	2184	70977	925619	12.84
2005-2009	74	0.03114	0.03066	0.5	69885	2143	68813	854643	12.23
2005-2009	75	0.03659	0.03593	0.5	67742	2434	66525	785830	11.60
2005-2009	76	0.03328	0.03273	0.5	65308	2138	64239	719305	11.01
2005-2009	77	0.04197	0.04111	0.5	63170	2597	61872	655066	10.37
2005-2009	78	0.04496	0.04397	0.5	60573	2664	59241	593194	9.79
2005-2009	79	0.05285	0.05149	0.5	57909	2982	56419	533953	9.22
2005-2009	80	0.05670	0.05514	0.5	54928	3029	53413	477535	8.69
2005-2009	81	0.06321	0.06127	0.5	51899	3180	50309	424121	8.17
2005-2009	82	0.07042	0.06802	0.5	48719	3314	47062	373812	7.67
2005-2009	83	0.07839	0.07543	0.5	45405	3425	43693	326750	7.20
2005-2009	84	0.08719	0.08355	0.5	41980	3507	40226	283058	6.74
2005-2009	85	0.09689	0.09241	0.5	38473	3555	36695	242831	6.31
2005-2009	86	0.10756	0.10207	0.5	34917	3564	33135	206136	5.90
2005-2009	87	0.11927	0.11256	0.5	31353	3529	29589	173001	5.52
2005-2009	88	0.13209	0.12390	0.5	27824	3447	26100	143412	5.15
2005-2009	89	0.14607	0.13613	0.5	24377	3318	22718	117312	4.81
2005-2009	90	0.16130	0.14926	0.5	21058	3143	19487	94594	4.49
2005-2009	91	0.17780	0.16329	0.5	17915	2925	16452	75108	4.19
2005-2009	92	0.19564	0.17821	0.5	14990	2671	13654	58655	3.91
2005-2009	93	0.21484	0.19400	0.5	12319	2390	11124	45001	3.65
2005-2009	94	0.23541	0.21062	0.5	9929	2091	8883	33877	3.41
2005-2009	95	0.25734	0.22801	0.5	7838	1787	6944	24994	3.19
2005-2009	96	0.28062	0.24609	0.5	6051	1489	5306	18050	2.98
2005-2009	97	0.30518	0.26478	0.5	4562	1208	3958	12744	2.79
2005-2009	98	0.33096	0.28397	0.5	3354	952	2878	8786	2.62
2005-2009	99	0.35785	0.30354	0.5	2401	729	2037	5909	2.46
2005-2009	100	0.38571	0.32335	0.5	1672	541	1402	3872	2.32
2005-2009	101	0.41440	0.34327	0.5	1132	388	937	2470	2.18
2005-2009	102	0.44373	0.36316	0.5	743	270	608	1532	2.06
2005-2009	103	0.47352	0.38287	0.5	473	181	383	924	1.95
2005-2009	104	0.50355	0.40227	0.5	292	117	233	541	1.85
2005-2009	105	0.53360	0.42122	0.5	175	74	138	308	1.76
2005-2009	106	0.56346	0.43961	0.5	101	44	79	170	1.69
2005-2009	107	0.59291	0.45733	0.5	57	26	44	91	1.62
2005-2009	108	0.62175	0.47430	0.5	31	15	23	48	1.56
2005-2009	109	0.64979	0.49045	0.5	16	8	12	24	1.51
2005-2009	110+	0.67688	1.00000	1.48	8	8	12	12	1.48
2010-2014	0	0.00502	0.00500	0.06	100000	500	99531	7816559	78.17
2010-2014	1	0.00064	0.00064	0.5	99500	64	99468	7717027	77.56
2010-2014	2	0.00038	0.00038	0.5	99436	38	99417	7617559	76.61
2010-2014	3	0.00020	0.00020	0.5	99398	20	99388	7518142	75.64
2010-2014	4	0.00026	0.00026	0.5	99378	26	99365	7418754	74.65
2010-2014	5	0.00019	0.00019	0.5	99352	19	99343	7319389	73.67
2010-2014	6	0.00015	0.00015	0.5	99333	15	99326	7220046	72.69
2010-2014	7	0.00014	0.00014	0.5	99318	14	99311	7120721	71.70
2010-2014	8	0.00010	0.00010	0.5	99304	10	99300	7021410	70.71
2010-2014	9	0.00012	0.00012	0.5	99295	12	99289	6922110	69.71
2010-2014	10	0.00018	0.00018	0.5	99283	18	99274	6822821	68.72
2010-2014	11	0.00016	0.00016	0.5	99265	16	99257	6723547	67.73
2010-2014	12	0.00020	0.00020	0.5	99250	20	99240	6624290	66.74
2010-2014	13	0.00030	0.00030	0.5	99230	29	99215	6525050	65.76
2010-2014	14	0.00024	0.00024	0.5	99201	24	99189	6425835	64.78
2010-2014	15	0.00041	0.00041	0.5	99177	41	99156	6326646	63.79
2010-2014	16	0.00045	0.00045	0.5	99136	45	99114	6227490	62.82
2010-2014	17	0.00044	0.00044	0.5	99091	44	99069	6128376	61.85
2010-2014	18	0.00080	0.00080	0.5	99047	79	99008	6029307	60.87
2010-2014	19	0.00160	0.00160	0.5	98968	159	98889	5930299	59.92
2010-2014	20	0.00126	0.00126	0.5	98810	124	98748	5831410	59.02
2010-2014	21	0.00131	0.00131	0.5	98686	129	98621	5732663	58.09
2010-2014	22	0.00134	0.00134	0.5	98556	132	98490	5634042	57.17
2010-2014	23	0.00121	0.00121	0.5	98424	119	98365	5535552	56.24
2010-2014	24	0.00155	0.00155	0.5	98305	152	98229	5437187	55.31
2010-2014	25	0.00114	0.00114	0.5	98153	112	98097	5338958	54.39
2010-2014	26	0.00162	0.00162	0.5	98041	158	97962	5240860	53.46
2010-2014	27	0.00121	0.00120	0.5	97883	118	97824	5142899	52.54
2010-2014	28	0.00135	0.00135	0.5	97765	132	97699	5045075	51.60
2010-2014	29	0.00144	0.00144	0.5	97633	141	97563	4947376	50.67
2010-2014	30	0.00147	0.00146	0.5	97492	143	97421	4849813	49.75
2010-2014	31	0.00138	0.00138	0.5	97350	134	97283	4752392	48.82
2010-2014	32	0.00151	0.00151	0.5	97216	147	97142	4655109	47.88
2010-2014	33	0.00153	0.00153	0.5	97069	148	96995	4557967	46.96
2010-2014	34	0.00182	0.00182	0.5	96921	177	96832	4460973	46.03
2010-2014	35	0.00134	0.00134	0.5	96744	130	96679	4364140	45.11
2010-2014	36	0.00169	0.00169	0.5	96614	163	96533	4267461	44.17
2010-2014	37	0.00189	0.00189	0.5	96451	183	96360	4170929	43.24
2010-2014	38	0.00190	0.00190	0.5	96269	182	96178	4074568	42.32
2010-2014	39	0.00225	0.00224	0.5	96086	216	95979	3978391	41.40
2010-2014	40	0.00201	0.00201	0.5	95871	193	95775	3882412	40.50
2010-2014	41	0.00202	0.00202	0.5	95678	194	95581	3786638	39.58
2010-2014	42	0.00243	0.00243	0.5	95485	232	95369	3691056	38.66
2010-2014	43	0.00257	0.00257	0.5	95253	244	95130	3595688	37.75
2010-2014	44	0.00262	0.00262	0.5	95008	249	94884	3500557	36.84
2010-2014	45	0.00346	0.00345	0.5	94759	327	94596	3405673	35.94
2010-2014	46	0.00332	0.00332	0.5	94432	313	94276	3311077	35.06
2010-2014	47	0.00357	0.00356	0.5	94119	335	93952	3216802	34.18
2010-2014	48	0.00373	0.00372	0.5	93784	349	93610	3122850	33.30
2010-2014	49	0.00399	0.00398	0.5	93435	372	93249	3029241	32.42
2010-2014	50	0.00446	0.00445	0.5	93063	414	92856	2935991	31.55
2010-2014	51	0.00482	0.00481	0.5	92649	446	92426	2843135	30.69
2010-2014	52	0.00431	0.00430	0.5	92203	397	92005	2750709	29.83
2010-2014	53	0.00500	0.00498	0.5	91807	458	91578	2658704	28.96
2010-2014	54	0.00580	0.00578	0.5	91349	528	91085	2567127	28.10
2010-2014	55	0.00612	0.00610	0.5	90821	554	90544	2476041	27.26
2010-2014	56	0.00624	0.00622	0.5	90267	562	89986	2385497	26.43
2010-2014	57	0.00708	0.00706	0.5	89705	633	89389	2295511	25.59
2010-2014	58	0.00715	0.00712	0.5	89072	635	88755	2206123	24.77
2010-2014	59	0.00782	0.00778	0.5	88438	688	88093	2117368	23.94
2010-2014	60	0.00813	0.00810	0.5	87749	710	87394	2029275	23.13
2010-2014	61	0.00927	0.00923	0.5	87039	804	86637	1941881	22.31
2010-2014	62	0.00904	0.00900	0.5	86235	776	85847	1855244	21.51
2010-2014	63	0.01092	0.01086	0.5	85460	928	84996	1769396	20.70
2010-2014	64	0.01073	0.01067	0.5	84532	902	84081	1684401	19.93
2010-2014	65	0.01095	0.01089	0.5	83630	911	83175	1600320	19.14
2010-2014	66	0.01324	0.01315	0.5	82719	1088	82175	1517145	18.34
2010-2014	67	0.01437	0.01427	0.5	81631	1165	81049	1434970	17.58
2010-2014	68	0.01612	0.01599	0.5	80467	1287	79824	1353921	16.83
2010-2014	69	0.01868	0.01850	0.5	79180	1465	78448	1274098	16.09
2010-2014	70	0.02020	0.01999	0.5	77715	1554	76938	1195650	15.39
2010-2014	71	0.02165	0.02142	0.5	76161	1631	75346	1118712	14.69
2010-2014	72	0.02221	0.02196	0.5	74530	1637	73711	1043366	14.00
2010-2014	73	0.02574	0.02541	0.5	72893	1852	71967	969655	13.30
2010-2014	74	0.02711	0.02675	0.5	71041	1900	70091	897688	12.64
2010-2014	75	0.03042	0.02996	0.5	69141	2072	68105	827597	11.97
2010-2014	76	0.03640	0.03575	0.5	67069	2398	65870	759492	11.32
2010-2014	77	0.03289	0.03236	0.5	64671	2093	63625	693622	10.73
2010-2014	78	0.04250	0.04161	0.5	62579	2604	61276	629997	10.07
2010-2014	79	0.04722	0.04613	0.5	59974	2767	58591	568720	9.48
2010-2014	80	0.05028	0.04905	0.5	57208	2806	55805	510129	8.92
2010-2014	81	0.05680	0.05523	0.5	54402	3005	52899	454325	8.35
2010-2014	82	0.06411	0.06212	0.5	51397	3193	49801	401425	7.81
2010-2014	83	0.07230	0.06978	0.5	48204	3364	46522	351625	7.29
2010-2014	84	0.08144	0.07826	0.5	44841	3509	43086	305102	6.80
2010-2014	85	0.09164	0.08762	0.5	41332	3622	39521	262016	6.34
2010-2014	86	0.10297	0.09793	0.5	37710	3693	35863	222495	5.90
2010-2014	87	0.11554	0.10923	0.5	34017	3716	32159	186632	5.49
2010-2014	88	0.12943	0.12157	0.5	30301	3684	28459	154473	5.10
2010-2014	89	0.14474	0.13497	0.5	26618	3593	24821	126014	4.73
2010-2014	90	0.16152	0.14945	0.5	23025	3441	21304	101192	4.39
2010-2014	91	0.17987	0.16503	0.5	19584	3232	17968	79888	4.08
2010-2014	92	0.19982	0.18167	0.5	16352	2971	14867	61920	3.79
2010-2014	93	0.22141	0.19934	0.5	13381	2667	12048	47053	3.52
2010-2014	94	0.24464	0.21798	0.5	10714	2335	9546	35006	3.27
2010-2014	95	0.26950	0.23750	0.5	8378	1990	7384	25459	3.04
2010-2014	96	0.29592	0.25778	0.5	6389	1647	5565	18076	2.83
2010-2014	97	0.32382	0.27870	0.5	4742	1322	4081	12511	2.64
2010-2014	98	0.35307	0.30009	0.5	3420	1026	2907	8430	2.46
2010-2014	99	0.38350	0.32179	0.5	2394	770	2009	5523	2.31
2010-2014	100	0.41491	0.34362	0.5	1624	558	1345	3514	2.16
2010-2014	101	0.44707	0.36539	0.5	1066	389	871	2169	2.04
2010-2014	102	0.47972	0.38691	0.5	676	262	545	1298	1.92
2010-2014	103	0.51258	0.40801	0.5	415	169	330	753	1.82
2010-2014	104	0.54538	0.42853	0.5	245	105	193	423	1.72
2010-2014	105	0.57783	0.44831	0.5	140	63	109	230	1.64
2010-2014	106	0.60967	0.46724	0.5	77	36	59	121	1.57
2010-2014	107	0.64063	0.48521	0.5	41	20	31	62	1.50
2010-2014	108	0.67049	0.50215	0.5	21	11	16	31	1.45
2010-2014	109	0.69907	0.51801	0.5	11	5	8	15	1.40
2010-2014	110+	0.72621	1.00000	1.38	5	5	7	7	1.38
2015-2019	0	0.00570	0.00567	0.06	100000	567	99469	7828561	78.29
2015-2019	1	0.00054	0.00054	0.5	99433	54	99406	7729092	77.73
2015-2019	2	0.00047	0.00047	0.5	99379	46	99356	7629686	76.77
2015-2019	3	0.00046	0.00046	0.5	99332	46	99309	7530331	75.81
2015-2019	4	0.00030	0.00030	0.5	99286	30	99272	7431021	74.84
2015-2019	5	0.00036	0.00036	0.5	99257	35	99239	7331750	73.87
2015-2019	6	0.00017	0.00017	0.5	99221	17	99213	7232511	72.89
2015-2019	7	0.00010	0.00010	0.5	99204	9	99200	7133298	71.91
2015-2019	8	0.00021	0.00021	0.5	99195	21	99184	7034098	70.91
2015-2019	9	0.00008	0.00008	0.5	99174	8	99170	6934914	69.93
2015-2019	10	0.00024	0.00024	0.5	99166	24	99154	6835744	68.93
2015-2019	11	0.00022	0.00022	0.5	99143	22	99132	6736589	67.95
2015-2019	12	0.00024	0.00024	0.5	99121	24	99109	6637458	66.96
2015-2019	13	0.00033	0.00033	0.5	99097	32	99080	6538349	65.98
2015-2019	14	0.00047	0.00047	0.5	99064	47	99041	6439268	65.00
2015-2019	15	0.00051	0.00051	0.5	99017	51	98992	6340228	64.03
2015-2019	16	0.00064	0.00064	0.5	98967	63	98935	6241236	63.06
2015-2019	17	0.00076	0.00076	0.5	98903	75	98866	6142301	62.10
2015-2019	18	0.00113	0.00113	0.5	98828	111	98772	6043435	61.15
2015-2019	19	0.00178	0.00178	0.5	98717	176	98629	5944663	60.22
2015-2019	20	0.00124	0.00124	0.5	98541	122	98480	5846034	59.33
2015-2019	21	0.00148	0.00148	0.5	98419	146	98346	5747554	58.40
2015-2019	22	0.00148	0.00148	0.5	98273	146	98200	5649208	57.48
2015-2019	23	0.00156	0.00155	0.5	98127	153	98051	5551008	56.57
2015-2019	24	0.00129	0.00128	0.5	97975	126	97912	5452957	55.66
2015-2019	25	0.00160	0.00160	0.5	97849	157	97770	5355046	54.73
2015-2019	26	0.00187	0.00186	0.5	97692	182	97601	5257275	53.81
2015-2019	27	0.00144	0.00144	0.5	97510	141	97440	5159674	52.91
2015-2019	28	0.00168	0.00168	0.5	97369	163	97287	5062235	51.99
2015-2019	29	0.00200	0.00200	0.5	97206	194	97109	4964947	51.08
2015-2019	30	0.00182	0.00182	0.5	97011	176	96923	4867839	50.18
2015-2019	31	0.00223	0.00223	0.5	96835	216	96727	4770915	49.27
2015-2019	32	0.00187	0.00187	0.5	96619	180	96529	4674188	48.38
2015-2019	33	0.00150	0.00150	0.5	96439	144	96367	4577659	47.47
2015-2019	34	0.00189	0.00189	0.5	96295	182	96204	4481292	46.54
2015-2019	35	0.00182	0.00182	0.5	96113	175	96025	4385088	45.62
2015-2019	36	0.00242	0.00242	0.5	95938	232	95822	4289063	44.71
2015-2019	37	0.00212	0.00212	0.5	95706	203	95604	4193241	43.81
2015-2019	38	0.00199	0.00199	0.5	95503	190	95408	4097636	42.91
2015-2019	39	0.00209	0.00209	0.5	95313	199	95214	4002228	41.99
2015-2019	40	0.00246	0.00245	0.5	95114	233	94997	3907015	41.08
2015-2019	41	0.00243	0.00243	0.5	94881	230	94766	3812017	40.18
2015-2019	42	0.00255	0.00255	0.5	94650	241	94530	3717252	39.27
2015-2019	43	0.00272	0.00271	0.5	94409	256	94281	3622722	38.37
2015-2019	44	0.00249	0.00249	0.5	94153	234	94036	3528441	37.48
2015-2019	45	0.00326	0.00325	0.5	93919	306	93766	3434405	36.57
2015-2019	46	0.00279	0.00279	0.5	93613	261	93483	3340640	35.69
2015-2019	47	0.00314	0.00314	0.5	93352	293	93206	3247157	34.78
2015-2019	48	0.00410	0.00409	0.5	93059	381	92869	3153951	33.89
2015-2019	49	0.00419	0.00418	0.5	92678	387	92485	3061083	33.03
2015-2019	50	0.00412	0.00411	0.5	92291	379	92101	2968598	32.17
2015-2019	51	0.00482	0.00481	0.5	91912	442	91691	2876496	31.30
2015-2019	52	0.00480	0.00479	0.5	91469	438	91250	2784806	30.45
2015-2019	53	0.00540	0.00538	0.5	91031	490	90786	2693556	29.59
2015-2019	54	0.00636	0.00634	0.5	90541	574	90254	2602769	28.75
2015-2019	55	0.00641	0.00639	0.5	89967	575	89680	2512515	27.93
2015-2019	56	0.00655	0.00653	0.5	89392	583	89101	2422835	27.10
2015-2019	57	0.00691	0.00689	0.5	88809	612	88503	2333734	26.28
2015-2019	58	0.00746	0.00744	0.5	88197	656	87870	2245231	25.46
2015-2019	59	0.00843	0.00839	0.5	87542	735	87174	2157362	24.64
2015-2019	60	0.00818	0.00815	0.5	86807	707	86454	2070187	23.85
2015-2019	61	0.00935	0.00930	0.5	86100	801	85700	1983734	23.04
2015-2019	62	0.00997	0.00992	0.5	85299	846	84876	1898034	22.25
2015-2019	63	0.00983	0.00978	0.5	84453	826	84040	1813158	21.47
2015-2019	64	0.01091	0.01085	0.5	83627	907	83173	1729118	20.68
2015-2019	65	0.01140	0.01133	0.5	82720	938	82251	1645945	19.90
2015-2019	66	0.01265	0.01257	0.5	81782	1028	81268	1563694	19.12
2015-2019	67	0.01388	0.01379	0.5	80754	1113	80198	1482426	18.36
2015-2019	68	0.01581	0.01569	0.5	79641	1249	79016	1402228	17.61
2015-2019	69	0.01600	0.01588	0.5	78392	1245	77769	1323212	16.88
2015-2019	70	0.01856	0.01839	0.5	77147	1419	76438	1245443	16.14
2015-2019	71	0.02001	0.01981	0.5	75728	1501	74978	1169005	15.44
2015-2019	72	0.02056	0.02036	0.5	74228	1511	73472	1094027	14.74
2015-2019	73	0.02345	0.02318	0.5	72717	1685	71874	1020555	14.03
2015-2019	74	0.02550	0.02518	0.5	71032	1789	70137	948680	13.36
2015-2019	75	0.02905	0.02864	0.5	69243	1983	68251	878543	12.69
2015-2019	76	0.02943	0.02901	0.5	67260	1951	66284	810292	12.05
2015-2019	77	0.03436	0.03378	0.5	65309	2206	64206	744007	11.39
2015-2019	78	0.03499	0.03439	0.5	63103	2170	62018	679802	10.77
2015-2019	79	0.04653	0.04547	0.5	60933	2771	59547	617784	10.14
2015-2019	80	0.04526	0.04426	0.5	58162	2574	56875	558237	9.60
2015-2019	81	0.05085	0.04959	0.5	55588	2756	54210	501362	9.02
2015-2019	82	0.05710	0.05551	0.5	52831	2933	51365	447152	8.46
2015-2019	83	0.06408	0.06209	0.5	49898	3098	48349	395787	7.93
2015-2019	84	0.07186	0.06937	0.5	46800	3246	45177	347438	7.42
2015-2019	85	0.08052	0.07740	0.5	43554	3371	41868	302261	6.94
2015-2019	86	0.09014	0.08625	0.5	40183	3466	38450	260392	6.48
2015-2019	87	0.10081	0.09597	0.5	36717	3524	34955	221943	6.04
2015-2019	88	0.11261	0.10661	0.5	33193	3539	31424	186988	5.63
2015-2019	89	0.12563	0.11820	0.5	29654	3505	27902	155564	5.25
2015-2019	90	0.13994	0.13079	0.5	26149	3420	24439	127662	4.88
2015-2019	91	0.15564	0.14440	0.5	22729	3282	21088	103223	4.54
2015-2019	92	0.17277	0.15904	0.5	19447	3093	17901	82135	4.22
2015-2019	93	0.19142	0.17470	0.5	16354	2857	14926	64234	3.93
2015-2019	94	0.21161	0.19136	0.5	13497	2583	12206	49309	3.65
2015-2019	95	0.23336	0.20898	0.5	10914	2281	9774	37103	3.40
2015-2019	96	0.25668	0.22749	0.5	8634	1964	7652	27329	3.17
2015-2019	97	0.28154	0.24679	0.5	6670	1646	5847	19677	2.95
2015-2019	98	0.30786	0.26679	0.5	5024	1340	4353	13831	2.75
2015-2019	99	0.33556	0.28735	0.5	3683	1058	3154	9477	2.57
2015-2019	100	0.36451	0.30832	0.5	2625	809	2220	6323	2.41
2015-2019	101	0.39454	0.32953	0.5	1816	598	1516	4103	2.26
2015-2019	102	0.42545	0.35082	0.5	1217	427	1004	2587	2.12
2015-2019	103	0.45702	0.37201	0.5	790	294	643	1583	2.00
2015-2019	104	0.48900	0.39293	0.5	496	195	399	940	1.89
2015-2019	105	0.52113	0.41341	0.5	301	125	239	541	1.79
2015-2019	106	0.55315	0.43331	0.5	177	77	138	302	1.71
2015-2019	107	0.58478	0.45248	0.5	100	45	77	163	1.63
2015-2019	108	0.61578	0.47082	0.5	55	26	42	86	1.57
2015-2019	109	0.64591	0.48823	0.5	29	14	22	44	1.51
2015-2019	110+	0.67497	1.00000	1.48	15	15	22	22	1.48
