MA: Massachusetts, Lifetables (period 1x5), Males Last modified: 20 Dec 2020, MPv5 (May07) 

Year     	Age	mx	qx	ax	lx	dx	Lx	Tx	ex
1960-1964	0	0.02439	0.02387	0.11	100000	2387	97876	6791054	67.91
1960-1964	1	0.00112	0.00112	0.5	97613	109	97558	6693177	68.57
1960-1964	2	0.00086	0.00086	0.5	97504	84	97462	6595619	67.64
1960-1964	3	0.00070	0.00070	0.5	97420	68	97386	6498157	66.70
1960-1964	4	0.00061	0.00061	0.5	97351	59	97322	6400772	65.75
1960-1964	5	0.00054	0.00054	0.5	97292	52	97266	6303450	64.79
1960-1964	6	0.00051	0.00051	0.5	97240	50	97216	6206183	63.82
1960-1964	7	0.00052	0.00052	0.5	97191	50	97165	6108968	62.86
1960-1964	8	0.00038	0.00038	0.5	97140	37	97122	6011802	61.89
1960-1964	9	0.00036	0.00036	0.5	97104	35	97086	5914680	60.91
1960-1964	10	0.00044	0.00044	0.5	97069	43	97047	5817594	59.93
1960-1964	11	0.00033	0.00033	0.5	97026	32	97010	5720547	58.96
1960-1964	12	0.00041	0.00041	0.5	96994	39	96974	5623537	57.98
1960-1964	13	0.00042	0.00042	0.5	96954	41	96934	5526563	57.00
1960-1964	14	0.00050	0.00050	0.5	96913	49	96889	5429629	56.03
1960-1964	15	0.00056	0.00056	0.5	96865	54	96838	5332740	55.05
1960-1964	16	0.00076	0.00076	0.5	96811	74	96774	5235902	54.08
1960-1964	17	0.00089	0.00089	0.5	96737	86	96695	5139128	53.12
1960-1964	18	0.00098	0.00098	0.5	96652	94	96605	5042433	52.17
1960-1964	19	0.00103	0.00103	0.5	96557	99	96508	4945829	51.22
1960-1964	20	0.00122	0.00122	0.5	96458	117	96399	4849321	50.27
1960-1964	21	0.00131	0.00131	0.5	96341	126	96278	4752922	49.33
1960-1964	22	0.00119	0.00118	0.5	96215	114	96158	4656644	48.40
1960-1964	23	0.00119	0.00119	0.5	96101	115	96044	4560486	47.46
1960-1964	24	0.00116	0.00116	0.5	95986	111	95931	4464442	46.51
1960-1964	25	0.00109	0.00109	0.5	95875	104	95823	4368511	45.56
1960-1964	26	0.00094	0.00094	0.5	95771	90	95726	4272688	44.61
1960-1964	27	0.00105	0.00105	0.5	95681	100	95631	4176962	43.66
1960-1964	28	0.00128	0.00128	0.5	95581	123	95519	4081332	42.70
1960-1964	29	0.00123	0.00123	0.5	95458	118	95399	3985812	41.75
1960-1964	30	0.00127	0.00127	0.5	95340	121	95280	3890413	40.81
1960-1964	31	0.00154	0.00154	0.5	95219	147	95146	3795134	39.86
1960-1964	32	0.00132	0.00132	0.5	95073	125	95010	3699988	38.92
1960-1964	33	0.00145	0.00145	0.5	94947	138	94878	3604978	37.97
1960-1964	34	0.00173	0.00173	0.5	94810	164	94728	3510099	37.02
1960-1964	35	0.00196	0.00196	0.5	94645	186	94553	3415372	36.09
1960-1964	36	0.00208	0.00208	0.5	94460	197	94362	3320819	35.16
1960-1964	37	0.00230	0.00229	0.5	94263	216	94155	3226458	34.23
1960-1964	38	0.00267	0.00266	0.5	94047	251	93922	3132302	33.31
1960-1964	39	0.00307	0.00307	0.5	93797	288	93653	3038381	32.39
1960-1964	40	0.00302	0.00301	0.5	93509	282	93368	2944728	31.49
1960-1964	41	0.00344	0.00344	0.5	93227	320	93067	2851360	30.59
1960-1964	42	0.00386	0.00385	0.5	92907	358	92728	2758293	29.69
1960-1964	43	0.00451	0.00449	0.5	92549	416	92341	2665566	28.80
1960-1964	44	0.00463	0.00462	0.5	92133	426	91920	2573225	27.93
1960-1964	45	0.00528	0.00527	0.5	91707	483	91465	2481304	27.06
1960-1964	46	0.00633	0.00631	0.5	91224	576	90936	2389839	26.20
1960-1964	47	0.00703	0.00700	0.5	90648	635	90331	2298903	25.36
1960-1964	48	0.00782	0.00779	0.5	90013	701	89663	2208573	24.54
1960-1964	49	0.00825	0.00822	0.5	89312	734	88945	2118910	23.72
1960-1964	50	0.00976	0.00971	0.5	88578	860	88149	2029965	22.92
1960-1964	51	0.01021	0.01015	0.5	87719	891	87273	1941816	22.14
1960-1964	52	0.01161	0.01154	0.5	86828	1002	86327	1854543	21.36
1960-1964	53	0.01314	0.01305	0.5	85826	1120	85266	1768216	20.60
1960-1964	54	0.01494	0.01483	0.5	84706	1256	84078	1682950	19.87
1960-1964	55	0.01465	0.01454	0.5	83449	1214	82843	1598872	19.16
1960-1964	56	0.01673	0.01659	0.5	82236	1364	81554	1516030	18.44
1960-1964	57	0.01846	0.01829	0.5	80872	1479	80132	1434476	17.74
1960-1964	58	0.02077	0.02055	0.5	79393	1632	78577	1354344	17.06
1960-1964	59	0.02280	0.02255	0.5	77761	1753	76884	1275767	16.41
1960-1964	60	0.02421	0.02392	0.5	76007	1818	75098	1198883	15.77
1960-1964	61	0.02521	0.02490	0.5	74189	1847	73266	1123785	15.15
1960-1964	62	0.02907	0.02865	0.5	72342	2073	71306	1050519	14.52
1960-1964	63	0.02979	0.02936	0.5	70269	2063	69238	979213	13.94
1960-1964	64	0.03430	0.03372	0.5	68206	2300	67056	909976	13.34
1960-1964	65	0.03718	0.03650	0.5	65906	2406	64703	842919	12.79
1960-1964	66	0.03862	0.03789	0.5	63501	2406	62298	778216	12.26
1960-1964	67	0.04302	0.04211	0.5	61094	2573	59808	715918	11.72
1960-1964	68	0.04605	0.04501	0.5	58522	2634	57205	656110	11.21
1960-1964	69	0.04939	0.04820	0.5	55887	2694	54541	598906	10.72
1960-1964	70	0.05327	0.05189	0.5	53194	2760	51814	544365	10.23
1960-1964	71	0.05350	0.05211	0.5	50433	2628	49119	492552	9.77
1960-1964	72	0.06266	0.06076	0.5	47805	2904	46353	443432	9.28
1960-1964	73	0.06494	0.06290	0.5	44901	2824	43489	397079	8.84
1960-1964	74	0.06913	0.06682	0.5	42077	2811	40671	353590	8.40
1960-1964	75	0.07406	0.07141	0.5	39265	2804	37863	312920	7.97
1960-1964	76	0.07935	0.07632	0.5	36461	2783	35070	275056	7.54
1960-1964	77	0.08322	0.07989	0.5	33679	2691	32333	239987	7.13
1960-1964	78	0.09425	0.09001	0.5	30988	2789	29593	207653	6.70
1960-1964	79	0.10028	0.09549	0.5	28199	2693	26852	178060	6.31
1960-1964	80	0.11690	0.11044	0.5	25506	2817	24097	151208	5.93
1960-1964	81	0.11853	0.11190	0.5	22689	2539	21419	127111	5.60
1960-1964	82	0.13391	0.12551	0.5	20150	2529	18885	105691	5.25
1960-1964	83	0.15062	0.14007	0.5	17621	2468	16387	86806	4.93
1960-1964	84	0.16501	0.15243	0.5	15153	2310	13998	70419	4.65
1960-1964	85	0.18013	0.16524	0.5	12843	2122	11782	56421	4.39
1960-1964	86	0.18902	0.17270	0.5	10721	1851	9795	44639	4.16
1960-1964	87	0.20217	0.18361	0.5	8869	1628	8055	34844	3.93
1960-1964	88	0.21392	0.19325	0.5	7241	1399	6541	26789	3.70
1960-1964	89	0.24106	0.21513	0.5	5842	1257	5213	20248	3.47
1960-1964	90	0.25469	0.22592	0.5	4585	1036	4067	15035	3.28
1960-1964	91	0.27692	0.24324	0.5	3549	863	3117	10968	3.09
1960-1964	92	0.29753	0.25900	0.5	2686	696	2338	7850	2.92
1960-1964	93	0.31274	0.27045	0.5	1990	538	1721	5512	2.77
1960-1964	94	0.34003	0.29062	0.5	1452	422	1241	3791	2.61
1960-1964	95	0.36258	0.30694	0.5	1030	316	872	2550	2.48
1960-1964	96	0.38575	0.32338	0.5	714	231	598	1678	2.35
1960-1964	97	0.40945	0.33987	0.5	483	164	401	1080	2.24
1960-1964	98	0.43358	0.35633	0.5	319	114	262	679	2.13
1960-1964	99	0.45803	0.37268	0.5	205	76	167	417	2.03
1960-1964	100	0.48268	0.38884	0.5	129	50	104	250	1.94
1960-1964	101	0.50741	0.40473	0.5	79	32	63	146	1.86
1960-1964	102	0.53211	0.42029	0.5	47	20	37	84	1.78
1960-1964	103	0.55666	0.43546	0.5	27	12	21	47	1.71
1960-1964	104	0.58093	0.45017	0.5	15	7	12	25	1.65
1960-1964	105	0.60481	0.46438	0.5	8	4	6	13	1.59
1960-1964	106	0.62820	0.47805	0.5	5	2	3	7	1.54
1960-1964	107	0.65101	0.49114	0.5	2	1	2	4	1.49
1960-1964	108	0.67315	0.50364	0.5	1	1	1	2	1.45
1960-1964	109	0.69454	0.51552	0.5	1	0	0	1	1.42
1960-1964	110+	0.71513	1.00000	1.4	0	0	0	0	1.40
1965-1969	0	0.02310	0.02263	0.11	100000	2263	97979	6758952	67.59
1965-1969	1	0.00122	0.00122	0.5	97737	119	97677	6660973	68.15
1965-1969	2	0.00081	0.00081	0.5	97618	79	97578	6563296	67.23
1965-1969	3	0.00067	0.00066	0.5	97539	65	97506	6465717	66.29
1965-1969	4	0.00054	0.00054	0.5	97474	52	97448	6368211	65.33
1965-1969	5	0.00055	0.00055	0.5	97422	54	97395	6270763	64.37
1965-1969	6	0.00048	0.00048	0.5	97368	47	97344	6173368	63.40
1965-1969	7	0.00046	0.00046	0.5	97321	44	97299	6076024	62.43
1965-1969	8	0.00033	0.00033	0.5	97276	32	97260	5978726	61.46
1965-1969	9	0.00033	0.00033	0.5	97244	32	97228	5881465	60.48
1965-1969	10	0.00033	0.00033	0.5	97212	32	97196	5784237	59.50
1965-1969	11	0.00038	0.00038	0.5	97180	36	97162	5687041	58.52
1965-1969	12	0.00034	0.00034	0.5	97143	33	97127	5589880	57.54
1965-1969	13	0.00041	0.00041	0.5	97111	40	97091	5492753	56.56
1965-1969	14	0.00047	0.00047	0.5	97071	46	97048	5395662	55.58
1965-1969	15	0.00059	0.00059	0.5	97025	58	96996	5298614	54.61
1965-1969	16	0.00095	0.00095	0.5	96967	92	96921	5201618	53.64
1965-1969	17	0.00124	0.00124	0.5	96875	120	96815	5104697	52.69
1965-1969	18	0.00142	0.00141	0.5	96755	137	96686	5007882	51.76
1965-1969	19	0.00142	0.00141	0.5	96618	137	96550	4911195	50.83
1965-1969	20	0.00130	0.00130	0.5	96481	125	96419	4814646	49.90
1965-1969	21	0.00156	0.00156	0.5	96356	150	96281	4718227	48.97
1965-1969	22	0.00148	0.00148	0.5	96206	142	96135	4621945	48.04
1965-1969	23	0.00145	0.00145	0.5	96064	139	95995	4525810	47.11
1965-1969	24	0.00134	0.00134	0.5	95925	129	95861	4429815	46.18
1965-1969	25	0.00113	0.00113	0.5	95796	109	95742	4333954	45.24
1965-1969	26	0.00118	0.00118	0.5	95688	113	95631	4238212	44.29
1965-1969	27	0.00117	0.00117	0.5	95574	112	95518	4142581	43.34
1965-1969	28	0.00149	0.00149	0.5	95462	143	95391	4047063	42.39
1965-1969	29	0.00125	0.00125	0.5	95320	119	95260	3951672	41.46
1965-1969	30	0.00146	0.00146	0.5	95200	139	95131	3856412	40.51
1965-1969	31	0.00146	0.00146	0.5	95061	139	94992	3761281	39.57
1965-1969	32	0.00163	0.00163	0.5	94923	155	94845	3666289	38.62
1965-1969	33	0.00165	0.00164	0.5	94768	156	94690	3571443	37.69
1965-1969	34	0.00187	0.00187	0.5	94612	177	94524	3476753	36.75
1965-1969	35	0.00226	0.00226	0.5	94435	213	94329	3382230	35.82
1965-1969	36	0.00234	0.00234	0.5	94222	221	94112	3287901	34.90
1965-1969	37	0.00260	0.00260	0.5	94001	244	93879	3193790	33.98
1965-1969	38	0.00273	0.00272	0.5	93757	255	93630	3099910	33.06
1965-1969	39	0.00297	0.00296	0.5	93502	277	93364	3006281	32.15
1965-1969	40	0.00335	0.00335	0.5	93225	312	93069	2912917	31.25
1965-1969	41	0.00385	0.00384	0.5	92913	357	92734	2819848	30.35
1965-1969	42	0.00455	0.00454	0.5	92556	420	92346	2727114	29.46
1965-1969	43	0.00458	0.00457	0.5	92136	421	91925	2634768	28.60
1965-1969	44	0.00487	0.00486	0.5	91715	446	91492	2542843	27.73
1965-1969	45	0.00551	0.00550	0.5	91269	502	91018	2451351	26.86
1965-1969	46	0.00607	0.00605	0.5	90767	549	90493	2360333	26.00
1965-1969	47	0.00668	0.00666	0.5	90218	601	89918	2269840	25.16
1965-1969	48	0.00770	0.00767	0.5	89617	688	89273	2179922	24.32
1965-1969	49	0.00815	0.00812	0.5	88930	722	88569	2090649	23.51
1965-1969	50	0.00985	0.00981	0.5	88208	865	87775	2002080	22.70
1965-1969	51	0.01025	0.01020	0.5	87343	891	86897	1914305	21.92
1965-1969	52	0.01179	0.01172	0.5	86452	1013	85945	1827407	21.14
1965-1969	53	0.01237	0.01229	0.5	85439	1050	84914	1741462	20.38
1965-1969	54	0.01425	0.01415	0.5	84388	1194	83791	1656549	19.63
1965-1969	55	0.01500	0.01489	0.5	83194	1238	82575	1572757	18.90
1965-1969	56	0.01707	0.01693	0.5	81956	1387	81262	1490182	18.18
1965-1969	57	0.01919	0.01901	0.5	80569	1531	79803	1408920	17.49
1965-1969	58	0.02120	0.02098	0.5	79037	1658	78208	1329117	16.82
1965-1969	59	0.02259	0.02234	0.5	77379	1728	76515	1250909	16.17
1965-1969	60	0.02488	0.02457	0.5	75651	1859	74721	1174394	15.52
1965-1969	61	0.02610	0.02577	0.5	73792	1901	72841	1099673	14.90
1965-1969	62	0.02993	0.02949	0.5	71891	2120	70831	1026832	14.28
1965-1969	63	0.03240	0.03189	0.5	69771	2225	68658	956001	13.70
1965-1969	64	0.03409	0.03352	0.5	67546	2264	66414	887343	13.14
1965-1969	65	0.03947	0.03871	0.5	65282	2527	64018	820929	12.58
1965-1969	66	0.03753	0.03684	0.5	62755	2312	61599	756910	12.06
1965-1969	67	0.04473	0.04375	0.5	60443	2644	59121	695311	11.50
1965-1969	68	0.04682	0.04575	0.5	57799	2644	56477	636190	11.01
1965-1969	69	0.04885	0.04768	0.5	55155	2630	53840	579713	10.51
1965-1969	70	0.05591	0.05439	0.5	52525	2857	51096	525873	10.01
1965-1969	71	0.05689	0.05532	0.5	49668	2748	48294	474777	9.56
1965-1969	72	0.06430	0.06230	0.5	46920	2923	45459	426482	9.09
1965-1969	73	0.06746	0.06526	0.5	43997	2871	42562	381024	8.66
1965-1969	74	0.07447	0.07180	0.5	41126	2953	39650	338462	8.23
1965-1969	75	0.08082	0.07768	0.5	38173	2965	36691	298812	7.83
1965-1969	76	0.08341	0.08007	0.5	35208	2819	33798	262121	7.44
1965-1969	77	0.09267	0.08857	0.5	32389	2869	30954	228323	7.05
1965-1969	78	0.09663	0.09218	0.5	29520	2721	28160	197369	6.69
1965-1969	79	0.10549	0.10020	0.5	26799	2685	25456	169209	6.31
1965-1969	80	0.11853	0.11190	0.5	24114	2698	22765	143753	5.96
1965-1969	81	0.12039	0.11356	0.5	21415	2432	20199	120988	5.65
1965-1969	82	0.13361	0.12524	0.5	18984	2377	17795	100789	5.31
1965-1969	83	0.14933	0.13895	0.5	16606	2307	15452	82994	5.00
1965-1969	84	0.15779	0.14625	0.5	14299	2091	13253	67542	4.72
1965-1969	85	0.17011	0.15677	0.5	12207	1914	11251	54289	4.45
1965-1969	86	0.18563	0.16986	0.5	10294	1748	9419	43038	4.18
1965-1969	87	0.20363	0.18481	0.5	8545	1579	7756	33619	3.93
1965-1969	88	0.21525	0.19433	0.5	6966	1354	6289	25863	3.71
1965-1969	89	0.24629	0.21928	0.5	5612	1231	4997	19574	3.49
1965-1969	90	0.25375	0.22518	0.5	4382	987	3888	14577	3.33
1965-1969	91	0.27056	0.23832	0.5	3395	809	2990	10689	3.15
1965-1969	92	0.29672	0.25839	0.5	2586	668	2252	7699	2.98
1965-1969	93	0.30292	0.26308	0.5	1918	504	1665	5447	2.84
1965-1969	94	0.33121	0.28415	0.5	1413	402	1212	3782	2.68
1965-1969	95	0.35281	0.29990	0.5	1012	303	860	2569	2.54
1965-1969	96	0.37502	0.31580	0.5	708	224	596	1709	2.41
1965-1969	97	0.39777	0.33179	0.5	485	161	404	1113	2.30
1965-1969	98	0.42098	0.34777	0.5	324	113	267	709	2.19
1965-1969	99	0.44454	0.36370	0.5	211	77	173	441	2.09
1965-1969	100	0.46835	0.37948	0.5	134	51	109	268	2.00
1965-1969	101	0.49230	0.39506	0.5	83	33	67	159	1.91
1965-1969	102	0.51629	0.41036	0.5	50	21	40	93	1.83
1965-1969	103	0.54021	0.42532	0.5	30	13	23	52	1.76
1965-1969	104	0.56394	0.43990	0.5	17	8	13	29	1.70
1965-1969	105	0.58738	0.45403	0.5	10	4	7	16	1.64
1965-1969	106	0.61043	0.46769	0.5	5	2	4	8	1.58
1965-1969	107	0.63300	0.48082	0.5	3	1	2	4	1.53
1965-1969	108	0.65500	0.49341	0.5	1	1	1	2	1.49
1965-1969	109	0.67636	0.50543	0.5	1	0	1	1	1.46
1965-1969	110+	0.69700	1.00000	1.43	0	0	1	1	1.43
1970-1974	0	0.01757	0.01730	0.09	100000	1730	98430	6848960	68.49
1970-1974	1	0.00101	0.00101	0.5	98270	99	98221	6750530	68.69
1970-1974	2	0.00073	0.00073	0.5	98171	72	98135	6652310	67.76
1970-1974	3	0.00062	0.00062	0.5	98099	61	98069	6554175	66.81
1970-1974	4	0.00060	0.00060	0.5	98038	58	98009	6456106	65.85
1970-1974	5	0.00054	0.00054	0.5	97980	53	97953	6358097	64.89
1970-1974	6	0.00048	0.00048	0.5	97926	47	97903	6260144	63.93
1970-1974	7	0.00037	0.00037	0.5	97880	36	97862	6162241	62.96
1970-1974	8	0.00037	0.00037	0.5	97844	37	97826	6064379	61.98
1970-1974	9	0.00035	0.00035	0.5	97807	35	97790	5966554	61.00
1970-1974	10	0.00028	0.00028	0.5	97773	28	97759	5868764	60.02
1970-1974	11	0.00029	0.00029	0.5	97745	28	97731	5771005	59.04
1970-1974	12	0.00031	0.00031	0.5	97717	30	97702	5673274	58.06
1970-1974	13	0.00040	0.00040	0.5	97687	39	97667	5575573	57.08
1970-1974	14	0.00056	0.00056	0.5	97647	54	97620	5477906	56.10
1970-1974	15	0.00075	0.00075	0.5	97593	73	97556	5380286	55.13
1970-1974	16	0.00093	0.00093	0.5	97520	91	97474	5282730	54.17
1970-1974	17	0.00144	0.00144	0.5	97429	140	97359	5185255	53.22
1970-1974	18	0.00172	0.00172	0.5	97289	168	97205	5087896	52.30
1970-1974	19	0.00188	0.00188	0.5	97121	182	97030	4990692	51.39
1970-1974	20	0.00163	0.00163	0.5	96939	158	96860	4893662	50.48
1970-1974	21	0.00179	0.00179	0.5	96780	173	96694	4796802	49.56
1970-1974	22	0.00165	0.00165	0.5	96607	159	96528	4700108	48.65
1970-1974	23	0.00161	0.00161	0.5	96448	155	96370	4603581	47.73
1970-1974	24	0.00148	0.00148	0.5	96293	142	96222	4507210	46.81
1970-1974	25	0.00155	0.00155	0.5	96150	149	96076	4410989	45.88
1970-1974	26	0.00151	0.00151	0.5	96001	145	95929	4314913	44.95
1970-1974	27	0.00129	0.00129	0.5	95856	124	95794	4218984	44.01
1970-1974	28	0.00137	0.00137	0.5	95732	131	95667	4123190	43.07
1970-1974	29	0.00151	0.00151	0.5	95601	144	95529	4027523	42.13
1970-1974	30	0.00155	0.00155	0.5	95457	148	95383	3931994	41.19
1970-1974	31	0.00132	0.00132	0.5	95309	125	95247	3836610	40.25
1970-1974	32	0.00168	0.00168	0.5	95184	160	95104	3741364	39.31
1970-1974	33	0.00173	0.00173	0.5	95024	165	94942	3646259	38.37
1970-1974	34	0.00194	0.00194	0.5	94860	184	94768	3551317	37.44
1970-1974	35	0.00189	0.00189	0.5	94676	179	94586	3456549	36.51
1970-1974	36	0.00208	0.00208	0.5	94497	196	94399	3361963	35.58
1970-1974	37	0.00228	0.00228	0.5	94301	215	94194	3267564	34.65
1970-1974	38	0.00269	0.00268	0.5	94086	252	93960	3173371	33.73
1970-1974	39	0.00318	0.00318	0.5	93834	298	93685	3079411	32.82
1970-1974	40	0.00338	0.00338	0.5	93536	316	93378	2985726	31.92
1970-1974	41	0.00353	0.00352	0.5	93220	328	93055	2892348	31.03
1970-1974	42	0.00425	0.00424	0.5	92891	394	92695	2799293	30.14
1970-1974	43	0.00492	0.00491	0.5	92498	454	92271	2706598	29.26
1970-1974	44	0.00493	0.00491	0.5	92043	452	91817	2614328	28.40
1970-1974	45	0.00565	0.00563	0.5	91591	516	91333	2522511	27.54
1970-1974	46	0.00579	0.00578	0.5	91075	526	90812	2431177	26.69
1970-1974	47	0.00661	0.00658	0.5	90549	596	90251	2340365	25.85
1970-1974	48	0.00705	0.00703	0.5	89953	632	89637	2250115	25.01
1970-1974	49	0.00782	0.00779	0.5	89320	696	88972	2160478	24.19
1970-1974	50	0.00901	0.00897	0.5	88624	795	88227	2071506	23.37
1970-1974	51	0.00931	0.00927	0.5	87829	814	87422	1983279	22.58
1970-1974	52	0.01044	0.01039	0.5	87015	904	86563	1895857	21.79
1970-1974	53	0.01147	0.01141	0.5	86111	982	85620	1809294	21.01
1970-1974	54	0.01257	0.01249	0.5	85129	1063	84597	1723675	20.25
1970-1974	55	0.01419	0.01409	0.5	84065	1184	83473	1639078	19.50
1970-1974	56	0.01493	0.01482	0.5	82881	1228	82267	1555604	18.77
1970-1974	57	0.01807	0.01791	0.5	81653	1462	80921	1473338	18.04
1970-1974	58	0.01891	0.01874	0.5	80190	1503	79439	1392416	17.36
1970-1974	59	0.02020	0.02000	0.5	78688	1573	77901	1312977	16.69
1970-1974	60	0.02231	0.02206	0.5	77114	1701	76264	1235076	16.02
1970-1974	61	0.02467	0.02437	0.5	75413	1837	74494	1158812	15.37
1970-1974	62	0.02737	0.02700	0.5	73576	1987	72582	1084318	14.74
1970-1974	63	0.02947	0.02904	0.5	71589	2079	70549	1011736	14.13
1970-1974	64	0.03167	0.03118	0.5	69510	2167	68426	941186	13.54
1970-1974	65	0.03585	0.03522	0.5	67343	2372	66157	872760	12.96
1970-1974	66	0.03609	0.03545	0.5	64971	2303	63820	806603	12.41
1970-1974	67	0.04139	0.04055	0.5	62668	2541	61397	742783	11.85
1970-1974	68	0.04517	0.04417	0.5	60127	2656	58799	681386	11.33
1970-1974	69	0.04693	0.04585	0.5	57471	2635	56153	622587	10.83
1970-1974	70	0.05029	0.04906	0.5	54836	2690	53491	566434	10.33
1970-1974	71	0.05343	0.05204	0.5	52146	2714	50789	512943	9.84
1970-1974	72	0.06271	0.06080	0.5	49432	3006	47929	462154	9.35
1970-1974	73	0.06567	0.06358	0.5	46426	2952	44950	414225	8.92
1970-1974	74	0.06836	0.06610	0.5	43475	2874	42038	369275	8.49
1970-1974	75	0.07473	0.07204	0.5	40601	2925	39139	327237	8.06
1970-1974	76	0.08583	0.08230	0.5	37676	3101	36126	288098	7.65
1970-1974	77	0.08748	0.08381	0.5	34576	2898	33127	251972	7.29
1970-1974	78	0.09724	0.09273	0.5	31678	2938	30209	218846	6.91
1970-1974	79	0.10733	0.10187	0.5	28740	2928	27276	188637	6.56
1970-1974	80	0.10689	0.10147	0.5	25812	2619	24503	161361	6.25
1970-1974	81	0.11548	0.10918	0.5	23193	2532	21927	136858	5.90
1970-1974	82	0.12835	0.12061	0.5	20661	2492	19415	114930	5.56
1970-1974	83	0.13793	0.12903	0.5	18169	2344	16997	95515	5.26
1970-1974	84	0.14924	0.13888	0.5	15825	2198	14726	78518	4.96
1970-1974	85	0.16325	0.15093	0.5	13627	2057	12599	63792	4.68
1970-1974	86	0.17409	0.16015	0.5	11571	1853	10644	51193	4.42
1970-1974	87	0.19022	0.17370	0.5	9717	1688	8874	40549	4.17
1970-1974	88	0.20223	0.18366	0.5	8030	1475	7292	31675	3.94
1970-1974	89	0.21761	0.19626	0.5	6555	1286	5912	24383	3.72
1970-1974	90	0.23653	0.21152	0.5	5268	1114	4711	18471	3.51
1970-1974	91	0.25450	0.22577	0.5	4154	938	3685	13760	3.31
1970-1974	92	0.27579	0.24237	0.5	3216	780	2826	10075	3.13
1970-1974	93	0.29143	0.25436	0.5	2437	620	2127	7249	2.97
1970-1974	94	0.31135	0.26941	0.5	1817	489	1572	5122	2.82
1970-1974	95	0.33199	0.28473	0.5	1327	378	1138	3550	2.67
1970-1974	96	0.35331	0.30026	0.5	949	285	807	2411	2.54
1970-1974	97	0.37522	0.31595	0.5	664	210	559	1604	2.41
1970-1974	98	0.39766	0.33170	0.5	454	151	379	1045	2.30
1970-1974	99	0.42053	0.34747	0.5	304	106	251	666	2.19
1970-1974	100	0.44375	0.36317	0.5	198	72	162	415	2.09
1970-1974	101	0.46722	0.37874	0.5	126	48	102	253	2.00
1970-1974	102	0.49084	0.39411	0.5	78	31	63	150	1.92
1970-1974	103	0.51449	0.40922	0.5	48	19	38	87	1.84
1970-1974	104	0.53808	0.42401	0.5	28	12	22	50	1.77
1970-1974	105	0.56151	0.43842	0.5	16	7	13	28	1.71
1970-1974	106	0.58466	0.45241	0.5	9	4	7	15	1.65
1970-1974	107	0.60744	0.46593	0.5	5	2	4	8	1.59
1970-1974	108	0.62977	0.47895	0.5	3	1	2	4	1.55
1970-1974	109	0.65155	0.49145	0.5	1	1	1	2	1.51
1970-1974	110+	0.67272	1.00000	1.49	1	1	1	1	1.49
1975-1979	0	0.01326	0.01310	0.08	100000	1310	98795	7051615	70.52
1975-1979	1	0.00078	0.00078	0.5	98690	77	98651	6952819	70.45
1975-1979	2	0.00047	0.00047	0.5	98613	46	98590	6854168	69.51
1975-1979	3	0.00043	0.00043	0.5	98567	42	98546	6755579	68.54
1975-1979	4	0.00039	0.00039	0.5	98524	38	98505	6657033	67.57
1975-1979	5	0.00032	0.00032	0.5	98486	31	98471	6558528	66.59
1975-1979	6	0.00027	0.00027	0.5	98455	27	98442	6460057	65.61
1975-1979	7	0.00034	0.00034	0.5	98429	33	98412	6361615	64.63
1975-1979	8	0.00025	0.00025	0.5	98395	25	98383	6263203	63.65
1975-1979	9	0.00025	0.00025	0.5	98370	25	98358	6164820	62.67
1975-1979	10	0.00026	0.00026	0.5	98346	26	98333	6066462	61.69
1975-1979	11	0.00027	0.00027	0.5	98320	26	98307	5968129	60.70
1975-1979	12	0.00022	0.00022	0.5	98294	22	98283	5869823	59.72
1975-1979	13	0.00036	0.00036	0.5	98272	35	98254	5771540	58.73
1975-1979	14	0.00043	0.00043	0.5	98236	43	98215	5673286	57.75
1975-1979	15	0.00050	0.00050	0.5	98194	50	98169	5575071	56.78
1975-1979	16	0.00078	0.00078	0.5	98144	77	98106	5476902	55.80
1975-1979	17	0.00123	0.00123	0.5	98067	121	98007	5378796	54.85
1975-1979	18	0.00140	0.00140	0.5	97946	137	97878	5280789	53.92
1975-1979	19	0.00149	0.00149	0.5	97809	146	97737	5182911	52.99
1975-1979	20	0.00161	0.00161	0.5	97664	157	97585	5085174	52.07
1975-1979	21	0.00148	0.00147	0.5	97506	144	97434	4987589	51.15
1975-1979	22	0.00177	0.00176	0.5	97363	172	97277	4890155	50.23
1975-1979	23	0.00153	0.00153	0.5	97191	149	97116	4792878	49.31
1975-1979	24	0.00149	0.00148	0.5	97042	144	96970	4695762	48.39
1975-1979	25	0.00162	0.00162	0.5	96898	157	96819	4598792	47.46
1975-1979	26	0.00144	0.00144	0.5	96741	140	96671	4501973	46.54
1975-1979	27	0.00148	0.00148	0.5	96601	143	96530	4405302	45.60
1975-1979	28	0.00135	0.00135	0.5	96459	130	96393	4308772	44.67
1975-1979	29	0.00139	0.00139	0.5	96328	134	96261	4212378	43.73
1975-1979	30	0.00125	0.00125	0.5	96194	120	96134	4116117	42.79
1975-1979	31	0.00155	0.00155	0.5	96075	149	96000	4019983	41.84
1975-1979	32	0.00139	0.00139	0.5	95925	133	95859	3923983	40.91
1975-1979	33	0.00154	0.00153	0.5	95792	147	95719	3828124	39.96
1975-1979	34	0.00148	0.00148	0.5	95645	142	95574	3732405	39.02
1975-1979	35	0.00164	0.00164	0.5	95504	157	95425	3636831	38.08
1975-1979	36	0.00169	0.00169	0.5	95347	161	95266	3541405	37.14
1975-1979	37	0.00213	0.00212	0.5	95186	202	95085	3446139	36.20
1975-1979	38	0.00221	0.00221	0.5	94984	210	94879	3351054	35.28
1975-1979	39	0.00249	0.00249	0.5	94774	236	94656	3256176	34.36
1975-1979	40	0.00290	0.00290	0.5	94538	274	94401	3161519	33.44
1975-1979	41	0.00282	0.00282	0.5	94264	265	94132	3067118	32.54
1975-1979	42	0.00344	0.00344	0.5	93999	323	93838	2972986	31.63
1975-1979	43	0.00361	0.00360	0.5	93676	338	93507	2879149	30.74
1975-1979	44	0.00419	0.00418	0.5	93339	391	93143	2785641	29.84
1975-1979	45	0.00455	0.00454	0.5	92948	422	92737	2692498	28.97
1975-1979	46	0.00474	0.00473	0.5	92526	437	92308	2599761	28.10
1975-1979	47	0.00572	0.00570	0.5	92089	525	91826	2507453	27.23
1975-1979	48	0.00611	0.00610	0.5	91564	558	91285	2415626	26.38
1975-1979	49	0.00682	0.00679	0.5	91006	618	90696	2324342	25.54
1975-1979	50	0.00761	0.00758	0.5	90387	685	90045	2233645	24.71
1975-1979	51	0.00845	0.00841	0.5	89702	755	89325	2143601	23.90
1975-1979	52	0.00895	0.00891	0.5	88948	792	88552	2054276	23.10
1975-1979	53	0.00990	0.00986	0.5	88155	869	87721	1965724	22.30
1975-1979	54	0.01140	0.01134	0.5	87287	990	86792	1878003	21.52
1975-1979	55	0.01190	0.01183	0.5	86297	1021	85787	1791211	20.76
1975-1979	56	0.01279	0.01271	0.5	85276	1083	84735	1705424	20.00
1975-1979	57	0.01438	0.01428	0.5	84193	1202	83592	1620690	19.25
1975-1979	58	0.01553	0.01541	0.5	82991	1279	82351	1537098	18.52
1975-1979	59	0.01729	0.01714	0.5	81712	1401	81012	1454746	17.80
1975-1979	60	0.01890	0.01872	0.5	80311	1503	79559	1373735	17.11
1975-1979	61	0.01990	0.01970	0.5	78808	1553	78031	1294175	16.42
1975-1979	62	0.02391	0.02363	0.5	77255	1826	76342	1216144	15.74
1975-1979	63	0.02493	0.02463	0.5	75429	1858	74501	1139802	15.11
1975-1979	64	0.02697	0.02661	0.5	73572	1958	72593	1065301	14.48
1975-1979	65	0.03012	0.02967	0.5	71614	2125	70551	992709	13.86
1975-1979	66	0.03218	0.03167	0.5	69489	2201	68388	922157	13.27
1975-1979	67	0.03595	0.03531	0.5	67288	2376	66100	853769	12.69
1975-1979	68	0.03836	0.03764	0.5	64911	2443	63690	787670	12.13
1975-1979	69	0.04152	0.04068	0.5	62468	2541	61197	723980	11.59
1975-1979	70	0.04460	0.04363	0.5	59927	2615	58620	662783	11.06
1975-1979	71	0.04921	0.04803	0.5	57312	2753	55936	604163	10.54
1975-1979	72	0.05426	0.05282	0.5	54559	2882	53118	548227	10.05
1975-1979	73	0.05763	0.05602	0.5	51677	2895	50230	495109	9.58
1975-1979	74	0.06225	0.06037	0.5	48782	2945	47310	444879	9.12
1975-1979	75	0.06761	0.06540	0.5	45837	2998	44338	397569	8.67
1975-1979	76	0.07330	0.07071	0.5	42840	3029	41325	353231	8.25
1975-1979	77	0.07879	0.07580	0.5	39810	3018	38301	311906	7.83
1975-1979	78	0.08344	0.08010	0.5	36793	2947	35319	273604	7.44
1975-1979	79	0.09244	0.08835	0.5	33846	2990	32351	238285	7.04
1975-1979	80	0.10025	0.09546	0.5	30855	2946	29383	205934	6.67
1975-1979	81	0.10569	0.10039	0.5	27910	2802	26509	176552	6.33
1975-1979	82	0.11820	0.11160	0.5	25108	2802	23707	150043	5.98
1975-1979	83	0.12910	0.12127	0.5	22306	2705	20953	126336	5.66
1975-1979	84	0.13889	0.12987	0.5	19601	2546	18328	105382	5.38
1975-1979	85	0.14830	0.13806	0.5	17055	2355	15878	87054	5.10
1975-1979	86	0.15591	0.14463	0.5	14701	2126	13638	71176	4.84
1975-1979	87	0.16748	0.15454	0.5	12574	1943	11603	57539	4.58
1975-1979	88	0.18286	0.16754	0.5	10631	1781	9741	45936	4.32
1975-1979	89	0.19513	0.17779	0.5	8850	1573	8063	36195	4.09
1975-1979	90	0.20954	0.18967	0.5	7277	1380	6587	28132	3.87
1975-1979	91	0.22082	0.19887	0.5	5896	1173	5310	21546	3.65
1975-1979	92	0.25095	0.22297	0.5	4724	1053	4197	16235	3.44
1975-1979	93	0.26048	0.23046	0.5	3671	846	3248	12038	3.28
1975-1979	94	0.27797	0.24405	0.5	2825	689	2480	8791	3.11
1975-1979	95	0.29617	0.25797	0.5	2135	551	1860	6311	2.96
1975-1979	96	0.31504	0.27216	0.5	1584	431	1369	4451	2.81
1975-1979	97	0.33453	0.28660	0.5	1153	331	988	3082	2.67
1975-1979	98	0.35462	0.30121	0.5	823	248	699	2094	2.55
1975-1979	99	0.37522	0.31595	0.5	575	182	484	1395	2.43
1975-1979	100	0.39629	0.33075	0.5	393	130	328	911	2.32
1975-1979	101	0.41775	0.34557	0.5	263	91	218	583	2.21
1975-1979	102	0.43953	0.36034	0.5	172	62	141	365	2.12
1975-1979	103	0.46154	0.37500	0.5	110	41	90	224	2.03
1975-1979	104	0.48370	0.38950	0.5	69	27	55	134	1.95
1975-1979	105	0.50593	0.40379	0.5	42	17	34	79	1.88
1975-1979	106	0.52814	0.41781	0.5	25	10	20	45	1.81
1975-1979	107	0.55023	0.43151	0.5	15	6	11	26	1.75
1975-1979	108	0.57213	0.44487	0.5	8	4	6	14	1.70
1975-1979	109	0.59374	0.45783	0.5	5	2	4	8	1.65
1975-1979	110+	0.61501	1.00000	1.63	2	2	4	4	1.63
1980-1984	0	0.01096	0.01085	0.07	100000	1085	98995	7165128	71.65
1980-1984	1	0.00071	0.00071	0.5	98915	70	98879	7066132	71.44
1980-1984	2	0.00049	0.00049	0.5	98844	48	98820	6967253	70.49
1980-1984	3	0.00037	0.00037	0.5	98796	37	98778	6868433	69.52
1980-1984	4	0.00028	0.00028	0.5	98759	28	98745	6769655	68.55
1980-1984	5	0.00033	0.00033	0.5	98732	33	98715	6670910	67.57
1980-1984	6	0.00029	0.00029	0.5	98699	29	98684	6572195	66.59
1980-1984	7	0.00020	0.00020	0.5	98670	20	98660	6473510	65.61
1980-1984	8	0.00022	0.00022	0.5	98650	22	98639	6374850	64.62
1980-1984	9	0.00019	0.00019	0.5	98628	18	98619	6276211	63.64
1980-1984	10	0.00016	0.00016	0.5	98610	15	98602	6177592	62.65
1980-1984	11	0.00019	0.00019	0.5	98594	19	98585	6078990	61.66
1980-1984	12	0.00023	0.00023	0.5	98575	22	98564	5980406	60.67
1980-1984	13	0.00031	0.00031	0.5	98553	31	98538	5881841	59.68
1980-1984	14	0.00030	0.00030	0.5	98522	30	98507	5783304	58.70
1980-1984	15	0.00044	0.00044	0.5	98493	43	98471	5684796	57.72
1980-1984	16	0.00074	0.00074	0.5	98449	73	98413	5586325	56.74
1980-1984	17	0.00102	0.00102	0.5	98377	100	98327	5487912	55.78
1980-1984	18	0.00123	0.00123	0.5	98276	121	98216	5389585	54.84
1980-1984	19	0.00140	0.00140	0.5	98155	137	98087	5291369	53.91
1980-1984	20	0.00129	0.00129	0.5	98018	127	97955	5193283	52.98
1980-1984	21	0.00130	0.00130	0.5	97891	127	97828	5095328	52.05
1980-1984	22	0.00134	0.00134	0.5	97764	131	97699	4997500	51.12
1980-1984	23	0.00117	0.00117	0.5	97633	114	97576	4899801	50.19
1980-1984	24	0.00127	0.00127	0.5	97519	124	97457	4802225	49.24
1980-1984	25	0.00122	0.00122	0.5	97395	119	97336	4704768	48.31
1980-1984	26	0.00117	0.00117	0.5	97277	114	97220	4607432	47.36
1980-1984	27	0.00137	0.00137	0.5	97162	133	97096	4510212	46.42
1980-1984	28	0.00131	0.00131	0.5	97030	127	96966	4413116	45.48
1980-1984	29	0.00127	0.00127	0.5	96903	123	96842	4316150	44.54
1980-1984	30	0.00130	0.00130	0.5	96780	126	96717	4219308	43.60
1980-1984	31	0.00139	0.00139	0.5	96654	134	96587	4122591	42.65
1980-1984	32	0.00148	0.00148	0.5	96520	143	96449	4026004	41.71
1980-1984	33	0.00146	0.00146	0.5	96377	141	96307	3929555	40.77
1980-1984	34	0.00141	0.00140	0.5	96237	135	96169	3833248	39.83
1980-1984	35	0.00148	0.00148	0.5	96101	143	96030	3737079	38.89
1980-1984	36	0.00177	0.00177	0.5	95959	169	95874	3641049	37.94
1980-1984	37	0.00182	0.00182	0.5	95789	175	95702	3545175	37.01
1980-1984	38	0.00205	0.00205	0.5	95615	196	95517	3449473	36.08
1980-1984	39	0.00210	0.00210	0.5	95419	200	95319	3353956	35.15
1980-1984	40	0.00231	0.00231	0.5	95218	220	95109	3258637	34.22
1980-1984	41	0.00270	0.00270	0.5	94999	256	94871	3163529	33.30
1980-1984	42	0.00279	0.00279	0.5	94742	264	94610	3068658	32.39
1980-1984	43	0.00293	0.00292	0.5	94478	276	94340	2974048	31.48
1980-1984	44	0.00349	0.00349	0.5	94202	328	94038	2879708	30.57
1980-1984	45	0.00360	0.00359	0.5	93874	337	93705	2785670	29.67
1980-1984	46	0.00441	0.00440	0.5	93537	411	93331	2691965	28.78
1980-1984	47	0.00462	0.00461	0.5	93125	429	92911	2598634	27.90
1980-1984	48	0.00555	0.00554	0.5	92696	513	92439	2505724	27.03
1980-1984	49	0.00635	0.00633	0.5	92183	584	91891	2413284	26.18
1980-1984	50	0.00618	0.00616	0.5	91599	564	91317	2321393	25.34
1980-1984	51	0.00787	0.00784	0.5	91035	714	90678	2230076	24.50
1980-1984	52	0.00903	0.00899	0.5	90321	812	89915	2139398	23.69
1980-1984	53	0.00905	0.00900	0.5	89509	806	89106	2049483	22.90
1980-1984	54	0.01048	0.01043	0.5	88703	925	88240	1960378	22.10
1980-1984	55	0.01094	0.01088	0.5	87778	955	87300	1872137	21.33
1980-1984	56	0.01195	0.01188	0.5	86822	1032	86307	1784837	20.56
1980-1984	57	0.01309	0.01301	0.5	85791	1116	85233	1698530	19.80
1980-1984	58	0.01471	0.01460	0.5	84675	1237	84056	1613298	19.05
1980-1984	59	0.01612	0.01599	0.5	83438	1334	82771	1529241	18.33
1980-1984	60	0.01705	0.01691	0.5	82104	1388	81410	1446470	17.62
1980-1984	61	0.01809	0.01793	0.5	80716	1447	79992	1365060	16.91
1980-1984	62	0.02144	0.02121	0.5	79268	1681	78428	1285068	16.21
1980-1984	63	0.02268	0.02243	0.5	77587	1740	76717	1206641	15.55
1980-1984	64	0.02480	0.02450	0.5	75847	1858	74918	1129924	14.90
1980-1984	65	0.02668	0.02633	0.5	73989	1948	73015	1055006	14.26
1980-1984	66	0.02953	0.02910	0.5	72040	2096	70992	981991	13.63
1980-1984	67	0.03235	0.03184	0.5	69944	2227	68831	910999	13.02
1980-1984	68	0.03559	0.03497	0.5	67717	2368	66533	842168	12.44
1980-1984	69	0.03930	0.03854	0.5	65349	2519	64090	775635	11.87
1980-1984	70	0.04095	0.04013	0.5	62831	2522	61570	711545	11.32
1980-1984	71	0.04490	0.04391	0.5	60309	2648	58985	649975	10.78
1980-1984	72	0.05003	0.04881	0.5	57661	2814	56254	590990	10.25
1980-1984	73	0.05478	0.05332	0.5	54847	2925	53384	534737	9.75
1980-1984	74	0.06064	0.05886	0.5	51922	3056	50394	481352	9.27
1980-1984	75	0.06498	0.06294	0.5	48866	3075	47328	430959	8.82
1980-1984	76	0.06835	0.06609	0.5	45790	3026	44277	383630	8.38
1980-1984	77	0.07548	0.07274	0.5	42764	3111	41209	339353	7.94
1980-1984	78	0.08063	0.07751	0.5	39653	3073	38117	298144	7.52
1980-1984	79	0.08924	0.08543	0.5	36580	3125	35018	260028	7.11
1980-1984	80	0.09487	0.09058	0.5	33455	3030	31940	225010	6.73
1980-1984	81	0.10790	0.10238	0.5	30425	3115	28867	193070	6.35
1980-1984	82	0.11618	0.10980	0.5	27310	2999	25811	164203	6.01
1980-1984	83	0.12430	0.11703	0.5	24311	2845	22889	138392	5.69
1980-1984	84	0.13381	0.12542	0.5	21466	2692	20120	115503	5.38
1980-1984	85	0.14431	0.13460	0.5	18774	2527	17511	95383	5.08
1980-1984	86	0.15547	0.14426	0.5	16247	2344	15075	77872	4.79
1980-1984	87	0.16931	0.15610	0.5	13903	2170	12818	62797	4.52
1980-1984	88	0.18548	0.16974	0.5	11733	1992	10737	49978	4.26
1980-1984	89	0.19620	0.17867	0.5	9742	1741	8871	39241	4.03
1980-1984	90	0.21444	0.19368	0.5	8001	1550	7226	30370	3.80
1980-1984	91	0.21907	0.19744	0.5	6451	1274	5815	23144	3.59
1980-1984	92	0.25042	0.22255	0.5	5178	1152	4601	17329	3.35
1980-1984	93	0.27121	0.23883	0.5	4025	961	3545	12728	3.16
1980-1984	94	0.28830	0.25198	0.5	3064	772	2678	9183	3.00
1980-1984	95	0.30833	0.26715	0.5	2292	612	1986	6505	2.84
1980-1984	96	0.32912	0.28261	0.5	1680	475	1442	4519	2.69
1980-1984	97	0.35059	0.29830	0.5	1205	359	1025	3077	2.55
1980-1984	98	0.37269	0.31415	0.5	846	266	713	2052	2.43
1980-1984	99	0.39533	0.33009	0.5	580	191	484	1339	2.31
1980-1984	100	0.41843	0.34604	0.5	388	134	321	855	2.20
1980-1984	101	0.44190	0.36193	0.5	254	92	208	533	2.10
1980-1984	102	0.46562	0.37769	0.5	162	61	131	325	2.01
1980-1984	103	0.48951	0.39326	0.5	101	40	81	194	1.92
1980-1984	104	0.51344	0.40855	0.5	61	25	49	113	1.84
1980-1984	105	0.53731	0.42353	0.5	36	15	29	64	1.77
1980-1984	106	0.56101	0.43811	0.5	21	9	16	36	1.71
1980-1984	107	0.58443	0.45227	0.5	12	5	9	19	1.65
1980-1984	108	0.60748	0.46595	0.5	6	3	5	10	1.60
1980-1984	109	0.63006	0.47912	0.5	3	2	3	5	1.56
1980-1984	110+	0.65209	1.00000	1.53	2	2	3	3	1.53
1985-1989	0	0.00902	0.00895	0.07	100000	895	99167	7237203	72.37
1985-1989	1	0.00050	0.00050	0.5	99105	50	99081	7138036	72.02
1985-1989	2	0.00048	0.00048	0.5	99056	47	99032	7038955	71.06
1985-1989	3	0.00030	0.00030	0.5	99008	29	98994	6939923	70.09
1985-1989	4	0.00028	0.00028	0.5	98979	28	98965	6840929	69.12
1985-1989	5	0.00024	0.00024	0.5	98951	24	98939	6741964	68.13
1985-1989	6	0.00022	0.00022	0.5	98927	21	98917	6643025	67.15
1985-1989	7	0.00022	0.00022	0.5	98906	22	98895	6544108	66.16
1985-1989	8	0.00023	0.00023	0.5	98884	23	98872	6445214	65.18
1985-1989	9	0.00021	0.00021	0.5	98861	21	98851	6346341	64.19
1985-1989	10	0.00018	0.00018	0.5	98840	18	98832	6247490	63.21
1985-1989	11	0.00022	0.00022	0.5	98823	22	98812	6148659	62.22
1985-1989	12	0.00023	0.00023	0.5	98801	23	98790	6049847	61.23
1985-1989	13	0.00021	0.00021	0.5	98778	21	98768	5951058	60.25
1985-1989	14	0.00032	0.00032	0.5	98757	32	98741	5852290	59.26
1985-1989	15	0.00057	0.00057	0.5	98725	56	98698	5753549	58.28
1985-1989	16	0.00076	0.00076	0.5	98670	75	98632	5654851	57.31
1985-1989	17	0.00091	0.00091	0.5	98594	90	98549	5556219	56.35
1985-1989	18	0.00109	0.00109	0.5	98504	108	98450	5457670	55.41
1985-1989	19	0.00118	0.00118	0.5	98397	116	98339	5359219	54.47
1985-1989	20	0.00121	0.00121	0.5	98281	119	98221	5260881	53.53
1985-1989	21	0.00122	0.00122	0.5	98161	120	98101	5162660	52.59
1985-1989	22	0.00116	0.00116	0.5	98041	114	97985	5064558	51.66
1985-1989	23	0.00117	0.00117	0.5	97928	114	97871	4966574	50.72
1985-1989	24	0.00119	0.00118	0.5	97813	116	97755	4868703	49.78
1985-1989	25	0.00118	0.00118	0.5	97698	115	97640	4770948	48.83
1985-1989	26	0.00131	0.00131	0.5	97582	128	97518	4673308	47.89
1985-1989	27	0.00122	0.00122	0.5	97454	119	97395	4575790	46.95
1985-1989	28	0.00133	0.00133	0.5	97336	129	97271	4478394	46.01
1985-1989	29	0.00141	0.00141	0.5	97207	137	97138	4381123	45.07
1985-1989	30	0.00150	0.00150	0.5	97070	145	96997	4283984	44.13
1985-1989	31	0.00161	0.00160	0.5	96925	156	96847	4186987	43.20
1985-1989	32	0.00174	0.00174	0.5	96769	168	96685	4090140	42.27
1985-1989	33	0.00162	0.00162	0.5	96601	156	96523	3993455	41.34
1985-1989	34	0.00183	0.00183	0.5	96445	176	96357	3896932	40.41
1985-1989	35	0.00184	0.00184	0.5	96268	177	96180	3800575	39.48
1985-1989	36	0.00210	0.00210	0.5	96091	202	95991	3704395	38.55
1985-1989	37	0.00214	0.00214	0.5	95890	205	95787	3608404	37.63
1985-1989	38	0.00232	0.00231	0.5	95684	221	95574	3512617	36.71
1985-1989	39	0.00232	0.00232	0.5	95463	221	95352	3417044	35.79
1985-1989	40	0.00244	0.00243	0.5	95242	232	95126	3321691	34.88
1985-1989	41	0.00283	0.00282	0.5	95010	268	94876	3226565	33.96
1985-1989	42	0.00290	0.00289	0.5	94742	274	94605	3131689	33.05
1985-1989	43	0.00304	0.00304	0.5	94468	287	94324	3037084	32.15
1985-1989	44	0.00340	0.00339	0.5	94181	320	94021	2942760	31.25
1985-1989	45	0.00379	0.00378	0.5	93861	355	93684	2848739	30.35
1985-1989	46	0.00375	0.00375	0.5	93506	350	93331	2755055	29.46
1985-1989	47	0.00444	0.00443	0.5	93156	413	92950	2661724	28.57
1985-1989	48	0.00539	0.00538	0.5	92743	499	92494	2568775	27.70
1985-1989	49	0.00524	0.00523	0.5	92245	482	92004	2476281	26.84
1985-1989	50	0.00598	0.00597	0.5	91762	547	91489	2384277	25.98
1985-1989	51	0.00665	0.00663	0.5	91215	605	90913	2292789	25.14
1985-1989	52	0.00748	0.00746	0.5	90610	676	90273	2201876	24.30
1985-1989	53	0.00845	0.00842	0.5	89935	757	89556	2111604	23.48
1985-1989	54	0.00898	0.00894	0.5	89178	797	88779	2022047	22.67
1985-1989	55	0.01014	0.01009	0.5	88380	892	87934	1933269	21.87
1985-1989	56	0.01073	0.01068	0.5	87489	934	87022	1845334	21.09
1985-1989	57	0.01207	0.01200	0.5	86554	1039	86035	1758313	20.31
1985-1989	58	0.01314	0.01306	0.5	85516	1117	84957	1672278	19.56
1985-1989	59	0.01434	0.01424	0.5	84399	1202	83798	1587320	18.81
1985-1989	60	0.01669	0.01655	0.5	83197	1377	82509	1503522	18.07
1985-1989	61	0.01691	0.01677	0.5	81820	1372	81134	1421013	17.37
1985-1989	62	0.01963	0.01944	0.5	80448	1564	79666	1339879	16.66
1985-1989	63	0.02170	0.02147	0.5	78884	1693	78038	1260213	15.98
1985-1989	64	0.02230	0.02206	0.5	77191	1703	76340	1182175	15.31
1985-1989	65	0.02520	0.02489	0.5	75488	1879	74549	1105836	14.65
1985-1989	66	0.02763	0.02725	0.5	73610	2006	72607	1031287	14.01
1985-1989	67	0.02846	0.02806	0.5	71604	2009	70599	958680	13.39
1985-1989	68	0.03173	0.03123	0.5	69594	2173	68508	888081	12.76
1985-1989	69	0.03584	0.03521	0.5	67421	2374	66234	819573	12.16
1985-1989	70	0.03908	0.03833	0.5	65047	2493	63801	753339	11.58
1985-1989	71	0.04408	0.04313	0.5	62554	2698	61205	689539	11.02
1985-1989	72	0.04837	0.04723	0.5	59856	2827	58442	628334	10.50
1985-1989	73	0.05075	0.04949	0.5	57029	2822	55617	569892	9.99
1985-1989	74	0.05548	0.05398	0.5	54206	2926	52743	514274	9.49
1985-1989	75	0.06040	0.05863	0.5	51280	3006	49777	461531	9.00
1985-1989	76	0.06616	0.06404	0.5	48274	3091	46728	411754	8.53
1985-1989	77	0.06921	0.06689	0.5	45182	3022	43671	365026	8.08
1985-1989	78	0.07776	0.07485	0.5	42160	3155	40582	321355	7.62
1985-1989	79	0.08640	0.08282	0.5	39005	3231	37389	280772	7.20
1985-1989	80	0.09293	0.08880	0.5	35774	3177	34186	243383	6.80
1985-1989	81	0.10126	0.09638	0.5	32597	3142	31026	209197	6.42
1985-1989	82	0.11468	0.10846	0.5	29456	3195	27858	178171	6.05
1985-1989	83	0.12045	0.11361	0.5	26261	2983	24769	150313	5.72
1985-1989	84	0.13283	0.12456	0.5	23277	2899	21828	125544	5.39
1985-1989	85	0.14115	0.13184	0.5	20378	2687	19035	103716	5.09
1985-1989	86	0.14996	0.13950	0.5	17691	2468	16457	84681	4.79
1985-1989	87	0.17249	0.15879	0.5	15223	2417	14015	68224	4.48
1985-1989	88	0.18111	0.16607	0.5	12806	2127	11743	54209	4.23
1985-1989	89	0.19684	0.17920	0.5	10679	1914	9722	42467	3.98
1985-1989	90	0.21924	0.19758	0.5	8766	1732	7900	32744	3.74
1985-1989	91	0.22801	0.20468	0.5	7034	1440	6314	24845	3.53
1985-1989	92	0.24865	0.22116	0.5	5594	1237	4975	18531	3.31
1985-1989	93	0.27444	0.24132	0.5	4357	1051	3831	13555	3.11
1985-1989	94	0.29313	0.25566	0.5	3305	845	2883	9724	2.94
1985-1989	95	0.31435	0.27165	0.5	2460	668	2126	6841	2.78
1985-1989	96	0.33637	0.28794	0.5	1792	516	1534	4715	2.63
1985-1989	97	0.35912	0.30445	0.5	1276	388	1082	3181	2.49
1985-1989	98	0.38253	0.32111	0.5	888	285	745	2099	2.37
1985-1989	99	0.40649	0.33783	0.5	603	204	501	1354	2.25
1985-1989	100	0.43090	0.35452	0.5	399	141	328	853	2.14
1985-1989	101	0.45566	0.37111	0.5	258	96	210	525	2.04
1985-1989	102	0.48064	0.38751	0.5	162	63	131	315	1.95
1985-1989	103	0.50572	0.40365	0.5	99	40	79	185	1.86
1985-1989	104	0.53076	0.41945	0.5	59	25	47	106	1.79
1985-1989	105	0.55566	0.43484	0.5	34	15	27	59	1.72
1985-1989	106	0.58027	0.44978	0.5	19	9	15	32	1.65
1985-1989	107	0.60449	0.46419	0.5	11	5	8	17	1.60
1985-1989	108	0.62822	0.47806	0.5	6	3	4	9	1.55
1985-1989	109	0.65133	0.49133	0.5	3	1	2	5	1.51
1985-1989	110+	0.67376	1.00000	1.48	2	2	2	2	1.48
1990-1994	0	0.00720	0.00715	0.06	100000	715	99331	7363774	73.64
1990-1994	1	0.00049	0.00049	0.5	99285	48	99261	7264443	73.17
1990-1994	2	0.00028	0.00028	0.5	99236	28	99222	7165183	72.20
1990-1994	3	0.00021	0.00021	0.5	99208	20	99198	7065960	71.22
1990-1994	4	0.00021	0.00021	0.5	99188	20	99178	6966762	70.24
1990-1994	5	0.00018	0.00018	0.5	99167	18	99159	6867584	69.25
1990-1994	6	0.00015	0.00015	0.5	99150	14	99143	6768426	68.26
1990-1994	7	0.00015	0.00015	0.5	99135	15	99128	6669283	67.27
1990-1994	8	0.00016	0.00016	0.5	99120	16	99112	6570155	66.28
1990-1994	9	0.00012	0.00012	0.5	99104	11	99099	6471043	65.30
1990-1994	10	0.00011	0.00011	0.5	99093	11	99088	6371944	64.30
1990-1994	11	0.00018	0.00018	0.5	99082	18	99073	6272857	63.31
1990-1994	12	0.00019	0.00019	0.5	99064	19	99055	6173784	62.32
1990-1994	13	0.00025	0.00025	0.5	99045	24	99033	6074729	61.33
1990-1994	14	0.00038	0.00038	0.5	99021	38	99002	5975696	60.35
1990-1994	15	0.00043	0.00043	0.5	98983	43	98961	5876695	59.37
1990-1994	16	0.00062	0.00062	0.5	98940	62	98909	5777733	58.40
1990-1994	17	0.00082	0.00082	0.5	98878	81	98838	5678824	57.43
1990-1994	18	0.00115	0.00115	0.5	98797	114	98740	5579986	56.48
1990-1994	19	0.00095	0.00095	0.5	98683	94	98636	5481246	55.54
1990-1994	20	0.00087	0.00087	0.5	98589	86	98547	5382610	54.60
1990-1994	21	0.00092	0.00092	0.5	98504	91	98459	5284063	53.64
1990-1994	22	0.00092	0.00092	0.5	98413	91	98368	5185604	52.69
1990-1994	23	0.00105	0.00105	0.5	98323	103	98271	5087237	51.74
1990-1994	24	0.00097	0.00097	0.5	98219	95	98172	4988966	50.79
1990-1994	25	0.00107	0.00107	0.5	98124	105	98072	4890794	49.84
1990-1994	26	0.00109	0.00109	0.5	98020	107	97966	4792722	48.90
1990-1994	27	0.00116	0.00116	0.5	97912	114	97856	4694756	47.95
1990-1994	28	0.00132	0.00132	0.5	97799	129	97734	4596901	47.00
1990-1994	29	0.00133	0.00132	0.5	97670	129	97605	4499166	46.07
1990-1994	30	0.00167	0.00167	0.5	97540	163	97459	4401561	45.13
1990-1994	31	0.00172	0.00172	0.5	97377	168	97294	4304102	44.20
1990-1994	32	0.00174	0.00174	0.5	97210	169	97125	4206809	43.28
1990-1994	33	0.00190	0.00190	0.5	97040	185	96948	4109684	42.35
1990-1994	34	0.00210	0.00210	0.5	96856	203	96754	4012736	41.43
1990-1994	35	0.00229	0.00228	0.5	96653	221	96543	3915981	40.52
1990-1994	36	0.00239	0.00239	0.5	96432	230	96317	3819439	39.61
1990-1994	37	0.00270	0.00270	0.5	96202	259	96072	3723122	38.70
1990-1994	38	0.00269	0.00269	0.5	95943	258	95814	3627050	37.80
1990-1994	39	0.00277	0.00277	0.5	95685	265	95552	3531236	36.90
1990-1994	40	0.00267	0.00267	0.5	95420	254	95293	3435683	36.01
1990-1994	41	0.00314	0.00314	0.5	95165	299	95016	3340391	35.10
1990-1994	42	0.00317	0.00316	0.5	94867	300	94717	3245375	34.21
1990-1994	43	0.00341	0.00341	0.5	94567	322	94406	3150658	33.32
1990-1994	44	0.00323	0.00322	0.5	94245	304	94093	3056253	32.43
1990-1994	45	0.00354	0.00353	0.5	93941	332	93775	2962160	31.53
1990-1994	46	0.00400	0.00399	0.5	93609	373	93423	2868385	30.64
1990-1994	47	0.00423	0.00422	0.5	93236	394	93039	2774962	29.76
1990-1994	48	0.00443	0.00442	0.5	92843	410	92637	2681923	28.89
1990-1994	49	0.00473	0.00472	0.5	92432	436	92214	2589285	28.01
1990-1994	50	0.00523	0.00521	0.5	91996	479	91756	2497071	27.14
1990-1994	51	0.00602	0.00601	0.5	91516	550	91241	2405315	26.28
1990-1994	52	0.00646	0.00644	0.5	90967	585	90674	2314074	25.44
1990-1994	53	0.00707	0.00705	0.5	90381	637	90063	2223400	24.60
1990-1994	54	0.00703	0.00701	0.5	89744	629	89430	2133337	23.77
1990-1994	55	0.00855	0.00852	0.5	89115	759	88736	2043908	22.94
1990-1994	56	0.00964	0.00960	0.5	88356	848	87932	1955172	22.13
1990-1994	57	0.01029	0.01024	0.5	87508	896	87060	1867240	21.34
1990-1994	58	0.01228	0.01220	0.5	86612	1057	86084	1780180	20.55
1990-1994	59	0.01305	0.01296	0.5	85555	1109	85001	1694096	19.80
1990-1994	60	0.01402	0.01392	0.5	84446	1176	83858	1609096	19.05
1990-1994	61	0.01527	0.01515	0.5	83270	1262	82639	1525237	18.32
1990-1994	62	0.01744	0.01729	0.5	82008	1418	81299	1442598	17.59
1990-1994	63	0.01909	0.01891	0.5	80590	1524	79828	1361299	16.89
1990-1994	64	0.02100	0.02078	0.5	79066	1643	78245	1281470	16.21
1990-1994	65	0.02114	0.02092	0.5	77423	1620	76613	1203226	15.54
1990-1994	66	0.02507	0.02476	0.5	75803	1877	74865	1126612	14.86
1990-1994	67	0.02559	0.02527	0.5	73926	1868	72992	1051748	14.23
1990-1994	68	0.02921	0.02879	0.5	72058	2074	71021	978756	13.58
1990-1994	69	0.03194	0.03144	0.5	69984	2200	68884	907735	12.97
1990-1994	70	0.03313	0.03259	0.5	67783	2209	66679	838851	12.38
1990-1994	71	0.03730	0.03662	0.5	65574	2401	64374	772173	11.78
1990-1994	72	0.04026	0.03946	0.5	63173	2493	61927	707799	11.20
1990-1994	73	0.04411	0.04316	0.5	60680	2619	59370	645872	10.64
1990-1994	74	0.04873	0.04757	0.5	58061	2762	56680	586502	10.10
1990-1994	75	0.05251	0.05117	0.5	55299	2830	53884	529822	9.58
1990-1994	76	0.05799	0.05636	0.5	52469	2957	50991	475938	9.07
1990-1994	77	0.06188	0.06002	0.5	49512	2972	48026	424947	8.58
1990-1994	78	0.06842	0.06615	0.5	46540	3079	45001	376920	8.10
1990-1994	79	0.07554	0.07279	0.5	43462	3164	41880	331919	7.64
1990-1994	80	0.08435	0.08094	0.5	40298	3262	38667	290039	7.20
1990-1994	81	0.08809	0.08438	0.5	37037	3125	35474	251372	6.79
1990-1994	82	0.09936	0.09466	0.5	33912	3210	32306	215898	6.37
1990-1994	83	0.11172	0.10581	0.5	30701	3249	29077	183592	5.98
1990-1994	84	0.11832	0.11171	0.5	27453	3067	25920	154514	5.63
1990-1994	85	0.13610	0.12743	0.5	24386	3108	22832	128595	5.27
1990-1994	86	0.14662	0.13660	0.5	21279	2907	19825	105762	4.97
1990-1994	87	0.15529	0.14410	0.5	18372	2647	17048	85937	4.68
1990-1994	88	0.17020	0.15685	0.5	15724	2466	14491	68889	4.38
1990-1994	89	0.18616	0.17030	0.5	13258	2258	12129	54398	4.10
1990-1994	90	0.21660	0.19544	0.5	11000	2150	9925	42269	3.84
1990-1994	91	0.21549	0.19453	0.5	8850	1722	7990	32343	3.65
1990-1994	92	0.23785	0.21257	0.5	7129	1515	6371	24354	3.42
1990-1994	93	0.25952	0.22972	0.5	5613	1289	4969	17983	3.20
1990-1994	94	0.28275	0.24773	0.5	4324	1071	3788	13014	3.01
1990-1994	95	0.30465	0.26438	0.5	3253	860	2823	9226	2.84
1990-1994	96	0.32746	0.28139	0.5	2393	673	2056	6403	2.68
1990-1994	97	0.35112	0.29868	0.5	1719	514	1463	4347	2.53
1990-1994	98	0.37553	0.31617	0.5	1206	381	1015	2885	2.39
1990-1994	99	0.40060	0.33375	0.5	825	275	687	1869	2.27
1990-1994	100	0.42619	0.35133	0.5	549	193	453	1182	2.15
1990-1994	101	0.45219	0.36880	0.5	356	131	291	729	2.05
1990-1994	102	0.47845	0.38609	0.5	225	87	182	439	1.95
1990-1994	103	0.50483	0.40308	0.5	138	56	110	257	1.86
1990-1994	104	0.53118	0.41971	0.5	82	35	65	147	1.78
1990-1994	105	0.55736	0.43589	0.5	48	21	37	82	1.71
1990-1994	106	0.58322	0.45155	0.5	27	12	21	44	1.64
1990-1994	107	0.60864	0.46663	0.5	15	7	11	23	1.59
1990-1994	108	0.63348	0.48110	0.5	8	4	6	12	1.53
1990-1994	109	0.65763	0.49490	0.5	4	2	3	6	1.49
1990-1994	110+	0.68099	1.00000	1.47	2	2	3	3	1.47
1995-1999	0	0.00559	0.00556	0.06	100000	556	99477	7500789	75.01
1995-1999	1	0.00038	0.00038	0.5	99444	38	99425	7401312	74.43
1995-1999	2	0.00026	0.00026	0.5	99406	25	99393	7301887	73.46
1995-1999	3	0.00016	0.00016	0.5	99381	16	99373	7202493	72.47
1995-1999	4	0.00017	0.00017	0.5	99365	17	99356	7103120	71.49
1995-1999	5	0.00015	0.00015	0.5	99348	15	99341	7003764	70.50
1995-1999	6	0.00015	0.00015	0.5	99333	15	99326	6904423	69.51
1995-1999	7	0.00012	0.00012	0.5	99319	12	99313	6805097	68.52
1995-1999	8	0.00015	0.00015	0.5	99307	14	99300	6705785	67.53
1995-1999	9	0.00007	0.00007	0.5	99292	7	99289	6606485	66.54
1995-1999	10	0.00011	0.00011	0.5	99286	11	99280	6507196	65.54
1995-1999	11	0.00010	0.00010	0.5	99275	10	99270	6407916	64.55
1995-1999	12	0.00018	0.00018	0.5	99265	18	99256	6308646	63.55
1995-1999	13	0.00018	0.00018	0.5	99247	18	99238	6209390	62.57
1995-1999	14	0.00029	0.00029	0.5	99229	29	99215	6110152	61.58
1995-1999	15	0.00036	0.00036	0.5	99200	35	99183	6010937	60.59
1995-1999	16	0.00055	0.00055	0.5	99165	54	99138	5911755	59.62
1995-1999	17	0.00075	0.00075	0.5	99111	74	99074	5812617	58.65
1995-1999	18	0.00086	0.00086	0.5	99037	85	98994	5713543	57.69
1995-1999	19	0.00096	0.00096	0.5	98952	95	98905	5614548	56.74
1995-1999	20	0.00085	0.00084	0.5	98857	84	98815	5515644	55.79
1995-1999	21	0.00099	0.00099	0.5	98774	97	98725	5416828	54.84
1995-1999	22	0.00105	0.00105	0.5	98676	104	98624	5318104	53.89
1995-1999	23	0.00093	0.00093	0.5	98573	92	98527	5219479	52.95
1995-1999	24	0.00084	0.00084	0.5	98481	82	98439	5120953	52.00
1995-1999	25	0.00087	0.00087	0.5	98398	85	98356	5022513	51.04
1995-1999	26	0.00081	0.00081	0.5	98313	79	98273	4924158	50.09
1995-1999	27	0.00089	0.00089	0.5	98234	87	98190	4825884	49.13
1995-1999	28	0.00105	0.00105	0.5	98146	103	98095	4727694	48.17
1995-1999	29	0.00098	0.00098	0.5	98043	96	97995	4629599	47.22
1995-1999	30	0.00111	0.00111	0.5	97948	109	97893	4531604	46.27
1995-1999	31	0.00133	0.00133	0.5	97839	130	97774	4433711	45.32
1995-1999	32	0.00157	0.00156	0.5	97708	153	97632	4335937	44.38
1995-1999	33	0.00145	0.00145	0.5	97555	142	97485	4238305	43.45
1995-1999	34	0.00160	0.00160	0.5	97414	156	97336	4140821	42.51
1995-1999	35	0.00164	0.00164	0.5	97258	160	97178	4043485	41.57
1995-1999	36	0.00182	0.00182	0.5	97098	176	97010	3946307	40.64
1995-1999	37	0.00187	0.00187	0.5	96922	181	96831	3849297	39.72
1995-1999	38	0.00211	0.00211	0.5	96740	204	96638	3752466	38.79
1995-1999	39	0.00236	0.00235	0.5	96536	227	96423	3655827	37.87
1995-1999	40	0.00240	0.00240	0.5	96309	231	96193	3559405	36.96
1995-1999	41	0.00253	0.00253	0.5	96078	243	95956	3463211	36.05
1995-1999	42	0.00278	0.00278	0.5	95835	266	95702	3367255	35.14
1995-1999	43	0.00290	0.00290	0.5	95569	277	95431	3271553	34.23
1995-1999	44	0.00316	0.00316	0.5	95292	301	95142	3176122	33.33
1995-1999	45	0.00318	0.00318	0.5	94991	302	94841	3080980	32.43
1995-1999	46	0.00361	0.00360	0.5	94690	341	94519	2986140	31.54
1995-1999	47	0.00386	0.00386	0.5	94349	364	94167	2891621	30.65
1995-1999	48	0.00431	0.00430	0.5	93985	404	93783	2797454	29.76
1995-1999	49	0.00439	0.00438	0.5	93581	409	93376	2703671	28.89
1995-1999	50	0.00447	0.00446	0.5	93171	415	92964	2610295	28.02
1995-1999	51	0.00520	0.00518	0.5	92756	481	92516	2517331	27.14
1995-1999	52	0.00563	0.00562	0.5	92275	518	92016	2424815	26.28
1995-1999	53	0.00622	0.00620	0.5	91757	569	91472	2332799	25.42
1995-1999	54	0.00668	0.00665	0.5	91187	607	90884	2241327	24.58
1995-1999	55	0.00740	0.00738	0.5	90581	668	90247	2150443	23.74
1995-1999	56	0.00788	0.00785	0.5	89912	705	89560	2060197	22.91
1995-1999	57	0.00875	0.00871	0.5	89207	777	88819	1970637	22.09
1995-1999	58	0.01003	0.00998	0.5	88430	883	87989	1881818	21.28
1995-1999	59	0.01099	0.01093	0.5	87547	957	87069	1793829	20.49
1995-1999	60	0.01207	0.01199	0.5	86590	1038	86071	1706761	19.71
1995-1999	61	0.01325	0.01316	0.5	85552	1126	84989	1620690	18.94
1995-1999	62	0.01440	0.01429	0.5	84426	1207	83822	1535701	18.19
1995-1999	63	0.01586	0.01573	0.5	83219	1309	82564	1451879	17.45
1995-1999	64	0.01776	0.01760	0.5	81910	1442	81189	1369314	16.72
1995-1999	65	0.01965	0.01946	0.5	80468	1566	79685	1288126	16.01
1995-1999	66	0.02119	0.02097	0.5	78902	1654	78074	1208441	15.32
1995-1999	67	0.02238	0.02213	0.5	77247	1710	76393	1130367	14.63
1995-1999	68	0.02580	0.02547	0.5	75538	1924	74576	1053974	13.95
1995-1999	69	0.02893	0.02851	0.5	73614	2099	72564	979399	13.30
1995-1999	70	0.03124	0.03076	0.5	71515	2199	70415	906834	12.68
1995-1999	71	0.03451	0.03392	0.5	69315	2351	68140	836419	12.07
1995-1999	72	0.03736	0.03668	0.5	66964	2456	65736	768280	11.47
1995-1999	73	0.04051	0.03971	0.5	64508	2561	63227	702544	10.89
1995-1999	74	0.04397	0.04303	0.5	61946	2665	60614	639317	10.32
1995-1999	75	0.04640	0.04535	0.5	59281	2688	57937	578703	9.76
1995-1999	76	0.05064	0.04939	0.5	56593	2795	55195	520766	9.20
1995-1999	77	0.05826	0.05661	0.5	53798	3046	52275	465571	8.65
1995-1999	78	0.06403	0.06204	0.5	50752	3149	49178	413296	8.14
1995-1999	79	0.07247	0.06994	0.5	47603	3329	45939	364118	7.65
1995-1999	80	0.08089	0.07775	0.5	44274	3442	42553	318180	7.19
1995-1999	81	0.08928	0.08547	0.5	40832	3490	39087	275626	6.75
1995-1999	82	0.09680	0.09233	0.5	37342	3448	35618	236539	6.33
1995-1999	83	0.10889	0.10326	0.5	33894	3500	32144	200921	5.93
1995-1999	84	0.11996	0.11317	0.5	30394	3440	28674	168777	5.55
1995-1999	85	0.13610	0.12743	0.5	26955	3435	25237	140102	5.20
1995-1999	86	0.14973	0.13930	0.5	23520	3276	21882	114865	4.88
1995-1999	87	0.15606	0.14477	0.5	20244	2931	18778	92983	4.59
1995-1999	88	0.17097	0.15751	0.5	17313	2727	15949	74205	4.29
1995-1999	89	0.19005	0.17355	0.5	14586	2531	13320	58256	3.99
1995-1999	90	0.21278	0.19232	0.5	12055	2318	10895	44935	3.73
1995-1999	91	0.21925	0.19759	0.5	9736	1924	8774	34040	3.50
1995-1999	92	0.25640	0.22726	0.5	7812	1775	6925	25266	3.23
1995-1999	93	0.28131	0.24662	0.5	6037	1489	5293	18341	3.04
1995-1999	94	0.29738	0.25889	0.5	4548	1177	3959	13049	2.87
1995-1999	95	0.32153	0.27700	0.5	3371	934	2904	9089	2.70
1995-1999	96	0.34668	0.29546	0.5	2437	720	2077	6185	2.54
1995-1999	97	0.37271	0.31416	0.5	1717	539	1447	4108	2.39
1995-1999	98	0.39949	0.33298	0.5	1178	392	981	2661	2.26
1995-1999	99	0.42690	0.35180	0.5	785	276	647	1680	2.14
1995-1999	100	0.45475	0.37051	0.5	509	189	415	1032	2.03
1995-1999	101	0.48290	0.38898	0.5	320	125	258	618	1.93
1995-1999	102	0.51115	0.40711	0.5	196	80	156	359	1.84
1995-1999	103	0.53934	0.42479	0.5	116	49	91	203	1.75
1995-1999	104	0.56727	0.44193	0.5	67	30	52	112	1.68
1995-1999	105	0.59478	0.45845	0.5	37	17	29	60	1.61
1995-1999	106	0.62171	0.47428	0.5	20	10	15	31	1.55
1995-1999	107	0.64791	0.48938	0.5	11	5	8	16	1.49
1995-1999	108	0.67325	0.50370	0.5	5	3	4	8	1.45
1995-1999	109	0.69762	0.51721	0.5	3	1	2	4	1.41
1995-1999	110+	0.72092	1.00000	1.39	1	1	2	2	1.39
2000-2004	0	0.00557	0.00554	0.06	100000	554	99479	7588552	75.89
2000-2004	1	0.00040	0.00040	0.5	99446	39	99426	7489073	75.31
2000-2004	2	0.00022	0.00022	0.5	99406	21	99396	7389647	74.34
2000-2004	3	0.00015	0.00015	0.5	99385	15	99378	7290251	73.35
2000-2004	4	0.00014	0.00014	0.5	99370	14	99363	7190873	72.36
2000-2004	5	0.00013	0.00013	0.5	99356	13	99350	7091510	71.37
2000-2004	6	0.00009	0.00009	0.5	99344	9	99339	6992160	70.38
2000-2004	7	0.00010	0.00010	0.5	99335	10	99330	6892821	69.39
2000-2004	8	0.00011	0.00011	0.5	99325	11	99320	6793491	68.40
2000-2004	9	0.00012	0.00012	0.5	99314	12	99308	6694171	67.40
2000-2004	10	0.00013	0.00013	0.5	99302	13	99296	6594863	66.41
2000-2004	11	0.00013	0.00013	0.5	99289	13	99283	6495567	65.42
2000-2004	12	0.00013	0.00013	0.5	99276	13	99270	6396285	64.43
2000-2004	13	0.00013	0.00013	0.5	99263	13	99257	6297015	63.44
2000-2004	14	0.00021	0.00021	0.5	99250	20	99240	6197758	62.45
2000-2004	15	0.00028	0.00028	0.5	99230	28	99216	6098518	61.46
2000-2004	16	0.00047	0.00047	0.5	99202	46	99179	5999302	60.48
2000-2004	17	0.00062	0.00062	0.5	99155	61	99125	5900124	59.50
2000-2004	18	0.00085	0.00085	0.5	99094	84	99052	5800999	58.54
2000-2004	19	0.00089	0.00089	0.5	99010	88	98965	5701947	57.59
2000-2004	20	0.00086	0.00086	0.5	98921	85	98879	5602982	56.64
2000-2004	21	0.00106	0.00106	0.5	98836	104	98784	5504103	55.69
2000-2004	22	0.00109	0.00109	0.5	98732	108	98678	5405319	54.75
2000-2004	23	0.00105	0.00105	0.5	98624	104	98572	5306641	53.81
2000-2004	24	0.00098	0.00098	0.5	98520	96	98472	5208069	52.86
2000-2004	25	0.00090	0.00090	0.5	98424	88	98380	5109597	51.91
2000-2004	26	0.00100	0.00100	0.5	98336	99	98286	5011217	50.96
2000-2004	27	0.00094	0.00093	0.5	98237	92	98191	4912931	50.01
2000-2004	28	0.00093	0.00093	0.5	98145	91	98100	4814740	49.06
2000-2004	29	0.00115	0.00115	0.5	98054	112	97998	4716640	48.10
2000-2004	30	0.00114	0.00114	0.5	97942	112	97886	4618642	47.16
2000-2004	31	0.00112	0.00111	0.5	97830	109	97776	4520756	46.21
2000-2004	32	0.00107	0.00107	0.5	97721	104	97669	4422980	45.26
2000-2004	33	0.00121	0.00121	0.5	97617	118	97558	4325311	44.31
2000-2004	34	0.00131	0.00131	0.5	97499	127	97435	4227754	43.36
2000-2004	35	0.00150	0.00149	0.5	97371	145	97299	4130319	42.42
2000-2004	36	0.00154	0.00154	0.5	97226	149	97151	4033020	41.48
2000-2004	37	0.00162	0.00162	0.5	97076	157	96998	3935869	40.54
2000-2004	38	0.00202	0.00202	0.5	96919	195	96821	3838871	39.61
2000-2004	39	0.00190	0.00189	0.5	96724	183	96632	3742050	38.69
2000-2004	40	0.00214	0.00214	0.5	96540	206	96437	3645418	37.76
2000-2004	41	0.00220	0.00219	0.5	96334	211	96229	3548981	36.84
2000-2004	42	0.00259	0.00258	0.5	96123	248	95999	3452752	35.92
2000-2004	43	0.00277	0.00277	0.5	95875	265	95742	3356753	35.01
2000-2004	44	0.00328	0.00328	0.5	95609	313	95453	3261011	34.11
2000-2004	45	0.00315	0.00315	0.5	95296	300	95146	3165558	33.22
2000-2004	46	0.00370	0.00369	0.5	94996	351	94821	3070412	32.32
2000-2004	47	0.00396	0.00395	0.5	94645	374	94459	2975591	31.44
2000-2004	48	0.00428	0.00427	0.5	94272	402	94071	2881133	30.56
2000-2004	49	0.00466	0.00465	0.5	93870	436	93651	2787062	29.69
2000-2004	50	0.00491	0.00490	0.5	93433	458	93204	2693411	28.83
2000-2004	51	0.00510	0.00509	0.5	92975	473	92739	2600206	27.97
2000-2004	52	0.00521	0.00519	0.5	92502	480	92262	2507468	27.11
2000-2004	53	0.00619	0.00617	0.5	92022	568	91738	2415206	26.25
2000-2004	54	0.00609	0.00607	0.5	91454	555	91176	2323468	25.41
2000-2004	55	0.00670	0.00668	0.5	90898	607	90595	2232292	24.56
2000-2004	56	0.00713	0.00710	0.5	90291	641	89970	2141697	23.72
2000-2004	57	0.00837	0.00834	0.5	89650	748	89276	2051727	22.89
2000-2004	58	0.00938	0.00934	0.5	88902	830	88487	1962451	22.07
2000-2004	59	0.01021	0.01016	0.5	88072	895	87624	1873964	21.28
2000-2004	60	0.01063	0.01058	0.5	87177	922	86716	1786339	20.49
2000-2004	61	0.01211	0.01203	0.5	86255	1038	85736	1699623	19.70
2000-2004	62	0.01232	0.01225	0.5	85217	1044	84695	1613887	18.94
2000-2004	63	0.01390	0.01380	0.5	84173	1162	83592	1529192	18.17
2000-2004	64	0.01540	0.01528	0.5	83011	1268	82377	1445600	17.41
2000-2004	65	0.01738	0.01723	0.5	81743	1408	81039	1363222	16.68
2000-2004	66	0.01872	0.01855	0.5	80335	1490	79590	1282183	15.96
2000-2004	67	0.02002	0.01982	0.5	78845	1562	78064	1202593	15.25
2000-2004	68	0.02208	0.02184	0.5	77282	1688	76439	1124530	14.55
2000-2004	69	0.02583	0.02550	0.5	75595	1928	74631	1048091	13.86
2000-2004	70	0.02731	0.02695	0.5	73667	1985	72675	973460	13.21
2000-2004	71	0.03053	0.03008	0.5	71682	2156	70604	900786	12.57
2000-2004	72	0.03320	0.03266	0.5	69526	2271	68391	830181	11.94
2000-2004	73	0.03683	0.03616	0.5	67255	2432	66039	761791	11.33
2000-2004	74	0.03970	0.03892	0.5	64823	2523	63562	695751	10.73
2000-2004	75	0.04459	0.04361	0.5	62300	2717	60942	632189	10.15
2000-2004	76	0.04736	0.04626	0.5	59583	2756	58205	571248	9.59
2000-2004	77	0.05357	0.05217	0.5	56827	2965	55344	513043	9.03
2000-2004	78	0.05699	0.05541	0.5	53862	2984	52370	457698	8.50
2000-2004	79	0.06325	0.06131	0.5	50878	3119	49318	405328	7.97
2000-2004	80	0.07265	0.07011	0.5	47758	3348	46084	356010	7.45
2000-2004	81	0.08300	0.07970	0.5	44410	3539	42641	309926	6.98
2000-2004	82	0.08962	0.08578	0.5	40871	3506	39118	267285	6.54
2000-2004	83	0.10088	0.09604	0.5	37365	3589	35571	228167	6.11
2000-2004	84	0.11404	0.10789	0.5	33777	3644	31955	192596	5.70
2000-2004	85	0.12175	0.11476	0.5	30133	3458	28404	160641	5.33
2000-2004	86	0.14190	0.13250	0.5	26674	3534	24907	132238	4.96
2000-2004	87	0.15028	0.13978	0.5	23140	3235	21523	107331	4.64
2000-2004	88	0.16957	0.15632	0.5	19906	3112	18350	85808	4.31
2000-2004	89	0.19319	0.17617	0.5	16794	2959	15315	67458	4.02
2000-2004	90	0.20204	0.18350	0.5	13835	2539	12566	52143	3.77
2000-2004	91	0.22223	0.20001	0.5	11296	2259	10167	39577	3.50
2000-2004	92	0.24843	0.22098	0.5	9037	1997	8039	29411	3.25
2000-2004	93	0.27360	0.24068	0.5	7040	1694	6193	21372	3.04
2000-2004	94	0.29828	0.25956	0.5	5346	1388	4652	15179	2.84
2000-2004	95	0.32418	0.27896	0.5	3958	1104	3406	10527	2.66
2000-2004	96	0.35121	0.29875	0.5	2854	853	2428	7121	2.50
2000-2004	97	0.37923	0.31878	0.5	2001	638	1682	4694	2.35
2000-2004	98	0.40808	0.33892	0.5	1363	462	1132	3011	2.21
2000-2004	99	0.43757	0.35902	0.5	901	324	739	1879	2.08
2000-2004	100	0.46752	0.37894	0.5	578	219	468	1139	1.97
2000-2004	101	0.49769	0.39852	0.5	359	143	287	671	1.87
2000-2004	102	0.52789	0.41765	0.5	216	90	171	384	1.78
2000-2004	103	0.55788	0.43621	0.5	126	55	98	213	1.70
2000-2004	104	0.58746	0.45408	0.5	71	32	55	115	1.62
2000-2004	105	0.61642	0.47119	0.5	39	18	30	60	1.56
2000-2004	106	0.64458	0.48747	0.5	20	10	15	31	1.50
2000-2004	107	0.67177	0.50286	0.5	10	5	8	15	1.44
2000-2004	108	0.69785	0.51734	0.5	5	3	4	7	1.40
2000-2004	109	0.72272	0.53088	0.5	3	1	2	3	1.36
2000-2004	110+	0.74628	1.00000	1.34	1	1	2	2	1.34
2005-2009	0	0.00560	0.00557	0.06	100000	557	99477	7729509	77.30
2005-2009	1	0.00028	0.00028	0.5	99443	28	99429	7630032	76.73
2005-2009	2	0.00016	0.00016	0.5	99415	16	99407	7530603	75.75
2005-2009	3	0.00016	0.00016	0.5	99399	16	99391	7431196	74.76
2005-2009	4	0.00010	0.00010	0.5	99383	10	99378	7331805	73.77
2005-2009	5	0.00010	0.00010	0.5	99373	10	99368	7232427	72.78
2005-2009	6	0.00012	0.00012	0.5	99363	12	99357	7133059	71.79
2005-2009	7	0.00006	0.00006	0.5	99351	6	99348	7033702	70.80
2005-2009	8	0.00009	0.00009	0.5	99345	9	99340	6934354	69.80
2005-2009	9	0.00008	0.00008	0.5	99336	7	99332	6835014	68.81
2005-2009	10	0.00014	0.00014	0.5	99329	14	99321	6735681	67.81
2005-2009	11	0.00009	0.00009	0.5	99314	9	99310	6636360	66.82
2005-2009	12	0.00008	0.00008	0.5	99306	8	99302	6537050	65.83
2005-2009	13	0.00012	0.00012	0.5	99297	12	99291	6437748	64.83
2005-2009	14	0.00015	0.00015	0.5	99285	15	99277	6338457	63.84
2005-2009	15	0.00020	0.00020	0.5	99270	20	99260	6239180	62.85
2005-2009	16	0.00036	0.00036	0.5	99250	36	99232	6139920	61.86
2005-2009	17	0.00052	0.00052	0.5	99214	52	99188	6040688	60.89
2005-2009	18	0.00066	0.00066	0.5	99162	65	99129	5941500	59.92
2005-2009	19	0.00068	0.00068	0.5	99097	67	99063	5842371	58.96
2005-2009	20	0.00085	0.00084	0.5	99030	84	98988	5743308	58.00
2005-2009	21	0.00099	0.00099	0.5	98946	98	98897	5644320	57.04
2005-2009	22	0.00108	0.00108	0.5	98848	107	98795	5545422	56.10
2005-2009	23	0.00104	0.00104	0.5	98742	103	98690	5446627	55.16
2005-2009	24	0.00117	0.00117	0.5	98639	115	98581	5347937	54.22
2005-2009	25	0.00104	0.00104	0.5	98524	102	98473	5249356	53.28
2005-2009	26	0.00113	0.00113	0.5	98421	112	98366	5150883	52.34
2005-2009	27	0.00115	0.00115	0.5	98310	113	98253	5052518	51.39
2005-2009	28	0.00105	0.00105	0.5	98197	103	98146	4954264	50.45
2005-2009	29	0.00100	0.00100	0.5	98094	98	98046	4856118	49.50
2005-2009	30	0.00101	0.00101	0.5	97997	99	97947	4758073	48.55
2005-2009	31	0.00122	0.00122	0.5	97897	120	97838	4660126	47.60
2005-2009	32	0.00107	0.00107	0.5	97778	104	97725	4562288	46.66
2005-2009	33	0.00120	0.00120	0.5	97673	117	97615	4464563	45.71
2005-2009	34	0.00119	0.00119	0.5	97556	116	97498	4366948	44.76
2005-2009	35	0.00130	0.00130	0.5	97440	127	97376	4269450	43.82
2005-2009	36	0.00142	0.00142	0.5	97313	138	97244	4172074	42.87
2005-2009	37	0.00145	0.00145	0.5	97175	141	97105	4074830	41.93
2005-2009	38	0.00158	0.00158	0.5	97034	154	96957	3977725	40.99
2005-2009	39	0.00184	0.00183	0.5	96881	178	96792	3880768	40.06
2005-2009	40	0.00186	0.00186	0.5	96703	180	96613	3783976	39.13
2005-2009	41	0.00205	0.00204	0.5	96523	197	96424	3687363	38.20
2005-2009	42	0.00219	0.00218	0.5	96326	210	96220	3590939	37.28
2005-2009	43	0.00229	0.00229	0.5	96115	220	96005	3494718	36.36
2005-2009	44	0.00275	0.00274	0.5	95895	263	95763	3398713	35.44
2005-2009	45	0.00296	0.00296	0.5	95632	283	95491	3302950	34.54
2005-2009	46	0.00301	0.00301	0.5	95349	287	95206	3207459	33.64
2005-2009	47	0.00331	0.00330	0.5	95063	314	94906	3112253	32.74
2005-2009	48	0.00387	0.00386	0.5	94749	366	94566	3017347	31.85
2005-2009	49	0.00409	0.00408	0.5	94383	385	94190	2922782	30.97
2005-2009	50	0.00427	0.00426	0.5	93998	400	93798	2828591	30.09
2005-2009	51	0.00464	0.00463	0.5	93598	433	93381	2734794	29.22
2005-2009	52	0.00548	0.00546	0.5	93165	509	92910	2641412	28.35
2005-2009	53	0.00576	0.00574	0.5	92656	532	92390	2548502	27.51
2005-2009	54	0.00594	0.00592	0.5	92124	546	91851	2456113	26.66
2005-2009	55	0.00677	0.00674	0.5	91578	618	91269	2364262	25.82
2005-2009	56	0.00704	0.00702	0.5	90960	638	90641	2272993	24.99
2005-2009	57	0.00734	0.00731	0.5	90322	660	89992	2182352	24.16
2005-2009	58	0.00853	0.00849	0.5	89662	761	89281	2092360	23.34
2005-2009	59	0.00844	0.00840	0.5	88901	747	88527	2003079	22.53
2005-2009	60	0.00927	0.00922	0.5	88153	813	87747	1914552	21.72
2005-2009	61	0.00999	0.00994	0.5	87340	868	86906	1826805	20.92
2005-2009	62	0.01082	0.01076	0.5	86472	930	86007	1739898	20.12
2005-2009	63	0.01247	0.01240	0.5	85542	1061	85012	1653891	19.33
2005-2009	64	0.01338	0.01329	0.5	84482	1123	83920	1568879	18.57
2005-2009	65	0.01406	0.01396	0.5	83359	1164	82777	1484959	17.81
2005-2009	66	0.01598	0.01585	0.5	82195	1303	81543	1402182	17.06
2005-2009	67	0.01752	0.01737	0.5	80892	1405	80189	1320639	16.33
2005-2009	68	0.01931	0.01913	0.5	79487	1520	78726	1240450	15.61
2005-2009	69	0.02071	0.02050	0.5	77966	1598	77167	1161723	14.90
2005-2009	70	0.02369	0.02342	0.5	76368	1788	75474	1084556	14.20
2005-2009	71	0.02495	0.02464	0.5	74580	1838	73661	1009082	13.53
2005-2009	72	0.02766	0.02728	0.5	72742	1985	71750	935420	12.86
2005-2009	73	0.03072	0.03025	0.5	70758	2141	69687	863670	12.21
2005-2009	74	0.03338	0.03284	0.5	68617	2253	67490	793983	11.57
2005-2009	75	0.03651	0.03586	0.5	66364	2380	65174	726492	10.95
2005-2009	76	0.04022	0.03943	0.5	63984	2523	62723	661318	10.34
2005-2009	77	0.04489	0.04390	0.5	61462	2698	60112	598595	9.74
2005-2009	78	0.05124	0.04996	0.5	58763	2936	57295	538483	9.16
2005-2009	79	0.05758	0.05597	0.5	55827	3125	54265	481188	8.62
2005-2009	80	0.06064	0.05885	0.5	52703	3102	51152	426922	8.10
2005-2009	81	0.06932	0.06700	0.5	49601	3323	47940	375770	7.58
2005-2009	82	0.07551	0.07276	0.5	46278	3367	44594	327831	7.08
2005-2009	83	0.08561	0.08210	0.5	42911	3523	41149	283237	6.60
2005-2009	84	0.09262	0.08852	0.5	39388	3486	37644	242087	6.15
2005-2009	85	0.10944	0.10376	0.5	35901	3725	34039	204443	5.69
2005-2009	86	0.12319	0.11604	0.5	32176	3734	30309	170404	5.30
2005-2009	87	0.13392	0.12552	0.5	28442	3570	26657	140095	4.93
2005-2009	88	0.15235	0.14156	0.5	24872	3521	23112	113437	4.56
2005-2009	89	0.17106	0.15758	0.5	21351	3365	19669	90326	4.23
2005-2009	90	0.19070	0.17410	0.5	17987	3132	16421	70657	3.93
2005-2009	91	0.21009	0.19012	0.5	14855	2824	13443	54235	3.65
2005-2009	92	0.22645	0.20342	0.5	12031	2447	10807	40792	3.39
2005-2009	93	0.26272	0.23221	0.5	9584	2225	8471	29985	3.13
2005-2009	94	0.28348	0.24829	0.5	7358	1827	6445	21514	2.92
2005-2009	95	0.31078	0.26898	0.5	5531	1488	4787	15069	2.72
2005-2009	96	0.33946	0.29020	0.5	4043	1173	3457	10282	2.54
2005-2009	97	0.36937	0.31179	0.5	2870	895	2423	6825	2.38
2005-2009	98	0.40032	0.33356	0.5	1975	659	1646	4403	2.23
2005-2009	99	0.43209	0.35532	0.5	1316	468	1082	2757	2.09
2005-2009	100	0.46443	0.37690	0.5	849	320	689	1674	1.97
2005-2009	101	0.49706	0.39812	0.5	529	211	424	986	1.86
2005-2009	102	0.52973	0.41880	0.5	318	133	252	562	1.77
2005-2009	103	0.56214	0.43880	0.5	185	81	144	311	1.68
2005-2009	104	0.59402	0.45799	0.5	104	48	80	166	1.60
2005-2009	105	0.62514	0.47627	0.5	56	27	43	86	1.53
2005-2009	106	0.65525	0.49355	0.5	29	15	22	43	1.47
2005-2009	107	0.68417	0.50978	0.5	15	8	11	21	1.42
2005-2009	108	0.71173	0.52493	0.5	7	4	5	10	1.37
2005-2009	109	0.73780	0.53897	0.5	3	2	3	5	1.34
2005-2009	110+	0.76231	1.00000	1.31	2	2	2	2	1.31
2010-2014	0	0.00477	0.00475	0.06	100000	475	99552	7819368	78.19
2010-2014	1	0.00027	0.00027	0.5	99525	27	99511	7719816	77.57
2010-2014	2	0.00017	0.00017	0.5	99498	17	99489	7620305	76.59
2010-2014	3	0.00012	0.00012	0.5	99481	12	99474	7520816	75.60
2010-2014	4	0.00010	0.00010	0.5	99468	10	99463	7421341	74.61
2010-2014	5	0.00008	0.00008	0.5	99458	8	99454	7321878	73.62
2010-2014	6	0.00008	0.00008	0.5	99450	8	99446	7222424	72.62
2010-2014	7	0.00009	0.00009	0.5	99442	9	99438	7122978	71.63
2010-2014	8	0.00010	0.00010	0.5	99433	10	99428	7023540	70.64
2010-2014	9	0.00010	0.00010	0.5	99424	10	99419	6924112	69.64
2010-2014	10	0.00010	0.00010	0.5	99414	10	99408	6824693	68.65
2010-2014	11	0.00008	0.00008	0.5	99403	8	99399	6725285	67.66
2010-2014	12	0.00012	0.00012	0.5	99395	12	99389	6625886	66.66
2010-2014	13	0.00008	0.00008	0.5	99383	8	99379	6526497	65.67
2010-2014	14	0.00013	0.00013	0.5	99374	13	99368	6427119	64.68
2010-2014	15	0.00016	0.00016	0.5	99362	16	99354	6327751	63.68
2010-2014	16	0.00030	0.00030	0.5	99345	30	99331	6228397	62.69
2010-2014	17	0.00039	0.00039	0.5	99316	39	99296	6129066	61.71
2010-2014	18	0.00060	0.00060	0.5	99277	59	99247	6029770	60.74
2010-2014	19	0.00057	0.00057	0.5	99218	56	99190	5930523	59.77
2010-2014	20	0.00068	0.00068	0.5	99161	67	99128	5831333	58.81
2010-2014	21	0.00085	0.00085	0.5	99094	84	99052	5732205	57.85
2010-2014	22	0.00092	0.00092	0.5	99010	91	98965	5633153	56.89
2010-2014	23	0.00114	0.00114	0.5	98919	112	98863	5534188	55.95
2010-2014	24	0.00117	0.00117	0.5	98807	116	98749	5435325	55.01
2010-2014	25	0.00111	0.00111	0.5	98691	109	98637	5336576	54.07
2010-2014	26	0.00113	0.00113	0.5	98582	112	98526	5237940	53.13
2010-2014	27	0.00112	0.00112	0.5	98470	111	98415	5139413	52.19
2010-2014	28	0.00120	0.00120	0.5	98360	118	98301	5040998	51.25
2010-2014	29	0.00125	0.00125	0.5	98242	122	98181	4942697	50.31
2010-2014	30	0.00132	0.00132	0.5	98119	129	98055	4844517	49.37
2010-2014	31	0.00138	0.00138	0.5	97990	135	97923	4746462	48.44
2010-2014	32	0.00132	0.00132	0.5	97855	129	97791	4648540	47.50
2010-2014	33	0.00134	0.00134	0.5	97726	131	97661	4550749	46.57
2010-2014	34	0.00141	0.00141	0.5	97596	138	97527	4453088	45.63
2010-2014	35	0.00137	0.00137	0.5	97458	133	97391	4355561	44.69
2010-2014	36	0.00135	0.00135	0.5	97324	132	97258	4258170	43.75
2010-2014	37	0.00139	0.00139	0.5	97193	135	97125	4160912	42.81
2010-2014	38	0.00159	0.00159	0.5	97057	154	96980	4063787	41.87
2010-2014	39	0.00163	0.00163	0.5	96903	158	96824	3966807	40.94
2010-2014	40	0.00173	0.00173	0.5	96745	167	96662	3869983	40.00
2010-2014	41	0.00178	0.00178	0.5	96578	172	96492	3773321	39.07
2010-2014	42	0.00209	0.00209	0.5	96407	202	96306	3676829	38.14
2010-2014	43	0.00210	0.00209	0.5	96205	201	96104	3580523	37.22
2010-2014	44	0.00260	0.00259	0.5	96003	249	95879	3484419	36.29
2010-2014	45	0.00252	0.00251	0.5	95755	241	95634	3388540	35.39
2010-2014	46	0.00301	0.00300	0.5	95514	287	95370	3292906	34.48
2010-2014	47	0.00301	0.00300	0.5	95227	286	95084	3197536	33.58
2010-2014	48	0.00348	0.00348	0.5	94941	330	94776	3102452	32.68
2010-2014	49	0.00401	0.00400	0.5	94611	379	94422	3007676	31.79
2010-2014	50	0.00454	0.00452	0.5	94232	426	94019	2913254	30.92
2010-2014	51	0.00453	0.00452	0.5	93806	424	93594	2819235	30.05
2010-2014	52	0.00498	0.00497	0.5	93382	464	93150	2725641	29.19
2010-2014	53	0.00531	0.00530	0.5	92918	492	92672	2632491	28.33
2010-2014	54	0.00546	0.00544	0.5	92426	503	92175	2539819	27.48
2010-2014	55	0.00601	0.00599	0.5	91923	550	91648	2447645	26.63
2010-2014	56	0.00654	0.00652	0.5	91373	596	91075	2355997	25.78
2010-2014	57	0.00726	0.00724	0.5	90777	657	90448	2264922	24.95
2010-2014	58	0.00812	0.00809	0.5	90120	729	89755	2174474	24.13
2010-2014	59	0.00863	0.00859	0.5	89391	768	89007	2084718	23.32
2010-2014	60	0.00879	0.00875	0.5	88623	776	88235	1995712	22.52
2010-2014	61	0.00968	0.00963	0.5	87847	846	87424	1907477	21.71
2010-2014	62	0.01030	0.01025	0.5	87001	892	86555	1820053	20.92
2010-2014	63	0.01117	0.01110	0.5	86109	956	85631	1733498	20.13
2010-2014	64	0.01196	0.01189	0.5	85153	1013	84646	1647868	19.35
2010-2014	65	0.01258	0.01250	0.5	84140	1052	83614	1563221	18.58
2010-2014	66	0.01413	0.01403	0.5	83088	1166	82506	1479607	17.81
2010-2014	67	0.01553	0.01541	0.5	81923	1263	81291	1397101	17.05
2010-2014	68	0.01716	0.01701	0.5	80660	1372	79974	1315810	16.31
2010-2014	69	0.01925	0.01907	0.5	79288	1512	78532	1235836	15.59
2010-2014	70	0.02088	0.02067	0.5	77776	1608	76972	1157304	14.88
2010-2014	71	0.02244	0.02219	0.5	76169	1690	75323	1080331	14.18
2010-2014	72	0.02500	0.02469	0.5	74478	1839	73559	1005008	13.49
2010-2014	73	0.02677	0.02641	0.5	72639	1919	71680	931449	12.82
2010-2014	74	0.02927	0.02885	0.5	70721	2040	69700	859769	12.16
2010-2014	75	0.03272	0.03219	0.5	68680	2211	67575	790069	11.50
2010-2014	76	0.03660	0.03595	0.5	66469	2389	65275	722494	10.87
2010-2014	77	0.04041	0.03961	0.5	64080	2538	62811	657219	10.26
2010-2014	78	0.04489	0.04391	0.5	61542	2702	60191	594409	9.66
2010-2014	79	0.04937	0.04818	0.5	58840	2835	57422	534218	9.08
2010-2014	80	0.05467	0.05322	0.5	56005	2980	54515	476796	8.51
2010-2014	81	0.06385	0.06187	0.5	53024	3281	51384	422281	7.96
2010-2014	82	0.07095	0.06852	0.5	49744	3408	48040	370897	7.46
2010-2014	83	0.07673	0.07390	0.5	46335	3424	44623	322858	6.97
2010-2014	84	0.08613	0.08257	0.5	42911	3543	41140	278234	6.48
2010-2014	85	0.09453	0.09027	0.5	39368	3554	37591	237095	6.02
2010-2014	86	0.10999	0.10426	0.5	35814	3734	33948	199503	5.57
2010-2014	87	0.12710	0.11951	0.5	32081	3834	30164	165556	5.16
2010-2014	88	0.14086	0.13159	0.5	28247	3717	26388	135392	4.79
2010-2014	89	0.15519	0.14401	0.5	24530	3533	22763	109004	4.44
2010-2014	90	0.17392	0.16001	0.5	20997	3360	19317	86241	4.11
2010-2014	91	0.19474	0.17746	0.5	17637	3130	16072	66923	3.79
2010-2014	92	0.22218	0.19997	0.5	14508	2901	13057	50851	3.51
2010-2014	93	0.24421	0.21764	0.5	11606	2526	10343	37794	3.26
2010-2014	94	0.27331	0.24045	0.5	9080	2183	7989	27450	3.02
2010-2014	95	0.29587	0.25774	0.5	6897	1778	6008	19462	2.82
2010-2014	96	0.32447	0.27918	0.5	5119	1429	4405	13453	2.63
2010-2014	97	0.35443	0.30108	0.5	3690	1111	3135	9049	2.45
2010-2014	98	0.38559	0.32326	0.5	2579	834	2162	5914	2.29
2010-2014	99	0.41771	0.34554	0.5	1745	603	1444	3752	2.15
2010-2014	100	0.45054	0.36771	0.5	1142	420	932	2308	2.02
2010-2014	101	0.48381	0.38957	0.5	722	281	582	1375	1.90
2010-2014	102	0.51723	0.41095	0.5	441	181	350	794	1.80
2010-2014	103	0.55049	0.43167	0.5	260	112	204	444	1.71
2010-2014	104	0.58330	0.45159	0.5	148	67	114	240	1.63
2010-2014	105	0.61540	0.47060	0.5	81	38	62	126	1.55
2010-2014	106	0.64652	0.48858	0.5	43	21	32	64	1.49
2010-2014	107	0.67644	0.50548	0.5	22	11	16	31	1.43
2010-2014	108	0.70499	0.52125	0.5	11	6	8	15	1.38
2010-2014	109	0.73202	0.53588	0.5	5	3	4	7	1.34
2010-2014	110+	0.75742	1.00000	1.32	2	2	3	3	1.32
2015-2019	0	0.00428	0.00426	0.06	100000	426	99598	7788203	77.88
2015-2019	1	0.00023	0.00023	0.5	99574	23	99562	7688605	77.22
2015-2019	2	0.00016	0.00016	0.5	99551	16	99543	7589043	76.23
2015-2019	3	0.00013	0.00013	0.5	99535	13	99528	7489500	75.24
2015-2019	4	0.00012	0.00012	0.5	99522	12	99516	7389971	74.25
2015-2019	5	0.00009	0.00009	0.5	99510	8	99505	7290456	73.26
2015-2019	6	0.00012	0.00012	0.5	99501	12	99495	7190951	72.27
2015-2019	7	0.00009	0.00009	0.5	99489	9	99485	7091455	71.28
2015-2019	8	0.00010	0.00010	0.5	99480	10	99475	6991971	70.29
2015-2019	9	0.00010	0.00010	0.5	99470	10	99465	6892496	69.29
2015-2019	10	0.00008	0.00008	0.5	99460	8	99456	6793030	68.30
2015-2019	11	0.00010	0.00010	0.5	99452	10	99447	6693574	67.30
2015-2019	12	0.00008	0.00008	0.5	99443	8	99439	6594127	66.31
2015-2019	13	0.00012	0.00012	0.5	99435	12	99428	6494688	65.32
2015-2019	14	0.00015	0.00015	0.5	99422	15	99415	6395260	64.32
2015-2019	15	0.00021	0.00021	0.5	99407	21	99397	6295845	63.33
2015-2019	16	0.00028	0.00028	0.5	99386	27	99372	6196449	62.35
2015-2019	17	0.00041	0.00041	0.5	99359	41	99338	6097076	61.36
2015-2019	18	0.00045	0.00045	0.5	99318	44	99296	5997738	60.39
2015-2019	19	0.00060	0.00060	0.5	99274	59	99244	5898442	59.42
2015-2019	20	0.00061	0.00061	0.5	99215	60	99184	5799198	58.45
2015-2019	21	0.00090	0.00090	0.5	99154	89	99110	5700013	57.49
2015-2019	22	0.00104	0.00104	0.5	99065	103	99014	5600904	56.54
2015-2019	23	0.00125	0.00125	0.5	98962	124	98900	5501890	55.60
2015-2019	24	0.00138	0.00138	0.5	98838	136	98770	5402989	54.66
2015-2019	25	0.00144	0.00144	0.5	98702	143	98631	5304219	53.74
2015-2019	26	0.00155	0.00155	0.5	98560	153	98483	5205588	52.82
2015-2019	27	0.00175	0.00175	0.5	98407	172	98321	5107105	51.90
2015-2019	28	0.00183	0.00182	0.5	98234	179	98145	5008785	50.99
2015-2019	29	0.00186	0.00186	0.5	98055	182	97964	4910640	50.08
2015-2019	30	0.00188	0.00188	0.5	97873	184	97781	4812676	49.17
2015-2019	31	0.00173	0.00172	0.5	97689	168	97605	4714895	48.26
2015-2019	32	0.00198	0.00198	0.5	97521	193	97424	4617290	47.35
2015-2019	33	0.00217	0.00217	0.5	97327	211	97222	4519866	46.44
2015-2019	34	0.00204	0.00204	0.5	97116	198	97017	4422644	45.54
2015-2019	35	0.00210	0.00210	0.5	96918	204	96816	4325627	44.63
2015-2019	36	0.00199	0.00198	0.5	96715	192	96619	4228810	43.72
2015-2019	37	0.00218	0.00218	0.5	96523	210	96417	4132192	42.81
2015-2019	38	0.00218	0.00218	0.5	96312	210	96207	4035774	41.90
2015-2019	39	0.00248	0.00247	0.5	96103	238	95984	3939567	40.99
2015-2019	40	0.00216	0.00216	0.5	95865	207	95762	3843583	40.09
2015-2019	41	0.00239	0.00238	0.5	95658	228	95544	3747821	39.18
2015-2019	42	0.00247	0.00247	0.5	95430	236	95312	3652277	38.27
2015-2019	43	0.00258	0.00257	0.5	95194	245	95072	3556965	37.37
2015-2019	44	0.00284	0.00283	0.5	94949	269	94815	3461893	36.46
2015-2019	45	0.00268	0.00268	0.5	94680	253	94554	3367078	35.56
2015-2019	46	0.00298	0.00298	0.5	94427	281	94286	3272524	34.66
2015-2019	47	0.00331	0.00331	0.5	94146	311	93990	3178238	33.76
2015-2019	48	0.00359	0.00359	0.5	93834	337	93666	3084248	32.87
2015-2019	49	0.00373	0.00372	0.5	93498	348	93324	2990582	31.99
2015-2019	50	0.00441	0.00440	0.5	93150	410	92945	2897258	31.10
2015-2019	51	0.00462	0.00461	0.5	92740	428	92526	2804313	30.24
2015-2019	52	0.00496	0.00494	0.5	92312	456	92084	2711788	29.38
2015-2019	53	0.00534	0.00533	0.5	91855	489	91611	2619704	28.52
2015-2019	54	0.00594	0.00593	0.5	91366	541	91095	2528093	27.67
2015-2019	55	0.00612	0.00610	0.5	90825	554	90548	2436998	26.83
2015-2019	56	0.00651	0.00649	0.5	90270	586	89977	2346450	25.99
2015-2019	57	0.00714	0.00712	0.5	89684	638	89365	2256473	25.16
2015-2019	58	0.00774	0.00771	0.5	89046	686	88703	2167108	24.34
2015-2019	59	0.00855	0.00852	0.5	88360	752	87983	2078405	23.52
2015-2019	60	0.00896	0.00892	0.5	87607	781	87216	1990422	22.72
2015-2019	61	0.00965	0.00960	0.5	86826	834	86409	1903206	21.92
2015-2019	62	0.01026	0.01021	0.5	85992	878	85553	1816797	21.13
2015-2019	63	0.01172	0.01165	0.5	85114	992	84618	1731244	20.34
2015-2019	64	0.01213	0.01206	0.5	84122	1015	83615	1646625	19.57
2015-2019	65	0.01331	0.01322	0.5	83108	1099	82559	1563010	18.81
2015-2019	66	0.01444	0.01434	0.5	82009	1176	81421	1480452	18.05
2015-2019	67	0.01455	0.01444	0.5	80834	1168	80250	1399030	17.31
2015-2019	68	0.01612	0.01599	0.5	79666	1274	79029	1318780	16.55
2015-2019	69	0.01757	0.01741	0.5	78392	1365	77709	1239751	15.81
2015-2019	70	0.01911	0.01893	0.5	77027	1458	76298	1162042	15.09
2015-2019	71	0.02134	0.02111	0.5	75569	1596	74771	1085744	14.37
2015-2019	72	0.02422	0.02393	0.5	73973	1770	73088	1010974	13.67
2015-2019	73	0.02572	0.02540	0.5	72203	1834	71286	937886	12.99
2015-2019	74	0.02909	0.02867	0.5	70369	2017	69360	866600	12.32
2015-2019	75	0.03214	0.03163	0.5	68352	2162	67271	797239	11.66
2015-2019	76	0.03566	0.03503	0.5	66190	2319	65030	729968	11.03
2015-2019	77	0.03891	0.03817	0.5	63871	2438	62652	664938	10.41
2015-2019	78	0.04302	0.04212	0.5	61433	2587	60139	602286	9.80
2015-2019	79	0.04907	0.04789	0.5	58846	2818	57436	542147	9.21
2015-2019	80	0.05582	0.05431	0.5	56027	3043	54506	484710	8.65
2015-2019	81	0.06221	0.06033	0.5	52985	3197	51386	430204	8.12
2015-2019	82	0.06712	0.06494	0.5	49788	3233	48172	378818	7.61
2015-2019	83	0.07519	0.07246	0.5	46555	3374	44868	330646	7.10
2015-2019	84	0.08351	0.08016	0.5	43182	3462	41451	285778	6.62
2015-2019	85	0.09353	0.08935	0.5	39720	3549	37945	244327	6.15
2015-2019	86	0.10398	0.09884	0.5	36171	3575	34383	206382	5.71
2015-2019	87	0.12178	0.11479	0.5	32596	3742	30725	171998	5.28
2015-2019	88	0.13145	0.12335	0.5	28854	3559	27074	141274	4.90
2015-2019	89	0.15037	0.13985	0.5	25295	3538	23526	114199	4.51
2015-2019	90	0.16639	0.15361	0.5	21757	3342	20086	90673	4.17
2015-2019	91	0.19445	0.17722	0.5	18415	3264	16783	70587	3.83
2015-2019	92	0.21596	0.19491	0.5	15152	2953	13675	53804	3.55
2015-2019	93	0.23252	0.20830	0.5	12198	2541	10928	40129	3.29
2015-2019	94	0.28037	0.24590	0.5	9657	2375	8470	29201	3.02
2015-2019	95	0.29199	0.25479	0.5	7283	1856	6355	20731	2.85
2015-2019	96	0.32068	0.27636	0.5	5427	1500	4677	14376	2.65
2015-2019	97	0.35078	0.29844	0.5	3927	1172	3341	9699	2.47
2015-2019	98	0.38212	0.32083	0.5	2755	884	2313	6357	2.31
2015-2019	99	0.41448	0.34333	0.5	1871	642	1550	4044	2.16
2015-2019	100	0.44759	0.36574	0.5	1229	449	1004	2494	2.03
2015-2019	101	0.48117	0.38786	0.5	779	302	628	1490	1.91
2015-2019	102	0.51492	0.40949	0.5	477	195	379	862	1.81
2015-2019	103	0.54854	0.43047	0.5	282	121	221	482	1.71
2015-2019	104	0.58172	0.45064	0.5	160	72	124	261	1.63
2015-2019	105	0.61417	0.46988	0.5	88	41	67	137	1.55
2015-2019	106	0.64565	0.48808	0.5	47	23	35	70	1.49
2015-2019	107	0.67591	0.50518	0.5	24	12	18	34	1.43
2015-2019	108	0.70476	0.52113	0.5	12	6	9	16	1.38
2015-2019	109	0.73207	0.53591	0.5	6	3	4	8	1.34
2015-2019	110+	0.75772	1.00000	1.32	3	3	3	3	1.32
