GA: Georgia, Lifetables (period 1x5), Males Last modified: 20 Dec 2020, MPv5 (May07) 

Year     	Age	mx	qx	ax	lx	dx	Lx	Tx	ex
1960-1964	0	0.03544	0.03439	0.14	100000	3439	97043	6425290	64.25
1960-1964	1	0.00222	0.00222	0.5	96561	214	96454	6328247	65.54
1960-1964	2	0.00136	0.00136	0.5	96347	131	96282	6231793	64.68
1960-1964	3	0.00106	0.00106	0.5	96216	102	96165	6135511	63.77
1960-1964	4	0.00078	0.00077	0.5	96114	74	96077	6039346	62.84
1960-1964	5	0.00067	0.00067	0.5	96039	65	96007	5943270	61.88
1960-1964	6	0.00066	0.00066	0.5	95975	64	95943	5847263	60.93
1960-1964	7	0.00053	0.00053	0.5	95911	50	95886	5751320	59.97
1960-1964	8	0.00054	0.00054	0.5	95860	52	95835	5655434	59.00
1960-1964	9	0.00046	0.00046	0.5	95809	44	95787	5559600	58.03
1960-1964	10	0.00048	0.00048	0.5	95764	46	95742	5463813	57.05
1960-1964	11	0.00053	0.00053	0.5	95719	51	95694	5368072	56.08
1960-1964	12	0.00055	0.00055	0.5	95668	53	95642	5272378	55.11
1960-1964	13	0.00076	0.00076	0.5	95615	72	95579	5176736	54.14
1960-1964	14	0.00085	0.00085	0.5	95543	81	95502	5081157	53.18
1960-1964	15	0.00106	0.00106	0.5	95462	101	95411	4985655	52.23
1960-1964	16	0.00126	0.00126	0.5	95361	120	95301	4890244	51.28
1960-1964	17	0.00154	0.00154	0.5	95241	146	95168	4794943	50.35
1960-1964	18	0.00196	0.00196	0.5	95094	186	95001	4699775	49.42
1960-1964	19	0.00183	0.00183	0.5	94908	173	94822	4604774	48.52
1960-1964	20	0.00189	0.00189	0.5	94735	179	94645	4509952	47.61
1960-1964	21	0.00191	0.00190	0.5	94556	180	94466	4415307	46.70
1960-1964	22	0.00225	0.00224	0.5	94376	212	94270	4320842	45.78
1960-1964	23	0.00226	0.00226	0.5	94164	212	94058	4226572	44.89
1960-1964	24	0.00218	0.00217	0.5	93951	204	93849	4132514	43.99
1960-1964	25	0.00219	0.00219	0.5	93747	205	93645	4038665	43.08
1960-1964	26	0.00223	0.00223	0.5	93542	208	93438	3945020	42.17
1960-1964	27	0.00252	0.00251	0.5	93334	235	93216	3851582	41.27
1960-1964	28	0.00237	0.00237	0.5	93099	221	92989	3758366	40.37
1960-1964	29	0.00251	0.00251	0.5	92878	233	92762	3665377	39.46
1960-1964	30	0.00254	0.00253	0.5	92645	235	92528	3572616	38.56
1960-1964	31	0.00256	0.00256	0.5	92410	237	92292	3480088	37.66
1960-1964	32	0.00296	0.00296	0.5	92174	273	92037	3387796	36.75
1960-1964	33	0.00303	0.00302	0.5	91901	278	91762	3295758	35.86
1960-1964	34	0.00324	0.00324	0.5	91623	297	91475	3203996	34.97
1960-1964	35	0.00346	0.00346	0.5	91327	316	91169	3112521	34.08
1960-1964	36	0.00368	0.00367	0.5	91011	334	90844	3021352	33.20
1960-1964	37	0.00428	0.00427	0.5	90677	387	90483	2930508	32.32
1960-1964	38	0.00462	0.00461	0.5	90290	416	90082	2840025	31.45
1960-1964	39	0.00467	0.00466	0.5	89874	419	89664	2749943	30.60
1960-1964	40	0.00543	0.00542	0.5	89455	485	89213	2660278	29.74
1960-1964	41	0.00568	0.00567	0.5	88970	504	88718	2571066	28.90
1960-1964	42	0.00624	0.00622	0.5	88466	551	88191	2482348	28.06
1960-1964	43	0.00704	0.00701	0.5	87915	616	87607	2394157	27.23
1960-1964	44	0.00759	0.00756	0.5	87299	660	86969	2306550	26.42
1960-1964	45	0.00835	0.00831	0.5	86639	720	86279	2219581	25.62
1960-1964	46	0.00861	0.00857	0.5	85919	736	85551	2133301	24.83
1960-1964	47	0.00982	0.00977	0.5	85183	833	84767	2047750	24.04
1960-1964	48	0.01017	0.01012	0.5	84351	853	83924	1962983	23.27
1960-1964	49	0.01143	0.01137	0.5	83497	949	83023	1879060	22.50
1960-1964	50	0.01391	0.01382	0.5	82548	1140	81978	1796037	21.76
1960-1964	51	0.01399	0.01389	0.5	81408	1131	80842	1714059	21.06
1960-1964	52	0.01597	0.01585	0.5	80277	1272	79641	1633217	20.34
1960-1964	53	0.01677	0.01663	0.5	79005	1314	78348	1553577	19.66
1960-1964	54	0.01828	0.01811	0.5	77691	1407	76987	1475229	18.99
1960-1964	55	0.02023	0.02002	0.5	76284	1527	75520	1398241	18.33
1960-1964	56	0.02122	0.02100	0.5	74756	1570	73972	1322721	17.69
1960-1964	57	0.02237	0.02212	0.5	73187	1619	72377	1248750	17.06
1960-1964	58	0.02354	0.02326	0.5	71568	1665	70736	1176372	16.44
1960-1964	59	0.02573	0.02540	0.5	69903	1775	69015	1105637	15.82
1960-1964	60	0.02983	0.02939	0.5	68128	2002	67126	1036621	15.22
1960-1964	61	0.03059	0.03013	0.5	66125	1992	65129	969495	14.66
1960-1964	62	0.03410	0.03353	0.5	64133	2150	63058	904366	14.10
1960-1964	63	0.03546	0.03485	0.5	61983	2160	60903	841308	13.57
1960-1964	64	0.03729	0.03661	0.5	59823	2190	58728	780404	13.05
1960-1964	65	0.04532	0.04431	0.5	57633	2554	56356	721676	12.52
1960-1964	66	0.04664	0.04558	0.5	55079	2510	53824	665320	12.08
1960-1964	67	0.04904	0.04787	0.5	52569	2516	51311	611496	11.63
1960-1964	68	0.05052	0.04927	0.5	50053	2466	48820	560185	11.19
1960-1964	69	0.05188	0.05057	0.5	47586	2406	46383	511365	10.75
1960-1964	70	0.06057	0.05879	0.5	45180	2656	43852	464982	10.29
1960-1964	71	0.05436	0.05292	0.5	42524	2250	41399	421130	9.90
1960-1964	72	0.06344	0.06148	0.5	40274	2476	39036	379731	9.43
1960-1964	73	0.06489	0.06285	0.5	37798	2376	36610	340695	9.01
1960-1964	74	0.06895	0.06665	0.5	35422	2361	34242	304085	8.58
1960-1964	75	0.07440	0.07173	0.5	33061	2371	31875	269844	8.16
1960-1964	76	0.07840	0.07545	0.5	30690	2315	29532	237968	7.75
1960-1964	77	0.07343	0.07083	0.5	28374	2010	27369	208436	7.35
1960-1964	78	0.08525	0.08176	0.5	26364	2156	25287	181067	6.87
1960-1964	79	0.09383	0.08962	0.5	24209	2170	23124	155780	6.43
1960-1964	80	0.11858	0.11194	0.5	22039	2467	20806	132657	6.02
1960-1964	81	0.11491	0.10866	0.5	19572	2127	18509	111851	5.71
1960-1964	82	0.14102	0.13173	0.5	17445	2298	16296	93342	5.35
1960-1964	83	0.14971	0.13928	0.5	15147	2110	14092	77046	5.09
1960-1964	84	0.16771	0.15474	0.5	13037	2017	12029	62954	4.83
1960-1964	85	0.17382	0.15992	0.5	11020	1762	10139	50925	4.62
1960-1964	86	0.18730	0.17126	0.5	9258	1585	8465	40786	4.41
1960-1964	87	0.20711	0.18767	0.5	7672	1440	6952	32321	4.21
1960-1964	88	0.21567	0.19468	0.5	6232	1213	5626	25369	4.07
1960-1964	89	0.21356	0.19295	0.5	5019	968	4535	19743	3.93
1960-1964	90	0.22629	0.20329	0.5	4051	823	3639	15208	3.75
1960-1964	91	0.23955	0.21393	0.5	3227	690	2882	11570	3.59
1960-1964	92	0.25333	0.22485	0.5	2537	570	2252	8688	3.42
1960-1964	93	0.26763	0.23604	0.5	1966	464	1734	6436	3.27
1960-1964	94	0.28243	0.24748	0.5	1502	372	1316	4702	3.13
1960-1964	95	0.29771	0.25914	0.5	1130	293	984	3385	2.99
1960-1964	96	0.31346	0.27099	0.5	838	227	724	2401	2.87
1960-1964	97	0.32966	0.28301	0.5	611	173	524	1677	2.75
1960-1964	98	0.34626	0.29516	0.5	438	129	373	1153	2.63
1960-1964	99	0.36325	0.30742	0.5	309	95	261	780	2.53
1960-1964	100	0.38059	0.31975	0.5	214	68	180	519	2.43
1960-1964	101	0.39824	0.33211	0.5	145	48	121	339	2.33
1960-1964	102	0.41616	0.34448	0.5	97	33	80	218	2.25
1960-1964	103	0.43430	0.35682	0.5	64	23	52	138	2.16
1960-1964	104	0.45262	0.36909	0.5	41	15	33	85	2.09
1960-1964	105	0.47107	0.38127	0.5	26	10	21	52	2.02
1960-1964	106	0.48959	0.39331	0.5	16	6	13	31	1.95
1960-1964	107	0.50815	0.40520	0.5	10	4	8	18	1.89
1960-1964	108	0.52668	0.41690	0.5	6	2	5	11	1.84
1960-1964	109	0.54514	0.42838	0.5	3	1	3	6	1.80
1960-1964	110+	0.56348	1.00000	1.77	2	2	3	3	1.77
1965-1969	0	0.02994	0.02917	0.13	100000	2917	97448	6413080	64.13
1965-1969	1	0.00216	0.00216	0.5	97083	210	96978	6315632	65.05
1965-1969	2	0.00108	0.00108	0.5	96873	105	96821	6218654	64.19
1965-1969	3	0.00095	0.00095	0.5	96768	92	96722	6121834	63.26
1965-1969	4	0.00080	0.00079	0.5	96676	77	96638	6025111	62.32
1965-1969	5	0.00078	0.00078	0.5	96600	75	96562	5928473	61.37
1965-1969	6	0.00059	0.00059	0.5	96524	57	96496	5831911	60.42
1965-1969	7	0.00063	0.00063	0.5	96467	61	96437	5735416	59.45
1965-1969	8	0.00053	0.00053	0.5	96406	51	96381	5638979	58.49
1965-1969	9	0.00054	0.00054	0.5	96355	52	96329	5542599	57.52
1965-1969	10	0.00049	0.00049	0.5	96304	47	96280	5446269	56.55
1965-1969	11	0.00060	0.00060	0.5	96257	57	96228	5349989	55.58
1965-1969	12	0.00056	0.00056	0.5	96199	54	96173	5253761	54.61
1965-1969	13	0.00077	0.00077	0.5	96146	74	96109	5157588	53.64
1965-1969	14	0.00090	0.00090	0.5	96072	87	96028	5061479	52.68
1965-1969	15	0.00113	0.00113	0.5	95985	108	95931	4965451	51.73
1965-1969	16	0.00162	0.00162	0.5	95877	155	95799	4869520	50.79
1965-1969	17	0.00174	0.00174	0.5	95721	166	95638	4773721	49.87
1965-1969	18	0.00247	0.00247	0.5	95555	236	95437	4678083	48.96
1965-1969	19	0.00221	0.00220	0.5	95319	210	95214	4582646	48.08
1965-1969	20	0.00211	0.00211	0.5	95109	200	95009	4487432	47.18
1965-1969	21	0.00249	0.00249	0.5	94909	236	94791	4392423	46.28
1965-1969	22	0.00263	0.00263	0.5	94673	249	94548	4297632	45.39
1965-1969	23	0.00244	0.00244	0.5	94424	230	94309	4203083	44.51
1965-1969	24	0.00227	0.00226	0.5	94194	213	94087	4108774	43.62
1965-1969	25	0.00236	0.00235	0.5	93981	221	93870	4014687	42.72
1965-1969	26	0.00274	0.00274	0.5	93759	257	93631	3920817	41.82
1965-1969	27	0.00251	0.00251	0.5	93503	234	93386	3827186	40.93
1965-1969	28	0.00273	0.00272	0.5	93268	254	93141	3733800	40.03
1965-1969	29	0.00246	0.00246	0.5	93014	229	92900	3640659	39.14
1965-1969	30	0.00262	0.00262	0.5	92786	243	92664	3547759	38.24
1965-1969	31	0.00308	0.00308	0.5	92542	285	92400	3455095	37.34
1965-1969	32	0.00294	0.00294	0.5	92257	271	92122	3362695	36.45
1965-1969	33	0.00319	0.00318	0.5	91986	293	91840	3270573	35.56
1965-1969	34	0.00330	0.00329	0.5	91693	302	91542	3178734	34.67
1965-1969	35	0.00354	0.00354	0.5	91391	323	91230	3087191	33.78
1965-1969	36	0.00406	0.00405	0.5	91068	369	90884	2995962	32.90
1965-1969	37	0.00425	0.00424	0.5	90699	384	90507	2905078	32.03
1965-1969	38	0.00475	0.00474	0.5	90315	428	90101	2814571	31.16
1965-1969	39	0.00507	0.00505	0.5	89887	454	89660	2724470	30.31
1965-1969	40	0.00535	0.00533	0.5	89433	477	89194	2634810	29.46
1965-1969	41	0.00603	0.00601	0.5	88956	535	88689	2545616	28.62
1965-1969	42	0.00670	0.00668	0.5	88421	591	88126	2456927	27.79
1965-1969	43	0.00659	0.00657	0.5	87831	577	87542	2368801	26.97
1965-1969	44	0.00768	0.00765	0.5	87254	667	86920	2281259	26.15
1965-1969	45	0.00882	0.00878	0.5	86586	760	86206	2194339	25.34
1965-1969	46	0.00874	0.00870	0.5	85826	747	85453	2108133	24.56
1965-1969	47	0.01032	0.01026	0.5	85080	873	84643	2022680	23.77
1965-1969	48	0.01029	0.01024	0.5	84207	862	83775	1938037	23.02
1965-1969	49	0.01169	0.01162	0.5	83344	969	82860	1854261	22.25
1965-1969	50	0.01358	0.01349	0.5	82376	1112	81820	1771401	21.50
1965-1969	51	0.01439	0.01428	0.5	81264	1161	80684	1689581	20.79
1965-1969	52	0.01621	0.01608	0.5	80103	1288	79459	1608898	20.09
1965-1969	53	0.01758	0.01742	0.5	78815	1373	78128	1529439	19.41
1965-1969	54	0.01817	0.01801	0.5	77442	1394	76744	1451310	18.74
1965-1969	55	0.02009	0.01989	0.5	76047	1513	75291	1374566	18.08
1965-1969	56	0.02157	0.02134	0.5	74534	1590	73739	1299275	17.43
1965-1969	57	0.02341	0.02314	0.5	72944	1688	72100	1225536	16.80
1965-1969	58	0.02631	0.02597	0.5	71256	1850	70331	1153436	16.19
1965-1969	59	0.02665	0.02630	0.5	69406	1825	68493	1083105	15.61
1965-1969	60	0.02922	0.02880	0.5	67581	1946	66608	1014611	15.01
1965-1969	61	0.03037	0.02991	0.5	65635	1963	64653	948004	14.44
1965-1969	62	0.03331	0.03277	0.5	63671	2086	62628	883351	13.87
1965-1969	63	0.03585	0.03522	0.5	61585	2169	60500	820723	13.33
1965-1969	64	0.03820	0.03748	0.5	59416	2227	58302	760222	12.79
1965-1969	65	0.04490	0.04391	0.5	57189	2511	55933	701920	12.27
1965-1969	66	0.04357	0.04264	0.5	54677	2331	53512	645987	11.81
1965-1969	67	0.04774	0.04663	0.5	52346	2441	51126	592475	11.32
1965-1969	68	0.05146	0.05017	0.5	49905	2504	48653	541350	10.85
1965-1969	69	0.05609	0.05456	0.5	47402	2586	46108	492697	10.39
1965-1969	70	0.06149	0.05966	0.5	44815	2674	43478	446588	9.97
1965-1969	71	0.06257	0.06067	0.5	42142	2557	40863	403110	9.57
1965-1969	72	0.06954	0.06721	0.5	39585	2660	38255	362247	9.15
1965-1969	73	0.07209	0.06958	0.5	36924	2569	35640	323992	8.77
1965-1969	74	0.07406	0.07141	0.5	34355	2453	33128	288352	8.39
1965-1969	75	0.07889	0.07589	0.5	31902	2421	30691	255224	8.00
1965-1969	76	0.08578	0.08225	0.5	29481	2425	28268	224533	7.62
1965-1969	77	0.08892	0.08513	0.5	27056	2303	25904	196265	7.25
1965-1969	78	0.09045	0.08653	0.5	24752	2142	23682	170360	6.88
1965-1969	79	0.09897	0.09430	0.5	22611	2132	21544	146679	6.49
1965-1969	80	0.11802	0.11144	0.5	20478	2282	19337	125134	6.11
1965-1969	81	0.11826	0.11166	0.5	18196	2032	17180	105797	5.81
1965-1969	82	0.13231	0.12410	0.5	16164	2006	15161	88617	5.48
1965-1969	83	0.14450	0.13476	0.5	14158	1908	13204	73455	5.19
1965-1969	84	0.16632	0.15355	0.5	12250	1881	11310	60251	4.92
1965-1969	85	0.17265	0.15893	0.5	10369	1648	9545	48941	4.72
1965-1969	86	0.18321	0.16783	0.5	8721	1464	7990	39396	4.52
1965-1969	87	0.20001	0.18182	0.5	7258	1320	6598	31406	4.33
1965-1969	88	0.20133	0.18291	0.5	5938	1086	5395	24808	4.18
1965-1969	89	0.21342	0.19284	0.5	4852	936	4384	19413	4.00
1965-1969	90	0.21504	0.19416	0.5	3916	760	3536	15029	3.84
1965-1969	91	0.23514	0.21040	0.5	3156	664	2824	11493	3.64
1965-1969	92	0.24869	0.22118	0.5	2492	551	2216	8669	3.48
1965-1969	93	0.26274	0.23223	0.5	1941	451	1715	6453	3.33
1965-1969	94	0.27730	0.24353	0.5	1490	363	1309	4738	3.18
1965-1969	95	0.29234	0.25506	0.5	1127	287	983	3429	3.04
1965-1969	96	0.30785	0.26679	0.5	840	224	728	2446	2.91
1965-1969	97	0.32381	0.27869	0.5	616	172	530	1718	2.79
1965-1969	98	0.34019	0.29074	0.5	444	129	380	1188	2.68
1965-1969	99	0.35696	0.30290	0.5	315	95	267	809	2.57
1965-1969	100	0.37409	0.31514	0.5	220	69	185	541	2.47
1965-1969	101	0.39154	0.32744	0.5	150	49	126	356	2.37
1965-1969	102	0.40927	0.33975	0.5	101	34	84	231	2.28
1965-1969	103	0.42724	0.35204	0.5	67	24	55	147	2.20
1965-1969	104	0.44541	0.36428	0.5	43	16	35	92	2.12
1965-1969	105	0.46372	0.37644	0.5	28	10	22	56	2.05
1965-1969	106	0.48213	0.38848	0.5	17	7	14	34	1.98
1965-1969	107	0.50059	0.40037	0.5	10	4	8	20	1.92
1965-1969	108	0.51904	0.41210	0.5	6	3	5	12	1.87
1965-1969	109	0.53745	0.42361	0.5	4	2	3	7	1.83
1965-1969	110+	0.55575	1.00000	1.8	2	2	4	4	1.80
1970-1974	0	0.02310	0.02263	0.11	100000	2263	97979	6476953	64.77
1970-1974	1	0.00158	0.00157	0.5	97737	154	97660	6378974	65.27
1970-1974	2	0.00121	0.00121	0.5	97583	118	97524	6281314	64.37
1970-1974	3	0.00086	0.00086	0.5	97465	84	97423	6183790	63.45
1970-1974	4	0.00065	0.00065	0.5	97381	64	97349	6086367	62.50
1970-1974	5	0.00061	0.00061	0.5	97317	59	97288	5989018	61.54
1970-1974	6	0.00059	0.00059	0.5	97258	58	97229	5891730	60.58
1970-1974	7	0.00064	0.00064	0.5	97200	62	97169	5794501	59.61
1970-1974	8	0.00053	0.00053	0.5	97138	51	97113	5697332	58.65
1970-1974	9	0.00049	0.00049	0.5	97087	48	97063	5600219	57.68
1970-1974	10	0.00054	0.00054	0.5	97039	52	97013	5503155	56.71
1970-1974	11	0.00050	0.00050	0.5	96987	48	96963	5406142	55.74
1970-1974	12	0.00058	0.00058	0.5	96939	56	96911	5309178	54.77
1970-1974	13	0.00067	0.00067	0.5	96883	65	96851	5212267	53.80
1970-1974	14	0.00089	0.00089	0.5	96818	87	96775	5115416	52.84
1970-1974	15	0.00115	0.00115	0.5	96732	111	96676	5018641	51.88
1970-1974	16	0.00173	0.00173	0.5	96621	167	96538	4921965	50.94
1970-1974	17	0.00201	0.00201	0.5	96454	194	96357	4825427	50.03
1970-1974	18	0.00238	0.00237	0.5	96260	229	96146	4729070	49.13
1970-1974	19	0.00252	0.00251	0.5	96032	241	95911	4632924	48.24
1970-1974	20	0.00268	0.00268	0.5	95790	257	95662	4537014	47.36
1970-1974	21	0.00257	0.00257	0.5	95533	245	95411	4441352	46.49
1970-1974	22	0.00259	0.00259	0.5	95288	246	95165	4345941	45.61
1970-1974	23	0.00270	0.00269	0.5	95041	256	94913	4250777	44.73
1970-1974	24	0.00258	0.00258	0.5	94785	244	94663	4155863	43.84
1970-1974	25	0.00271	0.00271	0.5	94541	256	94413	4061200	42.96
1970-1974	26	0.00266	0.00265	0.5	94285	250	94160	3966787	42.07
1970-1974	27	0.00270	0.00269	0.5	94035	253	93908	3872627	41.18
1970-1974	28	0.00279	0.00279	0.5	93782	262	93651	3778718	40.29
1970-1974	29	0.00267	0.00267	0.5	93520	250	93395	3685067	39.40
1970-1974	30	0.00308	0.00307	0.5	93270	286	93127	3591672	38.51
1970-1974	31	0.00302	0.00301	0.5	92984	280	92844	3498545	37.63
1970-1974	32	0.00285	0.00285	0.5	92704	264	92572	3405701	36.74
1970-1974	33	0.00353	0.00353	0.5	92440	326	92277	3313130	35.84
1970-1974	34	0.00335	0.00335	0.5	92113	308	91959	3220853	34.97
1970-1974	35	0.00382	0.00381	0.5	91805	350	91630	3128894	34.08
1970-1974	36	0.00405	0.00404	0.5	91455	370	91270	3037264	33.21
1970-1974	37	0.00437	0.00436	0.5	91086	397	90887	2945993	32.34
1970-1974	38	0.00457	0.00456	0.5	90688	413	90482	2855106	31.48
1970-1974	39	0.00486	0.00485	0.5	90275	438	90056	2764625	30.62
1970-1974	40	0.00547	0.00546	0.5	89837	490	89592	2674568	29.77
1970-1974	41	0.00581	0.00579	0.5	89347	518	89088	2584977	28.93
1970-1974	42	0.00643	0.00641	0.5	88829	569	88545	2495889	28.10
1970-1974	43	0.00665	0.00663	0.5	88260	585	87968	2407344	27.28
1970-1974	44	0.00715	0.00713	0.5	87675	625	87363	2319377	26.45
1970-1974	45	0.00800	0.00797	0.5	87050	693	86703	2232014	25.64
1970-1974	46	0.00906	0.00902	0.5	86357	779	85967	2145310	24.84
1970-1974	47	0.00936	0.00932	0.5	85578	797	85179	2059343	24.06
1970-1974	48	0.01102	0.01096	0.5	84780	929	84316	1974164	23.29
1970-1974	49	0.01141	0.01135	0.5	83851	951	83375	1889849	22.54
1970-1974	50	0.01301	0.01292	0.5	82900	1071	82364	1806473	21.79
1970-1974	51	0.01451	0.01441	0.5	81828	1179	81239	1724109	21.07
1970-1974	52	0.01551	0.01539	0.5	80649	1241	80029	1642871	20.37
1970-1974	53	0.01617	0.01604	0.5	79408	1273	78772	1562842	19.68
1970-1974	54	0.01827	0.01811	0.5	78135	1415	77428	1484070	18.99
1970-1974	55	0.01867	0.01849	0.5	76720	1419	76011	1406643	18.33
1970-1974	56	0.02063	0.02042	0.5	75301	1538	74532	1330632	17.67
1970-1974	57	0.02226	0.02201	0.5	73764	1624	72952	1256099	17.03
1970-1974	58	0.02313	0.02287	0.5	72140	1650	71315	1183148	16.40
1970-1974	59	0.02600	0.02567	0.5	70490	1810	69586	1111832	15.77
1970-1974	60	0.02935	0.02893	0.5	68681	1987	67688	1042247	15.18
1970-1974	61	0.03036	0.02991	0.5	66694	1995	65697	974559	14.61
1970-1974	62	0.03319	0.03265	0.5	64700	2112	63643	908862	14.05
1970-1974	63	0.03708	0.03641	0.5	62587	2279	61448	845219	13.50
1970-1974	64	0.03730	0.03661	0.5	60308	2208	59204	783771	13.00
1970-1974	65	0.04189	0.04103	0.5	58100	2384	56908	724567	12.47
1970-1974	66	0.04246	0.04158	0.5	55716	2317	54558	667658	11.98
1970-1974	67	0.04508	0.04409	0.5	53400	2354	52223	613100	11.48
1970-1974	68	0.04846	0.04732	0.5	51046	2415	49838	560878	10.99
1970-1974	69	0.04989	0.04867	0.5	48630	2367	47447	511040	10.51
1970-1974	70	0.05960	0.05787	0.5	46263	2677	44925	463593	10.02
1970-1974	71	0.06092	0.05911	0.5	43586	2577	42298	418669	9.61
1970-1974	72	0.06707	0.06489	0.5	41009	2661	39679	376371	9.18
1970-1974	73	0.07408	0.07143	0.5	38348	2739	36978	336692	8.78
1970-1974	74	0.07564	0.07288	0.5	35609	2595	34311	299714	8.42
1970-1974	75	0.07899	0.07599	0.5	33013	2509	31759	265403	8.04
1970-1974	76	0.08186	0.07864	0.5	30505	2399	29305	233644	7.66
1970-1974	77	0.08884	0.08506	0.5	28106	2391	26910	204338	7.27
1970-1974	78	0.09663	0.09218	0.5	25715	2370	24530	177428	6.90
1970-1974	79	0.10293	0.09789	0.5	23345	2285	22202	152898	6.55
1970-1974	80	0.11401	0.10786	0.5	21059	2271	19924	130696	6.21
1970-1974	81	0.11978	0.11301	0.5	18788	2123	17726	110772	5.90
1970-1974	82	0.13066	0.12265	0.5	16665	2044	15643	93045	5.58
1970-1974	83	0.14154	0.13219	0.5	14621	1933	13655	77403	5.29
1970-1974	84	0.15725	0.14579	0.5	12688	1850	11763	63748	5.02
1970-1974	85	0.16164	0.14955	0.5	10838	1621	10028	51985	4.80
1970-1974	86	0.18109	0.16605	0.5	9218	1531	8452	41957	4.55
1970-1974	87	0.19130	0.17460	0.5	7687	1342	7016	33504	4.36
1970-1974	88	0.19753	0.17977	0.5	6345	1141	5774	26489	4.17
1970-1974	89	0.21314	0.19261	0.5	5204	1002	4703	20714	3.98
1970-1974	90	0.23055	0.20672	0.5	4202	869	3768	16011	3.81
1970-1974	91	0.23204	0.20791	0.5	3333	693	2987	12244	3.67
1970-1974	92	0.24571	0.21883	0.5	2640	578	2351	9257	3.51
1970-1974	93	0.25992	0.23003	0.5	2062	474	1825	6906	3.35
1970-1974	94	0.27465	0.24149	0.5	1588	383	1396	5080	3.20
1970-1974	95	0.28989	0.25319	0.5	1205	305	1052	3684	3.06
1970-1974	96	0.30562	0.26511	0.5	900	238	780	2632	2.93
1970-1974	97	0.32181	0.27721	0.5	661	183	569	1852	2.80
1970-1974	98	0.33845	0.28946	0.5	478	138	409	1282	2.68
1970-1974	99	0.35549	0.30184	0.5	340	102	288	874	2.57
1970-1974	100	0.37291	0.31430	0.5	237	75	200	585	2.47
1970-1974	101	0.39066	0.32682	0.5	163	53	136	386	2.37
1970-1974	102	0.40871	0.33936	0.5	109	37	91	250	2.28
1970-1974	103	0.42701	0.35188	0.5	72	25	60	159	2.20
1970-1974	104	0.44551	0.36435	0.5	47	17	38	99	2.12
1970-1974	105	0.46416	0.37673	0.5	30	11	24	61	2.04
1970-1974	106	0.48291	0.38899	0.5	19	7	15	37	1.98
1970-1974	107	0.50171	0.40110	0.5	11	5	9	22	1.91
1970-1974	108	0.52051	0.41302	0.5	7	3	5	13	1.86
1970-1974	109	0.53925	0.42473	0.5	4	2	3	7	1.82
1970-1974	110+	0.55788	1.00000	1.79	2	2	4	4	1.79
1975-1979	0	0.01842	0.01812	0.09	100000	1812	98359	6710242	67.10
1975-1979	1	0.00119	0.00119	0.5	98188	117	98130	6611883	67.34
1975-1979	2	0.00089	0.00089	0.5	98071	88	98027	6513753	66.42
1975-1979	3	0.00074	0.00074	0.5	97984	73	97947	6415726	65.48
1975-1979	4	0.00058	0.00058	0.5	97911	56	97883	6317779	64.53
1975-1979	5	0.00063	0.00063	0.5	97854	61	97824	6219896	63.56
1975-1979	6	0.00049	0.00049	0.5	97793	48	97769	6122072	62.60
1975-1979	7	0.00048	0.00047	0.5	97745	46	97722	6024303	61.63
1975-1979	8	0.00042	0.00042	0.5	97698	41	97678	5926582	60.66
1975-1979	9	0.00046	0.00046	0.5	97658	45	97635	5828904	59.69
1975-1979	10	0.00040	0.00040	0.5	97612	39	97593	5731269	58.71
1975-1979	11	0.00037	0.00037	0.5	97574	37	97555	5633676	57.74
1975-1979	12	0.00046	0.00046	0.5	97537	45	97514	5536120	56.76
1975-1979	13	0.00062	0.00062	0.5	97492	60	97462	5438606	55.79
1975-1979	14	0.00071	0.00071	0.5	97432	70	97397	5341144	54.82
1975-1979	15	0.00081	0.00081	0.5	97362	79	97323	5243747	53.86
1975-1979	16	0.00141	0.00141	0.5	97283	137	97215	5146424	52.90
1975-1979	17	0.00163	0.00163	0.5	97146	159	97067	5049210	51.98
1975-1979	18	0.00175	0.00175	0.5	96988	169	96903	4952143	51.06
1975-1979	19	0.00205	0.00205	0.5	96818	198	96719	4855240	50.15
1975-1979	20	0.00199	0.00199	0.5	96620	192	96524	4758520	49.25
1975-1979	21	0.00224	0.00224	0.5	96428	216	96320	4661997	48.35
1975-1979	22	0.00212	0.00212	0.5	96212	204	96110	4565677	47.45
1975-1979	23	0.00215	0.00215	0.5	96008	206	95905	4469567	46.55
1975-1979	24	0.00201	0.00201	0.5	95802	192	95705	4373663	45.65
1975-1979	25	0.00219	0.00219	0.5	95609	209	95505	4277957	44.74
1975-1979	26	0.00216	0.00216	0.5	95400	206	95297	4182452	43.84
1975-1979	27	0.00230	0.00230	0.5	95194	219	95085	4087155	42.94
1975-1979	28	0.00215	0.00215	0.5	94975	204	94873	3992071	42.03
1975-1979	29	0.00230	0.00229	0.5	94772	217	94663	3897198	41.12
1975-1979	30	0.00220	0.00220	0.5	94554	208	94450	3802535	40.22
1975-1979	31	0.00215	0.00214	0.5	94346	202	94245	3708084	39.30
1975-1979	32	0.00244	0.00243	0.5	94144	229	94030	3613839	38.39
1975-1979	33	0.00243	0.00242	0.5	93915	228	93801	3519810	37.48
1975-1979	34	0.00257	0.00256	0.5	93687	240	93567	3426008	36.57
1975-1979	35	0.00279	0.00279	0.5	93447	261	93317	3332441	35.66
1975-1979	36	0.00323	0.00323	0.5	93187	301	93036	3239124	34.76
1975-1979	37	0.00344	0.00343	0.5	92886	319	92726	3146088	33.87
1975-1979	38	0.00381	0.00381	0.5	92567	352	92391	3053362	32.99
1975-1979	39	0.00407	0.00406	0.5	92214	374	92027	2960971	32.11
1975-1979	40	0.00413	0.00412	0.5	91840	379	91651	2868944	31.24
1975-1979	41	0.00453	0.00452	0.5	91462	414	91255	2777293	30.37
1975-1979	42	0.00538	0.00537	0.5	91048	489	90803	2686038	29.50
1975-1979	43	0.00568	0.00567	0.5	90559	513	90302	2595235	28.66
1975-1979	44	0.00627	0.00625	0.5	90046	562	89764	2504932	27.82
1975-1979	45	0.00666	0.00664	0.5	89483	594	89186	2415168	26.99
1975-1979	46	0.00764	0.00762	0.5	88889	677	88551	2325982	26.17
1975-1979	47	0.00806	0.00802	0.5	88213	708	87859	2237431	25.36
1975-1979	48	0.00858	0.00854	0.5	87505	747	87131	2149572	24.57
1975-1979	49	0.00924	0.00919	0.5	86758	798	86359	2062441	23.77
1975-1979	50	0.01013	0.01008	0.5	85960	867	85527	1976082	22.99
1975-1979	51	0.01165	0.01158	0.5	85094	985	84601	1890555	22.22
1975-1979	52	0.01275	0.01267	0.5	84108	1065	83575	1805954	21.47
1975-1979	53	0.01450	0.01440	0.5	83043	1195	82445	1722379	20.74
1975-1979	54	0.01515	0.01503	0.5	81847	1230	81232	1639934	20.04
1975-1979	55	0.01654	0.01641	0.5	80617	1323	79955	1558702	19.33
1975-1979	56	0.01802	0.01786	0.5	79294	1416	78586	1478747	18.65
1975-1979	57	0.02034	0.02013	0.5	77878	1568	77094	1400161	17.98
1975-1979	58	0.02127	0.02105	0.5	76310	1606	75507	1323067	17.34
1975-1979	59	0.02315	0.02289	0.5	74704	1710	73849	1247560	16.70
1975-1979	60	0.02366	0.02338	0.5	72994	1707	72141	1173711	16.08
1975-1979	61	0.02648	0.02613	0.5	71287	1863	70356	1101570	15.45
1975-1979	62	0.02983	0.02939	0.5	69424	2040	68404	1031214	14.85
1975-1979	63	0.03106	0.03059	0.5	67384	2061	66353	962810	14.29
1975-1979	64	0.03388	0.03332	0.5	65323	2176	64235	896457	13.72
1975-1979	65	0.03720	0.03652	0.5	63146	2306	61994	832222	13.18
1975-1979	66	0.03815	0.03743	0.5	60841	2277	59702	770228	12.66
1975-1979	67	0.04230	0.04142	0.5	58563	2426	57350	710526	12.13
1975-1979	68	0.04555	0.04454	0.5	56138	2500	54887	653176	11.64
1975-1979	69	0.04815	0.04702	0.5	53637	2522	52376	598289	11.15
1975-1979	70	0.05103	0.04976	0.5	51115	2544	49843	545912	10.68
1975-1979	71	0.05342	0.05203	0.5	48572	2527	47308	496069	10.21
1975-1979	72	0.05959	0.05787	0.5	46045	2664	44712	448761	9.75
1975-1979	73	0.06120	0.05938	0.5	43380	2576	42092	404049	9.31
1975-1979	74	0.06832	0.06606	0.5	40804	2696	39456	361957	8.87
1975-1979	75	0.07434	0.07167	0.5	38108	2731	36743	322500	8.46
1975-1979	76	0.07593	0.07316	0.5	35377	2588	34083	285757	8.08
1975-1979	77	0.08201	0.07878	0.5	32789	2583	31498	251674	7.68
1975-1979	78	0.08749	0.08383	0.5	30206	2532	28940	220177	7.29
1975-1979	79	0.09776	0.09320	0.5	27674	2579	26384	191237	6.91
1975-1979	80	0.10354	0.09845	0.5	25095	2470	23859	164853	6.57
1975-1979	81	0.10450	0.09931	0.5	22624	2247	21501	140993	6.23
1975-1979	82	0.12653	0.11900	0.5	20377	2425	19165	119493	5.86
1975-1979	83	0.13565	0.12704	0.5	17952	2281	16812	100328	5.59
1975-1979	84	0.13957	0.13047	0.5	15672	2045	14649	83515	5.33
1975-1979	85	0.14901	0.13868	0.5	13627	1890	12682	68866	5.05
1975-1979	86	0.16206	0.14991	0.5	11737	1760	10858	56184	4.79
1975-1979	87	0.17944	0.16466	0.5	9978	1643	9156	45326	4.54
1975-1979	88	0.18607	0.17023	0.5	8335	1419	7625	36170	4.34
1975-1979	89	0.20524	0.18614	0.5	6916	1287	6272	28545	4.13
1975-1979	90	0.20904	0.18926	0.5	5629	1065	5096	22272	3.96
1975-1979	91	0.22267	0.20036	0.5	4563	914	4106	17176	3.76
1975-1979	92	0.23692	0.21183	0.5	3649	773	3263	13070	3.58
1975-1979	93	0.25179	0.22364	0.5	2876	643	2554	9808	3.41
1975-1979	94	0.26727	0.23576	0.5	2233	526	1970	7253	3.25
1975-1979	95	0.28333	0.24818	0.5	1706	423	1495	5284	3.10
1975-1979	96	0.29997	0.26085	0.5	1283	335	1116	3789	2.95
1975-1979	97	0.31716	0.27375	0.5	948	260	818	2673	2.82
1975-1979	98	0.33485	0.28683	0.5	689	198	590	1855	2.69
1975-1979	99	0.35302	0.30006	0.5	491	147	417	1265	2.58
1975-1979	100	0.37163	0.31340	0.5	344	108	290	847	2.46
1975-1979	101	0.39063	0.32680	0.5	236	77	197	557	2.36
1975-1979	102	0.40996	0.34022	0.5	159	54	132	360	2.27
1975-1979	103	0.42958	0.35362	0.5	105	37	86	228	2.18
1975-1979	104	0.44942	0.36696	0.5	68	25	55	142	2.09
1975-1979	105	0.46942	0.38019	0.5	43	16	35	86	2.02
1975-1979	106	0.48952	0.39327	0.5	27	10	21	52	1.95
1975-1979	107	0.50966	0.40616	0.5	16	7	13	30	1.88
1975-1979	108	0.52976	0.41882	0.5	10	4	8	18	1.83
1975-1979	109	0.54977	0.43123	0.5	6	2	4	10	1.78
1975-1979	110+	0.56962	1.00000	1.76	3	3	6	6	1.76
1980-1984	0	0.01460	0.01441	0.08	100000	1441	98681	6872006	68.72
1980-1984	1	0.00111	0.00111	0.5	98559	109	98505	6773325	68.72
1980-1984	2	0.00083	0.00083	0.5	98450	81	98409	6674820	67.80
1980-1984	3	0.00064	0.00064	0.5	98368	63	98337	6576411	66.85
1980-1984	4	0.00050	0.00050	0.5	98305	49	98280	6478075	65.90
1980-1984	5	0.00041	0.00041	0.5	98256	41	98235	6379794	64.93
1980-1984	6	0.00050	0.00050	0.5	98215	49	98190	6281559	63.96
1980-1984	7	0.00036	0.00036	0.5	98166	35	98148	6183368	62.99
1980-1984	8	0.00045	0.00045	0.5	98131	44	98109	6085220	62.01
1980-1984	9	0.00034	0.00034	0.5	98087	34	98070	5987111	61.04
1980-1984	10	0.00029	0.00029	0.5	98053	29	98039	5889041	60.06
1980-1984	11	0.00036	0.00036	0.5	98024	36	98006	5791002	59.08
1980-1984	12	0.00043	0.00043	0.5	97989	42	97968	5692996	58.10
1980-1984	13	0.00043	0.00043	0.5	97947	42	97925	5595028	57.12
1980-1984	14	0.00047	0.00046	0.5	97904	46	97882	5497103	56.15
1980-1984	15	0.00073	0.00073	0.5	97859	72	97823	5399222	55.17
1980-1984	16	0.00116	0.00116	0.5	97787	113	97731	5301399	54.21
1980-1984	17	0.00136	0.00136	0.5	97674	133	97608	5203668	53.28
1980-1984	18	0.00161	0.00161	0.5	97541	157	97463	5106060	52.35
1980-1984	19	0.00173	0.00173	0.5	97384	168	97300	5008597	51.43
1980-1984	20	0.00175	0.00175	0.5	97216	170	97131	4911297	50.52
1980-1984	21	0.00172	0.00172	0.5	97046	167	96962	4814166	49.61
1980-1984	22	0.00187	0.00187	0.5	96879	181	96788	4717204	48.69
1980-1984	23	0.00198	0.00198	0.5	96698	192	96602	4620415	47.78
1980-1984	24	0.00185	0.00185	0.5	96506	178	96417	4523813	46.88
1980-1984	25	0.00193	0.00193	0.5	96328	186	96235	4427396	45.96
1980-1984	26	0.00209	0.00209	0.5	96142	201	96041	4331162	45.05
1980-1984	27	0.00199	0.00199	0.5	95941	191	95845	4235121	44.14
1980-1984	28	0.00209	0.00208	0.5	95750	200	95650	4139276	43.23
1980-1984	29	0.00199	0.00198	0.5	95550	190	95455	4043626	42.32
1980-1984	30	0.00196	0.00196	0.5	95361	187	95267	3948170	41.40
1980-1984	31	0.00222	0.00222	0.5	95174	212	95068	3852903	40.48
1980-1984	32	0.00202	0.00202	0.5	94962	191	94867	3757835	39.57
1980-1984	33	0.00215	0.00215	0.5	94771	204	94669	3662968	38.65
1980-1984	34	0.00220	0.00220	0.5	94567	208	94463	3568299	37.73
1980-1984	35	0.00220	0.00220	0.5	94359	208	94256	3473836	36.81
1980-1984	36	0.00257	0.00256	0.5	94152	241	94031	3379580	35.90
1980-1984	37	0.00304	0.00304	0.5	93911	285	93768	3285549	34.99
1980-1984	38	0.00288	0.00288	0.5	93625	269	93491	3191781	34.09
1980-1984	39	0.00329	0.00329	0.5	93356	307	93202	3098291	33.19
1980-1984	40	0.00356	0.00356	0.5	93049	331	92883	3005088	32.30
1980-1984	41	0.00396	0.00396	0.5	92718	367	92534	2912205	31.41
1980-1984	42	0.00420	0.00419	0.5	92351	387	92158	2819671	30.53
1980-1984	43	0.00453	0.00452	0.5	91964	416	91756	2727513	29.66
1980-1984	44	0.00503	0.00502	0.5	91549	460	91319	2635757	28.79
1980-1984	45	0.00585	0.00584	0.5	91089	532	90823	2544438	27.93
1980-1984	46	0.00588	0.00587	0.5	90557	531	90292	2453615	27.09
1980-1984	47	0.00650	0.00648	0.5	90026	583	89734	2363323	26.25
1980-1984	48	0.00770	0.00767	0.5	89443	686	89099	2273589	25.42
1980-1984	49	0.00789	0.00786	0.5	88756	698	88407	2184490	24.61
1980-1984	50	0.00904	0.00900	0.5	88059	792	87663	2096082	23.80
1980-1984	51	0.01051	0.01045	0.5	87266	912	86810	2008420	23.01
1980-1984	52	0.01093	0.01087	0.5	86354	938	85885	1921610	22.25
1980-1984	53	0.01228	0.01220	0.5	85416	1042	84895	1835725	21.49
1980-1984	54	0.01361	0.01352	0.5	84373	1140	83803	1750830	20.75
1980-1984	55	0.01433	0.01423	0.5	83233	1185	82641	1667027	20.03
1980-1984	56	0.01599	0.01586	0.5	82048	1302	81398	1584386	19.31
1980-1984	57	0.01638	0.01624	0.5	80747	1312	80091	1502989	18.61
1980-1984	58	0.01914	0.01896	0.5	79435	1506	78682	1422898	17.91
1980-1984	59	0.01973	0.01953	0.5	77929	1522	77168	1344216	17.25
1980-1984	60	0.02249	0.02224	0.5	76407	1700	75557	1267048	16.58
1980-1984	61	0.02424	0.02395	0.5	74707	1789	73812	1191491	15.95
1980-1984	62	0.02710	0.02673	0.5	72918	1949	71943	1117679	15.33
1980-1984	63	0.02842	0.02803	0.5	70968	1989	69974	1045736	14.74
1980-1984	64	0.03082	0.03036	0.5	68980	2094	67933	975761	14.15
1980-1984	65	0.03330	0.03276	0.5	66886	2191	65790	907829	13.57
1980-1984	66	0.03575	0.03513	0.5	64695	2272	63558	842039	13.02
1980-1984	67	0.03735	0.03666	0.5	62422	2289	61278	778481	12.47
1980-1984	68	0.04133	0.04050	0.5	60133	2435	58916	717203	11.93
1980-1984	69	0.04404	0.04309	0.5	57698	2486	56455	658287	11.41
1980-1984	70	0.04690	0.04582	0.5	55212	2530	53947	601832	10.90
1980-1984	71	0.05162	0.05032	0.5	52682	2651	51356	547885	10.40
1980-1984	72	0.05748	0.05588	0.5	50031	2796	48633	496529	9.92
1980-1984	73	0.06183	0.05998	0.5	47235	2833	45819	447896	9.48
1980-1984	74	0.06413	0.06214	0.5	44402	2759	43023	402077	9.06
1980-1984	75	0.07095	0.06852	0.5	41643	2853	40216	359054	8.62
1980-1984	76	0.07467	0.07198	0.5	38790	2792	37394	318838	8.22
1980-1984	77	0.08141	0.07823	0.5	35998	2816	34590	281444	7.82
1980-1984	78	0.08646	0.08288	0.5	33182	2750	31807	246855	7.44
1980-1984	79	0.08186	0.07865	0.5	30432	2393	29235	215048	7.07
1980-1984	80	0.10310	0.09805	0.5	28038	2749	26664	185813	6.63
1980-1984	81	0.10997	0.10423	0.5	25289	2636	23971	159149	6.29
1980-1984	82	0.11193	0.10599	0.5	22653	2401	21453	135178	5.97
1980-1984	83	0.13177	0.12362	0.5	20252	2504	19000	113725	5.62
1980-1984	84	0.13872	0.12972	0.5	17748	2302	16597	94725	5.34
1980-1984	85	0.15030	0.13980	0.5	15446	2159	14367	78127	5.06
1980-1984	86	0.16078	0.14882	0.5	13287	1977	12298	63761	4.80
1980-1984	87	0.17173	0.15815	0.5	11310	1789	10415	51463	4.55
1980-1984	88	0.18957	0.17316	0.5	9521	1649	8697	41048	4.31
1980-1984	89	0.20199	0.18346	0.5	7872	1444	7150	32351	4.11
1980-1984	90	0.20978	0.18987	0.5	6428	1220	5818	25201	3.92
1980-1984	91	0.22410	0.20152	0.5	5208	1049	4683	19383	3.72
1980-1984	92	0.23911	0.21357	0.5	4158	888	3714	14700	3.54
1980-1984	93	0.25478	0.22599	0.5	3270	739	2901	10986	3.36
1980-1984	94	0.27112	0.23876	0.5	2531	604	2229	8086	3.19
1980-1984	95	0.28810	0.25183	0.5	1927	485	1684	5857	3.04
1980-1984	96	0.30570	0.26517	0.5	1442	382	1250	4173	2.89
1980-1984	97	0.32389	0.27874	0.5	1059	295	912	2922	2.76
1980-1984	98	0.34262	0.29251	0.5	764	223	652	2010	2.63
1980-1984	99	0.36185	0.30641	0.5	541	166	458	1358	2.51
1980-1984	100	0.38154	0.32042	0.5	375	120	315	900	2.40
1980-1984	101	0.40163	0.33446	0.5	255	85	212	586	2.30
1980-1984	102	0.42205	0.34851	0.5	170	59	140	373	2.20
1980-1984	103	0.44274	0.36250	0.5	110	40	90	233	2.11
1980-1984	104	0.46363	0.37638	0.5	70	27	57	143	2.03
1980-1984	105	0.48466	0.39012	0.5	44	17	35	86	1.95
1980-1984	106	0.50573	0.40366	0.5	27	11	21	50	1.88
1980-1984	107	0.52679	0.41696	0.5	16	7	13	29	1.82
1980-1984	108	0.54775	0.42999	0.5	9	4	7	16	1.77
1980-1984	109	0.56854	0.44269	0.5	5	2	4	9	1.72
1980-1984	110+	0.58909	1.00000	1.7	3	3	5	5	1.70
1985-1989	0	0.01441	0.01422	0.08	100000	1422	98697	6922239	69.22
1985-1989	1	0.00094	0.00094	0.5	98578	93	98532	6823541	69.22
1985-1989	2	0.00070	0.00070	0.5	98485	69	98451	6725010	68.28
1985-1989	3	0.00051	0.00051	0.5	98416	50	98391	6626559	67.33
1985-1989	4	0.00045	0.00045	0.5	98366	44	98344	6528168	66.37
1985-1989	5	0.00047	0.00047	0.5	98322	46	98299	6429824	65.40
1985-1989	6	0.00041	0.00041	0.5	98276	41	98255	6331525	64.43
1985-1989	7	0.00030	0.00030	0.5	98235	29	98220	6233269	63.45
1985-1989	8	0.00029	0.00029	0.5	98206	29	98192	6135049	62.47
1985-1989	9	0.00032	0.00032	0.5	98177	32	98162	6036857	61.49
1985-1989	10	0.00028	0.00028	0.5	98146	27	98132	5938696	60.51
1985-1989	11	0.00033	0.00033	0.5	98118	32	98102	5840564	59.53
1985-1989	12	0.00038	0.00038	0.5	98086	38	98068	5742461	58.54
1985-1989	13	0.00050	0.00050	0.5	98049	49	98024	5644394	57.57
1985-1989	14	0.00057	0.00057	0.5	97999	56	97972	5546370	56.60
1985-1989	15	0.00084	0.00084	0.5	97944	82	97903	5448398	55.63
1985-1989	16	0.00114	0.00114	0.5	97862	112	97806	5350495	54.67
1985-1989	17	0.00144	0.00144	0.5	97750	140	97680	5252690	53.74
1985-1989	18	0.00166	0.00166	0.5	97609	162	97529	5155010	52.81
1985-1989	19	0.00168	0.00168	0.5	97448	163	97366	5057482	51.90
1985-1989	20	0.00173	0.00173	0.5	97284	169	97200	4960115	50.99
1985-1989	21	0.00171	0.00171	0.5	97116	166	97033	4862915	50.07
1985-1989	22	0.00174	0.00174	0.5	96950	169	96866	4765882	49.16
1985-1989	23	0.00183	0.00182	0.5	96781	176	96693	4669017	48.24
1985-1989	24	0.00195	0.00195	0.5	96605	188	96511	4572324	47.33
1985-1989	25	0.00194	0.00194	0.5	96417	187	96323	4475813	46.42
1985-1989	26	0.00187	0.00187	0.5	96229	180	96140	4379490	45.51
1985-1989	27	0.00193	0.00193	0.5	96050	185	95957	4283350	44.60
1985-1989	28	0.00229	0.00229	0.5	95865	219	95755	4187393	43.68
1985-1989	29	0.00208	0.00208	0.5	95646	199	95546	4091637	42.78
1985-1989	30	0.00236	0.00235	0.5	95447	225	95335	3996091	41.87
1985-1989	31	0.00229	0.00229	0.5	95222	218	95113	3900756	40.96
1985-1989	32	0.00237	0.00237	0.5	95004	225	94892	3805643	40.06
1985-1989	33	0.00277	0.00276	0.5	94779	262	94648	3710751	39.15
1985-1989	34	0.00250	0.00250	0.5	94518	236	94399	3616103	38.26
1985-1989	35	0.00278	0.00277	0.5	94281	262	94150	3521703	37.35
1985-1989	36	0.00258	0.00258	0.5	94020	243	93898	3427553	36.46
1985-1989	37	0.00291	0.00291	0.5	93777	273	93641	3333655	35.55
1985-1989	38	0.00332	0.00332	0.5	93504	310	93349	3240014	34.65
1985-1989	39	0.00313	0.00312	0.5	93194	291	93049	3146665	33.76
1985-1989	40	0.00324	0.00324	0.5	92903	301	92753	3053616	32.87
1985-1989	41	0.00360	0.00360	0.5	92602	333	92436	2960864	31.97
1985-1989	42	0.00400	0.00400	0.5	92269	369	92085	2868428	31.09
1985-1989	43	0.00441	0.00440	0.5	91901	405	91698	2776343	30.21
1985-1989	44	0.00451	0.00450	0.5	91496	411	91290	2684645	29.34
1985-1989	45	0.00542	0.00541	0.5	91084	493	90838	2593355	28.47
1985-1989	46	0.00564	0.00562	0.5	90592	509	90337	2502517	27.62
1985-1989	47	0.00619	0.00617	0.5	90082	556	89804	2412180	26.78
1985-1989	48	0.00717	0.00714	0.5	89526	639	89206	2322376	25.94
1985-1989	49	0.00711	0.00708	0.5	88887	629	88572	2233169	25.12
1985-1989	50	0.00760	0.00757	0.5	88257	668	87923	2144597	24.30
1985-1989	51	0.00893	0.00889	0.5	87589	779	87200	2056674	23.48
1985-1989	52	0.01079	0.01073	0.5	86810	931	86345	1969475	22.69
1985-1989	53	0.01038	0.01033	0.5	85879	887	85436	1883130	21.93
1985-1989	54	0.01204	0.01197	0.5	84992	1017	84483	1797694	21.15
1985-1989	55	0.01330	0.01321	0.5	83975	1109	83420	1713211	20.40
1985-1989	56	0.01489	0.01478	0.5	82866	1225	82253	1629791	19.67
1985-1989	57	0.01507	0.01496	0.5	81641	1221	81030	1547537	18.96
1985-1989	58	0.01768	0.01752	0.5	80420	1409	79715	1466507	18.24
1985-1989	59	0.01863	0.01846	0.5	79011	1458	78281	1386792	17.55
1985-1989	60	0.02087	0.02066	0.5	77552	1602	76751	1308510	16.87
1985-1989	61	0.02160	0.02137	0.5	75950	1623	75139	1231759	16.22
1985-1989	62	0.02510	0.02479	0.5	74327	1842	73406	1156620	15.56
1985-1989	63	0.02626	0.02592	0.5	72485	1879	71545	1083214	14.94
1985-1989	64	0.02882	0.02841	0.5	70606	2006	69603	1011669	14.33
1985-1989	65	0.03175	0.03126	0.5	68600	2144	67528	942066	13.73
1985-1989	66	0.03402	0.03345	0.5	66456	2223	65344	874538	13.16
1985-1989	67	0.03442	0.03384	0.5	64233	2173	63146	809194	12.60
1985-1989	68	0.03948	0.03872	0.5	62060	2403	60858	746048	12.02
1985-1989	69	0.04351	0.04259	0.5	59657	2541	58386	685189	11.49
1985-1989	70	0.04495	0.04396	0.5	57116	2511	55861	626803	10.97
1985-1989	71	0.04871	0.04755	0.5	54605	2597	53307	570943	10.46
1985-1989	72	0.05680	0.05523	0.5	52008	2873	50572	517636	9.95
1985-1989	73	0.06038	0.05861	0.5	49136	2880	47696	467064	9.51
1985-1989	74	0.06350	0.06155	0.5	46256	2847	44833	419368	9.07
1985-1989	75	0.07087	0.06845	0.5	43409	2971	41923	374536	8.63
1985-1989	76	0.07690	0.07405	0.5	40438	2995	38940	332612	8.23
1985-1989	77	0.07735	0.07447	0.5	37443	2789	36049	293672	7.84
1985-1989	78	0.08571	0.08218	0.5	34655	2848	33231	257623	7.43
1985-1989	79	0.08853	0.08478	0.5	31807	2697	30458	224392	7.05
1985-1989	80	0.10142	0.09653	0.5	29110	2810	27705	193934	6.66
1985-1989	81	0.10654	0.10115	0.5	26300	2660	24970	166229	6.32
1985-1989	82	0.11599	0.10963	0.5	23640	2592	22344	141259	5.98
1985-1989	83	0.12384	0.11662	0.5	21048	2455	19821	118915	5.65
1985-1989	84	0.13573	0.12710	0.5	18594	2363	17412	99094	5.33
1985-1989	85	0.14457	0.13483	0.5	16230	2188	15136	81682	5.03
1985-1989	86	0.16851	0.15541	0.5	14042	2182	12951	66546	4.74
1985-1989	87	0.16775	0.15477	0.5	11860	1836	10942	53595	4.52
1985-1989	88	0.18438	0.16882	0.5	10024	1692	9178	42653	4.25
1985-1989	89	0.20511	0.18603	0.5	8332	1550	7557	33475	4.02
1985-1989	90	0.21408	0.19338	0.5	6782	1312	6126	25918	3.82
1985-1989	91	0.22965	0.20600	0.5	5470	1127	4907	19792	3.62
1985-1989	92	0.24600	0.21905	0.5	4344	951	3868	14885	3.43
1985-1989	93	0.26311	0.23252	0.5	3392	789	2998	11017	3.25
1985-1989	94	0.28097	0.24636	0.5	2603	641	2283	8019	3.08
1985-1989	95	0.29955	0.26053	0.5	1962	511	1706	5736	2.92
1985-1989	96	0.31882	0.27498	0.5	1451	399	1251	4030	2.78
1985-1989	97	0.33872	0.28967	0.5	1052	305	900	2778	2.64
1985-1989	98	0.35922	0.30452	0.5	747	228	633	1879	2.51
1985-1989	99	0.38023	0.31949	0.5	520	166	437	1246	2.40
1985-1989	100	0.40171	0.33452	0.5	354	118	294	809	2.29
1985-1989	101	0.42357	0.34954	0.5	235	82	194	514	2.19
1985-1989	102	0.44574	0.36450	0.5	153	56	125	320	2.09
1985-1989	103	0.46812	0.37933	0.5	97	37	79	195	2.01
1985-1989	104	0.49063	0.39398	0.5	60	24	48	116	1.93
1985-1989	105	0.51318	0.40839	0.5	37	15	29	68	1.85
1985-1989	106	0.53568	0.42251	0.5	22	9	17	39	1.78
1985-1989	107	0.55803	0.43630	0.5	13	5	10	22	1.72
1985-1989	108	0.58015	0.44970	0.5	7	3	5	12	1.67
1985-1989	109	0.60195	0.46269	0.5	4	2	3	6	1.63
1985-1989	110+	0.62336	1.00000	1.6	2	2	3	3	1.60
1990-1994	0	0.01268	0.01253	0.08	100000	1253	98846	7023177	70.23
1990-1994	1	0.00083	0.00083	0.5	98747	82	98706	6924331	70.12
1990-1994	2	0.00063	0.00063	0.5	98665	62	98634	6825625	69.18
1990-1994	3	0.00047	0.00047	0.5	98603	46	98580	6726992	68.22
1990-1994	4	0.00037	0.00037	0.5	98557	36	98538	6628412	67.25
1990-1994	5	0.00035	0.00035	0.5	98520	34	98503	6529874	66.28
1990-1994	6	0.00024	0.00024	0.5	98486	24	98474	6431371	65.30
1990-1994	7	0.00029	0.00029	0.5	98462	28	98448	6332897	64.32
1990-1994	8	0.00024	0.00024	0.5	98434	24	98422	6234449	63.34
1990-1994	9	0.00022	0.00022	0.5	98410	22	98399	6136027	62.35
1990-1994	10	0.00028	0.00028	0.5	98388	27	98375	6037628	61.37
1990-1994	11	0.00024	0.00024	0.5	98361	24	98349	5939253	60.38
1990-1994	12	0.00029	0.00029	0.5	98338	28	98324	5840904	59.40
1990-1994	13	0.00032	0.00032	0.5	98309	32	98294	5742581	58.41
1990-1994	14	0.00049	0.00049	0.5	98278	48	98254	5644287	57.43
1990-1994	15	0.00075	0.00075	0.5	98230	73	98193	5546033	56.46
1990-1994	16	0.00118	0.00118	0.5	98156	115	98099	5447840	55.50
1990-1994	17	0.00137	0.00137	0.5	98041	134	97974	5349741	54.57
1990-1994	18	0.00161	0.00161	0.5	97907	157	97828	5251768	53.64
1990-1994	19	0.00161	0.00161	0.5	97749	158	97671	5153940	52.73
1990-1994	20	0.00164	0.00164	0.5	97592	160	97512	5056269	51.81
1990-1994	21	0.00176	0.00176	0.5	97432	172	97346	4958757	50.89
1990-1994	22	0.00169	0.00169	0.5	97260	164	97178	4861410	49.98
1990-1994	23	0.00177	0.00177	0.5	97096	172	97010	4764232	49.07
1990-1994	24	0.00173	0.00173	0.5	96925	168	96841	4667222	48.15
1990-1994	25	0.00178	0.00177	0.5	96757	172	96671	4570381	47.24
1990-1994	26	0.00180	0.00180	0.5	96585	174	96498	4473710	46.32
1990-1994	27	0.00181	0.00181	0.5	96411	175	96324	4377212	45.40
1990-1994	28	0.00226	0.00225	0.5	96237	217	96128	4280888	44.48
1990-1994	29	0.00209	0.00209	0.5	96020	201	95919	4184760	43.58
1990-1994	30	0.00235	0.00235	0.5	95819	225	95706	4088841	42.67
1990-1994	31	0.00238	0.00238	0.5	95594	228	95480	3993134	41.77
1990-1994	32	0.00257	0.00257	0.5	95366	245	95244	3897654	40.87
1990-1994	33	0.00278	0.00278	0.5	95121	264	94989	3802410	39.97
1990-1994	34	0.00300	0.00300	0.5	94857	284	94715	3707421	39.08
1990-1994	35	0.00301	0.00301	0.5	94573	285	94430	3612706	38.20
1990-1994	36	0.00334	0.00333	0.5	94288	314	94131	3518276	37.31
1990-1994	37	0.00320	0.00320	0.5	93973	300	93823	3424146	36.44
1990-1994	38	0.00366	0.00366	0.5	93673	342	93502	3330322	35.55
1990-1994	39	0.00349	0.00349	0.5	93331	325	93168	3236820	34.68
1990-1994	40	0.00385	0.00384	0.5	93005	357	92827	3143652	33.80
1990-1994	41	0.00382	0.00382	0.5	92648	354	92471	3050825	32.93
1990-1994	42	0.00404	0.00404	0.5	92294	372	92108	2958354	32.05
1990-1994	43	0.00440	0.00439	0.5	91922	404	91720	2866246	31.18
1990-1994	44	0.00439	0.00438	0.5	91518	401	91318	2774526	30.32
1990-1994	45	0.00505	0.00503	0.5	91118	459	90888	2683208	29.45
1990-1994	46	0.00547	0.00546	0.5	90659	495	90412	2592320	28.59
1990-1994	47	0.00607	0.00605	0.5	90164	546	89891	2501908	27.75
1990-1994	48	0.00691	0.00689	0.5	89618	617	89310	2412017	26.91
1990-1994	49	0.00645	0.00643	0.5	89001	572	88715	2322707	26.10
1990-1994	50	0.00711	0.00708	0.5	88429	626	88116	2233992	25.26
1990-1994	51	0.00804	0.00801	0.5	87802	703	87451	2145876	24.44
1990-1994	52	0.00897	0.00893	0.5	87099	778	86710	2058426	23.63
1990-1994	53	0.00978	0.00973	0.5	86321	840	85901	1971716	22.84
1990-1994	54	0.01025	0.01020	0.5	85481	872	85045	1885815	22.06
1990-1994	55	0.01185	0.01178	0.5	84609	997	84111	1800770	21.28
1990-1994	56	0.01279	0.01271	0.5	83612	1063	83081	1716659	20.53
1990-1994	57	0.01333	0.01325	0.5	82550	1093	82003	1633578	19.79
1990-1994	58	0.01590	0.01578	0.5	81456	1285	80813	1551576	19.05
1990-1994	59	0.01630	0.01617	0.5	80171	1296	79523	1470762	18.35
1990-1994	60	0.01834	0.01817	0.5	78875	1434	78158	1391239	17.64
1990-1994	61	0.02022	0.02001	0.5	77441	1550	76666	1313082	16.96
1990-1994	62	0.02259	0.02234	0.5	75891	1695	75043	1236416	16.29
1990-1994	63	0.02371	0.02343	0.5	74196	1738	73326	1161372	15.65
1990-1994	64	0.02557	0.02525	0.5	72457	1829	71543	1088046	15.02
1990-1994	65	0.02867	0.02827	0.5	70628	1997	69630	1016503	14.39
1990-1994	66	0.02979	0.02935	0.5	68631	2014	67624	946873	13.80
1990-1994	67	0.03211	0.03161	0.5	66617	2106	65564	879249	13.20
1990-1994	68	0.03554	0.03492	0.5	64512	2253	63385	813684	12.61
1990-1994	69	0.03828	0.03756	0.5	62259	2338	61090	750299	12.05
1990-1994	70	0.04032	0.03952	0.5	59921	2368	58737	689209	11.50
1990-1994	71	0.04495	0.04396	0.5	57553	2530	56287	630473	10.95
1990-1994	72	0.04858	0.04742	0.5	55022	2609	53718	574185	10.44
1990-1994	73	0.05226	0.05093	0.5	52413	2670	51078	520467	9.93
1990-1994	74	0.05894	0.05726	0.5	49744	2848	48319	469389	9.44
1990-1994	75	0.05977	0.05804	0.5	46895	2722	45535	421070	8.98
1990-1994	76	0.06739	0.06520	0.5	44174	2880	42734	375535	8.50
1990-1994	77	0.07308	0.07050	0.5	41294	2911	39838	332802	8.06
1990-1994	78	0.07820	0.07526	0.5	38382	2889	36938	292963	7.63
1990-1994	79	0.08278	0.07949	0.5	35494	2821	34083	256025	7.21
1990-1994	80	0.09478	0.09049	0.5	32673	2957	31194	221942	6.79
1990-1994	81	0.10471	0.09950	0.5	29716	2957	28238	190748	6.42
1990-1994	82	0.10984	0.10412	0.5	26759	2786	25366	162510	6.07
1990-1994	83	0.12292	0.11581	0.5	23973	2776	22585	137144	5.72
1990-1994	84	0.13061	0.12260	0.5	21197	2599	19898	114559	5.40
1990-1994	85	0.14438	0.13466	0.5	18598	2504	17346	94661	5.09
1990-1994	86	0.15925	0.14750	0.5	16094	2374	14907	77315	4.80
1990-1994	87	0.16856	0.15546	0.5	13720	2133	12653	62409	4.55
1990-1994	88	0.18176	0.16662	0.5	11587	1931	10622	49755	4.29
1990-1994	89	0.19447	0.17724	0.5	9656	1711	8801	39133	4.05
1990-1994	90	0.21234	0.19196	0.5	7945	1525	7182	30333	3.82
1990-1994	91	0.22862	0.20517	0.5	6420	1317	5761	23150	3.61
1990-1994	92	0.24576	0.21886	0.5	5103	1117	4544	17389	3.41
1990-1994	93	0.26374	0.23301	0.5	3986	929	3522	12845	3.22
1990-1994	94	0.28254	0.24757	0.5	3057	757	2679	9323	3.05
1990-1994	95	0.30214	0.26249	0.5	2300	604	1998	6645	2.89
1990-1994	96	0.32249	0.27771	0.5	1696	471	1461	4646	2.74
1990-1994	97	0.34353	0.29317	0.5	1225	359	1046	3185	2.60
1990-1994	98	0.36520	0.30881	0.5	866	267	732	2140	2.47
1990-1994	99	0.38744	0.32456	0.5	599	194	502	1407	2.35
1990-1994	100	0.41015	0.34035	0.5	404	138	336	906	2.24
1990-1994	101	0.43325	0.35611	0.5	267	95	219	570	2.14
1990-1994	102	0.45665	0.37177	0.5	172	64	140	351	2.04
1990-1994	103	0.48024	0.38725	0.5	108	42	87	211	1.96
1990-1994	104	0.50392	0.40250	0.5	66	27	53	124	1.88
1990-1994	105	0.52758	0.41746	0.5	40	16	31	71	1.80
1990-1994	106	0.55112	0.43206	0.5	23	10	18	40	1.74
1990-1994	107	0.57443	0.44626	0.5	13	6	10	22	1.68
1990-1994	108	0.59741	0.46000	0.5	7	3	6	12	1.63
1990-1994	109	0.61998	0.47327	0.5	4	2	3	6	1.58
1990-1994	110+	0.64203	1.00000	1.56	2	2	3	3	1.56
1995-1999	0	0.01005	0.00996	0.07	100000	996	99076	7160571	71.61
1995-1999	1	0.00075	0.00075	0.5	99004	74	98967	7061495	71.33
1995-1999	2	0.00044	0.00044	0.5	98930	43	98908	6962527	70.38
1995-1999	3	0.00042	0.00042	0.5	98887	42	98866	6863619	69.41
1995-1999	4	0.00033	0.00033	0.5	98845	33	98828	6764753	68.44
1995-1999	5	0.00031	0.00031	0.5	98812	31	98797	6665925	67.46
1995-1999	6	0.00028	0.00028	0.5	98782	27	98768	6567128	66.48
1995-1999	7	0.00024	0.00024	0.5	98754	23	98743	6468360	65.50
1995-1999	8	0.00027	0.00027	0.5	98731	27	98717	6369618	64.51
1995-1999	9	0.00023	0.00023	0.5	98704	23	98692	6270900	63.53
1995-1999	10	0.00019	0.00019	0.5	98681	18	98672	6172208	62.55
1995-1999	11	0.00028	0.00028	0.5	98663	28	98649	6073536	61.56
1995-1999	12	0.00025	0.00025	0.5	98635	25	98622	5974888	60.58
1995-1999	13	0.00037	0.00037	0.5	98610	36	98592	5876265	59.59
1995-1999	14	0.00053	0.00053	0.5	98574	52	98548	5777674	58.61
1995-1999	15	0.00071	0.00071	0.5	98522	70	98487	5679126	57.64
1995-1999	16	0.00106	0.00106	0.5	98452	104	98400	5580639	56.68
1995-1999	17	0.00119	0.00119	0.5	98347	117	98289	5482239	55.74
1995-1999	18	0.00146	0.00145	0.5	98231	143	98159	5383950	54.81
1995-1999	19	0.00146	0.00146	0.5	98088	143	98016	5285791	53.89
1995-1999	20	0.00142	0.00142	0.5	97945	139	97875	5187774	52.97
1995-1999	21	0.00164	0.00164	0.5	97806	161	97726	5089899	52.04
1995-1999	22	0.00143	0.00143	0.5	97645	140	97575	4992173	51.13
1995-1999	23	0.00153	0.00153	0.5	97506	149	97431	4894598	50.20
1995-1999	24	0.00141	0.00141	0.5	97357	138	97288	4797167	49.27
1995-1999	25	0.00142	0.00142	0.5	97219	138	97150	4699879	48.34
1995-1999	26	0.00156	0.00156	0.5	97081	151	97006	4602729	47.41
1995-1999	27	0.00152	0.00152	0.5	96930	147	96857	4505723	46.48
1995-1999	28	0.00161	0.00161	0.5	96783	156	96705	4408867	45.55
1995-1999	29	0.00169	0.00169	0.5	96627	163	96546	4312162	44.63
1995-1999	30	0.00177	0.00177	0.5	96464	171	96378	4215616	43.70
1995-1999	31	0.00193	0.00193	0.5	96293	186	96200	4119238	42.78
1995-1999	32	0.00191	0.00191	0.5	96107	183	96016	4023037	41.86
1995-1999	33	0.00214	0.00213	0.5	95924	205	95822	3927022	40.94
1995-1999	34	0.00225	0.00224	0.5	95719	215	95612	3831200	40.03
1995-1999	35	0.00242	0.00242	0.5	95504	231	95389	3735588	39.11
1995-1999	36	0.00251	0.00251	0.5	95274	239	95154	3640199	38.21
1995-1999	37	0.00258	0.00258	0.5	95035	245	94912	3545045	37.30
1995-1999	38	0.00276	0.00276	0.5	94789	262	94659	3450133	36.40
1995-1999	39	0.00330	0.00330	0.5	94528	312	94372	3355474	35.50
1995-1999	40	0.00323	0.00322	0.5	94216	303	94064	3261102	34.61
1995-1999	41	0.00365	0.00364	0.5	93913	342	93742	3167038	33.72
1995-1999	42	0.00383	0.00382	0.5	93571	358	93392	3073296	32.84
1995-1999	43	0.00419	0.00418	0.5	93213	390	93018	2979905	31.97
1995-1999	44	0.00440	0.00439	0.5	92823	408	92619	2886887	31.10
1995-1999	45	0.00492	0.00491	0.5	92415	454	92188	2794268	30.24
1995-1999	46	0.00523	0.00522	0.5	91962	480	91722	2702079	29.38
1995-1999	47	0.00528	0.00527	0.5	91482	482	91241	2610358	28.53
1995-1999	48	0.00574	0.00572	0.5	91000	521	90740	2519117	27.68
1995-1999	49	0.00600	0.00598	0.5	90479	541	90208	2428377	26.84
1995-1999	50	0.00649	0.00647	0.5	89938	582	89647	2338169	26.00
1995-1999	51	0.00753	0.00750	0.5	89356	670	89021	2248522	25.16
1995-1999	52	0.00804	0.00801	0.5	88686	710	88331	2159501	24.35
1995-1999	53	0.00885	0.00881	0.5	87976	775	87588	2071170	23.54
1995-1999	54	0.00922	0.00918	0.5	87201	800	86801	1983582	22.75
1995-1999	55	0.01047	0.01041	0.5	86401	900	85951	1896781	21.95
1995-1999	56	0.01163	0.01157	0.5	85501	989	85006	1810830	21.18
1995-1999	57	0.01249	0.01241	0.5	84512	1049	83988	1725824	20.42
1995-1999	58	0.01341	0.01332	0.5	83463	1112	82907	1641836	19.67
1995-1999	59	0.01465	0.01455	0.5	82352	1198	81753	1558929	18.93
1995-1999	60	0.01605	0.01592	0.5	81154	1292	80508	1477176	18.20
1995-1999	61	0.01824	0.01807	0.5	79862	1443	79140	1396668	17.49
1995-1999	62	0.01970	0.01951	0.5	78418	1530	77654	1317528	16.80
1995-1999	63	0.02222	0.02198	0.5	76889	1690	76044	1239875	16.13
1995-1999	64	0.02377	0.02349	0.5	75199	1766	74316	1163831	15.48
1995-1999	65	0.02580	0.02547	0.5	73433	1870	72498	1089515	14.84
1995-1999	66	0.02768	0.02731	0.5	71562	1954	70585	1017017	14.21
1995-1999	67	0.02859	0.02819	0.5	69608	1962	68627	946432	13.60
1995-1999	68	0.03157	0.03108	0.5	67646	2102	66595	877805	12.98
1995-1999	69	0.03627	0.03562	0.5	65544	2335	64376	811210	12.38
1995-1999	70	0.03782	0.03712	0.5	63209	2346	62036	746834	11.82
1995-1999	71	0.04249	0.04161	0.5	60863	2532	59596	684798	11.25
1995-1999	72	0.04543	0.04442	0.5	58330	2591	57035	625201	10.72
1995-1999	73	0.05054	0.04929	0.5	55739	2747	54366	568167	10.19
1995-1999	74	0.05282	0.05146	0.5	52992	2727	51628	513801	9.70
1995-1999	75	0.05797	0.05633	0.5	50265	2832	48849	462173	9.19
1995-1999	76	0.06450	0.06248	0.5	47433	2964	45952	413324	8.71
1995-1999	77	0.06717	0.06499	0.5	44470	2890	43025	367372	8.26
1995-1999	78	0.07465	0.07197	0.5	41580	2992	40084	324347	7.80
1995-1999	79	0.07859	0.07562	0.5	38587	2918	37128	284264	7.37
1995-1999	80	0.08751	0.08384	0.5	35669	2991	34174	247135	6.93
1995-1999	81	0.09429	0.09005	0.5	32679	2943	31207	212961	6.52
1995-1999	82	0.10788	0.10236	0.5	29736	3044	28214	181754	6.11
1995-1999	83	0.11691	0.11046	0.5	26692	2948	25218	153540	5.75
1995-1999	84	0.13013	0.12218	0.5	23744	2901	22294	128321	5.40
1995-1999	85	0.13818	0.12925	0.5	20843	2694	19496	106028	5.09
1995-1999	86	0.15649	0.14514	0.5	18149	2634	16832	86532	4.77
1995-1999	87	0.17008	0.15675	0.5	15515	2432	14299	69700	4.49
1995-1999	88	0.18567	0.16990	0.5	13083	2223	11972	55401	4.23
1995-1999	89	0.18901	0.17269	0.5	10860	1875	9923	43429	4.00
1995-1999	90	0.21487	0.19402	0.5	8985	1743	8113	33507	3.73
1995-1999	91	0.23295	0.20865	0.5	7242	1511	6486	25394	3.51
1995-1999	92	0.25207	0.22386	0.5	5731	1283	5089	18908	3.30
1995-1999	93	0.27220	0.23959	0.5	4448	1066	3915	13818	3.11
1995-1999	94	0.29331	0.25580	0.5	3382	865	2950	9904	2.93
1995-1999	95	0.31535	0.27240	0.5	2517	686	2174	6954	2.76
1995-1999	96	0.33825	0.28932	0.5	1831	530	1566	4780	2.61
1995-1999	97	0.36193	0.30647	0.5	1302	399	1102	3213	2.47
1995-1999	98	0.38630	0.32376	0.5	903	292	757	2111	2.34
1995-1999	99	0.41126	0.34111	0.5	610	208	506	1355	2.22
1995-1999	100	0.43668	0.35842	0.5	402	144	330	849	2.11
1995-1999	101	0.46243	0.37559	0.5	258	97	210	518	2.01
1995-1999	102	0.48839	0.39254	0.5	161	63	129	309	1.92
1995-1999	103	0.51442	0.40917	0.5	98	40	78	179	1.83
1995-1999	104	0.54036	0.42542	0.5	58	25	46	102	1.76
1995-1999	105	0.56609	0.44121	0.5	33	15	26	56	1.69
1995-1999	106	0.59147	0.45647	0.5	19	8	14	30	1.62
1995-1999	107	0.61637	0.47116	0.5	10	5	8	16	1.57
1995-1999	108	0.64067	0.48523	0.5	5	3	4	8	1.52
1995-1999	109	0.66427	0.49865	0.5	3	1	2	4	1.48
1995-1999	110+	0.68708	1.00000	1.46	1	1	2	2	1.46
2000-2004	0	0.00995	0.00985	0.07	100000	985	99085	7261728	72.62
2000-2004	1	0.00065	0.00065	0.5	99015	64	98982	7162643	72.34
2000-2004	2	0.00043	0.00043	0.5	98950	42	98929	7063660	71.39
2000-2004	3	0.00033	0.00033	0.5	98908	33	98892	6964731	70.42
2000-2004	4	0.00030	0.00030	0.5	98876	30	98861	6865839	69.44
2000-2004	5	0.00023	0.00023	0.5	98846	23	98834	6766979	68.46
2000-2004	6	0.00014	0.00014	0.5	98822	14	98816	6668145	67.48
2000-2004	7	0.00017	0.00017	0.5	98809	17	98800	6569329	66.49
2000-2004	8	0.00021	0.00021	0.5	98792	21	98782	6470529	65.50
2000-2004	9	0.00017	0.00017	0.5	98771	16	98763	6371747	64.51
2000-2004	10	0.00019	0.00019	0.5	98755	19	98745	6272984	63.52
2000-2004	11	0.00016	0.00016	0.5	98736	15	98728	6174239	62.53
2000-2004	12	0.00024	0.00024	0.5	98720	24	98708	6075511	61.54
2000-2004	13	0.00031	0.00031	0.5	98696	31	98681	5976803	60.56
2000-2004	14	0.00034	0.00034	0.5	98665	33	98649	5878122	59.58
2000-2004	15	0.00049	0.00049	0.5	98632	48	98608	5779474	58.60
2000-2004	16	0.00082	0.00082	0.5	98583	81	98543	5680866	57.62
2000-2004	17	0.00100	0.00100	0.5	98503	98	98454	5582323	56.67
2000-2004	18	0.00116	0.00116	0.5	98405	114	98348	5483869	55.73
2000-2004	19	0.00138	0.00138	0.5	98291	135	98223	5385522	54.79
2000-2004	20	0.00153	0.00153	0.5	98156	150	98080	5287298	53.87
2000-2004	21	0.00153	0.00153	0.5	98005	150	97930	5189218	52.95
2000-2004	22	0.00138	0.00138	0.5	97856	135	97788	5091287	52.03
2000-2004	23	0.00157	0.00157	0.5	97721	154	97644	4993499	51.10
2000-2004	24	0.00154	0.00153	0.5	97567	150	97492	4895855	50.18
2000-2004	25	0.00142	0.00142	0.5	97417	138	97348	4798363	49.26
2000-2004	26	0.00145	0.00145	0.5	97279	141	97208	4701015	48.33
2000-2004	27	0.00148	0.00147	0.5	97138	143	97066	4603807	47.39
2000-2004	28	0.00156	0.00155	0.5	96995	151	96919	4506740	46.46
2000-2004	29	0.00156	0.00156	0.5	96844	151	96768	4409821	45.54
2000-2004	30	0.00155	0.00154	0.5	96693	149	96618	4313053	44.61
2000-2004	31	0.00154	0.00154	0.5	96543	149	96469	4216435	43.67
2000-2004	32	0.00163	0.00163	0.5	96395	157	96316	4119966	42.74
2000-2004	33	0.00175	0.00175	0.5	96238	168	96154	4023650	41.81
2000-2004	34	0.00167	0.00167	0.5	96070	160	95990	3927496	40.88
2000-2004	35	0.00202	0.00202	0.5	95910	194	95813	3831506	39.95
2000-2004	36	0.00207	0.00207	0.5	95716	198	95617	3735694	39.03
2000-2004	37	0.00228	0.00227	0.5	95518	217	95409	3640077	38.11
2000-2004	38	0.00257	0.00256	0.5	95301	244	95179	3544667	37.19
2000-2004	39	0.00247	0.00246	0.5	95057	234	94939	3449489	36.29
2000-2004	40	0.00287	0.00287	0.5	94822	272	94686	3354549	35.38
2000-2004	41	0.00321	0.00320	0.5	94550	303	94399	3259863	34.48
2000-2004	42	0.00357	0.00356	0.5	94248	336	94080	3165464	33.59
2000-2004	43	0.00393	0.00392	0.5	93912	368	93728	3071384	32.70
2000-2004	44	0.00440	0.00439	0.5	93544	410	93339	2977656	31.83
2000-2004	45	0.00453	0.00452	0.5	93134	421	92923	2884317	30.97
2000-2004	46	0.00491	0.00490	0.5	92713	454	92486	2791394	30.11
2000-2004	47	0.00538	0.00536	0.5	92259	495	92012	2698907	29.25
2000-2004	48	0.00580	0.00578	0.5	91765	531	91499	2606896	28.41
2000-2004	49	0.00623	0.00621	0.5	91234	567	90950	2515396	27.57
2000-2004	50	0.00649	0.00647	0.5	90667	586	90374	2424446	26.74
2000-2004	51	0.00733	0.00730	0.5	90080	658	89752	2334072	25.91
2000-2004	52	0.00799	0.00796	0.5	89423	712	89067	2244321	25.10
2000-2004	53	0.00864	0.00860	0.5	88711	763	88329	2155254	24.30
2000-2004	54	0.00873	0.00869	0.5	87948	765	87565	2066924	23.50
2000-2004	55	0.00989	0.00984	0.5	87183	858	86754	1979359	22.70
2000-2004	56	0.01025	0.01020	0.5	86325	881	85885	1892605	21.92
2000-2004	57	0.01134	0.01128	0.5	85444	963	84963	1806720	21.15
2000-2004	58	0.01227	0.01219	0.5	84481	1030	83966	1721758	20.38
2000-2004	59	0.01381	0.01371	0.5	83451	1144	82879	1637792	19.63
2000-2004	60	0.01486	0.01475	0.5	82307	1214	81699	1554913	18.89
2000-2004	61	0.01655	0.01642	0.5	81092	1331	80427	1473214	18.17
2000-2004	62	0.01768	0.01752	0.5	79761	1398	79062	1392787	17.46
2000-2004	63	0.01925	0.01907	0.5	78363	1494	77616	1313725	16.76
2000-2004	64	0.02088	0.02066	0.5	76869	1588	76075	1236109	16.08
2000-2004	65	0.02206	0.02182	0.5	75281	1642	74460	1160034	15.41
2000-2004	66	0.02423	0.02394	0.5	73638	1763	72757	1085574	14.74
2000-2004	67	0.02639	0.02604	0.5	71876	1872	70940	1012817	14.09
2000-2004	68	0.02847	0.02808	0.5	70004	1965	69021	941877	13.45
2000-2004	69	0.03217	0.03166	0.5	68039	2154	66962	872856	12.83
2000-2004	70	0.03497	0.03437	0.5	65884	2264	64752	805895	12.23
2000-2004	71	0.03725	0.03657	0.5	63620	2326	62457	741142	11.65
2000-2004	72	0.04144	0.04060	0.5	61294	2488	60049	678686	11.07
2000-2004	73	0.04553	0.04452	0.5	58805	2618	57496	618636	10.52
2000-2004	74	0.04817	0.04704	0.5	56187	2643	54866	561140	9.99
2000-2004	75	0.05206	0.05074	0.5	53544	2717	52186	506274	9.46
2000-2004	76	0.05950	0.05778	0.5	50827	2937	49359	454089	8.93
2000-2004	77	0.06351	0.06155	0.5	47890	2948	46416	404730	8.45
2000-2004	78	0.07017	0.06779	0.5	44942	3047	43419	358314	7.97
2000-2004	79	0.07621	0.07341	0.5	41896	3076	40358	314895	7.52
2000-2004	80	0.08308	0.07977	0.5	38820	3097	37272	274537	7.07
2000-2004	81	0.09141	0.08742	0.5	35724	3123	34162	237265	6.64
2000-2004	82	0.09963	0.09490	0.5	32601	3094	31054	203103	6.23
2000-2004	83	0.11403	0.10788	0.5	29507	3183	27915	172049	5.83
2000-2004	84	0.12465	0.11734	0.5	26324	3089	24779	144134	5.48
2000-2004	85	0.13157	0.12345	0.5	23235	2868	21801	119355	5.14
2000-2004	86	0.14673	0.13670	0.5	20367	2784	18975	97554	4.79
2000-2004	87	0.16133	0.14929	0.5	17582	2625	16270	78580	4.47
2000-2004	88	0.18480	0.16917	0.5	14958	2530	13692	62310	4.17
2000-2004	89	0.19403	0.17687	0.5	12427	2198	11328	48617	3.91
2000-2004	90	0.21748	0.19615	0.5	10229	2006	9226	37289	3.65
2000-2004	91	0.23742	0.21222	0.5	8223	1745	7350	28063	3.41
2000-2004	92	0.25857	0.22897	0.5	6478	1483	5736	20713	3.20
2000-2004	93	0.28092	0.24632	0.5	4995	1230	4379	14977	3.00
2000-2004	94	0.30441	0.26420	0.5	3764	995	3267	10597	2.82
2000-2004	95	0.32897	0.28250	0.5	2770	782	2378	7330	2.65
2000-2004	96	0.35449	0.30112	0.5	1987	598	1688	4952	2.49
2000-2004	97	0.38087	0.31994	0.5	1389	444	1167	3264	2.35
2000-2004	98	0.40798	0.33885	0.5	945	320	784	2097	2.22
2000-2004	99	0.43565	0.35773	0.5	624	223	513	1312	2.10
2000-2004	100	0.46373	0.37645	0.5	401	151	326	800	1.99
2000-2004	101	0.49205	0.39489	0.5	250	99	201	474	1.90
2000-2004	102	0.52041	0.41296	0.5	151	62	120	273	1.81
2000-2004	103	0.54865	0.43054	0.5	89	38	70	153	1.73
2000-2004	104	0.57657	0.44755	0.5	51	23	39	84	1.65
2000-2004	105	0.60402	0.46391	0.5	28	13	21	44	1.59
2000-2004	106	0.63082	0.47956	0.5	15	7	11	23	1.53
2000-2004	107	0.65684	0.49445	0.5	8	4	6	12	1.48
2000-2004	108	0.68195	0.50855	0.5	4	2	3	6	1.43
2000-2004	109	0.70605	0.52183	0.5	2	1	1	3	1.39
2000-2004	110+	0.72904	1.00000	1.37	1	1	1	1	1.37
2005-2009	0	0.00914	0.00906	0.07	100000	906	99157	7386015	73.86
2005-2009	1	0.00053	0.00053	0.5	99094	52	99068	7286858	73.53
2005-2009	2	0.00041	0.00041	0.5	99042	40	99022	7187790	72.57
2005-2009	3	0.00031	0.00031	0.5	99002	31	98986	7088769	71.60
2005-2009	4	0.00021	0.00021	0.5	98970	21	98960	6989783	70.62
2005-2009	5	0.00020	0.00020	0.5	98950	20	98940	6890823	69.64
2005-2009	6	0.00016	0.00016	0.5	98930	16	98921	6791883	68.65
2005-2009	7	0.00018	0.00018	0.5	98913	18	98904	6692962	67.66
2005-2009	8	0.00012	0.00012	0.5	98895	12	98889	6594057	66.68
2005-2009	9	0.00019	0.00019	0.5	98883	18	98874	6495168	65.69
2005-2009	10	0.00015	0.00015	0.5	98865	15	98857	6396294	64.70
2005-2009	11	0.00017	0.00017	0.5	98850	17	98842	6297437	63.71
2005-2009	12	0.00017	0.00017	0.5	98834	17	98825	6198595	62.72
2005-2009	13	0.00024	0.00024	0.5	98816	24	98804	6099770	61.73
2005-2009	14	0.00033	0.00033	0.5	98792	33	98776	6000966	60.74
2005-2009	15	0.00044	0.00044	0.5	98760	44	98738	5902189	59.76
2005-2009	16	0.00072	0.00072	0.5	98716	71	98680	5803452	58.79
2005-2009	17	0.00086	0.00086	0.5	98645	84	98603	5704771	57.83
2005-2009	18	0.00118	0.00118	0.5	98560	116	98502	5606169	56.88
2005-2009	19	0.00134	0.00134	0.5	98444	132	98378	5507666	55.95
2005-2009	20	0.00135	0.00134	0.5	98312	132	98246	5409288	55.02
2005-2009	21	0.00155	0.00154	0.5	98180	152	98105	5311041	54.09
2005-2009	22	0.00156	0.00156	0.5	98029	153	97952	5212937	53.18
2005-2009	23	0.00163	0.00163	0.5	97876	159	97796	5114985	52.26
2005-2009	24	0.00157	0.00157	0.5	97717	154	97640	5017188	51.34
2005-2009	25	0.00171	0.00171	0.5	97563	166	97480	4919548	50.42
2005-2009	26	0.00157	0.00157	0.5	97397	153	97320	4822069	49.51
2005-2009	27	0.00153	0.00153	0.5	97244	149	97170	4724748	48.59
2005-2009	28	0.00155	0.00155	0.5	97095	151	97020	4627579	47.66
2005-2009	29	0.00155	0.00155	0.5	96945	150	96869	4530559	46.73
2005-2009	30	0.00162	0.00162	0.5	96794	157	96716	4433689	45.81
2005-2009	31	0.00166	0.00166	0.5	96638	160	96558	4336973	44.88
2005-2009	32	0.00159	0.00159	0.5	96477	153	96401	4240416	43.95
2005-2009	33	0.00164	0.00164	0.5	96324	158	96245	4144015	43.02
2005-2009	34	0.00183	0.00183	0.5	96166	176	96078	4047770	42.09
2005-2009	35	0.00181	0.00181	0.5	95990	174	95904	3951692	41.17
2005-2009	36	0.00188	0.00188	0.5	95817	180	95727	3855788	40.24
2005-2009	37	0.00208	0.00208	0.5	95637	199	95537	3760061	39.32
2005-2009	38	0.00223	0.00223	0.5	95438	213	95331	3664524	38.40
2005-2009	39	0.00228	0.00228	0.5	95225	217	95116	3569193	37.48
2005-2009	40	0.00241	0.00240	0.5	95008	228	94894	3474076	36.57
2005-2009	41	0.00285	0.00284	0.5	94780	270	94645	3379183	35.65
2005-2009	42	0.00308	0.00307	0.5	94510	290	94365	3284538	34.75
2005-2009	43	0.00353	0.00352	0.5	94220	332	94054	3190173	33.86
2005-2009	44	0.00371	0.00370	0.5	93888	348	93714	3096119	32.98
2005-2009	45	0.00414	0.00413	0.5	93540	387	93347	3002405	32.10
2005-2009	46	0.00447	0.00446	0.5	93154	415	92946	2909059	31.23
2005-2009	47	0.00482	0.00480	0.5	92738	446	92516	2816113	30.37
2005-2009	48	0.00514	0.00513	0.5	92293	473	92056	2723597	29.51
2005-2009	49	0.00567	0.00565	0.5	91820	519	91560	2631541	28.66
2005-2009	50	0.00629	0.00627	0.5	91301	572	91015	2539981	27.82
2005-2009	51	0.00681	0.00679	0.5	90729	616	90421	2448966	26.99
2005-2009	52	0.00776	0.00773	0.5	90112	697	89764	2358546	26.17
2005-2009	53	0.00792	0.00788	0.5	89416	705	89063	2268782	25.37
2005-2009	54	0.00899	0.00895	0.5	88711	794	88314	2179718	24.57
2005-2009	55	0.00953	0.00949	0.5	87917	834	87500	2091405	23.79
2005-2009	56	0.01013	0.01008	0.5	87083	877	86644	2003905	23.01
2005-2009	57	0.01133	0.01127	0.5	86205	971	85719	1917261	22.24
2005-2009	58	0.01133	0.01126	0.5	85234	960	84754	1831542	21.49
2005-2009	59	0.01270	0.01262	0.5	84274	1064	83742	1746788	20.73
2005-2009	60	0.01351	0.01342	0.5	83210	1117	82652	1663046	19.99
2005-2009	61	0.01410	0.01400	0.5	82093	1149	81519	1580394	19.25
2005-2009	62	0.01568	0.01556	0.5	80944	1260	80314	1498875	18.52
2005-2009	63	0.01735	0.01720	0.5	79684	1370	78999	1418561	17.80
2005-2009	64	0.01860	0.01842	0.5	78314	1443	77593	1339562	17.10
2005-2009	65	0.01983	0.01964	0.5	76871	1509	76117	1261969	16.42
2005-2009	66	0.02139	0.02116	0.5	75362	1595	74564	1185853	15.74
2005-2009	67	0.02287	0.02261	0.5	73767	1668	72933	1111288	15.06
2005-2009	68	0.02406	0.02378	0.5	72099	1714	71242	1038355	14.40
2005-2009	69	0.02738	0.02701	0.5	70385	1901	69434	967114	13.74
2005-2009	70	0.02959	0.02916	0.5	68484	1997	67485	897679	13.11
2005-2009	71	0.03072	0.03026	0.5	66487	2012	65481	830194	12.49
2005-2009	72	0.03550	0.03488	0.5	64475	2249	63351	764713	11.86
2005-2009	73	0.03845	0.03773	0.5	62226	2348	61052	701363	11.27
2005-2009	74	0.04272	0.04183	0.5	59878	2505	58626	640311	10.69
2005-2009	75	0.04691	0.04583	0.5	57374	2630	56059	581684	10.14
2005-2009	76	0.05104	0.04977	0.5	54744	2724	53382	525625	9.60
2005-2009	77	0.05279	0.05143	0.5	52020	2676	50682	472243	9.08
2005-2009	78	0.05834	0.05669	0.5	49344	2797	47946	421561	8.54
2005-2009	79	0.06423	0.06223	0.5	46547	2897	45099	373616	8.03
2005-2009	80	0.07529	0.07256	0.5	43650	3167	42067	328517	7.53
2005-2009	81	0.08098	0.07783	0.5	40483	3151	38908	286451	7.08
2005-2009	82	0.09020	0.08630	0.5	37332	3222	35721	247543	6.63
2005-2009	83	0.09865	0.09401	0.5	34110	3207	32507	211822	6.21
2005-2009	84	0.10612	0.10077	0.5	30904	3114	29347	179315	5.80
2005-2009	85	0.12258	0.11550	0.5	27789	3210	26185	149968	5.40
2005-2009	86	0.13351	0.12516	0.5	24580	3076	23041	123784	5.04
2005-2009	87	0.15043	0.13990	0.5	21503	3008	19999	100742	4.68
2005-2009	88	0.16605	0.15332	0.5	18495	2836	17077	80743	4.37
2005-2009	89	0.18258	0.16730	0.5	15659	2620	14349	63666	4.07
2005-2009	90	0.20431	0.18537	0.5	13039	2417	11831	49317	3.78
2005-2009	91	0.22449	0.20184	0.5	10622	2144	9550	37486	3.53
2005-2009	92	0.24606	0.21910	0.5	8478	1858	7550	27935	3.29
2005-2009	93	0.26898	0.23709	0.5	6621	1570	5836	20386	3.08
2005-2009	94	0.29320	0.25571	0.5	5051	1292	4405	14550	2.88
2005-2009	95	0.31865	0.27486	0.5	3759	1033	3243	10145	2.70
2005-2009	96	0.34523	0.29441	0.5	2726	803	2325	6902	2.53
2005-2009	97	0.37282	0.31424	0.5	1923	604	1621	4577	2.38
2005-2009	98	0.40126	0.33421	0.5	1319	441	1099	2956	2.24
2005-2009	99	0.43038	0.35417	0.5	878	311	723	1857	2.11
2005-2009	100	0.46000	0.37398	0.5	567	212	461	1135	2.00
2005-2009	101	0.48989	0.39350	0.5	355	140	285	674	1.90
2005-2009	102	0.51986	0.41261	0.5	215	89	171	388	1.80
2005-2009	103	0.54969	0.43118	0.5	126	55	99	217	1.72
2005-2009	104	0.57916	0.44911	0.5	72	32	56	118	1.64
2005-2009	105	0.60808	0.46631	0.5	40	18	30	62	1.57
2005-2009	106	0.63626	0.48270	0.5	21	10	16	32	1.51
2005-2009	107	0.66354	0.49824	0.5	11	5	8	16	1.46
2005-2009	108	0.68977	0.51288	0.5	5	3	4	8	1.41
2005-2009	109	0.71483	0.52661	0.5	3	1	2	4	1.38
2005-2009	110+	0.73863	1.00000	1.35	1	1	2	2	1.35
2010-2014	0	0.00742	0.00737	0.06	100000	737	99311	7505012	75.05
2010-2014	1	0.00052	0.00051	0.5	99263	51	99238	7405701	74.61
2010-2014	2	0.00038	0.00038	0.5	99212	38	99193	7306463	73.64
2010-2014	3	0.00027	0.00027	0.5	99175	27	99161	7207270	72.67
2010-2014	4	0.00020	0.00020	0.5	99148	19	99138	7108109	71.69
2010-2014	5	0.00016	0.00016	0.5	99128	16	99120	7008971	70.71
2010-2014	6	0.00010	0.00010	0.5	99112	10	99107	6909850	69.72
2010-2014	7	0.00019	0.00019	0.5	99102	19	99093	6810743	68.72
2010-2014	8	0.00015	0.00015	0.5	99083	15	99076	6711650	67.74
2010-2014	9	0.00015	0.00015	0.5	99068	15	99061	6612574	66.75
2010-2014	10	0.00013	0.00013	0.5	99053	12	99047	6513513	65.76
2010-2014	11	0.00014	0.00014	0.5	99041	14	99034	6414466	64.77
2010-2014	12	0.00016	0.00016	0.5	99027	16	99019	6315432	63.77
2010-2014	13	0.00024	0.00024	0.5	99011	24	98999	6216413	62.79
2010-2014	14	0.00030	0.00030	0.5	98987	29	98972	6117414	61.80
2010-2014	15	0.00030	0.00030	0.5	98958	30	98943	6018442	60.82
2010-2014	16	0.00043	0.00043	0.5	98928	43	98907	5919500	59.84
2010-2014	17	0.00066	0.00066	0.5	98885	65	98853	5820593	58.86
2010-2014	18	0.00092	0.00092	0.5	98820	91	98774	5721740	57.90
2010-2014	19	0.00110	0.00110	0.5	98729	109	98674	5622966	56.95
2010-2014	20	0.00111	0.00111	0.5	98620	109	98566	5524292	56.02
2010-2014	21	0.00122	0.00122	0.5	98511	120	98451	5425726	55.08
2010-2014	22	0.00138	0.00138	0.5	98391	135	98323	5327275	54.14
2010-2014	23	0.00141	0.00141	0.5	98256	138	98187	5228952	53.22
2010-2014	24	0.00139	0.00138	0.5	98117	136	98049	5130765	52.29
2010-2014	25	0.00140	0.00140	0.5	97981	137	97913	5032716	51.36
2010-2014	26	0.00145	0.00145	0.5	97845	141	97774	4934803	50.44
2010-2014	27	0.00153	0.00153	0.5	97703	150	97628	4837029	49.51
2010-2014	28	0.00139	0.00139	0.5	97553	136	97486	4739401	48.58
2010-2014	29	0.00158	0.00158	0.5	97418	154	97341	4641915	47.65
2010-2014	30	0.00153	0.00153	0.5	97264	149	97190	4544574	46.72
2010-2014	31	0.00172	0.00172	0.5	97115	167	97032	4447385	45.79
2010-2014	32	0.00155	0.00155	0.5	96948	150	96873	4350353	44.87
2010-2014	33	0.00172	0.00172	0.5	96798	166	96715	4253480	43.94
2010-2014	34	0.00167	0.00167	0.5	96631	161	96551	4156766	43.02
2010-2014	35	0.00171	0.00171	0.5	96470	165	96388	4060215	42.09
2010-2014	36	0.00173	0.00173	0.5	96305	166	96222	3963827	41.16
2010-2014	37	0.00188	0.00188	0.5	96139	180	96049	3867605	40.23
2010-2014	38	0.00194	0.00194	0.5	95958	186	95865	3771556	39.30
2010-2014	39	0.00215	0.00215	0.5	95772	206	95670	3675691	38.38
2010-2014	40	0.00234	0.00233	0.5	95567	223	95455	3580021	37.46
2010-2014	41	0.00235	0.00235	0.5	95344	224	95232	3484566	36.55
2010-2014	42	0.00258	0.00258	0.5	95120	245	94997	3389334	35.63
2010-2014	43	0.00257	0.00257	0.5	94874	243	94753	3294337	34.72
2010-2014	44	0.00295	0.00294	0.5	94631	279	94492	3199585	33.81
2010-2014	45	0.00340	0.00339	0.5	94352	320	94193	3105093	32.91
2010-2014	46	0.00381	0.00380	0.5	94033	357	93854	3010900	32.02
2010-2014	47	0.00430	0.00429	0.5	93675	402	93474	2917046	31.14
2010-2014	48	0.00467	0.00465	0.5	93273	434	93056	2823572	30.27
2010-2014	49	0.00500	0.00499	0.5	92839	463	92607	2730516	29.41
2010-2014	50	0.00595	0.00593	0.5	92376	548	92102	2637909	28.56
2010-2014	51	0.00624	0.00622	0.5	91828	571	91542	2545807	27.72
2010-2014	52	0.00675	0.00673	0.5	91257	614	90950	2454264	26.89
2010-2014	53	0.00741	0.00738	0.5	90643	669	90308	2363315	26.07
2010-2014	54	0.00836	0.00832	0.5	89974	749	89599	2273006	25.26
2010-2014	55	0.00933	0.00928	0.5	89225	828	88811	2183407	24.47
2010-2014	56	0.01022	0.01017	0.5	88397	899	87947	2094596	23.70
2010-2014	57	0.01090	0.01084	0.5	87497	948	87023	2006649	22.93
2010-2014	58	0.01154	0.01148	0.5	86549	993	86053	1919626	22.18
2010-2014	59	0.01217	0.01210	0.5	85556	1035	85038	1833573	21.43
2010-2014	60	0.01339	0.01330	0.5	84521	1124	83959	1748535	20.69
2010-2014	61	0.01430	0.01420	0.5	83396	1184	82804	1664577	19.96
2010-2014	62	0.01523	0.01512	0.5	82212	1243	81591	1581772	19.24
2010-2014	63	0.01577	0.01564	0.5	80969	1267	80336	1500182	18.53
2010-2014	64	0.01672	0.01658	0.5	79703	1321	79042	1419846	17.81
2010-2014	65	0.01811	0.01795	0.5	78381	1407	77678	1340804	17.11
2010-2014	66	0.01971	0.01952	0.5	76975	1503	76223	1263126	16.41
2010-2014	67	0.02111	0.02089	0.5	75472	1577	74684	1186902	15.73
2010-2014	68	0.02306	0.02280	0.5	73895	1685	73053	1112219	15.05
2010-2014	69	0.02454	0.02424	0.5	72211	1751	71335	1039166	14.39
2010-2014	70	0.02767	0.02730	0.5	70460	1923	69498	967830	13.74
2010-2014	71	0.02838	0.02798	0.5	68537	1918	67578	898332	13.11
2010-2014	72	0.03092	0.03045	0.5	66619	2028	65605	830754	12.47
2010-2014	73	0.03351	0.03296	0.5	64591	2129	63526	765149	11.85
2010-2014	74	0.03763	0.03694	0.5	62462	2307	61308	701623	11.23
2010-2014	75	0.04056	0.03976	0.5	60155	2392	58959	640315	10.64
2010-2014	76	0.04493	0.04394	0.5	57763	2538	56494	581356	10.06
2010-2014	77	0.04984	0.04863	0.5	55225	2686	53882	524862	9.50
2010-2014	78	0.05490	0.05343	0.5	52539	2807	51136	470979	8.96
2010-2014	79	0.05890	0.05722	0.5	49732	2846	48309	419844	8.44
2010-2014	80	0.06433	0.06232	0.5	46887	2922	45425	371534	7.92
2010-2014	81	0.07424	0.07158	0.5	43964	3147	42391	326109	7.42
2010-2014	82	0.07907	0.07606	0.5	40817	3105	39265	283718	6.95
2010-2014	83	0.09046	0.08655	0.5	37713	3264	36081	244453	6.48
2010-2014	84	0.09955	0.09483	0.5	34449	3267	32816	208372	6.05
2010-2014	85	0.11171	0.10580	0.5	31182	3299	29533	175556	5.63
2010-2014	86	0.12470	0.11738	0.5	27883	3273	26247	146024	5.24
2010-2014	87	0.13759	0.12873	0.5	24610	3168	23026	119777	4.87
2010-2014	88	0.15675	0.14536	0.5	21442	3117	19884	96750	4.51
2010-2014	89	0.16800	0.15498	0.5	18325	2840	16905	76867	4.19
2010-2014	90	0.19468	0.17741	0.5	15485	2747	14112	59961	3.87
2010-2014	91	0.21547	0.19452	0.5	12738	2478	11499	45850	3.60
2010-2014	92	0.23783	0.21256	0.5	10260	2181	9170	34351	3.35
2010-2014	93	0.26173	0.23144	0.5	8079	1870	7144	25181	3.12
2010-2014	94	0.28713	0.25108	0.5	6209	1559	5430	18036	2.90
2010-2014	95	0.31395	0.27135	0.5	4650	1262	4019	12606	2.71
2010-2014	96	0.34207	0.29211	0.5	3388	990	2894	8587	2.53
2010-2014	97	0.37134	0.31319	0.5	2399	751	2023	5693	2.37
2010-2014	98	0.40159	0.33444	0.5	1647	551	1372	3670	2.23
2010-2014	99	0.43261	0.35567	0.5	1096	390	901	2298	2.10
2010-2014	100	0.46416	0.37673	0.5	706	266	573	1397	1.98
2010-2014	101	0.49601	0.39744	0.5	440	175	353	824	1.87
2010-2014	102	0.52789	0.41765	0.5	265	111	210	471	1.77
2010-2014	103	0.55954	0.43722	0.5	155	68	121	261	1.69
2010-2014	104	0.59071	0.45602	0.5	87	40	67	140	1.61
2010-2014	105	0.62118	0.47397	0.5	47	22	36	73	1.54
2010-2014	106	0.65071	0.49097	0.5	25	12	19	37	1.48
2010-2014	107	0.67913	0.50698	0.5	13	6	9	18	1.43
2010-2014	108	0.70629	0.52196	0.5	6	3	5	9	1.38
2010-2014	109	0.73205	0.53590	0.5	3	2	2	4	1.35
2010-2014	110+	0.75633	1.00000	1.32	1	1	2	2	1.32
2015-2019	0	0.00765	0.00759	0.07	100000	759	99290	7508876	75.09
2015-2019	1	0.00049	0.00049	0.5	99241	49	99216	7409586	74.66
2015-2019	2	0.00032	0.00032	0.5	99192	32	99175	7310370	73.70
2015-2019	3	0.00027	0.00027	0.5	99159	26	99146	7211194	72.72
2015-2019	4	0.00021	0.00021	0.5	99133	21	99122	7112048	71.74
2015-2019	5	0.00017	0.00017	0.5	99112	16	99104	7012926	70.76
2015-2019	6	0.00020	0.00020	0.5	99095	20	99085	6913822	69.77
2015-2019	7	0.00013	0.00013	0.5	99076	13	99069	6814737	68.78
2015-2019	8	0.00014	0.00014	0.5	99063	14	99056	6715667	67.79
2015-2019	9	0.00014	0.00014	0.5	99049	14	99042	6616611	66.80
2015-2019	10	0.00016	0.00016	0.5	99035	15	99027	6517569	65.81
2015-2019	11	0.00014	0.00014	0.5	99020	14	99013	6418542	64.82
2015-2019	12	0.00016	0.00016	0.5	99006	16	98998	6319529	63.83
2015-2019	13	0.00019	0.00019	0.5	98990	19	98981	6220531	62.84
2015-2019	14	0.00029	0.00029	0.5	98971	29	98957	6121550	61.85
2015-2019	15	0.00043	0.00043	0.5	98943	42	98922	6022593	60.87
2015-2019	16	0.00051	0.00051	0.5	98901	51	98875	5923671	59.90
2015-2019	17	0.00076	0.00076	0.5	98850	75	98812	5824796	58.93
2015-2019	18	0.00104	0.00104	0.5	98774	102	98723	5725984	57.97
2015-2019	19	0.00117	0.00117	0.5	98672	115	98614	5627261	57.03
2015-2019	20	0.00132	0.00131	0.5	98557	130	98492	5528647	56.10
2015-2019	21	0.00139	0.00139	0.5	98427	136	98359	5430155	55.17
2015-2019	22	0.00142	0.00142	0.5	98291	140	98221	5331796	54.25
2015-2019	23	0.00163	0.00163	0.5	98151	160	98071	5233575	53.32
2015-2019	24	0.00165	0.00165	0.5	97991	161	97911	5135503	52.41
2015-2019	25	0.00172	0.00172	0.5	97830	168	97746	5037593	51.49
2015-2019	26	0.00159	0.00159	0.5	97662	155	97584	4939847	50.58
2015-2019	27	0.00171	0.00171	0.5	97507	166	97423	4842262	49.66
2015-2019	28	0.00166	0.00166	0.5	97340	162	97259	4744839	48.74
2015-2019	29	0.00173	0.00172	0.5	97178	168	97095	4647580	47.83
2015-2019	30	0.00196	0.00196	0.5	97011	190	96916	4550485	46.91
2015-2019	31	0.00198	0.00198	0.5	96821	192	96725	4453569	46.00
2015-2019	32	0.00194	0.00194	0.5	96629	188	96535	4356845	45.09
2015-2019	33	0.00208	0.00207	0.5	96441	200	96341	4260310	44.18
2015-2019	34	0.00196	0.00196	0.5	96241	188	96147	4163968	43.27
2015-2019	35	0.00207	0.00207	0.5	96053	199	95953	4067822	42.35
2015-2019	36	0.00215	0.00215	0.5	95854	206	95751	3971868	41.44
2015-2019	37	0.00229	0.00229	0.5	95648	219	95538	3876118	40.52
2015-2019	38	0.00238	0.00238	0.5	95428	227	95315	3780580	39.62
2015-2019	39	0.00243	0.00242	0.5	95201	231	95086	3685265	38.71
2015-2019	40	0.00269	0.00269	0.5	94971	255	94843	3590179	37.80
2015-2019	41	0.00265	0.00265	0.5	94715	251	94590	3495336	36.90
2015-2019	42	0.00274	0.00274	0.5	94465	259	94335	3400746	36.00
2015-2019	43	0.00300	0.00299	0.5	94206	282	94065	3306411	35.10
2015-2019	44	0.00323	0.00322	0.5	93924	303	93773	3212346	34.20
2015-2019	45	0.00348	0.00347	0.5	93621	325	93459	3118573	33.31
2015-2019	46	0.00375	0.00374	0.5	93296	349	93121	3025114	32.42
2015-2019	47	0.00412	0.00411	0.5	92947	382	92756	2931993	31.54
2015-2019	48	0.00420	0.00420	0.5	92564	388	92370	2839237	30.67
2015-2019	49	0.00481	0.00479	0.5	92176	442	91955	2746867	29.80
2015-2019	50	0.00521	0.00520	0.5	91734	477	91496	2654912	28.94
2015-2019	51	0.00576	0.00575	0.5	91257	524	90995	2563416	28.09
2015-2019	52	0.00672	0.00669	0.5	90733	607	90429	2472421	27.25
2015-2019	53	0.00743	0.00740	0.5	90126	667	89792	2381991	26.43
2015-2019	54	0.00761	0.00758	0.5	89459	678	89119	2292199	25.62
2015-2019	55	0.00885	0.00881	0.5	88780	782	88389	2203080	24.81
2015-2019	56	0.00961	0.00956	0.5	87998	841	87578	2114690	24.03
2015-2019	57	0.01036	0.01031	0.5	87157	898	86708	2027113	23.26
2015-2019	58	0.01130	0.01124	0.5	86258	970	85774	1940405	22.50
2015-2019	59	0.01207	0.01200	0.5	85289	1024	84777	1854632	21.75
2015-2019	60	0.01336	0.01327	0.5	84265	1118	83706	1769854	21.00
2015-2019	61	0.01450	0.01439	0.5	83147	1197	82548	1686148	20.28
2015-2019	62	0.01547	0.01535	0.5	81950	1258	81321	1603600	19.57
2015-2019	63	0.01696	0.01681	0.5	80692	1357	80014	1522279	18.87
2015-2019	64	0.01770	0.01754	0.5	79336	1392	78640	1442265	18.18
2015-2019	65	0.01940	0.01922	0.5	77944	1498	77195	1363625	17.49
2015-2019	66	0.02002	0.01982	0.5	76446	1515	75688	1286430	16.83
2015-2019	67	0.02128	0.02105	0.5	74931	1578	74142	1210742	16.16
2015-2019	68	0.02261	0.02236	0.5	73353	1640	72533	1136600	15.49
2015-2019	69	0.02365	0.02337	0.5	71713	1676	70875	1064067	14.84
2015-2019	70	0.02610	0.02576	0.5	70037	1804	69135	993192	14.18
2015-2019	71	0.02795	0.02756	0.5	68233	1881	67293	924058	13.54
2015-2019	72	0.03072	0.03025	0.5	66352	2007	65348	856765	12.91
2015-2019	73	0.03314	0.03260	0.5	64345	2098	63296	791417	12.30
2015-2019	74	0.03713	0.03645	0.5	62247	2269	61112	728121	11.70
2015-2019	75	0.03964	0.03887	0.5	59978	2331	58812	667008	11.12
2015-2019	76	0.04294	0.04204	0.5	57647	2424	56435	608196	10.55
2015-2019	77	0.04620	0.04516	0.5	55223	2494	53976	551761	9.99
2015-2019	78	0.05019	0.04896	0.5	52730	2582	51439	497785	9.44
2015-2019	79	0.05697	0.05539	0.5	50148	2778	48759	446346	8.90
2015-2019	80	0.06151	0.05968	0.5	47370	2827	45956	397588	8.39
2015-2019	81	0.06786	0.06563	0.5	44543	2923	43081	351631	7.89
2015-2019	82	0.07265	0.07010	0.5	41620	2918	40161	308550	7.41
2015-2019	83	0.07964	0.07659	0.5	38702	2964	37220	268389	6.93
2015-2019	84	0.08856	0.08480	0.5	35738	3031	34222	231170	6.47
2015-2019	85	0.09607	0.09166	0.5	32707	2998	31208	196947	6.02
2015-2019	86	0.11300	0.10695	0.5	29709	3177	28120	165739	5.58
2015-2019	87	0.12694	0.11936	0.5	26532	3167	24948	137619	5.19
2015-2019	88	0.13790	0.12901	0.5	23365	3014	21858	112671	4.82
2015-2019	89	0.15782	0.14628	0.5	20350	2977	18862	90813	4.46
2015-2019	90	0.17738	0.16293	0.5	17374	2831	15958	71951	4.14
2015-2019	91	0.19663	0.17903	0.5	14543	2604	13241	55993	3.85
2015-2019	92	0.21741	0.19609	0.5	11939	2341	10769	42752	3.58
2015-2019	93	0.23973	0.21407	0.5	9598	2055	8571	31983	3.33
2015-2019	94	0.26357	0.23288	0.5	7543	1757	6665	23412	3.10
2015-2019	95	0.28887	0.25242	0.5	5787	1461	5056	16747	2.89
2015-2019	96	0.31557	0.27257	0.5	4326	1179	3737	11691	2.70
2015-2019	97	0.34355	0.29318	0.5	3147	923	2686	7954	2.53
2015-2019	98	0.37265	0.31412	0.5	2224	699	1875	5269	2.37
2015-2019	99	0.40271	0.33521	0.5	1526	511	1270	3394	2.22
2015-2019	100	0.43351	0.35628	0.5	1014	361	834	2124	2.09
2015-2019	101	0.46484	0.37718	0.5	653	246	530	1290	1.98
2015-2019	102	0.49645	0.39772	0.5	407	162	326	760	1.87
2015-2019	103	0.52808	0.41777	0.5	245	102	194	435	1.77
2015-2019	104	0.55949	0.43719	0.5	143	62	111	241	1.69
2015-2019	105	0.59044	0.45586	0.5	80	37	62	129	1.61
2015-2019	106	0.62068	0.47368	0.5	44	21	33	67	1.55
2015-2019	107	0.65001	0.49057	0.5	23	11	17	34	1.49
2015-2019	108	0.67825	0.50649	0.5	12	6	9	17	1.43
2015-2019	109	0.70525	0.52139	0.5	6	3	4	8	1.39
2015-2019	110+	0.73088	1.00000	1.37	3	3	4	4	1.37
