GA: Georgia, Lifetables (period 5x10), Males Last modified: 20 Dec 2020, MPv5 (May07) 

Year     	Age	mx	qx	ax	lx	dx	Lx	Tx	ex
1960-1969	0	0.03282	0.03191	0.13	100000	3191	97234	6416927	64.17
1960-1969	1-4	0.00130	0.00519	1.57	96809	503	386015	6319694	65.28
1960-1969	5-9	0.00059	0.00297	2.31	96306	286	480764	5933678	61.61
1960-1969	10-14	0.00065	0.00324	2.81	96021	311	479420	5452915	56.79
1960-1969	15-19	0.00169	0.00844	2.81	95710	807	476783	4973494	51.96
1960-1969	20-24	0.00226	0.01123	2.54	94902	1066	471895	4496711	47.38
1960-1969	25-29	0.00247	0.01227	2.53	93837	1152	466342	4024817	42.89
1960-1969	30-34	0.00295	0.01464	2.61	92685	1357	460179	3558475	38.39
1960-1969	35-39	0.00423	0.02096	2.66	91329	1915	452161	3098296	33.92
1960-1969	40-44	0.00643	0.03165	2.66	89414	2830	440438	2646135	29.59
1960-1969	45-49	0.00981	0.04795	2.63	86584	4152	423094	2205698	25.47
1960-1969	50-54	0.01585	0.07637	2.62	82432	6295	397171	1782604	21.63
1960-1969	55-59	0.02308	0.10932	2.59	76137	8323	360628	1385433	18.20
1960-1969	60-64	0.03328	0.15390	2.56	67814	10437	313641	1024805	15.11
1960-1969	65-69	0.04847	0.21616	2.5	57377	12403	255881	711164	12.39
1960-1969	70-74	0.06486	0.27850	2.46	44974	12525	193116	455284	10.12
1960-1969	75-79	0.08416	0.34612	2.44	32449	11231	133450	262167	8.08
1960-1969	80-84	0.13368	0.49663	2.41	21218	10537	78823	128717	6.07
1960-1969	85-89	0.19232	0.62637	2.22	10680	6690	34785	49894	4.67
1960-1969	90-94	0.24462	0.71735	2.12	3991	2863	11703	15109	3.79
1960-1969	95-99	0.31683	0.80787	1.97	1128	911	2876	3407	3.02
1960-1969	100-104	0.39891	0.87676	1.8	217	190	476	531	2.45
1960-1969	105-109	0.48712	0.92392	1.64	27	25	51	54	2.03
1960-1969	110+	0.55924	1.00000	1.79	2	2	4	4	1.79
1970-1979	0	0.02084	0.02046	0.1	100000	2046	98161	6595663	65.96
1970-1979	1-4	0.00097	0.00386	1.67	97954	378	390935	6497502	66.33
1970-1979	5-9	0.00053	0.00267	2.37	97576	260	487197	6106567	62.58
1970-1979	10-14	0.00057	0.00287	2.8	97316	279	485967	5619371	57.74
1970-1979	15-19	0.00173	0.00862	2.85	97037	837	483387	5133404	52.90
1970-1979	20-24	0.00235	0.01168	2.49	96200	1124	478181	4650017	48.34
1970-1979	25-29	0.00244	0.01212	2.5	95077	1153	472504	4171836	43.88
1970-1979	30-34	0.00271	0.01347	2.57	93924	1265	466548	3699333	39.39
1970-1979	35-39	0.00386	0.01914	2.65	92659	1774	459118	3232785	34.89
1970-1979	40-44	0.00573	0.02828	2.66	90885	2571	448405	2773667	30.52
1970-1979	45-49	0.00888	0.04347	2.65	88314	3839	432547	2325262	26.33
1970-1979	50-54	0.01410	0.06824	2.65	84475	5765	408816	1892715	22.41
1970-1979	55-59	0.02089	0.09950	2.62	78710	7832	374905	1483899	18.85
1970-1979	60-64	0.03096	0.14407	2.59	70878	10212	329787	1108993	15.65
1970-1979	65-69	0.04355	0.19662	2.53	60667	11928	273881	779206	12.84
1970-1979	70-74	0.06212	0.26906	2.51	48739	13114	211103	505325	10.37
1970-1979	75-79	0.08545	0.35123	2.47	35625	12513	146434	294222	8.26
1970-1979	80-84	0.12432	0.47038	2.41	23112	10872	87448	147788	6.39
1970-1979	85-89	0.17750	0.59870	2.28	12241	7329	41288	60340	4.93
1970-1979	90-94	0.23745	0.70542	2.12	4912	3465	14593	19052	3.88
1970-1979	95-99	0.30924	0.80041	1.99	1447	1158	3745	4459	3.08
1970-1979	100-104	0.39483	0.87448	1.82	289	253	640	713	2.47
1970-1979	105-109	0.48741	0.92441	1.64	36	34	69	74	2.03
1970-1979	110+	0.56332	1.00000	1.78	3	3	5	5	1.78
1980-1989	0	0.01450	0.01431	0.08	100000	1431	98689	6897920	68.98
1980-1989	1-4	0.00071	0.00283	1.67	98569	279	393628	6799230	68.98
1980-1989	5-9	0.00039	0.00192	2.34	98290	189	490949	6405602	65.17
1980-1989	10-14	0.00040	0.00202	2.79	98101	198	490068	5914653	60.29
1980-1989	15-19	0.00133	0.00665	2.85	97903	651	488113	5424586	55.41
1980-1989	20-24	0.00181	0.00903	2.55	97252	878	484111	4936473	50.76
1980-1989	25-29	0.00202	0.01005	2.54	96374	969	479485	4452362	46.20
1980-1989	30-34	0.00230	0.01142	2.55	95405	1089	474356	3972877	41.64
1980-1989	35-39	0.00288	0.01429	2.63	94316	1347	468385	3498521	37.09
1980-1989	40-44	0.00408	0.02022	2.66	92969	1880	460443	3030136	32.59
1980-1989	45-49	0.00651	0.03206	2.65	91089	2920	448588	2569692	28.21
1980-1989	50-54	0.01056	0.05156	2.68	88169	4546	430301	2121104	24.06
1980-1989	55-59	0.01645	0.07919	2.63	83623	6622	402440	1690802	20.22
1980-1989	60-64	0.02544	0.11991	2.61	77001	9233	362943	1288362	16.73
1980-1989	65-69	0.03725	0.17081	2.57	67767	11575	310766	925420	13.66
1980-1989	70-74	0.05508	0.24275	2.56	56192	13641	247659	614654	10.94
1980-1989	75-79	0.07887	0.32813	2.44	42552	13962	177030	366994	8.62
1980-1989	80-84	0.11572	0.44543	2.42	28589	12734	110047	189964	6.64
1980-1989	85-89	0.16987	0.58292	2.31	15855	9242	54408	79917	5.04
1980-1989	90-94	0.23676	0.70669	2.15	6613	4673	19738	25509	3.86
1980-1989	95-99	0.32030	0.81330	1.97	1940	1577	4925	5772	2.98
1980-1989	100-104	0.41793	0.89047	1.78	362	322	772	847	2.34
1980-1989	105-109	0.52258	0.93852	1.59	40	37	71	75	1.90
1980-1989	110+	0.60787	1.00000	1.65	2	2	4	4	1.65
1990-1999	0	0.01133	0.01121	0.08	100000	1121	98963	7095178	70.95
1990-1999	1-4	0.00053	0.00211	1.67	98879	209	395027	6996215	70.76
1990-1999	5-9	0.00027	0.00133	2.35	98670	132	492999	6601188	66.90
1990-1999	10-14	0.00032	0.00161	2.9	98538	159	492357	6108189	61.99
1990-1999	15-19	0.00123	0.00615	2.83	98379	605	490580	5615832	57.08
1990-1999	20-24	0.00160	0.00797	2.5	97774	780	486920	5125252	52.42
1990-1999	25-29	0.00175	0.00870	2.59	96994	844	482941	4638332	47.82
1990-1999	30-34	0.00230	0.01142	2.62	96150	1098	478133	4155391	43.22
1990-1999	35-39	0.00300	0.01491	2.6	95052	1417	471866	3677258	38.69
1990-1999	40-44	0.00397	0.01966	2.61	93635	1841	463776	3205392	34.23
1990-1999	45-49	0.00567	0.02799	2.61	91794	2569	452823	2741617	29.87
1990-1999	50-54	0.00836	0.04100	2.66	89225	3658	437562	2288793	25.65
1990-1999	55-59	0.01318	0.06392	2.64	85567	5470	414937	1851231	21.63
1990-1999	60-64	0.02091	0.09961	2.64	80098	7979	381641	1436294	17.93
1990-1999	65-69	0.03121	0.14518	2.6	72119	10470	335419	1054653	14.62
1990-1999	70-74	0.04695	0.21079	2.58	61649	12995	276781	719233	11.67
1990-1999	75-79	0.06952	0.29638	2.51	48653	14420	207427	442452	9.09
1990-1999	80-84	0.10762	0.42271	2.46	34233	14471	134461	235025	6.87
1990-1999	85-89	0.16445	0.57067	2.32	19763	11278	68579	100564	5.09
1990-1999	90-94	0.24112	0.71552	2.16	8485	6071	25178	31985	3.77
1990-1999	95-99	0.33889	0.83290	1.95	2414	2010	5932	6807	2.82
1990-1999	100-104	0.45235	0.91065	1.72	403	367	812	875	2.17
1990-1999	105-109	0.57140	0.95391	1.51	36	34	60	63	1.74
1990-1999	110+	0.66645	1.00000	1.5	2	2	2	2	1.50
2000-2009	0	0.00953	0.00944	0.07	100000	944	99122	7327195	73.27
2000-2009	1-4	0.00039	0.00158	1.65	99056	156	395857	7228073	72.97
2000-2009	5-9	0.00018	0.00089	2.42	98900	88	494272	6832216	69.08
2000-2009	10-14	0.00023	0.00115	2.88	98812	114	493819	6337945	64.14
2000-2009	15-19	0.00094	0.00467	2.96	98698	461	492553	5844126	59.21
2000-2009	20-24	0.00152	0.00757	2.54	98237	744	489353	5351573	54.48
2000-2009	25-29	0.00154	0.00767	2.5	97493	748	485596	4862220	49.87
2000-2009	30-34	0.00165	0.00820	2.55	96746	793	481783	4376623	45.24
2000-2009	35-39	0.00217	0.01078	2.62	95952	1035	477299	3894840	40.59
2000-2009	40-44	0.00335	0.01660	2.7	94918	1576	470967	3417541	36.01
2000-2009	45-49	0.00509	0.02513	2.65	93342	2346	461187	2946575	31.57
2000-2009	50-54	0.00768	0.03770	2.65	90996	3430	446904	2485388	27.31
2000-2009	55-59	0.01121	0.05458	2.63	87566	4779	426497	2038484	23.28
2000-2009	60-64	0.01666	0.08015	2.63	82786	6635	398235	1611987	19.47
2000-2009	65-69	0.02459	0.11615	2.62	76151	8845	359706	1213752	15.94
2000-2009	70-74	0.03796	0.17398	2.6	67306	11710	308476	854046	12.69
2000-2009	75-79	0.05858	0.25613	2.55	55596	14240	243100	545570	9.81
2000-2009	80-84	0.09421	0.38124	2.5	41356	15766	167353	302469	7.31
2000-2009	85-89	0.15182	0.54380	2.39	25590	13916	91657	135116	5.28
2000-2009	90-94	0.24214	0.71937	2.18	11674	8398	34682	43460	3.72
2000-2009	95-99	0.35745	0.85132	1.92	3276	2789	7803	8778	2.68
2000-2009	100-104	0.49174	0.92972	1.66	487	453	921	975	2.00
2000-2009	105-109	0.62823	0.96723	1.42	34	33	53	54	1.58
2000-2009	110+	0.73268	1.00000	1.36	1	1	2	2	1.36
2010-2019	0	0.00753	0.00748	0.07	100000	748	99301	7508164	75.08
2010-2019	1-4	0.00033	0.00133	1.63	99252	132	396696	7408863	74.65
2010-2019	5-9	0.00015	0.00076	2.45	99120	76	495407	7012167	70.74
2010-2019	10-14	0.00019	0.00095	2.9	99044	94	495024	6516760	65.80
2010-2019	15-19	0.00073	0.00366	3.06	98950	362	494048	6021736	60.86
2010-2019	20-24	0.00139	0.00693	2.62	98588	683	491314	5527688	56.07
2010-2019	25-29	0.00158	0.00787	2.52	97905	771	487614	5036373	51.44
2010-2019	30-34	0.00181	0.00903	2.52	97134	878	483491	4548760	46.83
2010-2019	35-39	0.00208	0.01033	2.59	96257	994	478888	4065269	42.23
2010-2019	40-44	0.00270	0.01343	2.6	95262	1280	473241	3586381	37.65
2010-2019	45-49	0.00415	0.02055	2.66	93982	1932	465401	3113140	33.12
2010-2019	50-54	0.00673	0.03315	2.67	92051	3052	453144	2647740	28.76
2010-2019	55-59	0.01061	0.05174	2.62	88999	4605	434044	2194595	24.66
2010-2019	60-64	0.01532	0.07389	2.6	84394	6236	406978	1760551	20.86
2010-2019	65-69	0.02129	0.10122	2.58	78158	7911	371670	1353573	17.32
2010-2019	70-74	0.03111	0.14476	2.61	70247	10169	326887	981903	13.98
2010-2019	75-79	0.04793	0.21479	2.59	60078	12904	269241	655016	10.90
2010-2019	80-84	0.07626	0.32107	2.54	47174	15146	198609	385776	8.18
2010-2019	85-89	0.12846	0.48436	2.46	32027	15513	120760	187166	5.84
2010-2019	90-94	0.21808	0.68147	2.25	16515	11254	51606	66406	4.02
2010-2019	95-99	0.33721	0.83504	1.98	5260	4393	13026	14799	2.81
2010-2019	100-104	0.48075	0.92622	1.68	868	804	1672	1773	2.04
2010-2019	105-109	0.62872	0.96778	1.42	64	62	99	101	1.58
2010-2019	110+	0.74139	1.00000	1.35	2	2	3	3	1.35
