VT: Vermont, Lifetables (period 1x5), Both sexes Last modified: 20 Dec 2020, MPv5 (May07) 

Year     	Age	mx	qx	ax	lx	dx	Lx	Tx	ex
1960-1964	0	0.02507	0.02452	0.12	100000	2452	97837	7055711	70.56
1960-1964	1	0.00149	0.00148	0.5	97548	145	97475	6957873	71.33
1960-1964	2	0.00077	0.00077	0.5	97403	75	97365	6860398	70.43
1960-1964	3	0.00065	0.00065	0.5	97328	63	97296	6763033	69.49
1960-1964	4	0.00070	0.00070	0.5	97265	68	97231	6665737	68.53
1960-1964	5	0.00043	0.00043	0.5	97197	42	97176	6568506	67.58
1960-1964	6	0.00060	0.00060	0.5	97155	58	97126	6471330	66.61
1960-1964	7	0.00035	0.00035	0.5	97097	34	97080	6374204	65.65
1960-1964	8	0.00043	0.00043	0.5	97063	42	97042	6277125	64.67
1960-1964	9	0.00036	0.00036	0.5	97021	35	97003	6180083	63.70
1960-1964	10	0.00017	0.00017	0.5	96986	17	96978	6083079	62.72
1960-1964	11	0.00044	0.00044	0.5	96969	43	96948	5986102	61.73
1960-1964	12	0.00039	0.00039	0.5	96926	38	96907	5889154	60.76
1960-1964	13	0.00050	0.00050	0.5	96888	48	96864	5792247	59.78
1960-1964	14	0.00060	0.00060	0.5	96840	58	96811	5695383	58.81
1960-1964	15	0.00060	0.00060	0.5	96782	58	96753	5598572	57.85
1960-1964	16	0.00086	0.00086	0.5	96724	83	96682	5501819	56.88
1960-1964	17	0.00093	0.00093	0.5	96641	90	96596	5405137	55.93
1960-1964	18	0.00094	0.00094	0.5	96551	90	96506	5308541	54.98
1960-1964	19	0.00097	0.00097	0.5	96461	93	96414	5212035	54.03
1960-1964	20	0.00121	0.00121	0.5	96368	116	96309	5115621	53.08
1960-1964	21	0.00117	0.00117	0.5	96251	113	96195	5019311	52.15
1960-1964	22	0.00130	0.00130	0.5	96139	125	96076	4923116	51.21
1960-1964	23	0.00136	0.00136	0.5	96014	130	95949	4827040	50.27
1960-1964	24	0.00087	0.00087	0.5	95884	83	95842	4731091	49.34
1960-1964	25	0.00131	0.00131	0.5	95801	126	95738	4635249	48.38
1960-1964	26	0.00139	0.00139	0.5	95675	133	95608	4539511	47.45
1960-1964	27	0.00117	0.00117	0.5	95542	112	95486	4443903	46.51
1960-1964	28	0.00112	0.00112	0.5	95430	107	95376	4348417	45.57
1960-1964	29	0.00098	0.00098	0.5	95323	93	95276	4253041	44.62
1960-1964	30	0.00107	0.00107	0.5	95229	101	95179	4157765	43.66
1960-1964	31	0.00142	0.00142	0.5	95128	135	95061	4062586	42.71
1960-1964	32	0.00130	0.00130	0.5	94993	124	94932	3967525	41.77
1960-1964	33	0.00159	0.00159	0.5	94870	150	94795	3872594	40.82
1960-1964	34	0.00143	0.00143	0.5	94719	135	94652	3777799	39.88
1960-1964	35	0.00165	0.00165	0.5	94584	156	94506	3683147	38.94
1960-1964	36	0.00139	0.00139	0.5	94428	131	94362	3588641	38.00
1960-1964	37	0.00244	0.00244	0.5	94297	230	94182	3494279	37.06
1960-1964	38	0.00194	0.00193	0.5	94067	182	93976	3400097	36.15
1960-1964	39	0.00243	0.00243	0.5	93885	228	93771	3306121	35.21
1960-1964	40	0.00240	0.00240	0.5	93657	225	93545	3212351	34.30
1960-1964	41	0.00354	0.00353	0.5	93432	330	93267	3118806	33.38
1960-1964	42	0.00340	0.00340	0.5	93102	316	92944	3025539	32.50
1960-1964	43	0.00318	0.00318	0.5	92786	295	92639	2932595	31.61
1960-1964	44	0.00340	0.00340	0.5	92491	314	92334	2839956	30.71
1960-1964	45	0.00423	0.00422	0.5	92177	389	91983	2747622	29.81
1960-1964	46	0.00574	0.00572	0.5	91788	525	91526	2655639	28.93
1960-1964	47	0.00616	0.00614	0.5	91263	560	90983	2564113	28.10
1960-1964	48	0.00530	0.00529	0.5	90703	480	90463	2473131	27.27
1960-1964	49	0.00795	0.00792	0.5	90223	714	89866	2382668	26.41
1960-1964	50	0.00662	0.00659	0.5	89509	590	89213	2292802	25.62
1960-1964	51	0.00782	0.00779	0.5	88918	693	88572	2203589	24.78
1960-1964	52	0.00873	0.00869	0.5	88226	766	87842	2115017	23.97
1960-1964	53	0.00874	0.00870	0.5	87459	761	87079	2027174	23.18
1960-1964	54	0.01072	0.01066	0.5	86698	925	86236	1940096	22.38
1960-1964	55	0.01030	0.01024	0.5	85774	879	85334	1853860	21.61
1960-1964	56	0.01177	0.01170	0.5	84895	993	84399	1768525	20.83
1960-1964	57	0.01189	0.01182	0.5	83902	991	83406	1684126	20.07
1960-1964	58	0.01473	0.01463	0.5	82911	1213	82304	1600720	19.31
1960-1964	59	0.01586	0.01573	0.5	81698	1285	81055	1518416	18.59
1960-1964	60	0.01577	0.01565	0.5	80413	1258	79784	1437360	17.87
1960-1964	61	0.01720	0.01705	0.5	79155	1350	78480	1357577	17.15
1960-1964	62	0.01858	0.01841	0.5	77805	1432	77089	1279097	16.44
1960-1964	63	0.02214	0.02190	0.5	76373	1672	75536	1202008	15.74
1960-1964	64	0.02469	0.02439	0.5	74700	1822	73789	1126472	15.08
1960-1964	65	0.02469	0.02439	0.5	72878	1778	71990	1052683	14.44
1960-1964	66	0.02541	0.02509	0.5	71101	1784	70209	980693	13.79
1960-1964	67	0.03255	0.03203	0.5	69317	2220	68207	910484	13.14
1960-1964	68	0.03559	0.03497	0.5	67097	2346	65924	842277	12.55
1960-1964	69	0.03559	0.03497	0.5	64751	2264	63619	776353	11.99
1960-1964	70	0.03987	0.03909	0.5	62487	2443	61265	712735	11.41
1960-1964	71	0.04667	0.04561	0.5	60044	2739	58675	651469	10.85
1960-1964	72	0.04979	0.04858	0.5	57305	2784	55913	592795	10.34
1960-1964	73	0.05381	0.05240	0.5	54521	2857	53093	536881	9.85
1960-1964	74	0.05710	0.05552	0.5	51664	2868	50230	483788	9.36
1960-1964	75	0.06073	0.05894	0.5	48796	2876	47358	433558	8.89
1960-1964	76	0.06849	0.06623	0.5	45920	3041	44400	386200	8.41
1960-1964	77	0.06639	0.06426	0.5	42879	2755	41501	341800	7.97
1960-1964	78	0.08007	0.07698	0.5	40124	3089	38579	300299	7.48
1960-1964	79	0.08396	0.08058	0.5	37035	2984	35543	261720	7.07
1960-1964	80	0.09432	0.09008	0.5	34051	3067	32517	226177	6.64
1960-1964	81	0.10355	0.09845	0.5	30983	3050	29458	193660	6.25
1960-1964	82	0.11357	0.10747	0.5	27933	3002	26432	164202	5.88
1960-1964	83	0.12443	0.11714	0.5	24931	2920	23471	137770	5.53
1960-1964	84	0.13617	0.12749	0.5	22011	2806	20608	114299	5.19
1960-1964	85	0.14884	0.13853	0.5	19205	2660	17874	93691	4.88
1960-1964	86	0.16248	0.15027	0.5	16544	2486	15301	75817	4.58
1960-1964	87	0.17712	0.16271	0.5	14058	2287	12914	60516	4.30
1960-1964	88	0.19278	0.17583	0.5	11771	2070	10736	47601	4.04
1960-1964	89	0.20949	0.18963	0.5	9701	1840	8781	36866	3.80
1960-1964	90	0.22725	0.20406	0.5	7861	1604	7059	28084	3.57
1960-1964	91	0.24607	0.21911	0.5	6257	1371	5572	21025	3.36
1960-1964	92	0.26592	0.23471	0.5	4886	1147	4313	15454	3.16
1960-1964	93	0.28679	0.25082	0.5	3739	938	3270	11141	2.98
1960-1964	94	0.30862	0.26737	0.5	2801	749	2427	7870	2.81
1960-1964	95	0.33137	0.28427	0.5	2052	583	1761	5443	2.65
1960-1964	96	0.35496	0.30146	0.5	1469	443	1248	3683	2.51
1960-1964	97	0.37931	0.31884	0.5	1026	327	863	2435	2.37
1960-1964	98	0.40430	0.33631	0.5	699	235	581	1573	2.25
1960-1964	99	0.42983	0.35379	0.5	464	164	382	991	2.14
1960-1964	100	0.45576	0.37118	0.5	300	111	244	609	2.03
1960-1964	101	0.48197	0.38838	0.5	189	73	152	365	1.94
1960-1964	102	0.50831	0.40530	0.5	115	47	92	213	1.85
1960-1964	103	0.53464	0.42186	0.5	69	29	54	121	1.77
1960-1964	104	0.56080	0.43799	0.5	40	17	31	67	1.70
1960-1964	105	0.58665	0.45360	0.5	22	10	17	36	1.63
1960-1964	106	0.61207	0.46865	0.5	12	6	9	19	1.57
1960-1964	107	0.63692	0.48308	0.5	6	3	5	10	1.52
1960-1964	108	0.66108	0.49685	0.5	3	2	3	5	1.48
1960-1964	109	0.68445	0.50994	0.5	2	1	1	2	1.44
1960-1964	110+	0.70695	1.00000	1.41	1	1	1	1	1.41
1965-1969	0	0.02106	0.02067	0.11	100000	2067	98154	7086378	70.86
1965-1969	1	0.00139	0.00139	0.5	97933	136	97865	6988224	71.36
1965-1969	2	0.00095	0.00095	0.5	97797	93	97751	6890359	70.46
1965-1969	3	0.00085	0.00085	0.5	97704	83	97662	6792609	69.52
1965-1969	4	0.00071	0.00071	0.5	97621	70	97586	6694946	68.58
1965-1969	5	0.00057	0.00057	0.5	97551	55	97524	6597360	67.63
1965-1969	6	0.00052	0.00052	0.5	97496	51	97471	6499836	66.67
1965-1969	7	0.00046	0.00046	0.5	97445	44	97423	6402366	65.70
1965-1969	8	0.00039	0.00039	0.5	97401	38	97382	6304943	64.73
1965-1969	9	0.00024	0.00024	0.5	97362	24	97351	6207561	63.76
1965-1969	10	0.00040	0.00040	0.5	97339	39	97319	6110211	62.77
1965-1969	11	0.00029	0.00029	0.5	97300	29	97285	6012891	61.80
1965-1969	12	0.00028	0.00028	0.5	97271	27	97258	5915606	60.82
1965-1969	13	0.00028	0.00028	0.5	97244	27	97231	5818348	59.83
1965-1969	14	0.00044	0.00044	0.5	97217	43	97196	5721118	58.85
1965-1969	15	0.00061	0.00061	0.5	97174	59	97145	5623922	57.87
1965-1969	16	0.00118	0.00118	0.5	97115	114	97058	5526778	56.91
1965-1969	17	0.00126	0.00126	0.5	97001	122	96939	5429720	55.98
1965-1969	18	0.00146	0.00145	0.5	96878	141	96808	5332780	55.05
1965-1969	19	0.00166	0.00166	0.5	96737	161	96657	5235973	54.13
1965-1969	20	0.00187	0.00187	0.5	96577	181	96486	5139316	53.21
1965-1969	21	0.00135	0.00135	0.5	96396	130	96331	5042829	52.31
1965-1969	22	0.00128	0.00128	0.5	96266	124	96204	4946498	51.38
1965-1969	23	0.00105	0.00104	0.5	96143	100	96092	4850294	50.45
1965-1969	24	0.00135	0.00135	0.5	96042	129	95977	4754202	49.50
1965-1969	25	0.00111	0.00111	0.5	95913	107	95859	4658224	48.57
1965-1969	26	0.00113	0.00113	0.5	95806	108	95752	4562365	47.62
1965-1969	27	0.00089	0.00089	0.5	95698	85	95655	4466613	46.67
1965-1969	28	0.00123	0.00123	0.5	95613	117	95554	4370957	45.72
1965-1969	29	0.00166	0.00166	0.5	95495	158	95416	4275403	44.77
1965-1969	30	0.00140	0.00140	0.5	95337	133	95270	4179987	43.84
1965-1969	31	0.00098	0.00098	0.5	95204	93	95157	4084717	42.91
1965-1969	32	0.00166	0.00166	0.5	95110	158	95031	3989560	41.95
1965-1969	33	0.00135	0.00135	0.5	94952	128	94888	3894529	41.02
1965-1969	34	0.00175	0.00175	0.5	94824	166	94741	3799641	40.07
1965-1969	35	0.00134	0.00133	0.5	94659	126	94596	3704899	39.14
1965-1969	36	0.00171	0.00171	0.5	94532	162	94452	3610304	38.19
1965-1969	37	0.00211	0.00211	0.5	94371	199	94271	3515852	37.26
1965-1969	38	0.00221	0.00221	0.5	94171	208	94067	3421581	36.33
1965-1969	39	0.00227	0.00227	0.5	93963	213	93856	3327514	35.41
1965-1969	40	0.00259	0.00259	0.5	93750	243	93628	3233657	34.49
1965-1969	41	0.00297	0.00297	0.5	93507	277	93368	3140029	33.58
1965-1969	42	0.00336	0.00336	0.5	93230	313	93073	3046661	32.68
1965-1969	43	0.00328	0.00327	0.5	92916	304	92764	2953588	31.79
1965-1969	44	0.00314	0.00314	0.5	92612	291	92467	2860823	30.89
1965-1969	45	0.00370	0.00369	0.5	92322	341	92151	2768356	29.99
1965-1969	46	0.00459	0.00458	0.5	91981	421	91770	2676205	29.10
1965-1969	47	0.00452	0.00451	0.5	91560	413	91354	2584434	28.23
1965-1969	48	0.00561	0.00560	0.5	91147	510	90892	2493081	27.35
1965-1969	49	0.00571	0.00570	0.5	90637	516	90379	2402189	26.50
1965-1969	50	0.00639	0.00637	0.5	90121	574	89833	2311810	25.65
1965-1969	51	0.00723	0.00721	0.5	89546	645	89224	2221977	24.81
1965-1969	52	0.00921	0.00917	0.5	88901	815	88494	2132753	23.99
1965-1969	53	0.00890	0.00886	0.5	88086	781	87696	2044259	23.21
1965-1969	54	0.00999	0.00994	0.5	87305	868	86871	1956563	22.41
1965-1969	55	0.01199	0.01192	0.5	86437	1030	85922	1869692	21.63
1965-1969	56	0.01302	0.01293	0.5	85407	1105	84854	1783770	20.89
1965-1969	57	0.01409	0.01399	0.5	84302	1179	83712	1698916	20.15
1965-1969	58	0.01366	0.01357	0.5	83123	1128	82559	1615203	19.43
1965-1969	59	0.01737	0.01722	0.5	81995	1412	81289	1532644	18.69
1965-1969	60	0.01599	0.01587	0.5	80584	1279	79944	1451355	18.01
1965-1969	61	0.01734	0.01719	0.5	79305	1363	78623	1371411	17.29
1965-1969	62	0.02190	0.02166	0.5	77942	1688	77098	1292787	16.59
1965-1969	63	0.02299	0.02273	0.5	76253	1733	75387	1215690	15.94
1965-1969	64	0.02415	0.02386	0.5	74520	1778	73631	1140303	15.30
1965-1969	65	0.02515	0.02484	0.5	72742	1807	71838	1066672	14.66
1965-1969	66	0.02582	0.02549	0.5	70935	1808	70031	994834	14.02
1965-1969	67	0.02875	0.02834	0.5	69127	1959	68147	924804	13.38
1965-1969	68	0.03210	0.03160	0.5	67168	2122	66107	856656	12.75
1965-1969	69	0.03914	0.03839	0.5	65045	2497	63797	790550	12.15
1965-1969	70	0.04133	0.04049	0.5	62549	2533	61282	726753	11.62
1965-1969	71	0.03995	0.03917	0.5	60016	2351	58840	665471	11.09
1965-1969	72	0.04630	0.04525	0.5	57665	2609	56360	606630	10.52
1965-1969	73	0.04997	0.04875	0.5	55056	2684	53714	550270	9.99
1965-1969	74	0.05427	0.05284	0.5	52372	2767	50988	496556	9.48
1965-1969	75	0.06172	0.05987	0.5	49605	2970	48120	445568	8.98
1965-1969	76	0.06447	0.06246	0.5	46635	2913	45178	397448	8.52
1965-1969	77	0.07372	0.07110	0.5	43722	3108	42168	352270	8.06
1965-1969	78	0.08151	0.07832	0.5	40613	3181	39023	310102	7.64
1965-1969	79	0.08618	0.08262	0.5	37432	3093	35886	271080	7.24
1965-1969	80	0.08936	0.08554	0.5	34340	2937	32871	235193	6.85
1965-1969	81	0.09821	0.09361	0.5	31402	2940	29933	202322	6.44
1965-1969	82	0.10786	0.10234	0.5	28463	2913	27006	172390	6.06
1965-1969	83	0.11836	0.11175	0.5	25550	2855	24122	145383	5.69
1965-1969	84	0.12977	0.12186	0.5	22695	2766	21312	121261	5.34
1965-1969	85	0.14213	0.13270	0.5	19929	2645	18607	99949	5.02
1965-1969	86	0.15549	0.14427	0.5	17284	2494	16038	81343	4.71
1965-1969	87	0.16990	0.15660	0.5	14791	2316	13633	65305	4.42
1965-1969	88	0.18540	0.16967	0.5	12475	2117	11416	51672	4.14
1965-1969	89	0.20201	0.18348	0.5	10358	1900	9408	40256	3.89
1965-1969	90	0.21976	0.19801	0.5	8458	1675	7620	30848	3.65
1965-1969	91	0.23866	0.21322	0.5	6783	1446	6060	23228	3.42
1965-1969	92	0.25871	0.22908	0.5	5337	1223	4725	17168	3.22
1965-1969	93	0.27989	0.24553	0.5	4114	1010	3609	12443	3.02
1965-1969	94	0.30215	0.26249	0.5	3104	815	2697	8834	2.85
1965-1969	95	0.32545	0.27990	0.5	2289	641	1969	6137	2.68
1965-1969	96	0.34972	0.29767	0.5	1648	491	1403	4168	2.53
1965-1969	97	0.37486	0.31569	0.5	1158	365	975	2765	2.39
1965-1969	98	0.40076	0.33386	0.5	792	265	660	1790	2.26
1965-1969	99	0.42730	0.35208	0.5	528	186	435	1130	2.14
1965-1969	100	0.45433	0.37023	0.5	342	127	279	695	2.03
1965-1969	101	0.48169	0.38820	0.5	215	84	174	416	1.93
1965-1969	102	0.50923	0.40589	0.5	132	53	105	243	1.84
1965-1969	103	0.53678	0.42320	0.5	78	33	62	138	1.76
1965-1969	104	0.56416	0.44003	0.5	45	20	35	76	1.69
1965-1969	105	0.59120	0.45632	0.5	25	12	20	41	1.62
1965-1969	106	0.61776	0.47197	0.5	14	6	11	21	1.56
1965-1969	107	0.64367	0.48695	0.5	7	4	5	11	1.50
1965-1969	108	0.66881	0.50121	0.5	4	2	3	5	1.46
1965-1969	109	0.69307	0.51470	0.5	2	1	1	3	1.42
1965-1969	110+	0.71633	1.00000	1.4	1	1	1	1	1.40
1970-1974	0	0.01529	0.01508	0.09	100000	1508	98630	7238316	72.38
1970-1974	1	0.00114	0.00114	0.5	98492	113	98436	7139686	72.49
1970-1974	2	0.00058	0.00058	0.5	98379	57	98351	7041250	71.57
1970-1974	3	0.00048	0.00048	0.5	98322	47	98299	6942900	70.61
1970-1974	4	0.00032	0.00032	0.5	98275	32	98259	6844601	69.65
1970-1974	5	0.00047	0.00047	0.5	98243	46	98221	6746342	68.67
1970-1974	6	0.00055	0.00055	0.5	98198	54	98171	6648121	67.70
1970-1974	7	0.00025	0.00025	0.5	98144	25	98131	6549951	66.74
1970-1974	8	0.00027	0.00027	0.5	98119	26	98106	6451819	65.76
1970-1974	9	0.00059	0.00059	0.5	98092	58	98064	6353714	64.77
1970-1974	10	0.00034	0.00034	0.5	98035	34	98018	6255650	63.81
1970-1974	11	0.00019	0.00019	0.5	98001	19	97992	6157632	62.83
1970-1974	12	0.00025	0.00025	0.5	97983	25	97970	6059640	61.84
1970-1974	13	0.00049	0.00049	0.5	97958	48	97934	5961670	60.86
1970-1974	14	0.00050	0.00050	0.5	97910	48	97886	5863736	59.89
1970-1974	15	0.00056	0.00056	0.5	97862	55	97834	5765850	58.92
1970-1974	16	0.00102	0.00102	0.5	97807	99	97757	5668016	57.95
1970-1974	17	0.00108	0.00108	0.5	97708	105	97655	5570258	57.01
1970-1974	18	0.00140	0.00140	0.5	97602	137	97534	5472603	56.07
1970-1974	19	0.00109	0.00109	0.5	97466	106	97413	5375069	55.15
1970-1974	20	0.00083	0.00083	0.5	97360	81	97319	5277656	54.21
1970-1974	21	0.00147	0.00147	0.5	97279	143	97207	5180337	53.25
1970-1974	22	0.00089	0.00089	0.5	97136	87	97092	5083130	52.33
1970-1974	23	0.00121	0.00121	0.5	97049	118	96990	4986037	51.38
1970-1974	24	0.00107	0.00107	0.5	96931	104	96879	4889047	50.44
1970-1974	25	0.00111	0.00111	0.5	96827	107	96774	4792168	49.49
1970-1974	26	0.00081	0.00081	0.5	96720	79	96681	4695394	48.55
1970-1974	27	0.00067	0.00067	0.5	96642	64	96609	4598713	47.59
1970-1974	28	0.00134	0.00134	0.5	96577	129	96513	4502104	46.62
1970-1974	29	0.00129	0.00129	0.5	96448	124	96386	4405591	45.68
1970-1974	30	0.00117	0.00117	0.5	96324	113	96268	4309205	44.74
1970-1974	31	0.00063	0.00063	0.5	96211	61	96181	4212937	43.79
1970-1974	32	0.00111	0.00111	0.5	96151	107	96097	4116756	42.82
1970-1974	33	0.00167	0.00167	0.5	96044	160	95964	4020659	41.86
1970-1974	34	0.00124	0.00124	0.5	95884	119	95825	3924695	40.93
1970-1974	35	0.00146	0.00146	0.5	95765	140	95695	3828870	39.98
1970-1974	36	0.00200	0.00200	0.5	95625	191	95530	3733175	39.04
1970-1974	37	0.00168	0.00168	0.5	95434	160	95354	3637646	38.12
1970-1974	38	0.00229	0.00228	0.5	95274	218	95165	3542291	37.18
1970-1974	39	0.00142	0.00142	0.5	95057	135	94989	3447126	36.26
1970-1974	40	0.00203	0.00202	0.5	94922	192	94826	3352137	35.31
1970-1974	41	0.00251	0.00250	0.5	94730	237	94611	3257311	34.39
1970-1974	42	0.00302	0.00301	0.5	94492	285	94350	3162700	33.47
1970-1974	43	0.00283	0.00283	0.5	94207	266	94074	3068350	32.57
1970-1974	44	0.00333	0.00332	0.5	93941	312	93785	2974276	31.66
1970-1974	45	0.00469	0.00468	0.5	93629	439	93410	2880491	30.76
1970-1974	46	0.00467	0.00466	0.5	93191	434	92974	2787081	29.91
1970-1974	47	0.00561	0.00560	0.5	92757	519	92497	2694107	29.04
1970-1974	48	0.00453	0.00452	0.5	92238	416	92029	2601610	28.21
1970-1974	49	0.00612	0.00610	0.5	91821	560	91541	2509580	27.33
1970-1974	50	0.00626	0.00624	0.5	91261	569	90976	2418039	26.50
1970-1974	51	0.00688	0.00686	0.5	90692	622	90381	2327063	25.66
1970-1974	52	0.00635	0.00633	0.5	90070	570	89785	2236683	24.83
1970-1974	53	0.00734	0.00731	0.5	89499	654	89172	2146898	23.99
1970-1974	54	0.00973	0.00969	0.5	88845	861	88415	2057726	23.16
1970-1974	55	0.00992	0.00987	0.5	87985	869	87550	1969311	22.38
1970-1974	56	0.01108	0.01102	0.5	87116	960	86636	1881761	21.60
1970-1974	57	0.01206	0.01199	0.5	86156	1033	85640	1795125	20.84
1970-1974	58	0.01281	0.01272	0.5	85123	1083	84581	1709485	20.08
1970-1974	59	0.01333	0.01324	0.5	84040	1113	83484	1624903	19.33
1970-1974	60	0.01656	0.01642	0.5	82927	1362	82246	1541420	18.59
1970-1974	61	0.01796	0.01780	0.5	81565	1452	80839	1459174	17.89
1970-1974	62	0.01984	0.01965	0.5	80114	1574	79327	1378334	17.20
1970-1974	63	0.02104	0.02082	0.5	78540	1635	77722	1299008	16.54
1970-1974	64	0.02473	0.02442	0.5	76904	1878	75965	1221286	15.88
1970-1974	65	0.02380	0.02352	0.5	75026	1765	74144	1145320	15.27
1970-1974	66	0.02781	0.02743	0.5	73261	2009	72256	1071177	14.62
1970-1974	67	0.02927	0.02885	0.5	71252	2056	70224	998920	14.02
1970-1974	68	0.03156	0.03107	0.5	69196	2150	68121	928696	13.42
1970-1974	69	0.03609	0.03545	0.5	67047	2377	65858	860575	12.84
1970-1974	70	0.03711	0.03643	0.5	64670	2356	63492	794716	12.29
1970-1974	71	0.03708	0.03641	0.5	62314	2269	61180	731224	11.73
1970-1974	72	0.04111	0.04028	0.5	60045	2419	58836	670045	11.16
1970-1974	73	0.04717	0.04608	0.5	57627	2655	56299	611209	10.61
1970-1974	74	0.05481	0.05334	0.5	54971	2932	53505	554910	10.09
1970-1974	75	0.05501	0.05354	0.5	52039	2786	50646	501405	9.64
1970-1974	76	0.06673	0.06457	0.5	49253	3180	47662	450759	9.15
1970-1974	77	0.06409	0.06210	0.5	46072	2861	44642	403097	8.75
1970-1974	78	0.07295	0.07039	0.5	43211	3042	41691	358455	8.30
1970-1974	79	0.07694	0.07409	0.5	40170	2976	38682	316764	7.89
1970-1974	80	0.07747	0.07459	0.5	37194	2774	35807	278083	7.48
1970-1974	81	0.08533	0.08184	0.5	34420	2817	33011	242276	7.04
1970-1974	82	0.09391	0.08970	0.5	31603	2835	30185	209265	6.62
1970-1974	83	0.10327	0.09820	0.5	28768	2825	27356	179079	6.22
1970-1974	84	0.11346	0.10737	0.5	25943	2785	24550	151724	5.85
1970-1974	85	0.12453	0.11723	0.5	23158	2715	21800	127173	5.49
1970-1974	86	0.13654	0.12781	0.5	20443	2613	19136	105373	5.15
1970-1974	87	0.14953	0.13912	0.5	17830	2481	16590	86237	4.84
1970-1974	88	0.16354	0.15118	0.5	15349	2320	14189	69647	4.54
1970-1974	89	0.17862	0.16397	0.5	13029	2136	11961	55458	4.26
1970-1974	90	0.19480	0.17751	0.5	10893	1934	9926	43497	3.99
1970-1974	91	0.21209	0.19176	0.5	8959	1718	8100	33571	3.75
1970-1974	92	0.23052	0.20670	0.5	7241	1497	6493	25471	3.52
1970-1974	93	0.25009	0.22229	0.5	5744	1277	5106	18978	3.30
1970-1974	94	0.27077	0.23849	0.5	4467	1065	3935	13872	3.11
1970-1974	95	0.29255	0.25522	0.5	3402	868	2968	9938	2.92
1970-1974	96	0.31537	0.27241	0.5	2534	690	2189	6970	2.75
1970-1974	97	0.33917	0.28999	0.5	1844	535	1576	4781	2.59
1970-1974	98	0.36386	0.30785	0.5	1309	403	1107	3205	2.45
1970-1974	99	0.38935	0.32591	0.5	906	295	758	2097	2.32
1970-1974	100	0.41552	0.34404	0.5	611	210	506	1339	2.19
1970-1974	101	0.44223	0.36215	0.5	401	145	328	834	2.08
1970-1974	102	0.46933	0.38013	0.5	256	97	207	505	1.98
1970-1974	103	0.49667	0.39787	0.5	158	63	127	298	1.88
1970-1974	104	0.52409	0.41527	0.5	95	40	76	172	1.80
1970-1974	105	0.55141	0.43224	0.5	56	24	44	96	1.72
1970-1974	106	0.57848	0.44870	0.5	32	14	25	52	1.65
1970-1974	107	0.60514	0.46457	0.5	17	8	13	28	1.59
1970-1974	108	0.63123	0.47980	0.5	9	4	7	14	1.54
1970-1974	109	0.65661	0.49432	0.5	5	2	4	7	1.50
1970-1974	110+	0.68117	1.00000	1.47	2	2	4	4	1.47
1975-1979	0	0.01154	0.01141	0.08	100000	1141	98950	7422980	74.23
1975-1979	1	0.00049	0.00049	0.5	98859	48	98834	7324030	74.09
1975-1979	2	0.00060	0.00060	0.5	98810	59	98781	7225195	73.12
1975-1979	3	0.00047	0.00047	0.5	98751	47	98728	7126415	72.17
1975-1979	4	0.00046	0.00046	0.5	98704	45	98682	7027687	71.20
1975-1979	5	0.00048	0.00048	0.5	98659	47	98636	6929005	70.23
1975-1979	6	0.00031	0.00031	0.5	98612	30	98597	6830369	69.26
1975-1979	7	0.00035	0.00035	0.5	98582	34	98565	6731772	68.29
1975-1979	8	0.00034	0.00034	0.5	98548	34	98531	6633207	67.31
1975-1979	9	0.00053	0.00053	0.5	98514	53	98488	6534676	66.33
1975-1979	10	0.00026	0.00026	0.5	98461	26	98448	6436189	65.37
1975-1979	11	0.00023	0.00023	0.5	98436	23	98424	6337740	64.38
1975-1979	12	0.00018	0.00018	0.5	98413	18	98404	6239316	63.40
1975-1979	13	0.00030	0.00030	0.5	98395	30	98381	6140912	62.41
1975-1979	14	0.00041	0.00041	0.5	98366	41	98345	6042531	61.43
1975-1979	15	0.00048	0.00047	0.5	98325	47	98302	5944186	60.45
1975-1979	16	0.00095	0.00095	0.5	98279	94	98232	5845884	59.48
1975-1979	17	0.00112	0.00112	0.5	98185	110	98130	5747652	58.54
1975-1979	18	0.00138	0.00138	0.5	98075	135	98007	5649523	57.60
1975-1979	19	0.00114	0.00114	0.5	97940	112	97884	5551516	56.68
1975-1979	20	0.00124	0.00124	0.5	97828	121	97767	5453632	55.75
1975-1979	21	0.00150	0.00149	0.5	97707	146	97634	5355865	54.82
1975-1979	22	0.00135	0.00135	0.5	97561	132	97495	5258231	53.90
1975-1979	23	0.00117	0.00117	0.5	97429	114	97372	5160736	52.97
1975-1979	24	0.00108	0.00108	0.5	97315	105	97262	5063364	52.03
1975-1979	25	0.00117	0.00117	0.5	97210	113	97153	4966101	51.09
1975-1979	26	0.00109	0.00109	0.5	97096	105	97044	4868948	50.15
1975-1979	27	0.00084	0.00084	0.5	96991	81	96950	4771904	49.20
1975-1979	28	0.00085	0.00085	0.5	96910	83	96868	4674954	48.24
1975-1979	29	0.00079	0.00079	0.5	96827	76	96789	4578086	47.28
1975-1979	30	0.00082	0.00082	0.5	96751	79	96711	4481297	46.32
1975-1979	31	0.00101	0.00101	0.5	96672	98	96623	4384586	45.36
1975-1979	32	0.00093	0.00093	0.5	96573	90	96529	4287963	44.40
1975-1979	33	0.00116	0.00116	0.5	96484	112	96428	4191435	43.44
1975-1979	34	0.00125	0.00125	0.5	96371	121	96311	4095007	42.49
1975-1979	35	0.00113	0.00113	0.5	96251	109	96196	3998696	41.54
1975-1979	36	0.00106	0.00105	0.5	96142	101	96091	3902500	40.59
1975-1979	37	0.00174	0.00174	0.5	96041	167	95957	3806408	39.63
1975-1979	38	0.00152	0.00152	0.5	95874	146	95801	3710451	38.70
1975-1979	39	0.00162	0.00162	0.5	95728	155	95650	3614650	37.76
1975-1979	40	0.00184	0.00184	0.5	95573	176	95485	3519000	36.82
1975-1979	41	0.00234	0.00233	0.5	95397	223	95286	3423514	35.89
1975-1979	42	0.00254	0.00254	0.5	95175	242	95054	3328228	34.97
1975-1979	43	0.00264	0.00264	0.5	94933	250	94808	3233174	34.06
1975-1979	44	0.00285	0.00284	0.5	94683	269	94548	3138366	33.15
1975-1979	45	0.00295	0.00295	0.5	94414	278	94275	3043818	32.24
1975-1979	46	0.00326	0.00325	0.5	94135	306	93982	2949543	31.33
1975-1979	47	0.00472	0.00471	0.5	93829	442	93608	2855561	30.43
1975-1979	48	0.00466	0.00464	0.5	93387	434	93170	2761953	29.58
1975-1979	49	0.00512	0.00511	0.5	92953	475	92716	2668783	28.71
1975-1979	50	0.00577	0.00576	0.5	92478	532	92212	2576067	27.86
1975-1979	51	0.00637	0.00635	0.5	91946	584	91654	2483855	27.01
1975-1979	52	0.00667	0.00665	0.5	91362	608	91058	2392201	26.18
1975-1979	53	0.00758	0.00755	0.5	90754	685	90411	2301144	25.36
1975-1979	54	0.00777	0.00774	0.5	90069	697	89720	2210732	24.54
1975-1979	55	0.00881	0.00877	0.5	89371	784	88980	2121012	23.73
1975-1979	56	0.00941	0.00937	0.5	88588	830	88173	2032033	22.94
1975-1979	57	0.01151	0.01144	0.5	87758	1004	87256	1943860	22.15
1975-1979	58	0.01109	0.01103	0.5	86754	957	86275	1856604	21.40
1975-1979	59	0.01208	0.01201	0.5	85797	1030	85282	1770329	20.63
1975-1979	60	0.01236	0.01228	0.5	84766	1041	84246	1685047	19.88
1975-1979	61	0.01560	0.01548	0.5	83725	1296	83077	1600801	19.12
1975-1979	62	0.01670	0.01656	0.5	82429	1365	81747	1517724	18.41
1975-1979	63	0.01679	0.01665	0.5	81064	1350	80389	1435977	17.71
1975-1979	64	0.01875	0.01857	0.5	79714	1481	78974	1355588	17.01
1975-1979	65	0.01933	0.01915	0.5	78234	1498	77485	1276614	16.32
1975-1979	66	0.02301	0.02275	0.5	76736	1746	75863	1199129	15.63
1975-1979	67	0.02563	0.02531	0.5	74990	1898	74041	1123266	14.98
1975-1979	68	0.02713	0.02676	0.5	73092	1956	72114	1049225	14.35
1975-1979	69	0.03089	0.03042	0.5	71136	2164	70054	977111	13.74
1975-1979	70	0.03097	0.03050	0.5	68972	2103	67920	907058	13.15
1975-1979	71	0.03481	0.03422	0.5	66868	2288	65724	839137	12.55
1975-1979	72	0.03939	0.03863	0.5	64580	2495	63333	773413	11.98
1975-1979	73	0.04260	0.04171	0.5	62085	2590	60791	710080	11.44
1975-1979	74	0.04602	0.04499	0.5	59496	2676	58157	649290	10.91
1975-1979	75	0.04884	0.04767	0.5	56819	2709	55465	591132	10.40
1975-1979	76	0.05357	0.05217	0.5	54110	2823	52699	535667	9.90
1975-1979	77	0.06022	0.05846	0.5	51287	2998	49788	482968	9.42
1975-1979	78	0.06004	0.05829	0.5	48289	2815	46882	433180	8.97
1975-1979	79	0.06684	0.06468	0.5	45474	2941	44004	386299	8.49
1975-1979	80	0.06883	0.06654	0.5	42533	2830	41118	342295	8.05
1975-1979	81	0.07575	0.07299	0.5	39703	2898	38254	301177	7.59
1975-1979	82	0.08333	0.08000	0.5	36805	2944	35333	262924	7.14
1975-1979	83	0.09164	0.08762	0.5	33860	2967	32377	227591	6.72
1975-1979	84	0.10072	0.09589	0.5	30893	2962	29412	195214	6.32
1975-1979	85	0.11063	0.10484	0.5	27931	2928	26467	165802	5.94
1975-1979	86	0.12145	0.11449	0.5	25003	2863	23572	139335	5.57
1975-1979	87	0.13321	0.12489	0.5	22140	2765	20758	115764	5.23
1975-1979	88	0.14599	0.13606	0.5	19375	2636	18057	95006	4.90
1975-1979	89	0.15983	0.14800	0.5	16739	2477	15500	76949	4.60
1975-1979	90	0.17479	0.16074	0.5	14262	2292	13115	61449	4.31
1975-1979	91	0.19091	0.17428	0.5	11969	2086	10926	48333	4.04
1975-1979	92	0.20823	0.18859	0.5	9883	1864	8951	37407	3.78
1975-1979	93	0.22676	0.20367	0.5	8019	1633	7203	28456	3.55
1975-1979	94	0.24652	0.21947	0.5	6386	1402	5685	21253	3.33
1975-1979	95	0.26751	0.23595	0.5	4984	1176	4396	15568	3.12
1975-1979	96	0.28969	0.25304	0.5	3808	964	3327	11172	2.93
1975-1979	97	0.31303	0.27066	0.5	2845	770	2460	7845	2.76
1975-1979	98	0.33745	0.28874	0.5	2075	599	1775	5386	2.60
1975-1979	99	0.36288	0.30715	0.5	1476	453	1249	3610	2.45
1975-1979	100	0.38920	0.32580	0.5	1022	333	856	2361	2.31
1975-1979	101	0.41627	0.34456	0.5	689	238	571	1505	2.18
1975-1979	102	0.44396	0.36331	0.5	452	164	370	935	2.07
1975-1979	103	0.47209	0.38193	0.5	288	110	233	565	1.96
1975-1979	104	0.50048	0.40031	0.5	178	71	142	332	1.87
1975-1979	105	0.52894	0.41831	0.5	107	45	84	190	1.78
1975-1979	106	0.55730	0.43585	0.5	62	27	49	106	1.71
1975-1979	107	0.58535	0.45282	0.5	35	16	27	57	1.64
1975-1979	108	0.61292	0.46915	0.5	19	9	15	30	1.58
1975-1979	109	0.63985	0.48476	0.5	10	5	8	16	1.53
1975-1979	110+	0.66597	1.00000	1.5	5	5	8	8	1.50
1980-1984	0	0.00909	0.00901	0.07	100000	901	99165	7508706	75.09
1980-1984	1	0.00105	0.00105	0.5	99099	104	99047	7409540	74.77
1980-1984	2	0.00064	0.00064	0.5	98995	63	98963	7310494	73.85
1980-1984	3	0.00038	0.00038	0.5	98931	37	98913	7211531	72.89
1980-1984	4	0.00027	0.00027	0.5	98894	27	98881	7112618	71.92
1980-1984	5	0.00019	0.00019	0.5	98867	19	98858	7013737	70.94
1980-1984	6	0.00023	0.00023	0.5	98848	22	98837	6914879	69.95
1980-1984	7	0.00028	0.00028	0.5	98826	27	98812	6816042	68.97
1980-1984	8	0.00037	0.00037	0.5	98799	36	98780	6717230	67.99
1980-1984	9	0.00016	0.00016	0.5	98762	16	98755	6618450	67.01
1980-1984	10	0.00035	0.00035	0.5	98747	34	98730	6519695	66.02
1980-1984	11	0.00032	0.00032	0.5	98713	31	98697	6420965	65.05
1980-1984	12	0.00026	0.00026	0.5	98681	26	98668	6322268	64.07
1980-1984	13	0.00031	0.00031	0.5	98655	30	98640	6223600	63.08
1980-1984	14	0.00051	0.00051	0.5	98625	51	98599	6124961	62.10
1980-1984	15	0.00055	0.00055	0.5	98574	54	98547	6026361	61.14
1980-1984	16	0.00070	0.00070	0.5	98519	69	98485	5927815	60.17
1980-1984	17	0.00110	0.00110	0.5	98451	108	98397	5829330	59.21
1980-1984	18	0.00118	0.00118	0.5	98343	116	98285	5730933	58.28
1980-1984	19	0.00087	0.00087	0.5	98227	85	98184	5632648	57.34
1980-1984	20	0.00112	0.00112	0.5	98142	110	98087	5534464	56.39
1980-1984	21	0.00077	0.00077	0.5	98031	76	97994	5436377	55.46
1980-1984	22	0.00099	0.00099	0.5	97956	97	97907	5338384	54.50
1980-1984	23	0.00096	0.00096	0.5	97859	94	97812	5240476	53.55
1980-1984	24	0.00084	0.00084	0.5	97765	82	97723	5142665	52.60
1980-1984	25	0.00087	0.00086	0.5	97682	84	97640	5044941	51.65
1980-1984	26	0.00079	0.00079	0.5	97598	77	97559	4947301	50.69
1980-1984	27	0.00100	0.00100	0.5	97521	98	97472	4849742	49.73
1980-1984	28	0.00097	0.00097	0.5	97423	95	97376	4752270	48.78
1980-1984	29	0.00102	0.00102	0.5	97328	99	97279	4654895	47.83
1980-1984	30	0.00081	0.00081	0.5	97229	79	97190	4557616	46.87
1980-1984	31	0.00100	0.00100	0.5	97150	97	97102	4460426	45.91
1980-1984	32	0.00069	0.00069	0.5	97054	67	97020	4363324	44.96
1980-1984	33	0.00088	0.00088	0.5	96987	86	96944	4266304	43.99
1980-1984	34	0.00115	0.00115	0.5	96901	111	96845	4169360	43.03
1980-1984	35	0.00111	0.00111	0.5	96790	107	96736	4072514	42.08
1980-1984	36	0.00098	0.00097	0.5	96683	94	96636	3975778	41.12
1980-1984	37	0.00130	0.00130	0.5	96588	126	96525	3879143	40.16
1980-1984	38	0.00157	0.00156	0.5	96463	151	96387	3782617	39.21
1980-1984	39	0.00189	0.00188	0.5	96312	181	96221	3686230	38.27
1980-1984	40	0.00182	0.00182	0.5	96130	175	96043	3590009	37.35
1980-1984	41	0.00227	0.00227	0.5	95955	218	95846	3493966	36.41
1980-1984	42	0.00286	0.00285	0.5	95737	273	95601	3398120	35.49
1980-1984	43	0.00196	0.00196	0.5	95464	187	95371	3302519	34.59
1980-1984	44	0.00271	0.00271	0.5	95278	258	95149	3207148	33.66
1980-1984	45	0.00206	0.00206	0.5	95020	195	94922	3112000	32.75
1980-1984	46	0.00337	0.00337	0.5	94824	319	94665	3017078	31.82
1980-1984	47	0.00265	0.00264	0.5	94505	250	94380	2922413	30.92
1980-1984	48	0.00500	0.00499	0.5	94255	470	94020	2828033	30.00
1980-1984	49	0.00504	0.00503	0.5	93785	472	93549	2734013	29.15
1980-1984	50	0.00484	0.00482	0.5	93313	450	93088	2640464	28.30
1980-1984	51	0.00558	0.00556	0.5	92863	516	92605	2547376	27.43
1980-1984	52	0.00572	0.00571	0.5	92347	527	92083	2454771	26.58
1980-1984	53	0.00666	0.00664	0.5	91820	609	91515	2362688	25.73
1980-1984	54	0.00759	0.00756	0.5	91210	689	90866	2271173	24.90
1980-1984	55	0.00856	0.00852	0.5	90521	771	90135	2180307	24.09
1980-1984	56	0.00889	0.00885	0.5	89750	794	89353	2090172	23.29
1980-1984	57	0.01042	0.01037	0.5	88956	922	88494	2000819	22.49
1980-1984	58	0.01085	0.01079	0.5	88033	950	87558	1912325	21.72
1980-1984	59	0.01218	0.01211	0.5	87083	1055	86556	1824767	20.95
1980-1984	60	0.01194	0.01187	0.5	86028	1021	85518	1738211	20.21
1980-1984	61	0.01537	0.01525	0.5	85007	1297	84359	1652694	19.44
1980-1984	62	0.01548	0.01536	0.5	83710	1286	83067	1568335	18.74
1980-1984	63	0.01685	0.01671	0.5	82425	1377	81736	1485268	18.02
1980-1984	64	0.01881	0.01863	0.5	81047	1510	80292	1403532	17.32
1980-1984	65	0.02259	0.02234	0.5	79537	1777	78649	1323240	16.64
1980-1984	66	0.02210	0.02185	0.5	77760	1699	76910	1244591	16.01
1980-1984	67	0.02479	0.02449	0.5	76061	1863	75129	1167680	15.35
1980-1984	68	0.02699	0.02663	0.5	74198	1976	73210	1092551	14.72
1980-1984	69	0.02940	0.02897	0.5	72222	2092	71176	1019341	14.11
1980-1984	70	0.03136	0.03087	0.5	70130	2165	69047	948165	13.52
1980-1984	71	0.03146	0.03097	0.5	67965	2105	66912	879118	12.93
1980-1984	72	0.03681	0.03614	0.5	65860	2380	64670	812205	12.33
1980-1984	73	0.04010	0.03931	0.5	63480	2496	62232	747536	11.78
1980-1984	74	0.04189	0.04104	0.5	60984	2502	59733	685304	11.24
1980-1984	75	0.05002	0.04880	0.5	58481	2854	57055	625571	10.70
1980-1984	76	0.05157	0.05028	0.5	55628	2797	54229	568517	10.22
1980-1984	77	0.05317	0.05179	0.5	52831	2736	51463	514288	9.73
1980-1984	78	0.05879	0.05711	0.5	50095	2861	48664	462825	9.24
1980-1984	79	0.06412	0.06212	0.5	47234	2934	45767	414161	8.77
1980-1984	80	0.06556	0.06348	0.5	44299	2812	42893	368394	8.32
1980-1984	81	0.07222	0.06970	0.5	41487	2892	40041	325501	7.85
1980-1984	82	0.07948	0.07645	0.5	38595	2950	37120	285459	7.40
1980-1984	83	0.08742	0.08376	0.5	35645	2986	34152	248339	6.97
1980-1984	84	0.09606	0.09166	0.5	32660	2994	31163	214187	6.56
1980-1984	85	0.10547	0.10018	0.5	29666	2972	28180	183024	6.17
1980-1984	86	0.11568	0.10935	0.5	26694	2919	25234	154844	5.80
1980-1984	87	0.12674	0.11919	0.5	23775	2834	22358	129610	5.45
1980-1984	88	0.13871	0.12971	0.5	20941	2716	19583	107252	5.12
1980-1984	89	0.15162	0.14094	0.5	18225	2569	16940	87669	4.81
1980-1984	90	0.16551	0.15286	0.5	15656	2393	14460	70729	4.52
1980-1984	91	0.18043	0.16550	0.5	13263	2195	12165	56269	4.24
1980-1984	92	0.19638	0.17882	0.5	11068	1979	10078	44104	3.98
1980-1984	93	0.21340	0.19283	0.5	9089	1753	8212	34025	3.74
1980-1984	94	0.23150	0.20748	0.5	7336	1522	6575	25813	3.52
1980-1984	95	0.25066	0.22275	0.5	5814	1295	5167	19238	3.31
1980-1984	96	0.27089	0.23858	0.5	4519	1078	3980	14071	3.11
1980-1984	97	0.29215	0.25492	0.5	3441	877	3002	10091	2.93
1980-1984	98	0.31440	0.27169	0.5	2564	697	2215	7089	2.76
1980-1984	99	0.33758	0.28883	0.5	1867	539	1598	4873	2.61
1980-1984	100	0.36161	0.30624	0.5	1328	407	1125	3276	2.47
1980-1984	101	0.38641	0.32384	0.5	921	298	772	2151	2.34
1980-1984	102	0.41186	0.34153	0.5	623	213	517	1379	2.21
1980-1984	103	0.43785	0.35921	0.5	410	147	336	863	2.10
1980-1984	104	0.46423	0.37678	0.5	263	99	213	526	2.00
1980-1984	105	0.49087	0.39414	0.5	164	65	132	313	1.91
1980-1984	106	0.51763	0.41120	0.5	99	41	79	181	1.83
1980-1984	107	0.54433	0.42788	0.5	58	25	46	102	1.75
1980-1984	108	0.57083	0.44408	0.5	33	15	26	56	1.69
1980-1984	109	0.59699	0.45975	0.5	19	9	14	30	1.64
1980-1984	110+	0.62265	1.00000	1.61	10	10	16	16	1.61
1985-1989	0	0.00837	0.00830	0.07	100000	830	99229	7583886	75.84
1985-1989	1	0.00070	0.00070	0.5	99170	69	99135	7484656	75.47
1985-1989	2	0.00055	0.00055	0.5	99100	54	99073	7385521	74.53
1985-1989	3	0.00030	0.00030	0.5	99046	30	99031	7286448	73.57
1985-1989	4	0.00027	0.00027	0.5	99017	27	99003	7187417	72.59
1985-1989	5	0.00025	0.00025	0.5	98990	24	98978	7088413	71.61
1985-1989	6	0.00015	0.00015	0.5	98965	15	98958	6989436	70.63
1985-1989	7	0.00033	0.00033	0.5	98950	33	98934	6890478	69.64
1985-1989	8	0.00019	0.00019	0.5	98918	19	98908	6791544	68.66
1985-1989	9	0.00016	0.00016	0.5	98899	16	98891	6692636	67.67
1985-1989	10	0.00011	0.00011	0.5	98884	10	98878	6593744	66.68
1985-1989	11	0.00025	0.00025	0.5	98873	25	98861	6494866	65.69
1985-1989	12	0.00031	0.00031	0.5	98848	30	98833	6396005	64.71
1985-1989	13	0.00017	0.00017	0.5	98818	16	98810	6297172	63.72
1985-1989	14	0.00037	0.00037	0.5	98802	36	98784	6198362	62.74
1985-1989	15	0.00043	0.00043	0.5	98766	42	98744	6099578	61.76
1985-1989	16	0.00085	0.00085	0.5	98723	84	98681	6000834	60.78
1985-1989	17	0.00060	0.00060	0.5	98639	59	98610	5902153	59.84
1985-1989	18	0.00124	0.00124	0.5	98580	122	98519	5803543	58.87
1985-1989	19	0.00091	0.00091	0.5	98458	89	98414	5705024	57.94
1985-1989	20	0.00083	0.00083	0.5	98369	81	98328	5606610	57.00
1985-1989	21	0.00098	0.00098	0.5	98288	96	98239	5508282	56.04
1985-1989	22	0.00108	0.00108	0.5	98191	106	98138	5410042	55.10
1985-1989	23	0.00144	0.00144	0.5	98085	141	98015	5311904	54.16
1985-1989	24	0.00082	0.00082	0.5	97945	81	97904	5213889	53.23
1985-1989	25	0.00065	0.00065	0.5	97864	64	97832	5115985	52.28
1985-1989	26	0.00103	0.00103	0.5	97800	100	97750	5018153	51.31
1985-1989	27	0.00075	0.00075	0.5	97700	73	97663	4920403	50.36
1985-1989	28	0.00090	0.00090	0.5	97626	87	97583	4822740	49.40
1985-1989	29	0.00097	0.00097	0.5	97539	95	97492	4725157	48.44
1985-1989	30	0.00082	0.00082	0.5	97444	80	97404	4627666	47.49
1985-1989	31	0.00109	0.00109	0.5	97364	106	97311	4530261	46.53
1985-1989	32	0.00102	0.00102	0.5	97258	100	97208	4432950	45.58
1985-1989	33	0.00102	0.00102	0.5	97159	99	97109	4335742	44.63
1985-1989	34	0.00110	0.00110	0.5	97060	107	97006	4238633	43.67
1985-1989	35	0.00110	0.00110	0.5	96953	107	96899	4141626	42.72
1985-1989	36	0.00138	0.00138	0.5	96846	134	96779	4044727	41.76
1985-1989	37	0.00138	0.00137	0.5	96712	133	96646	3947948	40.82
1985-1989	38	0.00122	0.00122	0.5	96579	118	96520	3851302	39.88
1985-1989	39	0.00120	0.00120	0.5	96461	115	96404	3754782	38.93
1985-1989	40	0.00172	0.00172	0.5	96346	166	96263	3658378	37.97
1985-1989	41	0.00164	0.00164	0.5	96180	158	96101	3562115	37.04
1985-1989	42	0.00208	0.00208	0.5	96022	200	95922	3466014	36.10
1985-1989	43	0.00198	0.00198	0.5	95823	190	95728	3370091	35.17
1985-1989	44	0.00229	0.00229	0.5	95633	219	95524	3274363	34.24
1985-1989	45	0.00234	0.00234	0.5	95415	223	95303	3178840	33.32
1985-1989	46	0.00258	0.00258	0.5	95191	245	95069	3083537	32.39
1985-1989	47	0.00298	0.00298	0.5	94946	283	94805	2988468	31.48
1985-1989	48	0.00350	0.00349	0.5	94663	330	94498	2893663	30.57
1985-1989	49	0.00438	0.00437	0.5	94333	412	94127	2799165	29.67
1985-1989	50	0.00449	0.00448	0.5	93921	421	93710	2705039	28.80
1985-1989	51	0.00549	0.00548	0.5	93500	512	93244	2611328	27.93
1985-1989	52	0.00578	0.00576	0.5	92988	536	92720	2518084	27.08
1985-1989	53	0.00639	0.00637	0.5	92452	589	92157	2425364	26.23
1985-1989	54	0.00670	0.00668	0.5	91863	613	91556	2333207	25.40
1985-1989	55	0.00672	0.00669	0.5	91250	611	90944	2241650	24.57
1985-1989	56	0.00738	0.00735	0.5	90639	666	90306	2150706	23.73
1985-1989	57	0.00947	0.00943	0.5	89973	848	89548	2060400	22.90
1985-1989	58	0.01058	0.01053	0.5	89124	938	88655	1970852	22.11
1985-1989	59	0.01091	0.01085	0.5	88186	957	87707	1882197	21.34
1985-1989	60	0.01189	0.01182	0.5	87229	1031	86713	1794490	20.57
1985-1989	61	0.01254	0.01246	0.5	86198	1074	85661	1707776	19.81
1985-1989	62	0.01507	0.01496	0.5	85124	1273	84487	1622115	19.06
1985-1989	63	0.01536	0.01524	0.5	83851	1278	83212	1537628	18.34
1985-1989	64	0.01806	0.01789	0.5	82573	1478	81834	1454416	17.61
1985-1989	65	0.01931	0.01913	0.5	81095	1551	80319	1372582	16.93
1985-1989	66	0.02019	0.01999	0.5	79544	1590	78749	1292263	16.25
1985-1989	67	0.02087	0.02065	0.5	77954	1610	77149	1213514	15.57
1985-1989	68	0.02642	0.02607	0.5	76344	1991	75349	1136365	14.88
1985-1989	69	0.02545	0.02513	0.5	74353	1868	73419	1061016	14.27
1985-1989	70	0.03232	0.03180	0.5	72485	2305	71332	987597	13.62
1985-1989	71	0.03341	0.03286	0.5	70180	2306	69027	916265	13.06
1985-1989	72	0.03711	0.03644	0.5	67873	2473	66637	847238	12.48
1985-1989	73	0.03884	0.03810	0.5	65400	2492	64154	780601	11.94
1985-1989	74	0.03980	0.03902	0.5	62909	2455	61681	716447	11.39
1985-1989	75	0.04519	0.04419	0.5	60454	2672	59118	654766	10.83
1985-1989	76	0.04817	0.04704	0.5	57782	2718	56423	595648	10.31
1985-1989	77	0.05223	0.05090	0.5	55064	2803	53663	539224	9.79
1985-1989	78	0.05801	0.05637	0.5	52262	2946	50789	485561	9.29
1985-1989	79	0.06305	0.06112	0.5	49316	3014	47809	434772	8.82
1985-1989	80	0.06300	0.06108	0.5	46301	2828	44887	386964	8.36
1985-1989	81	0.06963	0.06729	0.5	43473	2925	42011	342076	7.87
1985-1989	82	0.07694	0.07409	0.5	40548	3004	39046	300066	7.40
1985-1989	83	0.08500	0.08153	0.5	37544	3061	36013	261020	6.95
1985-1989	84	0.09386	0.08966	0.5	34483	3092	32937	225006	6.53
1985-1989	85	0.10360	0.09850	0.5	31391	3092	29845	192070	6.12
1985-1989	86	0.11429	0.10811	0.5	28299	3060	26769	162224	5.73
1985-1989	87	0.12600	0.11853	0.5	25240	2992	23744	135455	5.37
1985-1989	88	0.13879	0.12979	0.5	22248	2887	20804	111711	5.02
1985-1989	89	0.15275	0.14191	0.5	19360	2747	17987	90907	4.70
1985-1989	90	0.16792	0.15491	0.5	16613	2574	15326	72921	4.39
1985-1989	91	0.18437	0.16881	0.5	14039	2370	12854	57594	4.10
1985-1989	92	0.20215	0.18359	0.5	11669	2142	10598	44740	3.83
1985-1989	93	0.22129	0.19924	0.5	9527	1898	8578	34142	3.58
1985-1989	94	0.24180	0.21572	0.5	7629	1646	6806	25564	3.35
1985-1989	95	0.26369	0.23298	0.5	5983	1394	5286	18758	3.14
1985-1989	96	0.28694	0.25094	0.5	4589	1152	4013	13472	2.94
1985-1989	97	0.31149	0.26951	0.5	3438	926	2974	9458	2.75
1985-1989	98	0.33727	0.28860	0.5	2511	725	2149	6484	2.58
1985-1989	99	0.36417	0.30808	0.5	1786	550	1511	4335	2.43
1985-1989	100	0.39207	0.32781	0.5	1236	405	1033	2824	2.28
1985-1989	101	0.42081	0.34766	0.5	831	289	686	1790	2.15
1985-1989	102	0.45020	0.36748	0.5	542	199	442	1104	2.04
1985-1989	103	0.48005	0.38713	0.5	343	133	276	662	1.93
1985-1989	104	0.51013	0.40646	0.5	210	85	167	385	1.83
1985-1989	105	0.54023	0.42534	0.5	125	53	98	218	1.75
1985-1989	106	0.57011	0.44365	0.5	72	32	56	120	1.67
1985-1989	107	0.59957	0.46128	0.5	40	18	31	64	1.60
1985-1989	108	0.62839	0.47815	0.5	21	10	16	33	1.54
1985-1989	109	0.65637	0.49419	0.5	11	6	8	17	1.49
1985-1989	110+	0.68337	1.00000	1.46	6	6	8	8	1.46
1990-1994	0	0.00679	0.00675	0.07	100000	675	99370	7698555	76.99
1990-1994	1	0.00045	0.00045	0.5	99325	45	99302	7599184	76.51
1990-1994	2	0.00037	0.00037	0.5	99280	37	99262	7499882	75.54
1990-1994	3	0.00041	0.00041	0.5	99243	40	99223	7400620	74.57
1990-1994	4	0.00019	0.00019	0.5	99203	19	99193	7301397	73.60
1990-1994	5	0.00019	0.00019	0.5	99184	18	99175	7202204	72.61
1990-1994	6	0.00012	0.00012	0.5	99166	12	99160	7103029	71.63
1990-1994	7	0.00016	0.00016	0.5	99154	16	99146	7003869	70.64
1990-1994	8	0.00007	0.00007	0.5	99138	7	99134	6904723	69.65
1990-1994	9	0.00016	0.00016	0.5	99131	16	99123	6805588	68.65
1990-1994	10	0.00014	0.00014	0.5	99115	14	99108	6706465	67.66
1990-1994	11	0.00024	0.00024	0.5	99101	24	99089	6607357	66.67
1990-1994	12	0.00027	0.00027	0.5	99077	27	99064	6508268	65.69
1990-1994	13	0.00032	0.00032	0.5	99051	32	99035	6409204	64.71
1990-1994	14	0.00041	0.00041	0.5	99019	41	98998	6310170	63.73
1990-1994	15	0.00031	0.00031	0.5	98978	31	98962	6211171	62.75
1990-1994	16	0.00051	0.00051	0.5	98947	50	98922	6112209	61.77
1990-1994	17	0.00080	0.00080	0.5	98897	79	98857	6013287	60.80
1990-1994	18	0.00091	0.00091	0.5	98818	90	98773	5914430	59.85
1990-1994	19	0.00090	0.00090	0.5	98728	89	98683	5815657	58.91
1990-1994	20	0.00079	0.00079	0.5	98639	78	98600	5716974	57.96
1990-1994	21	0.00078	0.00078	0.5	98560	77	98522	5618374	57.00
1990-1994	22	0.00068	0.00068	0.5	98484	67	98450	5519852	56.05
1990-1994	23	0.00098	0.00098	0.5	98417	97	98368	5421402	55.09
1990-1994	24	0.00077	0.00077	0.5	98320	76	98282	5323033	54.14
1990-1994	25	0.00078	0.00078	0.5	98244	76	98206	5224751	53.18
1990-1994	26	0.00074	0.00074	0.5	98168	73	98131	5126546	52.22
1990-1994	27	0.00071	0.00071	0.5	98095	69	98060	5028415	51.26
1990-1994	28	0.00101	0.00101	0.5	98025	99	97976	4930355	50.30
1990-1994	29	0.00096	0.00096	0.5	97926	94	97879	4832379	49.35
1990-1994	30	0.00089	0.00088	0.5	97832	87	97789	4734500	48.39
1990-1994	31	0.00096	0.00095	0.5	97746	93	97699	4636711	47.44
1990-1994	32	0.00108	0.00108	0.5	97652	105	97600	4539012	46.48
1990-1994	33	0.00092	0.00091	0.5	97547	89	97502	4441413	45.53
1990-1994	34	0.00124	0.00124	0.5	97458	121	97397	4343910	44.57
1990-1994	35	0.00098	0.00098	0.5	97337	96	97289	4246513	43.63
1990-1994	36	0.00121	0.00121	0.5	97241	118	97182	4149224	42.67
1990-1994	37	0.00131	0.00131	0.5	97123	127	97060	4052042	41.72
1990-1994	38	0.00116	0.00116	0.5	96996	113	96940	3954982	40.77
1990-1994	39	0.00135	0.00135	0.5	96883	131	96818	3858042	39.82
1990-1994	40	0.00151	0.00151	0.5	96752	146	96680	3761224	38.87
1990-1994	41	0.00162	0.00162	0.5	96607	156	96529	3664545	37.93
1990-1994	42	0.00191	0.00191	0.5	96451	184	96358	3568016	36.99
1990-1994	43	0.00154	0.00154	0.5	96266	148	96192	3471658	36.06
1990-1994	44	0.00188	0.00188	0.5	96118	181	96028	3375465	35.12
1990-1994	45	0.00247	0.00247	0.5	95937	237	95819	3279438	34.18
1990-1994	46	0.00248	0.00247	0.5	95700	237	95582	3183619	33.27
1990-1994	47	0.00310	0.00309	0.5	95464	295	95316	3088037	32.35
1990-1994	48	0.00326	0.00326	0.5	95169	310	95014	2992721	31.45
1990-1994	49	0.00379	0.00378	0.5	94859	358	94679	2897707	30.55
1990-1994	50	0.00428	0.00427	0.5	94500	404	94298	2803028	29.66
1990-1994	51	0.00386	0.00386	0.5	94096	363	93915	2708730	28.79
1990-1994	52	0.00447	0.00446	0.5	93733	418	93525	2614815	27.90
1990-1994	53	0.00448	0.00447	0.5	93316	417	93107	2521290	27.02
1990-1994	54	0.00615	0.00613	0.5	92898	570	92613	2428184	26.14
1990-1994	55	0.00698	0.00696	0.5	92328	643	92007	2335570	25.30
1990-1994	56	0.00773	0.00770	0.5	91686	706	91333	2243563	24.47
1990-1994	57	0.00846	0.00842	0.5	90980	766	90597	2152231	23.66
1990-1994	58	0.00945	0.00941	0.5	90214	849	89789	2061634	22.85
1990-1994	59	0.01042	0.01036	0.5	89365	926	88902	1971845	22.07
1990-1994	60	0.01163	0.01157	0.5	88439	1023	87927	1882943	21.29
1990-1994	61	0.01158	0.01151	0.5	87416	1006	86913	1795016	20.53
1990-1994	62	0.01415	0.01405	0.5	86409	1214	85802	1708103	19.77
1990-1994	63	0.01409	0.01399	0.5	85195	1192	84600	1622300	19.04
1990-1994	64	0.01622	0.01609	0.5	84004	1352	83328	1537701	18.31
1990-1994	65	0.01569	0.01557	0.5	82652	1287	82008	1454373	17.60
1990-1994	66	0.01740	0.01725	0.5	81365	1404	80663	1372365	16.87
1990-1994	67	0.01879	0.01861	0.5	79961	1488	79217	1291702	16.15
1990-1994	68	0.02356	0.02329	0.5	78472	1827	77559	1212486	15.45
1990-1994	69	0.02568	0.02535	0.5	76645	1943	75673	1134927	14.81
1990-1994	70	0.02786	0.02747	0.5	74702	2052	73676	1059254	14.18
1990-1994	71	0.02910	0.02868	0.5	72649	2084	71608	985578	13.57
1990-1994	72	0.03092	0.03045	0.5	70566	2148	69492	913970	12.95
1990-1994	73	0.03641	0.03576	0.5	68417	2447	67194	844479	12.34
1990-1994	74	0.03956	0.03880	0.5	65971	2559	64691	777285	11.78
1990-1994	75	0.04143	0.04059	0.5	63411	2574	62124	712594	11.24
1990-1994	76	0.04524	0.04424	0.5	60837	2691	59492	650469	10.69
1990-1994	77	0.04901	0.04783	0.5	58146	2781	56755	590978	10.16
1990-1994	78	0.05338	0.05199	0.5	55365	2878	53925	534222	9.65
1990-1994	79	0.06137	0.05954	0.5	52486	3125	50924	480297	9.15
1990-1994	80	0.05776	0.05613	0.5	49361	2771	47976	429373	8.70
1990-1994	81	0.06406	0.06207	0.5	46590	2892	45144	381398	8.19
1990-1994	82	0.07103	0.06859	0.5	43699	2997	42200	336253	7.69
1990-1994	83	0.07874	0.07576	0.5	40701	3083	39159	294053	7.22
1990-1994	84	0.08726	0.08361	0.5	37618	3145	36045	254894	6.78
1990-1994	85	0.09665	0.09219	0.5	34473	3178	32884	218848	6.35
1990-1994	86	0.10700	0.10156	0.5	31294	3178	29705	185965	5.94
1990-1994	87	0.11837	0.11176	0.5	28116	3142	26545	156260	5.56
1990-1994	88	0.13085	0.12281	0.5	24974	3067	23440	129714	5.19
1990-1994	89	0.14451	0.13477	0.5	21907	2952	20431	106274	4.85
1990-1994	90	0.15942	0.14765	0.5	18954	2799	17555	85843	4.53
1990-1994	91	0.17564	0.16146	0.5	16156	2609	14852	68288	4.23
1990-1994	92	0.19323	0.17621	0.5	13547	2387	12354	53437	3.94
1990-1994	93	0.21224	0.19188	0.5	11160	2141	10089	41083	3.68
1990-1994	94	0.23268	0.20843	0.5	9019	1880	8079	30993	3.44
1990-1994	95	0.25457	0.22583	0.5	7139	1612	6333	22914	3.21
1990-1994	96	0.27789	0.24399	0.5	5527	1348	4853	16582	3.00
1990-1994	97	0.30259	0.26283	0.5	4178	1098	3629	11729	2.81
1990-1994	98	0.32861	0.28224	0.5	3080	869	2645	8100	2.63
1990-1994	99	0.35583	0.30209	0.5	2211	668	1877	5454	2.47
1990-1994	100	0.38413	0.32224	0.5	1543	497	1294	3577	2.32
1990-1994	101	0.41335	0.34255	0.5	1046	358	867	2283	2.18
1990-1994	102	0.44328	0.36286	0.5	688	249	563	1416	2.06
1990-1994	103	0.47374	0.38301	0.5	438	168	354	854	1.95
1990-1994	104	0.50447	0.40286	0.5	270	109	216	500	1.85
1990-1994	105	0.53526	0.42225	0.5	161	68	127	284	1.76
1990-1994	106	0.56585	0.44106	0.5	93	41	73	156	1.68
1990-1994	107	0.59602	0.45918	0.5	52	24	40	84	1.61
1990-1994	108	0.62554	0.47650	0.5	28	13	21	44	1.55
1990-1994	109	0.65421	0.49296	0.5	15	7	11	22	1.50
1990-1994	110+	0.68184	1.00000	1.47	7	7	11	11	1.47
1995-1999	0	0.00654	0.00650	0.07	100000	650	99393	7776615	77.77
1995-1999	1	0.00055	0.00055	0.5	99350	55	99322	7677222	77.27
1995-1999	2	0.00026	0.00026	0.5	99295	26	99282	7577900	76.32
1995-1999	3	0.00019	0.00019	0.5	99269	19	99260	7478618	75.34
1995-1999	4	0.00020	0.00020	0.5	99251	20	99240	7379358	74.35
1995-1999	5	0.00022	0.00022	0.5	99230	21	99220	7280117	73.37
1995-1999	6	0.00021	0.00021	0.5	99209	21	99198	7180898	72.38
1995-1999	7	0.00016	0.00016	0.5	99188	16	99180	7081699	71.40
1995-1999	8	0.00014	0.00014	0.5	99172	14	99165	6982519	70.41
1995-1999	9	0.00018	0.00018	0.5	99158	17	99150	6883354	69.42
1995-1999	10	0.00009	0.00009	0.5	99141	9	99137	6784205	68.43
1995-1999	11	0.00011	0.00011	0.5	99132	11	99127	6685068	67.44
1995-1999	12	0.00013	0.00013	0.5	99121	13	99114	6585942	66.44
1995-1999	13	0.00027	0.00027	0.5	99108	26	99094	6486827	65.45
1995-1999	14	0.00027	0.00027	0.5	99081	27	99068	6387733	64.47
1995-1999	15	0.00025	0.00025	0.5	99054	25	99042	6288665	63.49
1995-1999	16	0.00060	0.00060	0.5	99030	59	99000	6189623	62.50
1995-1999	17	0.00062	0.00062	0.5	98971	61	98940	6090622	61.54
1995-1999	18	0.00096	0.00096	0.5	98910	95	98862	5991682	60.58
1995-1999	19	0.00078	0.00078	0.5	98815	77	98776	5892820	59.64
1995-1999	20	0.00060	0.00060	0.5	98737	60	98708	5794044	58.68
1995-1999	21	0.00077	0.00077	0.5	98678	76	98640	5695336	57.72
1995-1999	22	0.00064	0.00064	0.5	98602	63	98570	5596696	56.76
1995-1999	23	0.00057	0.00057	0.5	98538	56	98510	5498126	55.80
1995-1999	24	0.00082	0.00082	0.5	98482	80	98442	5399616	54.83
1995-1999	25	0.00046	0.00046	0.5	98402	45	98379	5301174	53.87
1995-1999	26	0.00071	0.00071	0.5	98357	70	98322	5202795	52.90
1995-1999	27	0.00078	0.00078	0.5	98287	76	98248	5104473	51.93
1995-1999	28	0.00084	0.00084	0.5	98210	83	98169	5006225	50.97
1995-1999	29	0.00076	0.00076	0.5	98127	75	98090	4908056	50.02
1995-1999	30	0.00103	0.00103	0.5	98053	101	98002	4809966	49.05
1995-1999	31	0.00103	0.00103	0.5	97951	101	97901	4711964	48.11
1995-1999	32	0.00106	0.00106	0.5	97850	104	97798	4614063	47.15
1995-1999	33	0.00114	0.00114	0.5	97747	111	97691	4516265	46.20
1995-1999	34	0.00098	0.00098	0.5	97635	96	97587	4418574	45.26
1995-1999	35	0.00105	0.00105	0.5	97539	102	97488	4320986	44.30
1995-1999	36	0.00132	0.00132	0.5	97437	129	97373	4223498	43.35
1995-1999	37	0.00126	0.00126	0.5	97309	123	97247	4126125	42.40
1995-1999	38	0.00141	0.00141	0.5	97186	137	97117	4028878	41.46
1995-1999	39	0.00128	0.00128	0.5	97049	124	96986	3931760	40.51
1995-1999	40	0.00149	0.00149	0.5	96924	144	96852	3834774	39.56
1995-1999	41	0.00191	0.00191	0.5	96780	184	96688	3737922	38.62
1995-1999	42	0.00153	0.00153	0.5	96596	148	96522	3641234	37.70
1995-1999	43	0.00198	0.00197	0.5	96448	190	96353	3544712	36.75
1995-1999	44	0.00194	0.00194	0.5	96257	187	96164	3448359	35.82
1995-1999	45	0.00221	0.00220	0.5	96071	212	95965	3352195	34.89
1995-1999	46	0.00237	0.00237	0.5	95859	227	95746	3256230	33.97
1995-1999	47	0.00248	0.00248	0.5	95632	237	95513	3160485	33.05
1995-1999	48	0.00271	0.00271	0.5	95395	258	95266	3064971	32.13
1995-1999	49	0.00318	0.00318	0.5	95137	302	94986	2969706	31.22
1995-1999	50	0.00293	0.00293	0.5	94835	277	94696	2874720	30.31
1995-1999	51	0.00408	0.00407	0.5	94557	385	94365	2780024	29.40
1995-1999	52	0.00455	0.00454	0.5	94172	428	93959	2685660	28.52
1995-1999	53	0.00504	0.00503	0.5	93745	471	93509	2591701	27.65
1995-1999	54	0.00529	0.00528	0.5	93274	492	93028	2498192	26.78
1995-1999	55	0.00504	0.00503	0.5	92782	467	92548	2405164	25.92
1995-1999	56	0.00601	0.00599	0.5	92315	553	92038	2312615	25.05
1995-1999	57	0.00671	0.00669	0.5	91762	614	91455	2220577	24.20
1995-1999	58	0.00735	0.00732	0.5	91148	667	90815	2129122	23.36
1995-1999	59	0.00850	0.00846	0.5	90481	766	90098	2038307	22.53
1995-1999	60	0.01019	0.01014	0.5	89715	909	89260	1948209	21.72
1995-1999	61	0.01194	0.01187	0.5	88806	1054	88279	1858949	20.93
1995-1999	62	0.01120	0.01114	0.5	87752	977	87263	1770670	20.18
1995-1999	63	0.01306	0.01298	0.5	86775	1126	86212	1683407	19.40
1995-1999	64	0.01565	0.01553	0.5	85649	1330	84984	1597195	18.65
1995-1999	65	0.01555	0.01543	0.5	84319	1301	83668	1512211	17.93
1995-1999	66	0.01815	0.01798	0.5	83017	1493	82271	1428543	17.21
1995-1999	67	0.01772	0.01757	0.5	81525	1432	80808	1346272	16.51
1995-1999	68	0.01878	0.01860	0.5	80092	1490	79347	1265464	15.80
1995-1999	69	0.02353	0.02326	0.5	78602	1828	77688	1186116	15.09
1995-1999	70	0.02352	0.02325	0.5	76774	1785	75882	1108428	14.44
1995-1999	71	0.02832	0.02792	0.5	74989	2094	73943	1032547	13.77
1995-1999	72	0.02952	0.02909	0.5	72896	2120	71836	958604	13.15
1995-1999	73	0.03126	0.03078	0.5	70775	2178	69686	886768	12.53
1995-1999	74	0.03523	0.03462	0.5	68597	2375	67410	817082	11.91
1995-1999	75	0.03909	0.03834	0.5	66222	2539	64953	749673	11.32
1995-1999	76	0.04209	0.04122	0.5	63683	2625	62370	684720	10.75
1995-1999	77	0.04649	0.04543	0.5	61058	2774	59671	622350	10.19
1995-1999	78	0.05142	0.05013	0.5	58284	2922	56823	562679	9.65
1995-1999	79	0.06019	0.05843	0.5	55362	3235	53745	505856	9.14
1995-1999	80	0.05562	0.05411	0.5	52127	2821	50717	452111	8.67
1995-1999	81	0.06220	0.06032	0.5	49307	2974	47820	401394	8.14
1995-1999	82	0.06952	0.06719	0.5	46333	3113	44776	353574	7.63
1995-1999	83	0.07766	0.07476	0.5	43220	3231	41604	308798	7.14
1995-1999	84	0.08670	0.08310	0.5	39988	3323	38327	267194	6.68
1995-1999	85	0.09671	0.09225	0.5	36665	3382	34974	228867	6.24
1995-1999	86	0.10778	0.10227	0.5	33283	3404	31581	193893	5.83
1995-1999	87	0.12000	0.11321	0.5	29879	3382	28188	162312	5.43
1995-1999	88	0.13344	0.12509	0.5	26497	3314	24839	134124	5.06
1995-1999	89	0.14818	0.13796	0.5	23182	3198	21583	109285	4.71
1995-1999	90	0.16431	0.15183	0.5	19984	3034	18467	87702	4.39
1995-1999	91	0.18188	0.16672	0.5	16950	2826	15537	69235	4.08
1995-1999	92	0.20095	0.18260	0.5	14124	2579	12834	53698	3.80
1995-1999	93	0.22155	0.19946	0.5	11545	2303	10393	40864	3.54
1995-1999	94	0.24371	0.21724	0.5	9242	2008	8238	30470	3.30
1995-1999	95	0.26740	0.23587	0.5	7234	1706	6381	22232	3.07
1995-1999	96	0.29260	0.25525	0.5	5528	1411	4822	15851	2.87
1995-1999	97	0.31922	0.27529	0.5	4117	1133	3550	11029	2.68
1995-1999	98	0.34718	0.29583	0.5	2984	883	2542	7478	2.51
1995-1999	99	0.37632	0.31672	0.5	2101	665	1768	4936	2.35
1995-1999	100	0.40647	0.33782	0.5	1436	485	1193	3168	2.21
1995-1999	101	0.43744	0.35893	0.5	951	341	780	1975	2.08
1995-1999	102	0.46898	0.37990	0.5	609	232	494	1195	1.96
1995-1999	103	0.50086	0.40055	0.5	378	151	302	701	1.85
1995-1999	104	0.53281	0.42073	0.5	227	95	179	399	1.76
1995-1999	105	0.56456	0.44028	0.5	131	58	102	220	1.68
1995-1999	106	0.59586	0.45908	0.5	73	34	57	118	1.60
1995-1999	107	0.62645	0.47703	0.5	40	19	30	61	1.53
1995-1999	108	0.65612	0.49404	0.5	21	10	16	31	1.48
1995-1999	109	0.68466	0.51005	0.5	11	5	8	15	1.43
1995-1999	110+	0.71192	1.00000	1.4	5	5	7	7	1.40
2000-2004	0	0.00513	0.00511	0.06	100000	511	99521	7874356	78.74
2000-2004	1	0.00018	0.00018	0.5	99489	18	99480	7774834	78.15
2000-2004	2	0.00021	0.00021	0.5	99471	21	99461	7675354	77.16
2000-2004	3	0.00015	0.00015	0.5	99450	15	99443	7575894	76.18
2000-2004	4	0.00012	0.00012	0.5	99435	11	99430	7476451	75.19
2000-2004	5	0.00017	0.00017	0.5	99424	17	99416	7377021	74.20
2000-2004	6	0.00011	0.00011	0.5	99407	11	99402	7277606	73.21
2000-2004	7	0.00018	0.00018	0.5	99397	18	99388	7178204	72.22
2000-2004	8	0.00013	0.00013	0.5	99379	12	99372	7078816	71.23
2000-2004	9	0.00010	0.00010	0.5	99366	10	99361	6979444	70.24
2000-2004	10	0.00023	0.00023	0.5	99357	23	99345	6880082	69.25
2000-2004	11	0.00005	0.00005	0.5	99334	4	99331	6780737	68.26
2000-2004	12	0.00018	0.00018	0.5	99329	17	99320	6681406	67.27
2000-2004	13	0.00015	0.00015	0.5	99312	15	99304	6582086	66.28
2000-2004	14	0.00013	0.00013	0.5	99297	13	99290	6482782	65.29
2000-2004	15	0.00037	0.00037	0.5	99283	37	99265	6383492	64.30
2000-2004	16	0.00039	0.00039	0.5	99247	39	99227	6284226	63.32
2000-2004	17	0.00075	0.00075	0.5	99208	74	99171	6184999	62.34
2000-2004	18	0.00063	0.00063	0.5	99134	63	99102	6085829	61.39
2000-2004	19	0.00057	0.00057	0.5	99071	56	99043	5986726	60.43
2000-2004	20	0.00062	0.00062	0.5	99015	62	98984	5887683	59.46
2000-2004	21	0.00073	0.00073	0.5	98953	72	98917	5788699	58.50
2000-2004	22	0.00079	0.00079	0.5	98881	78	98842	5689782	57.54
2000-2004	23	0.00097	0.00097	0.5	98802	96	98755	5590940	56.59
2000-2004	24	0.00102	0.00102	0.5	98707	101	98656	5492186	55.64
2000-2004	25	0.00087	0.00087	0.5	98606	86	98563	5393530	54.70
2000-2004	26	0.00087	0.00087	0.5	98520	86	98477	5294967	53.75
2000-2004	27	0.00073	0.00073	0.5	98434	71	98398	5196490	52.79
2000-2004	28	0.00079	0.00079	0.5	98362	77	98323	5098092	51.83
2000-2004	29	0.00090	0.00090	0.5	98285	88	98241	4999769	50.87
2000-2004	30	0.00095	0.00095	0.5	98196	93	98150	4901528	49.92
2000-2004	31	0.00093	0.00093	0.5	98103	91	98058	4803378	48.96
2000-2004	32	0.00066	0.00066	0.5	98012	65	97980	4705321	48.01
2000-2004	33	0.00089	0.00089	0.5	97948	87	97904	4607340	47.04
2000-2004	34	0.00092	0.00092	0.5	97860	90	97815	4509436	46.08
2000-2004	35	0.00094	0.00094	0.5	97770	92	97724	4411621	45.12
2000-2004	36	0.00121	0.00121	0.5	97679	118	97619	4313896	44.16
2000-2004	37	0.00120	0.00120	0.5	97560	117	97502	4216277	43.22
2000-2004	38	0.00095	0.00095	0.5	97444	92	97397	4118775	42.27
2000-2004	39	0.00146	0.00146	0.5	97351	142	97280	4021378	41.31
2000-2004	40	0.00165	0.00165	0.5	97210	160	97129	3924097	40.37
2000-2004	41	0.00147	0.00147	0.5	97049	143	96978	3826968	39.43
2000-2004	42	0.00183	0.00183	0.5	96906	177	96818	3729990	38.49
2000-2004	43	0.00177	0.00176	0.5	96729	171	96644	3633172	37.56
2000-2004	44	0.00197	0.00197	0.5	96559	190	96463	3536528	36.63
2000-2004	45	0.00198	0.00197	0.5	96368	190	96273	3440065	35.70
2000-2004	46	0.00214	0.00213	0.5	96178	205	96075	3343792	34.77
2000-2004	47	0.00294	0.00294	0.5	95973	282	95832	3247716	33.84
2000-2004	48	0.00329	0.00328	0.5	95691	314	95534	3151885	32.94
2000-2004	49	0.00273	0.00272	0.5	95377	260	95247	3056350	32.04
2000-2004	50	0.00326	0.00325	0.5	95117	309	94963	2961103	31.13
2000-2004	51	0.00335	0.00334	0.5	94808	317	94650	2866140	30.23
2000-2004	52	0.00422	0.00421	0.5	94491	398	94292	2771490	29.33
2000-2004	53	0.00447	0.00446	0.5	94093	420	93883	2677198	28.45
2000-2004	54	0.00435	0.00434	0.5	93673	407	93470	2583315	27.58
2000-2004	55	0.00466	0.00465	0.5	93266	434	93050	2489845	26.70
2000-2004	56	0.00506	0.00505	0.5	92833	469	92598	2396796	25.82
2000-2004	57	0.00581	0.00579	0.5	92364	535	92096	2304198	24.95
2000-2004	58	0.00603	0.00601	0.5	91829	552	91553	2212101	24.09
2000-2004	59	0.00706	0.00704	0.5	91277	642	90956	2120548	23.23
2000-2004	60	0.00826	0.00822	0.5	90634	745	90262	2029593	22.39
2000-2004	61	0.00959	0.00954	0.5	89889	858	89460	1939331	21.57
2000-2004	62	0.01034	0.01029	0.5	89031	916	88574	1849870	20.78
2000-2004	63	0.01147	0.01141	0.5	88116	1005	87613	1761297	19.99
2000-2004	64	0.01145	0.01139	0.5	87110	992	86614	1673684	19.21
2000-2004	65	0.01422	0.01412	0.5	86118	1216	85511	1587069	18.43
2000-2004	66	0.01491	0.01480	0.5	84903	1257	84275	1501559	17.69
2000-2004	67	0.01723	0.01708	0.5	83646	1429	82932	1417284	16.94
2000-2004	68	0.01825	0.01808	0.5	82218	1487	81474	1334352	16.23
2000-2004	69	0.01899	0.01881	0.5	80731	1518	79972	1252878	15.52
2000-2004	70	0.02362	0.02334	0.5	79213	1849	78288	1172906	14.81
2000-2004	71	0.02483	0.02452	0.5	77364	1897	76415	1094618	14.15
2000-2004	72	0.02675	0.02640	0.5	75466	1992	74470	1018203	13.49
2000-2004	73	0.02872	0.02832	0.5	73474	2081	72434	943733	12.84
2000-2004	74	0.03292	0.03239	0.5	71394	2312	70238	871299	12.20
2000-2004	75	0.03593	0.03530	0.5	69082	2438	67863	801061	11.60
2000-2004	76	0.03948	0.03872	0.5	66643	2580	65353	733198	11.00
2000-2004	77	0.04145	0.04061	0.5	64063	2601	62762	667845	10.42
2000-2004	78	0.04848	0.04733	0.5	61461	2909	60007	605083	9.84
2000-2004	79	0.05129	0.05001	0.5	58552	2928	57088	545076	9.31
2000-2004	80	0.05296	0.05159	0.5	55624	2870	54190	487988	8.77
2000-2004	81	0.05960	0.05787	0.5	52755	3053	51228	433798	8.22
2000-2004	82	0.06702	0.06484	0.5	49702	3223	48090	382570	7.70
2000-2004	83	0.07529	0.07256	0.5	46479	3372	44792	334480	7.20
2000-2004	84	0.08449	0.08107	0.5	43106	3495	41359	289688	6.72
2000-2004	85	0.09471	0.09043	0.5	39612	3582	37821	248329	6.27
2000-2004	86	0.10603	0.10069	0.5	36030	3628	34216	210508	5.84
2000-2004	87	0.11853	0.11189	0.5	32402	3626	30589	176292	5.44
2000-2004	88	0.13229	0.12408	0.5	28776	3571	26991	145703	5.06
2000-2004	89	0.14739	0.13727	0.5	25206	3460	23476	118712	4.71
2000-2004	90	0.16390	0.15149	0.5	21746	3294	20099	95236	4.38
2000-2004	91	0.18188	0.16672	0.5	18451	3076	16913	75138	4.07
2000-2004	92	0.20138	0.18295	0.5	15375	2813	13969	58224	3.79
2000-2004	93	0.22241	0.20015	0.5	12562	2514	11305	44256	3.52
2000-2004	94	0.24499	0.21825	0.5	10048	2193	8951	32950	3.28
2000-2004	95	0.26909	0.23718	0.5	7855	1863	6923	23999	3.06
2000-2004	96	0.29467	0.25683	0.5	5992	1539	5222	17076	2.85
2000-2004	97	0.32163	0.27708	0.5	4453	1234	3836	11853	2.66
2000-2004	98	0.34988	0.29778	0.5	3219	959	2740	8017	2.49
2000-2004	99	0.37925	0.31880	0.5	2261	721	1900	5277	2.33
2000-2004	100	0.40957	0.33996	0.5	1540	523	1278	3377	2.19
2000-2004	101	0.44064	0.36109	0.5	1016	367	833	2099	2.06
2000-2004	102	0.47222	0.38202	0.5	649	248	525	1266	1.95
2000-2004	103	0.50406	0.40259	0.5	401	162	321	741	1.85
2000-2004	104	0.53591	0.42265	0.5	240	101	189	420	1.75
2000-2004	105	0.56750	0.44207	0.5	138	61	108	231	1.67
2000-2004	106	0.59860	0.46071	0.5	77	36	59	123	1.59
2000-2004	107	0.62895	0.47848	0.5	42	20	32	64	1.53
2000-2004	108	0.65836	0.49531	0.5	22	11	16	32	1.47
2000-2004	109	0.68662	0.51114	0.5	11	6	8	16	1.43
2000-2004	110+	0.71360	1.00000	1.4	5	5	8	8	1.40
2005-2009	0	0.00569	0.00566	0.06	100000	566	99470	7969750	79.70
2005-2009	1	0.00028	0.00028	0.5	99434	28	99420	7870279	79.15
2005-2009	2	0.00034	0.00034	0.5	99406	34	99389	7770859	78.17
2005-2009	3	0.00012	0.00012	0.5	99372	12	99366	7671470	77.20
2005-2009	4	0.00009	0.00009	0.5	99360	9	99356	7572104	76.21
2005-2009	5	0.00000	0.00000	0.5	99351	0	99351	7472749	75.22
2005-2009	6	0.00014	0.00014	0.5	99351	14	99344	7373398	74.22
2005-2009	7	0.00006	0.00006	0.5	99337	6	99334	7274054	73.23
2005-2009	8	0.00011	0.00011	0.5	99331	11	99325	7174720	72.23
2005-2009	9	0.00011	0.00011	0.5	99320	11	99314	7075394	71.24
2005-2009	10	0.00021	0.00021	0.5	99309	21	99298	6976080	70.25
2005-2009	11	0.00016	0.00016	0.5	99288	15	99280	6876782	69.26
2005-2009	12	0.00020	0.00020	0.5	99273	19	99263	6777501	68.27
2005-2009	13	0.00017	0.00017	0.5	99253	17	99245	6678239	67.28
2005-2009	14	0.00021	0.00021	0.5	99237	21	99226	6578994	66.30
2005-2009	15	0.00025	0.00025	0.5	99215	25	99203	6479768	65.31
2005-2009	16	0.00056	0.00056	0.5	99191	55	99163	6380565	64.33
2005-2009	17	0.00050	0.00050	0.5	99135	50	99110	6281402	63.36
2005-2009	18	0.00065	0.00065	0.5	99085	64	99053	6182292	62.39
2005-2009	19	0.00050	0.00050	0.5	99021	50	98996	6083239	61.43
2005-2009	20	0.00057	0.00057	0.5	98971	57	98943	5984243	60.46
2005-2009	21	0.00074	0.00074	0.5	98914	73	98878	5885300	59.50
2005-2009	22	0.00078	0.00077	0.5	98841	77	98803	5786423	58.54
2005-2009	23	0.00078	0.00078	0.5	98765	77	98726	5687620	57.59
2005-2009	24	0.00080	0.00080	0.5	98688	79	98648	5588894	56.63
2005-2009	25	0.00103	0.00103	0.5	98608	102	98557	5490246	55.68
2005-2009	26	0.00086	0.00086	0.5	98506	85	98464	5391689	54.73
2005-2009	27	0.00080	0.00080	0.5	98421	79	98382	5293225	53.78
2005-2009	28	0.00074	0.00074	0.5	98342	73	98306	5194843	52.82
2005-2009	29	0.00114	0.00114	0.5	98269	112	98213	5096538	51.86
2005-2009	30	0.00088	0.00088	0.5	98157	87	98114	4998324	50.92
2005-2009	31	0.00094	0.00094	0.5	98070	92	98024	4900211	49.97
2005-2009	32	0.00081	0.00081	0.5	97978	79	97938	4802187	49.01
2005-2009	33	0.00078	0.00078	0.5	97899	76	97861	4704248	48.05
2005-2009	34	0.00105	0.00105	0.5	97823	103	97771	4606387	47.09
2005-2009	35	0.00115	0.00115	0.5	97720	113	97664	4508616	46.14
2005-2009	36	0.00098	0.00098	0.5	97608	96	97560	4410952	45.19
2005-2009	37	0.00081	0.00081	0.5	97512	79	97472	4313393	44.23
2005-2009	38	0.00107	0.00107	0.5	97433	104	97381	4215920	43.27
2005-2009	39	0.00135	0.00135	0.5	97329	131	97263	4118539	42.32
2005-2009	40	0.00164	0.00164	0.5	97198	159	97118	4021276	41.37
2005-2009	41	0.00175	0.00175	0.5	97039	170	96954	3924158	40.44
2005-2009	42	0.00188	0.00187	0.5	96869	182	96778	3827204	39.51
2005-2009	43	0.00161	0.00161	0.5	96687	155	96609	3730426	38.58
2005-2009	44	0.00201	0.00201	0.5	96532	194	96435	3633817	37.64
2005-2009	45	0.00209	0.00208	0.5	96338	201	96237	3537382	36.72
2005-2009	46	0.00269	0.00269	0.5	96137	258	96008	3441144	35.79
2005-2009	47	0.00227	0.00226	0.5	95879	217	95770	3345137	34.89
2005-2009	48	0.00312	0.00311	0.5	95662	298	95513	3249367	33.97
2005-2009	49	0.00336	0.00335	0.5	95364	320	95204	3153854	33.07
2005-2009	50	0.00297	0.00296	0.5	95045	282	94904	3058649	32.18
2005-2009	51	0.00365	0.00364	0.5	94763	345	94590	2963746	31.28
2005-2009	52	0.00379	0.00378	0.5	94418	357	94239	2869155	30.39
2005-2009	53	0.00430	0.00429	0.5	94061	403	93859	2774916	29.50
2005-2009	54	0.00378	0.00377	0.5	93658	354	93481	2681056	28.63
2005-2009	55	0.00433	0.00432	0.5	93304	403	93103	2587575	27.73
2005-2009	56	0.00488	0.00487	0.5	92901	452	92675	2494473	26.85
2005-2009	57	0.00545	0.00544	0.5	92449	503	92198	2401797	25.98
2005-2009	58	0.00599	0.00597	0.5	91946	549	91672	2309600	25.12
2005-2009	59	0.00615	0.00613	0.5	91398	561	91117	2217928	24.27
2005-2009	60	0.00674	0.00672	0.5	90837	610	90532	2126810	23.41
2005-2009	61	0.00782	0.00779	0.5	90227	703	89875	2036278	22.57
2005-2009	62	0.00844	0.00841	0.5	89523	753	89147	1946403	21.74
2005-2009	63	0.01000	0.00995	0.5	88771	883	88329	1857256	20.92
2005-2009	64	0.01086	0.01081	0.5	87887	950	87413	1768927	20.13
2005-2009	65	0.01063	0.01058	0.5	86938	920	86478	1681514	19.34
2005-2009	66	0.01217	0.01210	0.5	86018	1041	85498	1595036	18.54
2005-2009	67	0.01446	0.01436	0.5	84978	1220	84368	1509538	17.76
2005-2009	68	0.01744	0.01729	0.5	83757	1448	83033	1425171	17.02
2005-2009	69	0.01618	0.01605	0.5	82309	1321	81648	1342138	16.31
2005-2009	70	0.01977	0.01958	0.5	80988	1586	80195	1260489	15.56
2005-2009	71	0.01986	0.01966	0.5	79402	1561	78621	1180294	14.86
2005-2009	72	0.02479	0.02449	0.5	77841	1906	76888	1101673	14.15
2005-2009	73	0.02602	0.02569	0.5	75935	1951	74960	1024785	13.50
2005-2009	74	0.02794	0.02756	0.5	73984	2039	72965	949826	12.84
2005-2009	75	0.02970	0.02927	0.5	71946	2106	70893	876861	12.19
2005-2009	76	0.03392	0.03336	0.5	69840	2330	68675	805968	11.54
2005-2009	77	0.03991	0.03913	0.5	67510	2641	66190	737293	10.92
2005-2009	78	0.04583	0.04480	0.5	64869	2906	63416	671104	10.35
2005-2009	79	0.04697	0.04589	0.5	61963	2843	60541	607688	9.81
2005-2009	80	0.04668	0.04562	0.5	59119	2697	57771	547147	9.25
2005-2009	81	0.05278	0.05142	0.5	56422	2901	54972	489376	8.67
2005-2009	82	0.05963	0.05790	0.5	53521	3099	51971	434404	8.12
2005-2009	83	0.06731	0.06511	0.5	50422	3283	48780	382433	7.58
2005-2009	84	0.07590	0.07313	0.5	47139	3447	45415	333653	7.08
2005-2009	85	0.08551	0.08200	0.5	43692	3583	41900	288237	6.60
2005-2009	86	0.09621	0.09179	0.5	40109	3682	38268	246337	6.14
2005-2009	87	0.10811	0.10257	0.5	36427	3736	34559	208069	5.71
2005-2009	88	0.12130	0.11436	0.5	32691	3739	30822	173509	5.31
2005-2009	89	0.13587	0.12723	0.5	28952	3684	27111	142688	4.93
2005-2009	90	0.15192	0.14119	0.5	25269	3568	23485	115577	4.57
2005-2009	91	0.16951	0.15626	0.5	21701	3391	20006	92092	4.24
2005-2009	92	0.18871	0.17244	0.5	18310	3157	16731	72087	3.94
2005-2009	93	0.20957	0.18970	0.5	15153	2874	13715	55355	3.65
2005-2009	94	0.23212	0.20798	0.5	12278	2554	11001	41640	3.39
2005-2009	95	0.25634	0.22722	0.5	9725	2210	8620	30638	3.15
2005-2009	96	0.28221	0.24731	0.5	7515	1859	6586	22019	2.93
2005-2009	97	0.30965	0.26813	0.5	5656	1517	4898	15433	2.73
2005-2009	98	0.33854	0.28953	0.5	4140	1199	3540	10535	2.54
2005-2009	99	0.36875	0.31134	0.5	2941	916	2483	6994	2.38
2005-2009	100	0.40007	0.33338	0.5	2025	675	1688	4511	2.23
2005-2009	101	0.43229	0.35546	0.5	1350	480	1110	2823	2.09
2005-2009	102	0.46514	0.37737	0.5	870	328	706	1713	1.97
2005-2009	103	0.49835	0.39895	0.5	542	216	434	1007	1.86
2005-2009	104	0.53164	0.41999	0.5	326	137	257	573	1.76
2005-2009	105	0.56469	0.44036	0.5	189	83	147	316	1.67
2005-2009	106	0.59722	0.45989	0.5	106	49	81	169	1.59
2005-2009	107	0.62896	0.47849	0.5	57	27	43	87	1.53
2005-2009	108	0.65967	0.49606	0.5	30	15	22	44	1.47
2005-2009	109	0.68913	0.51253	0.5	15	8	11	21	1.42
2005-2009	110+	0.71717	1.00000	1.39	7	7	10	10	1.39
2010-2014	0	0.00450	0.00448	0.06	100000	448	99580	8002868	80.03
2010-2014	1	0.00026	0.00026	0.5	99552	26	99539	7903289	79.39
2010-2014	2	0.00029	0.00029	0.5	99526	29	99512	7803749	78.41
2010-2014	3	0.00016	0.00016	0.5	99498	16	99490	7704237	77.43
2010-2014	4	0.00003	0.00003	0.5	99482	3	99480	7604748	76.44
2010-2014	5	0.00012	0.00012	0.5	99479	12	99473	7505267	75.45
2010-2014	6	0.00012	0.00012	0.5	99467	12	99461	7405795	74.46
2010-2014	7	0.00009	0.00009	0.5	99455	9	99450	7306334	73.46
2010-2014	8	0.00012	0.00012	0.5	99446	12	99440	7206884	72.47
2010-2014	9	0.00000	0.00000	0.5	99434	0	99434	7107443	71.48
2010-2014	10	0.00014	0.00014	0.5	99434	14	99427	7008009	70.48
2010-2014	11	0.00011	0.00011	0.5	99420	11	99415	6908581	69.49
2010-2014	12	0.00008	0.00008	0.5	99409	8	99405	6809167	68.50
2010-2014	13	0.00019	0.00019	0.5	99401	19	99392	6709761	67.50
2010-2014	14	0.00021	0.00021	0.5	99382	21	99372	6610370	66.51
2010-2014	15	0.00036	0.00036	0.5	99361	36	99343	6510998	65.53
2010-2014	16	0.00038	0.00038	0.5	99325	38	99306	6411655	64.55
2010-2014	17	0.00049	0.00049	0.5	99287	49	99263	6312349	63.58
2010-2014	18	0.00034	0.00034	0.5	99238	34	99222	6213086	62.61
2010-2014	19	0.00041	0.00041	0.5	99205	41	99184	6113864	61.63
2010-2014	20	0.00051	0.00051	0.5	99164	51	99138	6014680	60.65
2010-2014	21	0.00077	0.00077	0.5	99113	77	99075	5915542	59.68
2010-2014	22	0.00065	0.00065	0.5	99036	65	99004	5816467	58.73
2010-2014	23	0.00085	0.00085	0.5	98971	84	98929	5717463	57.77
2010-2014	24	0.00093	0.00093	0.5	98887	92	98841	5618534	56.82
2010-2014	25	0.00119	0.00119	0.5	98795	118	98737	5519692	55.87
2010-2014	26	0.00090	0.00090	0.5	98678	89	98633	5420956	54.94
2010-2014	27	0.00085	0.00085	0.5	98589	84	98547	5322322	53.98
2010-2014	28	0.00099	0.00099	0.5	98505	97	98456	5223775	53.03
2010-2014	29	0.00098	0.00098	0.5	98408	97	98359	5125319	52.08
2010-2014	30	0.00108	0.00108	0.5	98311	106	98258	5026959	51.13
2010-2014	31	0.00073	0.00073	0.5	98204	72	98169	4928702	50.19
2010-2014	32	0.00084	0.00084	0.5	98133	82	98092	4830533	49.22
2010-2014	33	0.00114	0.00114	0.5	98051	112	97995	4732441	48.27
2010-2014	34	0.00081	0.00081	0.5	97939	79	97899	4634447	47.32
2010-2014	35	0.00149	0.00149	0.5	97859	146	97786	4536548	46.36
2010-2014	36	0.00107	0.00107	0.5	97714	104	97661	4438761	45.43
2010-2014	37	0.00117	0.00117	0.5	97609	114	97552	4341100	44.47
2010-2014	38	0.00112	0.00112	0.5	97495	109	97441	4243547	43.53
2010-2014	39	0.00154	0.00154	0.5	97387	150	97312	4146106	42.57
2010-2014	40	0.00143	0.00143	0.5	97237	139	97167	4048795	41.64
2010-2014	41	0.00142	0.00142	0.5	97097	138	97029	3951628	40.70
2010-2014	42	0.00177	0.00177	0.5	96960	171	96874	3854599	39.75
2010-2014	43	0.00180	0.00180	0.5	96788	174	96701	3757725	38.82
2010-2014	44	0.00186	0.00186	0.5	96614	180	96525	3661024	37.89
2010-2014	45	0.00212	0.00212	0.5	96435	205	96332	3564499	36.96
2010-2014	46	0.00243	0.00243	0.5	96230	233	96113	3468167	36.04
2010-2014	47	0.00273	0.00273	0.5	95997	262	95866	3372053	35.13
2010-2014	48	0.00308	0.00307	0.5	95735	294	95588	3276187	34.22
2010-2014	49	0.00338	0.00337	0.5	95441	322	95280	3180600	33.33
2010-2014	50	0.00305	0.00305	0.5	95119	290	94974	3085320	32.44
2010-2014	51	0.00339	0.00339	0.5	94829	321	94668	2990346	31.53
2010-2014	52	0.00419	0.00418	0.5	94508	395	94310	2895678	30.64
2010-2014	53	0.00383	0.00382	0.5	94113	360	93933	2801368	29.77
2010-2014	54	0.00424	0.00423	0.5	93753	397	93555	2707435	28.88
2010-2014	55	0.00544	0.00543	0.5	93357	507	93103	2613880	28.00
2010-2014	56	0.00523	0.00522	0.5	92850	485	92607	2520777	27.15
2010-2014	57	0.00521	0.00519	0.5	92365	480	92125	2428169	26.29
2010-2014	58	0.00601	0.00599	0.5	91885	551	91610	2336044	25.42
2010-2014	59	0.00622	0.00620	0.5	91335	567	91051	2244434	24.57
2010-2014	60	0.00778	0.00775	0.5	90768	704	90416	2153383	23.72
2010-2014	61	0.00716	0.00713	0.5	90064	642	89743	2062967	22.91
2010-2014	62	0.00873	0.00869	0.5	89422	777	89033	1973224	22.07
2010-2014	63	0.00799	0.00796	0.5	88645	706	88292	1884191	21.26
2010-2014	64	0.00978	0.00973	0.5	87939	856	87512	1795898	20.42
2010-2014	65	0.01165	0.01158	0.5	87084	1009	86579	1708387	19.62
2010-2014	66	0.01164	0.01157	0.5	86075	996	85577	1621807	18.84
2010-2014	67	0.01249	0.01241	0.5	85079	1056	84551	1536230	18.06
2010-2014	68	0.01489	0.01478	0.5	84023	1242	83402	1451679	17.28
2010-2014	69	0.01642	0.01628	0.5	82781	1348	82107	1368276	16.53
2010-2014	70	0.01716	0.01701	0.5	81433	1385	80741	1286169	15.79
2010-2014	71	0.02116	0.02094	0.5	80048	1676	79210	1205428	15.06
2010-2014	72	0.02127	0.02105	0.5	78372	1650	77547	1126218	14.37
2010-2014	73	0.02302	0.02276	0.5	76723	1746	75849	1048670	13.67
2010-2014	74	0.02798	0.02759	0.5	74976	2069	73942	972821	12.98
2010-2014	75	0.03167	0.03117	0.5	72908	2273	71771	898879	12.33
2010-2014	76	0.03271	0.03218	0.5	70635	2273	69498	827108	11.71
2010-2014	77	0.03683	0.03617	0.5	68362	2472	67125	757609	11.08
2010-2014	78	0.04026	0.03946	0.5	65889	2600	64589	690484	10.48
2010-2014	79	0.04424	0.04328	0.5	63289	2739	61920	625895	9.89
2010-2014	80	0.04477	0.04379	0.5	60550	2651	59224	563975	9.31
2010-2014	81	0.05082	0.04956	0.5	57899	2870	56464	504751	8.72
2010-2014	82	0.05766	0.05605	0.5	55029	3084	53487	448287	8.15
2010-2014	83	0.06538	0.06331	0.5	51945	3289	50300	394800	7.60
2010-2014	84	0.07407	0.07142	0.5	48656	3475	46918	344500	7.08
2010-2014	85	0.08383	0.08046	0.5	45181	3635	43363	297582	6.59
2010-2014	86	0.09477	0.09049	0.5	41546	3759	39666	254218	6.12
2010-2014	87	0.10701	0.10157	0.5	37786	3838	35867	214552	5.68
2010-2014	88	0.12065	0.11379	0.5	33948	3863	32017	178685	5.26
2010-2014	89	0.13580	0.12717	0.5	30086	3826	28173	146668	4.88
2010-2014	90	0.15258	0.14176	0.5	26260	3723	24398	118495	4.51
2010-2014	91	0.17106	0.15758	0.5	22537	3551	20761	94097	4.18
2010-2014	92	0.19133	0.17463	0.5	18986	3315	17328	73336	3.86
2010-2014	93	0.21345	0.19287	0.5	15670	3022	14159	56008	3.57
2010-2014	94	0.23744	0.21224	0.5	12648	2684	11306	41849	3.31
2010-2014	95	0.26329	0.23266	0.5	9963	2318	8804	30543	3.07
2010-2014	96	0.29096	0.25400	0.5	7645	1942	6674	21739	2.84
2010-2014	97	0.32034	0.27611	0.5	5703	1575	4916	15065	2.64
2010-2014	98	0.35130	0.29881	0.5	4129	1234	3512	10149	2.46
2010-2014	99	0.38364	0.32189	0.5	2895	932	2429	6637	2.29
2010-2014	100	0.41712	0.34514	0.5	1963	678	1624	4208	2.14
2010-2014	101	0.45146	0.36832	0.5	1286	473	1049	2584	2.01
2010-2014	102	0.48634	0.39121	0.5	812	318	653	1535	1.89
2010-2014	103	0.52142	0.41359	0.5	494	204	392	882	1.78
2010-2014	104	0.55636	0.43527	0.5	290	126	227	490	1.69
2010-2014	105	0.59081	0.45608	0.5	164	75	126	263	1.60
2010-2014	106	0.62444	0.47587	0.5	89	42	68	136	1.53
2010-2014	107	0.65697	0.49452	0.5	47	23	35	68	1.47
2010-2014	108	0.68813	0.51198	0.5	24	12	18	33	1.41
2010-2014	109	0.71771	0.52817	0.5	12	6	8	16	1.37
2010-2014	110+	0.74557	1.00000	1.34	5	5	7	7	1.34
2015-2019	0	0.00432	0.00430	0.06	100000	430	99596	7975701	79.76
2015-2019	1	0.00027	0.00027	0.5	99570	27	99557	7876104	79.10
2015-2019	2	0.00040	0.00040	0.5	99543	40	99523	7776548	78.12
2015-2019	3	0.00016	0.00016	0.5	99503	16	99495	7677025	77.15
2015-2019	4	0.00010	0.00010	0.5	99487	10	99482	7577529	76.17
2015-2019	5	0.00016	0.00016	0.5	99477	16	99469	7478047	75.17
2015-2019	6	0.00010	0.00010	0.5	99461	10	99456	7378578	74.19
2015-2019	7	0.00006	0.00006	0.5	99452	6	99448	7279122	73.19
2015-2019	8	0.00000	0.00000	0.5	99445	0	99445	7179673	72.20
2015-2019	9	0.00006	0.00006	0.5	99445	6	99442	7080228	71.20
2015-2019	10	0.00003	0.00003	0.5	99439	3	99438	6980785	70.20
2015-2019	11	0.00009	0.00009	0.5	99436	9	99432	6881348	69.20
2015-2019	12	0.00006	0.00006	0.5	99427	6	99424	6781916	68.21
2015-2019	13	0.00009	0.00009	0.5	99422	9	99417	6682491	67.21
2015-2019	14	0.00017	0.00017	0.5	99413	17	99404	6583074	66.22
2015-2019	15	0.00046	0.00046	0.5	99396	45	99373	6483670	65.23
2015-2019	16	0.00031	0.00031	0.5	99350	30	99335	6384297	64.26
2015-2019	17	0.00027	0.00027	0.5	99320	27	99306	6284962	63.28
2015-2019	18	0.00040	0.00040	0.5	99293	40	99273	6185655	62.30
2015-2019	19	0.00037	0.00037	0.5	99253	37	99235	6086382	61.32
2015-2019	20	0.00066	0.00066	0.5	99216	66	99183	5987147	60.34
2015-2019	21	0.00055	0.00055	0.5	99150	55	99123	5887964	59.38
2015-2019	22	0.00085	0.00085	0.5	99096	84	99054	5788841	58.42
2015-2019	23	0.00104	0.00104	0.5	99012	103	98960	5689787	57.47
2015-2019	24	0.00084	0.00084	0.5	98909	83	98867	5590827	56.53
2015-2019	25	0.00091	0.00091	0.5	98826	90	98780	5491960	55.57
2015-2019	26	0.00134	0.00134	0.5	98735	132	98669	5393180	54.62
2015-2019	27	0.00129	0.00129	0.5	98603	127	98540	5294511	53.70
2015-2019	28	0.00142	0.00142	0.5	98476	140	98407	5195971	52.76
2015-2019	29	0.00151	0.00151	0.5	98337	149	98263	5097564	51.84
2015-2019	30	0.00138	0.00138	0.5	98188	136	98120	4999302	50.92
2015-2019	31	0.00139	0.00139	0.5	98053	136	97985	4901181	49.99
2015-2019	32	0.00185	0.00185	0.5	97917	181	97826	4803196	49.05
2015-2019	33	0.00200	0.00200	0.5	97736	196	97638	4705370	48.14
2015-2019	34	0.00139	0.00139	0.5	97540	136	97472	4607732	47.24
2015-2019	35	0.00193	0.00193	0.5	97404	188	97310	4510259	46.30
2015-2019	36	0.00170	0.00170	0.5	97216	165	97134	4412949	45.39
2015-2019	37	0.00150	0.00149	0.5	97051	145	96979	4315815	44.47
2015-2019	38	0.00201	0.00200	0.5	96906	194	96809	4218836	43.54
2015-2019	39	0.00141	0.00141	0.5	96712	136	96644	4122027	42.62
2015-2019	40	0.00154	0.00154	0.5	96576	149	96502	4025383	41.68
2015-2019	41	0.00215	0.00215	0.5	96427	207	96324	3928881	40.74
2015-2019	42	0.00179	0.00179	0.5	96220	172	96134	3832557	39.83
2015-2019	43	0.00268	0.00268	0.5	96048	257	95919	3736424	38.90
2015-2019	44	0.00188	0.00188	0.5	95791	180	95700	3640505	38.00
2015-2019	45	0.00246	0.00246	0.5	95610	235	95493	3544804	37.08
2015-2019	46	0.00197	0.00197	0.5	95375	187	95282	3449311	36.17
2015-2019	47	0.00260	0.00260	0.5	95188	247	95064	3354030	35.24
2015-2019	48	0.00278	0.00277	0.5	94940	263	94809	3258965	34.33
2015-2019	49	0.00306	0.00306	0.5	94677	290	94532	3164157	33.42
2015-2019	50	0.00320	0.00320	0.5	94388	302	94237	3069624	32.52
2015-2019	51	0.00394	0.00393	0.5	94086	370	93901	2975388	31.62
2015-2019	52	0.00469	0.00468	0.5	93716	439	93496	2881487	30.75
2015-2019	53	0.00418	0.00417	0.5	93277	389	93082	2787991	29.89
2015-2019	54	0.00531	0.00530	0.5	92888	492	92642	2694909	29.01
2015-2019	55	0.00566	0.00564	0.5	92396	522	92135	2602267	28.16
2015-2019	56	0.00564	0.00562	0.5	91874	517	91616	2510132	27.32
2015-2019	57	0.00601	0.00599	0.5	91357	547	91084	2418517	26.47
2015-2019	58	0.00657	0.00654	0.5	90810	594	90513	2327433	25.63
2015-2019	59	0.00712	0.00710	0.5	90216	640	89896	2236920	24.80
2015-2019	60	0.00763	0.00760	0.5	89575	681	89235	2147025	23.97
2015-2019	61	0.00822	0.00819	0.5	88895	728	88531	2057790	23.15
2015-2019	62	0.00868	0.00864	0.5	88167	762	87786	1969259	22.34
2015-2019	63	0.00916	0.00911	0.5	87405	797	87006	1881473	21.53
2015-2019	64	0.00987	0.00982	0.5	86608	850	86183	1794466	20.72
2015-2019	65	0.01015	0.01009	0.5	85758	866	85325	1708283	19.92
2015-2019	66	0.01165	0.01159	0.5	84892	984	84400	1622958	19.12
2015-2019	67	0.01270	0.01262	0.5	83909	1059	83379	1538558	18.34
2015-2019	68	0.01450	0.01440	0.5	82850	1193	82253	1455179	17.56
2015-2019	69	0.01463	0.01452	0.5	81657	1186	81064	1372926	16.81
2015-2019	70	0.01675	0.01661	0.5	80471	1337	79803	1291862	16.05
2015-2019	71	0.01738	0.01723	0.5	79134	1363	78452	1212059	15.32
2015-2019	72	0.02115	0.02093	0.5	77771	1627	76957	1133607	14.58
2015-2019	73	0.02253	0.02228	0.5	76143	1696	75295	1056650	13.88
2015-2019	74	0.02399	0.02371	0.5	74447	1765	73565	981355	13.18
2015-2019	75	0.02813	0.02774	0.5	72682	2016	71674	907790	12.49
2015-2019	76	0.02863	0.02823	0.5	70666	1995	69668	836116	11.83
2015-2019	77	0.03449	0.03391	0.5	68671	2328	67507	766448	11.16
2015-2019	78	0.03568	0.03506	0.5	66343	2326	65180	698941	10.54
2015-2019	79	0.04578	0.04476	0.5	64017	2865	62584	633761	9.90
2015-2019	80	0.04305	0.04215	0.5	61151	2577	59863	571177	9.34
2015-2019	81	0.04922	0.04803	0.5	58574	2814	57167	511314	8.73
2015-2019	82	0.05621	0.05467	0.5	55761	3049	54236	454147	8.14
2015-2019	83	0.06413	0.06213	0.5	52712	3275	51074	399911	7.59
2015-2019	84	0.07307	0.07049	0.5	49437	3485	47694	348836	7.06
2015-2019	85	0.08314	0.07983	0.5	45952	3668	44118	301142	6.55
2015-2019	86	0.09447	0.09020	0.5	42284	3814	40377	257024	6.08
2015-2019	87	0.10714	0.10170	0.5	38470	3912	36513	216647	5.63
2015-2019	88	0.12129	0.11436	0.5	34557	3952	32581	180134	5.21
2015-2019	89	0.13702	0.12823	0.5	30606	3925	28643	147552	4.82
2015-2019	90	0.15442	0.14335	0.5	26681	3825	24768	118909	4.46
2015-2019	91	0.17359	0.15972	0.5	22856	3651	21031	94141	4.12
2015-2019	92	0.19458	0.17732	0.5	19205	3406	17503	73110	3.81
2015-2019	93	0.21743	0.19611	0.5	15800	3099	14251	55607	3.52
2015-2019	94	0.24217	0.21601	0.5	12701	2744	11329	41357	3.26
2015-2019	95	0.26875	0.23691	0.5	9958	2359	8778	30027	3.02
2015-2019	96	0.29710	0.25867	0.5	7599	1966	6616	21249	2.80
2015-2019	97	0.32711	0.28113	0.5	5633	1584	4841	14633	2.60
2015-2019	98	0.35860	0.30408	0.5	4049	1231	3434	9792	2.42
2015-2019	99	0.39137	0.32732	0.5	2818	922	2357	6358	2.26
2015-2019	100	0.42516	0.35062	0.5	1896	665	1563	4001	2.11
2015-2019	101	0.45967	0.37377	0.5	1231	460	1001	2438	1.98
2015-2019	102	0.49458	0.39653	0.5	771	306	618	1437	1.86
2015-2019	103	0.52957	0.41870	0.5	465	195	368	819	1.76
2015-2019	104	0.56428	0.44010	0.5	270	119	211	451	1.67
2015-2019	105	0.59838	0.46058	0.5	151	70	117	240	1.59
2015-2019	106	0.63158	0.48000	0.5	82	39	62	124	1.52
2015-2019	107	0.66360	0.49827	0.5	42	21	32	62	1.45
2015-2019	108	0.69419	0.51533	0.5	21	11	16	30	1.40
2015-2019	109	0.72318	0.53113	0.5	10	5	8	14	1.36
2015-2019	110+	0.75043	1.00000	1.33	5	5	6	6	1.33
