VT: Vermont, Lifetables (period 1x10), Males Last modified: 20 Dec 2020, MPv5 (May07) 

Year     	Age	mx	qx	ax	lx	dx	Lx	Tx	ex
1960-1969	0	0.02658	0.02597	0.12	100000	2597	97705	6703658	67.04
1960-1969	1	0.00160	0.00160	0.5	97403	156	97325	6605953	67.82
1960-1969	2	0.00089	0.00089	0.5	97247	87	97204	6508628	66.93
1960-1969	3	0.00075	0.00075	0.5	97160	73	97124	6411424	65.99
1960-1969	4	0.00076	0.00076	0.5	97087	74	97050	6314301	65.04
1960-1969	5	0.00048	0.00048	0.5	97013	46	96990	6217250	64.09
1960-1969	6	0.00072	0.00072	0.5	96967	70	96932	6120260	63.12
1960-1969	7	0.00042	0.00042	0.5	96898	40	96877	6023328	62.16
1960-1969	8	0.00051	0.00051	0.5	96857	49	96832	5926450	61.19
1960-1969	9	0.00029	0.00029	0.5	96808	28	96794	5829618	60.22
1960-1969	10	0.00032	0.00032	0.5	96779	31	96764	5732824	59.24
1960-1969	11	0.00051	0.00051	0.5	96748	49	96724	5636060	58.25
1960-1969	12	0.00054	0.00054	0.5	96699	52	96673	5539337	57.28
1960-1969	13	0.00057	0.00057	0.5	96647	55	96619	5442664	56.31
1960-1969	14	0.00066	0.00066	0.5	96592	64	96560	5346044	55.35
1960-1969	15	0.00088	0.00088	0.5	96528	85	96486	5249484	54.38
1960-1969	16	0.00181	0.00181	0.5	96443	174	96356	5152998	53.43
1960-1969	17	0.00170	0.00170	0.5	96269	164	96187	5056642	52.53
1960-1969	18	0.00209	0.00208	0.5	96105	200	96005	4960455	51.61
1960-1969	19	0.00203	0.00202	0.5	95905	194	95808	4864449	50.72
1960-1969	20	0.00245	0.00245	0.5	95711	234	95594	4768642	49.82
1960-1969	21	0.00207	0.00206	0.5	95476	197	95378	4673048	48.94
1960-1969	22	0.00205	0.00205	0.5	95279	195	95182	4577670	48.04
1960-1969	23	0.00206	0.00206	0.5	95084	195	94987	4482489	47.14
1960-1969	24	0.00180	0.00180	0.5	94889	171	94804	4387502	46.24
1960-1969	25	0.00174	0.00174	0.5	94718	165	94636	4292698	45.32
1960-1969	26	0.00181	0.00181	0.5	94553	171	94468	4198063	44.40
1960-1969	27	0.00133	0.00132	0.5	94383	125	94320	4103595	43.48
1960-1969	28	0.00185	0.00185	0.5	94258	174	94171	4009275	42.54
1960-1969	29	0.00174	0.00174	0.5	94084	164	94002	3915104	41.61
1960-1969	30	0.00163	0.00163	0.5	93920	153	93843	3821102	40.68
1960-1969	31	0.00173	0.00173	0.5	93767	162	93686	3727259	39.75
1960-1969	32	0.00203	0.00203	0.5	93605	190	93510	3633573	38.82
1960-1969	33	0.00201	0.00201	0.5	93415	188	93321	3540063	37.90
1960-1969	34	0.00222	0.00222	0.5	93227	207	93124	3446742	36.97
1960-1969	35	0.00128	0.00128	0.5	93020	119	92961	3353618	36.05
1960-1969	36	0.00224	0.00223	0.5	92901	207	92797	3260658	35.10
1960-1969	37	0.00332	0.00331	0.5	92693	307	92540	3167860	34.18
1960-1969	38	0.00308	0.00307	0.5	92387	284	92245	3075320	33.29
1960-1969	39	0.00284	0.00284	0.5	92103	262	91972	2983076	32.39
1960-1969	40	0.00328	0.00327	0.5	91841	300	91691	2891104	31.48
1960-1969	41	0.00474	0.00473	0.5	91541	433	91324	2799413	30.58
1960-1969	42	0.00406	0.00405	0.5	91107	369	90923	2708089	29.72
1960-1969	43	0.00438	0.00437	0.5	90738	397	90540	2617166	28.84
1960-1969	44	0.00444	0.00443	0.5	90342	401	90141	2526626	27.97
1960-1969	45	0.00489	0.00487	0.5	89941	438	89722	2436485	27.09
1960-1969	46	0.00704	0.00701	0.5	89503	628	89189	2346763	26.22
1960-1969	47	0.00647	0.00645	0.5	88875	573	88589	2257574	25.40
1960-1969	48	0.00646	0.00644	0.5	88302	569	88018	2168986	24.56
1960-1969	49	0.00896	0.00892	0.5	87734	783	87342	2080968	23.72
1960-1969	50	0.00871	0.00867	0.5	86951	754	86574	1993626	22.93
1960-1969	51	0.00949	0.00945	0.5	86197	815	85790	1907052	22.12
1960-1969	52	0.01173	0.01166	0.5	85382	996	84885	1821262	21.33
1960-1969	53	0.01245	0.01237	0.5	84387	1044	83865	1736378	20.58
1960-1969	54	0.01300	0.01292	0.5	83343	1077	82805	1652513	19.83
1960-1969	55	0.01498	0.01487	0.5	82266	1223	81655	1569708	19.08
1960-1969	56	0.01648	0.01634	0.5	81043	1324	80381	1488053	18.36
1960-1969	57	0.01762	0.01747	0.5	79719	1392	79022	1407673	17.66
1960-1969	58	0.01939	0.01921	0.5	78326	1504	77574	1328650	16.96
1960-1969	59	0.02377	0.02349	0.5	76822	1805	75919	1251076	16.29
1960-1969	60	0.02345	0.02318	0.5	75017	1739	74147	1175157	15.67
1960-1969	61	0.02430	0.02400	0.5	73278	1759	72398	1101010	15.03
1960-1969	62	0.02853	0.02813	0.5	71519	2012	70513	1028611	14.38
1960-1969	63	0.02926	0.02884	0.5	69507	2005	68505	958099	13.78
1960-1969	64	0.03418	0.03361	0.5	67502	2268	66368	889594	13.18
1960-1969	65	0.03356	0.03300	0.5	65234	2153	64157	823226	12.62
1960-1969	66	0.03415	0.03357	0.5	63081	2118	62022	759069	12.03
1960-1969	67	0.04123	0.04039	0.5	60963	2463	59732	697047	11.43
1960-1969	68	0.04730	0.04621	0.5	58500	2703	57149	637315	10.89
1960-1969	69	0.05358	0.05218	0.5	55797	2911	54342	580166	10.40
1960-1969	70	0.05473	0.05328	0.5	52886	2818	51477	525824	9.94
1960-1969	71	0.05727	0.05568	0.5	50068	2788	48675	474347	9.47
1960-1969	72	0.06392	0.06194	0.5	47281	2929	45816	425672	9.00
1960-1969	73	0.07125	0.06880	0.5	44352	3051	42826	379856	8.56
1960-1969	74	0.07273	0.07018	0.5	41301	2898	39852	337030	8.16
1960-1969	75	0.07626	0.07346	0.5	38402	2821	36992	297178	7.74
1960-1969	76	0.08788	0.08418	0.5	35581	2995	34084	260186	7.31
1960-1969	77	0.09082	0.08688	0.5	32586	2831	31171	226102	6.94
1960-1969	78	0.10164	0.09673	0.5	29755	2878	28316	194932	6.55
1960-1969	79	0.10448	0.09930	0.5	26877	2669	25543	166616	6.20
1960-1969	80	0.11660	0.11017	0.5	24208	2667	22875	141073	5.83
1960-1969	81	0.12731	0.11969	0.5	21541	2578	20252	118199	5.49
1960-1969	82	0.13885	0.12984	0.5	18963	2462	17732	97947	5.17
1960-1969	83	0.15126	0.14063	0.5	16501	2320	15340	80215	4.86
1960-1969	84	0.16457	0.15206	0.5	14180	2156	13102	64874	4.57
1960-1969	85	0.17880	0.16413	0.5	12024	1973	11037	51772	4.31
1960-1969	86	0.19398	0.17683	0.5	10050	1777	9162	40735	4.05
1960-1969	87	0.21011	0.19014	0.5	8273	1573	7487	31573	3.82
1960-1969	88	0.22721	0.20403	0.5	6700	1367	6017	24086	3.59
1960-1969	89	0.24527	0.21848	0.5	5333	1165	4751	18070	3.39
1960-1969	90	0.26427	0.23343	0.5	4168	973	3682	13319	3.20
1960-1969	91	0.28419	0.24883	0.5	3195	795	2798	9638	3.02
1960-1969	92	0.30499	0.26464	0.5	2400	635	2082	6840	2.85
1960-1969	93	0.32662	0.28077	0.5	1765	496	1517	4758	2.70
1960-1969	94	0.34901	0.29715	0.5	1269	377	1081	3241	2.55
1960-1969	95	0.37209	0.31372	0.5	892	280	752	2160	2.42
1960-1969	96	0.39576	0.33038	0.5	612	202	511	1408	2.30
1960-1969	97	0.41993	0.34706	0.5	410	142	339	897	2.19
1960-1969	98	0.44450	0.36367	0.5	268	97	219	558	2.08
1960-1969	99	0.46934	0.38013	0.5	170	65	138	339	1.99
1960-1969	100	0.49433	0.39636	0.5	106	42	85	201	1.90
1960-1969	101	0.51935	0.41229	0.5	64	26	51	116	1.82
1960-1969	102	0.54427	0.42784	0.5	37	16	29	65	1.75
1960-1969	103	0.56898	0.44296	0.5	21	9	17	36	1.68
1960-1969	104	0.59334	0.45759	0.5	12	5	9	19	1.62
1960-1969	105	0.61726	0.47168	0.5	6	3	5	10	1.56
1960-1969	106	0.64062	0.48520	0.5	3	2	3	5	1.51
1960-1969	107	0.66333	0.49812	0.5	2	1	1	3	1.47
1960-1969	108	0.68531	0.51041	0.5	1	0	1	1	1.43
1960-1969	109	0.70649	0.52207	0.5	0	0	0	1	1.40
1960-1969	110+	0.72681	1.00000	1.38	0	0	0	0	1.38
1970-1979	0	0.01592	0.01569	0.09	100000	1569	98568	6941451	69.41
1970-1979	1	0.00093	0.00093	0.5	98431	92	98385	6842883	69.52
1970-1979	2	0.00058	0.00058	0.5	98339	57	98311	6744498	68.58
1970-1979	3	0.00049	0.00049	0.5	98282	48	98258	6646187	67.62
1970-1979	4	0.00048	0.00048	0.5	98234	47	98211	6547929	66.66
1970-1979	5	0.00055	0.00055	0.5	98188	54	98161	6449718	65.69
1970-1979	6	0.00053	0.00053	0.5	98134	52	98108	6351557	64.72
1970-1979	7	0.00037	0.00037	0.5	98082	37	98064	6253449	63.76
1970-1979	8	0.00036	0.00036	0.5	98045	36	98028	6155385	62.78
1970-1979	9	0.00074	0.00074	0.5	98010	72	97974	6057357	61.80
1970-1979	10	0.00037	0.00037	0.5	97937	36	97919	5959384	60.85
1970-1979	11	0.00030	0.00030	0.5	97901	29	97886	5861465	59.87
1970-1979	12	0.00029	0.00029	0.5	97872	29	97857	5763578	58.89
1970-1979	13	0.00050	0.00050	0.5	97843	49	97819	5665721	57.91
1970-1979	14	0.00064	0.00064	0.5	97795	62	97763	5567902	56.93
1970-1979	15	0.00074	0.00074	0.5	97732	72	97696	5470138	55.97
1970-1979	16	0.00139	0.00139	0.5	97660	136	97592	5372442	55.01
1970-1979	17	0.00157	0.00157	0.5	97524	153	97447	5274850	54.09
1970-1979	18	0.00213	0.00213	0.5	97371	207	97267	5177403	53.17
1970-1979	19	0.00190	0.00190	0.5	97163	184	97071	5080136	52.28
1970-1979	20	0.00170	0.00170	0.5	96979	165	96896	4983065	51.38
1970-1979	21	0.00236	0.00235	0.5	96814	228	96700	4886168	50.47
1970-1979	22	0.00173	0.00173	0.5	96586	167	96502	4789468	49.59
1970-1979	23	0.00199	0.00199	0.5	96419	192	96323	4692966	48.67
1970-1979	24	0.00172	0.00172	0.5	96227	165	96145	4596643	47.77
1970-1979	25	0.00170	0.00170	0.5	96062	163	95980	4500498	46.85
1970-1979	26	0.00127	0.00127	0.5	95899	122	95838	4404518	45.93
1970-1979	27	0.00114	0.00114	0.5	95777	109	95723	4308680	44.99
1970-1979	28	0.00161	0.00161	0.5	95668	154	95591	4212957	44.04
1970-1979	29	0.00149	0.00149	0.5	95514	143	95443	4117366	43.11
1970-1979	30	0.00150	0.00150	0.5	95372	143	95300	4021923	42.17
1970-1979	31	0.00110	0.00109	0.5	95228	104	95176	3926623	41.23
1970-1979	32	0.00137	0.00137	0.5	95124	130	95059	3831447	40.28
1970-1979	33	0.00208	0.00207	0.5	94994	197	94895	3736388	39.33
1970-1979	34	0.00144	0.00144	0.5	94797	136	94728	3641493	38.41
1970-1979	35	0.00173	0.00173	0.5	94660	164	94578	3546764	37.47
1970-1979	36	0.00217	0.00217	0.5	94496	205	94394	3452186	36.53
1970-1979	37	0.00227	0.00227	0.5	94291	214	94184	3357792	35.61
1970-1979	38	0.00247	0.00247	0.5	94077	232	93961	3263608	34.69
1970-1979	39	0.00198	0.00198	0.5	93845	186	93752	3169647	33.78
1970-1979	40	0.00236	0.00236	0.5	93660	221	93549	3075895	32.84
1970-1979	41	0.00288	0.00288	0.5	93439	269	93304	2982345	31.92
1970-1979	42	0.00362	0.00361	0.5	93170	336	93002	2889041	31.01
1970-1979	43	0.00357	0.00356	0.5	92834	331	92668	2796039	30.12
1970-1979	44	0.00378	0.00377	0.5	92503	349	92328	2703371	29.22
1970-1979	45	0.00507	0.00506	0.5	92154	466	91921	2611042	28.33
1970-1979	46	0.00504	0.00503	0.5	91688	461	91458	2519121	27.47
1970-1979	47	0.00653	0.00651	0.5	91227	594	90930	2427664	26.61
1970-1979	48	0.00524	0.00523	0.5	90633	474	90396	2336734	25.78
1970-1979	49	0.00696	0.00694	0.5	90159	626	89846	2246338	24.92
1970-1979	50	0.00738	0.00735	0.5	89533	659	89204	2156492	24.09
1970-1979	51	0.00928	0.00924	0.5	88875	821	88464	2067287	23.26
1970-1979	52	0.00887	0.00883	0.5	88054	777	87665	1978823	22.47
1970-1979	53	0.00979	0.00975	0.5	87276	851	86851	1891158	21.67
1970-1979	54	0.01139	0.01133	0.5	86426	979	85936	1804307	20.88
1970-1979	55	0.01256	0.01248	0.5	85447	1067	84914	1718370	20.11
1970-1979	56	0.01446	0.01436	0.5	84380	1212	83774	1633457	19.36
1970-1979	57	0.01629	0.01616	0.5	83169	1344	82497	1549682	18.63
1970-1979	58	0.01609	0.01596	0.5	81825	1306	81172	1467186	17.93
1970-1979	59	0.01758	0.01742	0.5	80519	1403	79817	1386014	17.21
1970-1979	60	0.01908	0.01890	0.5	79116	1495	78368	1306197	16.51
1970-1979	61	0.02313	0.02286	0.5	77620	1775	76733	1227829	15.82
1970-1979	62	0.02512	0.02481	0.5	75846	1882	74905	1151096	15.18
1970-1979	63	0.02656	0.02622	0.5	73964	1939	72995	1076191	14.55
1970-1979	64	0.03012	0.02967	0.5	72025	2137	70957	1003196	13.93
1970-1979	65	0.03076	0.03030	0.5	69888	2118	68829	932239	13.34
1970-1979	66	0.03539	0.03477	0.5	67771	2356	66593	863410	12.74
1970-1979	67	0.03790	0.03720	0.5	65414	2433	64198	796817	12.18
1970-1979	68	0.04275	0.04185	0.5	62981	2636	61663	732620	11.63
1970-1979	69	0.04546	0.04445	0.5	60345	2682	59004	670957	11.12
1970-1979	70	0.05019	0.04896	0.5	57663	2823	56251	611953	10.61
1970-1979	71	0.05168	0.05038	0.5	54840	2763	53458	555701	10.13
1970-1979	72	0.05670	0.05514	0.5	52077	2871	50641	502243	9.64
1970-1979	73	0.06262	0.06072	0.5	49206	2988	47712	451602	9.18
1970-1979	74	0.06925	0.06693	0.5	46218	3093	44671	403890	8.74
1970-1979	75	0.07438	0.07171	0.5	43125	3093	41578	359219	8.33
1970-1979	76	0.08346	0.08012	0.5	40032	3207	38428	317641	7.93
1970-1979	77	0.08458	0.08115	0.5	36825	2988	35331	279212	7.58
1970-1979	78	0.08854	0.08478	0.5	33837	2869	32402	243882	7.21
1970-1979	79	0.09302	0.08888	0.5	30968	2753	29591	211480	6.83
1970-1979	80	0.10080	0.09596	0.5	28215	2708	26861	181888	6.45
1970-1979	81	0.11011	0.10436	0.5	25508	2662	24177	155027	6.08
1970-1979	82	0.12017	0.11336	0.5	22845	2590	21551	130850	5.73
1970-1979	83	0.13101	0.12295	0.5	20256	2491	19011	109300	5.40
1970-1979	84	0.14267	0.13317	0.5	17765	2366	16582	90289	5.08
1970-1979	85	0.15518	0.14400	0.5	15400	2218	14291	73707	4.79
1970-1979	86	0.16857	0.15547	0.5	13182	2049	12157	59416	4.51
1970-1979	87	0.18287	0.16755	0.5	11133	1865	10200	47259	4.25
1970-1979	88	0.19809	0.18024	0.5	9267	1670	8432	37059	4.00
1970-1979	89	0.21425	0.19352	0.5	7597	1470	6862	28626	3.77
1970-1979	90	0.23134	0.20736	0.5	6127	1270	5492	21764	3.55
1970-1979	91	0.24937	0.22172	0.5	4856	1077	4318	16273	3.35
1970-1979	92	0.26831	0.23657	0.5	3780	894	3333	11955	3.16
1970-1979	93	0.28813	0.25185	0.5	2886	727	2522	8622	2.99
1970-1979	94	0.30881	0.26750	0.5	2159	577	1870	6100	2.83
1970-1979	95	0.33027	0.28346	0.5	1581	448	1357	4230	2.67
1970-1979	96	0.35247	0.29966	0.5	1133	340	963	2873	2.54
1970-1979	97	0.37533	0.31602	0.5	794	251	668	1909	2.41
1970-1979	98	0.39875	0.33247	0.5	543	180	453	1241	2.29
1970-1979	99	0.42265	0.34892	0.5	362	126	299	789	2.18
1970-1979	100	0.44692	0.36529	0.5	236	86	193	490	2.08
1970-1979	101	0.47144	0.38151	0.5	150	57	121	297	1.98
1970-1979	102	0.49610	0.39750	0.5	93	37	74	176	1.90
1970-1979	103	0.52077	0.41319	0.5	56	23	44	101	1.82
1970-1979	104	0.54535	0.42851	0.5	33	14	26	57	1.75
1970-1979	105	0.56971	0.44340	0.5	19	8	15	31	1.68
1970-1979	106	0.59374	0.45782	0.5	10	5	8	17	1.62
1970-1979	107	0.61732	0.47172	0.5	6	3	4	9	1.57
1970-1979	108	0.64037	0.48506	0.5	3	1	2	5	1.52
1970-1979	109	0.66278	0.49781	0.5	2	1	1	2	1.48
1970-1979	110+	0.68449	1.00000	1.46	1	1	1	1	1.46
1980-1989	0	0.00949	0.00941	0.07	100000	941	99126	7193233	71.93
1980-1989	1	0.00098	0.00098	0.5	99059	97	99011	7094107	71.61
1980-1989	2	0.00071	0.00071	0.5	98962	70	98927	6995096	70.68
1980-1989	3	0.00040	0.00040	0.5	98892	40	98872	6896169	69.73
1980-1989	4	0.00025	0.00025	0.5	98853	25	98840	6797297	68.76
1980-1989	5	0.00033	0.00033	0.5	98828	32	98812	6698456	67.78
1980-1989	6	0.00028	0.00028	0.5	98795	28	98781	6599645	66.80
1980-1989	7	0.00039	0.00039	0.5	98767	38	98748	6500864	65.82
1980-1989	8	0.00032	0.00032	0.5	98729	32	98713	6402116	64.85
1980-1989	9	0.00018	0.00018	0.5	98697	17	98688	6303403	63.87
1980-1989	10	0.00025	0.00025	0.5	98680	24	98667	6204714	62.88
1980-1989	11	0.00026	0.00026	0.5	98655	25	98643	6106047	61.89
1980-1989	12	0.00033	0.00033	0.5	98630	32	98614	6007404	60.91
1980-1989	13	0.00027	0.00027	0.5	98598	27	98584	5908791	59.93
1980-1989	14	0.00053	0.00053	0.5	98571	52	98545	5810206	58.94
1980-1989	15	0.00063	0.00063	0.5	98519	62	98488	5711662	57.98
1980-1989	16	0.00102	0.00102	0.5	98457	101	98407	5613174	57.01
1980-1989	17	0.00114	0.00114	0.5	98356	112	98300	5514767	56.07
1980-1989	18	0.00203	0.00202	0.5	98244	199	98145	5416467	55.13
1980-1989	19	0.00153	0.00153	0.5	98045	150	97970	5318322	54.24
1980-1989	20	0.00161	0.00161	0.5	97896	157	97817	5220352	53.33
1980-1989	21	0.00130	0.00130	0.5	97738	127	97675	5122535	52.41
1980-1989	22	0.00152	0.00151	0.5	97611	148	97537	5024861	51.48
1980-1989	23	0.00178	0.00178	0.5	97463	173	97376	4927324	50.56
1980-1989	24	0.00118	0.00118	0.5	97290	114	97233	4829947	49.64
1980-1989	25	0.00108	0.00108	0.5	97175	105	97123	4732715	48.70
1980-1989	26	0.00120	0.00120	0.5	97070	116	97012	4635592	47.76
1980-1989	27	0.00133	0.00133	0.5	96954	129	96889	4538580	46.81
1980-1989	28	0.00146	0.00146	0.5	96825	141	96754	4441691	45.87
1980-1989	29	0.00159	0.00159	0.5	96684	154	96607	4344936	44.94
1980-1989	30	0.00121	0.00121	0.5	96530	117	96472	4248329	44.01
1980-1989	31	0.00155	0.00155	0.5	96413	149	96339	4151857	43.06
1980-1989	32	0.00129	0.00129	0.5	96264	124	96202	4055519	42.13
1980-1989	33	0.00136	0.00136	0.5	96140	131	96075	3959316	41.18
1980-1989	34	0.00146	0.00146	0.5	96009	140	95940	3863242	40.24
1980-1989	35	0.00137	0.00137	0.5	95870	131	95804	3767302	39.30
1980-1989	36	0.00153	0.00153	0.5	95738	146	95665	3671498	38.35
1980-1989	37	0.00200	0.00200	0.5	95592	191	95496	3575833	37.41
1980-1989	38	0.00202	0.00202	0.5	95401	193	95304	3480337	36.48
1980-1989	39	0.00189	0.00189	0.5	95208	180	95118	3385033	35.55
1980-1989	40	0.00216	0.00216	0.5	95028	205	94926	3289915	34.62
1980-1989	41	0.00256	0.00256	0.5	94823	242	94702	3194989	33.69
1980-1989	42	0.00284	0.00284	0.5	94581	269	94447	3100287	32.78
1980-1989	43	0.00291	0.00290	0.5	94312	274	94175	3005840	31.87
1980-1989	44	0.00310	0.00309	0.5	94039	291	93893	2911665	30.96
1980-1989	45	0.00260	0.00260	0.5	93748	244	93626	2817772	30.06
1980-1989	46	0.00359	0.00359	0.5	93504	335	93336	2724146	29.13
1980-1989	47	0.00349	0.00348	0.5	93169	325	93006	2630810	28.24
1980-1989	48	0.00551	0.00550	0.5	92844	511	92589	2537803	27.33
1980-1989	49	0.00622	0.00620	0.5	92334	573	92047	2445214	26.48
1980-1989	50	0.00601	0.00599	0.5	91761	550	91486	2353167	25.64
1980-1989	51	0.00640	0.00638	0.5	91212	582	90921	2261680	24.80
1980-1989	52	0.00727	0.00724	0.5	90630	657	90301	2170760	23.95
1980-1989	53	0.00840	0.00836	0.5	89973	752	89597	2080458	23.12
1980-1989	54	0.00922	0.00918	0.5	89221	819	88811	1990862	22.31
1980-1989	55	0.01026	0.01021	0.5	88402	902	87951	1902050	21.52
1980-1989	56	0.01099	0.01093	0.5	87500	957	87021	1814099	20.73
1980-1989	57	0.01285	0.01277	0.5	86543	1105	85991	1727078	19.96
1980-1989	58	0.01357	0.01347	0.5	85438	1151	84862	1641087	19.21
1980-1989	59	0.01485	0.01474	0.5	84287	1242	83666	1556225	18.46
1980-1989	60	0.01645	0.01631	0.5	83045	1355	82367	1472559	17.73
1980-1989	61	0.01818	0.01802	0.5	81690	1472	80954	1390192	17.02
1980-1989	62	0.01978	0.01959	0.5	80218	1571	79432	1309238	16.32
1980-1989	63	0.02145	0.02122	0.5	78647	1669	77812	1229805	15.64
1980-1989	64	0.02442	0.02413	0.5	76977	1857	76049	1151993	14.97
1980-1989	65	0.02717	0.02680	0.5	75120	2013	74114	1075944	14.32
1980-1989	66	0.02754	0.02716	0.5	73107	1986	72114	1001831	13.70
1980-1989	67	0.02978	0.02934	0.5	71121	2087	70078	929717	13.07
1980-1989	68	0.03688	0.03621	0.5	69034	2500	67784	859639	12.45
1980-1989	69	0.03769	0.03700	0.5	66535	2461	65304	791855	11.90
1980-1989	70	0.04306	0.04215	0.5	64073	2701	62723	726551	11.34
1980-1989	71	0.04525	0.04424	0.5	61372	2715	60015	663828	10.82
1980-1989	72	0.05190	0.05058	0.5	58657	2967	57174	603813	10.29
1980-1989	73	0.05514	0.05366	0.5	55690	2989	54196	546640	9.82
1980-1989	74	0.05636	0.05482	0.5	52701	2889	51257	492444	9.34
1980-1989	75	0.06789	0.06566	0.5	49812	3271	48177	441187	8.86
1980-1989	76	0.06708	0.06490	0.5	46542	3021	45031	393010	8.44
1980-1989	77	0.07320	0.07061	0.5	43521	3073	41984	347979	8.00
1980-1989	78	0.07980	0.07674	0.5	40448	3104	38896	305995	7.57
1980-1989	79	0.08480	0.08135	0.5	37344	3038	35825	267099	7.15
1980-1989	80	0.09221	0.08815	0.5	34306	3024	32794	231274	6.74
1980-1989	81	0.10126	0.09638	0.5	31282	3015	29774	198480	6.34
1980-1989	82	0.11110	0.10525	0.5	28267	2975	26779	168705	5.97
1980-1989	83	0.12175	0.11477	0.5	25292	2903	23841	141926	5.61
1980-1989	84	0.13328	0.12495	0.5	22389	2798	20990	118085	5.27
1980-1989	85	0.14571	0.13582	0.5	19592	2661	18261	97095	4.96
1980-1989	86	0.15910	0.14737	0.5	16931	2495	15683	78833	4.66
1980-1989	87	0.17346	0.15962	0.5	14436	2304	13284	63150	4.37
1980-1989	88	0.18883	0.17254	0.5	12131	2093	11085	49867	4.11
1980-1989	89	0.20522	0.18612	0.5	10038	1868	9104	38782	3.86
1980-1989	90	0.22264	0.20034	0.5	8170	1637	7352	29678	3.63
1980-1989	91	0.24110	0.21516	0.5	6533	1406	5830	22326	3.42
1980-1989	92	0.26057	0.23053	0.5	5128	1182	4537	16496	3.22
1980-1989	93	0.28103	0.24641	0.5	3945	972	3459	11959	3.03
1980-1989	94	0.30244	0.26271	0.5	2973	781	2583	8500	2.86
1980-1989	95	0.32475	0.27938	0.5	2192	612	1886	5917	2.70
1980-1989	96	0.34788	0.29633	0.5	1580	468	1346	4031	2.55
1980-1989	97	0.37175	0.31348	0.5	1112	348	937	2685	2.42
1980-1989	98	0.39626	0.33073	0.5	763	252	637	1748	2.29
1980-1989	99	0.42131	0.34800	0.5	511	178	422	1111	2.18
1980-1989	100	0.44676	0.36519	0.5	333	122	272	689	2.07
1980-1989	101	0.47250	0.38221	0.5	211	81	171	417	1.97
1980-1989	102	0.49839	0.39897	0.5	131	52	105	246	1.88
1980-1989	103	0.52428	0.41539	0.5	78	33	62	142	1.80
1980-1989	104	0.55005	0.43140	0.5	46	20	36	79	1.73
1980-1989	105	0.57555	0.44693	0.5	26	12	20	43	1.66
1980-1989	106	0.60065	0.46192	0.5	14	7	11	23	1.60
1980-1989	107	0.62524	0.47633	0.5	8	4	6	12	1.55
1980-1989	108	0.64920	0.49011	0.5	4	2	3	6	1.50
1980-1989	109	0.67242	0.50323	0.5	2	1	2	3	1.46
1980-1989	110+	0.69483	1.00000	1.44	1	1	1	1	1.44
1990-1999	0	0.00704	0.00699	0.06	100000	699	99346	7432096	74.32
1990-1999	1	0.00048	0.00048	0.5	99301	47	99277	7332750	73.84
1990-1999	2	0.00042	0.00042	0.5	99254	41	99233	7233473	72.88
1990-1999	3	0.00040	0.00039	0.5	99212	39	99193	7134240	71.91
1990-1999	4	0.00021	0.00021	0.5	99173	21	99162	7035047	70.94
1990-1999	5	0.00030	0.00030	0.5	99152	30	99137	6935885	69.95
1990-1999	6	0.00014	0.00014	0.5	99122	14	99115	6836748	68.97
1990-1999	7	0.00011	0.00011	0.5	99109	11	99103	6737632	67.98
1990-1999	8	0.00014	0.00014	0.5	99097	14	99090	6638530	66.99
1990-1999	9	0.00017	0.00017	0.5	99084	17	99075	6539439	66.00
1990-1999	10	0.00013	0.00013	0.5	99066	13	99060	6440364	65.01
1990-1999	11	0.00023	0.00023	0.5	99053	22	99042	6341304	64.02
1990-1999	12	0.00027	0.00027	0.5	99031	27	99017	6242262	63.03
1990-1999	13	0.00034	0.00034	0.5	99004	34	98987	6143245	62.05
1990-1999	14	0.00035	0.00035	0.5	98970	35	98953	6044258	61.07
1990-1999	15	0.00037	0.00037	0.5	98936	37	98917	5945305	60.09
1990-1999	16	0.00067	0.00067	0.5	98899	66	98865	5846388	59.11
1990-1999	17	0.00108	0.00108	0.5	98832	107	98779	5747522	58.15
1990-1999	18	0.00142	0.00142	0.5	98726	140	98655	5648743	57.22
1990-1999	19	0.00117	0.00117	0.5	98585	115	98528	5550088	56.30
1990-1999	20	0.00111	0.00111	0.5	98470	109	98415	5451560	55.36
1990-1999	21	0.00107	0.00107	0.5	98361	105	98308	5353145	54.42
1990-1999	22	0.00106	0.00106	0.5	98256	104	98204	5254837	53.48
1990-1999	23	0.00133	0.00133	0.5	98152	130	98087	5156633	52.54
1990-1999	24	0.00124	0.00123	0.5	98022	121	97961	5058546	51.61
1990-1999	25	0.00102	0.00102	0.5	97901	100	97851	4960584	50.67
1990-1999	26	0.00103	0.00103	0.5	97801	100	97750	4862733	49.72
1990-1999	27	0.00118	0.00118	0.5	97700	115	97643	4764983	48.77
1990-1999	28	0.00152	0.00152	0.5	97585	148	97511	4667340	47.83
1990-1999	29	0.00131	0.00131	0.5	97437	127	97373	4569830	46.90
1990-1999	30	0.00155	0.00155	0.5	97309	151	97234	4472456	45.96
1990-1999	31	0.00145	0.00145	0.5	97159	141	97088	4375222	45.03
1990-1999	32	0.00168	0.00168	0.5	97018	163	96936	4278134	44.10
1990-1999	33	0.00136	0.00136	0.5	96855	132	96789	4181198	43.17
1990-1999	34	0.00172	0.00172	0.5	96723	166	96640	4084409	42.23
1990-1999	35	0.00134	0.00134	0.5	96557	129	96493	3987769	41.30
1990-1999	36	0.00179	0.00179	0.5	96428	173	96342	3891277	40.35
1990-1999	37	0.00183	0.00183	0.5	96255	176	96167	3794935	39.43
1990-1999	38	0.00188	0.00188	0.5	96080	181	95989	3698768	38.50
1990-1999	39	0.00181	0.00181	0.5	95899	174	95812	3602778	37.57
1990-1999	40	0.00206	0.00206	0.5	95725	197	95626	3506966	36.64
1990-1999	41	0.00245	0.00244	0.5	95528	233	95411	3411340	35.71
1990-1999	42	0.00212	0.00212	0.5	95294	202	95194	3315929	34.80
1990-1999	43	0.00220	0.00220	0.5	95093	209	94988	3220735	33.87
1990-1999	44	0.00246	0.00246	0.5	94884	233	94767	3125747	32.94
1990-1999	45	0.00301	0.00301	0.5	94650	285	94508	3030980	32.02
1990-1999	46	0.00319	0.00319	0.5	94366	301	94216	2936472	31.12
1990-1999	47	0.00354	0.00353	0.5	94065	332	93899	2842256	30.22
1990-1999	48	0.00381	0.00380	0.5	93733	357	93555	2748357	29.32
1990-1999	49	0.00454	0.00453	0.5	93376	423	93165	2654803	28.43
1990-1999	50	0.00417	0.00416	0.5	92953	386	92760	2561638	27.56
1990-1999	51	0.00503	0.00501	0.5	92567	464	92335	2468878	26.67
1990-1999	52	0.00557	0.00555	0.5	92103	512	91847	2376543	25.80
1990-1999	53	0.00622	0.00620	0.5	91591	568	91307	2284696	24.94
1990-1999	54	0.00747	0.00744	0.5	91023	677	90684	2193389	24.10
1990-1999	55	0.00765	0.00762	0.5	90346	688	90002	2102705	23.27
1990-1999	56	0.00848	0.00845	0.5	89657	757	89279	2012704	22.45
1990-1999	57	0.00966	0.00961	0.5	88900	855	88473	1923425	21.64
1990-1999	58	0.01049	0.01043	0.5	88045	919	87586	1834952	20.84
1990-1999	59	0.01112	0.01105	0.5	87127	963	86645	1747366	20.06
1990-1999	60	0.01427	0.01416	0.5	86164	1220	85554	1660720	19.27
1990-1999	61	0.01506	0.01495	0.5	84943	1270	84309	1575167	18.54
1990-1999	62	0.01596	0.01583	0.5	83674	1325	83011	1490858	17.82
1990-1999	63	0.01744	0.01729	0.5	82349	1424	81637	1407847	17.10
1990-1999	64	0.02121	0.02099	0.5	80925	1698	80076	1326210	16.39
1990-1999	65	0.02032	0.02012	0.5	79226	1594	78429	1246134	15.73
1990-1999	66	0.02242	0.02217	0.5	77632	1721	76772	1167705	15.04
1990-1999	67	0.02390	0.02362	0.5	75911	1793	75015	1090933	14.37
1990-1999	68	0.02570	0.02537	0.5	74118	1881	73178	1015918	13.71
1990-1999	69	0.03248	0.03196	0.5	72238	2309	71083	942740	13.05
1990-1999	70	0.03236	0.03184	0.5	69929	2227	68816	871656	12.46
1990-1999	71	0.03766	0.03697	0.5	67702	2503	66451	802840	11.86
1990-1999	72	0.03780	0.03710	0.5	65200	2419	63990	736389	11.29
1990-1999	73	0.04175	0.04090	0.5	62781	2567	61497	672399	10.71
1990-1999	74	0.04875	0.04759	0.5	60214	2866	58781	610902	10.15
1990-1999	75	0.05387	0.05245	0.5	57348	3008	55844	552121	9.63
1990-1999	76	0.05514	0.05366	0.5	54340	2916	52882	496277	9.13
1990-1999	77	0.06383	0.06185	0.5	51424	3181	49833	443395	8.62
1990-1999	78	0.06925	0.06693	0.5	48243	3229	46629	393562	8.16
1990-1999	79	0.08030	0.07720	0.5	45014	3475	43277	346933	7.71
1990-1999	80	0.07907	0.07606	0.5	41539	3159	39959	303657	7.31
1990-1999	81	0.08739	0.08373	0.5	38380	3214	36773	263698	6.87
1990-1999	82	0.09650	0.09206	0.5	35166	3237	33547	226925	6.45
1990-1999	83	0.10645	0.10107	0.5	31929	3227	30315	193378	6.06
1990-1999	84	0.11729	0.11079	0.5	28701	3180	27111	163063	5.68
1990-1999	85	0.12908	0.12125	0.5	25522	3095	23974	135951	5.33
1990-1999	86	0.14186	0.13246	0.5	22427	2971	20942	111977	4.99
1990-1999	87	0.15567	0.14443	0.5	19456	2810	18051	91035	4.68
1990-1999	88	0.17057	0.15717	0.5	16646	2616	15338	72984	4.38
1990-1999	89	0.18658	0.17066	0.5	14030	2394	12833	57646	4.11
1990-1999	90	0.20372	0.18489	0.5	11636	2151	10560	44813	3.85
1990-1999	91	0.22201	0.19982	0.5	9484	1895	8537	34253	3.61
1990-1999	92	0.24144	0.21543	0.5	7589	1635	6772	25717	3.39
1990-1999	93	0.26199	0.23165	0.5	5954	1379	5265	18945	3.18
1990-1999	94	0.28365	0.24841	0.5	4575	1136	4007	13680	2.99
1990-1999	95	0.30634	0.26565	0.5	3438	913	2982	9674	2.81
1990-1999	96	0.33002	0.28328	0.5	2525	715	2167	6692	2.65
1990-1999	97	0.35460	0.30120	0.5	1810	545	1537	4525	2.50
1990-1999	98	0.37996	0.31930	0.5	1265	404	1063	2987	2.36
1990-1999	99	0.40600	0.33749	0.5	861	291	716	1925	2.24
1990-1999	100	0.43258	0.35566	0.5	570	203	469	1209	2.12
1990-1999	101	0.45956	0.37369	0.5	367	137	299	740	2.01
1990-1999	102	0.48677	0.39149	0.5	230	90	185	441	1.92
1990-1999	103	0.51406	0.40895	0.5	140	57	111	256	1.83
1990-1999	104	0.54126	0.42598	0.5	83	35	65	145	1.75
1990-1999	105	0.56823	0.44251	0.5	48	21	37	80	1.68
1990-1999	106	0.59479	0.45845	0.5	26	12	20	43	1.61
1990-1999	107	0.62081	0.47376	0.5	14	7	11	22	1.56
1990-1999	108	0.64616	0.48837	0.5	8	4	6	11	1.51
1990-1999	109	0.67070	0.50227	0.5	4	2	3	6	1.47
1990-1999	110+	0.69436	1.00000	1.44	2	2	3	3	1.44
2000-2009	0	0.00600	0.00596	0.06	100000	596	99440	7693599	76.94
2000-2009	1	0.00018	0.00018	0.5	99404	18	99395	7594158	76.40
2000-2009	2	0.00021	0.00021	0.5	99386	21	99375	7494764	75.41
2000-2009	3	0.00009	0.00009	0.5	99365	9	99361	7395388	74.43
2000-2009	4	0.00009	0.00009	0.5	99356	8	99352	7296027	73.43
2000-2009	5	0.00011	0.00011	0.5	99348	11	99342	7196675	72.44
2000-2009	6	0.00014	0.00014	0.5	99337	14	99330	7097333	71.45
2000-2009	7	0.00008	0.00008	0.5	99323	8	99319	6998003	70.46
2000-2009	8	0.00000	0.00000	0.5	99315	0	99315	6898684	69.46
2000-2009	9	0.00008	0.00008	0.5	99315	8	99312	6799368	68.46
2000-2009	10	0.00026	0.00026	0.5	99308	26	99295	6700056	67.47
2000-2009	11	0.00009	0.00009	0.5	99282	9	99277	6600762	66.49
2000-2009	12	0.00025	0.00025	0.5	99272	25	99260	6501485	65.49
2000-2009	13	0.00020	0.00020	0.5	99248	20	99238	6402224	64.51
2000-2009	14	0.00018	0.00018	0.5	99228	17	99219	6302987	63.52
2000-2009	15	0.00034	0.00034	0.5	99210	34	99193	6203767	62.53
2000-2009	16	0.00054	0.00054	0.5	99176	53	99150	6104574	61.55
2000-2009	17	0.00083	0.00083	0.5	99123	82	99082	6005424	60.59
2000-2009	18	0.00084	0.00084	0.5	99041	83	99000	5906342	59.64
2000-2009	19	0.00070	0.00070	0.5	98958	69	98923	5807343	58.69
2000-2009	20	0.00087	0.00087	0.5	98889	86	98846	5708419	57.73
2000-2009	21	0.00106	0.00106	0.5	98803	105	98751	5609573	56.78
2000-2009	22	0.00104	0.00104	0.5	98699	102	98648	5510822	55.83
2000-2009	23	0.00134	0.00134	0.5	98597	132	98531	5412174	54.89
2000-2009	24	0.00144	0.00144	0.5	98465	142	98394	5313643	53.96
2000-2009	25	0.00132	0.00131	0.5	98323	129	98258	5215249	53.04
2000-2009	26	0.00125	0.00125	0.5	98194	123	98132	5116991	52.11
2000-2009	27	0.00115	0.00115	0.5	98071	113	98014	5018859	51.18
2000-2009	28	0.00110	0.00110	0.5	97958	108	97904	4920844	50.23
2000-2009	29	0.00135	0.00135	0.5	97850	132	97784	4822940	49.29
2000-2009	30	0.00122	0.00122	0.5	97719	119	97659	4725156	48.35
2000-2009	31	0.00123	0.00123	0.5	97600	120	97540	4627497	47.41
2000-2009	32	0.00114	0.00113	0.5	97480	111	97425	4529957	46.47
2000-2009	33	0.00102	0.00102	0.5	97369	100	97319	4432532	45.52
2000-2009	34	0.00136	0.00136	0.5	97270	132	97203	4335213	44.57
2000-2009	35	0.00133	0.00133	0.5	97137	129	97073	4238010	43.63
2000-2009	36	0.00152	0.00152	0.5	97008	148	96934	4140937	42.69
2000-2009	37	0.00121	0.00121	0.5	96860	117	96802	4044003	41.75
2000-2009	38	0.00120	0.00120	0.5	96743	116	96685	3947201	40.80
2000-2009	39	0.00183	0.00183	0.5	96628	177	96539	3850516	39.85
2000-2009	40	0.00213	0.00212	0.5	96451	205	96348	3753977	38.92
2000-2009	41	0.00188	0.00188	0.5	96246	181	96156	3657628	38.00
2000-2009	42	0.00252	0.00252	0.5	96065	242	95944	3561473	37.07
2000-2009	43	0.00236	0.00236	0.5	95823	226	95710	3465528	36.17
2000-2009	44	0.00252	0.00252	0.5	95597	241	95476	3369819	35.25
2000-2009	45	0.00236	0.00236	0.5	95356	225	95243	3274342	34.34
2000-2009	46	0.00276	0.00276	0.5	95131	262	95000	3179099	33.42
2000-2009	47	0.00342	0.00341	0.5	94869	324	94707	3084099	32.51
2000-2009	48	0.00352	0.00352	0.5	94545	332	94379	2989392	31.62
2000-2009	49	0.00371	0.00370	0.5	94213	349	94038	2895013	30.73
2000-2009	50	0.00380	0.00379	0.5	93864	356	93686	2800975	29.84
2000-2009	51	0.00463	0.00462	0.5	93508	432	93292	2707289	28.95
2000-2009	52	0.00464	0.00463	0.5	93076	431	92860	2613997	28.08
2000-2009	53	0.00546	0.00545	0.5	92645	505	92392	2521136	27.21
2000-2009	54	0.00477	0.00476	0.5	92140	438	91921	2428744	26.36
2000-2009	55	0.00562	0.00561	0.5	91702	514	91445	2336823	25.48
2000-2009	56	0.00583	0.00581	0.5	91188	530	90922	2245378	24.62
2000-2009	57	0.00691	0.00688	0.5	90657	624	90345	2154456	23.76
2000-2009	58	0.00689	0.00686	0.5	90033	618	89724	2064111	22.93
2000-2009	59	0.00833	0.00829	0.5	89415	742	89045	1974386	22.08
2000-2009	60	0.00956	0.00951	0.5	88674	844	88252	1885342	21.26
2000-2009	61	0.01025	0.01019	0.5	87830	895	87383	1797090	20.46
2000-2009	62	0.01047	0.01042	0.5	86935	906	86482	1709707	19.67
2000-2009	63	0.01312	0.01304	0.5	86029	1122	85468	1623225	18.87
2000-2009	64	0.01289	0.01281	0.5	84908	1087	84364	1537756	18.11
2000-2009	65	0.01425	0.01415	0.5	83820	1186	83227	1453392	17.34
2000-2009	66	0.01655	0.01641	0.5	82635	1356	81956	1370165	16.58
2000-2009	67	0.01830	0.01814	0.5	81278	1474	80541	1288209	15.85
2000-2009	68	0.02117	0.02095	0.5	79804	1672	78968	1207667	15.13
2000-2009	69	0.02097	0.02075	0.5	78132	1622	77321	1128699	14.45
2000-2009	70	0.02606	0.02573	0.5	76511	1969	75526	1051378	13.74
2000-2009	71	0.02724	0.02687	0.5	74542	2003	73541	975851	13.09
2000-2009	72	0.03325	0.03270	0.5	72539	2372	71353	902311	12.44
2000-2009	73	0.03419	0.03362	0.5	70167	2359	68987	830958	11.84
2000-2009	74	0.03927	0.03852	0.5	67808	2612	66502	761970	11.24
2000-2009	75	0.03933	0.03857	0.5	65196	2515	63939	695468	10.67
2000-2009	76	0.04249	0.04161	0.5	62682	2608	61378	631529	10.08
2000-2009	77	0.04806	0.04693	0.5	60074	2819	58664	570151	9.49
2000-2009	78	0.05789	0.05626	0.5	57254	3221	55644	511487	8.93
2000-2009	79	0.05919	0.05749	0.5	54033	3106	52480	455843	8.44
2000-2009	80	0.06319	0.06126	0.5	50927	3120	49367	403363	7.92
2000-2009	81	0.07115	0.06871	0.5	47807	3285	46165	353997	7.40
2000-2009	82	0.08003	0.07695	0.5	44522	3426	42809	307832	6.91
2000-2009	83	0.08991	0.08604	0.5	41096	3536	39328	265023	6.45
2000-2009	84	0.10087	0.09603	0.5	37560	3607	35757	225695	6.01
2000-2009	85	0.11301	0.10696	0.5	33953	3632	32137	189938	5.59
2000-2009	86	0.12640	0.11888	0.5	30321	3605	28519	157801	5.20
2000-2009	87	0.14112	0.13182	0.5	26717	3522	24956	129282	4.84
2000-2009	88	0.15725	0.14578	0.5	23195	3381	21504	104326	4.50
2000-2009	89	0.17484	0.16079	0.5	19814	3186	18221	82821	4.18
2000-2009	90	0.19395	0.17681	0.5	16628	2940	15158	64601	3.89
2000-2009	91	0.21461	0.19382	0.5	13688	2653	12361	49443	3.61
2000-2009	92	0.23682	0.21175	0.5	11035	2337	9867	37081	3.36
2000-2009	93	0.26057	0.23054	0.5	8698	2005	7696	27215	3.13
2000-2009	94	0.28581	0.25007	0.5	6693	1674	5856	19519	2.92
2000-2009	95	0.31246	0.27024	0.5	5019	1356	4341	13663	2.72
2000-2009	96	0.34041	0.29090	0.5	3663	1066	3130	9322	2.54
2000-2009	97	0.36952	0.31189	0.5	2597	810	2192	6192	2.38
2000-2009	98	0.39960	0.33306	0.5	1787	595	1490	3999	2.24
2000-2009	99	0.43047	0.35423	0.5	1192	422	981	2510	2.11
2000-2009	100	0.46188	0.37523	0.5	770	289	625	1529	1.99
2000-2009	101	0.49360	0.39589	0.5	481	190	386	903	1.88
2000-2009	102	0.52537	0.41608	0.5	291	121	230	518	1.78
2000-2009	103	0.55694	0.43563	0.5	170	74	133	288	1.70
2000-2009	104	0.58805	0.45444	0.5	96	44	74	155	1.62
2000-2009	105	0.61848	0.47240	0.5	52	25	40	81	1.55
2000-2009	106	0.64800	0.48943	0.5	28	13	21	41	1.49
2000-2009	107	0.67644	0.50548	0.5	14	7	11	20	1.43
2000-2009	108	0.70363	0.52051	0.5	7	4	5	10	1.39
2000-2009	109	0.72944	0.53450	0.5	3	2	2	5	1.35
2000-2009	110+	0.75380	1.00000	1.33	2	2	2	2	1.33
2010-2019	0	0.00513	0.00511	0.06	100000	511	99519	7747731	77.48
2010-2019	1	0.00029	0.00029	0.5	99489	29	99475	7648212	76.87
2010-2019	2	0.00048	0.00048	0.5	99460	47	99437	7548737	75.90
2010-2019	3	0.00025	0.00025	0.5	99413	25	99401	7449301	74.93
2010-2019	4	0.00006	0.00006	0.5	99388	6	99385	7349900	73.95
2010-2019	5	0.00021	0.00021	0.5	99382	21	99371	7250515	72.96
2010-2019	6	0.00015	0.00015	0.5	99361	15	99353	7151143	71.97
2010-2019	7	0.00012	0.00012	0.5	99346	12	99340	7051790	70.98
2010-2019	8	0.00009	0.00009	0.5	99334	9	99330	6952450	69.99
2010-2019	9	0.00000	0.00000	0.5	99326	0	99326	6853120	69.00
2010-2019	10	0.00017	0.00017	0.5	99326	17	99317	6753794	68.00
2010-2019	11	0.00014	0.00014	0.5	99309	14	99302	6654477	67.01
2010-2019	12	0.00014	0.00014	0.5	99295	14	99288	6555176	66.02
2010-2019	13	0.00011	0.00011	0.5	99281	11	99276	6455888	65.03
2010-2019	14	0.00021	0.00021	0.5	99270	21	99260	6356612	64.03
2010-2019	15	0.00053	0.00053	0.5	99249	53	99223	6257352	63.05
2010-2019	16	0.00054	0.00054	0.5	99196	54	99170	6158129	62.08
2010-2019	17	0.00060	0.00060	0.5	99143	60	99113	6058960	61.11
2010-2019	18	0.00055	0.00055	0.5	99083	54	99056	5959847	60.15
2010-2019	19	0.00054	0.00054	0.5	99029	54	99002	5860791	59.18
2010-2019	20	0.00078	0.00078	0.5	98975	77	98936	5761789	58.21
2010-2019	21	0.00095	0.00095	0.5	98898	93	98851	5662853	57.26
2010-2019	22	0.00112	0.00112	0.5	98804	111	98749	5564002	56.31
2010-2019	23	0.00139	0.00139	0.5	98693	137	98624	5465254	55.38
2010-2019	24	0.00117	0.00117	0.5	98556	115	98498	5366630	54.45
2010-2019	25	0.00151	0.00151	0.5	98440	149	98366	5268132	53.52
2010-2019	26	0.00156	0.00156	0.5	98292	154	98215	5169766	52.60
2010-2019	27	0.00148	0.00147	0.5	98138	145	98066	5071551	51.68
2010-2019	28	0.00159	0.00159	0.5	97993	156	97915	4973486	50.75
2010-2019	29	0.00176	0.00176	0.5	97838	172	97751	4875570	49.83
2010-2019	30	0.00160	0.00160	0.5	97665	156	97587	4777819	48.92
2010-2019	31	0.00148	0.00148	0.5	97509	144	97437	4680232	48.00
2010-2019	32	0.00192	0.00192	0.5	97365	187	97271	4582795	47.07
2010-2019	33	0.00220	0.00220	0.5	97178	214	97071	4485523	46.16
2010-2019	34	0.00151	0.00151	0.5	96964	146	96891	4388453	45.26
2010-2019	35	0.00245	0.00245	0.5	96818	237	96699	4291562	44.33
2010-2019	36	0.00193	0.00193	0.5	96580	186	96487	4194863	43.43
2010-2019	37	0.00201	0.00200	0.5	96394	193	96298	4098375	42.52
2010-2019	38	0.00190	0.00190	0.5	96201	183	96110	4002078	41.60
2010-2019	39	0.00196	0.00196	0.5	96018	188	95924	3905968	40.68
2010-2019	40	0.00188	0.00188	0.5	95830	180	95740	3810044	39.76
2010-2019	41	0.00212	0.00212	0.5	95650	202	95549	3714304	38.83
2010-2019	42	0.00235	0.00235	0.5	95448	224	95336	3618755	37.91
2010-2019	43	0.00232	0.00232	0.5	95224	221	95113	3523419	37.00
2010-2019	44	0.00228	0.00228	0.5	95003	217	94894	3428306	36.09
2010-2019	45	0.00296	0.00295	0.5	94786	280	94646	3333412	35.17
2010-2019	46	0.00290	0.00289	0.5	94506	273	94369	3238766	34.27
2010-2019	47	0.00360	0.00360	0.5	94233	339	94063	3144396	33.37
2010-2019	48	0.00362	0.00362	0.5	93894	340	93724	3050333	32.49
2010-2019	49	0.00418	0.00417	0.5	93554	390	93359	2956609	31.60
2010-2019	50	0.00376	0.00375	0.5	93164	349	92989	2863250	30.73
2010-2019	51	0.00451	0.00450	0.5	92814	417	92606	2770261	29.85
2010-2019	52	0.00547	0.00546	0.5	92397	504	92145	2677655	28.98
2010-2019	53	0.00496	0.00495	0.5	91893	455	91665	2585511	28.14
2010-2019	54	0.00603	0.00601	0.5	91438	550	91163	2493845	27.27
2010-2019	55	0.00683	0.00681	0.5	90888	619	90579	2402682	26.44
2010-2019	56	0.00719	0.00716	0.5	90270	646	89947	2312103	25.61
2010-2019	57	0.00697	0.00694	0.5	89623	622	89312	2222157	24.79
2010-2019	58	0.00775	0.00772	0.5	89001	687	88657	2132844	23.96
2010-2019	59	0.00843	0.00840	0.5	88314	742	87943	2044187	23.15
2010-2019	60	0.00963	0.00958	0.5	87572	839	87153	1956244	22.34
2010-2019	61	0.01000	0.00995	0.5	86733	863	86302	1869091	21.55
2010-2019	62	0.01080	0.01074	0.5	85870	922	85409	1782789	20.76
2010-2019	63	0.01039	0.01034	0.5	84948	878	84509	1697380	19.98
2010-2019	64	0.01230	0.01222	0.5	84070	1028	83556	1612871	19.18
2010-2019	65	0.01360	0.01351	0.5	83043	1122	82482	1529314	18.42
2010-2019	66	0.01451	0.01440	0.5	81920	1180	81330	1446833	17.66
2010-2019	67	0.01557	0.01545	0.5	80740	1247	80117	1365502	16.91
2010-2019	68	0.01870	0.01853	0.5	79493	1473	78757	1285386	16.17
2010-2019	69	0.01869	0.01851	0.5	78020	1444	77298	1206629	15.47
2010-2019	70	0.02000	0.01980	0.5	76576	1516	75818	1129331	14.75
2010-2019	71	0.02208	0.02184	0.5	75059	1639	74240	1053514	14.04
2010-2019	72	0.02502	0.02471	0.5	73420	1814	72513	979274	13.34
2010-2019	73	0.02704	0.02668	0.5	71606	1910	70651	906761	12.66
2010-2019	74	0.03112	0.03064	0.5	69696	2135	68628	836110	12.00
2010-2019	75	0.03543	0.03481	0.5	67561	2352	66385	767482	11.36
2010-2019	76	0.03559	0.03497	0.5	65209	2280	64069	701097	10.75
2010-2019	77	0.04265	0.04176	0.5	62928	2628	61614	637029	10.12
2010-2019	78	0.04476	0.04378	0.5	60300	2640	58981	575414	9.54
2010-2019	79	0.05305	0.05168	0.5	57661	2980	56171	516434	8.96
2010-2019	80	0.05410	0.05267	0.5	54681	2880	53241	460263	8.42
2010-2019	81	0.06147	0.05963	0.5	51801	3089	50256	407023	7.86
2010-2019	82	0.06977	0.06742	0.5	48711	3284	47070	356766	7.32
2010-2019	83	0.07910	0.07609	0.5	45428	3457	43699	309697	6.82
2010-2019	84	0.08955	0.08572	0.5	41971	3598	40172	265998	6.34
2010-2019	85	0.10124	0.09636	0.5	38373	3698	36525	225825	5.88
2010-2019	86	0.11426	0.10808	0.5	34676	3748	32802	189301	5.46
2010-2019	87	0.12871	0.12093	0.5	30928	3740	29058	156499	5.06
2010-2019	88	0.14470	0.13494	0.5	27188	3669	25353	127441	4.69
2010-2019	89	0.16230	0.15012	0.5	23519	3531	21754	102088	4.34
2010-2019	90	0.18158	0.16647	0.5	19989	3327	18325	80334	4.02
2010-2019	91	0.20261	0.18397	0.5	16661	3065	15128	62009	3.72
2010-2019	92	0.22539	0.20256	0.5	13596	2754	12219	46881	3.45
2010-2019	93	0.24994	0.22217	0.5	10842	2409	9637	34662	3.20
2010-2019	94	0.27621	0.24269	0.5	8433	2047	7410	25025	2.97
2010-2019	95	0.30411	0.26397	0.5	6386	1686	5544	17615	2.76
2010-2019	96	0.33354	0.28587	0.5	4701	1344	4029	12071	2.57
2010-2019	97	0.36432	0.30818	0.5	3357	1035	2840	8042	2.40
2010-2019	98	0.39626	0.33073	0.5	2322	768	1938	5203	2.24
2010-2019	99	0.42911	0.35330	0.5	1554	549	1280	3265	2.10
2010-2019	100	0.46259	0.37569	0.5	1005	378	816	1985	1.97
2010-2019	101	0.49641	0.39770	0.5	628	250	503	1169	1.86
2010-2019	102	0.53027	0.41914	0.5	378	158	299	666	1.76
2010-2019	103	0.56385	0.43985	0.5	220	97	171	367	1.67
2010-2019	104	0.59685	0.45967	0.5	123	57	95	196	1.59
2010-2019	105	0.62900	0.47851	0.5	66	32	51	101	1.52
2010-2019	106	0.66005	0.49627	0.5	35	17	26	51	1.46
2010-2019	107	0.68978	0.51289	0.5	17	9	13	25	1.41
2010-2019	108	0.71802	0.52834	0.5	9	4	6	12	1.36
2010-2019	109	0.74464	0.54262	0.5	4	2	3	5	1.32
2010-2019	110+	0.76956	1.00000	1.3	2	2	2	2	1.30
