AZ: Arizona, Lifetables (period 1x5), Males Last modified: 20 Dec 2020, MPv5 (May07) 

Year     	Age	mx	qx	ax	lx	dx	Lx	Tx	ex
1960-1964	0	0.03426	0.03327	0.14	100000	3327	97128	6552271	65.52
1960-1964	1	0.00302	0.00301	0.5	96673	291	96527	6455142	66.77
1960-1964	2	0.00177	0.00177	0.5	96382	171	96296	6358615	65.97
1960-1964	3	0.00119	0.00119	0.5	96211	114	96154	6262319	65.09
1960-1964	4	0.00093	0.00093	0.5	96096	90	96052	6166165	64.17
1960-1964	5	0.00075	0.00075	0.5	96007	72	95971	6070114	63.23
1960-1964	6	0.00063	0.00063	0.5	95935	61	95904	5974143	62.27
1960-1964	7	0.00063	0.00063	0.5	95874	61	95843	5878239	61.31
1960-1964	8	0.00043	0.00043	0.5	95813	41	95793	5782395	60.35
1960-1964	9	0.00060	0.00060	0.5	95772	57	95744	5686603	59.38
1960-1964	10	0.00042	0.00042	0.5	95715	41	95695	5590859	58.41
1960-1964	11	0.00049	0.00049	0.5	95674	47	95651	5495164	57.44
1960-1964	12	0.00061	0.00061	0.5	95627	58	95598	5399513	56.46
1960-1964	13	0.00068	0.00068	0.5	95569	65	95537	5303915	55.50
1960-1964	14	0.00074	0.00074	0.5	95504	71	95469	5208378	54.54
1960-1964	15	0.00097	0.00097	0.5	95433	93	95387	5112909	53.58
1960-1964	16	0.00146	0.00146	0.5	95341	139	95271	5017522	52.63
1960-1964	17	0.00174	0.00174	0.5	95202	165	95119	4922251	51.70
1960-1964	18	0.00172	0.00172	0.5	95036	163	94955	4827132	50.79
1960-1964	19	0.00231	0.00231	0.5	94873	219	94764	4732178	49.88
1960-1964	20	0.00259	0.00258	0.5	94654	245	94532	4637414	48.99
1960-1964	21	0.00212	0.00212	0.5	94409	200	94309	4542883	48.12
1960-1964	22	0.00269	0.00268	0.5	94209	253	94083	4448573	47.22
1960-1964	23	0.00260	0.00259	0.5	93956	244	93834	4354491	46.35
1960-1964	24	0.00214	0.00214	0.5	93712	201	93612	4260657	45.47
1960-1964	25	0.00216	0.00216	0.5	93512	202	93411	4167044	44.56
1960-1964	26	0.00203	0.00203	0.5	93310	189	93215	4073633	43.66
1960-1964	27	0.00231	0.00230	0.5	93121	215	93013	3980418	42.74
1960-1964	28	0.00255	0.00255	0.5	92906	236	92788	3887404	41.84
1960-1964	29	0.00289	0.00289	0.5	92670	268	92536	3794616	40.95
1960-1964	30	0.00285	0.00285	0.5	92402	263	92271	3702080	40.06
1960-1964	31	0.00218	0.00217	0.5	92139	200	92039	3609810	39.18
1960-1964	32	0.00270	0.00270	0.5	91939	248	91815	3517771	38.26
1960-1964	33	0.00279	0.00279	0.5	91691	256	91563	3425957	37.36
1960-1964	34	0.00331	0.00330	0.5	91435	302	91284	3334394	36.47
1960-1964	35	0.00256	0.00255	0.5	91132	233	91016	3243110	35.59
1960-1964	36	0.00369	0.00368	0.5	90900	335	90732	3152094	34.68
1960-1964	37	0.00353	0.00353	0.5	90565	319	90405	3061362	33.80
1960-1964	38	0.00390	0.00389	0.5	90246	351	90070	2970956	32.92
1960-1964	39	0.00335	0.00334	0.5	89895	301	89744	2880886	32.05
1960-1964	40	0.00443	0.00442	0.5	89594	396	89396	2791142	31.15
1960-1964	41	0.00440	0.00439	0.5	89198	392	89002	2701746	30.29
1960-1964	42	0.00553	0.00551	0.5	88806	489	88562	2612744	29.42
1960-1964	43	0.00582	0.00580	0.5	88317	512	88061	2524182	28.58
1960-1964	44	0.00637	0.00635	0.5	87805	557	87526	2436122	27.74
1960-1964	45	0.00708	0.00706	0.5	87247	616	86939	2348596	26.92
1960-1964	46	0.00717	0.00714	0.5	86632	619	86322	2261656	26.11
1960-1964	47	0.00839	0.00836	0.5	86013	719	85654	2175334	25.29
1960-1964	48	0.00830	0.00827	0.5	85294	705	84942	2089680	24.50
1960-1964	49	0.00987	0.00983	0.5	84589	831	84173	2004738	23.70
1960-1964	50	0.01177	0.01170	0.5	83758	980	83268	1920565	22.93
1960-1964	51	0.01209	0.01202	0.5	82778	995	82281	1837297	22.20
1960-1964	52	0.01311	0.01302	0.5	81783	1065	81251	1755016	21.46
1960-1964	53	0.01310	0.01302	0.5	80718	1051	80193	1673765	20.74
1960-1964	54	0.01560	0.01548	0.5	79668	1233	79051	1593572	20.00
1960-1964	55	0.01671	0.01657	0.5	78435	1300	77785	1514521	19.31
1960-1964	56	0.01778	0.01762	0.5	77135	1359	76456	1436736	18.63
1960-1964	57	0.02040	0.02020	0.5	75776	1531	75011	1360280	17.95
1960-1964	58	0.02118	0.02096	0.5	74245	1556	73467	1285270	17.31
1960-1964	59	0.02273	0.02247	0.5	72689	1633	71872	1211803	16.67
1960-1964	60	0.02501	0.02471	0.5	71055	1755	70178	1139931	16.04
1960-1964	61	0.02570	0.02537	0.5	69300	1758	68421	1069753	15.44
1960-1964	62	0.02904	0.02862	0.5	67542	1933	66575	1001332	14.83
1960-1964	63	0.03122	0.03074	0.5	65609	2017	64600	934757	14.25
1960-1964	64	0.03438	0.03380	0.5	63592	2149	62517	870156	13.68
1960-1964	65	0.03700	0.03633	0.5	61443	2232	60327	807639	13.14
1960-1964	66	0.04131	0.04048	0.5	59210	2397	58012	747312	12.62
1960-1964	67	0.04493	0.04394	0.5	56814	2496	55566	689300	12.13
1960-1964	68	0.04506	0.04407	0.5	54318	2394	53121	633735	11.67
1960-1964	69	0.04907	0.04789	0.5	51924	2487	50681	580614	11.18
1960-1964	70	0.05142	0.05013	0.5	49437	2478	48198	529933	10.72
1960-1964	71	0.05508	0.05360	0.5	46959	2517	45700	481735	10.26
1960-1964	72	0.06033	0.05856	0.5	44442	2603	43141	436035	9.81
1960-1964	73	0.06092	0.05912	0.5	41839	2474	40602	392894	9.39
1960-1964	74	0.06736	0.06516	0.5	39365	2565	38083	352292	8.95
1960-1964	75	0.07765	0.07474	0.5	36800	2751	35425	314209	8.54
1960-1964	76	0.07020	0.06782	0.5	34050	2309	32895	278784	8.19
1960-1964	77	0.08344	0.08010	0.5	31741	2542	30469	245889	7.75
1960-1964	78	0.09134	0.08735	0.5	29198	2550	27923	215419	7.38
1960-1964	79	0.09506	0.09074	0.5	26648	2418	25439	187496	7.04
1960-1964	80	0.10231	0.09733	0.5	24230	2358	23051	162057	6.69
1960-1964	81	0.11010	0.10435	0.5	21872	2282	20730	139007	6.36
1960-1964	82	0.11840	0.11178	0.5	19589	2190	18494	118276	6.04
1960-1964	83	0.12724	0.11963	0.5	17399	2081	16359	99782	5.73
1960-1964	84	0.13664	0.12790	0.5	15318	1959	14338	83423	5.45
1960-1964	85	0.14662	0.13660	0.5	13359	1825	12446	69085	5.17
1960-1964	86	0.15719	0.14573	0.5	11534	1681	10694	56639	4.91
1960-1964	87	0.16837	0.15530	0.5	9853	1530	9088	45945	4.66
1960-1964	88	0.18018	0.16529	0.5	8323	1376	7635	36857	4.43
1960-1964	89	0.19263	0.17570	0.5	6947	1221	6337	29222	4.21
1960-1964	90	0.20572	0.18653	0.5	5727	1068	5192	22885	4.00
1960-1964	91	0.21946	0.19776	0.5	4658	921	4198	17693	3.80
1960-1964	92	0.23384	0.20936	0.5	3737	782	3346	13495	3.61
1960-1964	93	0.24887	0.22133	0.5	2955	654	2628	10149	3.43
1960-1964	94	0.26453	0.23363	0.5	2301	538	2032	7521	3.27
1960-1964	95	0.28081	0.24623	0.5	1763	434	1546	5489	3.11
1960-1964	96	0.29768	0.25911	0.5	1329	344	1157	3943	2.97
1960-1964	97	0.31512	0.27223	0.5	985	268	851	2786	2.83
1960-1964	98	0.33310	0.28554	0.5	717	205	614	1935	2.70
1960-1964	99	0.35158	0.29902	0.5	512	153	435	1321	2.58
1960-1964	100	0.37052	0.31260	0.5	359	112	303	886	2.47
1960-1964	101	0.38986	0.32626	0.5	247	80	206	583	2.36
1960-1964	102	0.40955	0.33994	0.5	166	57	138	376	2.26
1960-1964	103	0.42954	0.35360	0.5	110	39	90	238	2.17
1960-1964	104	0.44976	0.36719	0.5	71	26	58	148	2.09
1960-1964	105	0.47015	0.38067	0.5	45	17	36	90	2.01
1960-1964	106	0.49064	0.39399	0.5	28	11	22	54	1.94
1960-1964	107	0.51116	0.40711	0.5	17	7	13	32	1.88
1960-1964	108	0.53164	0.42000	0.5	10	4	8	18	1.82
1960-1964	109	0.55202	0.43261	0.5	6	3	5	10	1.78
1960-1964	110+	0.57222	1.00000	1.75	3	3	6	6	1.75
1965-1969	0	0.02745	0.02680	0.12	100000	2680	97638	6656764	66.57
1965-1969	1	0.00276	0.00275	0.5	97320	268	97186	6559126	67.40
1965-1969	2	0.00141	0.00141	0.5	97052	137	96984	6461940	66.58
1965-1969	3	0.00112	0.00112	0.5	96915	109	96861	6364956	65.68
1965-1969	4	0.00071	0.00071	0.5	96806	69	96772	6268095	64.75
1965-1969	5	0.00075	0.00075	0.5	96738	72	96702	6171323	63.79
1965-1969	6	0.00059	0.00059	0.5	96666	57	96637	6074622	62.84
1965-1969	7	0.00053	0.00053	0.5	96609	52	96583	5977984	61.88
1965-1969	8	0.00049	0.00049	0.5	96557	48	96533	5881402	60.91
1965-1969	9	0.00065	0.00065	0.5	96509	62	96478	5784868	59.94
1965-1969	10	0.00044	0.00044	0.5	96447	42	96426	5688390	58.98
1965-1969	11	0.00045	0.00045	0.5	96405	43	96383	5591964	58.01
1965-1969	12	0.00042	0.00042	0.5	96361	41	96341	5495581	57.03
1965-1969	13	0.00067	0.00067	0.5	96321	65	96288	5399240	56.05
1965-1969	14	0.00077	0.00077	0.5	96256	74	96219	5302952	55.09
1965-1969	15	0.00084	0.00084	0.5	96182	81	96142	5206733	54.13
1965-1969	16	0.00133	0.00133	0.5	96101	128	96037	5110591	53.18
1965-1969	17	0.00170	0.00170	0.5	95973	163	95892	5014554	52.25
1965-1969	18	0.00167	0.00167	0.5	95810	160	95730	4918662	51.34
1965-1969	19	0.00205	0.00205	0.5	95650	196	95552	4822932	50.42
1965-1969	20	0.00235	0.00235	0.5	95454	224	95342	4727380	49.53
1965-1969	21	0.00245	0.00244	0.5	95230	233	95113	4632038	48.64
1965-1969	22	0.00258	0.00257	0.5	94997	244	94875	4536925	47.76
1965-1969	23	0.00250	0.00250	0.5	94753	237	94634	4442050	46.88
1965-1969	24	0.00222	0.00222	0.5	94516	210	94411	4347416	46.00
1965-1969	25	0.00261	0.00261	0.5	94306	246	94183	4253004	45.10
1965-1969	26	0.00236	0.00235	0.5	94060	221	93950	4158821	44.21
1965-1969	27	0.00228	0.00228	0.5	93839	214	93732	4064871	43.32
1965-1969	28	0.00243	0.00242	0.5	93625	227	93511	3971140	42.42
1965-1969	29	0.00248	0.00248	0.5	93398	232	93282	3877628	41.52
1965-1969	30	0.00278	0.00277	0.5	93166	258	93037	3784346	40.62
1965-1969	31	0.00226	0.00226	0.5	92908	210	92803	3691309	39.73
1965-1969	32	0.00280	0.00279	0.5	92699	259	92569	3598505	38.82
1965-1969	33	0.00278	0.00278	0.5	92440	257	92311	3505936	37.93
1965-1969	34	0.00223	0.00223	0.5	92183	205	92080	3413625	37.03
1965-1969	35	0.00282	0.00281	0.5	91977	259	91848	3321545	36.11
1965-1969	36	0.00254	0.00254	0.5	91719	233	91602	3229697	35.21
1965-1969	37	0.00372	0.00371	0.5	91486	340	91316	3138095	34.30
1965-1969	38	0.00379	0.00378	0.5	91146	345	90974	3046779	33.43
1965-1969	39	0.00347	0.00347	0.5	90801	315	90644	2955806	32.55
1965-1969	40	0.00385	0.00385	0.5	90487	348	90313	2865162	31.66
1965-1969	41	0.00396	0.00396	0.5	90139	357	89960	2774849	30.78
1965-1969	42	0.00472	0.00471	0.5	89782	423	89571	2684889	29.90
1965-1969	43	0.00568	0.00566	0.5	89359	506	89106	2595318	29.04
1965-1969	44	0.00654	0.00652	0.5	88853	579	88564	2506212	28.21
1965-1969	45	0.00573	0.00571	0.5	88274	504	88022	2417648	27.39
1965-1969	46	0.00681	0.00679	0.5	87770	596	87473	2329626	26.54
1965-1969	47	0.00821	0.00818	0.5	87175	713	86818	2242153	25.72
1965-1969	48	0.00833	0.00830	0.5	86462	717	86103	2155335	24.93
1965-1969	49	0.00923	0.00919	0.5	85744	788	85350	2069232	24.13
1965-1969	50	0.00983	0.00978	0.5	84956	831	84541	1983882	23.35
1965-1969	51	0.01179	0.01172	0.5	84125	986	83632	1899341	22.58
1965-1969	52	0.01198	0.01191	0.5	83139	990	82644	1815709	21.84
1965-1969	53	0.01351	0.01342	0.5	82150	1102	81598	1733064	21.10
1965-1969	54	0.01502	0.01491	0.5	81047	1208	80443	1651466	20.38
1965-1969	55	0.01663	0.01650	0.5	79839	1317	79180	1571023	19.68
1965-1969	56	0.01689	0.01675	0.5	78522	1315	77864	1491843	19.00
1965-1969	57	0.01781	0.01765	0.5	77207	1363	76525	1413978	18.31
1965-1969	58	0.01962	0.01943	0.5	75844	1474	75107	1337453	17.63
1965-1969	59	0.02232	0.02207	0.5	74370	1641	73549	1262346	16.97
1965-1969	60	0.02357	0.02330	0.5	72729	1694	71881	1188797	16.35
1965-1969	61	0.02518	0.02486	0.5	71034	1766	70151	1116915	15.72
1965-1969	62	0.02770	0.02732	0.5	69268	1893	68322	1046764	15.11
1965-1969	63	0.02846	0.02806	0.5	67375	1890	66430	978443	14.52
1965-1969	64	0.03090	0.03043	0.5	65485	1992	64489	912012	13.93
1965-1969	65	0.03551	0.03489	0.5	63493	2215	62385	847524	13.35
1965-1969	66	0.03672	0.03606	0.5	61277	2210	60173	785139	12.81
1965-1969	67	0.03834	0.03762	0.5	59068	2222	57957	724966	12.27
1965-1969	68	0.04475	0.04378	0.5	56846	2488	55602	667009	11.73
1965-1969	69	0.04607	0.04504	0.5	54357	2448	53133	611407	11.25
1965-1969	70	0.05192	0.05060	0.5	51909	2627	50596	558274	10.75
1965-1969	71	0.05410	0.05267	0.5	49283	2596	47985	507678	10.30
1965-1969	72	0.06114	0.05933	0.5	46687	2770	45302	459693	9.85
1965-1969	73	0.06255	0.06065	0.5	43917	2664	42585	414391	9.44
1965-1969	74	0.06656	0.06441	0.5	41253	2657	39925	371806	9.01
1965-1969	75	0.07368	0.07107	0.5	38596	2743	37224	331882	8.60
1965-1969	76	0.07826	0.07532	0.5	35853	2700	34503	294657	8.22
1965-1969	77	0.08787	0.08417	0.5	33153	2790	31758	260154	7.85
1965-1969	78	0.08773	0.08405	0.5	30362	2552	29086	228397	7.52
1965-1969	79	0.09319	0.08904	0.5	27811	2476	26572	199310	7.17
1965-1969	80	0.09745	0.09292	0.5	25334	2354	24157	172738	6.82
1965-1969	81	0.10535	0.10008	0.5	22980	2300	21830	148580	6.47
1965-1969	82	0.11382	0.10769	0.5	20680	2227	19567	126750	6.13
1965-1969	83	0.12288	0.11577	0.5	18453	2136	17385	107183	5.81
1965-1969	84	0.13255	0.12431	0.5	16317	2028	15303	89798	5.50
1965-1969	85	0.14285	0.13333	0.5	14289	1905	13336	74495	5.21
1965-1969	86	0.15382	0.14283	0.5	12383	1769	11499	61159	4.94
1965-1969	87	0.16546	0.15282	0.5	10615	1622	9804	49660	4.68
1965-1969	88	0.17781	0.16329	0.5	8993	1468	8258	39856	4.43
1965-1969	89	0.19086	0.17423	0.5	7524	1311	6869	31598	4.20
1965-1969	90	0.20463	0.18563	0.5	6213	1153	5637	24729	3.98
1965-1969	91	0.21912	0.19748	0.5	5060	999	4560	19093	3.77
1965-1969	92	0.23434	0.20976	0.5	4061	852	3635	14533	3.58
1965-1969	93	0.25028	0.22244	0.5	3209	714	2852	10898	3.40
1965-1969	94	0.26692	0.23549	0.5	2495	588	2201	8046	3.22
1965-1969	95	0.28425	0.24888	0.5	1908	475	1670	5845	3.06
1965-1969	96	0.30224	0.26256	0.5	1433	376	1245	4174	2.91
1965-1969	97	0.32086	0.27650	0.5	1057	292	911	2930	2.77
1965-1969	98	0.34007	0.29065	0.5	764	222	653	2019	2.64
1965-1969	99	0.35982	0.30495	0.5	542	165	460	1366	2.52
1965-1969	100	0.38005	0.31936	0.5	377	120	317	906	2.40
1965-1969	101	0.40071	0.33383	0.5	257	86	214	590	2.30
1965-1969	102	0.42173	0.34829	0.5	171	60	141	376	2.20
1965-1969	103	0.44304	0.36270	0.5	111	40	91	235	2.11
1965-1969	104	0.46456	0.37699	0.5	71	27	58	144	2.02
1965-1969	105	0.48621	0.39113	0.5	44	17	36	86	1.95
1965-1969	106	0.50791	0.40505	0.5	27	11	21	50	1.88
1965-1969	107	0.52959	0.41871	0.5	16	7	13	29	1.81
1965-1969	108	0.55115	0.43208	0.5	9	4	7	16	1.76
1965-1969	109	0.57252	0.44511	0.5	5	2	4	9	1.71
1965-1969	110+	0.59363	1.00000	1.68	3	3	5	5	1.68
1970-1974	0	0.01902	0.01870	0.1	100000	1870	98310	6765054	67.65
1970-1974	1	0.00175	0.00175	0.5	98130	171	98044	6666744	67.94
1970-1974	2	0.00131	0.00130	0.5	97959	128	97895	6568700	67.06
1970-1974	3	0.00116	0.00116	0.5	97831	114	97774	6470806	66.14
1970-1974	4	0.00073	0.00073	0.5	97717	71	97681	6373032	65.22
1970-1974	5	0.00074	0.00074	0.5	97646	72	97610	6275350	64.27
1970-1974	6	0.00062	0.00062	0.5	97574	61	97544	6177740	63.31
1970-1974	7	0.00052	0.00052	0.5	97513	50	97488	6080197	62.35
1970-1974	8	0.00041	0.00040	0.5	97463	39	97443	5982709	61.38
1970-1974	9	0.00044	0.00044	0.5	97424	43	97402	5885265	60.41
1970-1974	10	0.00054	0.00054	0.5	97381	52	97355	5787863	59.44
1970-1974	11	0.00050	0.00050	0.5	97329	48	97304	5690508	58.47
1970-1974	12	0.00045	0.00045	0.5	97280	43	97259	5593204	57.50
1970-1974	13	0.00072	0.00072	0.5	97237	70	97202	5495945	56.52
1970-1974	14	0.00068	0.00068	0.5	97167	66	97134	5398743	55.56
1970-1974	15	0.00111	0.00111	0.5	97101	107	97047	5301609	54.60
1970-1974	16	0.00163	0.00163	0.5	96993	158	96914	5204562	53.66
1970-1974	17	0.00192	0.00192	0.5	96835	186	96742	5107648	52.75
1970-1974	18	0.00239	0.00238	0.5	96649	230	96534	5010906	51.85
1970-1974	19	0.00320	0.00319	0.5	96419	308	96265	4914372	50.97
1970-1974	20	0.00313	0.00312	0.5	96111	300	95961	4818107	50.13
1970-1974	21	0.00249	0.00248	0.5	95810	238	95691	4722146	49.29
1970-1974	22	0.00304	0.00304	0.5	95572	290	95427	4626455	48.41
1970-1974	23	0.00309	0.00309	0.5	95282	294	95135	4531027	47.55
1970-1974	24	0.00239	0.00238	0.5	94988	226	94875	4435892	46.70
1970-1974	25	0.00288	0.00288	0.5	94761	272	94625	4341018	45.81
1970-1974	26	0.00239	0.00239	0.5	94489	226	94376	4246392	44.94
1970-1974	27	0.00243	0.00243	0.5	94263	229	94149	4152016	44.05
1970-1974	28	0.00231	0.00231	0.5	94034	217	93926	4057868	43.15
1970-1974	29	0.00257	0.00257	0.5	93817	241	93697	3963942	42.25
1970-1974	30	0.00254	0.00254	0.5	93576	238	93457	3870245	41.36
1970-1974	31	0.00263	0.00263	0.5	93338	245	93216	3776788	40.46
1970-1974	32	0.00251	0.00251	0.5	93093	233	92977	3683572	39.57
1970-1974	33	0.00302	0.00301	0.5	92860	280	92720	3590596	38.67
1970-1974	34	0.00301	0.00301	0.5	92580	278	92441	3497876	37.78
1970-1974	35	0.00310	0.00309	0.5	92302	285	92159	3405435	36.89
1970-1974	36	0.00287	0.00287	0.5	92017	264	91885	3313276	36.01
1970-1974	37	0.00333	0.00332	0.5	91752	305	91600	3221391	35.11
1970-1974	38	0.00339	0.00338	0.5	91448	309	91293	3129791	34.22
1970-1974	39	0.00389	0.00388	0.5	91139	354	90962	3038498	33.34
1970-1974	40	0.00417	0.00417	0.5	90785	378	90596	2947536	32.47
1970-1974	41	0.00470	0.00469	0.5	90407	424	90194	2856940	31.60
1970-1974	42	0.00469	0.00468	0.5	89982	421	89772	2766746	30.75
1970-1974	43	0.00478	0.00477	0.5	89561	427	89347	2676974	29.89
1970-1974	44	0.00632	0.00630	0.5	89134	561	88853	2587627	29.03
1970-1974	45	0.00633	0.00631	0.5	88572	559	88293	2498774	28.21
1970-1974	46	0.00735	0.00733	0.5	88014	645	87691	2410481	27.39
1970-1974	47	0.00720	0.00717	0.5	87369	627	87056	2322790	26.59
1970-1974	48	0.00830	0.00827	0.5	86742	717	86384	2235734	25.77
1970-1974	49	0.00865	0.00861	0.5	86025	741	85654	2149351	24.99
1970-1974	50	0.00915	0.00910	0.5	85284	776	84896	2063696	24.20
1970-1974	51	0.01061	0.01055	0.5	84508	892	84062	1978801	23.42
1970-1974	52	0.01059	0.01054	0.5	83616	881	83175	1894739	22.66
1970-1974	53	0.01146	0.01140	0.5	82735	943	82263	1811564	21.90
1970-1974	54	0.01451	0.01440	0.5	81792	1178	81203	1729301	21.14
1970-1974	55	0.01550	0.01538	0.5	80613	1240	79993	1648098	20.44
1970-1974	56	0.01620	0.01607	0.5	79373	1275	78736	1568105	19.76
1970-1974	57	0.01766	0.01751	0.5	78098	1367	77414	1489369	19.07
1970-1974	58	0.01809	0.01793	0.5	76731	1376	76043	1411955	18.40
1970-1974	59	0.02092	0.02070	0.5	75355	1560	74575	1335912	17.73
1970-1974	60	0.02265	0.02240	0.5	73795	1653	72969	1261337	17.09
1970-1974	61	0.02423	0.02394	0.5	72142	1727	71278	1188368	16.47
1970-1974	62	0.02508	0.02477	0.5	70415	1744	69543	1117090	15.86
1970-1974	63	0.02784	0.02746	0.5	68671	1886	67728	1047547	15.25
1970-1974	64	0.02899	0.02857	0.5	66785	1908	65831	979819	14.67
1970-1974	65	0.03050	0.03004	0.5	64877	1949	63902	913988	14.09
1970-1974	66	0.03357	0.03301	0.5	62928	2078	61889	850085	13.51
1970-1974	67	0.03626	0.03562	0.5	60850	2167	59767	788196	12.95
1970-1974	68	0.03687	0.03620	0.5	58683	2125	57621	728430	12.41
1970-1974	69	0.04189	0.04104	0.5	56559	2321	55398	670809	11.86
1970-1974	70	0.04281	0.04191	0.5	54238	2273	53101	615411	11.35
1970-1974	71	0.04748	0.04637	0.5	51964	2410	50759	562310	10.82
1970-1974	72	0.05382	0.05241	0.5	49554	2597	48256	511550	10.32
1970-1974	73	0.05522	0.05374	0.5	46957	2523	45696	463294	9.87
1970-1974	74	0.06000	0.05825	0.5	44434	2588	43140	417599	9.40
1970-1974	75	0.06567	0.06358	0.5	41846	2661	40516	374459	8.95
1970-1974	76	0.07230	0.06978	0.5	39185	2734	37818	333943	8.52
1970-1974	77	0.07529	0.07255	0.5	36451	2645	35129	296125	8.12
1970-1974	78	0.08480	0.08135	0.5	33806	2750	32431	260996	7.72
1970-1974	79	0.09274	0.08863	0.5	31056	2753	29680	228565	7.36
1970-1974	80	0.09319	0.08904	0.5	28303	2520	27043	198885	7.03
1970-1974	81	0.10079	0.09595	0.5	25783	2474	24546	171842	6.66
1970-1974	82	0.10893	0.10330	0.5	23309	2408	22105	147296	6.32
1970-1974	83	0.11765	0.11111	0.5	20902	2322	19740	125190	5.99
1970-1974	84	0.12696	0.11938	0.5	18579	2218	17470	105450	5.68
1970-1974	85	0.13690	0.12813	0.5	16361	2096	15313	87980	5.38
1970-1974	86	0.14748	0.13735	0.5	14265	1959	13285	72667	5.09
1970-1974	87	0.15873	0.14706	0.5	12306	1810	11401	59381	4.83
1970-1974	88	0.17067	0.15725	0.5	10496	1650	9671	47981	4.57
1970-1974	89	0.18331	0.16792	0.5	8845	1485	8103	38310	4.33
1970-1974	90	0.19666	0.17906	0.5	7360	1318	6701	30207	4.10
1970-1974	91	0.21074	0.19065	0.5	6042	1152	5466	23506	3.89
1970-1974	92	0.22554	0.20268	0.5	4890	991	4395	18040	3.69
1970-1974	93	0.24106	0.21513	0.5	3899	839	3480	13645	3.50
1970-1974	94	0.25730	0.22797	0.5	3060	698	2711	10166	3.32
1970-1974	95	0.27423	0.24116	0.5	2363	570	2078	7454	3.15
1970-1974	96	0.29184	0.25468	0.5	1793	457	1565	5376	3.00
1970-1974	97	0.31010	0.26847	0.5	1336	359	1157	3812	2.85
1970-1974	98	0.32897	0.28250	0.5	977	276	839	2655	2.72
1970-1974	99	0.34841	0.29672	0.5	701	208	597	1815	2.59
1970-1974	100	0.36837	0.31107	0.5	493	153	417	1218	2.47
1970-1974	101	0.38878	0.32551	0.5	340	111	285	802	2.36
1970-1974	102	0.40960	0.33997	0.5	229	78	190	517	2.26
1970-1974	103	0.43074	0.35441	0.5	151	54	124	327	2.16
1970-1974	104	0.45214	0.36877	0.5	98	36	80	202	2.07
1970-1974	105	0.47372	0.38300	0.5	62	24	50	123	1.99
1970-1974	106	0.49540	0.39705	0.5	38	15	30	73	1.92
1970-1974	107	0.51709	0.41087	0.5	23	9	18	42	1.85
1970-1974	108	0.53872	0.42441	0.5	14	6	11	24	1.79
1970-1974	109	0.56021	0.43763	0.5	8	3	6	14	1.75
1970-1974	110+	0.58147	1.00000	1.72	4	4	8	8	1.72
1975-1979	0	0.01632	0.01608	0.09	100000	1608	98534	6987711	69.88
1975-1979	1	0.00181	0.00181	0.5	98392	178	98303	6889177	70.02
1975-1979	2	0.00104	0.00104	0.5	98214	102	98163	6790874	69.14
1975-1979	3	0.00094	0.00094	0.5	98112	92	98066	6692711	68.22
1975-1979	4	0.00054	0.00054	0.5	98019	53	97993	6594646	67.28
1975-1979	5	0.00067	0.00067	0.5	97966	66	97934	6496653	66.32
1975-1979	6	0.00050	0.00050	0.5	97901	49	97876	6398719	65.36
1975-1979	7	0.00041	0.00041	0.5	97852	40	97832	6300843	64.39
1975-1979	8	0.00047	0.00047	0.5	97811	46	97788	6203011	63.42
1975-1979	9	0.00032	0.00032	0.5	97765	32	97749	6105223	62.45
1975-1979	10	0.00050	0.00050	0.5	97734	48	97709	6007474	61.47
1975-1979	11	0.00041	0.00041	0.5	97685	40	97665	5909764	60.50
1975-1979	12	0.00045	0.00045	0.5	97645	44	97623	5812099	59.52
1975-1979	13	0.00065	0.00065	0.5	97601	64	97569	5714476	58.55
1975-1979	14	0.00080	0.00080	0.5	97537	78	97498	5616907	57.59
1975-1979	15	0.00096	0.00096	0.5	97459	93	97412	5519409	56.63
1975-1979	16	0.00139	0.00139	0.5	97366	135	97298	5421997	55.69
1975-1979	17	0.00171	0.00171	0.5	97231	166	97148	5324698	54.76
1975-1979	18	0.00229	0.00229	0.5	97065	222	96954	5227551	53.86
1975-1979	19	0.00258	0.00258	0.5	96843	249	96718	5130597	52.98
1975-1979	20	0.00264	0.00264	0.5	96593	255	96466	5033879	52.11
1975-1979	21	0.00242	0.00242	0.5	96339	233	96222	4937413	51.25
1975-1979	22	0.00254	0.00253	0.5	96105	244	95984	4841191	50.37
1975-1979	23	0.00268	0.00267	0.5	95862	256	95734	4745208	49.50
1975-1979	24	0.00274	0.00274	0.5	95606	262	95475	4649474	48.63
1975-1979	25	0.00250	0.00250	0.5	95344	239	95224	4553999	47.76
1975-1979	26	0.00237	0.00237	0.5	95105	225	94993	4458775	46.88
1975-1979	27	0.00216	0.00216	0.5	94880	205	94778	4363783	45.99
1975-1979	28	0.00241	0.00240	0.5	94675	228	94561	4269005	45.09
1975-1979	29	0.00234	0.00233	0.5	94447	220	94337	4174444	44.20
1975-1979	30	0.00239	0.00239	0.5	94227	225	94115	4080106	43.30
1975-1979	31	0.00237	0.00236	0.5	94002	222	93891	3985992	42.40
1975-1979	32	0.00227	0.00227	0.5	93780	213	93674	3892101	41.50
1975-1979	33	0.00242	0.00241	0.5	93567	226	93454	3798427	40.60
1975-1979	34	0.00232	0.00232	0.5	93341	216	93233	3704973	39.69
1975-1979	35	0.00256	0.00256	0.5	93125	238	93006	3611740	38.78
1975-1979	36	0.00289	0.00289	0.5	92887	268	92753	3518734	37.88
1975-1979	37	0.00262	0.00262	0.5	92619	242	92497	3425981	36.99
1975-1979	38	0.00321	0.00320	0.5	92376	296	92228	3333484	36.09
1975-1979	39	0.00340	0.00340	0.5	92080	313	91924	3241255	35.20
1975-1979	40	0.00365	0.00365	0.5	91767	335	91600	3149331	34.32
1975-1979	41	0.00367	0.00366	0.5	91433	335	91265	3057731	33.44
1975-1979	42	0.00415	0.00414	0.5	91098	378	90909	2966466	32.56
1975-1979	43	0.00403	0.00402	0.5	90721	365	90538	2875556	31.70
1975-1979	44	0.00452	0.00451	0.5	90356	408	90152	2785018	30.82
1975-1979	45	0.00515	0.00514	0.5	89948	462	89717	2694866	29.96
1975-1979	46	0.00533	0.00531	0.5	89486	475	89248	2605149	29.11
1975-1979	47	0.00563	0.00561	0.5	89010	499	88761	2515901	28.27
1975-1979	48	0.00637	0.00635	0.5	88511	562	88230	2427141	27.42
1975-1979	49	0.00732	0.00729	0.5	87949	641	87628	2338911	26.59
1975-1979	50	0.00784	0.00781	0.5	87308	682	86967	2251282	25.79
1975-1979	51	0.00921	0.00917	0.5	86626	795	86229	2164315	24.98
1975-1979	52	0.00935	0.00931	0.5	85831	799	85432	2078087	24.21
1975-1979	53	0.01042	0.01037	0.5	85032	882	84591	1992655	23.43
1975-1979	54	0.01136	0.01130	0.5	84151	951	83675	1908063	22.67
1975-1979	55	0.01232	0.01224	0.5	83200	1019	82690	1824388	21.93
1975-1979	56	0.01281	0.01273	0.5	82181	1046	81658	1741698	21.19
1975-1979	57	0.01372	0.01363	0.5	81135	1106	80582	1660040	20.46
1975-1979	58	0.01558	0.01546	0.5	80029	1237	79411	1579457	19.74
1975-1979	59	0.01542	0.01531	0.5	78792	1206	78189	1500047	19.04
1975-1979	60	0.01680	0.01666	0.5	77586	1293	76940	1421857	18.33
1975-1979	61	0.01959	0.01940	0.5	76293	1480	75554	1344918	17.63
1975-1979	62	0.02146	0.02124	0.5	74814	1589	74019	1269364	16.97
1975-1979	63	0.02408	0.02380	0.5	73225	1743	72354	1195345	16.32
1975-1979	64	0.02508	0.02477	0.5	71482	1771	70597	1122991	15.71
1975-1979	65	0.02477	0.02447	0.5	69712	1706	68859	1052394	15.10
1975-1979	66	0.02803	0.02764	0.5	68006	1880	67066	983536	14.46
1975-1979	67	0.03119	0.03071	0.5	66126	2031	65111	916470	13.86
1975-1979	68	0.03247	0.03195	0.5	64095	2048	63071	851359	13.28
1975-1979	69	0.03592	0.03528	0.5	62047	2189	60953	788288	12.70
1975-1979	70	0.03897	0.03822	0.5	59858	2288	58714	727335	12.15
1975-1979	71	0.04165	0.04080	0.5	57570	2349	56396	668621	11.61
1975-1979	72	0.04414	0.04319	0.5	55221	2385	54029	612225	11.09
1975-1979	73	0.04513	0.04413	0.5	52836	2332	51670	558197	10.56
1975-1979	74	0.05072	0.04946	0.5	50504	2498	49255	506526	10.03
1975-1979	75	0.05685	0.05528	0.5	48006	2654	46680	457271	9.53
1975-1979	76	0.05664	0.05508	0.5	45353	2498	44104	410591	9.05
1975-1979	77	0.06555	0.06347	0.5	42855	2720	41495	366488	8.55
1975-1979	78	0.07791	0.07499	0.5	40135	3010	38630	324993	8.10
1975-1979	79	0.07855	0.07558	0.5	37125	2806	35722	286363	7.71
1975-1979	80	0.08743	0.08377	0.5	34319	2875	32882	250640	7.30
1975-1979	81	0.09523	0.09090	0.5	31444	2858	30015	217759	6.93
1975-1979	82	0.10298	0.09793	0.5	28586	2800	27186	187744	6.57
1975-1979	83	0.11128	0.10541	0.5	25786	2718	24427	160558	6.23
1975-1979	84	0.12016	0.11335	0.5	23068	2615	21761	136130	5.90
1975-1979	85	0.12964	0.12175	0.5	20453	2490	19208	114370	5.59
1975-1979	86	0.13975	0.13063	0.5	17963	2346	16790	95161	5.30
1975-1979	87	0.15052	0.13999	0.5	15617	2186	14524	78371	5.02
1975-1979	88	0.16196	0.14983	0.5	13431	2012	12425	63848	4.75
1975-1979	89	0.17409	0.16015	0.5	11418	1829	10504	51423	4.50
1975-1979	90	0.18693	0.17095	0.5	9590	1639	8770	40919	4.27
1975-1979	91	0.20048	0.18222	0.5	7950	1449	7226	32149	4.04
1975-1979	92	0.21476	0.19394	0.5	6502	1261	5871	24923	3.83
1975-1979	93	0.22976	0.20609	0.5	5241	1080	4701	19052	3.64
1975-1979	94	0.24549	0.21865	0.5	4161	910	3706	14351	3.45
1975-1979	95	0.26192	0.23159	0.5	3251	753	2875	10645	3.27
1975-1979	96	0.27904	0.24488	0.5	2498	612	2192	7771	3.11
1975-1979	97	0.29684	0.25847	0.5	1886	488	1643	5579	2.96
1975-1979	98	0.31527	0.27234	0.5	1399	381	1208	3936	2.81
1975-1979	99	0.33430	0.28643	0.5	1018	292	872	2728	2.68
1975-1979	100	0.35389	0.30069	0.5	726	218	617	1856	2.56
1975-1979	101	0.37398	0.31507	0.5	508	160	428	1239	2.44
1975-1979	102	0.39452	0.32952	0.5	348	115	291	811	2.33
1975-1979	103	0.41544	0.34398	0.5	233	80	193	520	2.23
1975-1979	104	0.43666	0.35841	0.5	153	55	126	327	2.14
1975-1979	105	0.45812	0.37274	0.5	98	37	80	201	2.05
1975-1979	106	0.47974	0.38692	0.5	62	24	50	122	1.97
1975-1979	107	0.50143	0.40091	0.5	38	15	30	72	1.90
1975-1979	108	0.52311	0.41466	0.5	23	9	18	42	1.84
1975-1979	109	0.54471	0.42811	0.5	13	6	10	24	1.80
1975-1979	110+	0.56615	1.00000	1.77	8	8	13	13	1.77
1980-1984	0	0.01206	0.01193	0.08	100000	1193	98900	7132385	71.32
1980-1984	1	0.00132	0.00132	0.5	98807	130	98742	7033486	71.18
1980-1984	2	0.00101	0.00101	0.5	98677	100	98628	6934743	70.28
1980-1984	3	0.00059	0.00059	0.5	98578	58	98549	6836116	69.35
1980-1984	4	0.00060	0.00060	0.5	98520	59	98491	6737567	68.39
1980-1984	5	0.00048	0.00048	0.5	98461	47	98438	6639076	67.43
1980-1984	6	0.00043	0.00043	0.5	98414	42	98393	6540639	66.46
1980-1984	7	0.00044	0.00044	0.5	98372	43	98350	6442246	65.49
1980-1984	8	0.00047	0.00047	0.5	98329	46	98306	6343895	64.52
1980-1984	9	0.00034	0.00034	0.5	98283	33	98266	6245589	63.55
1980-1984	10	0.00042	0.00041	0.5	98249	41	98229	6147323	62.57
1980-1984	11	0.00034	0.00034	0.5	98209	33	98192	6049094	61.59
1980-1984	12	0.00029	0.00029	0.5	98176	29	98161	5950902	60.61
1980-1984	13	0.00037	0.00037	0.5	98147	36	98129	5852741	59.63
1980-1984	14	0.00065	0.00064	0.5	98111	63	98079	5754612	58.65
1980-1984	15	0.00083	0.00083	0.5	98048	81	98007	5656532	57.69
1980-1984	16	0.00118	0.00118	0.5	97967	116	97909	5558525	56.74
1980-1984	17	0.00145	0.00145	0.5	97851	142	97780	5460616	55.81
1980-1984	18	0.00182	0.00182	0.5	97709	178	97621	5362836	54.89
1980-1984	19	0.00206	0.00206	0.5	97532	201	97431	5265215	53.98
1980-1984	20	0.00191	0.00191	0.5	97331	186	97238	5167784	53.09
1980-1984	21	0.00213	0.00213	0.5	97146	207	97042	5070545	52.20
1980-1984	22	0.00202	0.00202	0.5	96939	196	96841	4973503	51.31
1980-1984	23	0.00214	0.00214	0.5	96743	207	96639	4876663	50.41
1980-1984	24	0.00186	0.00186	0.5	96536	179	96446	4780023	49.52
1980-1984	25	0.00192	0.00192	0.5	96357	185	96264	4683577	48.61
1980-1984	26	0.00186	0.00186	0.5	96172	179	96082	4587313	47.70
1980-1984	27	0.00191	0.00191	0.5	95993	183	95901	4491231	46.79
1980-1984	28	0.00219	0.00219	0.5	95809	210	95705	4395329	45.88
1980-1984	29	0.00191	0.00191	0.5	95600	182	95508	4299625	44.98
1980-1984	30	0.00184	0.00184	0.5	95417	176	95329	4204117	44.06
1980-1984	31	0.00197	0.00197	0.5	95242	188	95148	4108787	43.14
1980-1984	32	0.00192	0.00192	0.5	95054	183	94962	4013640	42.22
1980-1984	33	0.00206	0.00206	0.5	94871	195	94773	3918677	41.31
1980-1984	34	0.00219	0.00219	0.5	94676	207	94572	3823904	40.39
1980-1984	35	0.00203	0.00203	0.5	94469	192	94373	3729331	39.48
1980-1984	36	0.00248	0.00248	0.5	94277	234	94160	3634959	38.56
1980-1984	37	0.00234	0.00234	0.5	94043	220	93933	3540799	37.65
1980-1984	38	0.00257	0.00257	0.5	93823	241	93702	3446866	36.74
1980-1984	39	0.00253	0.00252	0.5	93582	236	93464	3353164	35.83
1980-1984	40	0.00300	0.00300	0.5	93346	280	93206	3259700	34.92
1980-1984	41	0.00319	0.00318	0.5	93066	296	92918	3166494	34.02
1980-1984	42	0.00318	0.00318	0.5	92770	295	92622	3073576	33.13
1980-1984	43	0.00354	0.00353	0.5	92475	327	92312	2980954	32.24
1980-1984	44	0.00327	0.00326	0.5	92148	301	91998	2888642	31.35
1980-1984	45	0.00441	0.00440	0.5	91848	404	91646	2796644	30.45
1980-1984	46	0.00520	0.00519	0.5	91444	475	91207	2704998	29.58
1980-1984	47	0.00552	0.00551	0.5	90969	501	90719	2613791	28.73
1980-1984	48	0.00562	0.00560	0.5	90468	507	90215	2523073	27.89
1980-1984	49	0.00607	0.00605	0.5	89962	544	89689	2432858	27.04
1980-1984	50	0.00633	0.00631	0.5	89417	564	89135	2343168	26.20
1980-1984	51	0.00797	0.00794	0.5	88853	705	88501	2254033	25.37
1980-1984	52	0.00850	0.00846	0.5	88148	746	87775	2165532	24.57
1980-1984	53	0.00883	0.00879	0.5	87402	769	87018	2077757	23.77
1980-1984	54	0.01048	0.01043	0.5	86633	904	86182	1990739	22.98
1980-1984	55	0.01120	0.01114	0.5	85730	955	85252	1904558	22.22
1980-1984	56	0.01228	0.01220	0.5	84775	1035	84258	1819305	21.46
1980-1984	57	0.01347	0.01338	0.5	83740	1120	83180	1735048	20.72
1980-1984	58	0.01488	0.01477	0.5	82620	1220	82010	1651867	19.99
1980-1984	59	0.01660	0.01646	0.5	81400	1340	80730	1569857	19.29
1980-1984	60	0.01647	0.01633	0.5	80060	1308	79406	1489127	18.60
1980-1984	61	0.01785	0.01769	0.5	78752	1393	78056	1409721	17.90
1980-1984	62	0.01983	0.01963	0.5	77359	1519	76600	1331665	17.21
1980-1984	63	0.02159	0.02136	0.5	75841	1620	75031	1255065	16.55
1980-1984	64	0.02229	0.02204	0.5	74221	1636	73403	1180034	15.90
1980-1984	65	0.02439	0.02410	0.5	72585	1749	71710	1106632	15.25
1980-1984	66	0.02615	0.02582	0.5	70835	1829	69921	1034922	14.61
1980-1984	67	0.02825	0.02786	0.5	69007	1922	68046	965001	13.98
1980-1984	68	0.03120	0.03072	0.5	67084	2061	66054	896955	13.37
1980-1984	69	0.03395	0.03339	0.5	65023	2171	63938	830901	12.78
1980-1984	70	0.03602	0.03538	0.5	62852	2224	61740	766964	12.20
1980-1984	71	0.04006	0.03927	0.5	60628	2381	59438	705223	11.63
1980-1984	72	0.04057	0.03977	0.5	58247	2316	57089	645785	11.09
1980-1984	73	0.04714	0.04605	0.5	55931	2576	54643	588696	10.53
1980-1984	74	0.05084	0.04958	0.5	53355	2645	52033	534053	10.01
1980-1984	75	0.05439	0.05295	0.5	50710	2685	49368	482020	9.51
1980-1984	76	0.05924	0.05754	0.5	48025	2763	46643	432653	9.01
1980-1984	77	0.06538	0.06331	0.5	45262	2866	43829	386010	8.53
1980-1984	78	0.06769	0.06547	0.5	42396	2776	41008	342181	8.07
1980-1984	79	0.07676	0.07392	0.5	39620	2929	38156	301173	7.60
1980-1984	80	0.08753	0.08386	0.5	36691	3077	35153	263017	7.17
1980-1984	81	0.09533	0.09099	0.5	33614	3059	32085	227864	6.78
1980-1984	82	0.10374	0.09862	0.5	30556	3014	29049	195779	6.41
1980-1984	83	0.11280	0.10678	0.5	27542	2941	26072	166729	6.05
1980-1984	84	0.12255	0.11547	0.5	24601	2841	23181	140658	5.72
1980-1984	85	0.13301	0.12471	0.5	21761	2714	20404	117476	5.40
1980-1984	86	0.14422	0.13452	0.5	19047	2562	17766	97073	5.10
1980-1984	87	0.15620	0.14488	0.5	16485	2388	15291	79307	4.81
1980-1984	88	0.16898	0.15581	0.5	14096	2196	12998	64016	4.54
1980-1984	89	0.18258	0.16731	0.5	11900	1991	10905	51018	4.29
1980-1984	90	0.19701	0.17935	0.5	9909	1777	9020	40114	4.05
1980-1984	91	0.21230	0.19192	0.5	8132	1561	7352	31093	3.82
1980-1984	92	0.22842	0.20501	0.5	6571	1347	5898	23742	3.61
1980-1984	93	0.24540	0.21858	0.5	5224	1142	4653	17844	3.42
1980-1984	94	0.26320	0.23259	0.5	4082	949	3607	13191	3.23
1980-1984	95	0.28181	0.24701	0.5	3133	774	2746	9583	3.06
1980-1984	96	0.30120	0.26178	0.5	2359	618	2050	6838	2.90
1980-1984	97	0.32133	0.27685	0.5	1741	482	1500	4787	2.75
1980-1984	98	0.34214	0.29216	0.5	1259	368	1075	3287	2.61
1980-1984	99	0.36359	0.30766	0.5	891	274	754	2212	2.48
1980-1984	100	0.38558	0.32326	0.5	617	199	517	1458	2.36
1980-1984	101	0.40806	0.33891	0.5	418	142	347	940	2.25
1980-1984	102	0.43092	0.35453	0.5	276	98	227	593	2.15
1980-1984	103	0.45408	0.37006	0.5	178	66	145	366	2.05
1980-1984	104	0.47745	0.38543	0.5	112	43	91	221	1.97
1980-1984	105	0.50091	0.40058	0.5	69	28	55	130	1.89
1980-1984	106	0.52437	0.41545	0.5	41	17	33	75	1.82
1980-1984	107	0.54772	0.42997	0.5	24	10	19	42	1.75
1980-1984	108	0.57086	0.44410	0.5	14	6	11	23	1.70
1980-1984	109	0.59370	0.45780	0.5	8	4	6	13	1.65
1980-1984	110+	0.61614	1.00000	1.62	4	4	7	7	1.62
1985-1989	0	0.01125	0.01113	0.08	100000	1113	98970	7202964	72.03
1985-1989	1	0.00131	0.00130	0.5	98887	129	98822	7103994	71.84
1985-1989	2	0.00088	0.00088	0.5	98758	87	98714	7005172	70.93
1985-1989	3	0.00062	0.00062	0.5	98671	62	98640	6906457	69.99
1985-1989	4	0.00050	0.00050	0.5	98609	49	98585	6807817	69.04
1985-1989	5	0.00038	0.00038	0.5	98561	38	98542	6709232	68.07
1985-1989	6	0.00039	0.00039	0.5	98523	38	98503	6610691	67.10
1985-1989	7	0.00025	0.00025	0.5	98484	24	98472	6512187	66.12
1985-1989	8	0.00037	0.00037	0.5	98460	37	98442	6413715	65.14
1985-1989	9	0.00029	0.00029	0.5	98423	28	98409	6315273	64.16
1985-1989	10	0.00031	0.00031	0.5	98395	30	98380	6216864	63.18
1985-1989	11	0.00028	0.00028	0.5	98365	28	98351	6118484	62.20
1985-1989	12	0.00035	0.00035	0.5	98337	34	98320	6020133	61.22
1985-1989	13	0.00047	0.00047	0.5	98303	46	98280	5921813	60.24
1985-1989	14	0.00057	0.00057	0.5	98257	56	98229	5823533	59.27
1985-1989	15	0.00070	0.00069	0.5	98202	68	98168	5725303	58.30
1985-1989	16	0.00128	0.00128	0.5	98133	126	98071	5627136	57.34
1985-1989	17	0.00150	0.00150	0.5	98008	147	97934	5529065	56.41
1985-1989	18	0.00177	0.00177	0.5	97861	173	97774	5431131	55.50
1985-1989	19	0.00189	0.00189	0.5	97687	184	97595	5333357	54.60
1985-1989	20	0.00176	0.00176	0.5	97503	171	97417	5235762	53.70
1985-1989	21	0.00185	0.00185	0.5	97332	180	97242	5138345	52.79
1985-1989	22	0.00204	0.00204	0.5	97151	198	97052	5041103	51.89
1985-1989	23	0.00204	0.00203	0.5	96953	197	96855	4944050	50.99
1985-1989	24	0.00205	0.00205	0.5	96756	198	96657	4847196	50.10
1985-1989	25	0.00181	0.00180	0.5	96558	174	96471	4750538	49.20
1985-1989	26	0.00188	0.00188	0.5	96384	181	96293	4654067	48.29
1985-1989	27	0.00184	0.00183	0.5	96203	176	96114	4557774	47.38
1985-1989	28	0.00207	0.00207	0.5	96026	198	95927	4461660	46.46
1985-1989	29	0.00202	0.00202	0.5	95828	193	95731	4365733	45.56
1985-1989	30	0.00204	0.00204	0.5	95634	195	95537	4270002	44.65
1985-1989	31	0.00224	0.00223	0.5	95440	213	95333	4174465	43.74
1985-1989	32	0.00214	0.00214	0.5	95227	204	95125	4079132	42.84
1985-1989	33	0.00228	0.00227	0.5	95023	216	94915	3984007	41.93
1985-1989	34	0.00223	0.00223	0.5	94807	211	94701	3889092	41.02
1985-1989	35	0.00279	0.00279	0.5	94596	264	94464	3794391	40.11
1985-1989	36	0.00248	0.00248	0.5	94332	234	94215	3699926	39.22
1985-1989	37	0.00251	0.00251	0.5	94098	236	93980	3605711	38.32
1985-1989	38	0.00311	0.00310	0.5	93862	291	93716	3511731	37.41
1985-1989	39	0.00268	0.00267	0.5	93571	250	93446	3418015	36.53
1985-1989	40	0.00275	0.00275	0.5	93321	256	93193	3324569	35.63
1985-1989	41	0.00337	0.00336	0.5	93065	313	92908	3231376	34.72
1985-1989	42	0.00347	0.00347	0.5	92752	322	92591	3138468	33.84
1985-1989	43	0.00329	0.00329	0.5	92430	304	92278	3045877	32.95
1985-1989	44	0.00369	0.00368	0.5	92127	339	91957	2953598	32.06
1985-1989	45	0.00420	0.00419	0.5	91787	384	91595	2861642	31.18
1985-1989	46	0.00474	0.00473	0.5	91403	432	91187	2770046	30.31
1985-1989	47	0.00467	0.00466	0.5	90971	424	90759	2678860	29.45
1985-1989	48	0.00565	0.00564	0.5	90547	510	90291	2588101	28.58
1985-1989	49	0.00576	0.00575	0.5	90036	517	89777	2497810	27.74
1985-1989	50	0.00641	0.00639	0.5	89519	572	89233	2408032	26.90
1985-1989	51	0.00710	0.00707	0.5	88946	629	88632	2318800	26.07
1985-1989	52	0.00812	0.00808	0.5	88317	714	87960	2230168	25.25
1985-1989	53	0.00819	0.00816	0.5	87603	715	87246	2142207	24.45
1985-1989	54	0.00899	0.00895	0.5	86889	777	86500	2054961	23.65
1985-1989	55	0.01013	0.01008	0.5	86111	868	85677	1968461	22.86
1985-1989	56	0.01059	0.01053	0.5	85243	898	84794	1882784	22.09
1985-1989	57	0.01181	0.01174	0.5	84346	990	83851	1797989	21.32
1985-1989	58	0.01349	0.01340	0.5	83356	1117	82797	1714139	20.56
1985-1989	59	0.01390	0.01380	0.5	82239	1135	81672	1631342	19.84
1985-1989	60	0.01459	0.01449	0.5	81104	1175	80517	1549670	19.11
1985-1989	61	0.01730	0.01715	0.5	79929	1371	79244	1469154	18.38
1985-1989	62	0.01803	0.01787	0.5	78558	1404	77856	1389910	17.69
1985-1989	63	0.01975	0.01956	0.5	77154	1509	76400	1312054	17.01
1985-1989	64	0.02141	0.02118	0.5	75645	1602	74844	1235654	16.33
1985-1989	65	0.02370	0.02343	0.5	74043	1735	73176	1160810	15.68
1985-1989	66	0.02519	0.02488	0.5	72308	1799	71409	1087634	15.04
1985-1989	67	0.02475	0.02445	0.5	70510	1724	69648	1016225	14.41
1985-1989	68	0.02841	0.02801	0.5	68786	1927	67823	946577	13.76
1985-1989	69	0.02978	0.02935	0.5	66859	1962	65878	878754	13.14
1985-1989	70	0.03240	0.03188	0.5	64897	2069	63863	812876	12.53
1985-1989	71	0.03848	0.03775	0.5	62828	2372	61642	749013	11.92
1985-1989	72	0.04123	0.04040	0.5	60456	2442	59235	687371	11.37
1985-1989	73	0.04481	0.04383	0.5	58014	2543	56743	628136	10.83
1985-1989	74	0.04527	0.04427	0.5	55471	2456	54243	571394	10.30
1985-1989	75	0.05165	0.05035	0.5	53016	2669	51681	517150	9.75
1985-1989	76	0.05362	0.05222	0.5	50346	2629	49032	465469	9.25
1985-1989	77	0.06163	0.05979	0.5	47717	2853	46291	416438	8.73
1985-1989	78	0.06979	0.06743	0.5	44864	3025	43351	370147	8.25
1985-1989	79	0.07295	0.07038	0.5	41839	2945	40366	326795	7.81
1985-1989	80	0.08243	0.07917	0.5	38894	3079	37355	286429	7.36
1985-1989	81	0.09010	0.08622	0.5	35815	3088	34271	249074	6.95
1985-1989	82	0.09845	0.09383	0.5	32727	3071	31192	214804	6.56
1985-1989	83	0.10749	0.10201	0.5	29656	3025	28144	183612	6.19
1985-1989	84	0.11724	0.11075	0.5	26631	2949	25156	155469	5.84
1985-1989	85	0.12775	0.12008	0.5	23682	2844	22260	130312	5.50
1985-1989	86	0.13906	0.13002	0.5	20838	2709	19483	108052	5.19
1985-1989	87	0.15119	0.14057	0.5	18129	2548	16854	88569	4.89
1985-1989	88	0.16418	0.15173	0.5	15580	2364	14398	71715	4.60
1985-1989	89	0.17806	0.16350	0.5	13216	2161	12136	57317	4.34
1985-1989	90	0.19283	0.17587	0.5	11055	1944	10083	45181	4.09
1985-1989	91	0.20852	0.18883	0.5	9111	1720	8251	35098	3.85
1985-1989	92	0.22513	0.20235	0.5	7391	1496	6643	26847	3.63
1985-1989	93	0.24266	0.21640	0.5	5895	1276	5257	20204	3.43
1985-1989	94	0.26109	0.23094	0.5	4619	1067	4086	14947	3.24
1985-1989	95	0.28040	0.24592	0.5	3553	874	3116	10861	3.06
1985-1989	96	0.30056	0.26130	0.5	2679	700	2329	7745	2.89
1985-1989	97	0.32153	0.27700	0.5	1979	548	1705	5416	2.74
1985-1989	98	0.34323	0.29296	0.5	1431	419	1221	3711	2.59
1985-1989	99	0.36562	0.30911	0.5	1012	313	855	2490	2.46
1985-1989	100	0.38860	0.32538	0.5	699	227	585	1635	2.34
1985-1989	101	0.41208	0.34168	0.5	472	161	391	1050	2.23
1985-1989	102	0.43598	0.35795	0.5	310	111	255	659	2.12
1985-1989	103	0.46017	0.37410	0.5	199	75	162	404	2.03
1985-1989	104	0.48455	0.39005	0.5	125	49	100	242	1.94
1985-1989	105	0.50901	0.40574	0.5	76	31	61	141	1.86
1985-1989	106	0.53342	0.42111	0.5	45	19	36	81	1.79
1985-1989	107	0.55768	0.43608	0.5	26	11	20	45	1.72
1985-1989	108	0.58166	0.45061	0.5	15	7	11	25	1.66
1985-1989	109	0.60526	0.46465	0.5	8	4	6	13	1.62
1985-1989	110+	0.62838	1.00000	1.59	4	4	7	7	1.59
1990-1994	0	0.00992	0.00983	0.07	100000	983	99087	7269924	72.70
1990-1994	1	0.00095	0.00095	0.5	99017	94	98970	7170836	72.42
1990-1994	2	0.00065	0.00065	0.5	98923	64	98891	7071866	71.49
1990-1994	3	0.00037	0.00037	0.5	98859	36	98841	6972975	70.53
1990-1994	4	0.00043	0.00043	0.5	98823	42	98802	6874135	69.56
1990-1994	5	0.00031	0.00031	0.5	98780	31	98765	6775333	68.59
1990-1994	6	0.00020	0.00020	0.5	98749	19	98740	6676568	67.61
1990-1994	7	0.00027	0.00027	0.5	98730	27	98717	6577828	66.62
1990-1994	8	0.00025	0.00025	0.5	98703	24	98691	6479112	65.64
1990-1994	9	0.00022	0.00022	0.5	98679	22	98668	6380421	64.66
1990-1994	10	0.00032	0.00032	0.5	98657	32	98641	6281753	63.67
1990-1994	11	0.00029	0.00029	0.5	98625	29	98611	6183112	62.69
1990-1994	12	0.00039	0.00039	0.5	98597	39	98577	6084501	61.71
1990-1994	13	0.00045	0.00045	0.5	98558	44	98536	5985924	60.74
1990-1994	14	0.00049	0.00049	0.5	98514	48	98490	5887388	59.76
1990-1994	15	0.00075	0.00075	0.5	98465	74	98429	5788899	58.79
1990-1994	16	0.00125	0.00125	0.5	98392	123	98330	5690470	57.83
1990-1994	17	0.00156	0.00156	0.5	98269	153	98192	5592140	56.91
1990-1994	18	0.00173	0.00173	0.5	98116	170	98031	5493947	55.99
1990-1994	19	0.00173	0.00173	0.5	97946	170	97861	5395916	55.09
1990-1994	20	0.00180	0.00180	0.5	97776	176	97688	5298055	54.19
1990-1994	21	0.00179	0.00178	0.5	97601	174	97513	5200367	53.28
1990-1994	22	0.00186	0.00186	0.5	97426	181	97336	5102853	52.38
1990-1994	23	0.00186	0.00186	0.5	97245	181	97155	5005517	51.47
1990-1994	24	0.00170	0.00170	0.5	97064	165	96982	4908363	50.57
1990-1994	25	0.00195	0.00195	0.5	96899	189	96805	4811381	49.65
1990-1994	26	0.00177	0.00177	0.5	96710	171	96625	4714576	48.75
1990-1994	27	0.00174	0.00174	0.5	96539	168	96455	4617951	47.83
1990-1994	28	0.00215	0.00215	0.5	96371	207	96268	4521496	46.92
1990-1994	29	0.00202	0.00202	0.5	96165	194	96067	4425228	46.02
1990-1994	30	0.00207	0.00206	0.5	95970	198	95871	4329160	45.11
1990-1994	31	0.00211	0.00210	0.5	95772	202	95672	4233289	44.20
1990-1994	32	0.00253	0.00253	0.5	95571	242	95450	4137618	43.29
1990-1994	33	0.00241	0.00241	0.5	95329	230	95214	4042168	42.40
1990-1994	34	0.00249	0.00249	0.5	95100	236	94981	3946953	41.50
1990-1994	35	0.00267	0.00266	0.5	94863	253	94737	3851972	40.61
1990-1994	36	0.00274	0.00273	0.5	94611	259	94481	3757235	39.71
1990-1994	37	0.00309	0.00308	0.5	94352	291	94207	3662753	38.82
1990-1994	38	0.00307	0.00306	0.5	94061	288	93917	3568547	37.94
1990-1994	39	0.00285	0.00285	0.5	93773	267	93640	3474630	37.05
1990-1994	40	0.00322	0.00321	0.5	93506	300	93356	3380990	36.16
1990-1994	41	0.00344	0.00343	0.5	93206	320	93046	3287634	35.27
1990-1994	42	0.00378	0.00377	0.5	92886	350	92711	3194588	34.39
1990-1994	43	0.00408	0.00408	0.5	92536	377	92347	3101878	33.52
1990-1994	44	0.00392	0.00392	0.5	92159	361	91978	3009531	32.66
1990-1994	45	0.00441	0.00440	0.5	91798	404	91596	2917552	31.78
1990-1994	46	0.00461	0.00460	0.5	91394	420	91183	2825957	30.92
1990-1994	47	0.00501	0.00500	0.5	90973	455	90746	2734773	30.06
1990-1994	48	0.00560	0.00558	0.5	90519	505	90266	2644027	29.21
1990-1994	49	0.00546	0.00545	0.5	90014	490	89769	2553761	28.37
1990-1994	50	0.00586	0.00585	0.5	89523	523	89262	2463993	27.52
1990-1994	51	0.00666	0.00664	0.5	89000	591	88704	2374731	26.68
1990-1994	52	0.00692	0.00690	0.5	88409	610	88104	2286026	25.86
1990-1994	53	0.00838	0.00835	0.5	87799	733	87433	2197922	25.03
1990-1994	54	0.00834	0.00831	0.5	87066	723	86705	2110489	24.24
1990-1994	55	0.00871	0.00867	0.5	86343	749	85969	2023785	23.44
1990-1994	56	0.01066	0.01060	0.5	85594	908	85140	1937816	22.64
1990-1994	57	0.01124	0.01118	0.5	84687	947	84213	1852676	21.88
1990-1994	58	0.01310	0.01302	0.5	83740	1090	83195	1768462	21.12
1990-1994	59	0.01322	0.01313	0.5	82650	1085	82107	1685267	20.39
1990-1994	60	0.01435	0.01425	0.5	81565	1162	80984	1603160	19.66
1990-1994	61	0.01646	0.01633	0.5	80403	1313	79746	1522176	18.93
1990-1994	62	0.01771	0.01756	0.5	79090	1388	78395	1442430	18.24
1990-1994	63	0.01808	0.01792	0.5	77701	1392	77005	1364035	17.55
1990-1994	64	0.02007	0.01987	0.5	76309	1516	75551	1287030	16.87
1990-1994	65	0.02067	0.02046	0.5	74792	1530	74028	1211479	16.20
1990-1994	66	0.02312	0.02286	0.5	73263	1675	72425	1137452	15.53
1990-1994	67	0.02496	0.02465	0.5	71588	1765	70706	1065026	14.88
1990-1994	68	0.02652	0.02618	0.5	69823	1828	68910	994321	14.24
1990-1994	69	0.02903	0.02862	0.5	67996	1946	67023	925411	13.61
1990-1994	70	0.03031	0.02986	0.5	66050	1972	65064	858388	13.00
1990-1994	71	0.03342	0.03287	0.5	64078	2106	63025	793324	12.38
1990-1994	72	0.03545	0.03483	0.5	61972	2158	60892	730300	11.78
1990-1994	73	0.04028	0.03948	0.5	59813	2362	58632	669407	11.19
1990-1994	74	0.04325	0.04234	0.5	57452	2432	56235	610775	10.63
1990-1994	75	0.04534	0.04433	0.5	55019	2439	53800	554539	10.08
1990-1994	76	0.05179	0.05048	0.5	52580	2654	51253	500740	9.52
1990-1994	77	0.05393	0.05251	0.5	49926	2622	48615	449487	9.00
1990-1994	78	0.05859	0.05692	0.5	47304	2693	45958	400872	8.47
1990-1994	79	0.06260	0.06070	0.5	44612	2708	43258	354914	7.96
1990-1994	80	0.07771	0.07481	0.5	41904	3135	40337	311657	7.44
1990-1994	81	0.08581	0.08228	0.5	38769	3190	37174	271320	7.00
1990-1994	82	0.09455	0.09028	0.5	35579	3212	33973	234146	6.58
1990-1994	83	0.10409	0.09894	0.5	32367	3202	30766	200172	6.18
1990-1994	84	0.11446	0.10827	0.5	29165	3158	27586	169406	5.81
1990-1994	85	0.12573	0.11829	0.5	26007	3076	24469	141820	5.45
1990-1994	86	0.13793	0.12903	0.5	22931	2959	21452	117351	5.12
1990-1994	87	0.15110	0.14049	0.5	19972	2806	18569	95900	4.80
1990-1994	88	0.16530	0.15268	0.5	17166	2621	15856	77330	4.50
1990-1994	89	0.18055	0.16560	0.5	14545	2409	13341	61474	4.23
1990-1994	90	0.19687	0.17923	0.5	12137	2175	11049	48133	3.97
1990-1994	91	0.21428	0.19355	0.5	9961	1928	8997	37084	3.72
1990-1994	92	0.23279	0.20852	0.5	8033	1675	7196	28087	3.50
1990-1994	93	0.25238	0.22410	0.5	6358	1425	5646	20891	3.29
1990-1994	94	0.27303	0.24023	0.5	4933	1185	4341	15245	3.09
1990-1994	95	0.29470	0.25686	0.5	3748	963	3267	10904	2.91
1990-1994	96	0.31735	0.27389	0.5	2785	763	2404	7637	2.74
1990-1994	97	0.34089	0.29125	0.5	2023	589	1728	5233	2.59
1990-1994	98	0.36525	0.30885	0.5	1433	443	1212	3505	2.45
1990-1994	99	0.39032	0.32658	0.5	991	324	829	2293	2.31
1990-1994	100	0.41598	0.34435	0.5	667	230	552	1464	2.19
1990-1994	101	0.44210	0.36206	0.5	437	158	358	912	2.08
1990-1994	102	0.46855	0.37961	0.5	279	106	226	554	1.98
1990-1994	103	0.49517	0.39690	0.5	173	69	139	328	1.89
1990-1994	104	0.52182	0.41385	0.5	104	43	83	189	1.81
1990-1994	105	0.54835	0.43036	0.5	61	26	48	106	1.73
1990-1994	106	0.57461	0.44637	0.5	35	16	27	58	1.67
1990-1994	107	0.60045	0.46180	0.5	19	9	15	31	1.60
1990-1994	108	0.62575	0.47662	0.5	10	5	8	16	1.55
1990-1994	109	0.65037	0.49078	0.5	5	3	4	8	1.51
1990-1994	110+	0.67422	1.00000	1.48	3	3	4	4	1.48
1995-1999	0	0.00838	0.00831	0.07	100000	831	99225	7373362	73.73
1995-1999	1	0.00076	0.00076	0.5	99169	75	99131	7274137	73.35
1995-1999	2	0.00056	0.00056	0.5	99094	56	99066	7175006	72.41
1995-1999	3	0.00035	0.00035	0.5	99038	34	99021	7075940	71.45
1995-1999	4	0.00036	0.00036	0.5	99004	36	98986	6976919	70.47
1995-1999	5	0.00023	0.00023	0.5	98968	23	98956	6877934	69.50
1995-1999	6	0.00017	0.00017	0.5	98945	17	98936	6778977	68.51
1995-1999	7	0.00023	0.00023	0.5	98928	22	98917	6680041	67.52
1995-1999	8	0.00021	0.00021	0.5	98905	21	98895	6581125	66.54
1995-1999	9	0.00019	0.00019	0.5	98885	19	98875	6482230	65.55
1995-1999	10	0.00021	0.00021	0.5	98866	21	98855	6383354	64.57
1995-1999	11	0.00024	0.00024	0.5	98845	24	98833	6284499	63.58
1995-1999	12	0.00031	0.00031	0.5	98821	30	98805	6185667	62.59
1995-1999	13	0.00033	0.00033	0.5	98790	32	98774	6086861	61.61
1995-1999	14	0.00041	0.00041	0.5	98758	41	98738	5988087	60.63
1995-1999	15	0.00075	0.00074	0.5	98717	74	98680	5889349	59.66
1995-1999	16	0.00115	0.00115	0.5	98644	113	98587	5790669	58.70
1995-1999	17	0.00121	0.00121	0.5	98531	119	98471	5692082	57.77
1995-1999	18	0.00183	0.00182	0.5	98412	179	98322	5593611	56.84
1995-1999	19	0.00163	0.00163	0.5	98232	160	98152	5495289	55.94
1995-1999	20	0.00155	0.00155	0.5	98072	152	97996	5397136	55.03
1995-1999	21	0.00203	0.00203	0.5	97920	198	97821	5299140	54.12
1995-1999	22	0.00184	0.00183	0.5	97722	179	97632	5201319	53.23
1995-1999	23	0.00165	0.00165	0.5	97543	161	97462	5103687	52.32
1995-1999	24	0.00161	0.00161	0.5	97382	156	97303	5006225	51.41
1995-1999	25	0.00163	0.00163	0.5	97225	158	97146	4908922	50.49
1995-1999	26	0.00160	0.00160	0.5	97067	155	96989	4811776	49.57
1995-1999	27	0.00157	0.00157	0.5	96912	152	96836	4714786	48.65
1995-1999	28	0.00188	0.00187	0.5	96760	181	96669	4617950	47.73
1995-1999	29	0.00188	0.00188	0.5	96578	181	96488	4521281	46.81
1995-1999	30	0.00166	0.00166	0.5	96397	160	96317	4424794	45.90
1995-1999	31	0.00204	0.00204	0.5	96237	196	96139	4328476	44.98
1995-1999	32	0.00212	0.00212	0.5	96041	204	95939	4232337	44.07
1995-1999	33	0.00205	0.00205	0.5	95837	197	95739	4136398	43.16
1995-1999	34	0.00245	0.00245	0.5	95641	234	95524	4040659	42.25
1995-1999	35	0.00238	0.00238	0.5	95407	227	95293	3945135	41.35
1995-1999	36	0.00252	0.00252	0.5	95179	240	95059	3849842	40.45
1995-1999	37	0.00259	0.00258	0.5	94939	245	94817	3754783	39.55
1995-1999	38	0.00287	0.00287	0.5	94694	272	94558	3659966	38.65
1995-1999	39	0.00278	0.00278	0.5	94423	262	94291	3565408	37.76
1995-1999	40	0.00306	0.00306	0.5	94160	288	94016	3471117	36.86
1995-1999	41	0.00374	0.00373	0.5	93872	350	93697	3377101	35.98
1995-1999	42	0.00362	0.00361	0.5	93522	338	93353	3283404	35.11
1995-1999	43	0.00439	0.00438	0.5	93184	408	92980	3190051	34.23
1995-1999	44	0.00415	0.00415	0.5	92776	385	92584	3097071	33.38
1995-1999	45	0.00465	0.00463	0.5	92391	428	92177	3004488	32.52
1995-1999	46	0.00463	0.00462	0.5	91963	425	91751	2912311	31.67
1995-1999	47	0.00499	0.00498	0.5	91538	456	91311	2820560	30.81
1995-1999	48	0.00521	0.00520	0.5	91083	474	90846	2729249	29.96
1995-1999	49	0.00532	0.00531	0.5	90609	481	90369	2638403	29.12
1995-1999	50	0.00541	0.00539	0.5	90128	486	89885	2548034	28.27
1995-1999	51	0.00625	0.00623	0.5	89642	558	89363	2458149	27.42
1995-1999	52	0.00659	0.00657	0.5	89084	585	88791	2368786	26.59
1995-1999	53	0.00759	0.00756	0.5	88499	669	88164	2279995	25.76
1995-1999	54	0.00762	0.00759	0.5	87830	667	87496	2191830	24.96
1995-1999	55	0.00844	0.00841	0.5	87163	733	86796	2104334	24.14
1995-1999	56	0.00904	0.00900	0.5	86430	778	86041	2017538	23.34
1995-1999	57	0.00976	0.00972	0.5	85652	832	85236	1931497	22.55
1995-1999	58	0.01179	0.01172	0.5	84820	994	84323	1846261	21.77
1995-1999	59	0.01220	0.01213	0.5	83826	1017	83317	1761938	21.02
1995-1999	60	0.01259	0.01251	0.5	82809	1036	82291	1678621	20.27
1995-1999	61	0.01443	0.01433	0.5	81773	1172	81187	1596330	19.52
1995-1999	62	0.01512	0.01501	0.5	80601	1210	79996	1515143	18.80
1995-1999	63	0.01617	0.01604	0.5	79391	1273	78755	1435147	18.08
1995-1999	64	0.01742	0.01727	0.5	78118	1349	77443	1356393	17.36
1995-1999	65	0.01711	0.01696	0.5	76769	1302	76117	1278950	16.66
1995-1999	66	0.02006	0.01986	0.5	75466	1499	74717	1202832	15.94
1995-1999	67	0.02100	0.02078	0.5	73967	1537	73198	1128116	15.25
1995-1999	68	0.02327	0.02300	0.5	72430	1666	71597	1054917	14.56
1995-1999	69	0.02594	0.02561	0.5	70764	1812	69858	983320	13.90
1995-1999	70	0.02745	0.02708	0.5	68952	1867	68018	913463	13.25
1995-1999	71	0.03115	0.03067	0.5	67084	2057	66056	845445	12.60
1995-1999	72	0.03192	0.03142	0.5	65027	2043	64005	779389	11.99
1995-1999	73	0.03643	0.03578	0.5	62984	2253	61857	715384	11.36
1995-1999	74	0.03841	0.03768	0.5	60730	2289	59586	653527	10.76
1995-1999	75	0.04176	0.04091	0.5	58442	2391	57246	593941	10.16
1995-1999	76	0.04362	0.04268	0.5	56051	2393	54855	536695	9.58
1995-1999	77	0.05268	0.05133	0.5	53658	2754	52281	481840	8.98
1995-1999	78	0.05685	0.05528	0.5	50904	2814	49497	429559	8.44
1995-1999	79	0.05885	0.05716	0.5	48090	2749	46716	380062	7.90
1995-1999	80	0.07763	0.07473	0.5	45341	3388	43647	333346	7.35
1995-1999	81	0.08642	0.08284	0.5	41953	3475	40215	289699	6.91
1995-1999	82	0.09673	0.09227	0.5	38478	3550	36703	249483	6.48
1995-1999	83	0.10440	0.09922	0.5	34928	3466	33195	212781	6.09
1995-1999	84	0.11534	0.10905	0.5	31462	3431	29747	179586	5.71
1995-1999	85	0.12727	0.11966	0.5	28031	3354	26354	149839	5.35
1995-1999	86	0.14024	0.13105	0.5	24677	3234	23060	123486	5.00
1995-1999	87	0.15430	0.14324	0.5	21443	3072	19907	100426	4.68
1995-1999	88	0.16948	0.15624	0.5	18371	2870	16936	80519	4.38
1995-1999	89	0.18583	0.17003	0.5	15501	2636	14183	63582	4.10
1995-1999	90	0.20338	0.18460	0.5	12865	2375	11678	49399	3.84
1995-1999	91	0.22212	0.19992	0.5	10490	2097	9442	37722	3.60
1995-1999	92	0.24208	0.21594	0.5	8393	1812	7487	28280	3.37
1995-1999	93	0.26321	0.23260	0.5	6581	1531	5815	20793	3.16
1995-1999	94	0.28550	0.24983	0.5	5050	1262	4419	14978	2.97
1995-1999	95	0.30888	0.26756	0.5	3788	1014	3282	10559	2.79
1995-1999	96	0.33328	0.28568	0.5	2775	793	2378	7277	2.62
1995-1999	97	0.35862	0.30409	0.5	1982	603	1681	4899	2.47
1995-1999	98	0.38476	0.32268	0.5	1379	445	1157	3218	2.33
1995-1999	99	0.41159	0.34134	0.5	934	319	775	2061	2.21
1995-1999	100	0.43896	0.35996	0.5	615	221	505	1286	2.09
1995-1999	101	0.46670	0.37840	0.5	394	149	319	782	1.98
1995-1999	102	0.49465	0.39657	0.5	245	97	196	462	1.89
1995-1999	103	0.52263	0.41435	0.5	148	61	117	266	1.80
1995-1999	104	0.55047	0.43166	0.5	87	37	68	149	1.72
1995-1999	105	0.57800	0.44841	0.5	49	22	38	81	1.65
1995-1999	106	0.60505	0.46452	0.5	27	13	21	43	1.59
1995-1999	107	0.63148	0.47994	0.5	15	7	11	22	1.53
1995-1999	108	0.65713	0.49462	0.5	8	4	6	11	1.48
1995-1999	109	0.68191	0.50852	0.5	4	2	3	6	1.44
1995-1999	110+	0.70569	1.00000	1.42	2	2	3	3	1.42
2000-2004	0	0.00776	0.00771	0.07	100000	771	99280	7457813	74.58
2000-2004	1	0.00063	0.00063	0.5	99229	63	99198	7358533	74.16
2000-2004	2	0.00046	0.00046	0.5	99167	46	99144	7259335	73.20
2000-2004	3	0.00030	0.00030	0.5	99121	30	99106	7160191	72.24
2000-2004	4	0.00025	0.00025	0.5	99091	25	99079	7061085	71.26
2000-2004	5	0.00025	0.00025	0.5	99066	25	99054	6962006	70.28
2000-2004	6	0.00020	0.00020	0.5	99041	20	99031	6862953	69.29
2000-2004	7	0.00019	0.00019	0.5	99021	18	99012	6763921	68.31
2000-2004	8	0.00015	0.00015	0.5	99003	15	98995	6664910	67.32
2000-2004	9	0.00022	0.00022	0.5	98988	21	98977	6565914	66.33
2000-2004	10	0.00015	0.00015	0.5	98966	15	98959	6466937	65.34
2000-2004	11	0.00026	0.00026	0.5	98951	25	98939	6367978	64.35
2000-2004	12	0.00028	0.00028	0.5	98926	28	98912	6269040	63.37
2000-2004	13	0.00035	0.00035	0.5	98898	35	98881	6170128	62.39
2000-2004	14	0.00037	0.00037	0.5	98864	36	98845	6071247	61.41
2000-2004	15	0.00066	0.00066	0.5	98827	65	98794	5972402	60.43
2000-2004	16	0.00081	0.00081	0.5	98762	80	98722	5873607	59.47
2000-2004	17	0.00104	0.00104	0.5	98682	102	98631	5774885	58.52
2000-2004	18	0.00160	0.00160	0.5	98580	158	98501	5676254	57.58
2000-2004	19	0.00172	0.00172	0.5	98422	169	98338	5577753	56.67
2000-2004	20	0.00166	0.00166	0.5	98253	163	98171	5479416	55.77
2000-2004	21	0.00188	0.00188	0.5	98090	184	97998	5381244	54.86
2000-2004	22	0.00179	0.00179	0.5	97906	175	97818	5283246	53.96
2000-2004	23	0.00159	0.00159	0.5	97731	156	97653	5185428	53.06
2000-2004	24	0.00159	0.00159	0.5	97575	155	97498	5087776	52.14
2000-2004	25	0.00145	0.00145	0.5	97420	142	97349	4990278	51.22
2000-2004	26	0.00168	0.00168	0.5	97278	164	97197	4892929	50.30
2000-2004	27	0.00155	0.00155	0.5	97115	151	97039	4795732	49.38
2000-2004	28	0.00146	0.00146	0.5	96964	141	96894	4698693	48.46
2000-2004	29	0.00151	0.00151	0.5	96823	146	96750	4601799	47.53
2000-2004	30	0.00163	0.00163	0.5	96676	157	96598	4505049	46.60
2000-2004	31	0.00170	0.00170	0.5	96519	164	96437	4408452	45.67
2000-2004	32	0.00173	0.00173	0.5	96355	167	96272	4312015	44.75
2000-2004	33	0.00183	0.00183	0.5	96188	176	96100	4215743	43.83
2000-2004	34	0.00209	0.00209	0.5	96012	200	95912	4119643	42.91
2000-2004	35	0.00215	0.00214	0.5	95812	205	95709	4023731	42.00
2000-2004	36	0.00226	0.00226	0.5	95607	216	95499	3928021	41.09
2000-2004	37	0.00255	0.00255	0.5	95391	243	95269	3832523	40.18
2000-2004	38	0.00247	0.00247	0.5	95148	235	95030	3737254	39.28
2000-2004	39	0.00264	0.00263	0.5	94913	250	94787	3642224	38.37
2000-2004	40	0.00297	0.00296	0.5	94662	280	94522	3547436	37.47
2000-2004	41	0.00340	0.00340	0.5	94382	321	94222	3452914	36.58
2000-2004	42	0.00341	0.00341	0.5	94061	320	93901	3358692	35.71
2000-2004	43	0.00378	0.00377	0.5	93741	353	93564	3264791	34.83
2000-2004	44	0.00406	0.00405	0.5	93388	378	93199	3171227	33.96
2000-2004	45	0.00435	0.00434	0.5	93010	403	92808	3078028	33.09
2000-2004	46	0.00492	0.00491	0.5	92606	455	92379	2985220	32.24
2000-2004	47	0.00523	0.00522	0.5	92151	481	91911	2892841	31.39
2000-2004	48	0.00568	0.00566	0.5	91671	519	91411	2800930	30.55
2000-2004	49	0.00604	0.00602	0.5	91151	549	90877	2709519	29.73
2000-2004	50	0.00624	0.00622	0.5	90603	564	90321	2618642	28.90
2000-2004	51	0.00615	0.00613	0.5	90039	552	89763	2528321	28.08
2000-2004	52	0.00669	0.00667	0.5	89487	597	89189	2438558	27.25
2000-2004	53	0.00712	0.00709	0.5	88890	630	88575	2349369	26.43
2000-2004	54	0.00754	0.00751	0.5	88260	663	87928	2260794	25.62
2000-2004	55	0.00784	0.00781	0.5	87597	684	87255	2172866	24.81
2000-2004	56	0.00883	0.00879	0.5	86913	764	86531	2085611	24.00
2000-2004	57	0.00916	0.00912	0.5	86149	786	85756	1999080	23.20
2000-2004	58	0.01005	0.01000	0.5	85363	853	84936	1913324	22.41
2000-2004	59	0.01122	0.01115	0.5	84510	943	84038	1828388	21.64
2000-2004	60	0.01147	0.01140	0.5	83567	953	83091	1744349	20.87
2000-2004	61	0.01261	0.01253	0.5	82614	1035	82096	1661259	20.11
2000-2004	62	0.01376	0.01366	0.5	81579	1115	81021	1579162	19.36
2000-2004	63	0.01448	0.01437	0.5	80464	1156	79886	1498141	18.62
2000-2004	64	0.01589	0.01576	0.5	79308	1250	78682	1418255	17.88
2000-2004	65	0.01638	0.01625	0.5	78057	1268	77423	1339573	17.16
2000-2004	66	0.01894	0.01876	0.5	76789	1441	76069	1262149	16.44
2000-2004	67	0.01967	0.01948	0.5	75349	1467	74615	1186080	15.74
2000-2004	68	0.02138	0.02116	0.5	73881	1563	73100	1111466	15.04
2000-2004	69	0.02325	0.02299	0.5	72318	1662	71487	1038366	14.36
2000-2004	70	0.02522	0.02491	0.5	70656	1760	69776	966879	13.68
2000-2004	71	0.02576	0.02544	0.5	68896	1752	68020	897104	13.02
2000-2004	72	0.03035	0.02990	0.5	67143	2007	66140	829084	12.35
2000-2004	73	0.03278	0.03225	0.5	65136	2101	64086	762944	11.71
2000-2004	74	0.03519	0.03458	0.5	63035	2180	61945	698859	11.09
2000-2004	75	0.03865	0.03792	0.5	60856	2307	59702	636914	10.47
2000-2004	76	0.04161	0.04076	0.5	58548	2386	57355	577212	9.86
2000-2004	77	0.04550	0.04449	0.5	56162	2498	54913	519857	9.26
2000-2004	78	0.05313	0.05176	0.5	53663	2778	52275	464944	8.66
2000-2004	79	0.05636	0.05482	0.5	50886	2789	49491	412669	8.11
2000-2004	80	0.07071	0.06830	0.5	48096	3285	46454	363178	7.55
2000-2004	81	0.07622	0.07343	0.5	44812	3290	43166	316724	7.07
2000-2004	82	0.08885	0.08507	0.5	41521	3532	39755	273558	6.59
2000-2004	83	0.09948	0.09476	0.5	37989	3600	36189	233802	6.15
2000-2004	84	0.10984	0.10412	0.5	34389	3581	32599	197613	5.75
2000-2004	85	0.12247	0.11540	0.5	30809	3555	29031	165015	5.36
2000-2004	86	0.13633	0.12763	0.5	27253	3478	25514	135984	4.99
2000-2004	87	0.15149	0.14083	0.5	23775	3348	22101	110470	4.65
2000-2004	88	0.16801	0.15499	0.5	20427	3166	18844	88369	4.33
2000-2004	89	0.18594	0.17012	0.5	17261	2936	15793	69525	4.03
2000-2004	90	0.20531	0.18619	0.5	14324	2667	12991	53733	3.75
2000-2004	91	0.22613	0.20316	0.5	11657	2368	10473	40742	3.49
2000-2004	92	0.24841	0.22096	0.5	9289	2053	8263	30269	3.26
2000-2004	93	0.27210	0.23952	0.5	7236	1733	6370	22006	3.04
2000-2004	94	0.29717	0.25873	0.5	5503	1424	4791	15636	2.84
2000-2004	95	0.32352	0.27847	0.5	4079	1136	3511	10845	2.66
2000-2004	96	0.35104	0.29862	0.5	2943	879	2504	7334	2.49
2000-2004	97	0.37958	0.31903	0.5	2064	659	1735	4830	2.34
2000-2004	98	0.40899	0.33955	0.5	1406	477	1167	3095	2.20
2000-2004	99	0.43905	0.36002	0.5	928	334	761	1928	2.08
2000-2004	100	0.46958	0.38029	0.5	594	226	481	1166	1.96
2000-2004	101	0.50033	0.40021	0.5	368	147	295	685	1.86
2000-2004	102	0.53108	0.41965	0.5	221	93	175	391	1.77
2000-2004	103	0.56160	0.43847	0.5	128	56	100	216	1.69
2000-2004	104	0.59165	0.45658	0.5	72	33	56	116	1.61
2000-2004	105	0.62104	0.47389	0.5	39	19	30	60	1.54
2000-2004	106	0.64957	0.49032	0.5	21	10	16	31	1.49
2000-2004	107	0.67706	0.50582	0.5	10	5	8	15	1.43
2000-2004	108	0.70338	0.52037	0.5	5	3	4	7	1.39
2000-2004	109	0.72842	0.53395	0.5	2	1	2	3	1.35
2000-2004	110+	0.75209	1.00000	1.33	1	1	2	2	1.33
2005-2009	0	0.00759	0.00754	0.07	100000	754	99295	7565497	75.65
2005-2009	1	0.00064	0.00064	0.5	99246	64	99214	7466201	75.23
2005-2009	2	0.00036	0.00036	0.5	99183	35	99165	7366987	74.28
2005-2009	3	0.00028	0.00028	0.5	99147	27	99134	7267822	73.30
2005-2009	4	0.00023	0.00023	0.5	99120	23	99108	7168689	72.32
2005-2009	5	0.00018	0.00018	0.5	99097	18	99088	7069580	71.34
2005-2009	6	0.00015	0.00015	0.5	99079	15	99071	6970492	70.35
2005-2009	7	0.00017	0.00017	0.5	99064	17	99055	6871421	69.36
2005-2009	8	0.00013	0.00013	0.5	99046	13	99040	6772366	68.38
2005-2009	9	0.00016	0.00016	0.5	99034	16	99026	6673326	67.38
2005-2009	10	0.00019	0.00019	0.5	99018	19	99008	6574300	66.40
2005-2009	11	0.00012	0.00012	0.5	98999	12	98993	6475291	65.41
2005-2009	12	0.00017	0.00017	0.5	98987	17	98978	6376298	64.42
2005-2009	13	0.00022	0.00022	0.5	98970	22	98959	6277320	63.43
2005-2009	14	0.00037	0.00037	0.5	98948	36	98930	6178361	62.44
2005-2009	15	0.00056	0.00056	0.5	98912	55	98884	6079431	61.46
2005-2009	16	0.00072	0.00072	0.5	98856	71	98821	5980547	60.50
2005-2009	17	0.00099	0.00098	0.5	98785	97	98737	5881726	59.54
2005-2009	18	0.00144	0.00144	0.5	98688	142	98617	5782989	58.60
2005-2009	19	0.00161	0.00160	0.5	98546	158	98467	5684372	57.68
2005-2009	20	0.00176	0.00176	0.5	98388	173	98302	5585905	56.77
2005-2009	21	0.00175	0.00175	0.5	98215	172	98129	5487603	55.87
2005-2009	22	0.00180	0.00180	0.5	98043	176	97955	5389474	54.97
2005-2009	23	0.00153	0.00153	0.5	97867	149	97793	5291519	54.07
2005-2009	24	0.00166	0.00166	0.5	97718	162	97637	5193726	53.15
2005-2009	25	0.00155	0.00155	0.5	97555	152	97480	5096090	52.24
2005-2009	26	0.00156	0.00155	0.5	97404	151	97328	4998610	51.32
2005-2009	27	0.00168	0.00168	0.5	97252	163	97171	4901282	50.40
2005-2009	28	0.00159	0.00159	0.5	97089	154	97012	4804111	49.48
2005-2009	29	0.00176	0.00176	0.5	96935	170	96850	4707099	48.56
2005-2009	30	0.00161	0.00161	0.5	96764	156	96687	4610249	47.64
2005-2009	31	0.00179	0.00179	0.5	96609	173	96522	4513563	46.72
2005-2009	32	0.00166	0.00166	0.5	96436	160	96356	4417040	45.80
2005-2009	33	0.00183	0.00182	0.5	96276	176	96188	4320684	44.88
2005-2009	34	0.00184	0.00184	0.5	96101	177	96012	4224496	43.96
2005-2009	35	0.00207	0.00207	0.5	95924	198	95825	4128484	43.04
2005-2009	36	0.00194	0.00194	0.5	95726	186	95633	4032659	42.13
2005-2009	37	0.00207	0.00207	0.5	95540	198	95441	3937026	41.21
2005-2009	38	0.00219	0.00219	0.5	95342	208	95238	3841585	40.29
2005-2009	39	0.00250	0.00250	0.5	95133	237	95015	3746348	39.38
2005-2009	40	0.00278	0.00277	0.5	94896	263	94764	3651333	38.48
2005-2009	41	0.00276	0.00276	0.5	94633	261	94503	3556569	37.58
2005-2009	42	0.00315	0.00315	0.5	94372	297	94224	3462066	36.69
2005-2009	43	0.00331	0.00330	0.5	94075	311	93920	3367842	35.80
2005-2009	44	0.00340	0.00339	0.5	93764	318	93605	3273922	34.92
2005-2009	45	0.00385	0.00385	0.5	93446	359	93266	3180317	34.03
2005-2009	46	0.00384	0.00383	0.5	93087	357	92908	3087051	33.16
2005-2009	47	0.00451	0.00450	0.5	92730	417	92521	2994143	32.29
2005-2009	48	0.00492	0.00491	0.5	92313	453	92086	2901621	31.43
2005-2009	49	0.00541	0.00539	0.5	91860	496	91612	2809535	30.58
2005-2009	50	0.00608	0.00607	0.5	91364	554	91087	2717923	29.75
2005-2009	51	0.00619	0.00617	0.5	90810	561	90530	2626835	28.93
2005-2009	52	0.00697	0.00695	0.5	90250	627	89936	2536305	28.10
2005-2009	53	0.00725	0.00723	0.5	89623	648	89299	2446369	27.30
2005-2009	54	0.00780	0.00777	0.5	88975	691	88629	2357070	26.49
2005-2009	55	0.00819	0.00816	0.5	88284	720	87924	2268441	25.69
2005-2009	56	0.00856	0.00852	0.5	87564	746	87191	2180517	24.90
2005-2009	57	0.00895	0.00891	0.5	86818	774	86431	2093327	24.11
2005-2009	58	0.00949	0.00945	0.5	86044	813	85637	2006896	23.32
2005-2009	59	0.01021	0.01016	0.5	85231	866	84798	1921259	22.54
2005-2009	60	0.01090	0.01084	0.5	84365	915	83908	1836461	21.77
2005-2009	61	0.01181	0.01174	0.5	83451	980	82961	1752553	21.00
2005-2009	62	0.01227	0.01220	0.5	82471	1006	81968	1669592	20.24
2005-2009	63	0.01286	0.01278	0.5	81465	1041	80944	1587624	19.49
2005-2009	64	0.01505	0.01494	0.5	80424	1201	79823	1506680	18.73
2005-2009	65	0.01593	0.01580	0.5	79223	1252	78597	1426857	18.01
2005-2009	66	0.01661	0.01648	0.5	77970	1285	77328	1348260	17.29
2005-2009	67	0.01710	0.01696	0.5	76686	1300	76036	1270932	16.57
2005-2009	68	0.01762	0.01747	0.5	75385	1317	74727	1194897	15.85
2005-2009	69	0.02052	0.02031	0.5	74069	1504	73317	1120169	15.12
2005-2009	70	0.02208	0.02184	0.5	72565	1585	71772	1046853	14.43
2005-2009	71	0.02350	0.02323	0.5	70980	1649	70155	975081	13.74
2005-2009	72	0.02604	0.02571	0.5	69331	1782	68440	904925	13.05
2005-2009	73	0.02843	0.02804	0.5	67549	1894	66602	836485	12.38
2005-2009	74	0.03103	0.03056	0.5	65655	2006	64652	769884	11.73
2005-2009	75	0.03444	0.03385	0.5	63648	2155	62571	705232	11.08
2005-2009	76	0.03611	0.03547	0.5	61494	2181	60403	642661	10.45
2005-2009	77	0.04101	0.04019	0.5	59312	2384	58121	582258	9.82
2005-2009	78	0.04513	0.04413	0.5	56929	2513	55673	524137	9.21
2005-2009	79	0.04840	0.04726	0.5	54416	2572	53131	468465	8.61
2005-2009	80	0.05833	0.05667	0.5	51845	2938	50376	415334	8.01
2005-2009	81	0.06831	0.06606	0.5	48906	3231	47291	364959	7.46
2005-2009	82	0.08042	0.07731	0.5	45676	3531	43910	317667	6.95
2005-2009	83	0.08871	0.08495	0.5	42145	3580	40355	273757	6.50
2005-2009	84	0.09739	0.09287	0.5	38565	3581	36774	233403	6.05
2005-2009	85	0.11242	0.10644	0.5	34983	3724	33121	196629	5.62
2005-2009	86	0.12402	0.11678	0.5	31260	3651	29434	163507	5.23
2005-2009	87	0.13895	0.12992	0.5	27609	3587	25816	134073	4.86
2005-2009	88	0.15535	0.14416	0.5	24022	3463	22291	108257	4.51
2005-2009	89	0.17331	0.15949	0.5	20559	3279	18920	85967	4.18
2005-2009	90	0.19286	0.17590	0.5	17280	3040	15760	67047	3.88
2005-2009	91	0.21404	0.19335	0.5	14241	2753	12864	51286	3.60
2005-2009	92	0.23687	0.21179	0.5	11487	2433	10271	38422	3.34
2005-2009	93	0.26133	0.23113	0.5	9054	2093	8008	28152	3.11
2005-2009	94	0.28736	0.25126	0.5	6962	1749	6087	20144	2.89
2005-2009	95	0.31488	0.27205	0.5	5212	1418	4503	14057	2.70
2005-2009	96	0.34376	0.29334	0.5	3794	1113	3238	9553	2.52
2005-2009	97	0.37385	0.31497	0.5	2681	845	2259	6315	2.36
2005-2009	98	0.40494	0.33676	0.5	1837	619	1528	4056	2.21
2005-2009	99	0.43682	0.35852	0.5	1218	437	1000	2529	2.08
2005-2009	100	0.46923	0.38006	0.5	781	297	633	1529	1.96
2005-2009	101	0.50190	0.40121	0.5	484	194	387	896	1.85
2005-2009	102	0.53455	0.42181	0.5	290	122	229	509	1.75
2005-2009	103	0.56691	0.44170	0.5	168	74	131	280	1.67
2005-2009	104	0.59870	0.46077	0.5	94	43	72	149	1.59
2005-2009	105	0.62969	0.47891	0.5	50	24	38	77	1.52
2005-2009	106	0.65965	0.49604	0.5	26	13	20	38	1.46
2005-2009	107	0.68838	0.51212	0.5	13	7	10	19	1.41
2005-2009	108	0.71573	0.52710	0.5	6	3	5	9	1.36
2005-2009	109	0.74158	0.54099	0.5	3	2	2	4	1.33
2005-2009	110+	0.76585	1.00000	1.31	1	1	2	2	1.31
2010-2014	0	0.00628	0.00624	0.06	100000	624	99415	7690480	76.90
2010-2014	1	0.00065	0.00065	0.5	99376	65	99344	7591065	76.39
2010-2014	2	0.00037	0.00037	0.5	99311	37	99293	7491722	75.44
2010-2014	3	0.00030	0.00030	0.5	99274	30	99260	7392429	74.46
2010-2014	4	0.00020	0.00020	0.5	99245	20	99235	7293169	73.49
2010-2014	5	0.00016	0.00016	0.5	99225	16	99217	7193935	72.50
2010-2014	6	0.00013	0.00013	0.5	99209	13	99202	7094718	71.51
2010-2014	7	0.00014	0.00014	0.5	99196	14	99189	6995515	70.52
2010-2014	8	0.00013	0.00013	0.5	99182	13	99175	6896326	69.53
2010-2014	9	0.00010	0.00010	0.5	99169	10	99164	6797151	68.54
2010-2014	10	0.00013	0.00013	0.5	99159	13	99152	6697987	67.55
2010-2014	11	0.00016	0.00016	0.5	99146	16	99138	6598835	66.56
2010-2014	12	0.00016	0.00016	0.5	99130	15	99122	6499697	65.57
2010-2014	13	0.00020	0.00020	0.5	99114	20	99104	6400575	64.58
2010-2014	14	0.00024	0.00024	0.5	99094	24	99083	6301470	63.59
2010-2014	15	0.00031	0.00031	0.5	99071	31	99055	6202388	62.61
2010-2014	16	0.00046	0.00046	0.5	99040	46	99017	6103333	61.63
2010-2014	17	0.00062	0.00062	0.5	98994	61	98963	6004316	60.65
2010-2014	18	0.00100	0.00100	0.5	98932	99	98883	5905353	59.69
2010-2014	19	0.00101	0.00101	0.5	98833	99	98783	5806470	58.75
2010-2014	20	0.00114	0.00114	0.5	98734	112	98678	5707687	57.81
2010-2014	21	0.00120	0.00120	0.5	98622	118	98562	5609010	56.87
2010-2014	22	0.00150	0.00150	0.5	98503	147	98429	5510447	55.94
2010-2014	23	0.00146	0.00146	0.5	98356	144	98284	5412018	55.02
2010-2014	24	0.00151	0.00151	0.5	98212	148	98138	5313734	54.10
2010-2014	25	0.00152	0.00152	0.5	98064	149	97990	5215595	53.19
2010-2014	26	0.00166	0.00166	0.5	97915	163	97834	5117606	52.27
2010-2014	27	0.00155	0.00155	0.5	97752	151	97677	5019772	51.35
2010-2014	28	0.00148	0.00148	0.5	97601	144	97529	4922095	50.43
2010-2014	29	0.00173	0.00173	0.5	97457	169	97372	4824567	49.50
2010-2014	30	0.00167	0.00167	0.5	97288	163	97207	4727194	48.59
2010-2014	31	0.00156	0.00156	0.5	97125	152	97049	4629988	47.67
2010-2014	32	0.00167	0.00167	0.5	96974	162	96893	4532938	46.74
2010-2014	33	0.00167	0.00167	0.5	96812	162	96731	4436045	45.82
2010-2014	34	0.00182	0.00181	0.5	96650	175	96563	4339314	44.90
2010-2014	35	0.00175	0.00175	0.5	96475	168	96391	4242752	43.98
2010-2014	36	0.00185	0.00185	0.5	96307	178	96218	4146361	43.05
2010-2014	37	0.00192	0.00191	0.5	96129	184	96037	4050143	42.13
2010-2014	38	0.00212	0.00212	0.5	95945	203	95843	3954106	41.21
2010-2014	39	0.00221	0.00221	0.5	95742	211	95636	3858263	40.30
2010-2014	40	0.00223	0.00223	0.5	95530	213	95424	3762627	39.39
2010-2014	41	0.00245	0.00244	0.5	95317	233	95201	3667203	38.47
2010-2014	42	0.00259	0.00258	0.5	95085	246	94962	3572002	37.57
2010-2014	43	0.00290	0.00290	0.5	94839	275	94701	3477040	36.66
2010-2014	44	0.00295	0.00295	0.5	94564	279	94424	3382339	35.77
2010-2014	45	0.00346	0.00345	0.5	94285	325	94122	3287914	34.87
2010-2014	46	0.00369	0.00368	0.5	93960	346	93786	3193792	33.99
2010-2014	47	0.00420	0.00419	0.5	93613	392	93417	3100006	33.11
2010-2014	48	0.00446	0.00445	0.5	93221	415	93013	3006588	32.25
2010-2014	49	0.00466	0.00465	0.5	92806	431	92590	2913575	31.39
2010-2014	50	0.00553	0.00551	0.5	92374	509	92120	2820985	30.54
2010-2014	51	0.00552	0.00551	0.5	91865	506	91612	2728865	29.71
2010-2014	52	0.00606	0.00604	0.5	91360	552	91084	2637253	28.87
2010-2014	53	0.00683	0.00680	0.5	90808	618	90499	2546169	28.04
2010-2014	54	0.00749	0.00746	0.5	90190	673	89854	2455670	27.23
2010-2014	55	0.00814	0.00810	0.5	89517	725	89155	2365816	26.43
2010-2014	56	0.00848	0.00844	0.5	88792	749	88417	2276662	25.64
2010-2014	57	0.00950	0.00945	0.5	88043	832	87626	2188244	24.85
2010-2014	58	0.00994	0.00989	0.5	87210	862	86779	2100618	24.09
2010-2014	59	0.01065	0.01059	0.5	86348	915	85891	2013839	23.32
2010-2014	60	0.01122	0.01116	0.5	85434	953	84957	1927948	22.57
2010-2014	61	0.01183	0.01176	0.5	84480	994	83983	1842991	21.82
2010-2014	62	0.01210	0.01202	0.5	83487	1004	82985	1759007	21.07
2010-2014	63	0.01299	0.01291	0.5	82483	1065	81951	1676023	20.32
2010-2014	64	0.01414	0.01404	0.5	81418	1143	80847	1594072	19.58
2010-2014	65	0.01438	0.01428	0.5	80275	1146	79702	1513225	18.85
2010-2014	66	0.01570	0.01558	0.5	79129	1233	78512	1433523	18.12
2010-2014	67	0.01669	0.01655	0.5	77896	1289	77251	1355011	17.40
2010-2014	68	0.01789	0.01773	0.5	76607	1358	75928	1277759	16.68
2010-2014	69	0.01857	0.01840	0.5	75249	1384	74557	1201831	15.97
2010-2014	70	0.02032	0.02012	0.5	73864	1486	73121	1127275	15.26
2010-2014	71	0.02196	0.02173	0.5	72378	1572	71592	1054153	14.56
2010-2014	72	0.02410	0.02381	0.5	70806	1686	69963	982561	13.88
2010-2014	73	0.02529	0.02498	0.5	69120	1726	68257	912598	13.20
2010-2014	74	0.02766	0.02728	0.5	67394	1839	66474	844341	12.53
2010-2014	75	0.03057	0.03011	0.5	65555	1974	64568	777867	11.87
2010-2014	76	0.03429	0.03372	0.5	63581	2144	62509	713299	11.22
2010-2014	77	0.03716	0.03648	0.5	61437	2241	60317	650789	10.59
2010-2014	78	0.04050	0.03969	0.5	59196	2350	58021	590472	9.97
2010-2014	79	0.04464	0.04366	0.5	56847	2482	55606	532451	9.37
2010-2014	80	0.05012	0.04889	0.5	54364	2658	53036	476845	8.77
2010-2014	81	0.05383	0.05242	0.5	51707	2710	50351	423810	8.20
2010-2014	82	0.06305	0.06113	0.5	48996	2995	47499	373458	7.62
2010-2014	83	0.07011	0.06773	0.5	46001	3116	44443	325960	7.09
2010-2014	84	0.08410	0.08071	0.5	42886	3461	41155	281516	6.56
2010-2014	85	0.09113	0.08716	0.5	39424	3436	37706	240361	6.10
2010-2014	86	0.10636	0.10099	0.5	35988	3635	34171	202655	5.63
2010-2014	87	0.12065	0.11379	0.5	32354	3681	30513	168484	5.21
2010-2014	88	0.13657	0.12784	0.5	28672	3665	26839	137971	4.81
2010-2014	89	0.15421	0.14317	0.5	25007	3580	23217	111132	4.44
2010-2014	90	0.17368	0.15980	0.5	21426	3424	19714	87915	4.10
2010-2014	91	0.19504	0.17771	0.5	18002	3199	16403	68201	3.79
2010-2014	92	0.21832	0.19684	0.5	14803	2914	13346	51798	3.50
2010-2014	93	0.24355	0.21711	0.5	11889	2581	10599	38451	3.23
2010-2014	94	0.27069	0.23842	0.5	9308	2219	8198	27853	2.99
2010-2014	95	0.29965	0.26060	0.5	7089	1847	6165	19654	2.77
2010-2014	96	0.33030	0.28349	0.5	5241	1486	4499	13489	2.57
2010-2014	97	0.36247	0.30686	0.5	3756	1152	3179	8990	2.39
2010-2014	98	0.39592	0.33050	0.5	2603	860	2173	5811	2.23
2010-2014	99	0.43037	0.35416	0.5	1743	617	1434	3638	2.09
2010-2014	100	0.46551	0.37762	0.5	1126	425	913	2204	1.96
2010-2014	101	0.50100	0.40064	0.5	701	281	560	1291	1.84
2010-2014	102	0.53647	0.42301	0.5	420	178	331	731	1.74
2010-2014	103	0.57158	0.44454	0.5	242	108	188	400	1.65
2010-2014	104	0.60599	0.46507	0.5	135	63	103	211	1.57
2010-2014	105	0.63937	0.48449	0.5	72	35	55	108	1.50
2010-2014	106	0.67146	0.50269	0.5	37	19	28	53	1.44
2010-2014	107	0.70203	0.51963	0.5	18	10	14	26	1.38
2010-2014	108	0.73089	0.53527	0.5	9	5	6	12	1.34
2010-2014	109	0.75792	0.54963	0.5	4	2	3	5	1.30
2010-2014	110+	0.78304	1.00000	1.28	2	2	2	2	1.28
2015-2019	0	0.00592	0.00588	0.06	100000	588	99447	7685257	76.85
2015-2019	1	0.00056	0.00056	0.5	99412	56	99384	7585809	76.31
2015-2019	2	0.00036	0.00036	0.5	99356	36	99338	7486426	75.35
2015-2019	3	0.00023	0.00023	0.5	99320	23	99308	7387088	74.38
2015-2019	4	0.00018	0.00018	0.5	99296	18	99287	7287780	73.39
2015-2019	5	0.00014	0.00014	0.5	99278	14	99271	7188493	72.41
2015-2019	6	0.00014	0.00014	0.5	99264	14	99257	7089221	71.42
2015-2019	7	0.00012	0.00012	0.5	99250	12	99244	6989964	70.43
2015-2019	8	0.00011	0.00011	0.5	99238	11	99233	6890720	69.44
2015-2019	9	0.00012	0.00012	0.5	99227	12	99222	6791487	68.44
2015-2019	10	0.00014	0.00014	0.5	99216	14	99209	6692266	67.45
2015-2019	11	0.00013	0.00013	0.5	99202	13	99195	6593057	66.46
2015-2019	12	0.00020	0.00020	0.5	99189	19	99179	6493862	65.47
2015-2019	13	0.00021	0.00021	0.5	99169	21	99159	6394683	64.48
2015-2019	14	0.00026	0.00026	0.5	99148	26	99135	6295525	63.50
2015-2019	15	0.00039	0.00039	0.5	99122	38	99103	6196389	62.51
2015-2019	16	0.00052	0.00052	0.5	99084	51	99058	6097286	61.54
2015-2019	17	0.00077	0.00077	0.5	99032	76	98995	5998228	60.57
2015-2019	18	0.00114	0.00114	0.5	98957	113	98900	5899234	59.61
2015-2019	19	0.00107	0.00107	0.5	98843	106	98791	5800334	58.68
2015-2019	20	0.00141	0.00140	0.5	98738	139	98668	5701543	57.74
2015-2019	21	0.00152	0.00152	0.5	98599	150	98524	5602875	56.82
2015-2019	22	0.00154	0.00154	0.5	98449	152	98373	5504351	55.91
2015-2019	23	0.00145	0.00145	0.5	98297	143	98226	5405977	55.00
2015-2019	24	0.00158	0.00158	0.5	98155	155	98077	5307751	54.08
2015-2019	25	0.00168	0.00168	0.5	98000	165	97918	5209674	53.16
2015-2019	26	0.00173	0.00173	0.5	97835	169	97751	5111756	52.25
2015-2019	27	0.00196	0.00196	0.5	97666	191	97571	5014005	51.34
2015-2019	28	0.00180	0.00180	0.5	97475	175	97388	4916434	50.44
2015-2019	29	0.00199	0.00199	0.5	97300	194	97203	4819047	49.53
2015-2019	30	0.00178	0.00178	0.5	97106	173	97020	4721844	48.63
2015-2019	31	0.00211	0.00211	0.5	96933	204	96831	4624824	47.71
2015-2019	32	0.00197	0.00197	0.5	96729	190	96634	4527994	46.81
2015-2019	33	0.00225	0.00225	0.5	96538	217	96430	4431360	45.90
2015-2019	34	0.00220	0.00220	0.5	96322	212	96216	4334930	45.00
2015-2019	35	0.00219	0.00219	0.5	96110	210	96005	4238715	44.10
2015-2019	36	0.00244	0.00244	0.5	95899	234	95783	4142710	43.20
2015-2019	37	0.00211	0.00211	0.5	95666	202	95565	4046927	42.30
2015-2019	38	0.00241	0.00241	0.5	95464	230	95349	3951363	41.39
2015-2019	39	0.00237	0.00237	0.5	95234	226	95121	3856014	40.49
2015-2019	40	0.00266	0.00265	0.5	95009	252	94883	3760892	39.58
2015-2019	41	0.00267	0.00266	0.5	94756	252	94630	3666010	38.69
2015-2019	42	0.00271	0.00271	0.5	94504	256	94376	3571379	37.79
2015-2019	43	0.00276	0.00275	0.5	94249	259	94119	3477003	36.89
2015-2019	44	0.00332	0.00332	0.5	93989	312	93833	3382884	35.99
2015-2019	45	0.00377	0.00377	0.5	93677	353	93501	3289051	35.11
2015-2019	46	0.00369	0.00368	0.5	93324	343	93153	3195550	34.24
2015-2019	47	0.00409	0.00409	0.5	92981	380	92791	3102397	33.37
2015-2019	48	0.00453	0.00452	0.5	92601	418	92392	3009606	32.50
2015-2019	49	0.00495	0.00494	0.5	92183	455	91955	2917214	31.65
2015-2019	50	0.00514	0.00512	0.5	91727	470	91492	2825259	30.80
2015-2019	51	0.00564	0.00563	0.5	91258	514	91001	2733767	29.96
2015-2019	52	0.00618	0.00616	0.5	90744	559	90465	2642766	29.12
2015-2019	53	0.00678	0.00676	0.5	90185	610	89880	2552301	28.30
2015-2019	54	0.00760	0.00758	0.5	89575	679	89236	2462421	27.49
2015-2019	55	0.00808	0.00804	0.5	88897	715	88539	2373185	26.70
2015-2019	56	0.00854	0.00851	0.5	88182	750	87807	2284646	25.91
2015-2019	57	0.00923	0.00919	0.5	87431	803	87030	2196839	25.13
2015-2019	58	0.00968	0.00963	0.5	86628	834	86211	2109809	24.35
2015-2019	59	0.01094	0.01088	0.5	85794	933	85328	2023598	23.59
2015-2019	60	0.01203	0.01195	0.5	84861	1014	84354	1938270	22.84
2015-2019	61	0.01218	0.01211	0.5	83847	1015	83339	1853916	22.11
2015-2019	62	0.01302	0.01294	0.5	82831	1072	82295	1770577	21.38
2015-2019	63	0.01432	0.01422	0.5	81760	1163	81178	1688282	20.65
2015-2019	64	0.01469	0.01459	0.5	80597	1176	80009	1607104	19.94
2015-2019	65	0.01555	0.01543	0.5	79421	1226	78808	1527095	19.23
2015-2019	66	0.01687	0.01673	0.5	78195	1308	77542	1448286	18.52
2015-2019	67	0.01710	0.01696	0.5	76888	1304	76236	1370745	17.83
2015-2019	68	0.01767	0.01752	0.5	75584	1324	74922	1294509	17.13
2015-2019	69	0.01932	0.01914	0.5	74260	1421	73549	1219587	16.42
2015-2019	70	0.02011	0.01991	0.5	72839	1450	72114	1146037	15.73
2015-2019	71	0.02177	0.02154	0.5	71389	1538	70620	1073924	15.04
2015-2019	72	0.02388	0.02360	0.5	69851	1648	69027	1003304	14.36
2015-2019	73	0.02511	0.02479	0.5	68203	1691	67357	934277	13.70
2015-2019	74	0.02824	0.02785	0.5	66512	1852	65586	866920	13.03
2015-2019	75	0.03112	0.03064	0.5	64660	1981	63669	801335	12.39
2015-2019	76	0.03350	0.03295	0.5	62678	2065	61646	737666	11.77
2015-2019	77	0.03546	0.03485	0.5	60613	2112	59557	676020	11.15
2015-2019	78	0.03874	0.03800	0.5	58501	2223	57390	616463	10.54
2015-2019	79	0.04235	0.04148	0.5	56278	2334	55111	559073	9.93
2015-2019	80	0.04629	0.04524	0.5	53944	2441	52724	503962	9.34
2015-2019	81	0.05183	0.05052	0.5	51503	2602	50202	451239	8.76
2015-2019	82	0.05710	0.05551	0.5	48901	2715	47544	401036	8.20
2015-2019	83	0.06335	0.06140	0.5	46187	2836	44769	353492	7.65
2015-2019	84	0.07145	0.06898	0.5	43351	2990	41856	308723	7.12
2015-2019	85	0.07848	0.07552	0.5	40360	3048	38836	266868	6.61
2015-2019	86	0.09410	0.08987	0.5	37313	3353	35636	228031	6.11
2015-2019	87	0.10660	0.10120	0.5	33959	3437	32241	192395	5.67
2015-2019	88	0.12053	0.11368	0.5	30522	3470	28787	160155	5.25
2015-2019	89	0.13601	0.12735	0.5	27053	3445	25330	131367	4.86
2015-2019	90	0.15312	0.14223	0.5	23608	3358	21929	106037	4.49
2015-2019	91	0.17197	0.15835	0.5	20250	3207	18646	84108	4.15
2015-2019	92	0.19260	0.17568	0.5	17043	2994	15546	65462	3.84
2015-2019	93	0.21507	0.19419	0.5	14049	2728	12685	49916	3.55
2015-2019	94	0.23938	0.21379	0.5	11321	2420	10111	37231	3.29
2015-2019	95	0.26551	0.23439	0.5	8901	2086	7857	27120	3.05
2015-2019	96	0.29339	0.25586	0.5	6814	1744	5943	19263	2.83
2015-2019	97	0.32291	0.27802	0.5	5071	1410	4366	13320	2.63
2015-2019	98	0.35392	0.30071	0.5	3661	1101	3111	8954	2.45
2015-2019	99	0.38620	0.32370	0.5	2560	829	2146	5843	2.28
2015-2019	100	0.41952	0.34678	0.5	1731	600	1431	3698	2.14
2015-2019	101	0.45359	0.36973	0.5	1131	418	922	2267	2.00
2015-2019	102	0.48809	0.39234	0.5	713	280	573	1345	1.89
2015-2019	103	0.52272	0.41441	0.5	433	180	343	772	1.78
2015-2019	104	0.55712	0.43574	0.5	254	111	198	428	1.69
2015-2019	105	0.59098	0.45619	0.5	143	65	110	230	1.61
2015-2019	106	0.62401	0.47561	0.5	78	37	59	119	1.53
2015-2019	107	0.65592	0.49393	0.5	41	20	31	60	1.47
2015-2019	108	0.68648	0.51106	0.5	21	11	15	29	1.42
2015-2019	109	0.71550	0.52698	0.5	10	5	7	14	1.37
2015-2019	110+	0.74285	1.00000	1.35	5	5	6	6	1.35
