TN: Tennessee, Lifetables (period 5x10), Both sexes Last modified: 20 Dec 2020, MPv5 (May07) 

Year     	Age	mx	qx	ax	lx	dx	Lx	Tx	ex
1960-1969	0	0.02739	0.02675	0.12	100000	2675	97658	6968990	69.69
1960-1969	1-4	0.00104	0.00415	1.54	97325	404	388307	6871332	70.60
1960-1969	5-9	0.00047	0.00235	2.35	96921	228	484005	6483025	66.89
1960-1969	10-14	0.00048	0.00240	2.73	96694	232	482941	5999021	62.04
1960-1969	15-19	0.00109	0.00544	2.78	96462	525	481143	5516079	57.18
1960-1969	20-24	0.00137	0.00683	2.52	95937	655	478061	5034936	52.48
1960-1969	25-29	0.00149	0.00741	2.54	95282	706	474673	4556875	47.83
1960-1969	30-34	0.00183	0.00911	2.67	94576	862	470870	4082202	43.16
1960-1969	35-39	0.00261	0.01299	2.64	93714	1217	465699	3611332	38.54
1960-1969	40-44	0.00410	0.02032	2.67	92496	1880	458108	3145633	34.01
1960-1969	45-49	0.00618	0.03048	2.69	90617	2762	446692	2687525	29.66
1960-1969	50-54	0.00951	0.04649	2.63	87855	4084	429615	2240833	25.51
1960-1969	55-59	0.01396	0.06758	2.62	83771	5661	405403	1811218	21.62
1960-1969	60-64	0.02036	0.09709	2.63	78110	7584	372568	1405815	18.00
1960-1969	65-69	0.03063	0.14261	2.59	70526	10058	328396	1033248	14.65
1960-1969	70-74	0.04580	0.20625	2.59	60469	12471	272312	704852	11.66
1960-1969	75-79	0.06982	0.29758	2.52	47997	14283	204568	432540	9.01
1960-1969	80-84	0.10928	0.42868	2.49	33714	14453	132252	227972	6.76
1960-1969	85-89	0.17157	0.58814	2.33	19262	11329	66031	95720	4.97
1960-1969	90-94	0.24369	0.71864	2.15	7933	5701	23395	29689	3.74
1960-1969	95-99	0.33902	0.83280	1.95	2232	1859	5483	6295	2.82
1960-1969	100-104	0.45088	0.90980	1.72	373	340	753	812	2.18
1960-1969	105-109	0.56875	0.95317	1.51	34	32	56	59	1.75
1960-1969	110+	0.66323	1.00000	1.51	2	2	2	2	1.51
1970-1979	0	0.01832	0.01802	0.1	100000	1802	98377	7153562	71.54
1970-1979	1-4	0.00074	0.00297	1.62	98198	292	392098	7055185	71.85
1970-1979	5-9	0.00039	0.00195	2.34	97906	191	489024	6663087	68.06
1970-1979	10-14	0.00043	0.00213	2.82	97715	208	488124	6174063	63.18
1970-1979	15-19	0.00116	0.00577	2.83	97508	563	486316	5685939	58.31
1970-1979	20-24	0.00146	0.00728	2.52	96945	706	482969	5199623	53.63
1970-1979	25-29	0.00146	0.00725	2.49	96239	698	479444	4716653	49.01
1970-1979	30-34	0.00166	0.00827	2.62	95541	790	475820	4237209	44.35
1970-1979	35-39	0.00236	0.01174	2.7	94751	1112	471195	3761389	39.70
1970-1979	40-44	0.00365	0.01810	2.7	93638	1695	464297	3290194	35.14
1970-1979	45-49	0.00567	0.02799	2.68	91944	2574	453739	2825897	30.74
1970-1979	50-54	0.00877	0.04296	2.66	89370	3839	437858	2372158	26.54
1970-1979	55-59	0.01287	0.06244	2.65	85531	5340	415088	1934301	22.62
1970-1979	60-64	0.01913	0.09148	2.62	80190	7336	383502	1519213	18.95
1970-1979	65-69	0.02737	0.12838	2.59	72855	9353	341763	1135711	15.59
1970-1979	70-74	0.04091	0.18610	2.58	63502	11818	288904	793948	12.50
1970-1979	75-79	0.06181	0.26832	2.54	51684	13868	224363	505044	9.77
1970-1979	80-84	0.09631	0.38803	2.5	37816	14674	152368	280680	7.42
1970-1979	85-89	0.14707	0.53016	2.37	23142	12269	83425	128312	5.54
1970-1979	90-94	0.21592	0.67369	2.21	10873	7325	33925	44887	4.13
1970-1979	95-99	0.30543	0.79915	2.02	3548	2835	9284	10962	3.09
1970-1979	100-104	0.41383	0.88939	1.79	713	634	1532	1678	2.36
1970-1979	105-109	0.53252	0.94281	1.57	79	74	140	147	1.86
1970-1979	110+	0.62983	1.00000	1.59	5	5	7	7	1.59
1980-1989	0	0.01204	0.01191	0.08	100000	1191	98907	7380664	73.81
1980-1989	1-4	0.00053	0.00212	1.6	98809	209	394735	7281757	73.69
1980-1989	5-9	0.00027	0.00137	2.36	98600	135	492644	6887022	69.85
1980-1989	10-14	0.00033	0.00166	2.79	98465	163	491964	6394378	64.94
1980-1989	15-19	0.00095	0.00473	2.88	98302	465	490524	5902414	60.04
1980-1989	20-24	0.00123	0.00611	2.53	97837	598	487708	5411889	55.32
1980-1989	25-29	0.00130	0.00648	2.58	97239	631	484666	4924181	50.64
1980-1989	30-34	0.00149	0.00743	2.58	96608	717	481306	4439515	45.95
1980-1989	35-39	0.00191	0.00953	2.68	95891	914	477332	3958209	41.28
1980-1989	40-44	0.00278	0.01382	2.68	94977	1312	471847	3480877	36.65
1980-1989	45-49	0.00445	0.02202	2.69	93665	2062	463558	3009030	32.13
1980-1989	50-54	0.00723	0.03555	2.68	91603	3257	450459	2545472	27.79
1980-1989	55-59	0.01121	0.05464	2.65	88346	4827	430409	2095014	23.71
1980-1989	60-64	0.01698	0.08160	2.61	83519	6815	401340	1664605	19.93
1980-1989	65-69	0.02459	0.11610	2.6	76704	8905	362106	1263264	16.47
1980-1989	70-74	0.03671	0.16859	2.58	67799	11430	311372	901158	13.29
1980-1989	75-79	0.05455	0.24051	2.54	56369	13557	248532	589786	10.46
1980-1989	80-84	0.08491	0.35051	2.51	42812	15006	176721	341255	7.97
1980-1989	85-89	0.13228	0.49307	2.42	27806	13710	103644	164533	5.92
1980-1989	90-94	0.20251	0.65058	2.25	14095	9170	45282	60889	4.32
1980-1989	95-99	0.29566	0.78915	2.05	4925	3887	13146	15607	3.17
1980-1989	100-104	0.41042	0.88815	1.81	1038	922	2247	2461	2.37
1980-1989	105-109	0.53740	0.94491	1.57	116	110	204	214	1.84
1980-1989	110+	0.64163	1.00000	1.56	6	6	10	10	1.56
1990-1999	0	0.00935	0.00927	0.07	100000	927	99142	7456085	74.56
1990-1999	1-4	0.00046	0.00185	1.63	99073	183	395859	7356942	74.26
1990-1999	5-9	0.00023	0.00117	2.37	98890	115	494148	6961083	70.39
1990-1999	10-14	0.00027	0.00136	2.85	98775	135	493586	6466936	65.47
1990-1999	15-19	0.00098	0.00489	2.79	98640	482	492139	5973350	60.56
1990-1999	20-24	0.00120	0.00596	2.5	98158	585	489327	5481211	55.84
1990-1999	25-29	0.00133	0.00663	2.56	97573	647	486285	4991884	51.16
1990-1999	30-34	0.00161	0.00802	2.62	96926	777	482784	4505599	46.48
1990-1999	35-39	0.00212	0.01056	2.6	96149	1015	478312	4022815	41.84
1990-1999	40-44	0.00281	0.01396	2.62	95133	1328	472506	3544503	37.26
1990-1999	45-49	0.00413	0.02043	2.67	93805	1917	464559	3071997	32.75
1990-1999	50-54	0.00636	0.03132	2.67	91888	2878	452741	2607439	28.38
1990-1999	55-59	0.01020	0.04982	2.67	89010	4434	434704	2154697	24.21
1990-1999	60-64	0.01562	0.07529	2.63	84576	6368	407767	1719994	20.34
1990-1999	65-69	0.02329	0.11034	2.62	78208	8630	370506	1312227	16.78
1990-1999	70-74	0.03506	0.16171	2.6	69578	11252	320918	941721	13.53
1990-1999	75-79	0.05229	0.23204	2.58	58327	13534	258850	620802	10.64
1990-1999	80-84	0.08163	0.33949	2.52	44792	15207	186277	361952	8.08
1990-1999	85-89	0.13019	0.48720	2.42	29586	14414	110719	175676	5.94
1990-1999	90-94	0.20362	0.65343	2.26	15172	9914	48688	64957	4.28
1990-1999	95-99	0.30326	0.79864	2.04	5258	4199	13847	16269	3.09
1990-1999	100-104	0.42621	0.89827	1.78	1059	951	2231	2422	2.29
1990-1999	105-109	0.56085	0.95211	1.53	108	103	183	191	1.77
1990-1999	110+	0.67005	1.00000	1.49	5	5	8	8	1.49
2000-2009	0	0.00896	0.00888	0.07	100000	888	99177	7535099	75.35
2000-2009	1-4	0.00034	0.00136	1.63	99112	135	396128	7435922	75.03
2000-2009	5-9	0.00015	0.00075	2.45	98977	75	494694	7039794	71.13
2000-2009	10-14	0.00021	0.00104	2.81	98902	103	494285	6545100	66.18
2000-2009	15-19	0.00081	0.00405	2.98	98799	400	493189	6050814	61.24
2000-2009	20-24	0.00121	0.00606	2.51	98399	596	490510	5557626	56.48
2000-2009	25-29	0.00127	0.00633	2.54	97803	619	487493	5067116	51.81
2000-2009	30-34	0.00154	0.00768	2.58	97184	746	484111	4579624	47.12
2000-2009	35-39	0.00208	0.01037	2.65	96438	1000	479838	4095512	42.47
2000-2009	40-44	0.00312	0.01548	2.66	95438	1477	473736	3615675	37.89
2000-2009	45-49	0.00458	0.02264	2.63	93961	2128	464764	3141938	33.44
2000-2009	50-54	0.00649	0.03198	2.63	91833	2937	452198	2677174	29.15
2000-2009	55-59	0.00923	0.04515	2.63	88896	4014	434952	2224975	25.03
2000-2009	60-64	0.01368	0.06626	2.63	84883	5624	411064	1790024	21.09
2000-2009	65-69	0.02037	0.09715	2.63	79258	7700	378017	1378959	17.40
2000-2009	70-74	0.03094	0.14407	2.62	71559	10310	333268	1000943	13.99
2000-2009	75-79	0.04811	0.21548	2.58	61249	13198	274315	667675	10.90
2000-2009	80-84	0.07731	0.32501	2.55	48051	15617	202011	393360	8.19
2000-2009	85-89	0.12923	0.48642	2.46	32434	15777	122077	191348	5.90
2000-2009	90-94	0.20926	0.66535	2.26	16658	11083	52962	69272	4.16
2000-2009	95-99	0.32253	0.82049	2.01	5575	4574	14181	16309	2.93
2000-2009	100-104	0.46072	0.91719	1.72	1001	918	1992	2128	2.13
2000-2009	105-109	0.60719	0.96359	1.46	83	80	132	136	1.64
2000-2009	110+	0.72155	1.00000	1.39	3	3	4	4	1.39
2010-2019	0	0.00724	0.00719	0.07	100000	719	99330	7610982	76.11
2010-2019	1-4	0.00031	0.00123	1.63	99281	122	396834	7511652	75.66
2010-2019	5-9	0.00014	0.00070	2.48	99159	69	495618	7114817	71.75
2010-2019	10-14	0.00017	0.00087	2.88	99089	86	495263	6619200	66.80
2010-2019	15-19	0.00062	0.00311	3.04	99003	308	494410	6123937	61.86
2010-2019	20-24	0.00107	0.00532	2.55	98695	525	492191	5629527	57.04
2010-2019	25-29	0.00136	0.00677	2.63	98170	664	489276	5137336	52.33
2010-2019	30-34	0.00172	0.00857	2.6	97506	836	485523	4648060	47.67
2010-2019	35-39	0.00218	0.01083	2.59	96670	1047	480826	4162536	43.06
2010-2019	40-44	0.00294	0.01461	2.64	95623	1397	474822	3681710	38.50
2010-2019	45-49	0.00448	0.02215	2.67	94226	2087	466263	3206888	34.03
2010-2019	50-54	0.00679	0.03339	2.64	92139	3077	453427	2740625	29.74
2010-2019	55-59	0.00990	0.04834	2.61	89063	4305	435013	2287198	25.68
2010-2019	60-64	0.01346	0.06519	2.61	84758	5526	410608	1852185	21.85
2010-2019	65-69	0.01875	0.08976	2.62	79232	7112	379222	1441577	18.19
2010-2019	70-74	0.02786	0.13062	2.61	72120	9420	338125	1062356	14.73
2010-2019	75-79	0.04311	0.19531	2.6	62700	12246	284066	724231	11.55
2010-2019	80-84	0.06821	0.29244	2.56	50454	14755	216299	440165	8.72
2010-2019	85-89	0.11653	0.45043	2.48	35699	16080	137996	223866	6.27
2010-2019	90-94	0.19522	0.63863	2.29	19619	12529	64181	85870	4.38
2010-2019	95-99	0.30569	0.80346	2.05	7090	5696	18634	21689	3.06
2010-2019	100-104	0.44560	0.91025	1.75	1393	1268	2846	3055	2.19
2010-2019	105-109	0.59639	0.96152	1.48	125	120	202	208	1.67
2010-2019	110+	0.71501	1.00000	1.4	5	5	7	7	1.40
