TN: Tennessee, Lifetables (period 5x1), Females Last modified: 20 Dec 2020, MPv5 (May07) 

Year	Age	mx	qx	ax	lx	dx	Lx	Tx	ex
1959	0	0.02873	0.02803	0.13	100000	2803	97571	7277936	72.78
1959	1-4	0.00106	0.00422	1.63	97197	410	387815	7180365	73.87
1959	5-9	0.00038	0.00189	2.1	96787	183	483404	6792550	70.18
1959	10-14	0.00033	0.00165	2.85	96604	159	482677	6309147	65.31
1959	15-19	0.00068	0.00340	2.56	96445	328	481425	5826470	60.41
1959	20-24	0.00069	0.00344	2.48	96117	331	479751	5345045	55.61
1959	25-29	0.00092	0.00457	2.62	95786	438	477886	4865294	50.79
1959	30-34	0.00151	0.00752	2.73	95348	717	475114	4387408	46.01
1959	35-39	0.00193	0.00961	2.75	94631	910	471108	3912294	41.34
1959	40-44	0.00259	0.01287	2.68	93721	1206	465810	3441186	36.72
1959	45-49	0.00474	0.02345	2.56	92515	2169	457274	2975376	32.16
1959	50-54	0.00663	0.03263	2.62	90346	2948	444712	2518102	27.87
1959	55-59	0.00984	0.04812	2.7	87398	4206	427320	2073390	23.72
1959	60-64	0.01380	0.06681	2.62	83193	5558	402726	1646070	19.79
1959	65-69	0.02188	0.10416	2.69	77635	8086	369495	1243344	16.02
1959	70-74	0.03737	0.17119	2.55	69549	11906	318577	873849	12.56
1959	75-79	0.06077	0.26430	2.54	57642	15235	250706	555272	9.63
1959	80-84	0.09956	0.39914	2.52	42407	16927	170007	304566	7.18
1959	85-89	0.15638	0.55241	2.34	25481	14076	90008	134558	5.28
1959	90-94	0.23341	0.69628	2.1	11405	7941	34022	44550	3.91
1959	95-99	0.31162	0.80547	2	3464	2790	8953	10528	3.04
1959	100-104	0.41756	0.89122	1.78	674	601	1438	1575	2.34
1959	105-109	0.53187	0.94227	1.57	73	69	130	137	1.86
1959	110+	0.62497	1.00000	1.6	4	4	7	7	1.60
1960	0	0.02646	0.02587	0.13	100000	2587	97742	7278630	72.79
1960	1-4	0.00122	0.00486	1.44	97413	474	388439	7180888	73.72
1960	5-9	0.00052	0.00261	2.2	96940	253	483992	6792448	70.07
1960	10-14	0.00040	0.00201	2.62	96687	194	482974	6308456	65.25
1960	15-19	0.00052	0.00262	2.83	96493	253	481918	5825482	60.37
1960	20-24	0.00090	0.00451	2.55	96240	434	480136	5343564	55.52
1960	25-29	0.00115	0.00576	2.73	95806	552	477779	4863428	50.76
1960	30-34	0.00126	0.00629	2.56	95254	599	474813	4385648	46.04
1960	35-39	0.00187	0.00931	2.69	94655	881	471241	3910835	41.32
1960	40-44	0.00305	0.01515	2.77	93775	1421	465700	3439594	36.68
1960	45-49	0.00435	0.02155	2.68	92354	1990	457160	2973894	32.20
1960	50-54	0.00639	0.03147	2.56	90363	2844	444881	2516734	27.85
1960	55-59	0.00954	0.04666	2.69	87519	4083	428176	2071853	23.67
1960	60-64	0.01461	0.07055	2.6	83436	5887	403039	1643678	19.70
1960	65-69	0.02337	0.11085	2.68	77549	8597	367773	1240639	16.00
1960	70-74	0.03676	0.16894	2.61	68953	11649	316894	872865	12.66
1960	75-79	0.05944	0.26036	2.62	57304	14919	250996	555972	9.70
1960	80-84	0.09744	0.39276	2.53	42384	16647	170846	304976	7.20
1960	85-89	0.15698	0.55431	2.35	25738	14267	90884	134130	5.21
1960	90-94	0.24056	0.71271	2.14	11471	8175	33984	43247	3.77
1960	95-99	0.33944	0.83439	1.95	3296	2750	8101	9262	2.81
1960	100-104	0.46120	0.91567	1.71	546	500	1084	1161	2.13
1960	105-109	0.58836	0.95850	1.48	46	44	75	78	1.69
1960	110+	0.68881	1.00000	1.45	2	2	3	3	1.45
1961	0	0.02584	0.02527	0.13	100000	2527	97790	7313576	73.14
1961	1-4	0.00113	0.00450	1.52	97473	439	388802	7215786	74.03
1961	5-9	0.00044	0.00218	2.44	97034	211	484629	6826984	70.36
1961	10-14	0.00029	0.00147	2.81	96822	142	483801	6342355	65.51
1961	15-19	0.00061	0.00304	2.92	96681	294	482792	5858554	60.60
1961	20-24	0.00080	0.00399	2.61	96387	385	481015	5375762	55.77
1961	25-29	0.00100	0.00498	2.56	96002	478	478843	4894747	50.99
1961	30-34	0.00142	0.00708	2.7	95524	677	476060	4415903	46.23
1961	35-39	0.00180	0.00897	2.73	94847	850	472307	3939844	41.54
1961	40-44	0.00303	0.01505	2.62	93997	1415	466616	3467536	36.89
1961	45-49	0.00446	0.02208	2.74	92582	2045	458295	3000920	32.41
1961	50-54	0.00593	0.02925	2.61	90537	2648	446352	2542625	28.08
1961	55-59	0.00950	0.04643	2.61	87889	4081	429679	2096272	23.85
1961	60-64	0.01470	0.07097	2.55	83808	5948	404490	1666594	19.89
1961	65-69	0.02160	0.10295	2.73	77860	8016	371081	1262104	16.21
1961	70-74	0.03623	0.16663	2.59	69844	11638	321219	891023	12.76
1961	75-79	0.05682	0.24955	2.56	58206	14525	255656	569803	9.79
1961	80-84	0.10032	0.40344	2.57	43681	17622	175654	314147	7.19
1961	85-89	0.15508	0.55104	2.37	26058	14359	92593	138493	5.31
1961	90-94	0.22971	0.69652	2.17	11699	8149	35474	45900	3.92
1961	95-99	0.32355	0.81837	1.98	3550	2906	8980	10427	2.94
1961	100-104	0.43625	0.90242	1.75	645	582	1334	1446	2.24
1961	105-109	0.55629	0.94992	1.53	63	60	107	112	1.78
1961	110+	0.65295	1.00000	1.53	3	3	5	5	1.53
1962	0	0.02486	0.02433	0.12	100000	2433	97866	7294702	72.95
1962	1-4	0.00105	0.00420	1.44	97567	410	389222	7196836	73.76
1962	5-9	0.00050	0.00249	2.09	97158	242	485086	6807614	70.07
1962	10-14	0.00037	0.00185	2.85	96916	179	484193	6322528	65.24
1962	15-19	0.00065	0.00325	2.71	96737	315	482961	5838335	60.35
1962	20-24	0.00073	0.00366	2.49	96422	353	481223	5355374	55.54
1962	25-29	0.00084	0.00421	2.67	96069	404	479404	4874151	50.74
1962	30-34	0.00131	0.00651	2.86	95665	623	476993	4394746	45.94
1962	35-39	0.00196	0.00978	2.76	95042	929	473131	3917753	41.22
1962	40-44	0.00295	0.01464	2.6	94113	1378	467257	3444622	36.60
1962	45-49	0.00434	0.02148	2.7	92735	1992	459097	2977365	32.11
1962	50-54	0.00646	0.03182	2.56	90743	2887	446680	2518268	27.75
1962	55-59	0.00967	0.04729	2.67	87856	4155	429602	2071588	23.58
1962	60-64	0.01441	0.06966	2.6	83701	5831	404533	1641986	19.62
1962	65-69	0.02263	0.10741	2.63	77870	8364	369534	1237453	15.89
1962	70-74	0.03689	0.16969	2.64	69506	11795	319726	867920	12.49
1962	75-79	0.06067	0.26447	2.58	57712	15263	251564	548193	9.50
1962	80-84	0.10106	0.40412	2.52	42449	17155	169754	296629	6.99
1962	85-89	0.17021	0.58480	2.33	25294	14792	86903	126875	5.02
1962	90-94	0.23899	0.70948	2.14	10502	7451	31177	39972	3.81
1962	95-99	0.33057	0.82512	1.97	3051	2517	7616	8795	2.88
1962	100-104	0.44325	0.90605	1.74	534	483	1091	1179	2.21
1962	105-109	0.56247	0.95157	1.52	50	48	85	88	1.77
1962	110+	0.65812	1.00000	1.52	2	2	4	4	1.52
1963	0	0.02490	0.02436	0.12	100000	2436	97863	7301923	73.02
1963	1-4	0.00087	0.00346	1.46	97564	338	389395	7204061	73.84
1963	5-9	0.00037	0.00184	2.53	97226	179	485687	6814665	70.09
1963	10-14	0.00037	0.00185	2.75	97047	179	484832	6328979	65.22
1963	15-19	0.00062	0.00312	2.83	96868	302	483683	5844147	60.33
1963	20-24	0.00086	0.00429	2.53	96566	415	481808	5360464	55.51
1963	25-29	0.00101	0.00505	2.39	96151	486	479487	4878656	50.74
1963	30-34	0.00138	0.00687	2.66	95666	657	476791	4399169	45.98
1963	35-39	0.00191	0.00953	2.47	95009	905	472756	3922378	41.28
1963	40-44	0.00292	0.01450	2.76	94104	1364	467469	3449622	36.66
1963	45-49	0.00431	0.02135	2.67	92739	1980	459087	2982153	32.16
1963	50-54	0.00647	0.03183	2.54	90759	2889	446686	2523066	27.80
1963	55-59	0.00948	0.04633	2.55	87870	4071	429362	2076380	23.63
1963	60-64	0.01488	0.07187	2.64	83799	6022	404773	1647018	19.65
1963	65-69	0.02147	0.10217	2.63	77777	7946	370054	1242246	15.97
1963	70-74	0.03688	0.16968	2.65	69830	11848	321312	872191	12.49
1963	75-79	0.05910	0.25829	2.56	57982	14976	253410	550879	9.50
1963	80-84	0.10403	0.41528	2.57	43006	17859	171671	297469	6.92
1963	85-89	0.16856	0.58184	2.34	25146	14631	86803	125798	5.00
1963	90-94	0.24546	0.72203	2.15	10515	7592	30931	38995	3.71
1963	95-99	0.34691	0.84074	1.94	2923	2457	7084	8064	2.76
1963	100-104	0.46662	0.91793	1.7	465	427	916	980	2.11
1963	105-109	0.59087	0.95893	1.48	38	37	62	64	1.68
1963	110+	0.68890	1.00000	1.45	2	2	2	2	1.45
1964	0	0.02400	0.02350	0.12	100000	2350	97932	7335190	73.35
1964	1-4	0.00105	0.00419	1.44	97650	410	389549	7237257	74.11
1964	5-9	0.00040	0.00201	2.02	97240	196	485617	6847709	70.42
1964	10-14	0.00034	0.00168	2.36	97044	163	484790	6362091	65.56
1964	15-19	0.00057	0.00284	2.5	96881	275	483718	5877302	60.67
1964	20-24	0.00069	0.00344	2.39	96606	333	482162	5393583	55.83
1964	25-29	0.00115	0.00575	2.73	96273	554	480108	4911421	51.02
1964	30-34	0.00135	0.00671	2.64	95719	643	477082	4431314	46.29
1964	35-39	0.00197	0.00980	2.75	95077	932	473291	3954231	41.59
1964	40-44	0.00299	0.01487	2.65	94145	1400	467436	3480940	36.97
1964	45-49	0.00427	0.02112	2.65	92745	1959	459124	3013504	32.49
1964	50-54	0.00645	0.03178	2.66	90786	2886	447186	2554380	28.14
1964	55-59	0.00938	0.04586	2.63	87901	4031	429930	2107194	23.97
1964	60-64	0.01484	0.07177	2.72	83870	6020	405601	1677263	20.00
1964	65-69	0.02161	0.10283	2.66	77850	8005	370492	1271662	16.33
1964	70-74	0.03462	0.16022	2.68	69845	11191	323259	901170	12.90
1964	75-79	0.05681	0.24907	2.53	58654	14609	257146	577911	9.85
1964	80-84	0.09786	0.39335	2.51	44045	17325	177037	320765	7.28
1964	85-89	0.15343	0.54610	2.36	26720	14592	95102	143729	5.38
1964	90-94	0.22400	0.68683	2.18	12128	8330	37188	48627	4.01
1964	95-99	0.31457	0.80896	2	3798	3073	9768	11439	3.01
1964	100-104	0.42397	0.89533	1.77	726	650	1532	1671	2.30
1964	105-109	0.54162	0.94552	1.56	76	72	133	139	1.83
1964	110+	0.63706	1.00000	1.57	4	4	6	6	1.57
1965	0	0.02249	0.02205	0.12	100000	2205	98051	7365936	73.66
1965	1-4	0.00101	0.00402	1.57	97795	394	390225	7267885	74.32
1965	5-9	0.00041	0.00204	2.28	97401	199	486468	6877660	70.61
1965	10-14	0.00031	0.00153	2.67	97203	149	485668	6391192	65.75
1965	15-19	0.00057	0.00282	2.89	97054	274	484691	5905524	60.85
1965	20-24	0.00080	0.00398	2.61	96780	385	482980	5420833	56.01
1965	25-29	0.00088	0.00440	2.83	96395	424	481054	4937853	51.23
1965	30-34	0.00124	0.00618	2.63	95971	593	478449	4456798	46.44
1965	35-39	0.00191	0.00953	2.62	95378	909	474722	3978349	41.71
1965	40-44	0.00300	0.01487	2.62	94469	1405	469000	3503627	37.09
1965	45-49	0.00419	0.02073	2.64	93064	1929	460770	3034627	32.61
1965	50-54	0.00585	0.02886	2.55	91135	2630	449237	2573857	28.24
1965	55-59	0.00944	0.04614	2.57	88505	4084	432583	2124620	24.01
1965	60-64	0.01406	0.06807	2.67	84421	5747	408741	1692037	20.04
1965	65-69	0.02213	0.10515	2.63	78674	8273	373767	1283297	16.31
1965	70-74	0.03320	0.15390	2.63	70401	10835	326374	909530	12.92
1965	75-79	0.05781	0.25328	2.56	59567	15087	260980	583155	9.79
1965	80-84	0.09815	0.39403	2.5	44480	17527	178571	322175	7.24
1965	85-89	0.15177	0.54047	2.34	26953	14567	95983	143604	5.33
1965	90-94	0.23655	0.70419	2.13	12386	8722	36871	47621	3.84
1965	95-99	0.32377	0.81873	1.98	3664	3000	9265	10750	2.93
1965	100-104	0.43764	0.90327	1.75	664	600	1371	1485	2.24
1965	105-109	0.55884	0.95070	1.53	64	61	109	114	1.78
1965	110+	0.65631	1.00000	1.52	3	3	5	5	1.52
1966	0	0.02187	0.02145	0.11	100000	2145	98100	7359833	73.60
1966	1-4	0.00096	0.00383	1.56	97855	375	390504	7261733	74.21
1966	5-9	0.00043	0.00215	2.29	97480	210	486833	6871228	70.49
1966	10-14	0.00047	0.00233	2.79	97270	226	485851	6384395	65.64
1966	15-19	0.00064	0.00317	2.68	97044	308	484505	5898545	60.78
1966	20-24	0.00065	0.00325	2.38	96736	314	482858	5414040	55.97
1966	25-29	0.00093	0.00463	2.72	96422	447	481091	4931182	51.14
1966	30-34	0.00137	0.00683	2.68	95975	656	478352	4450091	46.37
1966	35-39	0.00194	0.00963	2.65	95319	918	474437	3971739	41.67
1966	40-44	0.00304	0.01509	2.57	94401	1424	468542	3497302	37.05
1966	45-49	0.00449	0.02220	2.7	92977	2064	460128	3028760	32.58
1966	50-54	0.00573	0.02828	2.62	90913	2571	448445	2568632	28.25
1966	55-59	0.00934	0.04572	2.73	88342	4039	432548	2120187	24.00
1966	60-64	0.01301	0.06307	2.61	84303	5317	408797	1687639	20.02
1966	65-69	0.02246	0.10668	2.64	78986	8426	375085	1278841	16.19
1966	70-74	0.03527	0.16293	2.66	70560	11496	325920	903756	12.81
1966	75-79	0.05871	0.25725	2.6	59064	15194	258817	577836	9.78
1966	80-84	0.09495	0.38538	2.56	43870	16907	178061	319019	7.27
1966	85-89	0.15905	0.56163	2.38	26963	15143	95214	140958	5.23
1966	90-94	0.23282	0.70200	2.17	11820	8298	35639	45744	3.87
1966	95-99	0.33169	0.82704	1.97	3522	2913	8783	10105	2.87
1966	100-104	0.45142	0.91085	1.73	609	555	1229	1323	2.17
1966	105-109	0.57755	0.95586	1.5	54	52	90	93	1.72
1966	110+	0.67789	1.00000	1.48	2	2	4	4	1.48
1967	0	0.02222	0.02179	0.12	100000	2179	98072	7419994	74.20
1967	1-4	0.00087	0.00348	1.67	97821	340	390492	7321922	74.85
1967	5-9	0.00038	0.00188	2.32	97481	184	486913	6931430	71.11
1967	10-14	0.00031	0.00157	2.89	97298	153	486165	6444516	66.24
1967	15-19	0.00055	0.00272	3.03	97145	265	485202	5958352	61.33
1967	20-24	0.00079	0.00396	2.62	96880	384	483485	5473150	56.49
1967	25-29	0.00095	0.00473	2.72	96496	456	481439	4989665	51.71
1967	30-34	0.00123	0.00611	2.77	96040	587	478894	4508226	46.94
1967	35-39	0.00171	0.00851	2.6	95453	812	475321	4029332	42.21
1967	40-44	0.00278	0.01381	2.61	94641	1307	470079	3554011	37.55
1967	45-49	0.00380	0.01883	2.67	93334	1758	462572	3083933	33.04
1967	50-54	0.00678	0.03341	2.76	91576	3059	451020	2621360	28.62
1967	55-59	0.00884	0.04331	2.66	88517	3834	433595	2170340	24.52
1967	60-64	0.01225	0.05951	2.61	84683	5040	411391	1736745	20.51
1967	65-69	0.02153	0.10246	2.65	79643	8161	379045	1325354	16.64
1967	70-74	0.03265	0.15161	2.65	71483	10837	331949	946309	13.24
1967	75-79	0.05494	0.24282	2.61	60645	14726	268038	614360	10.13
1967	80-84	0.08972	0.36674	2.51	45920	16841	187711	346322	7.54
1967	85-89	0.15104	0.53596	2.29	29079	15585	103185	158611	5.45
1967	90-94	0.21631	0.67532	2.22	13494	9112	42128	55426	4.11
1967	95-99	0.31132	0.80605	2.01	4381	3531	11343	13298	3.04
1967	100-104	0.42438	0.89598	1.78	850	761	1794	1955	2.30
1967	105-109	0.54622	0.94716	1.55	88	84	153	161	1.82
1967	110+	0.64492	1.00000	1.55	5	5	7	7	1.55
1968	0	0.02092	0.02054	0.11	100000	2054	98176	7391952	73.92
1968	1-4	0.00083	0.00331	1.39	97946	324	390939	7293776	74.47
1968	5-9	0.00035	0.00177	2.32	97622	172	487649	6902838	70.71
1968	10-14	0.00031	0.00153	2.35	97450	149	486854	6415189	65.83
1968	15-19	0.00058	0.00289	2.54	97301	281	485814	5928335	60.93
1968	20-24	0.00078	0.00390	2.53	97020	378	484165	5442521	56.10
1968	25-29	0.00086	0.00430	2.56	96642	416	482191	4958357	51.31
1968	30-34	0.00121	0.00605	2.64	96226	582	479752	4476165	46.52
1968	35-39	0.00198	0.00987	2.46	95643	944	475818	3996413	41.78
1968	40-44	0.00288	0.01431	2.49	94700	1355	470102	3520595	37.18
1968	45-49	0.00463	0.02292	2.68	93344	2139	461752	3050493	32.68
1968	50-54	0.00592	0.02922	2.69	91205	2665	449883	2588741	28.38
1968	55-59	0.00872	0.04270	2.65	88540	3781	433812	2138858	24.16
1968	60-64	0.01354	0.06557	2.58	84759	5557	410341	1705047	20.12
1968	65-69	0.02211	0.10481	2.53	79202	8301	375497	1294706	16.35
1968	70-74	0.03395	0.15715	2.64	70900	11142	328165	919209	12.96
1968	75-79	0.05712	0.25040	2.54	59758	14963	261971	591044	9.89
1968	80-84	0.09484	0.38379	2.52	44795	17192	181276	329073	7.35
1968	85-89	0.15280	0.54899	2.44	27603	15154	99172	147797	5.35
1968	90-94	0.23012	0.69817	2.18	12449	8692	37770	48626	3.91
1968	95-99	0.32906	0.82450	1.97	3757	3098	9415	10856	2.89
1968	100-104	0.44838	0.90932	1.73	659	600	1337	1441	2.18
1968	105-109	0.57444	0.95508	1.51	60	57	99	103	1.73
1968	110+	0.67491	1.00000	1.48	3	3	4	4	1.48
1969	0	0.01998	0.01963	0.11	100000	1963	98251	7393540	73.94
1969	1-4	0.00076	0.00305	1.57	98037	299	391419	7295290	74.41
1969	5-9	0.00036	0.00178	2.63	97737	174	488273	6903871	70.64
1969	10-14	0.00033	0.00163	2.53	97563	159	487424	6415598	65.76
1969	15-19	0.00066	0.00332	2.61	97405	323	486251	5928174	60.86
1969	20-24	0.00081	0.00405	2.18	97081	393	484300	5441923	56.06
1969	25-29	0.00096	0.00481	2.57	96688	465	482313	4957623	51.27
1969	30-34	0.00130	0.00646	2.64	96223	622	479648	4475310	46.51
1969	35-39	0.00212	0.01056	2.71	95601	1009	475696	3995662	41.80
1969	40-44	0.00294	0.01460	2.71	94592	1381	469795	3519966	37.21
1969	45-49	0.00450	0.02228	2.65	93211	2077	461184	3050172	32.72
1969	50-54	0.00613	0.03023	2.65	91134	2755	449202	2588987	28.41
1969	55-59	0.00932	0.04557	2.59	88379	4027	432195	2139785	24.21
1969	60-64	0.01401	0.06787	2.69	84351	5725	408554	1707590	20.24
1969	65-69	0.02094	0.09973	2.62	78627	7841	374504	1299036	16.52
1969	70-74	0.03311	0.15351	2.63	70785	10866	328213	924533	13.06
1969	75-79	0.05751	0.25275	2.61	59919	15145	263342	596320	9.95
1969	80-84	0.09265	0.37653	2.51	44775	16859	181971	332978	7.44
1969	85-89	0.15165	0.54537	2.43	27916	15225	100394	151007	5.41
1969	90-94	0.22395	0.69039	2.22	12691	8762	39124	50612	3.99
1969	95-99	0.32458	0.82015	1.98	3929	3223	9929	11488	2.92
1969	100-104	0.44349	0.90684	1.74	707	641	1445	1560	2.21
1969	105-109	0.56970	0.95388	1.51	66	63	110	115	1.74
1969	110+	0.67059	1.00000	1.49	3	3	5	5	1.49
1970	0	0.01984	0.01949	0.11	100000	1949	98262	7418579	74.19
1970	1-4	0.00089	0.00356	1.63	98051	349	391376	7320316	74.66
1970	5-9	0.00039	0.00194	2.2	97702	189	487979	6928940	70.92
1970	10-14	0.00035	0.00177	2.56	97513	173	487141	6440961	66.05
1970	15-19	0.00069	0.00343	2.87	97340	334	485987	5953821	61.17
1970	20-24	0.00080	0.00398	2.7	97006	387	484140	5467834	56.37
1970	25-29	0.00095	0.00472	2.62	96619	456	482010	4983693	51.58
1970	30-34	0.00133	0.00660	2.5	96163	635	479232	4501683	46.81
1970	35-39	0.00189	0.00944	2.88	95528	901	475731	4022451	42.11
1970	40-44	0.00321	0.01593	2.59	94627	1508	469496	3546720	37.48
1970	45-49	0.00447	0.02211	2.68	93119	2059	460826	3077224	33.05
1970	50-54	0.00612	0.03015	2.58	91061	2745	448661	2616397	28.73
1970	55-59	0.00927	0.04536	2.64	88315	4006	432106	2167736	24.55
1970	60-64	0.01298	0.06297	2.61	84309	5309	408847	1735630	20.59
1970	65-69	0.02057	0.09812	2.67	79001	7752	376926	1326783	16.79
1970	70-74	0.03226	0.14972	2.61	71249	10667	330700	949857	13.33
1970	75-79	0.05466	0.24126	2.57	60582	14616	267423	619157	10.22
1970	80-84	0.08826	0.36167	2.5	45966	16624	188349	351733	7.65
1970	85-89	0.14235	0.52012	2.41	29341	15261	107210	163384	5.57
1970	90-94	0.22472	0.68580	2.16	14080	9656	42970	56175	3.99
1970	95-99	0.31685	0.81250	2	4424	3594	11344	13204	2.98
1970	100-104	0.43595	0.90296	1.76	830	749	1718	1860	2.24
1970	105-109	0.56333	0.95228	1.52	80	77	136	142	1.76
1970	110+	0.66557	1.00000	1.5	4	4	6	6	1.50
1971	0	0.01848	0.01818	0.1	100000	1818	98372	7472014	74.72
1971	1-4	0.00076	0.00302	1.69	98182	296	392042	7373642	75.10
1971	5-9	0.00041	0.00205	2.1	97885	201	488845	6981601	71.32
1971	10-14	0.00029	0.00145	2.53	97685	142	488073	6492756	66.47
1971	15-19	0.00065	0.00327	2.8	97543	319	487013	6004683	61.56
1971	20-24	0.00078	0.00388	2.53	97224	377	485192	5517670	56.75
1971	25-29	0.00081	0.00403	2.63	96847	391	483313	5032479	51.96
1971	30-34	0.00127	0.00634	2.71	96457	612	480884	4549166	47.16
1971	35-39	0.00172	0.00858	2.73	95845	823	477361	4068282	42.45
1971	40-44	0.00289	0.01434	2.61	95022	1362	471852	3590921	37.79
1971	45-49	0.00392	0.01944	2.71	93660	1821	464138	3119069	33.30
1971	50-54	0.00636	0.03134	2.69	91839	2879	452554	2654930	28.91
1971	55-59	0.00860	0.04213	2.57	88960	3748	435693	2202377	24.76
1971	60-64	0.01268	0.06153	2.59	85212	5243	413416	1766684	20.73
1971	65-69	0.01944	0.09289	2.62	79969	7428	382137	1353268	16.92
1971	70-74	0.03278	0.15188	2.59	72541	11017	336120	971131	13.39
1971	75-79	0.05331	0.23651	2.62	61523	14551	272968	635011	10.32
1971	80-84	0.08706	0.35827	2.53	46972	16829	193301	362043	7.71
1971	85-89	0.14533	0.52559	2.37	30144	15843	109020	168742	5.60
1971	90-94	0.21018	0.66760	2.27	14300	9547	45422	59722	4.18
1971	95-99	0.31400	0.80950	2.01	4753	3848	12255	14300	3.01
1971	100-104	0.43248	0.90106	1.76	905	816	1887	2045	2.26
1971	105-109	0.55961	0.95127	1.53	90	85	152	159	1.77
1971	110+	0.66189	1.00000	1.51	4	4	7	7	1.51
1972	0	0.01838	0.01808	0.1	100000	1808	98381	7487313	74.87
1972	1-4	0.00062	0.00247	1.15	98192	242	392078	7388933	75.25
1972	5-9	0.00048	0.00242	2.58	97949	237	489174	6996855	71.43
1972	10-14	0.00033	0.00167	2.76	97713	163	488197	6507681	66.60
1972	15-19	0.00053	0.00266	2.72	97550	259	487158	6019483	61.71
1972	20-24	0.00070	0.00349	2.68	97291	340	485663	5532325	56.86
1972	25-29	0.00090	0.00449	2.53	96951	436	483676	5046662	52.05
1972	30-34	0.00110	0.00550	2.86	96515	531	481441	4562986	47.28
1972	35-39	0.00181	0.00901	2.63	95984	865	477873	4081545	42.52
1972	40-44	0.00244	0.01212	2.7	95119	1153	472941	3603672	37.89
1972	45-49	0.00426	0.02110	2.62	93966	1983	465113	3130731	33.32
1972	50-54	0.00581	0.02863	2.61	91983	2634	453627	2665618	28.98
1972	55-59	0.00842	0.04126	2.62	89349	3687	437955	2211992	24.76
1972	60-64	0.01256	0.06095	2.58	85663	5221	415698	1774037	20.71
1972	65-69	0.01957	0.09353	2.63	80442	7524	384392	1358339	16.89
1972	70-74	0.03330	0.15449	2.67	72918	11265	338295	973947	13.36
1972	75-79	0.05397	0.23915	2.62	61653	14744	273216	635652	10.31
1972	80-84	0.08845	0.36151	2.47	46908	16958	191719	362436	7.73
1972	85-89	0.14134	0.51792	2.42	29951	15512	109753	170717	5.70
1972	90-94	0.21037	0.66193	2.2	14439	9557	45431	60964	4.22
1972	95-99	0.29511	0.78764	2.04	4881	3845	13028	15534	3.18
1972	100-104	0.40228	0.88205	1.82	1037	914	2273	2506	2.42
1972	105-109	0.51977	0.93851	1.6	122	115	221	233	1.91
1972	110+	0.61615	1.00000	1.62	8	8	12	12	1.62
1973	0	0.01858	0.01828	0.11	100000	1828	98364	7485600	74.86
1973	1-4	0.00077	0.00307	1.51	98172	302	391936	7387236	75.25
1973	5-9	0.00038	0.00189	2.31	97870	185	488854	6995300	71.48
1973	10-14	0.00030	0.00151	2.76	97685	147	488095	6506446	66.61
1973	15-19	0.00068	0.00342	2.92	97538	333	486995	6018351	61.70
1973	20-24	0.00062	0.00310	2.46	97205	302	485255	5531356	56.90
1973	25-29	0.00081	0.00404	2.46	96903	392	483518	5046101	52.07
1973	30-34	0.00100	0.00497	2.61	96511	480	481407	4562583	47.28
1973	35-39	0.00186	0.00925	2.78	96031	888	478189	4081176	42.50
1973	40-44	0.00257	0.01278	2.63	95143	1216	472834	3602988	37.87
1973	45-49	0.00438	0.02170	2.71	93928	2038	464969	3130154	33.33
1973	50-54	0.00633	0.03121	2.67	91889	2868	452765	2665185	29.00
1973	55-59	0.00816	0.04003	2.68	89022	3564	436826	2212420	24.85
1973	60-64	0.01307	0.06338	2.6	85458	5416	414280	1775594	20.78
1973	65-69	0.01895	0.09058	2.58	80041	7250	382650	1361313	17.01
1973	70-74	0.03204	0.14893	2.64	72792	10840	338353	978664	13.44
1973	75-79	0.05184	0.23051	2.6	61951	14280	275454	640311	10.34
1973	80-84	0.08925	0.36659	2.57	47671	17476	195810	364856	7.65
1973	85-89	0.14626	0.53114	2.42	30195	16038	109653	169046	5.60
1973	90-94	0.21017	0.66791	2.27	14157	9456	44990	59393	4.20
1973	95-99	0.30786	0.80250	2.02	4701	3773	12255	14403	3.06
1973	100-104	0.42172	0.89457	1.78	929	831	1970	2148	2.31
1973	105-109	0.54483	0.94684	1.55	98	93	170	178	1.82
1973	110+	0.64467	1.00000	1.55	5	5	8	8	1.55
1974	0	0.01663	0.01638	0.1	100000	1638	98525	7528327	75.28
1974	1-4	0.00071	0.00282	1.53	98362	278	392760	7429803	75.54
1974	5-9	0.00032	0.00162	2.4	98084	159	490007	7037043	71.75
1974	10-14	0.00030	0.00148	2.99	97925	145	489335	6547036	66.86
1974	15-19	0.00058	0.00290	2.85	97780	283	488293	6057700	61.95
1974	20-24	0.00078	0.00389	2.62	97497	379	486582	5569407	57.12
1974	25-29	0.00100	0.00501	2.59	97118	487	484419	5082826	52.34
1974	30-34	0.00124	0.00616	2.72	96631	596	481796	4598407	47.59
1974	35-39	0.00160	0.00797	2.7	96036	765	478418	4116611	42.87
1974	40-44	0.00254	0.01264	2.73	95270	1204	473617	3638193	38.19
1974	45-49	0.00400	0.01982	2.67	94066	1864	465978	3164576	33.64
1974	50-54	0.00580	0.02860	2.62	92202	2637	454736	2698598	29.27
1974	55-59	0.00819	0.04016	2.65	89565	3597	439354	2243863	25.05
1974	60-64	0.01279	0.06209	2.64	85968	5338	417221	1804509	20.99
1974	65-69	0.01947	0.09305	2.62	80630	7503	385326	1387287	17.21
1974	70-74	0.03110	0.14497	2.67	73127	10601	340893	1001961	13.70
1974	75-79	0.05013	0.22334	2.56	62526	13965	278551	661068	10.57
1974	80-84	0.08306	0.34642	2.61	48562	16823	202541	382517	7.88
1974	85-89	0.14009	0.51282	2.39	31739	16276	116184	179976	5.67
1974	90-94	0.21180	0.67200	2.28	15463	10391	49060	63791	4.13
1974	95-99	0.32603	0.82289	1.99	5072	4173	12801	14732	2.90
1974	100-104	0.45577	0.91397	1.72	898	821	1801	1931	2.15
1974	105-109	0.59251	0.95994	1.48	77	74	125	130	1.68
1974	110+	0.70010	1.00000	1.43	3	3	4	4	1.43
1975	0	0.01537	0.01516	0.1	100000	1516	98629	7591178	75.91
1975	1-4	0.00070	0.00279	1.69	98484	275	393301	7492549	76.08
1975	5-9	0.00026	0.00128	2.48	98209	126	490729	7099248	72.29
1975	10-14	0.00028	0.00142	2.77	98083	140	490106	6608519	67.38
1975	15-19	0.00073	0.00363	2.82	97944	355	488945	6118413	62.47
1975	20-24	0.00069	0.00344	2.51	97588	336	487107	5629468	57.69
1975	25-29	0.00073	0.00366	2.53	97253	355	485387	5142360	52.88
1975	30-34	0.00101	0.00502	2.56	96897	486	483299	4656973	48.06
1975	35-39	0.00175	0.00873	2.82	96411	841	480224	4173674	43.29
1975	40-44	0.00255	0.01266	2.73	95570	1210	475101	3693450	38.65
1975	45-49	0.00361	0.01791	2.7	94360	1690	467910	3218349	34.11
1975	50-54	0.00567	0.02797	2.64	92670	2592	457230	2750439	29.68
1975	55-59	0.00827	0.04058	2.69	90078	3656	441937	2293209	25.46
1975	60-64	0.01211	0.05892	2.69	86423	5092	420364	1851271	21.42
1975	65-69	0.01811	0.08691	2.68	81331	7069	390260	1430907	17.59
1975	70-74	0.02902	0.13595	2.68	74262	10096	347878	1040647	14.01
1975	75-79	0.04836	0.21694	2.63	64166	13921	287855	692769	10.80
1975	80-84	0.08128	0.34000	2.6	50246	17084	210186	404913	8.06
1975	85-89	0.12988	0.48787	2.45	33162	16179	124564	194728	5.87
1975	90-94	0.21473	0.67186	2.21	16983	11411	53138	70163	4.13
1975	95-99	0.30788	0.80370	2.03	5573	4479	14548	17025	3.05
1975	100-104	0.43102	0.90081	1.77	1094	985	2286	2477	2.26
1975	105-109	0.56376	0.95272	1.53	109	103	183	191	1.76
1975	110+	0.67033	1.00000	1.49	5	5	8	8	1.49
1976	0	0.01501	0.01481	0.1	100000	1481	98659	7635166	76.35
1976	1-4	0.00057	0.00227	1.54	98519	224	393526	7536506	76.50
1976	5-9	0.00029	0.00144	1.93	98295	142	491041	7142981	72.67
1976	10-14	0.00025	0.00126	3.01	98154	123	490523	6651940	67.77
1976	15-19	0.00052	0.00258	2.76	98030	253	489586	6161417	62.85
1976	20-24	0.00063	0.00317	2.44	97778	310	488094	5671831	58.01
1976	25-29	0.00063	0.00315	2.6	97468	307	486603	5183737	53.18
1976	30-34	0.00095	0.00475	2.67	97161	462	484728	4697134	48.34
1976	35-39	0.00159	0.00792	2.48	96700	766	481568	4212406	43.56
1976	40-44	0.00241	0.01196	2.6	95934	1147	476912	3730838	38.89
1976	45-49	0.00362	0.01798	2.75	94787	1704	470101	3253926	34.33
1976	50-54	0.00563	0.02777	2.64	93083	2585	459323	2783825	29.91
1976	55-59	0.00768	0.03775	2.71	90498	3417	444653	2324501	25.69
1976	60-64	0.01207	0.05868	2.65	87081	5110	423418	1879848	21.59
1976	65-69	0.01855	0.08876	2.59	81971	7276	392332	1456431	17.77
1976	70-74	0.02833	0.13263	2.6	74695	9907	349735	1064099	14.25
1976	75-79	0.04689	0.21049	2.57	64788	13637	290840	714364	11.03
1976	80-84	0.07891	0.33060	2.55	51151	16910	214309	423524	8.28
1976	85-89	0.12728	0.47738	2.38	34241	16346	128428	209215	6.11
1976	90-94	0.18996	0.62745	2.3	17895	11228	59107	80788	4.51
1976	95-99	0.28683	0.77879	2.07	6667	5192	18101	21681	3.25
1976	100-104	0.39999	0.88137	1.83	1475	1300	3250	3580	2.43
1976	105-109	0.52505	0.94083	1.59	175	165	313	330	1.89
1976	110+	0.62766	1.00000	1.59	10	10	16	16	1.59
1977	0	0.01374	0.01357	0.09	100000	1357	98767	7674197	76.74
1977	1-4	0.00061	0.00243	1.79	98643	239	394045	7575430	76.80
1977	5-9	0.00024	0.00120	2.44	98404	118	491717	7181385	72.98
1977	10-14	0.00024	0.00122	3.04	98286	120	491193	6689668	68.06
1977	15-19	0.00058	0.00288	2.66	98166	283	490168	6198475	63.14
1977	20-24	0.00068	0.00341	2.46	97883	334	488568	5708307	58.32
1977	25-29	0.00069	0.00345	2.86	97549	337	487026	5219739	53.51
1977	30-34	0.00111	0.00554	2.6	97213	539	484773	4732713	48.68
1977	35-39	0.00122	0.00607	2.77	96674	587	482060	4247940	43.94
1977	40-44	0.00247	0.01230	2.77	96087	1182	477800	3765880	39.19
1977	45-49	0.00350	0.01737	2.65	94905	1648	470646	3288080	34.65
1977	50-54	0.00555	0.02738	2.65	93257	2553	460289	2817434	30.21
1977	55-59	0.00739	0.03635	2.74	90704	3297	446056	2357146	25.99
1977	60-64	0.01150	0.05597	2.61	87407	4892	425325	1911090	21.86
1977	65-69	0.01722	0.08280	2.68	82515	6832	396728	1485765	18.01
1977	70-74	0.02746	0.12902	2.67	75683	9764	355640	1089036	14.39
1977	75-79	0.04624	0.20850	2.65	65918	13744	297236	733397	11.13
1977	80-84	0.07545	0.31878	2.57	52174	16632	220430	436161	8.36
1977	85-89	0.12654	0.47614	2.4	35542	16923	133743	215731	6.07
1977	90-94	0.19757	0.64454	2.3	18619	12001	60742	81988	4.40
1977	95-99	0.29070	0.78401	2.06	6618	5189	17849	21246	3.21
1977	100-104	0.40910	0.88771	1.81	1429	1269	3102	3397	2.38
1977	105-109	0.53929	0.94566	1.57	161	152	281	295	1.84
1977	110+	0.64541	1.00000	1.55	9	9	14	14	1.55
1978	0	0.01363	0.01347	0.09	100000	1347	98776	7714667	77.15
1978	1-4	0.00061	0.00245	1.71	98653	242	394059	7615891	77.20
1978	5-9	0.00025	0.00124	2.53	98412	122	491756	7221832	73.38
1978	10-14	0.00024	0.00120	2.79	98289	118	491185	6730076	68.47
1978	15-19	0.00060	0.00298	2.74	98171	293	490194	6238891	63.55
1978	20-24	0.00071	0.00353	2.37	97878	346	488481	5748698	58.73
1978	25-29	0.00072	0.00362	2.59	97533	353	486815	5260217	53.93
1978	30-34	0.00074	0.00369	2.56	97180	358	485026	4773401	49.12
1978	35-39	0.00125	0.00624	2.57	96822	604	482639	4288375	44.29
1978	40-44	0.00209	0.01041	2.77	96218	1002	478853	3805736	39.55
1978	45-49	0.00325	0.01612	2.63	95217	1535	472444	3326883	34.94
1978	50-54	0.00519	0.02563	2.66	93681	2401	462784	2854440	30.47
1978	55-59	0.00764	0.03751	2.6	91280	3424	448191	2391656	26.20
1978	60-64	0.01146	0.05587	2.73	87856	4908	428156	1943465	22.12
1978	65-69	0.01658	0.07984	2.67	82947	6622	399325	1515308	18.27
1978	70-74	0.02653	0.12488	2.66	76325	9531	359303	1115983	14.62
1978	75-79	0.04418	0.19985	2.61	66793	13348	302128	756680	11.33
1978	80-84	0.07465	0.31619	2.58	53445	16899	226361	454551	8.51
1978	85-89	0.12095	0.46372	2.49	36546	16947	140119	228190	6.24
1978	90-94	0.19296	0.63356	2.29	19599	12417	64351	88071	4.49
1978	95-99	0.28126	0.77235	2.08	7182	5547	19722	23720	3.30
1978	100-104	0.39645	0.87936	1.84	1635	1438	3626	3999	2.45
1978	105-109	0.52450	0.94087	1.59	197	186	354	372	1.89
1978	110+	0.62973	1.00000	1.59	12	12	19	19	1.59
1979	0	0.01209	0.01195	0.09	100000	1195	98908	7757566	77.58
1979	1-4	0.00052	0.00206	1.84	98805	203	394778	7658658	77.51
1979	5-9	0.00024	0.00119	2.45	98601	118	492706	7263880	73.67
1979	10-14	0.00023	0.00114	2.88	98484	113	492179	6771173	68.75
1979	15-19	0.00059	0.00296	2.87	98371	291	491236	6278994	63.83
1979	20-24	0.00066	0.00331	2.58	98080	325	489615	5787758	59.01
1979	25-29	0.00077	0.00386	2.65	97755	377	487892	5298143	54.20
1979	30-34	0.00096	0.00479	2.71	97379	467	485822	4810251	49.40
1979	35-39	0.00132	0.00658	2.81	96912	638	483161	4324428	44.62
1979	40-44	0.00203	0.01008	2.69	96274	971	479133	3841267	39.90
1979	45-49	0.00322	0.01597	2.96	95303	1522	473409	3362135	35.28
1979	50-54	0.00528	0.02607	2.65	93781	2445	463162	2888725	30.80
1979	55-59	0.00767	0.03765	2.6	91336	3439	448417	2425564	26.56
1979	60-64	0.01092	0.05324	2.68	87897	4679	428635	1977147	22.49
1979	65-69	0.01607	0.07737	2.61	83218	6439	400715	1548512	18.61
1979	70-74	0.02551	0.12020	2.61	76779	9229	361810	1147797	14.95
1979	75-79	0.04141	0.18822	2.59	67550	12715	307078	785987	11.64
1979	80-84	0.07412	0.31457	2.6	54836	17250	232714	478909	8.73
1979	85-89	0.11432	0.44323	2.47	37586	16659	145719	246195	6.55
1979	90-94	0.17736	0.59788	2.28	20927	12512	70545	100476	4.80
1979	95-99	0.25841	0.74114	2.12	8415	6237	24135	29931	3.56
1979	100-104	0.36170	0.85282	1.9	2178	1858	5136	5796	2.66
1979	105-109	0.47942	0.92329	1.67	321	296	617	660	2.06
1979	110+	0.57794	1.00000	1.73	25	25	43	43	1.73
1980	0	0.01216	0.01203	0.09	100000	1203	98902	7718450	77.18
1980	1-4	0.00051	0.00203	1.62	98797	200	394713	7619548	77.12
1980	5-9	0.00029	0.00147	2.5	98597	145	492623	7224835	73.28
1980	10-14	0.00035	0.00175	2.44	98452	172	491820	6732212	68.38
1980	15-19	0.00063	0.00314	2.89	98280	309	490746	6240392	63.50
1980	20-24	0.00057	0.00286	2.86	97971	280	489256	5749646	58.69
1980	25-29	0.00072	0.00357	2.63	97691	349	487627	5260390	53.85
1980	30-34	0.00092	0.00460	2.8	97342	448	485725	4772763	49.03
1980	35-39	0.00150	0.00749	2.84	96894	725	482905	4287038	44.24
1980	40-44	0.00197	0.00983	2.71	96169	945	478677	3804133	39.56
1980	45-49	0.00317	0.01575	2.61	95224	1499	472534	3325456	34.92
1980	50-54	0.00528	0.02608	2.74	93724	2444	463086	2852923	30.44
1980	55-59	0.00778	0.03820	2.59	91280	3487	447997	2389836	26.18
1980	60-64	0.01135	0.05524	2.57	87793	4849	427172	1941839	22.12
1980	65-69	0.01607	0.07738	2.62	82944	6418	399454	1514666	18.26
1980	70-74	0.02659	0.12485	2.56	76525	9554	359291	1115213	14.57
1980	75-79	0.04354	0.19662	2.54	66971	13168	302448	755922	11.29
1980	80-84	0.07644	0.32232	2.57	53803	17342	226856	453474	8.43
1980	85-89	0.12228	0.46762	2.49	36462	17050	139431	226618	6.22
1980	90-94	0.19224	0.63010	2.27	19411	12231	63623	87187	4.49
1980	95-99	0.28351	0.77501	2.08	7180	5565	19628	23564	3.28
1980	100-104	0.39821	0.88044	1.83	1615	1422	3572	3936	2.44
1980	105-109	0.52542	0.94110	1.59	193	182	346	364	1.88
1980	110+	0.62987	1.00000	1.59	11	11	18	18	1.59
1981	0	0.01098	0.01087	0.08	100000	1087	99004	7762703	77.63
1981	1-4	0.00054	0.00215	1.52	98913	213	395126	7663699	77.48
1981	5-9	0.00023	0.00113	2.22	98701	112	493192	7268574	73.64
1981	10-14	0.00031	0.00155	2.61	98589	153	492578	6775381	68.72
1981	15-19	0.00054	0.00272	2.57	98436	268	491532	6282803	63.83
1981	20-24	0.00056	0.00280	2.61	98169	274	490188	5791271	58.99
1981	25-29	0.00074	0.00369	2.72	97894	361	488648	5301083	54.15
1981	30-34	0.00081	0.00402	2.58	97533	393	486716	4812435	49.34
1981	35-39	0.00136	0.00680	2.71	97141	661	484192	4325719	44.53
1981	40-44	0.00192	0.00957	2.72	96480	923	480293	3841527	39.82
1981	45-49	0.00311	0.01544	2.63	95557	1476	474292	3361233	35.18
1981	50-54	0.00468	0.02316	2.61	94081	2179	465208	2886941	30.69
1981	55-59	0.00807	0.03960	2.67	91903	3640	451040	2421734	26.35
1981	60-64	0.01158	0.05634	2.6	88263	4973	429374	1970694	22.33
1981	65-69	0.01713	0.08231	2.64	83290	6855	400256	1541320	18.51
1981	70-74	0.02551	0.12022	2.61	76435	9189	360249	1141064	14.93
1981	75-79	0.04068	0.18467	2.51	67246	12418	305287	780815	11.61
1981	80-84	0.07145	0.30380	2.54	54827	16656	233107	475528	8.67
1981	85-89	0.11798	0.45355	2.45	38171	17313	146747	242421	6.35
1981	90-94	0.18637	0.61713	2.26	20858	12872	69069	95674	4.59
1981	95-99	0.27819	0.76871	2.09	7986	6139	22067	26605	3.33
1981	100-104	0.39445	0.87820	1.84	1847	1622	4112	4537	2.46
1981	105-109	0.52411	0.94085	1.59	225	212	404	425	1.89
1981	110+	0.63075	1.00000	1.59	13	13	21	21	1.59
1982	0	0.01094	0.01083	0.08	100000	1083	99008	7794007	77.94
1982	1-4	0.00044	0.00177	1.44	98917	175	395222	7694999	77.79
1982	5-9	0.00023	0.00113	2.04	98743	112	493382	7299777	73.93
1982	10-14	0.00025	0.00124	2.79	98631	123	492883	6806395	69.01
1982	15-19	0.00053	0.00265	2.79	98508	261	491964	6313512	64.09
1982	20-24	0.00045	0.00226	2.49	98247	222	490679	5821548	59.25
1982	25-29	0.00063	0.00315	2.62	98025	309	489392	5330869	54.38
1982	30-34	0.00085	0.00423	2.68	97716	413	487623	4841477	49.55
1982	35-39	0.00125	0.00622	2.67	97303	605	485105	4353854	44.75
1982	40-44	0.00193	0.00959	2.58	96698	927	481246	3868749	40.01
1982	45-49	0.00298	0.01481	2.85	95771	1418	475801	3387503	35.37
1982	50-54	0.00490	0.02424	2.71	94353	2288	466535	2911702	30.86
1982	55-59	0.00762	0.03741	2.56	92065	3444	451924	2445167	26.56
1982	60-64	0.01096	0.05344	2.68	88621	4736	432122	1993243	22.49
1982	65-69	0.01686	0.08103	2.62	83885	6798	403247	1561121	18.61
1982	70-74	0.02534	0.11942	2.6	77088	9206	363340	1157874	15.02
1982	75-79	0.04127	0.18783	2.61	67882	12750	308929	794534	11.70
1982	80-84	0.06937	0.29666	2.56	55132	16355	235771	485605	8.81
1982	85-89	0.11519	0.44479	2.44	38777	17248	149733	249834	6.44
1982	90-94	0.18310	0.61198	2.29	21529	13175	71958	100101	4.65
1982	95-99	0.27438	0.76396	2.1	8354	6382	23259	28143	3.37
1982	100-104	0.39081	0.87582	1.85	1972	1727	4419	4884	2.48
1982	105-109	0.52123	0.93996	1.6	245	230	442	465	1.90
1982	110+	0.62872	1.00000	1.59	15	15	23	23	1.59
1983	0	0.01115	0.01104	0.08	100000	1104	98989	7760552	77.61
1983	1-4	0.00045	0.00180	1.72	98896	178	395180	7661563	77.47
1983	5-9	0.00024	0.00119	1.75	98718	118	493210	7266383	73.61
1983	10-14	0.00022	0.00112	2.93	98601	110	492775	6773173	68.69
1983	15-19	0.00043	0.00213	2.67	98490	210	491964	6280398	63.77
1983	20-24	0.00066	0.00329	2.5	98281	323	490596	5788434	58.90
1983	25-29	0.00073	0.00365	2.72	97958	358	488971	5297838	54.08
1983	30-34	0.00081	0.00402	2.6	97600	392	487059	4808866	49.27
1983	35-39	0.00125	0.00622	2.68	97207	605	484631	4321808	44.46
1983	40-44	0.00201	0.00999	2.66	96602	966	480752	3837176	39.72
1983	45-49	0.00317	0.01576	2.74	95637	1507	474780	3356424	35.10
1983	50-54	0.00487	0.02408	2.74	94130	2266	465532	2881644	30.61
1983	55-59	0.00783	0.03845	2.72	91864	3532	451266	2416112	26.30
1983	60-64	0.01195	0.05813	2.63	88332	5134	429495	1964845	22.24
1983	65-69	0.01701	0.08177	2.62	83197	6803	399814	1535350	18.45
1983	70-74	0.02700	0.12686	2.62	76394	9692	358896	1135537	14.86
1983	75-79	0.04018	0.18336	2.62	66703	12230	304418	776641	11.64
1983	80-84	0.07298	0.31085	2.62	54473	16933	232013	472223	8.67
1983	85-89	0.11684	0.45167	2.49	37540	16956	145122	240210	6.40
1983	90-94	0.18481	0.61601	2.29	20584	12680	68612	95087	4.62
1983	95-99	0.27652	0.76645	2.09	7904	6058	21908	26475	3.35
1983	100-104	0.39146	0.87605	1.85	1846	1617	4131	4567	2.47
1983	105-109	0.51992	0.93938	1.6	229	215	413	436	1.90
1983	110+	0.62578	1.00000	1.6	14	14	22	22	1.60
1984	0	0.01052	0.01042	0.08	100000	1042	99044	7780367	77.80
1984	1-4	0.00052	0.00208	1.45	98958	206	395305	7681323	77.62
1984	5-9	0.00024	0.00121	2.55	98752	120	493465	7286019	73.78
1984	10-14	0.00024	0.00119	2.57	98632	117	492876	6792553	68.87
1984	15-19	0.00050	0.00250	2.88	98515	246	492053	6299678	63.95
1984	20-24	0.00062	0.00308	2.48	98269	303	490581	5807625	59.10
1984	25-29	0.00068	0.00339	2.56	97966	332	489017	5317044	54.27
1984	30-34	0.00098	0.00489	2.72	97634	478	487079	4828027	49.45
1984	35-39	0.00143	0.00714	2.68	97156	694	484169	4340948	44.68
1984	40-44	0.00194	0.00967	2.75	96462	933	480217	3856779	39.98
1984	45-49	0.00283	0.01408	2.74	95529	1345	474614	3376562	35.35
1984	50-54	0.00539	0.02660	2.6	94184	2505	464913	2901948	30.81
1984	55-59	0.00730	0.03588	2.7	91680	3289	450821	2437035	26.58
1984	60-64	0.01139	0.05543	2.63	88390	4900	430359	1986215	22.47
1984	65-69	0.01598	0.07700	2.62	83490	6429	402182	1555855	18.64
1984	70-74	0.02557	0.12051	2.62	77062	9287	363170	1153673	14.97
1984	75-79	0.04157	0.18893	2.59	67775	12805	308021	790503	11.66
1984	80-84	0.07020	0.30105	2.64	54970	16549	235731	482481	8.78
1984	85-89	0.11587	0.44773	2.46	38421	17202	148460	246751	6.42
1984	90-94	0.18331	0.61457	2.32	21219	13040	71140	98291	4.63
1984	95-99	0.27899	0.77008	2.09	8178	6298	22575	27152	3.32
1984	100-104	0.39825	0.88107	1.84	1880	1657	4160	4577	2.43
1984	105-109	0.53110	0.94332	1.58	224	211	397	417	1.86
1984	110+	0.64003	1.00000	1.56	13	13	20	20	1.56
1985	0	0.01018	0.01008	0.08	100000	1008	99074	7768440	77.68
1985	1-4	0.00056	0.00225	1.72	98992	223	395458	7669367	77.47
1985	5-9	0.00032	0.00158	2.37	98769	156	493434	7273908	73.65
1985	10-14	0.00024	0.00119	2.78	98613	118	492803	6780474	68.76
1985	15-19	0.00043	0.00216	2.7	98495	213	491984	6287671	63.84
1985	20-24	0.00069	0.00344	2.49	98282	338	490562	5795687	58.97
1985	25-29	0.00077	0.00386	2.53	97944	378	488783	5305125	54.17
1985	30-34	0.00083	0.00414	2.6	97566	404	486862	4816342	49.37
1985	35-39	0.00099	0.00493	2.72	97162	479	484721	4329481	44.56
1985	40-44	0.00195	0.00970	2.67	96683	938	481233	3844760	39.77
1985	45-49	0.00320	0.01589	2.74	95745	1522	475288	3363527	35.13
1985	50-54	0.00505	0.02496	2.63	94223	2352	465548	2888238	30.65
1985	55-59	0.00772	0.03793	2.64	91871	3485	451126	2422690	26.37
1985	60-64	0.01163	0.05656	2.61	88387	4999	429993	1971565	22.31
1985	65-69	0.01688	0.08113	2.62	83388	6765	400827	1541572	18.49
1985	70-74	0.02601	0.12251	2.64	76622	9387	360930	1140745	14.89
1985	75-79	0.04239	0.19222	2.58	67235	12924	304873	779815	11.60
1985	80-84	0.07013	0.30028	2.61	54311	16308	232549	474942	8.74
1985	85-89	0.11986	0.45838	2.44	38003	17420	145337	242392	6.38
1985	90-94	0.17905	0.60514	2.32	20583	12456	69567	97055	4.72
1985	95-99	0.27330	0.76235	2.1	8127	6196	22670	27488	3.38
1985	100-104	0.38790	0.87361	1.85	1931	1687	4350	4818	2.49
1985	105-109	0.51644	0.93821	1.61	244	229	443	468	1.92
1985	110+	0.62259	1.00000	1.61	15	15	24	24	1.61
1986	0	0.00997	0.00988	0.08	100000	988	99092	7775926	77.76
1986	1-4	0.00042	0.00169	1.63	99012	168	395651	7676834	77.53
1986	5-9	0.00016	0.00080	2.1	98844	79	493993	7281183	73.66
1986	10-14	0.00026	0.00132	2.65	98766	130	493522	6787190	68.72
1986	15-19	0.00056	0.00280	2.87	98635	277	492588	6293668	63.81
1986	20-24	0.00061	0.00302	2.58	98359	297	491074	5801080	58.98
1986	25-29	0.00063	0.00314	2.53	98061	308	489546	5310005	54.15
1986	30-34	0.00086	0.00428	2.58	97753	418	487753	4820459	49.31
1986	35-39	0.00117	0.00584	2.51	97335	568	485263	4332707	44.51
1986	40-44	0.00205	0.01021	2.7	96767	988	481563	3847444	39.76
1986	45-49	0.00327	0.01621	2.6	95779	1553	475166	3365881	35.14
1986	50-54	0.00488	0.02414	2.63	94226	2275	465738	2890715	30.68
1986	55-59	0.00715	0.03517	2.73	91951	3233	452400	2424978	26.37
1986	60-64	0.01175	0.05714	2.6	88717	5070	431425	1972578	22.23
1986	65-69	0.01692	0.08121	2.54	83648	6793	401526	1541152	18.42
1986	70-74	0.02618	0.12337	2.66	76854	9481	362121	1139626	14.83
1986	75-79	0.04182	0.19013	2.62	67373	12810	306325	777505	11.54
1986	80-84	0.07152	0.30479	2.58	54563	16630	232522	471180	8.64
1986	85-89	0.11921	0.45816	2.48	37933	17379	145790	238658	6.29
1986	90-94	0.19060	0.62763	2.28	20554	12900	67680	92868	4.52
1986	95-99	0.28207	0.77376	2.08	7654	5922	20995	25188	3.29
1986	100-104	0.40056	0.88244	1.83	1732	1528	3815	4193	2.42
1986	105-109	0.53210	0.94354	1.58	204	192	361	379	1.86
1986	110+	0.63984	1.00000	1.56	11	11	18	18	1.56
1987	0	0.00999	0.00990	0.08	100000	990	99090	7781282	77.81
1987	1-4	0.00038	0.00150	1.28	99010	148	395637	7682192	77.59
1987	5-9	0.00015	0.00073	2.42	98862	72	494122	7286554	73.70
1987	10-14	0.00023	0.00117	2.79	98789	116	493691	6792432	68.76
1987	15-19	0.00063	0.00313	2.81	98674	309	492692	6298741	63.83
1987	20-24	0.00059	0.00295	2.5	98365	290	491097	5806049	59.03
1987	25-29	0.00076	0.00377	2.63	98075	370	489497	5314952	54.19
1987	30-34	0.00093	0.00465	2.61	97705	455	487438	4825455	49.39
1987	35-39	0.00129	0.00642	2.72	97250	624	484827	4338017	44.61
1987	40-44	0.00177	0.00879	2.77	96626	850	481230	3853189	39.88
1987	45-49	0.00284	0.01413	2.63	95776	1353	475669	3371959	35.21
1987	50-54	0.00526	0.02599	2.68	94423	2454	466428	2896290	30.67
1987	55-59	0.00746	0.03666	2.6	91969	3371	451744	2429861	26.42
1987	60-64	0.01096	0.05340	2.62	88598	4731	431736	1978118	22.33
1987	65-69	0.01704	0.08181	2.57	83867	6861	402678	1546381	18.44
1987	70-74	0.02613	0.12313	2.67	77006	9482	362949	1143703	14.85
1987	75-79	0.04250	0.19314	2.64	67524	13042	306861	780754	11.56
1987	80-84	0.06808	0.29161	2.54	54482	15888	233382	473893	8.70
1987	85-89	0.11883	0.45726	2.48	38594	17648	148511	240511	6.23
1987	90-94	0.19713	0.64380	2.31	20947	13485	68409	92000	4.39
1987	95-99	0.29487	0.79018	2.06	7461	5896	19994	23591	3.16
1987	100-104	0.42392	0.89764	1.79	1566	1405	3315	3597	2.30
1987	105-109	0.56473	0.95345	1.53	160	153	271	282	1.76
1987	110+	0.67779	1.00000	1.48	7	7	11	11	1.48
1988	0	0.01017	0.01007	0.08	100000	1007	99075	7777262	77.77
1988	1-4	0.00035	0.00141	1.76	98993	140	395658	7678187	77.56
1988	5-9	0.00017	0.00087	2.45	98853	86	494044	7282529	73.67
1988	10-14	0.00023	0.00114	2.27	98767	112	493526	6788485	68.73
1988	15-19	0.00056	0.00281	2.77	98654	277	492652	6294958	63.81
1988	20-24	0.00054	0.00268	2.53	98377	263	491234	5802306	58.98
1988	25-29	0.00080	0.00399	2.61	98114	392	489633	5311072	54.13
1988	30-34	0.00083	0.00416	2.52	97722	407	487604	4821439	49.34
1988	35-39	0.00111	0.00554	2.77	97316	539	485377	4333835	44.53
1988	40-44	0.00194	0.00964	2.75	96776	933	481787	3848458	39.77
1988	45-49	0.00286	0.01420	2.76	95844	1361	476167	3366670	35.13
1988	50-54	0.00483	0.02387	2.63	94483	2256	467073	2890503	30.59
1988	55-59	0.00764	0.03753	2.64	92228	3461	452972	2423430	26.28
1988	60-64	0.01178	0.05727	2.61	88766	5084	431668	1970458	22.20
1988	65-69	0.01733	0.08320	2.6	83683	6962	401689	1538790	18.39
1988	70-74	0.02617	0.12312	2.6	76721	9446	360932	1137101	14.82
1988	75-79	0.04227	0.19180	2.59	67275	12903	305262	776168	11.54
1988	80-84	0.06970	0.29807	2.57	54371	16206	232524	470906	8.66
1988	85-89	0.11657	0.44986	2.46	38165	17169	147281	238382	6.25
1988	90-94	0.19932	0.64556	2.27	20996	13554	68002	91102	4.34
1988	95-99	0.30117	0.79760	2.05	7442	5936	19708	23100	3.10
1988	100-104	0.43320	0.90300	1.77	1506	1360	3140	3392	2.25
1988	105-109	0.57604	0.95641	1.51	146	140	243	252	1.72
1988	110+	0.68979	1.00000	1.45	6	6	9	9	1.45
1989	0	0.00963	0.00955	0.08	100000	955	99121	7824867	78.25
1989	1-4	0.00034	0.00136	1.73	99045	135	395875	7725745	78.00
1989	5-9	0.00021	0.00103	2.15	98911	102	494262	7329870	74.11
1989	10-14	0.00015	0.00073	2.73	98809	73	493879	6835608	69.18
1989	15-19	0.00053	0.00264	2.61	98736	260	493058	6341729	64.23
1989	20-24	0.00048	0.00241	2.57	98476	238	491801	5848670	59.39
1989	25-29	0.00070	0.00348	2.61	98238	342	490375	5356869	54.53
1989	30-34	0.00090	0.00450	2.48	97896	441	488369	4866494	49.71
1989	35-39	0.00121	0.00604	2.73	97455	589	485939	4378125	44.92
1989	40-44	0.00177	0.00882	2.78	96866	854	482439	3892186	40.18
1989	45-49	0.00264	0.01311	2.79	96012	1258	477278	3409747	35.51
1989	50-54	0.00459	0.02270	2.79	94754	2151	469009	2932470	30.95
1989	55-59	0.00716	0.03520	2.68	92603	3259	455442	2463460	26.60
1989	60-64	0.01134	0.05524	2.65	89344	4935	435098	2008018	22.48
1989	65-69	0.01669	0.08024	2.62	84409	6773	405904	1572919	18.63
1989	70-74	0.02565	0.12071	2.57	77636	9372	365360	1167016	15.03
1989	75-79	0.04112	0.18744	2.65	68264	12795	311189	801656	11.74
1989	80-84	0.06801	0.29239	2.6	55469	16219	238469	490467	8.84
1989	85-89	0.11182	0.43658	2.49	39250	17136	153248	251998	6.42
1989	90-94	0.19164	0.63173	2.3	22114	13970	72897	98750	4.47
1989	95-99	0.29328	0.78857	2.07	8144	6422	21898	25853	3.17
1989	100-104	0.42389	0.89780	1.79	1722	1546	3647	3955	2.30
1989	105-109	0.56655	0.95403	1.52	176	168	296	308	1.75
1989	110+	0.68098	1.00000	1.47	8	8	12	12	1.47
1990	0	0.00997	0.00988	0.08	100000	988	99092	7801650	78.02
1990	1-4	0.00047	0.00188	1.5	99012	186	395583	7702558	77.79
1990	5-9	0.00021	0.00106	2.56	98826	105	493875	7306974	73.94
1990	10-14	0.00021	0.00103	2.8	98721	102	493382	6813100	69.01
1990	15-19	0.00056	0.00282	2.71	98619	278	492462	6319718	64.08
1990	20-24	0.00055	0.00274	2.41	98342	269	491010	5827256	59.26
1990	25-29	0.00076	0.00377	2.33	98072	370	489376	5336246	54.41
1990	30-34	0.00089	0.00446	2.56	97702	436	487447	4846870	49.61
1990	35-39	0.00125	0.00624	2.64	97267	607	484899	4359423	44.82
1990	40-44	0.00183	0.00913	2.78	96660	883	481338	3874523	40.08
1990	45-49	0.00296	0.01470	2.7	95777	1408	475646	3393185	35.43
1990	50-54	0.00472	0.02332	2.6	94369	2201	466570	2917539	30.92
1990	55-59	0.00742	0.03645	2.64	92168	3360	452896	2450969	26.59
1990	60-64	0.01145	0.05571	2.57	88808	4947	432016	1998073	22.50
1990	65-69	0.01687	0.08105	2.59	83861	6797	402919	1566057	18.67
1990	70-74	0.02574	0.12133	2.64	77064	9351	363293	1163138	15.09
1990	75-79	0.04127	0.18805	2.64	67714	12734	308528	799846	11.81
1990	80-84	0.06652	0.28641	2.58	54980	15747	236730	491318	8.94
1990	85-89	0.11332	0.43807	2.41	39233	17187	151675	254588	6.49
1990	90-94	0.18200	0.60882	2.28	22046	13422	73749	102913	4.67
1990	95-99	0.27286	0.76227	2.11	8624	6574	24092	29164	3.38
1990	100-104	0.39120	0.87634	1.85	2050	1797	4593	5072	2.47
1990	105-109	0.52396	0.94104	1.6	254	239	455	479	1.89
1990	110+	0.63331	1.00000	1.58	15	15	24	24	1.58
1991	0	0.00889	0.00882	0.08	100000	882	99187	7826727	78.27
1991	1-4	0.00048	0.00193	1.66	99118	191	396027	7727540	77.96
1991	5-9	0.00024	0.00121	2.29	98927	120	494311	7331513	74.11
1991	10-14	0.00015	0.00077	2.33	98807	76	493835	6837202	69.20
1991	15-19	0.00046	0.00231	2.49	98732	228	493087	6343368	64.25
1991	20-24	0.00060	0.00298	2.44	98504	294	491764	5850281	59.39
1991	25-29	0.00073	0.00362	2.45	98210	356	490142	5358516	54.56
1991	30-34	0.00090	0.00451	2.52	97854	441	488175	4868375	49.75
1991	35-39	0.00140	0.00699	2.58	97413	680	485419	4380200	44.97
1991	40-44	0.00174	0.00865	2.68	96732	837	481719	3894781	40.26
1991	45-49	0.00287	0.01428	2.63	95896	1369	476230	3413061	35.59
1991	50-54	0.00451	0.02230	2.62	94527	2108	467624	2936832	31.07
1991	55-59	0.00726	0.03570	2.64	92419	3299	454295	2469208	26.72
1991	60-64	0.01144	0.05569	2.65	89120	4963	433956	2014913	22.61
1991	65-69	0.01658	0.07981	2.67	84156	6716	405156	1580957	18.79
1991	70-74	0.02547	0.12021	2.66	77440	9309	365437	1175802	15.18
1991	75-79	0.04073	0.18573	2.63	68131	12654	310660	810365	11.89
1991	80-84	0.06642	0.28627	2.59	55477	15881	239104	499704	9.01
1991	85-89	0.11119	0.43396	2.47	39595	17183	154531	260601	6.58
1991	90-94	0.17942	0.60304	2.28	22412	13516	75330	106069	4.73
1991	95-99	0.26614	0.75312	2.12	8897	6700	25176	30740	3.46
1991	100-104	0.38121	0.86905	1.87	2196	1909	5007	5564	2.53
1991	105-109	0.51133	0.93657	1.62	288	269	527	556	1.93
1991	110+	0.61921	1.00000	1.61	18	18	29	29	1.61
1992	0	0.00832	0.00826	0.08	100000	826	99237	7845180	78.45
1992	1-4	0.00051	0.00202	1.56	99174	200	396207	7745943	78.10
1992	5-9	0.00018	0.00091	2.04	98974	90	494603	7349736	74.26
1992	10-14	0.00021	0.00107	2.98	98884	106	494207	6855132	69.32
1992	15-19	0.00057	0.00285	2.7	98778	282	493243	6360925	64.40
1992	20-24	0.00051	0.00256	2.55	98497	253	491865	5867682	59.57
1992	25-29	0.00073	0.00366	2.4	98244	359	490285	5375818	54.72
1992	30-34	0.00100	0.00499	2.64	97885	489	488271	4885533	49.91
1992	35-39	0.00123	0.00616	2.72	97396	600	485610	4397262	45.15
1992	40-44	0.00171	0.00850	2.59	96796	823	481996	3911652	40.41
1992	45-49	0.00291	0.01446	2.62	95974	1388	476569	3429656	35.74
1992	50-54	0.00443	0.02194	2.66	94586	2075	468078	2953087	31.22
1992	55-59	0.00736	0.03616	2.62	92511	3345	454589	2485009	26.86
1992	60-64	0.01106	0.05390	2.64	89166	4806	434478	2030419	22.77
1992	65-69	0.01687	0.08104	2.59	84360	6837	405344	1595942	18.92
1992	70-74	0.02506	0.11822	2.62	77523	9165	365762	1190598	15.36
1992	75-79	0.03888	0.17777	2.59	68358	12152	312521	824836	12.07
1992	80-84	0.06434	0.27770	2.54	56207	15609	242588	512314	9.11
1992	85-89	0.11059	0.43239	2.48	40598	17554	158733	269727	6.64
1992	90-94	0.17399	0.59495	2.34	23044	13710	78799	110993	4.82
1992	95-99	0.26643	0.75378	2.12	9334	7036	26408	32194	3.45
1992	100-104	0.38364	0.87105	1.87	2298	2002	5218	5786	2.52
1992	105-109	0.51613	0.93841	1.61	296	278	539	568	1.92
1992	110+	0.62578	1.00000	1.6	18	18	29	29	1.60
1993	0	0.00824	0.00817	0.08	100000	817	99245	7793268	77.93
1993	1-4	0.00042	0.00167	1.41	99183	166	396302	7694023	77.57
1993	5-9	0.00022	0.00109	2.34	99017	108	494797	7297721	73.70
1993	10-14	0.00019	0.00093	2.89	98909	92	494350	6802924	68.78
1993	15-19	0.00055	0.00277	2.64	98817	274	493440	6308574	63.84
1993	20-24	0.00072	0.00361	2.59	98543	356	491859	5815134	59.01
1993	25-29	0.00076	0.00379	2.58	98188	372	490039	5323275	54.22
1993	30-34	0.00103	0.00514	2.6	97816	502	487875	4833237	49.41
1993	35-39	0.00139	0.00690	2.61	97313	672	484962	4345362	44.65
1993	40-44	0.00181	0.00899	2.53	96642	869	481063	3860400	39.95
1993	45-49	0.00311	0.01546	2.88	95773	1481	475717	3379337	35.28
1993	50-54	0.00455	0.02250	2.74	94292	2121	466656	2903620	30.79
1993	55-59	0.00768	0.03775	2.72	92170	3480	452914	2436964	26.44
1993	60-64	0.01173	0.05706	2.59	88690	5061	431253	1984050	22.37
1993	65-69	0.01738	0.08345	2.63	83630	6979	401587	1552796	18.57
1993	70-74	0.02624	0.12355	2.64	76651	9470	360948	1151209	15.02
1993	75-79	0.04077	0.18590	2.63	67181	12489	306320	790261	11.76
1993	80-84	0.06831	0.29260	2.55	54692	16003	234251	483942	8.85
1993	85-89	0.11532	0.44786	2.51	38689	17327	150248	249690	6.45
1993	90-94	0.18127	0.60985	2.32	21362	13028	71868	99443	4.66
1993	95-99	0.27992	0.77150	2.09	8334	6430	22971	27574	3.31
1993	100-104	0.40123	0.88324	1.83	1904	1682	4192	4603	2.42
1993	105-109	0.53618	0.94504	1.57	222	210	392	411	1.85
1993	110+	0.64655	1.00000	1.55	12	12	19	19	1.55
1994	0	0.00901	0.00894	0.08	100000	894	99176	7777081	77.77
1994	1-4	0.00055	0.00222	1.61	99106	220	395900	7677905	77.47
1994	5-9	0.00018	0.00092	2.48	98887	91	494204	7282005	73.64
1994	10-14	0.00024	0.00119	2.97	98796	118	493739	6787801	68.71
1994	15-19	0.00060	0.00301	2.88	98678	297	492760	6294062	63.78
1994	20-24	0.00068	0.00337	2.72	98381	332	491149	5801302	58.97
1994	25-29	0.00071	0.00355	2.5	98050	349	489376	5310153	54.16
1994	30-34	0.00098	0.00489	2.53	97701	477	487325	4820777	49.34
1994	35-39	0.00145	0.00723	2.71	97224	703	484509	4333452	44.57
1994	40-44	0.00182	0.00908	2.58	96521	876	480482	3848943	39.88
1994	45-49	0.00290	0.01441	2.63	95644	1378	474962	3368461	35.22
1994	50-54	0.00451	0.02231	2.75	94266	2103	466591	2893499	30.69
1994	55-59	0.00734	0.03608	2.71	92163	3325	453207	2426908	26.33
1994	60-64	0.01165	0.05670	2.62	88838	5037	432218	1973701	22.22
1994	65-69	0.01733	0.08326	2.65	83801	6977	402586	1541482	18.39
1994	70-74	0.02730	0.12809	2.6	76824	9841	360489	1138896	14.82
1994	75-79	0.04076	0.18579	2.62	66983	12445	305317	778406	11.62
1994	80-84	0.07008	0.29914	2.55	54538	16315	232801	473089	8.67
1994	85-89	0.11753	0.45236	2.46	38224	17291	147125	240288	6.29
1994	90-94	0.19384	0.64015	2.35	20933	13400	69130	93163	4.45
1994	95-99	0.29197	0.78648	2.07	7532	5924	20290	24033	3.19
1994	100-104	0.41810	0.89399	1.8	1608	1438	3439	3743	2.33
1994	105-109	0.55631	0.95105	1.54	171	162	291	304	1.78
1994	110+	0.66791	1.00000	1.5	8	8	12	12	1.50
1995	0	0.00811	0.00805	0.08	100000	805	99256	7797955	77.98
1995	1-4	0.00038	0.00151	1.62	99195	150	396424	7698699	77.61
1995	5-9	0.00021	0.00106	2	99045	105	494910	7302275	73.73
1995	10-14	0.00026	0.00132	2.69	98940	131	494398	6807365	68.80
1995	15-19	0.00052	0.00258	2.59	98809	255	493430	6312966	63.89
1995	20-24	0.00047	0.00237	2.73	98554	233	492240	5819536	59.05
1995	25-29	0.00077	0.00386	2.65	98321	379	490712	5327296	54.18
1995	30-34	0.00095	0.00474	2.7	97941	465	488639	4836584	49.38
1995	35-39	0.00133	0.00665	2.63	97477	648	485846	4347945	44.60
1995	40-44	0.00195	0.00969	2.61	96829	939	481896	3862099	39.89
1995	45-49	0.00300	0.01491	2.68	95890	1429	476132	3380202	35.25
1995	50-54	0.00462	0.02286	2.65	94461	2159	467226	2904070	30.74
1995	55-59	0.00734	0.03609	2.69	92301	3331	453799	2436845	26.40
1995	60-64	0.01182	0.05751	2.64	88970	5117	432769	1983046	22.29
1995	65-69	0.01703	0.08181	2.61	83854	6860	402839	1550278	18.49
1995	70-74	0.02633	0.12372	2.56	76994	9526	361741	1147438	14.90
1995	75-79	0.04165	0.18915	2.58	67468	12761	306426	785698	11.65
1995	80-84	0.06812	0.29213	2.57	54707	15982	234625	479272	8.76
1995	85-89	0.11666	0.44981	2.46	38725	17419	149320	244647	6.32
1995	90-94	0.19133	0.63245	2.32	21306	13475	70426	95327	4.47
1995	95-99	0.29289	0.78788	2.07	7831	6170	21065	24900	3.18
1995	100-104	0.42162	0.89631	1.79	1661	1489	3531	3835	2.31
1995	105-109	0.56241	0.95284	1.53	172	164	292	304	1.76
1995	110+	0.67565	1.00000	1.48	8	8	12	12	1.48
1996	0	0.00758	0.00753	0.07	100000	753	99303	7807630	78.08
1996	1-4	0.00039	0.00158	1.62	99247	157	396617	7708327	77.67
1996	5-9	0.00016	0.00079	1.94	99091	78	495215	7311710	73.79
1996	10-14	0.00021	0.00104	3.09	99013	103	494867	6816494	68.84
1996	15-19	0.00049	0.00244	2.62	98910	241	493974	6321627	63.91
1996	20-24	0.00064	0.00322	2.41	98669	317	492521	5827653	59.06
1996	25-29	0.00072	0.00357	2.82	98351	352	490991	5335132	54.25
1996	30-34	0.00102	0.00509	2.61	98000	499	488807	4844141	49.43
1996	35-39	0.00146	0.00725	2.69	97501	707	485873	4355334	44.67
1996	40-44	0.00182	0.00907	2.56	96794	878	481826	3869461	39.98
1996	45-49	0.00290	0.01439	2.69	95916	1381	476398	3387636	35.32
1996	50-54	0.00467	0.02311	2.61	94536	2185	467465	2911238	30.80
1996	55-59	0.00730	0.03587	2.69	92351	3313	454110	2443773	26.46
1996	60-64	0.01135	0.05529	2.65	89038	4923	433614	1989663	22.35
1996	65-69	0.01688	0.08118	2.66	84116	6829	404586	1556049	18.50
1996	70-74	0.02745	0.12881	2.62	77287	9956	362697	1151463	14.90
1996	75-79	0.04144	0.18826	2.58	67331	12676	305919	788766	11.71
1996	80-84	0.06749	0.28993	2.57	54655	15846	234812	482847	8.83
1996	85-89	0.11257	0.43842	2.48	38809	17015	151142	248035	6.39
1996	90-94	0.19360	0.63411	2.28	21794	13820	71384	96893	4.45
1996	95-99	0.29074	0.78542	2.07	7974	6263	21542	25510	3.20
1996	100-104	0.41968	0.89524	1.8	1711	1532	3650	3967	2.32
1996	105-109	0.56103	0.95251	1.53	179	171	304	317	1.77
1996	110+	0.67484	1.00000	1.48	9	9	13	13	1.48
1997	0	0.00799	0.00794	0.08	100000	794	99266	7796521	77.97
1997	1-4	0.00033	0.00134	1.25	99206	133	396462	7697255	77.59
1997	5-9	0.00017	0.00083	2.35	99074	82	495152	7300793	73.69
1997	10-14	0.00025	0.00125	2.67	98992	124	494670	6805641	68.75
1997	15-19	0.00043	0.00215	2.75	98868	213	493860	6310971	63.83
1997	20-24	0.00048	0.00242	2.42	98655	238	492659	5817111	58.96
1997	25-29	0.00062	0.00308	2.59	98417	303	491354	5324452	54.10
1997	30-34	0.00092	0.00459	2.68	98114	450	489523	4833098	49.26
1997	35-39	0.00148	0.00738	2.64	97663	721	486614	4343575	44.47
1997	40-44	0.00211	0.01050	2.59	96942	1018	482257	3856962	39.79
1997	45-49	0.00308	0.01530	2.63	95925	1468	476152	3374705	35.18
1997	50-54	0.00466	0.02304	2.71	94457	2177	467307	2898553	30.69
1997	55-59	0.00733	0.03605	2.71	92281	3327	453795	2431246	26.35
1997	60-64	0.01189	0.05785	2.7	88954	5146	432939	1977451	22.23
1997	65-69	0.01708	0.08206	2.6	83808	6877	402536	1544512	18.43
1997	70-74	0.02709	0.12726	2.62	76931	9790	361338	1141976	14.84
1997	75-79	0.04184	0.19038	2.64	67140	12782	305474	780638	11.63
1997	80-84	0.06702	0.28791	2.55	54358	15650	233526	475165	8.74
1997	85-89	0.11821	0.45357	2.44	38708	17557	148524	241638	6.24
1997	90-94	0.19559	0.63730	2.27	21151	13480	68918	93114	4.40
1997	95-99	0.29560	0.79117	2.06	7672	6070	20533	24196	3.15
1997	100-104	0.42594	0.89890	1.79	1602	1440	3381	3664	2.29
1997	105-109	0.56795	0.95435	1.52	162	155	272	283	1.75
1997	110+	0.68173	1.00000	1.47	7	7	11	11	1.47
1998	0	0.00829	0.00823	0.08	100000	823	99240	7790048	77.90
1998	1-4	0.00041	0.00163	1.59	99177	162	396318	7690809	77.55
1998	5-9	0.00020	0.00100	2.63	99015	99	494841	7294491	73.67
1998	10-14	0.00020	0.00100	2.8	98916	99	494364	6799649	68.74
1998	15-19	0.00050	0.00248	2.84	98817	245	493558	6305285	63.81
1998	20-24	0.00064	0.00319	2.51	98572	315	492075	5811727	58.96
1998	25-29	0.00069	0.00346	2.73	98257	340	490516	5319652	54.14
1998	30-34	0.00097	0.00484	2.82	97918	474	488556	4829136	49.32
1998	35-39	0.00133	0.00664	2.55	97444	647	485636	4340580	44.54
1998	40-44	0.00204	0.01016	2.75	96797	984	481766	3854944	39.83
1998	45-49	0.00289	0.01435	2.73	95813	1375	475945	3373178	35.21
1998	50-54	0.00458	0.02268	2.74	94438	2142	467359	2897232	30.68
1998	55-59	0.00732	0.03596	2.63	92297	3319	453607	2429873	26.33
1998	60-64	0.01157	0.05631	2.61	88978	5010	432937	1976266	22.21
1998	65-69	0.01707	0.08203	2.63	83968	6888	403509	1543329	18.38
1998	70-74	0.02750	0.12901	2.61	77080	9944	361598	1139820	14.79
1998	75-79	0.04210	0.19151	2.64	67136	12857	305393	778222	11.59
1998	80-84	0.06915	0.29637	2.59	54279	16087	232620	472829	8.71
1998	85-89	0.11747	0.45263	2.47	38192	17287	147157	240209	6.29
1998	90-94	0.19192	0.63287	2.31	20905	13230	68937	93052	4.45
1998	95-99	0.29696	0.79271	2.06	7675	6084	20488	24115	3.14
1998	100-104	0.42735	0.89968	1.78	1591	1431	3349	3628	2.28
1998	105-109	0.56919	0.95465	1.52	160	152	268	278	1.74
1998	110+	0.68273	1.00000	1.46	7	7	11	11	1.46
1999	0	0.00741	0.00736	0.07	100000	736	99319	7801834	78.02
1999	1-4	0.00036	0.00144	1.72	99264	143	396730	7702515	77.60
1999	5-9	0.00018	0.00091	2.47	99121	91	495375	7305785	73.71
1999	10-14	0.00027	0.00133	2.83	99030	131	494866	6810409	68.77
1999	15-19	0.00053	0.00263	2.7	98899	260	493895	6315543	63.86
1999	20-24	0.00066	0.00327	2.47	98638	323	492376	5821648	59.02
1999	25-29	0.00067	0.00335	2.64	98316	329	490800	5329272	54.21
1999	30-34	0.00102	0.00507	2.63	97986	497	488757	4838471	49.38
1999	35-39	0.00145	0.00720	2.65	97490	702	485796	4349714	44.62
1999	40-44	0.00205	0.01019	2.7	96788	986	481669	3863918	39.92
1999	45-49	0.00305	0.01512	2.71	95802	1449	475686	3382249	35.30
1999	50-54	0.00448	0.02216	2.71	94353	2091	466976	2906563	30.81
1999	55-59	0.00727	0.03575	2.74	92262	3299	453871	2439588	26.44
1999	60-64	0.01060	0.05169	2.64	88963	4599	433981	1985716	22.32
1999	65-69	0.01712	0.08222	2.61	84365	6936	405231	1551735	18.39
1999	70-74	0.02590	0.12210	2.66	77428	9454	365035	1146505	14.81
1999	75-79	0.04242	0.19288	2.65	67974	13111	309056	781470	11.50
1999	80-84	0.06863	0.29420	2.58	54863	16141	235184	472414	8.61
1999	85-89	0.12266	0.46912	2.49	38723	18166	148093	237229	6.13
1999	90-94	0.19739	0.64316	2.29	20557	13222	66981	89136	4.34
1999	95-99	0.31067	0.80844	2.03	7336	5930	19089	22156	3.02
1999	100-104	0.44801	0.91108	1.74	1405	1280	2858	3066	2.18
1999	105-109	0.59458	0.96089	1.48	125	120	202	209	1.67
1999	110+	0.70958	1.00000	1.41	5	5	7	7	1.41
2000	0	0.00837	0.00831	0.08	100000	831	99233	7773064	77.73
2000	1-4	0.00035	0.00140	1.58	99169	139	396340	7673832	77.38
2000	5-9	0.00018	0.00088	2.73	99030	87	494953	7277492	73.49
2000	10-14	0.00023	0.00115	2.98	98943	114	494484	6782539	68.55
2000	15-19	0.00053	0.00264	2.74	98829	261	493555	6288055	63.63
2000	20-24	0.00065	0.00324	2.56	98568	320	492059	5794500	58.79
2000	25-29	0.00081	0.00402	2.64	98248	395	490309	5302441	53.97
2000	30-34	0.00094	0.00467	2.75	97853	457	488240	4812132	49.18
2000	35-39	0.00132	0.00658	2.63	97396	641	485460	4323892	44.39
2000	40-44	0.00207	0.01032	2.51	96755	999	481290	3838431	39.67
2000	45-49	0.00292	0.01449	2.65	95757	1387	475524	3357141	35.06
2000	50-54	0.00445	0.02200	2.62	94369	2076	466911	2881618	30.54
2000	55-59	0.00726	0.03570	2.66	92293	3295	453741	2414707	26.16
2000	60-64	0.01173	0.05711	2.67	88998	5083	433129	1960966	22.03
2000	65-69	0.01783	0.08552	2.63	83916	7177	402602	1527837	18.21
2000	70-74	0.02720	0.12782	2.64	76739	9809	360582	1125235	14.66
2000	75-79	0.04285	0.19430	2.61	66930	13004	303510	764653	11.42
2000	80-84	0.07062	0.30118	2.56	53926	16242	229986	461143	8.55
2000	85-89	0.12038	0.46334	2.52	37684	17461	145048	231157	6.13
2000	90-94	0.20263	0.65262	2.27	20224	13199	65135	86108	4.26
2000	95-99	0.31488	0.81296	2.03	7025	5711	18138	20973	2.99
2000	100-104	0.45358	0.91389	1.73	1314	1201	2648	2835	2.16
2000	105-109	0.60077	0.96225	1.47	113	109	181	187	1.65
2000	110+	0.71565	1.00000	1.4	4	4	6	6	1.40
2001	0	0.00856	0.00849	0.08	100000	849	99216	7784769	77.85
2001	1-4	0.00031	0.00125	1.66	99151	124	396313	7685552	77.51
2001	5-9	0.00011	0.00055	2.71	99027	55	495010	7289239	73.61
2001	10-14	0.00017	0.00087	2.53	98972	86	494650	6794230	68.65
2001	15-19	0.00047	0.00237	2.86	98887	234	493931	6299579	63.71
2001	20-24	0.00063	0.00314	2.77	98652	310	492570	5805649	58.85
2001	25-29	0.00072	0.00358	2.57	98342	352	490854	5313078	54.03
2001	30-34	0.00095	0.00475	2.66	97990	466	488862	4822224	49.21
2001	35-39	0.00158	0.00786	2.79	97525	766	485933	4333362	44.43
2001	40-44	0.00229	0.01140	2.65	96759	1103	481206	3847429	39.76
2001	45-49	0.00325	0.01615	2.6	95656	1545	474568	3366223	35.19
2001	50-54	0.00493	0.02439	2.71	94111	2295	465293	2891655	30.73
2001	55-59	0.00722	0.03553	2.75	91816	3262	451752	2426362	26.43
2001	60-64	0.01032	0.05033	2.55	88554	4457	431848	1974610	22.30
2001	65-69	0.01714	0.08232	2.62	84097	6923	404001	1542762	18.35
2001	70-74	0.02583	0.12174	2.64	77174	9395	363723	1138761	14.76
2001	75-79	0.04194	0.19072	2.63	67778	12927	308213	775038	11.43
2001	80-84	0.07042	0.30115	2.6	54851	16518	234578	466825	8.51
2001	85-89	0.12175	0.46712	2.51	38333	17906	147078	232247	6.06
2001	90-94	0.20934	0.66626	2.27	20427	13609	65010	85169	4.17
2001	95-99	0.31832	0.81663	2.02	6817	5567	17489	20159	2.96
2001	100-104	0.45849	0.91631	1.72	1250	1146	2498	2670	2.14
2001	105-109	0.60649	0.96349	1.46	105	101	166	172	1.64
2001	110+	0.72143	1.00000	1.39	4	4	5	5	1.39
2002	0	0.00839	0.00832	0.08	100000	832	99232	7766831	77.67
2002	1-4	0.00027	0.00107	1.44	99168	106	396400	7667599	77.32
2002	5-9	0.00016	0.00082	2.77	99062	81	495128	7271199	73.40
2002	10-14	0.00021	0.00105	2.22	98981	104	494614	6776071	68.46
2002	15-19	0.00056	0.00279	2.87	98877	276	493795	6281457	63.53
2002	20-24	0.00063	0.00316	2.45	98601	311	492209	5787662	58.70
2002	25-29	0.00074	0.00367	2.6	98289	361	490579	5295453	53.88
2002	30-34	0.00108	0.00538	2.77	97928	527	488463	4804874	49.07
2002	35-39	0.00184	0.00918	2.67	97401	894	484919	4316411	44.32
2002	40-44	0.00236	0.01175	2.66	96507	1134	479885	3831492	39.70
2002	45-49	0.00335	0.01661	2.57	95373	1585	473012	3351607	35.14
2002	50-54	0.00467	0.02308	2.68	93789	2165	463913	2878595	30.69
2002	55-59	0.00718	0.03534	2.75	91624	3238	450819	2414682	26.35
2002	60-64	0.01098	0.05352	2.62	88386	4730	430684	1963863	22.22
2002	65-69	0.01682	0.08086	2.63	83656	6764	402275	1533179	18.33
2002	70-74	0.02627	0.12368	2.63	76891	9510	361933	1130904	14.71
2002	75-79	0.04267	0.19327	2.56	67382	13023	305184	768971	11.41
2002	80-84	0.06992	0.29957	2.61	54359	16284	232899	463787	8.53
2002	85-89	0.12373	0.47234	2.5	38074	17984	145350	230888	6.06
2002	90-94	0.20108	0.65240	2.31	20090	13107	65182	85538	4.26
2002	95-99	0.32346	0.82214	2.01	6983	5741	17750	20356	2.91
2002	100-104	0.46714	0.92053	1.71	1242	1143	2448	2607	2.10
2002	105-109	0.61758	0.96580	1.44	99	95	154	159	1.61
2002	110+	0.73321	1.00000	1.36	3	3	5	5	1.36
2003	0	0.00797	0.00791	0.08	100000	791	99269	7768586	77.69
2003	1-4	0.00026	0.00106	1.56	99209	105	396581	7669317	77.30
2003	5-9	0.00017	0.00083	1.88	99104	82	495265	7272736	73.38
2003	10-14	0.00019	0.00097	2.88	99022	96	494908	6777471	68.44
2003	15-19	0.00046	0.00232	2.55	98926	230	494069	6282563	63.51
2003	20-24	0.00068	0.00339	2.45	98697	335	492631	5788494	58.65
2003	25-29	0.00079	0.00394	2.6	98362	388	490880	5295863	53.84
2003	30-34	0.00116	0.00577	2.75	97974	565	488600	4804984	49.04
2003	35-39	0.00171	0.00852	2.63	97409	830	485080	4316383	44.31
2003	40-44	0.00248	0.01232	2.64	96579	1190	480089	3831303	39.67
2003	45-49	0.00348	0.01727	2.64	95389	1647	473062	3351214	35.13
2003	50-54	0.00476	0.02355	2.66	93742	2207	463543	2878152	30.70
2003	55-59	0.00725	0.03566	2.72	91535	3264	450223	2414609	26.38
2003	60-64	0.01094	0.05333	2.67	88271	4708	430374	1964385	22.25
2003	65-69	0.01673	0.08043	2.62	83563	6721	401806	1534011	18.36
2003	70-74	0.02622	0.12332	2.59	76842	9476	361387	1132206	14.73
2003	75-79	0.04147	0.18866	2.61	67366	12710	306512	770819	11.44
2003	80-84	0.06925	0.29627	2.56	54657	16193	233826	464307	8.49
2003	85-89	0.12346	0.46993	2.46	38463	18075	146409	230481	5.99
2003	90-94	0.21066	0.66914	2.27	20388	13642	64760	84071	4.12
2003	95-99	0.33013	0.82895	2	6746	5592	16939	19312	2.86
2003	100-104	0.47726	0.92514	1.69	1154	1067	2237	2373	2.06
2003	105-109	0.62972	0.96815	1.42	86	84	133	136	1.58
2003	110+	0.74549	1.00000	1.34	3	3	4	4	1.34
2004	0	0.00761	0.00756	0.07	100000	756	99300	7815398	78.15
2004	1-4	0.00028	0.00110	1.35	99244	109	396687	7716098	77.75
2004	5-9	0.00012	0.00061	2.75	99135	61	495537	7319411	73.83
2004	10-14	0.00018	0.00089	3.04	99074	88	495198	6823873	68.88
2004	15-19	0.00058	0.00291	2.88	98986	288	494321	6328675	63.93
2004	20-24	0.00066	0.00332	2.55	98698	327	492690	5834354	59.11
2004	25-29	0.00075	0.00373	2.62	98371	367	490981	5341665	54.30
2004	30-34	0.00095	0.00472	2.75	98004	463	488976	4850684	49.49
2004	35-39	0.00150	0.00748	2.79	97541	730	486089	4361707	44.72
2004	40-44	0.00238	0.01182	2.7	96811	1144	481427	3875618	40.03
2004	45-49	0.00340	0.01688	2.61	95667	1615	474479	3394191	35.48
2004	50-54	0.00474	0.02344	2.68	94052	2205	465135	2919713	31.04
2004	55-59	0.00712	0.03503	2.69	91847	3217	451789	2454578	26.72
2004	60-64	0.01087	0.05300	2.65	88630	4697	432123	2002789	22.60
2004	65-69	0.01574	0.07585	2.61	83933	6366	404449	1570666	18.71
2004	70-74	0.02521	0.11897	2.64	77567	9228	366059	1166217	15.04
2004	75-79	0.03965	0.18116	2.62	68338	12380	312229	800158	11.71
2004	80-84	0.06801	0.29162	2.56	55958	16318	239942	487928	8.72
2004	85-89	0.11515	0.44662	2.49	39640	17704	153750	247987	6.26
2004	90-94	0.20187	0.65415	2.31	21936	14349	71080	94237	4.30
2004	95-99	0.30678	0.80434	2.04	7587	6102	19891	23156	3.05
2004	100-104	0.44415	0.90920	1.75	1484	1350	3039	3265	2.20
2004	105-109	0.59141	0.96022	1.48	135	129	219	226	1.68
2004	110+	0.70725	1.00000	1.41	5	5	8	8	1.41
2005	0	0.00796	0.00791	0.08	100000	791	99269	7810192	78.10
2005	1-4	0.00033	0.00130	1.63	99209	129	396532	7710923	77.72
2005	5-9	0.00012	0.00060	2.42	99080	60	495247	7314391	73.82
2005	10-14	0.00018	0.00091	2.83	99020	91	494906	6819144	68.87
2005	15-19	0.00049	0.00243	2.79	98930	241	494117	6324238	63.93
2005	20-24	0.00067	0.00334	2.28	98689	330	492548	5830121	59.08
2005	25-29	0.00078	0.00388	2.65	98359	381	490902	5337573	54.27
2005	30-34	0.00102	0.00509	2.49	97978	499	488638	4846671	49.47
2005	35-39	0.00165	0.00823	2.78	97479	803	485617	4358033	44.71
2005	40-44	0.00242	0.01206	2.69	96677	1166	480693	3872416	40.06
2005	45-49	0.00363	0.01798	2.64	95511	1718	473496	3391723	35.51
2005	50-54	0.00472	0.02332	2.58	93793	2187	463667	2918228	31.11
2005	55-59	0.00697	0.03430	2.66	91606	3142	450684	2454561	26.79
2005	60-64	0.01023	0.04993	2.65	88464	4417	431952	2003876	22.65
2005	65-69	0.01586	0.07647	2.68	84047	6427	405327	1571924	18.70
2005	70-74	0.02524	0.11911	2.64	77619	9246	366248	1166597	15.03
2005	75-79	0.03962	0.18120	2.64	68374	12389	312688	800349	11.71
2005	80-84	0.06677	0.28755	2.59	55985	16098	241101	487661	8.71
2005	85-89	0.11957	0.45907	2.47	39886	18311	153134	246559	6.18
2005	90-94	0.19725	0.64215	2.28	21576	13855	70241	93425	4.33
2005	95-99	0.31249	0.81078	2.03	7721	6260	20033	23185	3.00
2005	100-104	0.45341	0.91404	1.74	1461	1335	2945	3152	2.16
2005	105-109	0.60315	0.96288	1.47	126	121	200	207	1.65
2005	110+	0.71973	1.00000	1.39	5	5	6	6	1.39
2006	0	0.00847	0.00840	0.08	100000	840	99224	7835161	78.35
2006	1-4	0.00034	0.00137	1.68	99160	136	396324	7735937	78.01
2006	5-9	0.00010	0.00051	2.43	99024	51	494989	7339613	74.12
2006	10-14	0.00016	0.00079	2.52	98973	78	494671	6844624	69.16
2006	15-19	0.00052	0.00262	2.89	98895	259	493926	6349953	64.21
2006	20-24	0.00060	0.00300	2.61	98636	296	492470	5856027	59.37
2006	25-29	0.00075	0.00376	2.71	98339	370	490850	5363557	54.54
2006	30-34	0.00109	0.00546	2.65	97969	535	488592	4872707	49.74
2006	35-39	0.00155	0.00771	2.6	97435	751	485371	4384114	45.00
2006	40-44	0.00248	0.01231	2.58	96684	1190	480533	3898743	40.32
2006	45-49	0.00348	0.01726	2.6	95493	1648	473516	3418210	35.80
2006	50-54	0.00489	0.02416	2.61	93845	2267	463804	2944694	31.38
2006	55-59	0.00674	0.03317	2.64	91578	3038	450719	2480890	27.09
2006	60-64	0.01068	0.05210	2.65	88540	4613	431862	2030171	22.93
2006	65-69	0.01566	0.07545	2.6	83928	6333	404465	1598309	19.04
2006	70-74	0.02383	0.11274	2.61	77595	8748	367104	1193844	15.39
2006	75-79	0.03808	0.17478	2.66	68847	12033	316038	826740	12.01
2006	80-84	0.06355	0.27587	2.61	56814	15673	246631	510702	8.99
2006	85-89	0.11162	0.43770	2.54	41141	18007	161333	264072	6.42
2006	90-94	0.19115	0.62948	2.29	23133	14562	76181	102739	4.44
2006	95-99	0.30107	0.79847	2.06	8571	6844	22732	26558	3.10
2006	100-104	0.44074	0.90776	1.76	1727	1568	3558	3825	2.21
2006	105-109	0.59127	0.96036	1.48	159	153	259	268	1.68
2006	110+	0.70965	1.00000	1.41	6	6	9	9	1.41
2007	0	0.00734	0.00730	0.07	100000	730	99324	7872231	78.72
2007	1-4	0.00033	0.00130	1.41	99270	129	396747	7772907	78.30
2007	5-9	0.00011	0.00056	2.7	99141	55	495579	7376160	74.40
2007	10-14	0.00013	0.00064	2.65	99086	64	495279	6880581	69.44
2007	15-19	0.00047	0.00235	2.87	99022	232	494616	6385302	64.48
2007	20-24	0.00065	0.00326	2.58	98790	322	493170	5890686	59.63
2007	25-29	0.00077	0.00385	2.64	98468	379	491443	5397516	54.81
2007	30-34	0.00094	0.00471	2.48	98089	462	489277	4906073	50.02
2007	35-39	0.00138	0.00690	2.77	97626	674	486633	4416796	45.24
2007	40-44	0.00240	0.01193	2.68	96953	1156	482087	3930164	40.54
2007	45-49	0.00333	0.01651	2.56	95797	1581	475126	3448077	35.99
2007	50-54	0.00479	0.02366	2.63	94215	2229	465794	2972951	31.55
2007	55-59	0.00647	0.03183	2.61	91986	2928	452920	2507157	27.26
2007	60-64	0.00994	0.04859	2.66	89058	4328	435169	2054236	23.07
2007	65-69	0.01553	0.07484	2.59	84730	6341	408346	1619067	19.11
2007	70-74	0.02252	0.10703	2.69	78389	8390	372532	1210721	15.45
2007	75-79	0.03764	0.17255	2.59	69999	12078	320873	838189	11.97
2007	80-84	0.06291	0.27358	2.62	57921	15846	251891	517316	8.93
2007	85-89	0.11471	0.44441	2.47	42075	18698	163010	265426	6.31
2007	90-94	0.19517	0.63989	2.31	23376	14958	76642	102416	4.38
2007	95-99	0.30526	0.80323	2.05	8418	6762	22150	25774	3.06
2007	100-104	0.44658	0.91083	1.75	1656	1509	3378	3624	2.19
2007	105-109	0.59799	0.96187	1.47	148	142	238	245	1.66
2007	110+	0.71637	1.00000	1.4	6	6	8	8	1.40
2008	0	0.00780	0.00774	0.07	100000	774	99284	7850105	78.50
2008	1-4	0.00037	0.00148	1.63	99226	147	396554	7750821	78.11
2008	5-9	0.00010	0.00050	1.76	99078	49	495233	7354268	74.23
2008	10-14	0.00013	0.00064	2.96	99029	64	495017	6859034	69.26
2008	15-19	0.00039	0.00194	2.86	98966	192	494418	6364018	64.31
2008	20-24	0.00049	0.00246	2.79	98774	243	493333	5869600	59.42
2008	25-29	0.00074	0.00368	2.63	98531	363	491798	5376267	54.56
2008	30-34	0.00099	0.00492	2.61	98169	483	489689	4884468	49.76
2008	35-39	0.00147	0.00730	2.67	97686	714	486765	4394779	44.99
2008	40-44	0.00233	0.01158	2.69	96972	1123	482262	3908014	40.30
2008	45-49	0.00347	0.01721	2.69	95849	1649	475436	3425752	35.74
2008	50-54	0.00474	0.02342	2.56	94200	2206	465627	2950316	31.32
2008	55-59	0.00667	0.03280	2.6	91994	3018	452715	2484689	27.01
2008	60-64	0.01013	0.04947	2.62	88976	4402	434421	2031974	22.84
2008	65-69	0.01590	0.07661	2.64	84574	6479	407558	1597553	18.89
2008	70-74	0.02390	0.11310	2.64	78096	8833	369625	1189995	15.24
2008	75-79	0.03873	0.17729	2.62	69263	12279	317060	820370	11.84
2008	80-84	0.06475	0.27992	2.58	56983	15951	246358	503311	8.83
2008	85-89	0.11848	0.45839	2.53	41033	18809	158745	256953	6.26
2008	90-94	0.19173	0.63852	2.39	22224	14190	74013	98207	4.42
2008	95-99	0.31122	0.80972	2.04	8033	6505	20901	24194	3.01
2008	100-104	0.45410	0.91458	1.74	1529	1398	3079	3293	2.15
2008	105-109	0.60595	0.96355	1.46	131	126	208	214	1.64
2008	110+	0.72383	1.00000	1.38	5	5	7	7	1.38
2009	0	0.00689	0.00684	0.07	100000	684	99365	7887434	78.87
2009	1-4	0.00027	0.00109	1.65	99316	109	397007	7788068	78.42
2009	5-9	0.00010	0.00050	2.86	99207	49	495930	7391061	74.50
2009	10-14	0.00013	0.00064	2.74	99158	63	495645	6895132	69.54
2009	15-19	0.00045	0.00223	3.13	99094	221	495057	6399486	64.58
2009	20-24	0.00070	0.00352	2.39	98873	348	493457	5904429	59.72
2009	25-29	0.00079	0.00394	2.58	98525	388	491688	5410972	54.92
2009	30-34	0.00107	0.00536	2.6	98137	526	489426	4919284	50.13
2009	35-39	0.00149	0.00742	2.58	97611	724	486307	4429859	45.38
2009	40-44	0.00214	0.01065	2.75	96887	1032	482113	3943552	40.70
2009	45-49	0.00360	0.01785	2.61	95855	1711	475190	3461439	36.11
2009	50-54	0.00480	0.02372	2.67	94144	2233	465523	2986249	31.72
2009	55-59	0.00673	0.03314	2.62	91912	3046	452306	2520726	27.43
2009	60-64	0.00965	0.04719	2.65	88866	4194	434464	2068419	23.28
2009	65-69	0.01445	0.06992	2.68	84672	5920	409602	1633955	19.30
2009	70-74	0.02411	0.11402	2.62	78751	8979	372384	1224354	15.55
2009	75-79	0.03619	0.16669	2.63	69772	11630	321351	851970	12.21
2009	80-84	0.06249	0.27215	2.63	58142	15823	253230	530619	9.13
2009	85-89	0.10820	0.42697	2.53	42319	18069	166994	277389	6.55
2009	90-94	0.18584	0.62167	2.34	24250	15075	81119	110395	4.55
2009	95-99	0.29089	0.78646	2.08	9174	7215	24804	29277	3.19
2009	100-104	0.42651	0.89985	1.79	1959	1763	4133	4472	2.28
2009	105-109	0.57475	0.95639	1.51	196	188	326	339	1.73
2009	110+	0.69295	1.00000	1.44	9	9	12	12	1.44
2010	0	0.00712	0.00708	0.07	100000	708	99344	7880929	78.81
2010	1-4	0.00026	0.00105	1.52	99292	104	396912	7781585	78.37
2010	5-9	0.00015	0.00077	2.72	99188	76	495769	7384674	74.45
2010	10-14	0.00013	0.00066	2.48	99112	66	495396	6888905	69.51
2010	15-19	0.00035	0.00176	3.05	99047	174	494894	6393509	64.55
2010	20-24	0.00059	0.00294	2.63	98872	291	493673	5898614	59.66
2010	25-29	0.00077	0.00382	2.78	98581	377	492070	5404941	54.83
2010	30-34	0.00116	0.00578	2.68	98204	568	489706	4912871	50.03
2010	35-39	0.00146	0.00727	2.66	97637	710	486521	4423165	45.30
2010	40-44	0.00222	0.01102	2.75	96927	1068	482226	3936644	40.61
2010	45-49	0.00330	0.01636	2.65	95858	1568	475608	3454418	36.04
2010	50-54	0.00527	0.02604	2.57	94290	2455	465475	2978810	31.59
2010	55-59	0.00662	0.03257	2.58	91835	2991	451928	2513335	27.37
2010	60-64	0.00992	0.04848	2.66	88844	4307	434161	2061407	23.20
2010	65-69	0.01489	0.07200	2.7	84537	6086	408671	1627246	19.25
2010	70-74	0.02342	0.11081	2.57	78450	8693	371142	1218575	15.53
2010	75-79	0.03699	0.16998	2.62	69757	11857	320556	847433	12.15
2010	80-84	0.06139	0.26767	2.61	57900	15498	252453	526877	9.10
2010	85-89	0.11037	0.43288	2.51	42402	18355	166301	274424	6.47
2010	90-94	0.18825	0.62400	2.3	24047	15005	79708	108122	4.50
2010	95-99	0.29604	0.79275	2.07	9042	7168	24213	28415	3.14
2010	100-104	0.43477	0.90461	1.77	1874	1695	3899	4202	2.24
2010	105-109	0.58526	0.95900	1.49	179	171	293	303	1.70
2010	110+	0.70421	1.00000	1.42	7	7	10	10	1.42
2011	0	0.00681	0.00676	0.07	100000	676	99372	7895047	78.95
2011	1-4	0.00032	0.00126	1.54	99324	125	396987	7795675	78.49
2011	5-9	0.00011	0.00054	2.91	99199	54	495880	7398688	74.58
2011	10-14	0.00016	0.00078	2.63	99145	77	495541	6902808	69.62
2011	15-19	0.00030	0.00149	2.95	99067	148	495034	6407267	64.68
2011	20-24	0.00057	0.00286	2.48	98920	283	493887	5912232	59.77
2011	25-29	0.00076	0.00380	2.6	98637	375	492285	5418345	54.93
2011	30-34	0.00100	0.00499	2.62	98262	491	490143	4926060	50.13
2011	35-39	0.00142	0.00707	2.67	97772	691	487250	4435917	45.37
2011	40-44	0.00220	0.01095	2.62	97080	1063	482871	3948667	40.67
2011	45-49	0.00363	0.01801	2.61	96017	1729	475957	3465797	36.10
2011	50-54	0.00505	0.02497	2.62	94288	2355	465825	2989839	31.71
2011	55-59	0.00693	0.03409	2.56	91933	3134	452029	2524015	27.45
2011	60-64	0.00999	0.04882	2.66	88800	4335	433862	2071986	23.33
2011	65-69	0.01461	0.07066	2.67	84464	5968	408440	1638124	19.39
2011	70-74	0.02183	0.10384	2.65	78496	8151	373311	1229684	15.67
2011	75-79	0.03764	0.17287	2.65	70345	12161	323124	856373	12.17
2011	80-84	0.05892	0.25819	2.61	58184	15023	254947	533250	9.16
2011	85-89	0.11085	0.43391	2.5	43162	18728	168952	278303	6.45
2011	90-94	0.18813	0.62705	2.34	24434	15321	81437	109351	4.48
2011	95-99	0.30462	0.80317	2.06	9112	7319	24026	27914	3.06
2011	100-104	0.45083	0.91341	1.74	1794	1638	3634	3888	2.17
2011	105-109	0.60710	0.96399	1.46	155	150	247	254	1.64
2011	110+	0.72818	1.00000	1.37	6	6	8	8	1.37
2012	0	0.00668	0.00664	0.07	100000	664	99384	7886091	78.86
2012	1-4	0.00034	0.00138	1.37	99336	137	396987	7786707	78.39
2012	5-9	0.00010	0.00049	2.46	99200	49	495875	7389720	74.49
2012	10-14	0.00011	0.00053	2.59	99151	53	495628	6893845	69.53
2012	15-19	0.00035	0.00176	2.91	99098	175	495125	6398218	64.56
2012	20-24	0.00056	0.00279	2.71	98923	276	493985	5903092	59.67
2012	25-29	0.00081	0.00404	2.62	98647	399	492287	5409107	54.83
2012	30-34	0.00103	0.00514	2.55	98249	505	490005	4916820	50.04
2012	35-39	0.00156	0.00777	2.67	97743	760	486946	4426815	45.29
2012	40-44	0.00227	0.01128	2.74	96984	1094	482448	3939869	40.62
2012	45-49	0.00345	0.01710	2.69	95890	1640	475657	3457421	36.06
2012	50-54	0.00510	0.02518	2.65	94250	2373	465664	2981765	31.64
2012	55-59	0.00708	0.03482	2.58	91877	3199	451652	2516101	27.39
2012	60-64	0.00972	0.04749	2.62	88677	4211	433354	2064449	23.28
2012	65-69	0.01461	0.07067	2.71	84466	5969	408638	1631095	19.31
2012	70-74	0.02339	0.11086	2.65	78497	8702	372055	1222457	15.57
2012	75-79	0.03784	0.17358	2.62	69795	12115	320163	850402	12.18
2012	80-84	0.05953	0.26050	2.6	57680	15026	252413	530239	9.19
2012	85-89	0.10767	0.42460	2.51	42654	18111	168214	277826	6.51
2012	90-94	0.18938	0.62872	2.33	24543	15431	81482	109612	4.47
2012	95-99	0.30190	0.80006	2.06	9112	7290	24148	28130	3.09
2012	100-104	0.44688	0.91138	1.75	1822	1660	3716	3982	2.19
2012	105-109	0.60246	0.96301	1.47	161	155	258	266	1.65
2012	110+	0.72355	1.00000	1.38	6	6	8	8	1.38
2013	0	0.00610	0.00607	0.07	100000	607	99436	7890042	78.90
2013	1-4	0.00025	0.00099	1.6	99393	99	397336	7790607	78.38
2013	5-9	0.00015	0.00073	2.5	99294	73	496291	7393271	74.46
2013	10-14	0.00012	0.00060	2.49	99222	60	495959	6896980	69.51
2013	15-19	0.00029	0.00147	3	99162	145	495519	6401021	64.55
2013	20-24	0.00047	0.00234	2.51	99016	231	494506	5905503	59.64
2013	25-29	0.00083	0.00414	2.6	98785	409	492945	5410996	54.78
2013	30-34	0.00099	0.00493	2.58	98377	485	490707	4918051	49.99
2013	35-39	0.00146	0.00728	2.66	97891	713	487793	4427344	45.23
2013	40-44	0.00214	0.01065	2.62	97179	1035	483435	3939551	40.54
2013	45-49	0.00338	0.01679	2.72	96144	1614	477040	3456116	35.95
2013	50-54	0.00553	0.02728	2.66	94530	2578	466607	2979076	31.51
2013	55-59	0.00723	0.03552	2.58	91952	3266	451842	2512468	27.32
2013	60-64	0.00990	0.04836	2.65	88685	4289	433352	2060626	23.24
2013	65-69	0.01512	0.07307	2.7	84396	6167	407810	1627274	19.28
2013	70-74	0.02366	0.11208	2.66	78229	8768	370634	1219464	15.59
2013	75-79	0.03660	0.16832	2.62	69461	11692	319428	848830	12.22
2013	80-84	0.05974	0.26133	2.61	57769	15097	252692	529402	9.16
2013	85-89	0.10841	0.42652	2.5	42672	18200	167888	276710	6.48
2013	90-94	0.19069	0.63239	2.34	24472	15476	81156	108822	4.45
2013	95-99	0.30325	0.80158	2.06	8996	7211	23779	27667	3.08
2013	100-104	0.44856	0.91223	1.75	1785	1628	3630	3888	2.18
2013	105-109	0.60422	0.96338	1.46	157	151	250	258	1.64
2013	110+	0.72517	1.00000	1.38	6	6	8	8	1.38
2014	0	0.00607	0.00603	0.07	100000	603	99439	7889472	78.89
2014	1-4	0.00025	0.00099	1.47	99397	99	397337	7790033	78.37
2014	5-9	0.00013	0.00064	1.83	99298	63	496290	7392696	74.45
2014	10-14	0.00012	0.00058	3.03	99235	57	496061	6896407	69.50
2014	15-19	0.00032	0.00160	2.96	99177	158	495564	6400346	64.53
2014	20-24	0.00052	0.00257	2.46	99019	255	494449	5904782	59.63
2014	25-29	0.00073	0.00362	2.67	98764	358	492988	5410333	54.78
2014	30-34	0.00103	0.00511	2.58	98407	503	490816	4917345	49.97
2014	35-39	0.00156	0.00777	2.48	97903	760	487598	4426529	45.21
2014	40-44	0.00233	0.01160	2.66	97143	1126	483079	3938931	40.55
2014	45-49	0.00350	0.01735	2.74	96016	1666	476320	3455852	35.99
2014	50-54	0.00555	0.02737	2.63	94350	2582	465626	2979532	31.58
2014	55-59	0.00765	0.03756	2.58	91768	3447	450489	2513906	27.39
2014	60-64	0.00999	0.04878	2.63	88321	4308	431407	2063418	23.36
2014	65-69	0.01493	0.07208	2.63	84013	6056	405728	1632011	19.43
2014	70-74	0.02310	0.10950	2.63	77957	8536	369579	1226283	15.73
2014	75-79	0.03612	0.16652	2.66	69421	11560	320017	856704	12.34
2014	80-84	0.05874	0.25765	2.62	57861	14908	253813	536687	9.28
2014	85-89	0.10525	0.41766	2.53	42953	17940	170447	282874	6.59
2014	90-94	0.18783	0.62709	2.35	25013	15686	83507	112427	4.49
2014	95-99	0.30023	0.79835	2.07	9328	7447	24804	28920	3.10
2014	100-104	0.44617	0.91115	1.75	1881	1714	3841	4117	2.19
2014	105-109	0.60302	0.96319	1.47	167	161	267	275	1.65
2014	110+	0.72500	1.00000	1.38	6	6	8	8	1.38
2015	0	0.00639	0.00635	0.07	100000	635	99410	7868007	78.68
2015	1-4	0.00020	0.00079	1.76	99365	78	397283	7768597	78.18
2015	5-9	0.00014	0.00068	2.51	99286	68	496263	7371314	74.24
2015	10-14	0.00015	0.00077	3.18	99219	77	495953	6875051	69.29
2015	15-19	0.00028	0.00138	3.12	99142	137	495453	6379098	64.34
2015	20-24	0.00057	0.00282	2.83	99005	280	494417	5883645	59.43
2015	25-29	0.00087	0.00435	2.65	98726	429	492621	5389227	54.59
2015	30-34	0.00113	0.00561	2.5	98296	552	490102	4896607	49.81
2015	35-39	0.00155	0.00773	2.53	97745	756	486860	4406505	45.08
2015	40-44	0.00256	0.01272	2.74	96989	1234	482155	3919645	40.41
2015	45-49	0.00352	0.01746	2.61	95755	1672	474772	3437490	35.90
2015	50-54	0.00529	0.02613	2.61	94083	2458	464528	2962717	31.49
2015	55-59	0.00773	0.03794	2.62	91625	3476	449843	2498189	27.27
2015	60-64	0.01053	0.05140	2.67	88149	4531	430182	2048346	23.24
2015	65-69	0.01441	0.06961	2.57	83618	5821	403925	1618164	19.35
2015	70-74	0.02340	0.11083	2.63	77797	8622	368530	1214239	15.61
2015	75-79	0.03698	0.16989	2.61	69175	11752	317763	845709	12.23
2015	80-84	0.06024	0.26333	2.61	57423	15121	251009	527946	9.19
2015	85-89	0.10731	0.42338	2.51	42302	17910	166894	276938	6.55
2015	90-94	0.18641	0.62089	2.31	24392	15145	81243	110044	4.51
2015	95-99	0.29889	0.79646	2.07	9247	7365	24642	28801	3.11
2015	100-104	0.44167	0.90858	1.76	1882	1710	3872	4159	2.21
2015	105-109	0.59567	0.96149	1.48	172	165	278	287	1.67
2015	110+	0.71628	1.00000	1.4	7	7	9	9	1.40
2016	0	0.00661	0.00657	0.07	100000	657	99390	7856364	78.56
2016	1-4	0.00032	0.00128	1.72	99343	127	397081	7756974	78.08
2016	5-9	0.00014	0.00071	2.57	99216	70	495907	7359893	74.18
2016	10-14	0.00018	0.00089	2.93	99145	88	495543	6863986	69.23
2016	15-19	0.00035	0.00173	2.93	99057	171	494928	6368443	64.29
2016	20-24	0.00061	0.00306	2.65	98885	303	493714	5873514	59.40
2016	25-29	0.00082	0.00410	2.73	98582	405	491992	5379801	54.57
2016	30-34	0.00130	0.00650	2.71	98178	638	489429	4887809	49.79
2016	35-39	0.00170	0.00846	2.56	97539	825	485685	4398380	45.09
2016	40-44	0.00244	0.01214	2.67	96715	1174	480836	3912695	40.46
2016	45-49	0.00348	0.01724	2.6	95541	1647	473743	3431859	35.92
2016	50-54	0.00571	0.02817	2.66	93894	2645	463277	2958116	31.50
2016	55-59	0.00774	0.03799	2.62	91249	3466	447988	2494839	27.34
2016	60-64	0.01034	0.05048	2.62	87783	4431	428374	2046851	23.32
2016	65-69	0.01505	0.07265	2.64	83352	6055	402461	1618477	19.42
2016	70-74	0.02312	0.10972	2.68	77297	8481	366833	1216015	15.73
2016	75-79	0.03633	0.16716	2.62	68816	11504	316659	849182	12.34
2016	80-84	0.05899	0.25803	2.57	57313	14788	250680	532523	9.29
2016	85-89	0.10696	0.42239	2.51	42524	17962	167938	281843	6.63
2016	90-94	0.17944	0.60738	2.34	24562	14919	83138	113905	4.64
2016	95-99	0.29061	0.78658	2.08	9644	7586	26102	30767	3.19
2016	100-104	0.42966	0.90196	1.78	2058	1856	4321	4665	2.27
2016	105-109	0.58145	0.95819	1.5	202	193	333	345	1.71
2016	110+	0.70181	1.00000	1.42	8	8	12	12	1.42
2017	0	0.00675	0.00671	0.07	100000	671	99377	7851836	78.52
2017	1-4	0.00036	0.00145	1.58	99329	144	396968	7752459	78.05
2017	5-9	0.00012	0.00061	3.35	99185	60	495826	7355491	74.16
2017	10-14	0.00013	0.00065	2.84	99125	64	495486	6859665	69.20
2017	15-19	0.00033	0.00163	2.9	99061	161	494967	6364178	64.25
2017	20-24	0.00074	0.00367	2.49	98900	363	493589	5869212	59.34
2017	25-29	0.00095	0.00472	2.85	98537	465	491685	5375622	54.55
2017	30-34	0.00136	0.00678	2.6	98071	665	488761	4883938	49.80
2017	35-39	0.00190	0.00946	2.54	97407	922	484767	4395177	45.12
2017	40-44	0.00238	0.01184	2.7	96485	1143	479793	3910411	40.53
2017	45-49	0.00348	0.01726	2.76	95342	1645	473033	3430617	35.98
2017	50-54	0.00491	0.02428	2.57	93697	2275	462955	2957584	31.57
2017	55-59	0.00823	0.04036	2.63	91422	3690	448366	2494630	27.29
2017	60-64	0.01034	0.05043	2.55	87732	4425	427799	2046264	23.32
2017	65-69	0.01475	0.07126	2.63	83308	5937	402438	1618465	19.43
2017	70-74	0.02279	0.10822	2.68	77371	8373	367449	1216027	15.72
2017	75-79	0.03640	0.16745	2.61	68998	11554	317422	848578	12.30
2017	80-84	0.06003	0.26190	2.57	57444	15045	250633	531157	9.25
2017	85-89	0.10529	0.41711	2.51	42399	17685	167972	280523	6.62
2017	90-94	0.18464	0.62246	2.38	24714	15384	83316	112551	4.55
2017	95-99	0.29673	0.79402	2.07	9330	7409	24967	29235	3.13
2017	100-104	0.43923	0.90733	1.77	1922	1744	3970	4268	2.22
2017	105-109	0.59335	0.96100	1.48	178	171	288	298	1.67
2017	110+	0.71430	1.00000	1.4	7	7	10	10	1.40
2018	0	0.00625	0.00621	0.07	100000	621	99423	7849345	78.49
2018	1-4	0.00031	0.00122	1.66	99379	121	397231	7749922	77.98
2018	5-9	0.00013	0.00067	2.6	99258	66	496129	7352691	74.08
2018	10-14	0.00015	0.00076	2.69	99191	75	495783	6856563	69.12
2018	15-19	0.00037	0.00186	2.87	99116	184	495188	6360779	64.18
2018	20-24	0.00062	0.00307	2.5	98932	304	493899	5865591	59.29
2018	25-29	0.00098	0.00490	2.58	98628	483	491969	5371692	54.46
2018	30-34	0.00144	0.00716	2.68	98145	703	489093	4879722	49.72
2018	35-39	0.00172	0.00857	2.71	97442	836	485300	4390629	45.06
2018	40-44	0.00239	0.01190	2.7	96607	1150	480384	3905329	40.43
2018	45-49	0.00359	0.01780	2.67	95457	1699	473315	3424945	35.88
2018	50-54	0.00543	0.02683	2.7	93757	2516	463001	2951630	31.48
2018	55-59	0.00806	0.03956	2.64	91242	3610	447684	2488628	27.28
2018	60-64	0.01089	0.05307	2.64	87632	4651	427167	2040945	23.29
2018	65-69	0.01506	0.07269	2.63	82981	6032	400604	1613777	19.45
2018	70-74	0.02246	0.10658	2.61	76949	8201	365123	1213173	15.77
2018	75-79	0.03654	0.16782	2.58	68748	11537	315781	848050	12.34
2018	80-84	0.06040	0.26359	2.59	57210	15080	249687	532269	9.30
2018	85-89	0.10158	0.40628	2.54	42130	17117	168497	282582	6.71
2018	90-94	0.18527	0.62074	2.34	25013	15527	83804	114085	4.56
2018	95-99	0.29041	0.78638	2.09	9487	7460	25689	30281	3.19
2018	100-104	0.42973	0.90204	1.78	2027	1828	4254	4593	2.27
2018	105-109	0.58185	0.95830	1.5	199	190	327	339	1.71
2018	110+	0.70243	1.00000	1.42	8	8	12	12	1.42
2019	0	0.00620	0.00616	0.07	100000	616	99427	7888608	78.89
2019	1-4	0.00019	0.00077	1.58	99384	77	397349	7789181	78.37
2019	5-9	0.00014	0.00069	2.53	99307	69	496364	7391832	74.43
2019	10-14	0.00018	0.00092	2.75	99238	91	495985	6895467	69.48
2019	15-19	0.00038	0.00190	2.79	99147	189	495316	6399482	64.55
2019	20-24	0.00063	0.00313	2.6	98958	310	494046	5904166	59.66
2019	25-29	0.00090	0.00447	2.66	98648	441	492211	5410120	54.84
2019	30-34	0.00146	0.00725	2.56	98207	712	489300	4917909	50.08
2019	35-39	0.00176	0.00878	2.7	97495	856	485510	4428609	45.42
2019	40-44	0.00233	0.01159	2.56	96640	1120	480465	3943099	40.80
2019	45-49	0.00349	0.01728	2.59	95519	1651	473618	3462634	36.25
2019	50-54	0.00510	0.02523	2.74	93868	2368	463979	2989016	31.84
2019	55-59	0.00742	0.03643	2.59	91500	3333	449480	2525037	27.60
2019	60-64	0.01106	0.05386	2.58	88167	4749	429325	2075558	23.54
2019	65-69	0.01428	0.06909	2.65	83418	5763	403528	1646233	19.73
2019	70-74	0.02199	0.10454	2.65	77654	8118	369159	1242705	16.00
2019	75-79	0.03582	0.16509	2.63	69536	11479	320434	873546	12.56
2019	80-84	0.05827	0.25536	2.58	58057	14825	254447	553112	9.53
2019	85-89	0.09786	0.39417	2.53	43231	17040	174138	298665	6.91
2019	90-94	0.17465	0.59699	2.35	26191	15636	89526	124528	4.75
2019	95-99	0.27756	0.77033	2.11	10555	8131	29294	35002	3.32
2019	100-104	0.41220	0.89165	1.82	2424	2162	5244	5708	2.35
2019	105-109	0.56182	0.95322	1.53	263	250	446	464	1.77
2019	110+	0.68236	1.00000	1.47	12	12	18	18	1.47
