MI: Michigan, Lifetables (period 1x5), Females Last modified: 20 Dec 2020, MPv5 (May07) 

Year     	Age	mx	qx	ax	lx	dx	Lx	Tx	ex
1960-1964	0	0.02054	0.02017	0.11	100000	2017	98206	7372761	73.73
1960-1964	1	0.00122	0.00122	0.5	97983	119	97923	7274555	74.24
1960-1964	2	0.00073	0.00073	0.5	97864	71	97828	7176632	73.33
1960-1964	3	0.00054	0.00053	0.5	97793	52	97767	7078803	72.39
1960-1964	4	0.00049	0.00049	0.5	97740	48	97716	6981037	71.42
1960-1964	5	0.00040	0.00040	0.5	97692	40	97672	6883321	70.46
1960-1964	6	0.00039	0.00039	0.5	97653	38	97634	6785648	69.49
1960-1964	7	0.00036	0.00036	0.5	97615	35	97597	6688014	68.51
1960-1964	8	0.00029	0.00029	0.5	97580	28	97566	6590417	67.54
1960-1964	9	0.00027	0.00027	0.5	97552	26	97539	6492851	66.56
1960-1964	10	0.00024	0.00024	0.5	97526	24	97514	6395312	65.58
1960-1964	11	0.00026	0.00026	0.5	97502	26	97489	6297799	64.59
1960-1964	12	0.00030	0.00030	0.5	97476	29	97461	6200310	63.61
1960-1964	13	0.00033	0.00033	0.5	97447	32	97431	6102848	62.63
1960-1964	14	0.00032	0.00032	0.5	97415	31	97399	6005418	61.65
1960-1964	15	0.00040	0.00040	0.5	97384	39	97364	5908018	60.67
1960-1964	16	0.00052	0.00052	0.5	97345	51	97320	5810654	59.69
1960-1964	17	0.00048	0.00048	0.5	97294	47	97271	5713334	58.72
1960-1964	18	0.00058	0.00058	0.5	97247	56	97219	5616063	57.75
1960-1964	19	0.00056	0.00056	0.5	97191	54	97164	5518844	56.78
1960-1964	20	0.00063	0.00063	0.5	97137	61	97106	5421681	55.82
1960-1964	21	0.00065	0.00065	0.5	97075	63	97044	5324575	54.85
1960-1964	22	0.00061	0.00061	0.5	97013	59	96983	5227531	53.89
1960-1964	23	0.00068	0.00068	0.5	96953	65	96921	5130548	52.92
1960-1964	24	0.00077	0.00077	0.5	96888	75	96851	5033627	51.95
1960-1964	25	0.00063	0.00063	0.5	96813	61	96782	4936776	50.99
1960-1964	26	0.00074	0.00074	0.5	96752	71	96716	4839994	50.02
1960-1964	27	0.00076	0.00076	0.5	96681	73	96644	4743278	49.06
1960-1964	28	0.00085	0.00085	0.5	96607	82	96566	4646634	48.10
1960-1964	29	0.00084	0.00084	0.5	96526	81	96485	4550067	47.14
1960-1964	30	0.00093	0.00093	0.5	96445	90	96400	4453582	46.18
1960-1964	31	0.00106	0.00106	0.5	96355	102	96304	4357182	45.22
1960-1964	32	0.00106	0.00106	0.5	96253	102	96202	4260878	44.27
1960-1964	33	0.00126	0.00126	0.5	96151	121	96090	4164677	43.31
1960-1964	34	0.00127	0.00127	0.5	96029	122	95968	4068587	42.37
1960-1964	35	0.00140	0.00140	0.5	95908	134	95840	3972618	41.42
1960-1964	36	0.00145	0.00144	0.5	95773	138	95704	3876778	40.48
1960-1964	37	0.00163	0.00163	0.5	95635	156	95557	3781074	39.54
1960-1964	38	0.00184	0.00184	0.5	95479	175	95392	3685517	38.60
1960-1964	39	0.00223	0.00223	0.5	95304	213	95198	3590125	37.67
1960-1964	40	0.00222	0.00222	0.5	95091	211	94986	3494928	36.75
1960-1964	41	0.00246	0.00246	0.5	94881	234	94764	3399942	35.83
1960-1964	42	0.00265	0.00265	0.5	94647	251	94522	3305178	34.92
1960-1964	43	0.00296	0.00296	0.5	94396	279	94257	3210656	34.01
1960-1964	44	0.00303	0.00303	0.5	94117	285	93974	3116400	33.11
1960-1964	45	0.00345	0.00344	0.5	93832	323	93670	3022425	32.21
1960-1964	46	0.00362	0.00361	0.5	93509	338	93340	2928755	31.32
1960-1964	47	0.00441	0.00440	0.5	93171	410	92966	2835415	30.43
1960-1964	48	0.00425	0.00424	0.5	92761	393	92565	2742449	29.56
1960-1964	49	0.00497	0.00496	0.5	92368	458	92139	2649884	28.69
1960-1964	50	0.00510	0.00509	0.5	91910	468	91676	2557745	27.83
1960-1964	51	0.00569	0.00567	0.5	91442	519	91183	2466069	26.97
1960-1964	52	0.00663	0.00661	0.5	90923	601	90623	2374887	26.12
1960-1964	53	0.00691	0.00688	0.5	90322	622	90011	2284264	25.29
1960-1964	54	0.00740	0.00738	0.5	89701	662	89370	2194252	24.46
1960-1964	55	0.00782	0.00779	0.5	89039	694	88692	2104882	23.64
1960-1964	56	0.00839	0.00835	0.5	88345	738	87977	2016190	22.82
1960-1964	57	0.00922	0.00918	0.5	87608	804	87206	1928214	22.01
1960-1964	58	0.01030	0.01025	0.5	86804	890	86359	1841008	21.21
1960-1964	59	0.01096	0.01090	0.5	85914	936	85446	1754649	20.42
1960-1964	60	0.01219	0.01212	0.5	84978	1030	84463	1669203	19.64
1960-1964	61	0.01272	0.01264	0.5	83948	1061	83418	1584740	18.88
1960-1964	62	0.01459	0.01449	0.5	82887	1201	82287	1501322	18.11
1960-1964	63	0.01607	0.01594	0.5	81686	1302	81035	1419036	17.37
1960-1964	64	0.01718	0.01703	0.5	80384	1369	79700	1338000	16.65
1960-1964	65	0.01972	0.01953	0.5	79015	1543	78244	1258301	15.92
1960-1964	66	0.02089	0.02067	0.5	77472	1601	76671	1180057	15.23
1960-1964	67	0.02338	0.02311	0.5	75871	1753	74994	1103385	14.54
1960-1964	68	0.02451	0.02422	0.5	74117	1795	73220	1028391	13.88
1960-1964	69	0.02764	0.02726	0.5	72323	1972	71337	955172	13.21
1960-1964	70	0.02953	0.02910	0.5	70351	2048	69327	883835	12.56
1960-1964	71	0.03255	0.03203	0.5	68303	2188	67210	814508	11.92
1960-1964	72	0.03835	0.03762	0.5	66116	2488	64872	747298	11.30
1960-1964	73	0.04183	0.04098	0.5	63628	2607	62325	682426	10.73
1960-1964	74	0.04474	0.04376	0.5	61021	2670	59686	620101	10.16
1960-1964	75	0.05086	0.04960	0.5	58351	2894	56903	560416	9.60
1960-1964	76	0.05343	0.05204	0.5	55456	2886	54013	503512	9.08
1960-1964	77	0.05881	0.05713	0.5	52570	3003	51069	449499	8.55
1960-1964	78	0.06503	0.06298	0.5	49567	3122	48006	398430	8.04
1960-1964	79	0.07381	0.07119	0.5	46446	3306	44792	350423	7.54
1960-1964	80	0.08310	0.07979	0.5	43139	3442	41418	305631	7.08
1960-1964	81	0.09089	0.08694	0.5	39697	3451	37972	264213	6.66
1960-1964	82	0.10032	0.09553	0.5	36246	3463	34515	226241	6.24
1960-1964	83	0.11151	0.10563	0.5	32783	3463	31052	191726	5.85
1960-1964	84	0.12750	0.11986	0.5	29321	3514	27563	160674	5.48
1960-1964	85	0.13471	0.12621	0.5	25806	3257	24178	133111	5.16
1960-1964	86	0.15205	0.14131	0.5	22549	3186	20956	108933	4.83
1960-1964	87	0.16891	0.15576	0.5	19363	3016	17855	87977	4.54
1960-1964	88	0.17420	0.16024	0.5	16347	2619	15037	70122	4.29
1960-1964	89	0.19021	0.17369	0.5	13728	2384	12535	55085	4.01
1960-1964	90	0.21492	0.19407	0.5	11343	2201	10243	42549	3.75
1960-1964	91	0.22738	0.20417	0.5	9142	1866	8209	32307	3.53
1960-1964	92	0.25452	0.22578	0.5	7275	1643	6454	24098	3.31
1960-1964	93	0.26060	0.23055	0.5	5633	1299	4983	17644	3.13
1960-1964	94	0.29266	0.25531	0.5	4334	1107	3781	12661	2.92
1960-1964	95	0.31550	0.27251	0.5	3228	880	2788	8880	2.75
1960-1964	96	0.33927	0.29007	0.5	2348	681	2007	6092	2.59
1960-1964	97	0.36388	0.30786	0.5	1667	513	1410	4085	2.45
1960-1964	98	0.38921	0.32581	0.5	1154	376	966	2674	2.32
1960-1964	99	0.41517	0.34380	0.5	778	267	644	1708	2.20
1960-1964	100	0.44160	0.36173	0.5	510	185	418	1064	2.09
1960-1964	101	0.46836	0.37949	0.5	326	124	264	646	1.98
1960-1964	102	0.49531	0.39699	0.5	202	80	162	382	1.89
1960-1964	103	0.52229	0.41414	0.5	122	50	97	220	1.81
1960-1964	104	0.54914	0.43084	0.5	71	31	56	123	1.73
1960-1964	105	0.57570	0.44702	0.5	41	18	32	67	1.66
1960-1964	106	0.60183	0.46262	0.5	22	10	17	36	1.60
1960-1964	107	0.62740	0.47758	0.5	12	6	9	19	1.54
1960-1964	108	0.65227	0.49186	0.5	6	3	5	9	1.49
1960-1964	109	0.67634	0.50542	0.5	3	2	2	5	1.45
1960-1964	110+	0.69951	1.00000	1.43	2	2	2	2	1.43
1965-1969	0	0.01925	0.01892	0.11	100000	1892	98310	7398009	73.98
1965-1969	1	0.00118	0.00118	0.5	98108	116	98050	7299699	74.40
1965-1969	2	0.00066	0.00066	0.5	97991	64	97959	7201649	73.49
1965-1969	3	0.00056	0.00056	0.5	97927	55	97900	7103690	72.54
1965-1969	4	0.00045	0.00045	0.5	97872	44	97850	7005790	71.58
1965-1969	5	0.00044	0.00044	0.5	97828	43	97807	6907940	70.61
1965-1969	6	0.00042	0.00042	0.5	97785	41	97765	6810133	69.64
1965-1969	7	0.00035	0.00034	0.5	97744	34	97727	6712369	68.67
1965-1969	8	0.00030	0.00030	0.5	97710	29	97696	6614641	67.70
1965-1969	9	0.00027	0.00027	0.5	97681	27	97668	6516945	66.72
1965-1969	10	0.00028	0.00028	0.5	97655	27	97641	6419278	65.73
1965-1969	11	0.00025	0.00025	0.5	97627	24	97615	6321637	64.75
1965-1969	12	0.00029	0.00029	0.5	97603	28	97589	6224021	63.77
1965-1969	13	0.00032	0.00032	0.5	97575	31	97560	6126432	62.79
1965-1969	14	0.00038	0.00038	0.5	97544	37	97525	6028872	61.81
1965-1969	15	0.00040	0.00040	0.5	97507	39	97487	5931347	60.83
1965-1969	16	0.00048	0.00048	0.5	97468	47	97445	5833860	59.85
1965-1969	17	0.00062	0.00062	0.5	97421	60	97391	5736415	58.88
1965-1969	18	0.00063	0.00063	0.5	97361	61	97330	5639025	57.92
1965-1969	19	0.00066	0.00066	0.5	97299	64	97267	5541695	56.96
1965-1969	20	0.00065	0.00065	0.5	97235	64	97203	5444428	55.99
1965-1969	21	0.00072	0.00072	0.5	97171	70	97136	5347224	55.03
1965-1969	22	0.00062	0.00062	0.5	97101	61	97071	5250088	54.07
1965-1969	23	0.00067	0.00067	0.5	97041	65	97008	5153017	53.10
1965-1969	24	0.00074	0.00074	0.5	96976	72	96940	5056009	52.14
1965-1969	25	0.00082	0.00082	0.5	96904	80	96864	4959069	51.17
1965-1969	26	0.00086	0.00086	0.5	96824	83	96783	4862205	50.22
1965-1969	27	0.00080	0.00080	0.5	96741	78	96702	4765422	49.26
1965-1969	28	0.00083	0.00083	0.5	96663	81	96623	4668720	48.30
1965-1969	29	0.00095	0.00095	0.5	96583	91	96537	4572097	47.34
1965-1969	30	0.00095	0.00095	0.5	96491	92	96445	4475560	46.38
1965-1969	31	0.00105	0.00105	0.5	96400	101	96349	4379115	45.43
1965-1969	32	0.00116	0.00116	0.5	96298	112	96242	4282766	44.47
1965-1969	33	0.00131	0.00131	0.5	96186	126	96123	4186523	43.53
1965-1969	34	0.00123	0.00123	0.5	96060	118	96001	4090400	42.58
1965-1969	35	0.00157	0.00157	0.5	95942	150	95866	3994399	41.63
1965-1969	36	0.00153	0.00153	0.5	95791	146	95718	3898533	40.70
1965-1969	37	0.00166	0.00166	0.5	95645	159	95566	3802815	39.76
1965-1969	38	0.00212	0.00212	0.5	95486	202	95385	3707250	38.82
1965-1969	39	0.00212	0.00212	0.5	95284	202	95183	3611864	37.91
1965-1969	40	0.00224	0.00224	0.5	95082	213	94976	3516681	36.99
1965-1969	41	0.00250	0.00249	0.5	94869	237	94751	3421706	36.07
1965-1969	42	0.00271	0.00270	0.5	94632	256	94504	3326955	35.16
1965-1969	43	0.00313	0.00312	0.5	94376	295	94229	3232451	34.25
1965-1969	44	0.00322	0.00321	0.5	94081	302	93930	3138222	33.36
1965-1969	45	0.00350	0.00350	0.5	93779	328	93615	3044291	32.46
1965-1969	46	0.00384	0.00383	0.5	93451	358	93272	2950676	31.57
1965-1969	47	0.00426	0.00425	0.5	93094	396	92896	2857404	30.69
1965-1969	48	0.00481	0.00480	0.5	92698	445	92475	2764508	29.82
1965-1969	49	0.00489	0.00488	0.5	92253	450	92028	2672033	28.96
1965-1969	50	0.00525	0.00523	0.5	91803	480	91563	2580005	28.10
1965-1969	51	0.00582	0.00580	0.5	91322	530	91057	2488443	27.25
1965-1969	52	0.00625	0.00623	0.5	90792	566	90509	2397385	26.41
1965-1969	53	0.00678	0.00676	0.5	90227	610	89922	2306876	25.57
1965-1969	54	0.00763	0.00760	0.5	89617	681	89276	2216954	24.74
1965-1969	55	0.00778	0.00775	0.5	88936	690	88591	2127678	23.92
1965-1969	56	0.00839	0.00836	0.5	88246	738	87877	2039088	23.11
1965-1969	57	0.00978	0.00973	0.5	87508	852	87082	1951210	22.30
1965-1969	58	0.01013	0.01008	0.5	86657	873	86220	1864128	21.51
1965-1969	59	0.01096	0.01090	0.5	85783	935	85316	1777908	20.73
1965-1969	60	0.01138	0.01132	0.5	84849	960	84368	1692592	19.95
1965-1969	61	0.01283	0.01275	0.5	83888	1070	83354	1608224	19.17
1965-1969	62	0.01430	0.01420	0.5	82819	1176	82231	1524870	18.41
1965-1969	63	0.01567	0.01555	0.5	81643	1269	81008	1442639	17.67
1965-1969	64	0.01657	0.01643	0.5	80373	1321	79713	1361632	16.94
1965-1969	65	0.01839	0.01822	0.5	79053	1441	78333	1281918	16.22
1965-1969	66	0.01979	0.01959	0.5	77612	1521	76852	1203586	15.51
1965-1969	67	0.02219	0.02195	0.5	76091	1670	75256	1126734	14.81
1965-1969	68	0.02535	0.02504	0.5	74421	1863	73490	1051478	14.13
1965-1969	69	0.02638	0.02603	0.5	72558	1889	71614	977988	13.48
1965-1969	70	0.02941	0.02898	0.5	70669	2048	69645	906375	12.83
1965-1969	71	0.03136	0.03088	0.5	68621	2119	67561	836730	12.19
1965-1969	72	0.03589	0.03525	0.5	66502	2344	65330	769168	11.57
1965-1969	73	0.03835	0.03763	0.5	64157	2414	62950	703839	10.97
1965-1969	74	0.04287	0.04197	0.5	61743	2592	60447	640888	10.38
1965-1969	75	0.04868	0.04752	0.5	59152	2811	57746	580441	9.81
1965-1969	76	0.05291	0.05155	0.5	56341	2904	54888	522695	9.28
1965-1969	77	0.05594	0.05442	0.5	53436	2908	51982	467806	8.75
1965-1969	78	0.06606	0.06395	0.5	50528	3231	48913	415824	8.23
1965-1969	79	0.07089	0.06847	0.5	47297	3238	45678	366912	7.76
1965-1969	80	0.08049	0.07737	0.5	44059	3409	42354	321234	7.29
1965-1969	81	0.08511	0.08163	0.5	40650	3318	38991	278879	6.86
1965-1969	82	0.09687	0.09240	0.5	37331	3449	35607	239889	6.43
1965-1969	83	0.10630	0.10094	0.5	33882	3420	32172	204282	6.03
1965-1969	84	0.11839	0.11177	0.5	30462	3405	28760	172110	5.65
1965-1969	85	0.13071	0.12269	0.5	27057	3320	25397	143350	5.30
1965-1969	86	0.14473	0.13496	0.5	23738	3204	22136	117953	4.97
1965-1969	87	0.15481	0.14369	0.5	20534	2951	19059	95817	4.67
1965-1969	88	0.16592	0.15321	0.5	17583	2694	16236	76759	4.37
1965-1969	89	0.19219	0.17534	0.5	14890	2611	13584	60522	4.06
1965-1969	90	0.21151	0.19128	0.5	12279	2349	11104	46938	3.82
1965-1969	91	0.22674	0.20365	0.5	9930	2022	8919	35834	3.61
1965-1969	92	0.24755	0.22029	0.5	7908	1742	7037	26915	3.40
1965-1969	93	0.25360	0.22506	0.5	6166	1388	5472	19878	3.22
1965-1969	94	0.28132	0.24663	0.5	4778	1178	4189	14406	3.01
1965-1969	95	0.30358	0.26357	0.5	3600	949	3125	10217	2.84
1965-1969	96	0.32681	0.28091	0.5	2651	745	2279	7092	2.68
1965-1969	97	0.35092	0.29854	0.5	1906	569	1622	4813	2.52
1965-1969	98	0.37581	0.31636	0.5	1337	423	1126	3191	2.39
1965-1969	99	0.40138	0.33429	0.5	914	306	761	2066	2.26
1965-1969	100	0.42750	0.35221	0.5	609	214	501	1304	2.14
1965-1969	101	0.45402	0.37002	0.5	394	146	321	803	2.04
1965-1969	102	0.48081	0.38763	0.5	248	96	200	482	1.94
1965-1969	103	0.50772	0.40492	0.5	152	62	121	282	1.85
1965-1969	104	0.53457	0.42182	0.5	90	38	71	160	1.77
1965-1969	105	0.56123	0.43825	0.5	52	23	41	89	1.70
1965-1969	106	0.58754	0.45413	0.5	29	13	23	48	1.63
1965-1969	107	0.61336	0.46940	0.5	16	8	12	25	1.57
1965-1969	108	0.63855	0.48402	0.5	9	4	6	13	1.52
1965-1969	109	0.66301	0.49794	0.5	4	2	3	7	1.48
1965-1969	110+	0.68662	1.00000	1.46	2	2	3	3	1.46
1970-1974	0	0.01658	0.01634	0.1	100000	1634	98529	7492812	74.93
1970-1974	1	0.00111	0.00111	0.5	98366	109	98312	7394283	75.17
1970-1974	2	0.00068	0.00068	0.5	98258	67	98224	7295971	74.25
1970-1974	3	0.00058	0.00058	0.5	98191	57	98162	7197747	73.30
1970-1974	4	0.00046	0.00046	0.5	98134	45	98111	7099585	72.35
1970-1974	5	0.00034	0.00034	0.5	98089	33	98072	7001473	71.38
1970-1974	6	0.00035	0.00035	0.5	98056	34	98038	6903401	70.40
1970-1974	7	0.00027	0.00027	0.5	98021	27	98008	6805363	69.43
1970-1974	8	0.00028	0.00028	0.5	97995	27	97981	6707355	68.45
1970-1974	9	0.00027	0.00027	0.5	97968	26	97954	6609374	67.46
1970-1974	10	0.00028	0.00028	0.5	97941	28	97928	6511419	66.48
1970-1974	11	0.00023	0.00023	0.5	97914	23	97902	6413492	65.50
1970-1974	12	0.00030	0.00030	0.5	97891	29	97876	6315589	64.52
1970-1974	13	0.00028	0.00028	0.5	97862	27	97848	6217713	63.54
1970-1974	14	0.00030	0.00030	0.5	97834	29	97820	6119865	62.55
1970-1974	15	0.00049	0.00049	0.5	97806	48	97782	6022045	61.57
1970-1974	16	0.00049	0.00049	0.5	97758	48	97734	5924263	60.60
1970-1974	17	0.00063	0.00063	0.5	97710	61	97679	5826529	59.63
1970-1974	18	0.00073	0.00073	0.5	97649	71	97613	5728850	58.67
1970-1974	19	0.00075	0.00075	0.5	97578	74	97541	5631237	57.71
1970-1974	20	0.00078	0.00078	0.5	97504	76	97466	5533696	56.75
1970-1974	21	0.00066	0.00066	0.5	97428	65	97396	5436230	55.80
1970-1974	22	0.00084	0.00084	0.5	97364	82	97323	5338834	54.83
1970-1974	23	0.00075	0.00075	0.5	97282	73	97246	5241511	53.88
1970-1974	24	0.00080	0.00080	0.5	97209	78	97170	5144265	52.92
1970-1974	25	0.00077	0.00077	0.5	97131	75	97094	5047095	51.96
1970-1974	26	0.00090	0.00090	0.5	97056	87	97013	4950001	51.00
1970-1974	27	0.00075	0.00075	0.5	96969	73	96932	4852989	50.05
1970-1974	28	0.00083	0.00083	0.5	96896	81	96856	4756056	49.08
1970-1974	29	0.00109	0.00109	0.5	96815	106	96762	4659201	48.12
1970-1974	30	0.00094	0.00094	0.5	96710	91	96664	4562438	47.18
1970-1974	31	0.00094	0.00094	0.5	96619	90	96574	4465774	46.22
1970-1974	32	0.00114	0.00114	0.5	96529	110	96474	4369200	45.26
1970-1974	33	0.00114	0.00114	0.5	96419	110	96364	4272726	44.31
1970-1974	34	0.00133	0.00133	0.5	96309	128	96245	4176362	43.36
1970-1974	35	0.00147	0.00147	0.5	96181	141	96111	4080117	42.42
1970-1974	36	0.00151	0.00150	0.5	96040	145	95968	3984007	41.48
1970-1974	37	0.00171	0.00171	0.5	95895	164	95813	3888039	40.54
1970-1974	38	0.00180	0.00180	0.5	95731	173	95645	3792226	39.61
1970-1974	39	0.00187	0.00187	0.5	95559	178	95470	3696580	38.68
1970-1974	40	0.00219	0.00219	0.5	95381	209	95276	3601111	37.76
1970-1974	41	0.00240	0.00240	0.5	95171	229	95057	3505835	36.84
1970-1974	42	0.00264	0.00264	0.5	94943	251	94818	3410778	35.92
1970-1974	43	0.00295	0.00295	0.5	94692	279	94553	3315960	35.02
1970-1974	44	0.00325	0.00324	0.5	94413	306	94260	3221407	34.12
1970-1974	45	0.00337	0.00336	0.5	94107	316	93949	3127147	33.23
1970-1974	46	0.00381	0.00380	0.5	93791	357	93612	3033198	32.34
1970-1974	47	0.00430	0.00429	0.5	93434	401	93234	2939586	31.46
1970-1974	48	0.00452	0.00451	0.5	93033	420	92823	2846352	30.59
1970-1974	49	0.00476	0.00475	0.5	92614	440	92394	2753528	29.73
1970-1974	50	0.00523	0.00522	0.5	92174	481	91933	2661135	28.87
1970-1974	51	0.00540	0.00539	0.5	91693	494	91446	2569202	28.02
1970-1974	52	0.00584	0.00582	0.5	91199	531	90933	2477756	27.17
1970-1974	53	0.00649	0.00647	0.5	90668	587	90375	2386823	26.32
1970-1974	54	0.00684	0.00681	0.5	90081	614	89774	2296448	25.49
1970-1974	55	0.00708	0.00705	0.5	89467	631	89152	2206674	24.66
1970-1974	56	0.00822	0.00818	0.5	88837	727	88473	2117522	23.84
1970-1974	57	0.00893	0.00889	0.5	88110	783	87718	2029049	23.03
1970-1974	58	0.00967	0.00962	0.5	87327	840	86907	1941331	22.23
1970-1974	59	0.01063	0.01058	0.5	86486	915	86029	1854424	21.44
1970-1974	60	0.01115	0.01108	0.5	85572	948	85098	1768395	20.67
1970-1974	61	0.01166	0.01159	0.5	84623	981	84133	1683297	19.89
1970-1974	62	0.01322	0.01314	0.5	83642	1099	83093	1599164	19.12
1970-1974	63	0.01453	0.01442	0.5	82544	1190	81949	1516071	18.37
1970-1974	64	0.01585	0.01572	0.5	81353	1279	80714	1434123	17.63
1970-1974	65	0.01659	0.01645	0.5	80074	1318	79415	1353409	16.90
1970-1974	66	0.01853	0.01836	0.5	78756	1446	78033	1273994	16.18
1970-1974	67	0.02019	0.01999	0.5	77310	1545	76538	1195960	15.47
1970-1974	68	0.02270	0.02245	0.5	75765	1701	74915	1119423	14.77
1970-1974	69	0.02447	0.02418	0.5	74064	1791	73169	1044508	14.10
1970-1974	70	0.02694	0.02658	0.5	72274	1921	71313	971339	13.44
1970-1974	71	0.02976	0.02932	0.5	70353	2063	69321	900025	12.79
1970-1974	72	0.03245	0.03193	0.5	68290	2180	67200	830704	12.16
1970-1974	73	0.03546	0.03484	0.5	66110	2304	64958	763504	11.55
1970-1974	74	0.03936	0.03860	0.5	63806	2463	62575	698546	10.95
1970-1974	75	0.04316	0.04225	0.5	61343	2591	60047	635972	10.37
1970-1974	76	0.04920	0.04802	0.5	58752	2821	57341	575924	9.80
1970-1974	77	0.05117	0.04989	0.5	55930	2790	54535	518583	9.27
1970-1974	78	0.05864	0.05697	0.5	53140	3027	51626	464048	8.73
1970-1974	79	0.06578	0.06368	0.5	50113	3191	48517	412422	8.23
1970-1974	80	0.07111	0.06867	0.5	46921	3222	45310	363905	7.76
1970-1974	81	0.07596	0.07318	0.5	43699	3198	42100	318595	7.29
1970-1974	82	0.08761	0.08393	0.5	40501	3399	38802	276494	6.83
1970-1974	83	0.09693	0.09245	0.5	37102	3430	35387	237693	6.41
1970-1974	84	0.10711	0.10167	0.5	33672	3423	31960	202305	6.01
1970-1974	85	0.11658	0.11016	0.5	30249	3332	28583	170345	5.63
1970-1974	86	0.13173	0.12359	0.5	26917	3327	25253	141762	5.27
1970-1974	87	0.14457	0.13482	0.5	23590	3180	22000	116509	4.94
1970-1974	88	0.15542	0.14421	0.5	20409	2943	18938	94509	4.63
1970-1974	89	0.17617	0.16191	0.5	17466	2828	16052	75572	4.33
1970-1974	90	0.19379	0.17667	0.5	14638	2586	13345	59519	4.07
1970-1974	91	0.20541	0.18628	0.5	12052	2245	10929	46174	3.83
1970-1974	92	0.21610	0.19502	0.5	9807	1913	8851	35245	3.59
1970-1974	93	0.24331	0.21692	0.5	7894	1712	7038	26394	3.34
1970-1974	94	0.26654	0.23520	0.5	6182	1454	5455	19356	3.13
1970-1974	95	0.28889	0.25243	0.5	4728	1193	4131	13901	2.94
1970-1974	96	0.31231	0.27013	0.5	3534	955	3057	9770	2.76
1970-1974	97	0.33673	0.28821	0.5	2580	743	2208	6713	2.60
1970-1974	98	0.36206	0.30656	0.5	1836	563	1555	4505	2.45
1970-1974	99	0.38817	0.32508	0.5	1273	414	1066	2950	2.32
1970-1974	100	0.41495	0.34365	0.5	859	295	712	1884	2.19
1970-1974	101	0.44223	0.36215	0.5	564	204	462	1172	2.08
1970-1974	102	0.46987	0.38048	0.5	360	137	291	710	1.97
1970-1974	103	0.49770	0.39853	0.5	223	89	178	419	1.88
1970-1974	104	0.52554	0.41618	0.5	134	56	106	241	1.79
1970-1974	105	0.55322	0.43335	0.5	78	34	61	134	1.72
1970-1974	106	0.58057	0.44996	0.5	44	20	34	73	1.65
1970-1974	107	0.60744	0.46593	0.5	24	11	19	39	1.59
1970-1974	108	0.63368	0.48121	0.5	13	6	10	20	1.53
1970-1974	109	0.65914	0.49576	0.5	7	3	5	10	1.49
1970-1974	110+	0.68372	1.00000	1.46	3	3	5	5	1.46
1975-1979	0	0.01296	0.01281	0.09	100000	1281	98833	7663321	76.63
1975-1979	1	0.00092	0.00092	0.5	98719	91	98673	7564488	76.63
1975-1979	2	0.00057	0.00057	0.5	98628	56	98600	7465815	75.70
1975-1979	3	0.00048	0.00048	0.5	98572	47	98549	7367215	74.74
1975-1979	4	0.00040	0.00040	0.5	98525	39	98505	7268666	73.77
1975-1979	5	0.00033	0.00033	0.5	98486	33	98469	7170161	72.80
1975-1979	6	0.00027	0.00027	0.5	98453	27	98439	7071692	71.83
1975-1979	7	0.00026	0.00026	0.5	98426	25	98413	6973252	70.85
1975-1979	8	0.00026	0.00026	0.5	98401	26	98388	6874839	69.87
1975-1979	9	0.00025	0.00025	0.5	98375	24	98363	6776451	68.88
1975-1979	10	0.00023	0.00023	0.5	98351	23	98340	6678088	67.90
1975-1979	11	0.00020	0.00020	0.5	98328	19	98319	6579749	66.92
1975-1979	12	0.00023	0.00023	0.5	98309	22	98298	6481430	65.93
1975-1979	13	0.00025	0.00025	0.5	98287	25	98274	6383132	64.94
1975-1979	14	0.00027	0.00027	0.5	98262	27	98248	6284858	63.96
1975-1979	15	0.00039	0.00039	0.5	98235	38	98216	6186610	62.98
1975-1979	16	0.00041	0.00041	0.5	98197	41	98177	6088394	62.00
1975-1979	17	0.00063	0.00063	0.5	98156	61	98126	5990217	61.03
1975-1979	18	0.00064	0.00064	0.5	98095	63	98064	5892091	60.07
1975-1979	19	0.00063	0.00063	0.5	98032	62	98001	5794028	59.10
1975-1979	20	0.00064	0.00064	0.5	97970	63	97939	5696026	58.14
1975-1979	21	0.00069	0.00069	0.5	97907	68	97873	5598088	57.18
1975-1979	22	0.00069	0.00069	0.5	97839	67	97806	5500215	56.22
1975-1979	23	0.00074	0.00073	0.5	97772	72	97736	5402409	55.26
1975-1979	24	0.00081	0.00081	0.5	97700	79	97661	5304673	54.30
1975-1979	25	0.00070	0.00070	0.5	97621	68	97587	5207012	53.34
1975-1979	26	0.00073	0.00073	0.5	97553	72	97517	5109425	52.38
1975-1979	27	0.00080	0.00080	0.5	97481	78	97442	5011908	51.41
1975-1979	28	0.00078	0.00078	0.5	97403	76	97365	4914466	50.45
1975-1979	29	0.00078	0.00078	0.5	97327	76	97289	4817101	49.49
1975-1979	30	0.00078	0.00078	0.5	97250	76	97212	4719812	48.53
1975-1979	31	0.00092	0.00092	0.5	97175	89	97130	4622600	47.57
1975-1979	32	0.00092	0.00092	0.5	97086	89	97041	4525470	46.61
1975-1979	33	0.00094	0.00094	0.5	96996	91	96950	4428429	45.66
1975-1979	34	0.00100	0.00100	0.5	96905	97	96856	4331479	44.70
1975-1979	35	0.00116	0.00116	0.5	96808	112	96752	4234622	43.74
1975-1979	36	0.00127	0.00127	0.5	96696	122	96634	4137871	42.79
1975-1979	37	0.00140	0.00139	0.5	96573	135	96506	4041236	41.85
1975-1979	38	0.00150	0.00150	0.5	96439	144	96366	3944730	40.90
1975-1979	39	0.00166	0.00166	0.5	96294	160	96214	3848364	39.96
1975-1979	40	0.00185	0.00185	0.5	96134	178	96046	3752149	39.03
1975-1979	41	0.00203	0.00203	0.5	95957	195	95859	3656104	38.10
1975-1979	42	0.00235	0.00234	0.5	95762	224	95650	3560245	37.18
1975-1979	43	0.00248	0.00247	0.5	95537	236	95419	3464595	36.26
1975-1979	44	0.00254	0.00254	0.5	95301	242	95180	3369176	35.35
1975-1979	45	0.00297	0.00297	0.5	95059	282	94918	3273996	34.44
1975-1979	46	0.00309	0.00308	0.5	94777	292	94631	3179078	33.54
1975-1979	47	0.00356	0.00356	0.5	94485	336	94317	3084447	32.64
1975-1979	48	0.00399	0.00398	0.5	94149	375	93961	2990131	31.76
1975-1979	49	0.00413	0.00412	0.5	93774	387	93580	2896170	30.88
1975-1979	50	0.00475	0.00474	0.5	93387	443	93166	2802589	30.01
1975-1979	51	0.00472	0.00471	0.5	92944	438	92725	2709424	29.15
1975-1979	52	0.00539	0.00537	0.5	92506	497	92258	2616698	28.29
1975-1979	53	0.00575	0.00573	0.5	92009	527	91746	2524441	27.44
1975-1979	54	0.00615	0.00613	0.5	91482	561	91202	2432695	26.59
1975-1979	55	0.00692	0.00690	0.5	90921	627	90608	2341493	25.75
1975-1979	56	0.00717	0.00714	0.5	90294	645	89972	2250885	24.93
1975-1979	57	0.00786	0.00783	0.5	89649	702	89299	2160914	24.10
1975-1979	58	0.00867	0.00863	0.5	88948	768	88564	2071615	23.29
1975-1979	59	0.00901	0.00897	0.5	88180	791	87784	1983051	22.49
1975-1979	60	0.01032	0.01026	0.5	87389	897	86940	1895267	21.69
1975-1979	61	0.01112	0.01106	0.5	86492	956	86014	1808327	20.91
1975-1979	62	0.01218	0.01211	0.5	85535	1036	85018	1722313	20.14
1975-1979	63	0.01317	0.01308	0.5	84500	1105	83947	1637296	19.38
1975-1979	64	0.01368	0.01359	0.5	83394	1133	82828	1553349	18.63
1975-1979	65	0.01582	0.01569	0.5	82261	1291	81616	1470521	17.88
1975-1979	66	0.01610	0.01597	0.5	80970	1293	80324	1388905	17.15
1975-1979	67	0.01784	0.01768	0.5	79677	1409	78973	1308582	16.42
1975-1979	68	0.01974	0.01955	0.5	78269	1530	77504	1229609	15.71
1975-1979	69	0.02191	0.02167	0.5	76739	1663	75907	1152105	15.01
1975-1979	70	0.02371	0.02343	0.5	75076	1759	74196	1076198	14.33
1975-1979	71	0.02550	0.02518	0.5	73317	1846	72394	1002002	13.67
1975-1979	72	0.02844	0.02804	0.5	71470	2004	70468	929608	13.01
1975-1979	73	0.03103	0.03055	0.5	69466	2122	68405	859140	12.37
1975-1979	74	0.03438	0.03380	0.5	67344	2276	66206	790735	11.74
1975-1979	75	0.03707	0.03639	0.5	65068	2368	63883	724530	11.14
1975-1979	76	0.04143	0.04059	0.5	62699	2545	61427	660646	10.54
1975-1979	77	0.04670	0.04564	0.5	60154	2745	58782	599219	9.96
1975-1979	78	0.05119	0.04991	0.5	57409	2866	55976	540438	9.41
1975-1979	79	0.05486	0.05340	0.5	54543	2912	53087	484461	8.88
1975-1979	80	0.06280	0.06089	0.5	51631	3144	50059	431374	8.35
1975-1979	81	0.06851	0.06624	0.5	48487	3212	46881	381315	7.86
1975-1979	82	0.07671	0.07387	0.5	45275	3345	43603	334434	7.39
1975-1979	83	0.08430	0.08089	0.5	41931	3392	40235	290831	6.94
1975-1979	84	0.09433	0.09008	0.5	38539	3472	36803	250596	6.50
1975-1979	85	0.10670	0.10130	0.5	35067	3552	33291	213793	6.10
1975-1979	86	0.11511	0.10885	0.5	31515	3430	29800	180502	5.73
1975-1979	87	0.12871	0.12093	0.5	28085	3396	26387	150702	5.37
1975-1979	88	0.13828	0.12934	0.5	24689	3193	23092	124315	5.04
1975-1979	89	0.14996	0.13950	0.5	21495	2999	19996	101223	4.71
1975-1979	90	0.16656	0.15375	0.5	18497	2844	17075	81227	4.39
1975-1979	91	0.18849	0.17225	0.5	15653	2696	14305	64152	4.10
1975-1979	92	0.20455	0.18557	0.5	12957	2404	11754	49848	3.85
1975-1979	93	0.22330	0.20087	0.5	10552	2120	9492	38093	3.61
1975-1979	94	0.24033	0.21455	0.5	8433	1809	7528	28601	3.39
1975-1979	95	0.26121	0.23103	0.5	6623	1530	5858	21073	3.18
1975-1979	96	0.28322	0.24809	0.5	5093	1264	4461	15215	2.99
1975-1979	97	0.30633	0.26564	0.5	3830	1017	3321	10753	2.81
1975-1979	98	0.33044	0.28359	0.5	2812	798	2414	7432	2.64
1975-1979	99	0.35548	0.30184	0.5	2015	608	1711	5019	2.49
1975-1979	100	0.38134	0.32028	0.5	1407	451	1181	3308	2.35
1975-1979	101	0.40789	0.33880	0.5	956	324	794	2127	2.22
1975-1979	102	0.43499	0.35729	0.5	632	226	519	1333	2.11
1975-1979	103	0.46249	0.37563	0.5	406	153	330	813	2.00
1975-1979	104	0.49021	0.39371	0.5	254	100	204	483	1.91
1975-1979	105	0.51799	0.41143	0.5	154	63	122	280	1.82
1975-1979	106	0.54567	0.42870	0.5	91	39	71	158	1.74
1975-1979	107	0.57306	0.44543	0.5	52	23	40	86	1.67
1975-1979	108	0.60001	0.46155	0.5	29	13	22	46	1.61
1975-1979	109	0.62637	0.47699	0.5	15	7	12	24	1.56
1975-1979	110+	0.65200	1.00000	1.53	8	8	12	12	1.53
1980-1984	0	0.01089	0.01078	0.08	100000	1078	99012	7743531	77.44
1980-1984	1	0.00069	0.00069	0.5	98922	69	98888	7644519	77.28
1980-1984	2	0.00047	0.00047	0.5	98853	46	98830	7545632	76.33
1980-1984	3	0.00043	0.00043	0.5	98807	43	98786	7446801	75.37
1980-1984	4	0.00025	0.00025	0.5	98765	25	98752	7348015	74.40
1980-1984	5	0.00025	0.00025	0.5	98740	25	98727	7249263	73.42
1980-1984	6	0.00022	0.00022	0.5	98715	21	98704	7150536	72.44
1980-1984	7	0.00019	0.00019	0.5	98694	19	98684	7051831	71.45
1980-1984	8	0.00022	0.00022	0.5	98675	22	98664	6953147	70.47
1980-1984	9	0.00017	0.00017	0.5	98653	17	98645	6854483	69.48
1980-1984	10	0.00022	0.00022	0.5	98636	21	98626	6755838	68.49
1980-1984	11	0.00019	0.00019	0.5	98615	19	98606	6657213	67.51
1980-1984	12	0.00020	0.00020	0.5	98596	19	98587	6558607	66.52
1980-1984	13	0.00024	0.00024	0.5	98577	24	98565	6460020	65.53
1980-1984	14	0.00030	0.00030	0.5	98553	30	98538	6361456	64.55
1980-1984	15	0.00030	0.00030	0.5	98523	29	98508	6262917	63.57
1980-1984	16	0.00038	0.00038	0.5	98494	38	98475	6164409	62.59
1980-1984	17	0.00047	0.00047	0.5	98456	47	98433	6065934	61.61
1980-1984	18	0.00051	0.00051	0.5	98409	51	98384	5967502	60.64
1980-1984	19	0.00053	0.00053	0.5	98359	52	98333	5869117	59.67
1980-1984	20	0.00053	0.00053	0.5	98307	52	98280	5770785	58.70
1980-1984	21	0.00056	0.00056	0.5	98254	55	98227	5672504	57.73
1980-1984	22	0.00051	0.00051	0.5	98199	50	98175	5574278	56.76
1980-1984	23	0.00058	0.00058	0.5	98150	57	98121	5476103	55.79
1980-1984	24	0.00061	0.00061	0.5	98093	60	98063	5377982	54.83
1980-1984	25	0.00063	0.00063	0.5	98033	62	98002	5279919	53.86
1980-1984	26	0.00066	0.00066	0.5	97971	64	97938	5181917	52.89
1980-1984	27	0.00065	0.00065	0.5	97906	64	97874	5083979	51.93
1980-1984	28	0.00078	0.00078	0.5	97842	76	97804	4986104	50.96
1980-1984	29	0.00071	0.00071	0.5	97766	69	97732	4888300	50.00
1980-1984	30	0.00081	0.00081	0.5	97697	79	97658	4790569	49.03
1980-1984	31	0.00089	0.00089	0.5	97618	87	97575	4692911	48.07
1980-1984	32	0.00087	0.00087	0.5	97531	85	97489	4595336	47.12
1980-1984	33	0.00092	0.00092	0.5	97446	90	97402	4497847	46.16
1980-1984	34	0.00100	0.00100	0.5	97357	97	97308	4400446	45.20
1980-1984	35	0.00096	0.00095	0.5	97259	93	97213	4303138	44.24
1980-1984	36	0.00113	0.00113	0.5	97167	110	97111	4205925	43.29
1980-1984	37	0.00129	0.00129	0.5	97056	125	96994	4108813	42.33
1980-1984	38	0.00134	0.00134	0.5	96931	130	96866	4011819	41.39
1980-1984	39	0.00147	0.00147	0.5	96801	142	96730	3914953	40.44
1980-1984	40	0.00161	0.00161	0.5	96659	155	96581	3818223	39.50
1980-1984	41	0.00169	0.00169	0.5	96504	163	96422	3721642	38.56
1980-1984	42	0.00187	0.00187	0.5	96341	180	96251	3625220	37.63
1980-1984	43	0.00208	0.00208	0.5	96161	200	96061	3528969	36.70
1980-1984	44	0.00240	0.00240	0.5	95961	230	95846	3432908	35.77
1980-1984	45	0.00260	0.00259	0.5	95731	248	95607	3337062	34.86
1980-1984	46	0.00288	0.00287	0.5	95483	274	95346	3241455	33.95
1980-1984	47	0.00296	0.00295	0.5	95208	281	95068	3146109	33.04
1980-1984	48	0.00361	0.00360	0.5	94927	342	94756	3051041	32.14
1980-1984	49	0.00374	0.00373	0.5	94586	353	94409	2956285	31.26
1980-1984	50	0.00421	0.00420	0.5	94233	396	94035	2861876	30.37
1980-1984	51	0.00484	0.00482	0.5	93837	453	93611	2767841	29.50
1980-1984	52	0.00486	0.00485	0.5	93385	453	93158	2674230	28.64
1980-1984	53	0.00538	0.00536	0.5	92932	498	92683	2581071	27.77
1980-1984	54	0.00591	0.00589	0.5	92434	544	92161	2488389	26.92
1980-1984	55	0.00613	0.00611	0.5	91889	561	91609	2396227	26.08
1980-1984	56	0.00729	0.00726	0.5	91328	663	90996	2304619	25.23
1980-1984	57	0.00745	0.00743	0.5	90665	673	90328	2213622	24.42
1980-1984	58	0.00852	0.00848	0.5	89991	764	89610	2123294	23.59
1980-1984	59	0.00880	0.00876	0.5	89228	781	88837	2033684	22.79
1980-1984	60	0.00987	0.00982	0.5	88447	868	88012	1944847	21.99
1980-1984	61	0.01100	0.01094	0.5	87578	958	87099	1856835	21.20
1980-1984	62	0.01275	0.01267	0.5	86620	1097	86071	1769736	20.43
1980-1984	63	0.01323	0.01314	0.5	85523	1124	84961	1683664	19.69
1980-1984	64	0.01417	0.01407	0.5	84399	1187	83805	1598704	18.94
1980-1984	65	0.01489	0.01478	0.5	83211	1230	82596	1514899	18.21
1980-1984	66	0.01696	0.01681	0.5	81981	1379	81292	1432302	17.47
1980-1984	67	0.01795	0.01779	0.5	80603	1434	79886	1351010	16.76
1980-1984	68	0.01952	0.01933	0.5	79169	1530	78404	1271125	16.06
1980-1984	69	0.02139	0.02116	0.5	77639	1643	76817	1192721	15.36
1980-1984	70	0.02315	0.02289	0.5	75995	1739	75126	1115904	14.68
1980-1984	71	0.02513	0.02482	0.5	74256	1843	73334	1040778	14.02
1980-1984	72	0.02747	0.02709	0.5	72413	1962	71432	967444	13.36
1980-1984	73	0.03050	0.03004	0.5	70451	2117	69393	896012	12.72
1980-1984	74	0.03152	0.03103	0.5	68334	2120	67274	826619	12.10
1980-1984	75	0.03657	0.03591	0.5	66214	2378	65025	759345	11.47
1980-1984	76	0.03938	0.03862	0.5	63836	2465	62603	694320	10.88
1980-1984	77	0.04376	0.04283	0.5	61371	2628	60056	631717	10.29
1980-1984	78	0.04848	0.04733	0.5	58742	2780	57352	571660	9.73
1980-1984	79	0.05218	0.05086	0.5	55962	2846	54539	514308	9.19
1980-1984	80	0.05807	0.05643	0.5	53116	2997	51617	459769	8.66
1980-1984	81	0.06454	0.06252	0.5	50119	3133	48552	408151	8.14
1980-1984	82	0.07188	0.06938	0.5	46985	3260	45355	359599	7.65
1980-1984	83	0.08048	0.07737	0.5	43725	3383	42034	314244	7.19
1980-1984	84	0.08800	0.08429	0.5	40342	3400	38642	272210	6.75
1980-1984	85	0.09663	0.09217	0.5	36942	3405	35239	233568	6.32
1980-1984	86	0.10856	0.10297	0.5	33537	3453	31810	198328	5.91
1980-1984	87	0.12303	0.11590	0.5	30084	3487	28340	166518	5.54
1980-1984	88	0.13168	0.12355	0.5	26597	3286	24954	138178	5.20
1980-1984	89	0.14971	0.13929	0.5	23311	3247	21688	113224	4.86
1980-1984	90	0.16028	0.14839	0.5	20064	2977	18575	91536	4.56
1980-1984	91	0.17303	0.15925	0.5	17087	2721	15726	72961	4.27
1980-1984	92	0.19262	0.17570	0.5	14366	2524	13104	57234	3.98
1980-1984	93	0.21062	0.19055	0.5	11842	2256	10713	44131	3.73
1980-1984	94	0.23807	0.21275	0.5	9585	2039	8566	33417	3.49
1980-1984	95	0.24953	0.22185	0.5	7546	1674	6709	24851	3.29
1980-1984	96	0.27104	0.23869	0.5	5872	1402	5171	18143	3.09
1980-1984	97	0.29367	0.25607	0.5	4470	1145	3898	12971	2.90
1980-1984	98	0.31737	0.27391	0.5	3326	911	2870	9073	2.73
1980-1984	99	0.34206	0.29210	0.5	2415	705	2062	6203	2.57
1980-1984	100	0.36764	0.31055	0.5	1709	531	1444	4141	2.42
1980-1984	101	0.39398	0.32914	0.5	1179	388	985	2697	2.29
1980-1984	102	0.42095	0.34776	0.5	791	275	653	1713	2.17
1980-1984	103	0.44841	0.36628	0.5	516	189	421	1060	2.05
1980-1984	104	0.47618	0.38461	0.5	327	126	264	638	1.95
1980-1984	105	0.50410	0.40262	0.5	201	81	161	374	1.86
1980-1984	106	0.53199	0.42022	0.5	120	50	95	214	1.78
1980-1984	107	0.55969	0.43731	0.5	70	30	54	119	1.71
1980-1984	108	0.58702	0.45382	0.5	39	18	30	64	1.64
1980-1984	109	0.61382	0.46967	0.5	21	10	16	34	1.59
1980-1984	110+	0.63995	1.00000	1.56	11	11	18	18	1.56
1985-1989	0	0.00987	0.00978	0.08	100000	978	99100	7775669	77.76
1985-1989	1	0.00070	0.00070	0.5	99022	69	98987	7676569	77.52
1985-1989	2	0.00042	0.00042	0.5	98952	42	98931	7577582	76.58
1985-1989	3	0.00035	0.00035	0.5	98911	34	98893	7478651	75.61
1985-1989	4	0.00036	0.00035	0.5	98876	35	98859	7379757	74.64
1985-1989	5	0.00023	0.00023	0.5	98841	23	98830	7280898	73.66
1985-1989	6	0.00021	0.00021	0.5	98819	21	98808	7182068	72.68
1985-1989	7	0.00024	0.00024	0.5	98798	23	98786	7083260	71.69
1985-1989	8	0.00017	0.00017	0.5	98774	17	98766	6984474	70.71
1985-1989	9	0.00021	0.00021	0.5	98757	21	98747	6885708	69.72
1985-1989	10	0.00018	0.00018	0.5	98736	18	98727	6786962	68.74
1985-1989	11	0.00020	0.00020	0.5	98719	20	98709	6688234	67.75
1985-1989	12	0.00022	0.00022	0.5	98699	22	98688	6589525	66.76
1985-1989	13	0.00025	0.00025	0.5	98677	24	98665	6490837	65.78
1985-1989	14	0.00032	0.00032	0.5	98653	32	98637	6392172	64.79
1985-1989	15	0.00037	0.00037	0.5	98621	37	98603	6293535	63.82
1985-1989	16	0.00047	0.00047	0.5	98584	47	98561	6194932	62.84
1985-1989	17	0.00050	0.00050	0.5	98538	49	98513	6096371	61.87
1985-1989	18	0.00056	0.00056	0.5	98488	55	98461	5997858	60.90
1985-1989	19	0.00058	0.00058	0.5	98433	58	98404	5899398	59.93
1985-1989	20	0.00050	0.00050	0.5	98375	49	98351	5800994	58.97
1985-1989	21	0.00052	0.00052	0.5	98326	51	98301	5702643	58.00
1985-1989	22	0.00054	0.00054	0.5	98275	53	98249	5604342	57.03
1985-1989	23	0.00058	0.00058	0.5	98222	57	98194	5506093	56.06
1985-1989	24	0.00054	0.00054	0.5	98165	53	98139	5407900	55.09
1985-1989	25	0.00064	0.00064	0.5	98113	63	98081	5309760	54.12
1985-1989	26	0.00056	0.00056	0.5	98050	55	98023	5211679	53.15
1985-1989	27	0.00065	0.00065	0.5	97995	64	97963	5113657	52.18
1985-1989	28	0.00066	0.00066	0.5	97931	64	97899	5015693	51.22
1985-1989	29	0.00072	0.00072	0.5	97867	70	97832	4917794	50.25
1985-1989	30	0.00071	0.00071	0.5	97797	69	97762	4819963	49.29
1985-1989	31	0.00085	0.00085	0.5	97727	83	97686	4722201	48.32
1985-1989	32	0.00087	0.00087	0.5	97644	84	97602	4624515	47.36
1985-1989	33	0.00102	0.00102	0.5	97559	99	97510	4526914	46.40
1985-1989	34	0.00100	0.00100	0.5	97460	97	97411	4429404	45.45
1985-1989	35	0.00103	0.00102	0.5	97363	100	97313	4331993	44.49
1985-1989	36	0.00103	0.00103	0.5	97263	100	97213	4234680	43.54
1985-1989	37	0.00113	0.00113	0.5	97163	110	97108	4137466	42.58
1985-1989	38	0.00143	0.00142	0.5	97053	138	96984	4040358	41.63
1985-1989	39	0.00145	0.00145	0.5	96915	141	96844	3943374	40.69
1985-1989	40	0.00146	0.00146	0.5	96774	142	96703	3846530	39.75
1985-1989	41	0.00174	0.00174	0.5	96632	168	96548	3749827	38.81
1985-1989	42	0.00186	0.00186	0.5	96464	180	96375	3653278	37.87
1985-1989	43	0.00200	0.00200	0.5	96285	193	96189	3556903	36.94
1985-1989	44	0.00215	0.00214	0.5	96092	206	95989	3460715	36.01
1985-1989	45	0.00224	0.00224	0.5	95886	215	95779	3364726	35.09
1985-1989	46	0.00263	0.00262	0.5	95671	251	95546	3268947	34.17
1985-1989	47	0.00286	0.00286	0.5	95420	273	95284	3173401	33.26
1985-1989	48	0.00332	0.00332	0.5	95147	316	94990	3078117	32.35
1985-1989	49	0.00352	0.00352	0.5	94832	334	94665	2983128	31.46
1985-1989	50	0.00386	0.00385	0.5	94498	364	94316	2888463	30.57
1985-1989	51	0.00448	0.00447	0.5	94134	421	93924	2794146	29.68
1985-1989	52	0.00470	0.00469	0.5	93714	439	93494	2700223	28.81
1985-1989	53	0.00505	0.00504	0.5	93274	470	93039	2606729	27.95
1985-1989	54	0.00536	0.00535	0.5	92804	496	92556	2513690	27.09
1985-1989	55	0.00644	0.00642	0.5	92308	593	92011	2421134	26.23
1985-1989	56	0.00667	0.00665	0.5	91715	610	91410	2329122	25.40
1985-1989	57	0.00741	0.00738	0.5	91105	673	90769	2237712	24.56
1985-1989	58	0.00850	0.00846	0.5	90432	766	90050	2146944	23.74
1985-1989	59	0.00879	0.00875	0.5	89667	785	89275	2056894	22.94
1985-1989	60	0.00985	0.00980	0.5	88882	871	88447	1967619	22.14
1985-1989	61	0.01084	0.01079	0.5	88011	949	87536	1879173	21.35
1985-1989	62	0.01185	0.01178	0.5	87062	1025	86549	1791636	20.58
1985-1989	63	0.01278	0.01269	0.5	86036	1092	85490	1705087	19.82
1985-1989	64	0.01368	0.01358	0.5	84944	1154	84367	1619597	19.07
1985-1989	65	0.01435	0.01425	0.5	83790	1194	83193	1535230	18.32
1985-1989	66	0.01699	0.01685	0.5	82596	1392	81900	1452037	17.58
1985-1989	67	0.01795	0.01779	0.5	81204	1444	80482	1370136	16.87
1985-1989	68	0.01958	0.01939	0.5	79760	1547	78987	1289654	16.17
1985-1989	69	0.02029	0.02009	0.5	78214	1571	77428	1210667	15.48
1985-1989	70	0.02288	0.02262	0.5	76642	1734	75776	1133239	14.79
1985-1989	71	0.02430	0.02401	0.5	74909	1799	74009	1057463	14.12
1985-1989	72	0.02762	0.02724	0.5	73110	1991	72114	983454	13.45
1985-1989	73	0.02994	0.02950	0.5	71118	2098	70070	911340	12.81
1985-1989	74	0.03174	0.03124	0.5	69021	2157	67942	841270	12.19
1985-1989	75	0.03529	0.03468	0.5	66864	2319	65705	773328	11.57
1985-1989	76	0.03921	0.03845	0.5	64546	2482	63305	707623	10.96
1985-1989	77	0.04189	0.04103	0.5	62064	2547	60790	644319	10.38
1985-1989	78	0.04722	0.04613	0.5	59517	2746	58144	583528	9.80
1985-1989	79	0.05040	0.04916	0.5	56771	2791	55376	525384	9.25
1985-1989	80	0.05681	0.05524	0.5	53980	2982	52489	470008	8.71
1985-1989	81	0.06258	0.06068	0.5	50998	3095	49451	417519	8.19
1985-1989	82	0.07051	0.06810	0.5	47904	3262	46273	368068	7.68
1985-1989	83	0.07851	0.07554	0.5	44641	3372	42955	321795	7.21
1985-1989	84	0.08724	0.08360	0.5	41269	3450	39544	278840	6.76
1985-1989	85	0.09601	0.09161	0.5	37819	3465	36087	239296	6.33
1985-1989	86	0.10696	0.10153	0.5	34355	3488	32611	203209	5.92
1985-1989	87	0.12058	0.11372	0.5	30867	3510	29111	170598	5.53
1985-1989	88	0.13023	0.12227	0.5	27356	3345	25684	141487	5.17
1985-1989	89	0.14578	0.13588	0.5	24011	3263	22380	115803	4.82
1985-1989	90	0.16260	0.15037	0.5	20749	3120	19189	93423	4.50
1985-1989	91	0.17463	0.16061	0.5	17629	2831	16213	74234	4.21
1985-1989	92	0.19666	0.17905	0.5	14797	2649	13473	58021	3.92
1985-1989	93	0.21354	0.19294	0.5	12148	2344	10976	44548	3.67
1985-1989	94	0.23498	0.21027	0.5	9804	2062	8773	33572	3.42
1985-1989	95	0.25664	0.22745	0.5	7743	1761	6862	24799	3.20
1985-1989	96	0.27957	0.24529	0.5	5981	1467	5248	17937	3.00
1985-1989	97	0.30372	0.26368	0.5	4514	1190	3919	12689	2.81
1985-1989	98	0.32900	0.28252	0.5	3324	939	2854	8770	2.64
1985-1989	99	0.35531	0.30171	0.5	2385	720	2025	5915	2.48
1985-1989	100	0.38252	0.32110	0.5	1665	535	1398	3890	2.34
1985-1989	101	0.41049	0.34058	0.5	1131	385	938	2492	2.20
1985-1989	102	0.43905	0.36002	0.5	746	268	611	1554	2.08
1985-1989	103	0.46802	0.37927	0.5	477	181	387	943	1.98
1985-1989	104	0.49721	0.39821	0.5	296	118	237	556	1.88
1985-1989	105	0.52641	0.41673	0.5	178	74	141	319	1.79
1985-1989	106	0.55544	0.43471	0.5	104	45	81	178	1.71
1985-1989	107	0.58409	0.45207	0.5	59	27	45	96	1.64
1985-1989	108	0.61219	0.46872	0.5	32	15	25	51	1.58
1985-1989	109	0.63956	0.48459	0.5	17	8	13	26	1.53
1985-1989	110+	0.66605	1.00000	1.5	9	9	13	13	1.50
1990-1994	0	0.00890	0.00883	0.08	100000	883	99186	7848050	78.48
1990-1994	1	0.00068	0.00068	0.5	99117	67	99083	7748865	78.18
1990-1994	2	0.00044	0.00044	0.5	99050	44	99028	7649781	77.23
1990-1994	3	0.00034	0.00034	0.5	99006	33	98989	7550754	76.27
1990-1994	4	0.00023	0.00023	0.5	98973	23	98961	7451765	75.29
1990-1994	5	0.00022	0.00022	0.5	98950	22	98939	7352803	74.31
1990-1994	6	0.00021	0.00021	0.5	98928	21	98918	7253864	73.32
1990-1994	7	0.00018	0.00018	0.5	98907	18	98898	7154947	72.34
1990-1994	8	0.00018	0.00018	0.5	98889	18	98880	7056049	71.35
1990-1994	9	0.00014	0.00014	0.5	98871	14	98864	6957169	70.37
1990-1994	10	0.00016	0.00016	0.5	98857	16	98849	6858305	69.38
1990-1994	11	0.00016	0.00016	0.5	98841	16	98833	6759456	68.39
1990-1994	12	0.00017	0.00017	0.5	98825	17	98817	6660623	67.40
1990-1994	13	0.00021	0.00021	0.5	98808	20	98798	6561806	66.41
1990-1994	14	0.00027	0.00027	0.5	98788	27	98775	6463008	65.42
1990-1994	15	0.00041	0.00041	0.5	98761	40	98741	6364234	64.44
1990-1994	16	0.00046	0.00046	0.5	98721	45	98699	6265492	63.47
1990-1994	17	0.00051	0.00051	0.5	98676	50	98651	6166794	62.50
1990-1994	18	0.00053	0.00053	0.5	98626	52	98600	6068143	61.53
1990-1994	19	0.00051	0.00051	0.5	98574	51	98548	5969543	60.56
1990-1994	20	0.00049	0.00049	0.5	98523	48	98499	5870995	59.59
1990-1994	21	0.00051	0.00051	0.5	98475	50	98450	5772496	58.62
1990-1994	22	0.00051	0.00051	0.5	98425	50	98400	5674045	57.65
1990-1994	23	0.00045	0.00045	0.5	98375	44	98353	5575645	56.68
1990-1994	24	0.00048	0.00048	0.5	98331	47	98308	5477292	55.70
1990-1994	25	0.00056	0.00056	0.5	98284	55	98256	5378985	54.73
1990-1994	26	0.00061	0.00061	0.5	98229	60	98199	5280728	53.76
1990-1994	27	0.00058	0.00058	0.5	98169	57	98141	5182529	52.79
1990-1994	28	0.00061	0.00061	0.5	98112	60	98082	5084388	51.82
1990-1994	29	0.00062	0.00062	0.5	98053	61	98022	4986306	50.85
1990-1994	30	0.00069	0.00069	0.5	97992	68	97958	4888283	49.88
1990-1994	31	0.00072	0.00072	0.5	97924	70	97889	4790325	48.92
1990-1994	32	0.00085	0.00085	0.5	97854	83	97812	4692436	47.95
1990-1994	33	0.00091	0.00091	0.5	97771	89	97726	4594624	46.99
1990-1994	34	0.00096	0.00096	0.5	97682	94	97635	4496897	46.04
1990-1994	35	0.00094	0.00094	0.5	97588	92	97542	4399263	45.08
1990-1994	36	0.00118	0.00118	0.5	97496	115	97438	4301721	44.12
1990-1994	37	0.00116	0.00116	0.5	97381	113	97324	4204282	43.17
1990-1994	38	0.00132	0.00132	0.5	97268	128	97204	4106958	42.22
1990-1994	39	0.00134	0.00134	0.5	97140	130	97075	4009754	41.28
1990-1994	40	0.00151	0.00151	0.5	97010	147	96937	3912679	40.33
1990-1994	41	0.00154	0.00154	0.5	96863	149	96789	3815742	39.39
1990-1994	42	0.00179	0.00179	0.5	96714	173	96628	3718953	38.45
1990-1994	43	0.00184	0.00183	0.5	96541	177	96453	3622326	37.52
1990-1994	44	0.00199	0.00199	0.5	96364	192	96268	3525873	36.59
1990-1994	45	0.00223	0.00223	0.5	96172	215	96065	3429604	35.66
1990-1994	46	0.00254	0.00253	0.5	95958	243	95836	3333539	34.74
1990-1994	47	0.00257	0.00257	0.5	95715	246	95592	3237703	33.83
1990-1994	48	0.00306	0.00305	0.5	95468	292	95323	3142112	32.91
1990-1994	49	0.00300	0.00299	0.5	95177	285	95034	3046789	32.01
1990-1994	50	0.00332	0.00332	0.5	94892	315	94735	2951755	31.11
1990-1994	51	0.00419	0.00418	0.5	94577	395	94380	2857020	30.21
1990-1994	52	0.00437	0.00436	0.5	94182	411	93977	2762640	29.33
1990-1994	53	0.00503	0.00502	0.5	93772	471	93536	2668664	28.46
1990-1994	54	0.00527	0.00525	0.5	93301	490	93056	2575127	27.60
1990-1994	55	0.00559	0.00558	0.5	92811	518	92552	2482071	26.74
1990-1994	56	0.00640	0.00638	0.5	92293	589	91999	2389519	25.89
1990-1994	57	0.00689	0.00687	0.5	91704	630	91389	2297521	25.05
1990-1994	58	0.00805	0.00802	0.5	91075	730	90709	2206131	24.22
1990-1994	59	0.00828	0.00824	0.5	90344	745	89972	2115422	23.42
1990-1994	60	0.00949	0.00945	0.5	89599	847	89176	2025450	22.61
1990-1994	61	0.00966	0.00962	0.5	88753	853	88326	1936274	21.82
1990-1994	62	0.01087	0.01081	0.5	87899	950	87424	1847948	21.02
1990-1994	63	0.01226	0.01218	0.5	86949	1059	86420	1760523	20.25
1990-1994	64	0.01293	0.01285	0.5	85890	1104	85338	1674104	19.49
1990-1994	65	0.01470	0.01459	0.5	84787	1237	84168	1588765	18.74
1990-1994	66	0.01546	0.01535	0.5	83549	1282	82908	1504598	18.01
1990-1994	67	0.01692	0.01678	0.5	82267	1380	81577	1421689	17.28
1990-1994	68	0.01888	0.01870	0.5	80887	1513	80130	1340112	16.57
1990-1994	69	0.02023	0.02003	0.5	79374	1590	78579	1259982	15.87
1990-1994	70	0.02155	0.02132	0.5	77784	1659	76955	1181403	15.19
1990-1994	71	0.02319	0.02292	0.5	76125	1745	75253	1104448	14.51
1990-1994	72	0.02611	0.02577	0.5	74380	1917	73422	1029195	13.84
1990-1994	73	0.02888	0.02847	0.5	72463	2063	71431	955774	13.19
1990-1994	74	0.03022	0.02977	0.5	70400	2096	69352	884342	12.56
1990-1994	75	0.03393	0.03336	0.5	68304	2279	67165	814990	11.93
1990-1994	76	0.03690	0.03623	0.5	66025	2392	64829	747825	11.33
1990-1994	77	0.04001	0.03923	0.5	63633	2496	62385	682996	10.73
1990-1994	78	0.04333	0.04242	0.5	61137	2593	59841	620611	10.15
1990-1994	79	0.04685	0.04578	0.5	58544	2680	57204	560770	9.58
1990-1994	80	0.05554	0.05404	0.5	55864	3019	54355	503567	9.01
1990-1994	81	0.05914	0.05744	0.5	52845	3035	51327	449212	8.50
1990-1994	82	0.06450	0.06249	0.5	49810	3112	48254	397885	7.99
1990-1994	83	0.07236	0.06983	0.5	46697	3261	45067	349631	7.49
1990-1994	84	0.08248	0.07921	0.5	43436	3441	41716	304564	7.01
1990-1994	85	0.09043	0.08652	0.5	39996	3460	38266	262848	6.57
1990-1994	86	0.10245	0.09746	0.5	36535	3561	34755	224583	6.15
1990-1994	87	0.11014	0.10439	0.5	32975	3442	31254	189827	5.76
1990-1994	88	0.12253	0.11545	0.5	29533	3410	27828	158574	5.37
1990-1994	89	0.13762	0.12876	0.5	26123	3364	24441	130746	5.01
1990-1994	90	0.15150	0.14083	0.5	22759	3205	21157	106305	4.67
1990-1994	91	0.17086	0.15741	0.5	19554	3078	18015	85148	4.35
1990-1994	92	0.18416	0.16864	0.5	16476	2778	15087	67133	4.07
1990-1994	93	0.20471	0.18570	0.5	13698	2544	12426	52046	3.80
1990-1994	94	0.22365	0.20115	0.5	11154	2244	10032	39621	3.55
1990-1994	95	0.24464	0.21798	0.5	8910	1942	7939	29589	3.32
1990-1994	96	0.26694	0.23550	0.5	6968	1641	6148	21649	3.11
1990-1994	97	0.29048	0.25364	0.5	5327	1351	4651	15502	2.91
1990-1994	98	0.31520	0.27229	0.5	3976	1083	3435	10850	2.73
1990-1994	99	0.34102	0.29134	0.5	2893	843	2472	7416	2.56
1990-1994	100	0.36782	0.31068	0.5	2050	637	1732	4944	2.41
1990-1994	101	0.39546	0.33017	0.5	1413	467	1180	3212	2.27
1990-1994	102	0.42378	0.34969	0.5	947	331	781	2032	2.15
1990-1994	103	0.45261	0.36909	0.5	616	227	502	1251	2.03
1990-1994	104	0.48177	0.38825	0.5	388	151	313	749	1.93
1990-1994	105	0.51105	0.40704	0.5	238	97	189	436	1.83
1990-1994	106	0.54025	0.42535	0.5	141	60	111	247	1.75
1990-1994	107	0.56918	0.44308	0.5	81	36	63	136	1.68
1990-1994	108	0.59765	0.46015	0.5	45	21	35	73	1.61
1990-1994	109	0.62547	0.47646	0.5	24	12	19	38	1.56
1990-1994	110+	0.65249	1.00000	1.53	13	13	20	20	1.53
1995-1999	0	0.00762	0.00757	0.07	100000	757	99300	7878054	78.78
1995-1999	1	0.00048	0.00048	0.5	99243	48	99220	7778754	78.38
1995-1999	2	0.00037	0.00037	0.5	99196	37	99177	7679535	77.42
1995-1999	3	0.00023	0.00023	0.5	99159	23	99147	7580357	76.45
1995-1999	4	0.00021	0.00021	0.5	99136	21	99125	7481210	75.46
1995-1999	5	0.00021	0.00021	0.5	99115	21	99104	7382085	74.48
1995-1999	6	0.00016	0.00016	0.5	99094	16	99086	7282980	73.50
1995-1999	7	0.00021	0.00021	0.5	99078	21	99068	7183894	72.51
1995-1999	8	0.00014	0.00014	0.5	99057	13	99050	7084826	71.52
1995-1999	9	0.00013	0.00013	0.5	99044	12	99038	6985776	70.53
1995-1999	10	0.00012	0.00012	0.5	99031	12	99025	6886738	69.54
1995-1999	11	0.00014	0.00014	0.5	99019	14	99012	6787713	68.55
1995-1999	12	0.00016	0.00016	0.5	99005	16	98997	6688701	67.56
1995-1999	13	0.00015	0.00015	0.5	98989	15	98982	6589705	66.57
1995-1999	14	0.00021	0.00021	0.5	98974	21	98964	6490723	65.58
1995-1999	15	0.00032	0.00032	0.5	98953	32	98937	6391759	64.59
1995-1999	16	0.00042	0.00042	0.5	98922	41	98901	6292822	63.61
1995-1999	17	0.00043	0.00043	0.5	98880	43	98859	6193921	62.64
1995-1999	18	0.00054	0.00054	0.5	98838	54	98811	6095062	61.67
1995-1999	19	0.00043	0.00043	0.5	98784	43	98763	5996251	60.70
1995-1999	20	0.00039	0.00039	0.5	98741	38	98722	5897488	59.73
1995-1999	21	0.00044	0.00044	0.5	98703	43	98681	5798766	58.75
1995-1999	22	0.00048	0.00048	0.5	98660	48	98636	5700084	57.78
1995-1999	23	0.00040	0.00040	0.5	98612	40	98593	5601448	56.80
1995-1999	24	0.00056	0.00056	0.5	98573	55	98545	5502856	55.83
1995-1999	25	0.00057	0.00057	0.5	98518	56	98490	5404310	54.86
1995-1999	26	0.00052	0.00052	0.5	98462	51	98436	5305820	53.89
1995-1999	27	0.00059	0.00059	0.5	98411	58	98381	5207384	52.91
1995-1999	28	0.00061	0.00061	0.5	98352	60	98322	5109003	51.95
1995-1999	29	0.00061	0.00061	0.5	98292	60	98262	5010681	50.98
1995-1999	30	0.00061	0.00061	0.5	98233	60	98203	4912418	50.01
1995-1999	31	0.00075	0.00075	0.5	98173	74	98136	4814215	49.04
1995-1999	32	0.00074	0.00074	0.5	98099	73	98063	4716079	48.07
1995-1999	33	0.00090	0.00089	0.5	98027	88	97983	4618016	47.11
1995-1999	34	0.00091	0.00091	0.5	97939	89	97894	4520034	46.15
1995-1999	35	0.00097	0.00097	0.5	97850	95	97802	4422139	45.19
1995-1999	36	0.00117	0.00117	0.5	97755	114	97698	4324337	44.24
1995-1999	37	0.00124	0.00124	0.5	97640	121	97580	4226639	43.29
1995-1999	38	0.00137	0.00137	0.5	97519	133	97452	4129060	42.34
1995-1999	39	0.00142	0.00142	0.5	97386	138	97317	4031607	41.40
1995-1999	40	0.00145	0.00145	0.5	97248	141	97177	3934291	40.46
1995-1999	41	0.00161	0.00161	0.5	97107	156	97029	3837114	39.51
1995-1999	42	0.00171	0.00171	0.5	96950	166	96867	3740085	38.58
1995-1999	43	0.00190	0.00190	0.5	96784	184	96692	3643218	37.64
1995-1999	44	0.00205	0.00205	0.5	96600	198	96501	3546526	36.71
1995-1999	45	0.00220	0.00220	0.5	96402	212	96296	3450024	35.79
1995-1999	46	0.00243	0.00242	0.5	96190	233	96074	3353728	34.87
1995-1999	47	0.00270	0.00270	0.5	95957	259	95828	3257654	33.95
1995-1999	48	0.00303	0.00302	0.5	95698	289	95554	3161826	33.04
1995-1999	49	0.00299	0.00299	0.5	95409	285	95267	3066273	32.14
1995-1999	50	0.00323	0.00323	0.5	95124	307	94971	2971006	31.23
1995-1999	51	0.00371	0.00370	0.5	94817	351	94642	2876035	30.33
1995-1999	52	0.00400	0.00399	0.5	94466	377	94278	2781393	29.44
1995-1999	53	0.00467	0.00466	0.5	94089	439	93870	2687115	28.56
1995-1999	54	0.00522	0.00521	0.5	93651	488	93407	2593245	27.69
1995-1999	55	0.00537	0.00535	0.5	93163	499	92914	2499838	26.83
1995-1999	56	0.00617	0.00615	0.5	92664	570	92379	2406925	25.97
1995-1999	57	0.00670	0.00668	0.5	92094	615	91787	2314545	25.13
1995-1999	58	0.00712	0.00710	0.5	91479	649	91154	2222759	24.30
1995-1999	59	0.00732	0.00729	0.5	90830	662	90499	2131604	23.47
1995-1999	60	0.00890	0.00886	0.5	90168	799	89768	2041106	22.64
1995-1999	61	0.00970	0.00966	0.5	89369	863	88937	1951337	21.83
1995-1999	62	0.01088	0.01082	0.5	88506	957	88027	1862400	21.04
1995-1999	63	0.01185	0.01178	0.5	87548	1031	87033	1774373	20.27
1995-1999	64	0.01271	0.01263	0.5	86517	1093	85971	1687340	19.50
1995-1999	65	0.01382	0.01373	0.5	85424	1173	84838	1601369	18.75
1995-1999	66	0.01517	0.01506	0.5	84252	1269	83617	1516531	18.00
1995-1999	67	0.01655	0.01642	0.5	82983	1362	82302	1432914	17.27
1995-1999	68	0.01806	0.01790	0.5	81621	1461	80890	1350612	16.55
1995-1999	69	0.01911	0.01893	0.5	80160	1518	79401	1269721	15.84
1995-1999	70	0.02144	0.02121	0.5	78643	1668	77808	1190320	15.14
1995-1999	71	0.02376	0.02349	0.5	76974	1808	76070	1112511	14.45
1995-1999	72	0.02574	0.02541	0.5	75167	1910	74211	1036441	13.79
1995-1999	73	0.02758	0.02721	0.5	73256	1993	72260	962230	13.14
1995-1999	74	0.03031	0.02986	0.5	71263	2128	70199	889970	12.49
1995-1999	75	0.03281	0.03228	0.5	69135	2231	68020	819771	11.86
1995-1999	76	0.03618	0.03554	0.5	66904	2378	65715	751751	11.24
1995-1999	77	0.03900	0.03825	0.5	64526	2468	63292	686036	10.63
1995-1999	78	0.04312	0.04221	0.5	62058	2619	60748	622744	10.03
1995-1999	79	0.04790	0.04678	0.5	59439	2780	58049	561995	9.46
1995-1999	80	0.05321	0.05183	0.5	56658	2937	55190	503947	8.89
1995-1999	81	0.05955	0.05783	0.5	53722	3107	52168	448757	8.35
1995-1999	82	0.06615	0.06403	0.5	50615	3241	48994	396589	7.84
1995-1999	83	0.07467	0.07198	0.5	47374	3410	45669	347594	7.34
1995-1999	84	0.08155	0.07835	0.5	43964	3445	42242	301925	6.87
1995-1999	85	0.09257	0.08848	0.5	40519	3585	38727	259683	6.41
1995-1999	86	0.10234	0.09736	0.5	36934	3596	35136	220957	5.98
1995-1999	87	0.11536	0.10907	0.5	33338	3636	31520	185820	5.57
1995-1999	88	0.12898	0.12117	0.5	29702	3599	27903	154300	5.19
1995-1999	89	0.14055	0.13132	0.5	26103	3428	24389	126397	4.84
1995-1999	90	0.15958	0.14779	0.5	22675	3351	21000	102008	4.50
1995-1999	91	0.17671	0.16237	0.5	19324	3138	17755	81009	4.19
1995-1999	92	0.19290	0.17593	0.5	16186	2848	14763	63253	3.91
1995-1999	93	0.21128	0.19109	0.5	13339	2549	12064	48491	3.64
1995-1999	94	0.23687	0.21179	0.5	10790	2285	9647	36427	3.38
1995-1999	95	0.25988	0.23000	0.5	8505	1956	7527	26779	3.15
1995-1999	96	0.28429	0.24891	0.5	6549	1630	5734	19253	2.94
1995-1999	97	0.31004	0.26842	0.5	4919	1320	4258	13519	2.75
1995-1999	98	0.33701	0.28841	0.5	3598	1038	3079	9261	2.57
1995-1999	99	0.36509	0.30874	0.5	2561	791	2165	6181	2.41
1995-1999	100	0.39413	0.32924	0.5	1770	583	1479	4016	2.27
1995-1999	101	0.42392	0.34978	0.5	1187	415	980	2538	2.14
1995-1999	102	0.45429	0.37020	0.5	772	286	629	1558	2.02
1995-1999	103	0.48499	0.39034	0.5	486	190	391	929	1.91
1995-1999	104	0.51581	0.41006	0.5	296	122	236	538	1.81
1995-1999	105	0.54651	0.42922	0.5	175	75	137	302	1.73
1995-1999	106	0.57686	0.44772	0.5	100	45	77	165	1.65
1995-1999	107	0.60664	0.46546	0.5	55	26	42	87	1.58
1995-1999	108	0.63565	0.48235	0.5	29	14	22	45	1.52
1995-1999	109	0.66370	0.49833	0.5	15	8	11	23	1.48
1995-1999	110+	0.69065	1.00000	1.45	8	8	11	11	1.45
2000-2004	0	0.00721	0.00716	0.07	100000	716	99336	7921676	79.22
2000-2004	1	0.00045	0.00045	0.5	99284	44	99262	7822340	78.79
2000-2004	2	0.00025	0.00025	0.5	99239	25	99227	7723078	77.82
2000-2004	3	0.00020	0.00020	0.5	99214	19	99205	7623851	76.84
2000-2004	4	0.00014	0.00014	0.5	99195	14	99188	7524647	75.86
2000-2004	5	0.00018	0.00018	0.5	99181	17	99173	7425459	74.87
2000-2004	6	0.00015	0.00015	0.5	99164	15	99156	7326286	73.88
2000-2004	7	0.00016	0.00016	0.5	99149	16	99141	7227130	72.89
2000-2004	8	0.00012	0.00012	0.5	99133	12	99127	7127989	71.90
2000-2004	9	0.00010	0.00010	0.5	99121	10	99116	7028862	70.91
2000-2004	10	0.00013	0.00013	0.5	99111	13	99104	6929746	69.92
2000-2004	11	0.00015	0.00015	0.5	99098	14	99090	6830642	68.93
2000-2004	12	0.00019	0.00019	0.5	99083	19	99074	6731551	67.94
2000-2004	13	0.00018	0.00018	0.5	99065	18	99056	6632478	66.95
2000-2004	14	0.00019	0.00019	0.5	99047	19	99037	6533422	65.96
2000-2004	15	0.00027	0.00027	0.5	99028	27	99014	6434385	64.98
2000-2004	16	0.00033	0.00033	0.5	99001	32	98984	6335371	63.99
2000-2004	17	0.00043	0.00043	0.5	98968	43	98947	6236386	63.01
2000-2004	18	0.00045	0.00045	0.5	98926	45	98903	6137439	62.04
2000-2004	19	0.00041	0.00041	0.5	98881	41	98861	6038536	61.07
2000-2004	20	0.00041	0.00041	0.5	98840	40	98820	5939675	60.09
2000-2004	21	0.00047	0.00047	0.5	98800	47	98777	5840855	59.12
2000-2004	22	0.00040	0.00040	0.5	98753	39	98734	5742079	58.15
2000-2004	23	0.00048	0.00048	0.5	98714	48	98690	5643345	57.17
2000-2004	24	0.00045	0.00045	0.5	98666	45	98644	5544655	56.20
2000-2004	25	0.00047	0.00047	0.5	98622	46	98599	5446010	55.22
2000-2004	26	0.00050	0.00050	0.5	98576	49	98551	5347411	54.25
2000-2004	27	0.00054	0.00054	0.5	98526	53	98500	5248860	53.27
2000-2004	28	0.00059	0.00059	0.5	98473	58	98444	5150361	52.30
2000-2004	29	0.00056	0.00056	0.5	98415	55	98388	5051917	51.33
2000-2004	30	0.00070	0.00070	0.5	98360	69	98326	4953529	50.36
2000-2004	31	0.00069	0.00069	0.5	98291	68	98258	4855203	49.40
2000-2004	32	0.00075	0.00075	0.5	98224	73	98187	4756946	48.43
2000-2004	33	0.00080	0.00080	0.5	98150	78	98111	4658759	47.47
2000-2004	34	0.00085	0.00085	0.5	98072	83	98031	4560647	46.50
2000-2004	35	0.00094	0.00094	0.5	97989	92	97943	4462617	45.54
2000-2004	36	0.00104	0.00104	0.5	97897	102	97846	4364674	44.58
2000-2004	37	0.00114	0.00114	0.5	97795	111	97739	4266828	43.63
2000-2004	38	0.00123	0.00123	0.5	97684	120	97624	4169088	42.68
2000-2004	39	0.00141	0.00141	0.5	97564	138	97495	4071464	41.73
2000-2004	40	0.00158	0.00157	0.5	97426	153	97350	3973969	40.79
2000-2004	41	0.00154	0.00154	0.5	97273	150	97198	3876619	39.85
2000-2004	42	0.00184	0.00184	0.5	97124	179	97034	3779421	38.91
2000-2004	43	0.00208	0.00208	0.5	96945	201	96844	3682387	37.98
2000-2004	44	0.00217	0.00217	0.5	96743	210	96639	3585543	37.06
2000-2004	45	0.00228	0.00228	0.5	96534	220	96424	3488904	36.14
2000-2004	46	0.00254	0.00254	0.5	96314	245	96191	3392480	35.22
2000-2004	47	0.00248	0.00248	0.5	96069	238	95950	3296289	34.31
2000-2004	48	0.00295	0.00294	0.5	95831	282	95690	3200339	33.40
2000-2004	49	0.00323	0.00322	0.5	95549	308	95395	3104649	32.49
2000-2004	50	0.00339	0.00338	0.5	95242	322	95081	3009253	31.60
2000-2004	51	0.00366	0.00365	0.5	94920	346	94746	2914173	30.70
2000-2004	52	0.00401	0.00400	0.5	94573	378	94384	2819426	29.81
2000-2004	53	0.00448	0.00447	0.5	94195	421	93985	2725042	28.93
2000-2004	54	0.00478	0.00477	0.5	93774	447	93550	2631058	28.06
2000-2004	55	0.00500	0.00499	0.5	93327	466	93094	2537507	27.19
2000-2004	56	0.00536	0.00535	0.5	92861	497	92613	2444413	26.32
2000-2004	57	0.00618	0.00616	0.5	92364	569	92080	2351801	25.46
2000-2004	58	0.00706	0.00704	0.5	91796	646	91473	2259720	24.62
2000-2004	59	0.00749	0.00746	0.5	91150	680	90810	2168248	23.79
2000-2004	60	0.00810	0.00807	0.5	90470	730	90105	2077438	22.96
2000-2004	61	0.00889	0.00885	0.5	89740	794	89343	1987333	22.15
2000-2004	62	0.00961	0.00956	0.5	88946	851	88520	1897991	21.34
2000-2004	63	0.01086	0.01080	0.5	88095	952	87619	1809470	20.54
2000-2004	64	0.01186	0.01179	0.5	87143	1027	86629	1721851	19.76
2000-2004	65	0.01280	0.01272	0.5	86116	1095	85568	1635222	18.99
2000-2004	66	0.01432	0.01422	0.5	85020	1209	84416	1549654	18.23
2000-2004	67	0.01487	0.01476	0.5	83811	1237	83193	1465238	17.48
2000-2004	68	0.01664	0.01651	0.5	82574	1363	81893	1382045	16.74
2000-2004	69	0.01840	0.01823	0.5	81211	1480	80471	1300153	16.01
2000-2004	70	0.02028	0.02008	0.5	79731	1601	78930	1219681	15.30
2000-2004	71	0.02191	0.02168	0.5	78130	1694	77283	1140751	14.60
2000-2004	72	0.02413	0.02384	0.5	76436	1822	75525	1063468	13.91
2000-2004	73	0.02655	0.02621	0.5	74614	1955	73636	987943	13.24
2000-2004	74	0.02797	0.02758	0.5	72659	2004	71657	914306	12.58
2000-2004	75	0.03168	0.03119	0.5	70655	2204	69553	842650	11.93
2000-2004	76	0.03589	0.03526	0.5	68451	2414	67244	773097	11.29
2000-2004	77	0.03780	0.03710	0.5	66037	2450	64812	705853	10.69
2000-2004	78	0.04235	0.04148	0.5	63587	2637	62269	641041	10.08
2000-2004	79	0.04709	0.04601	0.5	60950	2804	59548	578772	9.50
2000-2004	80	0.05213	0.05080	0.5	58146	2954	56669	519224	8.93
2000-2004	81	0.05820	0.05656	0.5	55192	3121	53631	462555	8.38
2000-2004	82	0.06483	0.06279	0.5	52070	3270	50436	408924	7.85
2000-2004	83	0.07089	0.06846	0.5	48801	3341	47130	358489	7.35
2000-2004	84	0.08063	0.07750	0.5	45460	3523	43698	311358	6.85
2000-2004	85	0.09047	0.08655	0.5	41937	3630	40122	267660	6.38
2000-2004	86	0.10206	0.09710	0.5	38307	3720	36447	227538	5.94
2000-2004	87	0.11531	0.10902	0.5	34587	3771	32702	191091	5.52
2000-2004	88	0.12739	0.11976	0.5	30816	3691	28971	158389	5.14
2000-2004	89	0.14289	0.13336	0.5	27126	3618	25317	129418	4.77
2000-2004	90	0.15847	0.14684	0.5	23508	3452	21782	104101	4.43
2000-2004	91	0.17959	0.16479	0.5	20056	3305	18404	82319	4.10
2000-2004	92	0.19744	0.17970	0.5	16751	3010	15246	63915	3.82
2000-2004	93	0.22347	0.20101	0.5	13741	2762	12360	48669	3.54
2000-2004	94	0.24174	0.21567	0.5	10979	2368	9795	36309	3.31
2000-2004	95	0.26592	0.23471	0.5	8611	2021	7601	26514	3.08
2000-2004	96	0.29159	0.25449	0.5	6590	1677	5751	18914	2.87
2000-2004	97	0.31867	0.27487	0.5	4913	1350	4238	13163	2.68
2000-2004	98	0.34702	0.29571	0.5	3562	1053	3036	8925	2.51
2000-2004	99	0.37651	0.31686	0.5	2509	795	2111	5889	2.35
2000-2004	100	0.40694	0.33814	0.5	1714	580	1424	3778	2.20
2000-2004	101	0.43810	0.35938	0.5	1134	408	931	2353	2.07
2000-2004	102	0.46976	0.38041	0.5	727	276	589	1423	1.96
2000-2004	103	0.50166	0.40106	0.5	450	181	360	834	1.85
2000-2004	104	0.53355	0.42119	0.5	270	114	213	474	1.76
2000-2004	105	0.56516	0.44065	0.5	156	69	122	261	1.67
2000-2004	106	0.59626	0.45932	0.5	87	40	67	140	1.60
2000-2004	107	0.62660	0.47712	0.5	47	23	36	72	1.53
2000-2004	108	0.65598	0.49396	0.5	25	12	19	37	1.48
2000-2004	109	0.68421	0.50980	0.5	12	6	9	18	1.43
2000-2004	110+	0.71114	1.00000	1.41	6	6	9	9	1.41
2005-2009	0	0.00708	0.00704	0.07	100000	704	99348	7995876	79.96
2005-2009	1	0.00039	0.00039	0.5	99296	39	99277	7896529	79.52
2005-2009	2	0.00022	0.00022	0.5	99258	21	99247	7797252	78.56
2005-2009	3	0.00021	0.00021	0.5	99236	21	99226	7698005	77.57
2005-2009	4	0.00012	0.00012	0.5	99216	12	99210	7598779	76.59
2005-2009	5	0.00014	0.00014	0.5	99204	13	99197	7499569	75.60
2005-2009	6	0.00014	0.00014	0.5	99191	14	99184	7400372	74.61
2005-2009	7	0.00011	0.00011	0.5	99177	11	99171	7301188	73.62
2005-2009	8	0.00011	0.00011	0.5	99166	11	99161	7202017	72.63
2005-2009	9	0.00013	0.00013	0.5	99155	13	99149	7102856	71.63
2005-2009	10	0.00014	0.00014	0.5	99142	14	99135	7003707	70.64
2005-2009	11	0.00012	0.00012	0.5	99128	12	99123	6904572	69.65
2005-2009	12	0.00013	0.00013	0.5	99117	13	99110	6805449	68.66
2005-2009	13	0.00012	0.00012	0.5	99104	12	99098	6706339	67.67
2005-2009	14	0.00015	0.00015	0.5	99092	15	99085	6607241	66.68
2005-2009	15	0.00018	0.00018	0.5	99077	18	99068	6508156	65.69
2005-2009	16	0.00023	0.00023	0.5	99060	23	99048	6409087	64.70
2005-2009	17	0.00031	0.00031	0.5	99037	30	99022	6310039	63.71
2005-2009	18	0.00036	0.00036	0.5	99006	36	98989	6211017	62.73
2005-2009	19	0.00038	0.00038	0.5	98971	37	98952	6112029	61.76
2005-2009	20	0.00043	0.00043	0.5	98934	42	98912	6013077	60.78
2005-2009	21	0.00047	0.00047	0.5	98891	47	98868	5914164	59.80
2005-2009	22	0.00047	0.00046	0.5	98844	46	98821	5815296	58.83
2005-2009	23	0.00056	0.00056	0.5	98798	55	98771	5716475	57.86
2005-2009	24	0.00055	0.00055	0.5	98743	55	98716	5617704	56.89
2005-2009	25	0.00050	0.00050	0.5	98689	49	98664	5518988	55.92
2005-2009	26	0.00061	0.00061	0.5	98639	60	98610	5420324	54.95
2005-2009	27	0.00058	0.00058	0.5	98580	57	98551	5321714	53.98
2005-2009	28	0.00064	0.00064	0.5	98523	63	98491	5223163	53.01
2005-2009	29	0.00071	0.00071	0.5	98460	70	98425	5124672	52.05
2005-2009	30	0.00070	0.00070	0.5	98390	69	98355	5026247	51.09
2005-2009	31	0.00079	0.00079	0.5	98321	78	98282	4927892	50.12
2005-2009	32	0.00079	0.00079	0.5	98243	78	98204	4829610	49.16
2005-2009	33	0.00075	0.00075	0.5	98165	73	98128	4731406	48.20
2005-2009	34	0.00079	0.00079	0.5	98092	77	98053	4633278	47.23
2005-2009	35	0.00095	0.00095	0.5	98014	93	97968	4535225	46.27
2005-2009	36	0.00096	0.00096	0.5	97921	94	97874	4437257	45.31
2005-2009	37	0.00117	0.00117	0.5	97828	114	97771	4339383	44.36
2005-2009	38	0.00124	0.00124	0.5	97714	122	97653	4241612	43.41
2005-2009	39	0.00132	0.00132	0.5	97592	129	97527	4143959	42.46
2005-2009	40	0.00144	0.00144	0.5	97463	140	97393	4046432	41.52
2005-2009	41	0.00148	0.00148	0.5	97323	144	97251	3949039	40.58
2005-2009	42	0.00170	0.00170	0.5	97179	165	97096	3851788	39.64
2005-2009	43	0.00182	0.00182	0.5	97013	177	96925	3754692	38.70
2005-2009	44	0.00214	0.00214	0.5	96837	207	96733	3657767	37.77
2005-2009	45	0.00218	0.00218	0.5	96629	211	96524	3561034	36.85
2005-2009	46	0.00242	0.00242	0.5	96419	233	96302	3464510	35.93
2005-2009	47	0.00268	0.00268	0.5	96185	258	96057	3368208	35.02
2005-2009	48	0.00295	0.00295	0.5	95928	283	95786	3272151	34.11
2005-2009	49	0.00332	0.00331	0.5	95645	317	95487	3176365	33.21
2005-2009	50	0.00362	0.00362	0.5	95328	345	95156	3080878	32.32
2005-2009	51	0.00382	0.00382	0.5	94983	362	94802	2985722	31.43
2005-2009	52	0.00422	0.00421	0.5	94621	398	94422	2890920	30.55
2005-2009	53	0.00424	0.00423	0.5	94223	398	94024	2796499	29.68
2005-2009	54	0.00456	0.00455	0.5	93824	426	93611	2702475	28.80
2005-2009	55	0.00465	0.00464	0.5	93398	434	93181	2608864	27.93
2005-2009	56	0.00547	0.00545	0.5	92964	507	92711	2515683	27.06
2005-2009	57	0.00583	0.00581	0.5	92458	538	92189	2422972	26.21
2005-2009	58	0.00633	0.00631	0.5	91920	580	91630	2330783	25.36
2005-2009	59	0.00656	0.00654	0.5	91340	597	91041	2239153	24.51
2005-2009	60	0.00754	0.00751	0.5	90743	681	90402	2148111	23.67
2005-2009	61	0.00796	0.00793	0.5	90062	714	89705	2057709	22.85
2005-2009	62	0.00899	0.00895	0.5	89348	799	88948	1968004	22.03
2005-2009	63	0.00996	0.00991	0.5	88548	878	88110	1879056	21.22
2005-2009	64	0.01089	0.01083	0.5	87671	950	87196	1790946	20.43
2005-2009	65	0.01206	0.01199	0.5	86721	1040	86201	1703750	19.65
2005-2009	66	0.01256	0.01248	0.5	85682	1069	85147	1617549	18.88
2005-2009	67	0.01405	0.01395	0.5	84612	1180	84022	1532402	18.11
2005-2009	68	0.01514	0.01503	0.5	83432	1254	82805	1448380	17.36
2005-2009	69	0.01621	0.01608	0.5	82178	1322	81517	1365576	16.62
2005-2009	70	0.01770	0.01754	0.5	80856	1418	80147	1284059	15.88
2005-2009	71	0.02005	0.01985	0.5	79438	1577	78649	1203912	15.16
2005-2009	72	0.02210	0.02186	0.5	77861	1702	77010	1125262	14.45
2005-2009	73	0.02440	0.02411	0.5	76159	1836	75241	1048252	13.76
2005-2009	74	0.02559	0.02526	0.5	74323	1878	73384	973011	13.09
2005-2009	75	0.02892	0.02851	0.5	72446	2065	71413	899627	12.42
2005-2009	76	0.03201	0.03151	0.5	70380	2217	69272	828214	11.77
2005-2009	77	0.03578	0.03515	0.5	68163	2396	66965	758942	11.13
2005-2009	78	0.03959	0.03882	0.5	65767	2553	64490	691977	10.52
2005-2009	79	0.04175	0.04090	0.5	63214	2585	61921	627487	9.93
2005-2009	80	0.04749	0.04639	0.5	60629	2812	59222	565565	9.33
2005-2009	81	0.05308	0.05171	0.5	57816	2990	56321	506343	8.76
2005-2009	82	0.05895	0.05726	0.5	54826	3140	53257	450022	8.21
2005-2009	83	0.06582	0.06372	0.5	51687	3294	50040	396765	7.68
2005-2009	84	0.07394	0.07130	0.5	48393	3451	46668	346725	7.16
2005-2009	85	0.08225	0.07900	0.5	44943	3550	43167	300057	6.68
2005-2009	86	0.09412	0.08989	0.5	41392	3721	39532	256890	6.21
2005-2009	87	0.10485	0.09963	0.5	37671	3753	35795	217358	5.77
2005-2009	88	0.11862	0.11198	0.5	33918	3798	32019	181564	5.35
2005-2009	89	0.13131	0.12322	0.5	30120	3711	28265	149544	4.96
2005-2009	90	0.15183	0.14112	0.5	26409	3727	24545	121280	4.59
2005-2009	91	0.16869	0.15557	0.5	22682	3529	20918	96734	4.26
2005-2009	92	0.18917	0.17282	0.5	19154	3310	17498	75817	3.96
2005-2009	93	0.20917	0.18936	0.5	15843	3000	14343	58318	3.68
2005-2009	94	0.22960	0.20596	0.5	12843	2645	11521	43975	3.42
2005-2009	95	0.25348	0.22497	0.5	10198	2294	9051	32454	3.18
2005-2009	96	0.27895	0.24480	0.5	7904	1935	6936	23403	2.96
2005-2009	97	0.30592	0.26533	0.5	5969	1584	5177	16467	2.76
2005-2009	98	0.33429	0.28642	0.5	4385	1256	3757	11290	2.57
2005-2009	99	0.36392	0.30789	0.5	3129	963	2647	7533	2.41
2005-2009	100	0.39461	0.32958	0.5	2166	714	1809	4885	2.26
2005-2009	101	0.42616	0.35130	0.5	1452	510	1197	3077	2.12
2005-2009	102	0.45832	0.37287	0.5	942	351	766	1880	2.00
2005-2009	103	0.49083	0.39411	0.5	591	233	474	1113	1.88
2005-2009	104	0.52342	0.41485	0.5	358	148	284	639	1.79
2005-2009	105	0.55581	0.43494	0.5	209	91	164	355	1.70
2005-2009	106	0.58774	0.45425	0.5	118	54	91	192	1.62
2005-2009	107	0.61894	0.47266	0.5	65	31	49	100	1.55
2005-2009	108	0.64919	0.49010	0.5	34	17	26	51	1.49
2005-2009	109	0.67828	0.50651	0.5	17	9	13	25	1.45
2005-2009	110+	0.70606	1.00000	1.42	9	9	12	12	1.42
2010-2014	0	0.00623	0.00620	0.07	100000	620	99424	8044067	80.44
2010-2014	1	0.00040	0.00040	0.5	99380	40	99361	7944643	79.94
2010-2014	2	0.00019	0.00019	0.5	99341	19	99332	7845283	78.97
2010-2014	3	0.00016	0.00016	0.5	99322	16	99314	7745951	77.99
2010-2014	4	0.00011	0.00011	0.5	99306	11	99301	7646637	77.00
2010-2014	5	0.00010	0.00010	0.5	99295	10	99290	7547336	76.01
2010-2014	6	0.00010	0.00010	0.5	99285	10	99280	7448046	75.02
2010-2014	7	0.00009	0.00009	0.5	99275	9	99271	7348766	74.02
2010-2014	8	0.00011	0.00011	0.5	99267	11	99261	7249495	73.03
2010-2014	9	0.00007	0.00007	0.5	99255	7	99252	7150234	72.04
2010-2014	10	0.00011	0.00011	0.5	99248	11	99243	7050982	71.04
2010-2014	11	0.00013	0.00013	0.5	99238	13	99231	6951739	70.05
2010-2014	12	0.00014	0.00014	0.5	99225	14	99218	6852508	69.06
2010-2014	13	0.00014	0.00014	0.5	99211	14	99204	6753290	68.07
2010-2014	14	0.00017	0.00017	0.5	99197	17	99188	6654087	67.08
2010-2014	15	0.00021	0.00021	0.5	99180	21	99169	6554898	66.09
2010-2014	16	0.00021	0.00021	0.5	99159	21	99148	6455729	65.10
2010-2014	17	0.00026	0.00026	0.5	99138	26	99125	6356581	64.12
2010-2014	18	0.00036	0.00036	0.5	99112	35	99094	6257456	63.14
2010-2014	19	0.00045	0.00045	0.5	99077	45	99054	6158362	62.16
2010-2014	20	0.00045	0.00045	0.5	99032	44	99010	6059308	61.19
2010-2014	21	0.00047	0.00047	0.5	98987	47	98964	5960298	60.21
2010-2014	22	0.00049	0.00049	0.5	98941	48	98917	5861334	59.24
2010-2014	23	0.00061	0.00061	0.5	98892	60	98862	5762417	58.27
2010-2014	24	0.00059	0.00059	0.5	98832	58	98803	5663555	57.30
2010-2014	25	0.00060	0.00060	0.5	98774	59	98744	5564752	56.34
2010-2014	26	0.00063	0.00063	0.5	98715	62	98684	5466008	55.37
2010-2014	27	0.00070	0.00069	0.5	98653	69	98618	5367324	54.41
2010-2014	28	0.00063	0.00063	0.5	98584	62	98553	5268706	53.44
2010-2014	29	0.00073	0.00073	0.5	98522	72	98486	5170153	52.48
2010-2014	30	0.00087	0.00087	0.5	98451	86	98408	5071666	51.51
2010-2014	31	0.00077	0.00077	0.5	98365	76	98327	4973259	50.56
2010-2014	32	0.00086	0.00086	0.5	98289	84	98247	4874932	49.60
2010-2014	33	0.00090	0.00090	0.5	98204	89	98160	4776685	48.64
2010-2014	34	0.00101	0.00101	0.5	98116	99	98066	4678525	47.68
2010-2014	35	0.00111	0.00111	0.5	98017	108	97963	4580459	46.73
2010-2014	36	0.00108	0.00108	0.5	97908	106	97856	4482497	45.78
2010-2014	37	0.00113	0.00113	0.5	97803	111	97747	4384641	44.83
2010-2014	38	0.00115	0.00115	0.5	97692	113	97636	4286894	43.88
2010-2014	39	0.00122	0.00122	0.5	97579	119	97520	4189258	42.93
2010-2014	40	0.00147	0.00147	0.5	97460	143	97389	4091738	41.98
2010-2014	41	0.00162	0.00162	0.5	97318	158	97239	3994349	41.04
2010-2014	42	0.00168	0.00168	0.5	97160	163	97078	3897111	40.11
2010-2014	43	0.00192	0.00192	0.5	96996	186	96903	3800033	39.18
2010-2014	44	0.00194	0.00194	0.5	96810	188	96716	3703130	38.25
2010-2014	45	0.00222	0.00221	0.5	96622	214	96515	3606413	37.32
2010-2014	46	0.00251	0.00251	0.5	96408	242	96287	3509898	36.41
2010-2014	47	0.00263	0.00263	0.5	96166	253	96040	3413611	35.50
2010-2014	48	0.00300	0.00299	0.5	95914	287	95770	3317571	34.59
2010-2014	49	0.00317	0.00317	0.5	95626	303	95475	3221801	33.69
2010-2014	50	0.00333	0.00332	0.5	95323	317	95165	3126326	32.80
2010-2014	51	0.00363	0.00362	0.5	95006	344	94834	3031161	31.90
2010-2014	52	0.00413	0.00413	0.5	94662	390	94467	2936327	31.02
2010-2014	53	0.00443	0.00442	0.5	94272	416	94063	2841860	30.15
2010-2014	54	0.00489	0.00487	0.5	93855	457	93627	2747797	29.28
2010-2014	55	0.00519	0.00517	0.5	93398	483	93156	2654170	28.42
2010-2014	56	0.00556	0.00555	0.5	92914	515	92657	2561014	27.56
2010-2014	57	0.00573	0.00572	0.5	92399	528	92135	2468357	26.71
2010-2014	58	0.00601	0.00600	0.5	91871	551	91595	2376222	25.86
2010-2014	59	0.00624	0.00622	0.5	91320	568	91036	2284627	25.02
2010-2014	60	0.00697	0.00694	0.5	90752	630	90437	2193591	24.17
2010-2014	61	0.00748	0.00745	0.5	90122	671	89786	2103154	23.34
2010-2014	62	0.00810	0.00806	0.5	89450	721	89090	2013368	22.51
2010-2014	63	0.00920	0.00916	0.5	88729	813	88322	1924278	21.69
2010-2014	64	0.00979	0.00974	0.5	87916	856	87488	1835956	20.88
2010-2014	65	0.01088	0.01082	0.5	87060	942	86589	1748468	20.08
2010-2014	66	0.01138	0.01131	0.5	86118	974	85631	1661879	19.30
2010-2014	67	0.01290	0.01281	0.5	85144	1091	84598	1576248	18.51
2010-2014	68	0.01427	0.01417	0.5	84053	1191	83457	1491650	17.75
2010-2014	69	0.01548	0.01536	0.5	82862	1273	82225	1408193	16.99
2010-2014	70	0.01697	0.01683	0.5	81589	1373	80903	1325968	16.25
2010-2014	71	0.01882	0.01865	0.5	80216	1496	79468	1245065	15.52
2010-2014	72	0.02067	0.02046	0.5	78720	1611	77915	1165597	14.81
2010-2014	73	0.02203	0.02179	0.5	77109	1681	76269	1087682	14.11
2010-2014	74	0.02485	0.02455	0.5	75429	1851	74503	1011413	13.41
2010-2014	75	0.02675	0.02640	0.5	73577	1942	72606	936909	12.73
2010-2014	76	0.03040	0.02995	0.5	71635	2145	70562	864303	12.07
2010-2014	77	0.03235	0.03184	0.5	69490	2212	68384	793741	11.42
2010-2014	78	0.03682	0.03616	0.5	67278	2432	66061	725357	10.78
2010-2014	79	0.04095	0.04013	0.5	64845	2602	63544	659296	10.17
2010-2014	80	0.04428	0.04332	0.5	62243	2696	60895	595752	9.57
2010-2014	81	0.05050	0.04925	0.5	59547	2933	58080	534857	8.98
2010-2014	82	0.05473	0.05327	0.5	56614	3016	55106	476777	8.42
2010-2014	83	0.06198	0.06012	0.5	53598	3222	51987	421671	7.87
2010-2014	84	0.06897	0.06667	0.5	50376	3359	48696	369684	7.34
2010-2014	85	0.07904	0.07603	0.5	47017	3575	45230	320988	6.83
2010-2014	86	0.08790	0.08420	0.5	43442	3658	41613	275758	6.35
2010-2014	87	0.10181	0.09688	0.5	39784	3854	37857	234145	5.89
2010-2014	88	0.11386	0.10772	0.5	35930	3871	33995	196288	5.46
2010-2014	89	0.12720	0.11959	0.5	32060	3834	30143	162292	5.06
2010-2014	90	0.14739	0.13727	0.5	28226	3875	26288	132150	4.68
2010-2014	91	0.16203	0.14989	0.5	24351	3650	22526	105862	4.35
2010-2014	92	0.18244	0.16719	0.5	20701	3461	18971	83335	4.03
2010-2014	93	0.20053	0.18226	0.5	17240	3142	15669	64365	3.73
2010-2014	94	0.22538	0.20255	0.5	14098	2856	12670	48696	3.45
2010-2014	95	0.24967	0.22196	0.5	11242	2495	9995	36026	3.20
2010-2014	96	0.27565	0.24226	0.5	8747	2119	7687	26031	2.98
2010-2014	97	0.30325	0.26332	0.5	6628	1745	5755	18344	2.77
2010-2014	98	0.33234	0.28498	0.5	4883	1391	4187	12588	2.58
2010-2014	99	0.36276	0.30707	0.5	3491	1072	2955	8401	2.41
2010-2014	100	0.39433	0.32939	0.5	2419	797	2021	5446	2.25
2010-2014	101	0.42681	0.35174	0.5	1622	571	1337	3426	2.11
2010-2014	102	0.45992	0.37393	0.5	1052	393	855	2089	1.99
2010-2014	103	0.49340	0.39576	0.5	658	261	528	1233	1.87
2010-2014	104	0.52693	0.41705	0.5	398	166	315	705	1.77
2010-2014	105	0.56023	0.43764	0.5	232	101	181	390	1.68
2010-2014	106	0.59299	0.45738	0.5	130	60	101	209	1.60
2010-2014	107	0.62494	0.47616	0.5	71	34	54	109	1.54
2010-2014	108	0.65584	0.49389	0.5	37	18	28	55	1.48
2010-2014	109	0.68548	0.51051	0.5	19	10	14	27	1.43
2010-2014	110+	0.71368	1.00000	1.4	9	9	13	13	1.40
2015-2019	0	0.00576	0.00573	0.07	100000	573	99467	8044792	80.45
2015-2019	1	0.00044	0.00044	0.5	99427	44	99405	7945325	79.91
2015-2019	2	0.00022	0.00022	0.5	99383	22	99373	7845919	78.95
2015-2019	3	0.00019	0.00019	0.5	99362	19	99352	7746547	77.96
2015-2019	4	0.00018	0.00018	0.5	99343	18	99334	7647194	76.98
2015-2019	5	0.00012	0.00012	0.5	99325	12	99319	7547860	75.99
2015-2019	6	0.00013	0.00013	0.5	99314	13	99307	7448541	75.00
2015-2019	7	0.00009	0.00009	0.5	99301	9	99296	7349234	74.01
2015-2019	8	0.00013	0.00013	0.5	99292	13	99285	7249938	73.02
2015-2019	9	0.00011	0.00011	0.5	99279	11	99273	7150652	72.03
2015-2019	10	0.00009	0.00009	0.5	99267	9	99263	7051379	71.03
2015-2019	11	0.00011	0.00011	0.5	99258	11	99253	6952117	70.04
2015-2019	12	0.00015	0.00015	0.5	99247	15	99240	6852864	69.05
2015-2019	13	0.00018	0.00018	0.5	99232	18	99223	6753624	68.06
2015-2019	14	0.00021	0.00021	0.5	99214	21	99204	6654401	67.07
2015-2019	15	0.00019	0.00019	0.5	99193	19	99184	6555197	66.09
2015-2019	16	0.00022	0.00022	0.5	99174	22	99164	6456014	65.10
2015-2019	17	0.00023	0.00023	0.5	99153	23	99141	6356850	64.11
2015-2019	18	0.00030	0.00030	0.5	99130	30	99115	6257709	63.13
2015-2019	19	0.00039	0.00039	0.5	99101	39	99081	6158593	62.14
2015-2019	20	0.00044	0.00044	0.5	99062	44	99040	6059512	61.17
2015-2019	21	0.00051	0.00051	0.5	99018	50	98993	5960473	60.20
2015-2019	22	0.00053	0.00053	0.5	98968	52	98941	5861480	59.23
2015-2019	23	0.00056	0.00056	0.5	98915	56	98887	5762539	58.26
2015-2019	24	0.00056	0.00056	0.5	98860	56	98832	5663651	57.29
2015-2019	25	0.00070	0.00070	0.5	98804	69	98769	5564820	56.32
2015-2019	26	0.00076	0.00076	0.5	98735	75	98697	5466050	55.36
2015-2019	27	0.00080	0.00080	0.5	98659	79	98620	5367353	54.40
2015-2019	28	0.00096	0.00096	0.5	98581	95	98533	5268733	53.45
2015-2019	29	0.00099	0.00099	0.5	98486	97	98437	5170200	52.50
2015-2019	30	0.00097	0.00097	0.5	98388	95	98341	5071763	51.55
2015-2019	31	0.00113	0.00113	0.5	98293	111	98238	4973422	50.60
2015-2019	32	0.00116	0.00116	0.5	98182	114	98125	4875184	49.65
2015-2019	33	0.00116	0.00116	0.5	98068	114	98011	4777059	48.71
2015-2019	34	0.00122	0.00122	0.5	97954	120	97895	4679048	47.77
2015-2019	35	0.00131	0.00131	0.5	97835	128	97771	4581153	46.83
2015-2019	36	0.00134	0.00134	0.5	97707	131	97641	4483383	45.89
2015-2019	37	0.00138	0.00138	0.5	97576	134	97509	4385742	44.95
2015-2019	38	0.00141	0.00141	0.5	97442	137	97373	4288233	44.01
2015-2019	39	0.00146	0.00146	0.5	97304	142	97233	4190860	43.07
2015-2019	40	0.00157	0.00157	0.5	97162	153	97086	4093627	42.13
2015-2019	41	0.00163	0.00163	0.5	97009	158	96930	3996541	41.20
2015-2019	42	0.00173	0.00173	0.5	96851	167	96768	3899611	40.26
2015-2019	43	0.00199	0.00199	0.5	96684	192	96588	3802843	39.33
2015-2019	44	0.00217	0.00217	0.5	96492	209	96387	3706255	38.41
2015-2019	45	0.00229	0.00229	0.5	96283	221	96172	3609868	37.49
2015-2019	46	0.00249	0.00249	0.5	96062	239	95943	3513695	36.58
2015-2019	47	0.00267	0.00266	0.5	95823	255	95695	3417752	35.67
2015-2019	48	0.00289	0.00289	0.5	95568	276	95430	3322057	34.76
2015-2019	49	0.00296	0.00295	0.5	95292	282	95151	3226627	33.86
2015-2019	50	0.00335	0.00334	0.5	95010	317	94851	3131476	32.96
2015-2019	51	0.00353	0.00352	0.5	94693	334	94526	3036625	32.07
2015-2019	52	0.00398	0.00397	0.5	94359	375	94171	2942099	31.18
2015-2019	53	0.00428	0.00428	0.5	93984	402	93783	2847928	30.30
2015-2019	54	0.00477	0.00476	0.5	93582	446	93359	2754145	29.43
2015-2019	55	0.00509	0.00508	0.5	93137	473	92900	2660785	28.57
2015-2019	56	0.00551	0.00549	0.5	92664	509	92409	2567885	27.71
2015-2019	57	0.00604	0.00602	0.5	92154	555	91877	2475476	26.86
2015-2019	58	0.00642	0.00640	0.5	91599	586	91306	2383599	26.02
2015-2019	59	0.00714	0.00711	0.5	91013	647	90690	2292293	25.19
2015-2019	60	0.00736	0.00733	0.5	90366	663	90035	2201603	24.36
2015-2019	61	0.00784	0.00781	0.5	89703	701	89353	2111569	23.54
2015-2019	62	0.00854	0.00850	0.5	89003	757	88624	2022216	22.72
2015-2019	63	0.00952	0.00948	0.5	88246	836	87828	1933592	21.91
2015-2019	64	0.00973	0.00968	0.5	87409	846	86986	1845764	21.12
2015-2019	65	0.01040	0.01035	0.5	86563	896	86116	1758777	20.32
2015-2019	66	0.01165	0.01158	0.5	85668	992	85172	1672662	19.53
2015-2019	67	0.01226	0.01219	0.5	84676	1032	84160	1587490	18.75
2015-2019	68	0.01371	0.01362	0.5	83644	1139	83074	1503331	17.97
2015-2019	69	0.01454	0.01444	0.5	82504	1191	81909	1420257	17.21
2015-2019	70	0.01628	0.01615	0.5	81313	1313	80657	1338348	16.46
2015-2019	71	0.01780	0.01764	0.5	80000	1411	79295	1257691	15.72
2015-2019	72	0.02053	0.02032	0.5	78589	1597	77790	1178396	14.99
2015-2019	73	0.02159	0.02136	0.5	76992	1645	76169	1100606	14.30
2015-2019	74	0.02407	0.02379	0.5	75347	1792	74451	1024436	13.60
2015-2019	75	0.02610	0.02576	0.5	73555	1895	72607	949985	12.92
2015-2019	76	0.02862	0.02821	0.5	71660	2022	70649	877378	12.24
2015-2019	77	0.03222	0.03171	0.5	69638	2208	68534	806729	11.58
2015-2019	78	0.03537	0.03475	0.5	67430	2343	66258	738195	10.95
2015-2019	79	0.03993	0.03915	0.5	65087	2548	63812	671937	10.32
2015-2019	80	0.04270	0.04181	0.5	62538	2615	61231	608124	9.72
2015-2019	81	0.04776	0.04665	0.5	59924	2795	58526	546893	9.13
2015-2019	82	0.05484	0.05337	0.5	57128	3049	55604	488367	8.55
2015-2019	83	0.06124	0.05942	0.5	54079	3214	52473	432764	8.00
2015-2019	84	0.06753	0.06532	0.5	50866	3323	49204	380291	7.48
2015-2019	85	0.07563	0.07288	0.5	47543	3465	45811	331087	6.96
2015-2019	86	0.08377	0.08040	0.5	44078	3544	42306	285276	6.47
2015-2019	87	0.09838	0.09376	0.5	40534	3801	38634	242970	5.99
2015-2019	88	0.10920	0.10355	0.5	36734	3804	34832	204336	5.56
2015-2019	89	0.12310	0.11597	0.5	32930	3819	31020	169504	5.15
2015-2019	90	0.14230	0.13285	0.5	29111	3867	27177	138483	4.76
2015-2019	91	0.15691	0.14549	0.5	25244	3673	23407	111306	4.41
2015-2019	92	0.17752	0.16305	0.5	21571	3517	19812	87899	4.07
2015-2019	93	0.19902	0.18101	0.5	18054	3268	16420	68086	3.77
2015-2019	94	0.22132	0.19927	0.5	14786	2946	13313	51666	3.49
2015-2019	95	0.24555	0.21870	0.5	11840	2589	10545	38353	3.24
2015-2019	96	0.27151	0.23905	0.5	9250	2211	8145	27808	3.01
2015-2019	97	0.29912	0.26020	0.5	7039	1832	6123	19664	2.79
2015-2019	98	0.32827	0.28199	0.5	5207	1468	4473	13541	2.60
2015-2019	99	0.35882	0.30423	0.5	3739	1138	3170	9067	2.43
2015-2019	100	0.39055	0.32674	0.5	2601	850	2176	5897	2.27
2015-2019	101	0.42323	0.34931	0.5	1751	612	1446	3721	2.12
2015-2019	102	0.45661	0.37174	0.5	1140	424	928	2275	2.00
2015-2019	103	0.49037	0.39381	0.5	716	282	575	1347	1.88
2015-2019	104	0.52422	0.41536	0.5	434	180	344	772	1.78
2015-2019	105	0.55786	0.43619	0.5	254	111	198	429	1.69
2015-2019	106	0.59097	0.45618	0.5	143	65	110	230	1.61
2015-2019	107	0.62327	0.47519	0.5	78	37	59	120	1.54
2015-2019	108	0.65452	0.49314	0.5	41	20	31	60	1.48
2015-2019	109	0.68448	0.50996	0.5	21	11	15	30	1.43
2015-2019	110+	0.71299	1.00000	1.4	10	10	14	14	1.40
