WV: West Virginia, Lifetables (period 1x10), Males Last modified: 20 Dec 2020, MPv5 (May07) 

Year     	Age	mx	qx	ax	lx	dx	Lx	Tx	ex
1960-1969	0	0.02920	0.02847	0.12	100000	2847	97504	6589048	65.89
1960-1969	1	0.00149	0.00149	0.5	97153	145	97080	6491544	66.82
1960-1969	2	0.00110	0.00110	0.5	97008	106	96955	6394464	65.92
1960-1969	3	0.00083	0.00083	0.5	96901	81	96861	6297509	64.99
1960-1969	4	0.00080	0.00080	0.5	96821	77	96782	6200648	64.04
1960-1969	5	0.00067	0.00067	0.5	96744	65	96711	6103866	63.09
1960-1969	6	0.00055	0.00055	0.5	96679	53	96653	6007154	62.13
1960-1969	7	0.00054	0.00054	0.5	96626	52	96600	5910501	61.17
1960-1969	8	0.00054	0.00054	0.5	96575	52	96548	5813901	60.20
1960-1969	9	0.00040	0.00040	0.5	96522	39	96503	5717353	59.23
1960-1969	10	0.00049	0.00049	0.5	96484	47	96460	5620850	58.26
1960-1969	11	0.00054	0.00054	0.5	96436	52	96410	5524390	57.29
1960-1969	12	0.00060	0.00060	0.5	96384	58	96355	5427979	56.32
1960-1969	13	0.00060	0.00060	0.5	96326	57	96298	5331624	55.35
1960-1969	14	0.00080	0.00080	0.5	96269	77	96230	5235326	54.38
1960-1969	15	0.00100	0.00100	0.5	96192	96	96144	5139096	53.43
1960-1969	16	0.00130	0.00130	0.5	96096	124	96033	5042952	52.48
1960-1969	17	0.00157	0.00157	0.5	95971	151	95896	4946919	51.55
1960-1969	18	0.00181	0.00181	0.5	95820	173	95734	4851023	50.63
1960-1969	19	0.00214	0.00214	0.5	95647	205	95545	4755289	49.72
1960-1969	20	0.00216	0.00216	0.5	95442	206	95339	4659745	48.82
1960-1969	21	0.00228	0.00227	0.5	95236	217	95128	4564406	47.93
1960-1969	22	0.00227	0.00226	0.5	95019	215	94912	4469278	47.04
1960-1969	23	0.00219	0.00219	0.5	94804	207	94701	4374366	46.14
1960-1969	24	0.00199	0.00199	0.5	94597	188	94503	4279665	45.24
1960-1969	25	0.00185	0.00185	0.5	94409	175	94322	4185162	44.33
1960-1969	26	0.00242	0.00242	0.5	94234	228	94120	4090841	43.41
1960-1969	27	0.00210	0.00209	0.5	94006	197	93908	3996720	42.52
1960-1969	28	0.00222	0.00222	0.5	93810	208	93706	3902812	41.60
1960-1969	29	0.00198	0.00198	0.5	93602	185	93509	3809107	40.69
1960-1969	30	0.00233	0.00233	0.5	93417	218	93308	3715598	39.77
1960-1969	31	0.00242	0.00241	0.5	93199	225	93086	3622290	38.87
1960-1969	32	0.00249	0.00249	0.5	92974	231	92858	3529203	37.96
1960-1969	33	0.00242	0.00241	0.5	92743	224	92631	3436345	37.05
1960-1969	34	0.00269	0.00269	0.5	92519	249	92394	3343714	36.14
1960-1969	35	0.00292	0.00292	0.5	92270	269	92135	3251320	35.24
1960-1969	36	0.00305	0.00305	0.5	92001	281	91860	3159184	34.34
1960-1969	37	0.00396	0.00396	0.5	91720	363	91539	3067324	33.44
1960-1969	38	0.00368	0.00367	0.5	91357	335	91190	2975785	32.57
1960-1969	39	0.00425	0.00425	0.5	91022	386	90829	2884596	31.69
1960-1969	40	0.00416	0.00415	0.5	90635	377	90447	2793767	30.82
1960-1969	41	0.00467	0.00466	0.5	90259	421	90048	2703320	29.95
1960-1969	42	0.00521	0.00520	0.5	89838	467	89604	2613272	29.09
1960-1969	43	0.00594	0.00592	0.5	89371	529	89106	2523667	28.24
1960-1969	44	0.00686	0.00683	0.5	88842	607	88538	2434561	27.40
1960-1969	45	0.00733	0.00730	0.5	88235	645	87912	2346023	26.59
1960-1969	46	0.00787	0.00783	0.5	87590	686	87247	2258111	25.78
1960-1969	47	0.00867	0.00864	0.5	86904	751	86529	2170864	24.98
1960-1969	48	0.00945	0.00940	0.5	86153	810	85748	2084335	24.19
1960-1969	49	0.01008	0.01003	0.5	85343	856	84915	1998587	23.42
1960-1969	50	0.01082	0.01076	0.5	84487	909	84032	1913672	22.65
1960-1969	51	0.01178	0.01171	0.5	83578	979	83089	1829639	21.89
1960-1969	52	0.01232	0.01224	0.5	82599	1011	82094	1746551	21.14
1960-1969	53	0.01525	0.01514	0.5	81588	1235	80971	1664457	20.40
1960-1969	54	0.01558	0.01546	0.5	80353	1242	79732	1583486	19.71
1960-1969	55	0.01722	0.01707	0.5	79111	1351	78436	1503754	19.01
1960-1969	56	0.01880	0.01863	0.5	77760	1449	77036	1425318	18.33
1960-1969	57	0.02007	0.01987	0.5	76312	1517	75554	1348282	17.67
1960-1969	58	0.02149	0.02127	0.5	74795	1591	74000	1272728	17.02
1960-1969	59	0.02367	0.02339	0.5	73205	1712	72349	1198728	16.37
1960-1969	60	0.02355	0.02328	0.5	71492	1664	70660	1126380	15.76
1960-1969	61	0.02715	0.02679	0.5	69828	1871	68893	1055719	15.12
1960-1969	62	0.03022	0.02977	0.5	67958	2023	66946	986826	14.52
1960-1969	63	0.03162	0.03112	0.5	65935	2052	64909	919880	13.95
1960-1969	64	0.03498	0.03438	0.5	63883	2196	62784	854972	13.38
1960-1969	65	0.03636	0.03571	0.5	61686	2203	60585	792187	12.84
1960-1969	66	0.04000	0.03921	0.5	59483	2332	58317	731603	12.30
1960-1969	67	0.04302	0.04212	0.5	57151	2407	55947	673285	11.78
1960-1969	68	0.04508	0.04408	0.5	54744	2413	53537	617338	11.28
1960-1969	69	0.04713	0.04605	0.5	52330	2410	51126	563801	10.77
1960-1969	70	0.05170	0.05039	0.5	49921	2516	48663	512675	10.27
1960-1969	71	0.05489	0.05342	0.5	47405	2533	46139	464013	9.79
1960-1969	72	0.05971	0.05797	0.5	44872	2601	43572	417874	9.31
1960-1969	73	0.06616	0.06404	0.5	42271	2707	40917	374302	8.85
1960-1969	74	0.07020	0.06782	0.5	39564	2683	38222	333385	8.43
1960-1969	75	0.07632	0.07352	0.5	36881	2711	35525	295162	8.00
1960-1969	76	0.08155	0.07835	0.5	34169	2677	32831	259637	7.60
1960-1969	77	0.08452	0.08109	0.5	31492	2554	30215	226806	7.20
1960-1969	78	0.09229	0.08822	0.5	28939	2553	27662	196591	6.79
1960-1969	79	0.10368	0.09857	0.5	26386	2601	25085	168929	6.40
1960-1969	80	0.11201	0.10607	0.5	23785	2523	22523	143844	6.05
1960-1969	81	0.11940	0.11267	0.5	21262	2396	20064	121321	5.71
1960-1969	82	0.13164	0.12351	0.5	18866	2330	17701	101257	5.37
1960-1969	83	0.13851	0.12954	0.5	16536	2142	15465	83556	5.05
1960-1969	84	0.16191	0.14978	0.5	14394	2156	13316	68091	4.73
1960-1969	85	0.16886	0.15571	0.5	12238	1906	11285	54775	4.48
1960-1969	86	0.18425	0.16870	0.5	10332	1743	9461	43490	4.21
1960-1969	87	0.20911	0.18932	0.5	8589	1626	7776	34029	3.96
1960-1969	88	0.21435	0.19360	0.5	6963	1348	6289	26253	3.77
1960-1969	89	0.23174	0.20768	0.5	5615	1166	5032	19963	3.56
1960-1969	90	0.24950	0.22183	0.5	4449	987	3956	14931	3.36
1960-1969	91	0.26815	0.23645	0.5	3462	819	3053	10976	3.17
1960-1969	92	0.28766	0.25149	0.5	2643	665	2311	7923	3.00
1960-1969	93	0.30798	0.26689	0.5	1979	528	1715	5612	2.84
1960-1969	94	0.32909	0.28259	0.5	1451	410	1246	3897	2.69
1960-1969	95	0.35090	0.29852	0.5	1041	311	885	2652	2.55
1960-1969	96	0.37335	0.31462	0.5	730	230	615	1766	2.42
1960-1969	97	0.39637	0.33081	0.5	500	166	418	1151	2.30
1960-1969	98	0.41985	0.34701	0.5	335	116	277	734	2.19
1960-1969	99	0.44370	0.36314	0.5	219	79	179	457	2.09
1960-1969	100	0.46782	0.37913	0.5	139	53	113	278	2.00
1960-1969	101	0.49208	0.39492	0.5	86	34	69	165	1.91
1960-1969	102	0.51638	0.41042	0.5	52	21	42	96	1.83
1960-1969	103	0.54061	0.42557	0.5	31	13	24	54	1.76
1960-1969	104	0.56464	0.44033	0.5	18	8	14	30	1.69
1960-1969	105	0.58838	0.45463	0.5	10	5	8	16	1.63
1960-1969	106	0.61171	0.46844	0.5	5	3	4	9	1.58
1960-1969	107	0.63454	0.48171	0.5	3	1	2	4	1.53
1960-1969	108	0.65678	0.49442	0.5	1	1	1	2	1.49
1960-1969	109	0.67835	0.50654	0.5	1	0	1	1	1.45
1960-1969	110+	0.69919	1.00000	1.43	0	0	1	1	1.43
1970-1979	0	0.02112	0.02072	0.1	100000	2072	98138	6685584	66.86
1970-1979	1	0.00101	0.00101	0.5	97928	99	97878	6587445	67.27
1970-1979	2	0.00075	0.00075	0.5	97829	74	97792	6489567	66.34
1970-1979	3	0.00074	0.00074	0.5	97755	72	97719	6391775	65.39
1970-1979	4	0.00045	0.00045	0.5	97683	44	97661	6294056	64.43
1970-1979	5	0.00045	0.00045	0.5	97639	44	97617	6196395	63.46
1970-1979	6	0.00053	0.00053	0.5	97595	52	97569	6098778	62.49
1970-1979	7	0.00038	0.00038	0.5	97544	37	97525	6001208	61.52
1970-1979	8	0.00049	0.00048	0.5	97506	47	97483	5903683	60.55
1970-1979	9	0.00038	0.00038	0.5	97459	37	97440	5806201	59.58
1970-1979	10	0.00049	0.00049	0.5	97422	48	97398	5708760	58.60
1970-1979	11	0.00040	0.00040	0.5	97374	39	97355	5611362	57.63
1970-1979	12	0.00039	0.00039	0.5	97335	38	97317	5514007	56.65
1970-1979	13	0.00056	0.00056	0.5	97298	55	97270	5416691	55.67
1970-1979	14	0.00069	0.00069	0.5	97243	67	97209	5319421	54.70
1970-1979	15	0.00092	0.00092	0.5	97175	89	97131	5222212	53.74
1970-1979	16	0.00133	0.00133	0.5	97086	129	97021	5125081	52.79
1970-1979	17	0.00170	0.00169	0.5	96957	164	96875	5028059	51.86
1970-1979	18	0.00186	0.00185	0.5	96792	179	96703	4931185	50.95
1970-1979	19	0.00231	0.00230	0.5	96613	223	96502	4834482	50.04
1970-1979	20	0.00207	0.00206	0.5	96390	199	96291	4737980	49.15
1970-1979	21	0.00233	0.00233	0.5	96192	224	96080	4641689	48.25
1970-1979	22	0.00215	0.00215	0.5	95968	206	95865	4545610	47.37
1970-1979	23	0.00217	0.00217	0.5	95761	208	95658	4449745	46.47
1970-1979	24	0.00230	0.00229	0.5	95554	219	95444	4354088	45.57
1970-1979	25	0.00214	0.00214	0.5	95335	204	95233	4258643	44.67
1970-1979	26	0.00220	0.00220	0.5	95131	209	95026	4163411	43.77
1970-1979	27	0.00199	0.00199	0.5	94922	189	94827	4068385	42.86
1970-1979	28	0.00200	0.00200	0.5	94733	189	94638	3973557	41.94
1970-1979	29	0.00240	0.00240	0.5	94544	227	94430	3878919	41.03
1970-1979	30	0.00233	0.00232	0.5	94317	219	94207	3784489	40.13
1970-1979	31	0.00218	0.00218	0.5	94097	205	93995	3690282	39.22
1970-1979	32	0.00242	0.00242	0.5	93892	227	93779	3596287	38.30
1970-1979	33	0.00202	0.00201	0.5	93665	189	93571	3502508	37.39
1970-1979	34	0.00235	0.00235	0.5	93477	220	93367	3408937	36.47
1970-1979	35	0.00279	0.00278	0.5	93257	260	93127	3315570	35.55
1970-1979	36	0.00306	0.00305	0.5	92997	284	92856	3222443	34.65
1970-1979	37	0.00311	0.00311	0.5	92714	288	92570	3129587	33.76
1970-1979	38	0.00325	0.00325	0.5	92426	300	92276	3037018	32.86
1970-1979	39	0.00396	0.00395	0.5	92125	364	91943	2944742	31.96
1970-1979	40	0.00393	0.00392	0.5	91761	360	91582	2852799	31.09
1970-1979	41	0.00458	0.00457	0.5	91402	418	91193	2761217	30.21
1970-1979	42	0.00497	0.00496	0.5	90984	451	90758	2670024	29.35
1970-1979	43	0.00592	0.00590	0.5	90533	534	90265	2579266	28.49
1970-1979	44	0.00616	0.00614	0.5	89998	553	89722	2489001	27.66
1970-1979	45	0.00676	0.00674	0.5	89446	603	89145	2399279	26.82
1970-1979	46	0.00723	0.00720	0.5	88843	640	88523	2310134	26.00
1970-1979	47	0.00786	0.00783	0.5	88204	690	87858	2221611	25.19
1970-1979	48	0.00921	0.00917	0.5	87513	802	87112	2133752	24.38
1970-1979	49	0.00959	0.00954	0.5	86711	827	86297	2046640	23.60
1970-1979	50	0.01047	0.01041	0.5	85884	894	85436	1960343	22.83
1970-1979	51	0.01045	0.01039	0.5	84989	883	84548	1874906	22.06
1970-1979	52	0.01262	0.01254	0.5	84106	1054	83579	1790359	21.29
1970-1979	53	0.01366	0.01356	0.5	83052	1127	82488	1706780	20.55
1970-1979	54	0.01592	0.01580	0.5	81925	1294	81278	1624291	19.83
1970-1979	55	0.01511	0.01500	0.5	80631	1209	80026	1543013	19.14
1970-1979	56	0.01751	0.01736	0.5	79421	1378	78732	1462987	18.42
1970-1979	57	0.01857	0.01840	0.5	78043	1436	77325	1384255	17.74
1970-1979	58	0.02048	0.02028	0.5	76607	1553	75830	1306930	17.06
1970-1979	59	0.02370	0.02342	0.5	75054	1758	74175	1231100	16.40
1970-1979	60	0.02524	0.02492	0.5	73296	1827	72382	1156925	15.78
1970-1979	61	0.02605	0.02572	0.5	71469	1838	70550	1084543	15.18
1970-1979	62	0.02930	0.02888	0.5	69631	2011	68625	1013993	14.56
1970-1979	63	0.03242	0.03190	0.5	67620	2157	66541	945367	13.98
1970-1979	64	0.03515	0.03454	0.5	65463	2261	64332	878826	13.42
1970-1979	65	0.03711	0.03643	0.5	63201	2303	62050	814494	12.89
1970-1979	66	0.03849	0.03776	0.5	60899	2300	59749	752444	12.36
1970-1979	67	0.04130	0.04046	0.5	58599	2371	57414	692695	11.82
1970-1979	68	0.04408	0.04313	0.5	56228	2425	55016	635281	11.30
1970-1979	69	0.04900	0.04783	0.5	53803	2573	52517	580265	10.78
1970-1979	70	0.05260	0.05125	0.5	51230	2626	49917	527749	10.30
1970-1979	71	0.05793	0.05630	0.5	48604	2736	47236	477831	9.83
1970-1979	72	0.06115	0.05933	0.5	45868	2722	44507	430595	9.39
1970-1979	73	0.06632	0.06419	0.5	43146	2770	41762	386088	8.95
1970-1979	74	0.07000	0.06763	0.5	40377	2731	39011	344327	8.53
1970-1979	75	0.07547	0.07273	0.5	37646	2738	36277	305315	8.11
1970-1979	76	0.08042	0.07731	0.5	34908	2699	33559	269038	7.71
1970-1979	77	0.08463	0.08119	0.5	32209	2615	30902	235479	7.31
1970-1979	78	0.09649	0.09205	0.5	29594	2724	28232	204578	6.91
1970-1979	79	0.10393	0.09879	0.5	26870	2655	25543	176346	6.56
1970-1979	80	0.10657	0.10118	0.5	24215	2450	22990	150803	6.23
1970-1979	81	0.11815	0.11156	0.5	21765	2428	20551	127813	5.87
1970-1979	82	0.12599	0.11852	0.5	19337	2292	18191	107261	5.55
1970-1979	83	0.13662	0.12788	0.5	17045	2180	15955	89070	5.23
1970-1979	84	0.15285	0.14199	0.5	14866	2111	13810	73114	4.92
1970-1979	85	0.15861	0.14696	0.5	12755	1874	11818	59304	4.65
1970-1979	86	0.18034	0.16542	0.5	10880	1800	9980	47487	4.36
1970-1979	87	0.19321	0.17619	0.5	9080	1600	8281	37506	4.13
1970-1979	88	0.21525	0.19434	0.5	7481	1454	6754	29226	3.91
1970-1979	89	0.21716	0.19589	0.5	6027	1181	5437	22472	3.73
1970-1979	90	0.23666	0.21162	0.5	4846	1026	4333	17036	3.52
1970-1979	91	0.25401	0.22539	0.5	3821	861	3390	12702	3.32
1970-1979	92	0.27218	0.23958	0.5	2960	709	2605	9312	3.15
1970-1979	93	0.29114	0.25415	0.5	2251	572	1965	6707	2.98
1970-1979	94	0.31086	0.26904	0.5	1679	452	1453	4742	2.83
1970-1979	95	0.33129	0.28421	0.5	1227	349	1053	3290	2.68
1970-1979	96	0.35238	0.29959	0.5	878	263	747	2237	2.55
1970-1979	97	0.37405	0.31512	0.5	615	194	518	1490	2.42
1970-1979	98	0.39625	0.33072	0.5	421	139	352	972	2.31
1970-1979	99	0.41888	0.34634	0.5	282	98	233	621	2.20
1970-1979	100	0.44185	0.36190	0.5	184	67	151	388	2.10
1970-1979	101	0.46508	0.37733	0.5	118	44	95	237	2.01
1970-1979	102	0.48846	0.39258	0.5	73	29	59	141	1.93
1970-1979	103	0.51189	0.40757	0.5	44	18	35	82	1.85
1970-1979	104	0.53527	0.42226	0.5	26	11	21	47	1.78
1970-1979	105	0.55849	0.43658	0.5	15	7	12	26	1.71
1970-1979	106	0.58147	0.45049	0.5	9	4	7	14	1.66
1970-1979	107	0.60409	0.46395	0.5	5	2	4	8	1.60
1970-1979	108	0.62628	0.47693	0.5	3	1	2	4	1.56
1970-1979	109	0.64795	0.48939	0.5	1	1	1	2	1.52
1970-1979	110+	0.66902	1.00000	1.49	1	1	1	1	1.49
1980-1989	0	0.01212	0.01199	0.08	100000	1199	98894	6980028	69.80
1980-1989	1	0.00083	0.00083	0.5	98801	82	98760	6881134	69.65
1980-1989	2	0.00058	0.00058	0.5	98719	57	98691	6782374	68.70
1980-1989	3	0.00042	0.00042	0.5	98662	41	98642	6683683	67.74
1980-1989	4	0.00042	0.00042	0.5	98621	41	98601	6585041	66.77
1980-1989	5	0.00030	0.00030	0.5	98580	30	98565	6486440	65.80
1980-1989	6	0.00023	0.00023	0.5	98550	23	98539	6387875	64.82
1980-1989	7	0.00023	0.00023	0.5	98527	22	98516	6289337	63.83
1980-1989	8	0.00028	0.00028	0.5	98505	28	98491	6190821	62.85
1980-1989	9	0.00031	0.00031	0.5	98477	30	98462	6092330	61.87
1980-1989	10	0.00018	0.00018	0.5	98447	18	98438	5993868	60.88
1980-1989	11	0.00038	0.00038	0.5	98429	37	98410	5895430	59.90
1980-1989	12	0.00032	0.00032	0.5	98392	31	98376	5797020	58.92
1980-1989	13	0.00044	0.00044	0.5	98360	43	98339	5698644	57.94
1980-1989	14	0.00057	0.00057	0.5	98318	56	98290	5600305	56.96
1980-1989	15	0.00065	0.00065	0.5	98262	64	98230	5502015	55.99
1980-1989	16	0.00109	0.00109	0.5	98198	107	98145	5403785	55.03
1980-1989	17	0.00155	0.00155	0.5	98091	152	98015	5305641	54.09
1980-1989	18	0.00173	0.00173	0.5	97939	170	97855	5207625	53.17
1980-1989	19	0.00177	0.00177	0.5	97770	173	97683	5109771	52.26
1980-1989	20	0.00186	0.00186	0.5	97597	182	97506	5012087	51.36
1980-1989	21	0.00173	0.00173	0.5	97415	168	97331	4914582	50.45
1980-1989	22	0.00182	0.00182	0.5	97247	177	97158	4817251	49.54
1980-1989	23	0.00191	0.00191	0.5	97069	185	96977	4720093	48.63
1980-1989	24	0.00179	0.00179	0.5	96884	174	96797	4623116	47.72
1980-1989	25	0.00182	0.00182	0.5	96711	176	96623	4526319	46.80
1980-1989	26	0.00188	0.00187	0.5	96535	181	96444	4429696	45.89
1980-1989	27	0.00194	0.00193	0.5	96354	186	96261	4333252	44.97
1980-1989	28	0.00205	0.00204	0.5	96168	197	96069	4236991	44.06
1980-1989	29	0.00171	0.00171	0.5	95971	164	95889	4140922	43.15
1980-1989	30	0.00189	0.00189	0.5	95807	181	95717	4045032	42.22
1980-1989	31	0.00192	0.00191	0.5	95626	183	95535	3949316	41.30
1980-1989	32	0.00182	0.00181	0.5	95443	173	95356	3853781	40.38
1980-1989	33	0.00198	0.00197	0.5	95270	188	95176	3758425	39.45
1980-1989	34	0.00207	0.00207	0.5	95082	197	94983	3663249	38.53
1980-1989	35	0.00226	0.00226	0.5	94885	214	94778	3568265	37.61
1980-1989	36	0.00236	0.00235	0.5	94671	223	94559	3473487	36.69
1980-1989	37	0.00245	0.00244	0.5	94448	231	94333	3378928	35.78
1980-1989	38	0.00274	0.00274	0.5	94217	258	94088	3284596	34.86
1980-1989	39	0.00261	0.00261	0.5	93959	245	93836	3190508	33.96
1980-1989	40	0.00304	0.00304	0.5	93714	285	93571	3096671	33.04
1980-1989	41	0.00313	0.00313	0.5	93429	292	93283	3003100	32.14
1980-1989	42	0.00381	0.00380	0.5	93137	354	92959	2909817	31.24
1980-1989	43	0.00421	0.00420	0.5	92782	389	92587	2816858	30.36
1980-1989	44	0.00448	0.00447	0.5	92393	413	92186	2724270	29.49
1980-1989	45	0.00445	0.00444	0.5	91980	409	91776	2632084	28.62
1980-1989	46	0.00558	0.00556	0.5	91571	509	91317	2540308	27.74
1980-1989	47	0.00642	0.00640	0.5	91062	583	90771	2448992	26.89
1980-1989	48	0.00655	0.00653	0.5	90479	591	90184	2358221	26.06
1980-1989	49	0.00712	0.00709	0.5	89888	638	89569	2268038	25.23
1980-1989	50	0.00816	0.00813	0.5	89251	726	88888	2178468	24.41
1980-1989	51	0.00896	0.00892	0.5	88525	790	88130	2089581	23.60
1980-1989	52	0.00930	0.00926	0.5	87735	812	87329	2001451	22.81
1980-1989	53	0.01088	0.01083	0.5	86923	941	86452	1914122	22.02
1980-1989	54	0.01065	0.01059	0.5	85982	911	85526	1827670	21.26
1980-1989	55	0.01230	0.01223	0.5	85071	1040	84551	1742143	20.48
1980-1989	56	0.01391	0.01381	0.5	84031	1161	83450	1657592	19.73
1980-1989	57	0.01432	0.01422	0.5	82870	1178	82281	1574142	19.00
1980-1989	58	0.01812	0.01795	0.5	81692	1467	80959	1491861	18.26
1980-1989	59	0.01841	0.01824	0.5	80225	1464	79493	1410902	17.59
1980-1989	60	0.02073	0.02051	0.5	78762	1616	77954	1331409	16.90
1980-1989	61	0.02167	0.02143	0.5	77146	1654	76319	1253455	16.25
1980-1989	62	0.02453	0.02423	0.5	75492	1829	74578	1177136	15.59
1980-1989	63	0.02609	0.02575	0.5	73663	1897	72714	1102558	14.97
1980-1989	64	0.02723	0.02686	0.5	71766	1928	70802	1029844	14.35
1980-1989	65	0.03110	0.03062	0.5	69838	2139	68769	959041	13.73
1980-1989	66	0.03423	0.03366	0.5	67700	2279	66560	890272	13.15
1980-1989	67	0.03703	0.03636	0.5	65421	2378	64232	823712	12.59
1980-1989	68	0.03862	0.03788	0.5	63043	2388	61848	759480	12.05
1980-1989	69	0.04246	0.04158	0.5	60654	2522	59393	697632	11.50
1980-1989	70	0.04541	0.04440	0.5	58132	2581	56842	638239	10.98
1980-1989	71	0.04966	0.04846	0.5	55551	2692	54205	581397	10.47
1980-1989	72	0.05297	0.05160	0.5	52859	2728	51496	527192	9.97
1980-1989	73	0.06120	0.05938	0.5	50132	2977	48643	475696	9.49
1980-1989	74	0.06315	0.06121	0.5	47155	2886	45712	427053	9.06
1980-1989	75	0.06670	0.06455	0.5	44268	2857	42840	381341	8.61
1980-1989	76	0.07550	0.07276	0.5	41411	3013	39904	338502	8.17
1980-1989	77	0.07747	0.07459	0.5	38398	2864	36966	298597	7.78
1980-1989	78	0.08405	0.08066	0.5	35534	2866	34101	261631	7.36
1980-1989	79	0.08831	0.08458	0.5	32668	2763	31286	227530	6.96
1980-1989	80	0.10345	0.09836	0.5	29905	2942	28434	196244	6.56
1980-1989	81	0.10771	0.10221	0.5	26963	2756	25586	167809	6.22
1980-1989	82	0.11904	0.11235	0.5	24208	2720	22848	142224	5.88
1980-1989	83	0.13504	0.12650	0.5	21488	2718	20129	119376	5.56
1980-1989	84	0.13704	0.12825	0.5	18770	2407	17566	99247	5.29
1980-1989	85	0.15437	0.14331	0.5	16362	2345	15190	81681	4.99
1980-1989	86	0.16469	0.15216	0.5	14018	2133	12951	66491	4.74
1980-1989	87	0.16205	0.14991	0.5	11885	1782	10994	53540	4.50
1980-1989	88	0.18879	0.17251	0.5	10103	1743	9232	42546	4.21
1980-1989	89	0.20294	0.18424	0.5	8360	1540	7590	33315	3.98
1980-1989	90	0.21786	0.19646	0.5	6820	1340	6150	25725	3.77
1980-1989	91	0.23356	0.20914	0.5	5480	1146	4907	19575	3.57
1980-1989	92	0.25003	0.22225	0.5	4334	963	3852	14668	3.38
1980-1989	93	0.26726	0.23576	0.5	3371	795	2973	10815	3.21
1980-1989	94	0.28522	0.24962	0.5	2576	643	2255	7842	3.04
1980-1989	95	0.30389	0.26381	0.5	1933	510	1678	5587	2.89
1980-1989	96	0.32323	0.27826	0.5	1423	396	1225	3909	2.75
1980-1989	97	0.34319	0.29293	0.5	1027	301	877	2684	2.61
1980-1989	98	0.36372	0.30776	0.5	726	223	614	1808	2.49
1980-1989	99	0.38477	0.32269	0.5	503	162	422	1193	2.37
1980-1989	100	0.40625	0.33766	0.5	341	115	283	772	2.27
1980-1989	101	0.42809	0.35262	0.5	226	80	186	489	2.17
1980-1989	102	0.45022	0.36749	0.5	146	54	119	303	2.07
1980-1989	103	0.47255	0.38224	0.5	92	35	75	184	1.99
1980-1989	104	0.49499	0.39679	0.5	57	23	46	109	1.91
1980-1989	105	0.51745	0.41109	0.5	34	14	27	63	1.84
1980-1989	106	0.53984	0.42510	0.5	20	9	16	36	1.77
1980-1989	107	0.56207	0.43876	0.5	12	5	9	20	1.71
1980-1989	108	0.58405	0.45204	0.5	7	3	5	11	1.66
1980-1989	109	0.60570	0.46491	0.5	4	2	3	6	1.62
1980-1989	110+	0.62695	1.00000	1.6	2	2	3	3	1.60
1990-1999	0	0.00975	0.00966	0.07	100000	966	99103	7136788	71.37
1990-1999	1	0.00054	0.00054	0.5	99034	54	99007	7037685	71.06
1990-1999	2	0.00055	0.00055	0.5	98980	54	98953	6938678	70.10
1990-1999	3	0.00031	0.00031	0.5	98926	31	98911	6839725	69.14
1990-1999	4	0.00035	0.00035	0.5	98895	34	98878	6740814	68.16
1990-1999	5	0.00025	0.00025	0.5	98861	25	98848	6641936	67.18
1990-1999	6	0.00024	0.00024	0.5	98836	24	98824	6543088	66.20
1990-1999	7	0.00019	0.00019	0.5	98812	19	98803	6444264	65.22
1990-1999	8	0.00023	0.00023	0.5	98793	22	98782	6345461	64.23
1990-1999	9	0.00020	0.00020	0.5	98771	19	98761	6246679	63.24
1990-1999	10	0.00017	0.00017	0.5	98751	17	98743	6147918	62.26
1990-1999	11	0.00021	0.00021	0.5	98734	20	98724	6049175	61.27
1990-1999	12	0.00021	0.00021	0.5	98714	21	98703	5950451	60.28
1990-1999	13	0.00038	0.00038	0.5	98693	37	98674	5851748	59.29
1990-1999	14	0.00050	0.00050	0.5	98656	50	98631	5753074	58.31
1990-1999	15	0.00066	0.00066	0.5	98606	65	98574	5654443	57.34
1990-1999	16	0.00115	0.00115	0.5	98541	113	98484	5555869	56.38
1990-1999	17	0.00094	0.00094	0.5	98428	93	98381	5457385	55.45
1990-1999	18	0.00152	0.00152	0.5	98335	149	98260	5359004	54.50
1990-1999	19	0.00160	0.00160	0.5	98186	157	98107	5260744	53.58
1990-1999	20	0.00156	0.00155	0.5	98028	152	97952	5162637	52.66
1990-1999	21	0.00165	0.00165	0.5	97876	162	97795	5064685	51.75
1990-1999	22	0.00159	0.00159	0.5	97714	155	97636	4966890	50.83
1990-1999	23	0.00145	0.00145	0.5	97559	141	97488	4869253	49.91
1990-1999	24	0.00135	0.00135	0.5	97418	132	97352	4771765	48.98
1990-1999	25	0.00160	0.00160	0.5	97286	155	97208	4674413	48.05
1990-1999	26	0.00177	0.00177	0.5	97131	172	97045	4577205	47.12
1990-1999	27	0.00203	0.00203	0.5	96959	197	96861	4480160	46.21
1990-1999	28	0.00227	0.00227	0.5	96762	220	96653	4383299	45.30
1990-1999	29	0.00200	0.00199	0.5	96543	193	96446	4286647	44.40
1990-1999	30	0.00203	0.00202	0.5	96350	195	96253	4190200	43.49
1990-1999	31	0.00231	0.00231	0.5	96155	222	96044	4093948	42.58
1990-1999	32	0.00206	0.00206	0.5	95933	197	95834	3997904	41.67
1990-1999	33	0.00224	0.00223	0.5	95736	214	95629	3902069	40.76
1990-1999	34	0.00225	0.00225	0.5	95522	215	95414	3806441	39.85
1990-1999	35	0.00231	0.00230	0.5	95307	219	95197	3711026	38.94
1990-1999	36	0.00211	0.00210	0.5	95087	200	94987	3615829	38.03
1990-1999	37	0.00256	0.00256	0.5	94887	243	94766	3520842	37.11
1990-1999	38	0.00264	0.00263	0.5	94645	249	94520	3426076	36.20
1990-1999	39	0.00267	0.00267	0.5	94395	252	94269	3331556	35.29
1990-1999	40	0.00285	0.00285	0.5	94144	268	94010	3237287	34.39
1990-1999	41	0.00293	0.00293	0.5	93876	275	93738	3143277	33.48
1990-1999	42	0.00333	0.00333	0.5	93601	312	93445	3049539	32.58
1990-1999	43	0.00382	0.00382	0.5	93289	356	93111	2956094	31.69
1990-1999	44	0.00380	0.00379	0.5	92933	352	92757	2862983	30.81
1990-1999	45	0.00413	0.00412	0.5	92581	381	92390	2770226	29.92
1990-1999	46	0.00451	0.00450	0.5	92200	415	91992	2677836	29.04
1990-1999	47	0.00474	0.00473	0.5	91785	434	91568	2585843	28.17
1990-1999	48	0.00566	0.00564	0.5	91351	515	91094	2494275	27.30
1990-1999	49	0.00576	0.00574	0.5	90836	522	90575	2403181	26.46
1990-1999	50	0.00603	0.00601	0.5	90314	543	90043	2312606	25.61
1990-1999	51	0.00710	0.00708	0.5	89771	635	89454	2222563	24.76
1990-1999	52	0.00852	0.00848	0.5	89136	756	88758	2133110	23.93
1990-1999	53	0.00878	0.00874	0.5	88380	773	87993	2044352	23.13
1990-1999	54	0.00931	0.00927	0.5	87607	812	87201	1956358	22.33
1990-1999	55	0.01076	0.01070	0.5	86795	929	86331	1869157	21.54
1990-1999	56	0.01118	0.01112	0.5	85866	954	85389	1782827	20.76
1990-1999	57	0.01233	0.01225	0.5	84912	1040	84391	1697438	19.99
1990-1999	58	0.01441	0.01430	0.5	83871	1200	83272	1613046	19.23
1990-1999	59	0.01502	0.01491	0.5	82672	1232	82055	1529775	18.50
1990-1999	60	0.01765	0.01750	0.5	81439	1425	80727	1447719	17.78
1990-1999	61	0.01791	0.01775	0.5	80014	1420	79304	1366992	17.08
1990-1999	62	0.02026	0.02006	0.5	78594	1577	77806	1287688	16.38
1990-1999	63	0.02140	0.02117	0.5	77017	1631	76202	1209882	15.71
1990-1999	64	0.02302	0.02276	0.5	75387	1716	74529	1133680	15.04
1990-1999	65	0.02564	0.02531	0.5	73671	1865	72739	1059152	14.38
1990-1999	66	0.02880	0.02839	0.5	71806	2039	70787	986413	13.74
1990-1999	67	0.03224	0.03173	0.5	69768	2214	68661	915626	13.12
1990-1999	68	0.03469	0.03410	0.5	67554	2303	66402	846965	12.54
1990-1999	69	0.03749	0.03680	0.5	65251	2401	64050	780563	11.96
1990-1999	70	0.03980	0.03902	0.5	62850	2453	61623	716513	11.40
1990-1999	71	0.04527	0.04427	0.5	60397	2674	59060	654889	10.84
1990-1999	72	0.04661	0.04555	0.5	57724	2629	56409	595829	10.32
1990-1999	73	0.05222	0.05089	0.5	55094	2804	53692	539420	9.79
1990-1999	74	0.05595	0.05443	0.5	52290	2846	50867	485728	9.29
1990-1999	75	0.06172	0.05987	0.5	49444	2960	47964	434861	8.80
1990-1999	76	0.06580	0.06370	0.5	46484	2961	45003	386897	8.32
1990-1999	77	0.07260	0.07006	0.5	43523	3049	41998	341893	7.86
1990-1999	78	0.08081	0.07767	0.5	40474	3144	38902	299895	7.41
1990-1999	79	0.08672	0.08312	0.5	37330	3103	35778	260993	6.99
1990-1999	80	0.09553	0.09118	0.5	34227	3121	32667	225215	6.58
1990-1999	81	0.10524	0.09998	0.5	31106	3110	29551	192548	6.19
1990-1999	82	0.11741	0.11090	0.5	27996	3105	26444	162997	5.82
1990-1999	83	0.13128	0.12320	0.5	24892	3067	23358	136553	5.49
1990-1999	84	0.13988	0.13074	0.5	21825	2853	20398	113195	5.19
1990-1999	85	0.14945	0.13906	0.5	18972	2638	17653	92796	4.89
1990-1999	86	0.16388	0.15147	0.5	16333	2474	15096	75144	4.60
1990-1999	87	0.18309	0.16774	0.5	13859	2325	12697	60047	4.33
1990-1999	88	0.18726	0.17123	0.5	11535	1975	10547	47350	4.10
1990-1999	89	0.21149	0.19126	0.5	9560	1828	8645	36803	3.85
1990-1999	90	0.22428	0.20167	0.5	7731	1559	6952	28157	3.64
1990-1999	91	0.24180	0.21572	0.5	6172	1331	5506	21206	3.44
1990-1999	92	0.26023	0.23027	0.5	4841	1115	4283	15699	3.24
1990-1999	93	0.27955	0.24526	0.5	3726	914	3269	11416	3.06
1990-1999	94	0.29971	0.26065	0.5	2812	733	2446	8147	2.90
1990-1999	95	0.32069	0.27637	0.5	2079	575	1792	5701	2.74
1990-1999	96	0.34241	0.29236	0.5	1505	440	1285	3909	2.60
1990-1999	97	0.36482	0.30854	0.5	1065	328	900	2625	2.47
1990-1999	98	0.38783	0.32484	0.5	736	239	617	1724	2.34
1990-1999	99	0.41134	0.34117	0.5	497	170	412	1108	2.23
1990-1999	100	0.43528	0.35748	0.5	327	117	269	696	2.12
1990-1999	101	0.45951	0.37366	0.5	210	79	171	427	2.03
1990-1999	102	0.48394	0.38966	0.5	132	51	106	256	1.94
1990-1999	103	0.50845	0.40539	0.5	80	33	64	149	1.86
1990-1999	104	0.53291	0.42079	0.5	48	20	38	85	1.78
1990-1999	105	0.55722	0.43580	0.5	28	12	22	48	1.71
1990-1999	106	0.58126	0.45037	0.5	16	7	12	26	1.65
1990-1999	107	0.60492	0.46444	0.5	9	4	7	14	1.60
1990-1999	108	0.62809	0.47798	0.5	5	2	4	7	1.55
1990-1999	109	0.65070	0.49096	0.5	2	1	2	4	1.51
1990-1999	110+	0.67264	1.00000	1.49	1	1	2	2	1.49
2000-2009	0	0.00846	0.00839	0.07	100000	839	99218	7236114	72.36
2000-2009	1	0.00047	0.00047	0.5	99161	46	99138	7136896	71.97
2000-2009	2	0.00038	0.00038	0.5	99115	38	99096	7037758	71.01
2000-2009	3	0.00033	0.00033	0.5	99077	32	99061	6938662	70.03
2000-2009	4	0.00025	0.00025	0.5	99045	24	99032	6839601	69.06
2000-2009	5	0.00026	0.00026	0.5	99020	26	99007	6740569	68.07
2000-2009	6	0.00019	0.00019	0.5	98995	19	98985	6641561	67.09
2000-2009	7	0.00024	0.00024	0.5	98976	24	98964	6542576	66.10
2000-2009	8	0.00021	0.00021	0.5	98952	21	98942	6443612	65.12
2000-2009	9	0.00019	0.00019	0.5	98931	19	98922	6344670	64.13
2000-2009	10	0.00020	0.00020	0.5	98912	20	98902	6245749	63.14
2000-2009	11	0.00019	0.00019	0.5	98893	19	98883	6146846	62.16
2000-2009	12	0.00022	0.00022	0.5	98874	22	98863	6047963	61.17
2000-2009	13	0.00031	0.00031	0.5	98852	31	98836	5949100	60.18
2000-2009	14	0.00044	0.00044	0.5	98820	43	98799	5850264	59.20
2000-2009	15	0.00052	0.00052	0.5	98777	52	98751	5751466	58.23
2000-2009	16	0.00077	0.00077	0.5	98725	76	98687	5652714	57.26
2000-2009	17	0.00088	0.00088	0.5	98649	86	98606	5554027	56.30
2000-2009	18	0.00139	0.00139	0.5	98563	137	98495	5455421	55.35
2000-2009	19	0.00172	0.00172	0.5	98426	169	98342	5356926	54.43
2000-2009	20	0.00155	0.00155	0.5	98257	153	98181	5258585	53.52
2000-2009	21	0.00178	0.00178	0.5	98105	174	98018	5160403	52.60
2000-2009	22	0.00195	0.00194	0.5	97930	190	97835	5062386	51.69
2000-2009	23	0.00162	0.00162	0.5	97740	158	97661	4964551	50.79
2000-2009	24	0.00194	0.00194	0.5	97582	190	97487	4866890	49.88
2000-2009	25	0.00203	0.00203	0.5	97392	198	97293	4769403	48.97
2000-2009	26	0.00189	0.00188	0.5	97194	183	97103	4672110	48.07
2000-2009	27	0.00181	0.00180	0.5	97011	175	96924	4575007	47.16
2000-2009	28	0.00197	0.00197	0.5	96836	191	96741	4478083	46.24
2000-2009	29	0.00195	0.00195	0.5	96645	188	96551	4381342	45.33
2000-2009	30	0.00203	0.00203	0.5	96457	196	96359	4284791	44.42
2000-2009	31	0.00225	0.00224	0.5	96261	216	96153	4188432	43.51
2000-2009	32	0.00209	0.00209	0.5	96045	201	95945	4092279	42.61
2000-2009	33	0.00227	0.00226	0.5	95845	217	95736	3996334	41.70
2000-2009	34	0.00223	0.00223	0.5	95628	213	95521	3900598	40.79
2000-2009	35	0.00244	0.00244	0.5	95414	233	95298	3805077	39.88
2000-2009	36	0.00286	0.00285	0.5	95182	272	95046	3709779	38.98
2000-2009	37	0.00289	0.00289	0.5	94910	274	94773	3614733	38.09
2000-2009	38	0.00296	0.00296	0.5	94636	280	94496	3519960	37.19
2000-2009	39	0.00337	0.00336	0.5	94356	317	94197	3425464	36.30
2000-2009	40	0.00339	0.00338	0.5	94039	318	93880	3331266	35.42
2000-2009	41	0.00384	0.00383	0.5	93721	359	93541	3237386	34.54
2000-2009	42	0.00417	0.00416	0.5	93361	389	93167	3143845	33.67
2000-2009	43	0.00463	0.00462	0.5	92973	430	92758	3050678	32.81
2000-2009	44	0.00472	0.00471	0.5	92543	436	92325	2957920	31.96
2000-2009	45	0.00516	0.00514	0.5	92107	474	91870	2865595	31.11
2000-2009	46	0.00550	0.00549	0.5	91634	503	91382	2773725	30.27
2000-2009	47	0.00566	0.00564	0.5	91131	514	90874	2682343	29.43
2000-2009	48	0.00608	0.00606	0.5	90617	549	90342	2591469	28.60
2000-2009	49	0.00615	0.00613	0.5	90067	553	89791	2501127	27.77
2000-2009	50	0.00708	0.00705	0.5	89515	631	89199	2411336	26.94
2000-2009	51	0.00747	0.00744	0.5	88883	661	88552	2322137	26.13
2000-2009	52	0.00782	0.00779	0.5	88222	687	87878	2233585	25.32
2000-2009	53	0.00827	0.00824	0.5	87535	721	87174	2145707	24.51
2000-2009	54	0.00891	0.00887	0.5	86814	770	86429	2058532	23.71
2000-2009	55	0.00942	0.00937	0.5	86044	806	85641	1972103	22.92
2000-2009	56	0.01037	0.01032	0.5	85237	879	84798	1886463	22.13
2000-2009	57	0.01132	0.01125	0.5	84358	949	83884	1801665	21.36
2000-2009	58	0.01250	0.01243	0.5	83409	1036	82891	1717781	20.59
2000-2009	59	0.01287	0.01278	0.5	82372	1053	81846	1634891	19.85
2000-2009	60	0.01462	0.01452	0.5	81319	1180	80729	1553045	19.10
2000-2009	61	0.01479	0.01468	0.5	80139	1177	79551	1472315	18.37
2000-2009	62	0.01738	0.01723	0.5	78962	1360	78282	1392765	17.64
2000-2009	63	0.01783	0.01767	0.5	77602	1371	76916	1314483	16.94
2000-2009	64	0.01932	0.01914	0.5	76230	1459	75501	1237567	16.23
2000-2009	65	0.02239	0.02214	0.5	74771	1656	73944	1162066	15.54
2000-2009	66	0.02305	0.02279	0.5	73116	1666	72283	1088122	14.88
2000-2009	67	0.02526	0.02494	0.5	71450	1782	70559	1015839	14.22
2000-2009	68	0.02789	0.02751	0.5	69668	1916	68709	945281	13.57
2000-2009	69	0.02953	0.02910	0.5	67751	1971	66766	876571	12.94
2000-2009	70	0.03242	0.03190	0.5	65780	2098	64731	809806	12.31
2000-2009	71	0.03483	0.03424	0.5	63681	2180	62591	745075	11.70
2000-2009	72	0.03927	0.03851	0.5	61501	2369	60317	682484	11.10
2000-2009	73	0.04081	0.04000	0.5	59133	2365	57950	622167	10.52
2000-2009	74	0.04743	0.04633	0.5	56768	2630	55453	564217	9.94
2000-2009	75	0.04994	0.04873	0.5	54137	2638	52818	508764	9.40
2000-2009	76	0.05596	0.05444	0.5	51500	2804	50098	455946	8.85
2000-2009	77	0.06016	0.05840	0.5	48696	2844	47274	405848	8.33
2000-2009	78	0.06877	0.06648	0.5	45852	3048	44328	358574	7.82
2000-2009	79	0.07525	0.07252	0.5	42804	3104	41251	314246	7.34
2000-2009	80	0.08613	0.08257	0.5	39699	3278	38060	272995	6.88
2000-2009	81	0.09733	0.09282	0.5	36421	3381	34731	234934	6.45
2000-2009	82	0.10047	0.09566	0.5	33041	3161	31461	200203	6.06
2000-2009	83	0.11336	0.10728	0.5	29880	3206	28277	168743	5.65
2000-2009	84	0.12742	0.11978	0.5	26675	3195	25077	140465	5.27
2000-2009	85	0.14171	0.13233	0.5	23479	3107	21926	115388	4.91
2000-2009	86	0.15467	0.14357	0.5	20372	2925	18910	93462	4.59
2000-2009	87	0.17438	0.16040	0.5	17448	2799	16048	74552	4.27
2000-2009	88	0.19159	0.17484	0.5	14649	2561	13368	58504	3.99
2000-2009	89	0.20911	0.18931	0.5	12088	2288	10944	45136	3.73
2000-2009	90	0.22912	0.20557	0.5	9799	2014	8792	34192	3.49
2000-2009	91	0.25044	0.22257	0.5	7785	1733	6919	25400	3.26
2000-2009	92	0.27304	0.24025	0.5	6052	1454	5325	18481	3.05
2000-2009	93	0.29688	0.25851	0.5	4598	1189	4004	13156	2.86
2000-2009	94	0.32187	0.27725	0.5	3410	945	2937	9152	2.68
2000-2009	95	0.34793	0.29637	0.5	2464	730	2099	6215	2.52
2000-2009	96	0.37493	0.31574	0.5	1734	547	1460	4116	2.37
2000-2009	97	0.40273	0.33523	0.5	1186	398	988	2656	2.24
2000-2009	98	0.43117	0.35470	0.5	789	280	649	1668	2.12
2000-2009	99	0.46007	0.37403	0.5	509	190	414	1020	2.00
2000-2009	100	0.48925	0.39309	0.5	319	125	256	606	1.90
2000-2009	101	0.51849	0.41175	0.5	193	80	154	350	1.81
2000-2009	102	0.54761	0.42990	0.5	114	49	89	196	1.73
2000-2009	103	0.57641	0.44745	0.5	65	29	50	107	1.65
2000-2009	104	0.60470	0.46431	0.5	36	17	28	57	1.58
2000-2009	105	0.63230	0.48042	0.5	19	9	15	29	1.52
2000-2009	106	0.65907	0.49571	0.5	10	5	8	15	1.47
2000-2009	107	0.68485	0.51016	0.5	5	3	4	7	1.42
2000-2009	108	0.70955	0.52374	0.5	2	1	2	3	1.38
2000-2009	109	0.73306	0.53644	0.5	1	1	1	2	1.35
2000-2009	110+	0.75533	1.00000	1.32	1	1	1	1	1.32
2010-2019	0	0.00794	0.00789	0.07	100000	789	99264	7248642	72.49
2010-2019	1	0.00056	0.00056	0.5	99211	56	99184	7149379	72.06
2010-2019	2	0.00038	0.00038	0.5	99156	37	99137	7050195	71.10
2010-2019	3	0.00030	0.00030	0.5	99118	30	99104	6951058	70.13
2010-2019	4	0.00015	0.00015	0.5	99089	15	99081	6851954	69.15
2010-2019	5	0.00025	0.00025	0.5	99074	25	99061	6752873	68.16
2010-2019	6	0.00012	0.00012	0.5	99048	12	99042	6653812	67.18
2010-2019	7	0.00017	0.00017	0.5	99036	17	99028	6554770	66.19
2010-2019	8	0.00024	0.00024	0.5	99020	24	99008	6455742	65.20
2010-2019	9	0.00014	0.00014	0.5	98996	14	98989	6356734	64.21
2010-2019	10	0.00017	0.00017	0.5	98982	16	98974	6257746	63.22
2010-2019	11	0.00017	0.00017	0.5	98965	16	98957	6158772	62.23
2010-2019	12	0.00017	0.00017	0.5	98949	17	98940	6059815	61.24
2010-2019	13	0.00028	0.00028	0.5	98932	28	98918	5960875	60.25
2010-2019	14	0.00027	0.00027	0.5	98904	27	98890	5861957	59.27
2010-2019	15	0.00055	0.00055	0.5	98877	54	98850	5763067	58.29
2010-2019	16	0.00058	0.00058	0.5	98822	57	98794	5664217	57.32
2010-2019	17	0.00057	0.00057	0.5	98765	56	98737	5565423	56.35
2010-2019	18	0.00091	0.00091	0.5	98709	90	98664	5466686	55.38
2010-2019	19	0.00118	0.00118	0.5	98619	116	98561	5368022	54.43
2010-2019	20	0.00139	0.00139	0.5	98503	137	98434	5269461	53.50
2010-2019	21	0.00144	0.00144	0.5	98366	141	98295	5171027	52.57
2010-2019	22	0.00163	0.00163	0.5	98224	160	98144	5072732	51.64
2010-2019	23	0.00160	0.00159	0.5	98065	156	97986	4974588	50.73
2010-2019	24	0.00211	0.00210	0.5	97908	206	97805	4876601	49.81
2010-2019	25	0.00203	0.00203	0.5	97702	198	97603	4778796	48.91
2010-2019	26	0.00226	0.00226	0.5	97504	220	97394	4681193	48.01
2010-2019	27	0.00227	0.00227	0.5	97284	221	97173	4583799	47.12
2010-2019	28	0.00232	0.00232	0.5	97063	225	96950	4486625	46.22
2010-2019	29	0.00245	0.00245	0.5	96838	237	96719	4389675	45.33
2010-2019	30	0.00315	0.00315	0.5	96601	304	96449	4292956	44.44
2010-2019	31	0.00308	0.00307	0.5	96297	296	96149	4196507	43.58
2010-2019	32	0.00285	0.00284	0.5	96001	273	95864	4100358	42.71
2010-2019	33	0.00348	0.00348	0.5	95728	333	95562	4004494	41.83
2010-2019	34	0.00327	0.00327	0.5	95395	312	95239	3908932	40.98
2010-2019	35	0.00375	0.00374	0.5	95084	356	94906	3813693	40.11
2010-2019	36	0.00338	0.00337	0.5	94728	320	94568	3718787	39.26
2010-2019	37	0.00390	0.00389	0.5	94408	368	94224	3624220	38.39
2010-2019	38	0.00384	0.00383	0.5	94040	361	93860	3529995	37.54
2010-2019	39	0.00370	0.00369	0.5	93680	346	93507	3436135	36.68
2010-2019	40	0.00408	0.00408	0.5	93334	380	93144	3342628	35.81
2010-2019	41	0.00454	0.00453	0.5	92954	421	92743	3249485	34.96
2010-2019	42	0.00451	0.00450	0.5	92532	416	92324	3156742	34.11
2010-2019	43	0.00455	0.00454	0.5	92116	418	91907	3064417	33.27
2010-2019	44	0.00463	0.00462	0.5	91698	423	91486	2972511	32.42
2010-2019	45	0.00550	0.00548	0.5	91274	500	91024	2881025	31.56
2010-2019	46	0.00555	0.00554	0.5	90774	503	90522	2790001	30.74
2010-2019	47	0.00564	0.00562	0.5	90271	508	90017	2699479	29.90
2010-2019	48	0.00692	0.00690	0.5	89763	619	89454	2609461	29.07
2010-2019	49	0.00735	0.00732	0.5	89145	653	88818	2520007	28.27
2010-2019	50	0.00767	0.00764	0.5	88492	676	88154	2431189	27.47
2010-2019	51	0.00825	0.00822	0.5	87816	722	87455	2343035	26.68
2010-2019	52	0.00893	0.00889	0.5	87094	775	86706	2255581	25.90
2010-2019	53	0.00944	0.00940	0.5	86319	811	85913	2168874	25.13
2010-2019	54	0.01058	0.01053	0.5	85508	900	85058	2082961	24.36
2010-2019	55	0.01118	0.01111	0.5	84608	940	84138	1997903	23.61
2010-2019	56	0.01196	0.01189	0.5	83667	995	83170	1913765	22.87
2010-2019	57	0.01263	0.01255	0.5	82672	1037	82154	1830596	22.14
2010-2019	58	0.01357	0.01348	0.5	81635	1100	81085	1748442	21.42
2010-2019	59	0.01478	0.01467	0.5	80535	1181	79944	1667357	20.70
2010-2019	60	0.01559	0.01546	0.5	79354	1227	78740	1587413	20.00
2010-2019	61	0.01622	0.01609	0.5	78126	1257	77498	1508673	19.31
2010-2019	62	0.01712	0.01697	0.5	76870	1305	76217	1431175	18.62
2010-2019	63	0.01768	0.01753	0.5	75565	1324	74903	1354957	17.93
2010-2019	64	0.01878	0.01861	0.5	74241	1381	73550	1280055	17.24
2010-2019	65	0.02097	0.02075	0.5	72859	1512	72103	1206505	16.56
2010-2019	66	0.02200	0.02177	0.5	71347	1553	70571	1134402	15.90
2010-2019	67	0.02263	0.02237	0.5	69794	1562	69013	1063831	15.24
2010-2019	68	0.02520	0.02489	0.5	68233	1698	67383	994818	14.58
2010-2019	69	0.02649	0.02614	0.5	66534	1739	65665	927434	13.94
2010-2019	70	0.02906	0.02864	0.5	64795	1856	63867	861770	13.30
2010-2019	71	0.03147	0.03099	0.5	62939	1950	61964	797903	12.68
2010-2019	72	0.03456	0.03397	0.5	60989	2072	59953	735939	12.07
2010-2019	73	0.03758	0.03689	0.5	58917	2173	57830	675986	11.47
2010-2019	74	0.04041	0.03961	0.5	56744	2247	55620	618156	10.89
2010-2019	75	0.04358	0.04265	0.5	54496	2324	53334	562536	10.32
2010-2019	76	0.05068	0.04942	0.5	52172	2579	50883	509201	9.76
2010-2019	77	0.05325	0.05187	0.5	49594	2573	48307	458318	9.24
2010-2019	78	0.05761	0.05600	0.5	47021	2633	45705	410011	8.72
2010-2019	79	0.06502	0.06298	0.5	44388	2795	42990	364306	8.21
2010-2019	80	0.06914	0.06683	0.5	41593	2780	40203	321316	7.73
2010-2019	81	0.07812	0.07518	0.5	38813	2918	37354	281113	7.24
2010-2019	82	0.08541	0.08191	0.5	35895	2940	34425	243759	6.79
2010-2019	83	0.09123	0.08725	0.5	32955	2875	31517	209334	6.35
2010-2019	84	0.10180	0.09687	0.5	30079	2914	28622	177817	5.91
2010-2019	85	0.11354	0.10744	0.5	27165	2919	25706	149195	5.49
2010-2019	86	0.13070	0.12268	0.5	24247	2975	22759	123489	5.09
2010-2019	87	0.14552	0.13565	0.5	21272	2885	19829	100729	4.74
2010-2019	88	0.16419	0.15173	0.5	18387	2790	16992	80900	4.40
2010-2019	89	0.17212	0.15848	0.5	15597	2472	14361	63908	4.10
2010-2019	90	0.20187	0.18336	0.5	13125	2407	11922	49547	3.78
2010-2019	91	0.22315	0.20075	0.5	10718	2152	9643	37626	3.51
2010-2019	92	0.24598	0.21904	0.5	8567	1876	7628	27983	3.27
2010-2019	93	0.27034	0.23815	0.5	6690	1593	5894	20355	3.04
2010-2019	94	0.29617	0.25797	0.5	5097	1315	4440	14461	2.84
2010-2019	95	0.32336	0.27836	0.5	3782	1053	3256	10022	2.65
2010-2019	96	0.35181	0.29918	0.5	2729	817	2321	6766	2.48
2010-2019	97	0.38135	0.32028	0.5	1913	613	1606	4445	2.32
2010-2019	98	0.41179	0.34148	0.5	1300	444	1078	2839	2.18
2010-2019	99	0.44292	0.36262	0.5	856	310	701	1760	2.06
2010-2019	100	0.47451	0.38352	0.5	546	209	441	1060	1.94
2010-2019	101	0.50630	0.40402	0.5	336	136	268	618	1.84
2010-2019	102	0.53805	0.42399	0.5	200	85	158	350	1.75
2010-2019	103	0.56948	0.44327	0.5	115	51	90	192	1.66
2010-2019	104	0.60037	0.46176	0.5	64	30	49	102	1.59
2010-2019	105	0.63048	0.47936	0.5	35	17	26	53	1.52
2010-2019	106	0.65961	0.49602	0.5	18	9	14	26	1.46
2010-2019	107	0.68757	0.51167	0.5	9	5	7	13	1.41
2010-2019	108	0.71424	0.52629	0.5	4	2	3	6	1.37
2010-2019	109	0.73949	0.53987	0.5	2	1	2	3	1.33
2010-2019	110+	0.76325	1.00000	1.31	1	1	1	1	1.31
