WY: Wyoming, Lifetables (period 5x1), Both sexes Last modified: 20 Dec 2020, MPv5 (May07) 

Year	Age	mx	qx	ax	lx	dx	Lx	Tx	ex
1959	0	0.02680	0.02619	0.12	100000	2619	97704	7001458	70.01
1959	1-4	0.00127	0.00506	1.43	97381	493	388257	6903754	70.89
1959	5-9	0.00058	0.00290	1.96	96888	281	483588	6515497	67.25
1959	10-14	0.00059	0.00293	2.99	96607	283	482469	6031910	62.44
1959	15-19	0.00174	0.00864	2.84	96325	833	479822	5549441	57.61
1959	20-24	0.00198	0.00985	2.18	95492	940	474807	5069619	53.09
1959	25-29	0.00150	0.00749	2.69	94552	708	471128	4594812	48.60
1959	30-34	0.00217	0.01081	2.52	93844	1014	466707	4123684	43.94
1959	35-39	0.00206	0.01027	2.5	92830	953	461761	3656977	39.39
1959	40-44	0.00285	0.01414	2.56	91876	1299	456215	3195215	34.78
1959	45-49	0.00539	0.02667	2.88	90577	2415	447760	2739000	30.24
1959	50-54	0.00851	0.04177	2.76	88162	3683	432572	2291240	25.99
1959	55-59	0.01133	0.05516	2.59	84479	4660	411184	1858668	22.00
1959	60-64	0.01701	0.08185	2.71	79819	6533	384122	1447485	18.13
1959	65-69	0.03104	0.14461	2.64	73286	10598	341386	1063362	14.51
1959	70-74	0.04291	0.19445	2.59	62688	12190	284094	721977	11.52
1959	75-79	0.07607	0.32164	2.6	50498	16242	213529	437882	8.67
1959	80-84	0.11219	0.43690	2.47	34256	14966	133407	224354	6.55
1959	85-89	0.17886	0.60446	2.32	19289	11660	65187	90947	4.71
1959	90-94	0.27310	0.76279	2.11	7630	5820	21310	25760	3.38
1959	95-99	0.39362	0.87834	1.85	1810	1590	4039	4449	2.46
1959	100-104	0.53000	0.94327	1.59	220	208	392	411	1.86
1959	105-109	0.66405	0.97319	1.37	12	12	18	19	1.50
1959	110+	0.76404	1.00000	1.31	0	0	0	0	1.31
1960	0	0.02912	0.02840	0.13	100000	2840	97528	6916633	69.17
1960	1-4	0.00117	0.00468	1.48	97160	455	387491	6819105	70.18
1960	5-9	0.00060	0.00300	2.34	96705	290	482754	6431614	66.51
1960	10-14	0.00066	0.00331	3.36	96415	319	481550	5948860	61.70
1960	15-19	0.00149	0.00743	2.83	96095	714	478929	5467310	56.89
1960	20-24	0.00269	0.01335	2.31	95381	1273	473476	4988381	52.30
1960	25-29	0.00154	0.00766	2.5	94108	721	468733	4514905	47.98
1960	30-34	0.00228	0.01135	2.32	93387	1060	464090	4046172	43.33
1960	35-39	0.00327	0.01624	2.58	92327	1499	458003	3582081	38.80
1960	40-44	0.00391	0.01938	2.74	90827	1760	450161	3124079	34.40
1960	45-49	0.00501	0.02479	2.82	89067	2208	440528	2673917	30.02
1960	50-54	0.00797	0.03909	2.56	86859	3396	426026	2233389	25.71
1960	55-59	0.01473	0.07112	2.59	83463	5936	403032	1807362	21.65
1960	60-64	0.01916	0.09169	2.67	77527	7109	371063	1404330	18.11
1960	65-69	0.02677	0.12595	2.66	70418	8869	331294	1033267	14.67
1960	70-74	0.04713	0.21058	2.48	61549	12961	275030	701974	11.41
1960	75-79	0.07049	0.29763	2.39	48588	14461	205163	426943	8.79
1960	80-84	0.11788	0.45214	2.42	34127	15430	130893	221780	6.50
1960	85-89	0.17495	0.59431	2.3	18697	11112	63514	90887	4.86
1960	90-94	0.25406	0.73473	2.13	7585	5573	21935	27373	3.61
1960	95-99	0.35533	0.84753	1.91	2012	1705	4799	5438	2.70
1960	100-104	0.47228	0.92016	1.68	307	282	598	639	2.08
1960	105-109	0.59251	0.95906	1.47	24	23	40	41	1.68
1960	110+	0.68641	1.00000	1.46	1	1	1	1	1.46
1961	0	0.02797	0.02731	0.13	100000	2731	97614	7058066	70.58
1961	1-4	0.00103	0.00409	1.29	97269	398	388001	6960452	71.56
1961	5-9	0.00062	0.00307	2.44	96871	298	483594	6572452	67.85
1961	10-14	0.00048	0.00239	2.61	96574	231	482317	6088857	63.05
1961	15-19	0.00134	0.00668	2.62	96343	643	480180	5606540	58.19
1961	20-24	0.00178	0.00888	2.29	95700	850	476195	5126360	53.57
1961	25-29	0.00137	0.00681	2.69	94850	646	472754	4650165	49.03
1961	30-34	0.00160	0.00795	2.44	94204	749	469102	4177411	44.34
1961	35-39	0.00185	0.00923	2.71	93455	863	465300	3708308	39.68
1961	40-44	0.00354	0.01759	2.95	92592	1629	459620	3243009	35.02
1961	45-49	0.00507	0.02504	2.72	90963	2278	449624	2783388	30.60
1961	50-54	0.00800	0.03927	2.64	88685	3483	435201	2333765	26.32
1961	55-59	0.01144	0.05560	2.48	85203	4737	414074	1898564	22.28
1961	60-64	0.01874	0.08957	2.55	80466	7208	384684	1484490	18.45
1961	65-69	0.02719	0.12770	2.63	73258	9355	344103	1099806	15.01
1961	70-74	0.04325	0.19531	2.52	63903	12481	288597	755702	11.83
1961	75-79	0.06938	0.29832	2.65	51422	15340	221116	467106	9.08
1961	80-84	0.11143	0.43322	2.43	36082	15631	140278	245990	6.82
1961	85-89	0.16290	0.56699	2.32	20450	11595	71181	105711	5.17
1961	90-94	0.23255	0.70106	2.17	8855	6208	26696	34531	3.90
1961	95-99	0.32143	0.81529	1.98	2647	2158	6714	7834	2.96
1961	100-104	0.42670	0.89648	1.77	489	438	1027	1120	2.29
1961	105-109	0.54068	0.94504	1.56	51	48	88	93	1.83
1961	110+	0.63393	1.00000	1.58	3	3	4	4	1.58
1962	0	0.03019	0.02942	0.13	100000	2942	97445	7014799	70.15
1962	1-4	0.00115	0.00461	1.67	97058	447	387193	6917354	71.27
1962	5-9	0.00044	0.00218	2.69	96611	210	482571	6530160	67.59
1962	10-14	0.00075	0.00372	2.89	96401	359	481248	6047589	62.73
1962	15-19	0.00141	0.00704	2.36	96042	677	478421	5566341	57.96
1962	20-24	0.00188	0.00936	2.78	95365	893	474847	5087920	53.35
1962	25-29	0.00149	0.00743	2.75	94473	702	470781	4613073	48.83
1962	30-34	0.00214	0.01065	2.6	93770	999	466456	4142292	44.17
1962	35-39	0.00230	0.01145	3.01	92772	1062	461749	3675836	39.62
1962	40-44	0.00370	0.01835	2.5	91710	1683	454342	3214088	35.05
1962	45-49	0.00517	0.02552	2.58	90027	2298	444564	2759746	30.65
1962	50-54	0.00742	0.03641	2.48	87729	3194	430599	2315182	26.39
1962	55-59	0.01065	0.05193	2.6	84535	4390	412134	1884583	22.29
1962	60-64	0.01822	0.08736	2.64	80146	7001	384231	1472450	18.37
1962	65-69	0.03131	0.14567	2.62	73144	10655	340323	1088218	14.88
1962	70-74	0.04457	0.20045	2.49	62490	12526	281030	747895	11.97
1962	75-79	0.06553	0.28314	2.6	49964	14147	215894	466865	9.34
1962	80-84	0.10352	0.41037	2.48	35817	14698	141977	250971	7.01
1962	85-89	0.16050	0.56276	2.35	21119	11885	74048	108995	5.16
1962	90-94	0.23937	0.71329	2.17	9234	6587	27516	34946	3.78
1962	95-99	0.34032	0.83469	1.95	2647	2210	6493	7431	2.81
1962	100-104	0.45809	0.91385	1.71	438	400	873	937	2.14
1962	105-109	0.58173	0.95677	1.49	38	36	62	64	1.71
1962	110+	0.68033	1.00000	1.47	2	2	2	2	1.47
1963	0	0.02861	0.02791	0.13	100000	2791	97567	6980560	69.81
1963	1-4	0.00105	0.00417	1.37	97209	405	387771	6882994	70.81
1963	5-9	0.00046	0.00231	2.28	96804	223	483410	6495222	67.10
1963	10-14	0.00049	0.00247	2.6	96580	239	482327	6011812	62.25
1963	15-19	0.00174	0.00869	2.91	96342	837	479958	5529485	57.39
1963	20-24	0.00180	0.00896	2.21	95505	856	475133	5049527	52.87
1963	25-29	0.00183	0.00913	2.7	94649	864	471255	4574395	48.33
1963	30-34	0.00211	0.01051	2.64	93784	986	466600	4103139	43.75
1963	35-39	0.00305	0.01514	2.56	92799	1405	460568	3636539	39.19
1963	40-44	0.00424	0.02100	2.6	91393	1920	452356	3175971	34.75
1963	45-49	0.00548	0.02709	2.79	89474	2424	442015	2723615	30.44
1963	50-54	0.00877	0.04300	2.71	87050	3743	426695	2281599	26.21
1963	55-59	0.01358	0.06583	2.7	83307	5484	403900	1854904	22.27
1963	60-64	0.01907	0.09115	2.57	77822	7094	371897	1451004	18.65
1963	65-69	0.02646	0.12450	2.62	70729	8806	332728	1079107	15.26
1963	70-74	0.04508	0.20383	2.65	61923	12622	279994	746378	12.05
1963	75-79	0.06140	0.26515	2.43	49301	13072	212892	466384	9.46
1963	80-84	0.10595	0.41733	2.46	36229	15119	142709	253493	7.00
1963	85-89	0.15918	0.55886	2.34	21110	11797	74115	110784	5.25
1963	90-94	0.23004	0.69714	2.17	9312	6492	28220	36669	3.94
1963	95-99	0.31762	0.81099	1.98	2820	2287	7201	8449	3.00
1963	100-104	0.41749	0.89032	1.78	533	475	1137	1248	2.34
1963	105-109	0.52256	0.93847	1.59	58	55	105	111	1.90
1963	110+	0.60710	1.00000	1.65	4	4	6	6	1.65
1964	0	0.02916	0.02843	0.13	100000	2843	97524	6999841	70.00
1964	1-4	0.00137	0.00548	1.61	97157	533	387356	6902317	71.04
1964	5-9	0.00075	0.00373	1.78	96624	360	481959	6514961	67.43
1964	10-14	0.00056	0.00279	3.01	96264	268	480783	6033002	62.67
1964	15-19	0.00175	0.00874	2.76	95995	839	478102	5552219	57.84
1964	20-24	0.00166	0.00827	2.61	95157	787	473899	5074116	53.32
1964	25-29	0.00217	0.01081	2.79	94370	1020	469593	4600217	48.75
1964	30-34	0.00179	0.00892	2.33	93349	833	464527	4130625	44.25
1964	35-39	0.00216	0.01074	2.6	92517	994	460194	3666097	39.63
1964	40-44	0.00360	0.01788	2.98	91523	1637	454310	3205903	35.03
1964	45-49	0.00482	0.02383	2.59	89886	2142	444261	2751593	30.61
1964	50-54	0.00842	0.04132	2.77	87744	3625	430639	2307332	26.30
1964	55-59	0.01121	0.05451	2.52	84119	4586	409199	1876693	22.31
1964	60-64	0.02002	0.09567	2.69	79533	7609	380113	1467495	18.45
1964	65-69	0.02805	0.13124	2.55	71924	9439	336514	1087382	15.12
1964	70-74	0.03957	0.18077	2.61	62485	11295	285445	750868	12.02
1964	75-79	0.07066	0.30115	2.55	51189	15416	218169	465423	9.09
1964	80-84	0.09921	0.39837	2.53	35774	14251	143654	247254	6.91
1964	85-89	0.17060	0.58842	2.36	21522	12664	74232	103600	4.81
1964	90-94	0.27704	0.77026	2.12	8858	6823	24629	29368	3.32
1964	95-99	0.41680	0.89510	1.81	2035	1822	4371	4739	2.33
1964	100-104	0.57364	0.95667	1.52	213	204	356	369	1.73
1964	105-109	0.72015	0.98086	1.29	9	9	13	13	1.39
1964	110+	0.82180	1.00000	1.22	0	0	0	0	1.22
1965	0	0.02163	0.02123	0.11	100000	2123	98111	7076998	70.77
1965	1-4	0.00110	0.00438	1.48	97877	429	390430	6978887	71.30
1965	5-9	0.00042	0.00208	1.88	97448	202	486610	6588457	67.61
1965	10-14	0.00040	0.00198	2.75	97246	193	485795	6101847	62.75
1965	15-19	0.00163	0.00811	2.8	97053	788	483538	5616052	57.87
1965	20-24	0.00172	0.00855	2.44	96266	823	479218	5132514	53.32
1965	25-29	0.00199	0.00991	2.57	95443	946	474911	4653296	48.75
1965	30-34	0.00238	0.01185	2.63	94497	1120	469831	4178385	44.22
1965	35-39	0.00246	0.01224	2.87	93377	1143	464453	3708554	39.72
1965	40-44	0.00385	0.01908	2.58	92234	1759	456906	3244101	35.17
1965	45-49	0.00485	0.02395	2.53	90474	2167	447030	2787195	30.81
1965	50-54	0.00767	0.03776	2.89	88307	3334	434486	2340165	26.50
1965	55-59	0.01190	0.05781	2.53	84973	4912	412753	1905679	22.43
1965	60-64	0.01661	0.07977	2.52	80061	6386	384447	1492926	18.65
1965	65-69	0.02463	0.11619	2.57	73674	8560	347604	1108479	15.05
1965	70-74	0.04300	0.19590	2.73	65114	12756	296647	760875	11.69
1965	75-79	0.06909	0.29505	2.53	52358	15448	223604	464228	8.87
1965	80-84	0.11361	0.44088	2.46	36910	16273	143232	240624	6.52
1965	85-89	0.17902	0.60453	2.32	20637	12476	69690	97392	4.72
1965	90-94	0.27151	0.76050	2.11	8161	6207	22860	27702	3.39
1965	95-99	0.39036	0.87599	1.85	1955	1712	4386	4842	2.48
1965	100-104	0.52571	0.94186	1.59	242	228	434	456	1.88
1965	105-109	0.65971	0.97252	1.37	14	14	21	21	1.51
1965	110+	0.76018	1.00000	1.32	0	0	1	1	1.32
1966	0	0.02350	0.02302	0.11	100000	2302	97958	7145288	71.45
1966	1-4	0.00114	0.00453	1.35	97698	443	389620	7047329	72.13
1966	5-9	0.00026	0.00132	1.91	97255	128	485879	6657710	68.46
1966	10-14	0.00052	0.00260	2.86	97127	253	485094	6171831	63.54
1966	15-19	0.00162	0.00809	2.56	96874	784	482461	5686737	58.70
1966	20-24	0.00148	0.00738	2.83	96090	709	478912	5204276	54.16
1966	25-29	0.00140	0.00699	2.53	95381	666	475259	4725365	49.54
1966	30-34	0.00171	0.00849	2.66	94715	805	471694	4250105	44.87
1966	35-39	0.00227	0.01128	2.62	93911	1060	467029	3778412	40.23
1966	40-44	0.00308	0.01528	2.84	92851	1419	461195	3311383	35.66
1966	45-49	0.00576	0.02841	2.67	91432	2598	451113	2850188	31.17
1966	50-54	0.00650	0.03203	2.77	88834	2845	437828	2399075	27.01
1966	55-59	0.01145	0.05566	2.5	85989	4786	417975	1961247	22.81
1966	60-64	0.01652	0.07954	2.68	81203	6459	391014	1543272	19.01
1966	65-69	0.02698	0.12680	2.63	74744	9478	351275	1152258	15.42
1966	70-74	0.03944	0.17980	2.55	65266	11735	297536	800983	12.27
1966	75-79	0.06415	0.27497	2.41	53531	14719	229465	503447	9.40
1966	80-84	0.10399	0.41136	2.46	38811	15965	153533	273982	7.06
1966	85-89	0.15706	0.55417	2.34	22846	12661	80608	120449	5.27
1966	90-94	0.23051	0.69865	2.18	10185	7116	30871	39841	3.91
1966	95-99	0.32538	0.82007	1.98	3069	2517	7736	8970	2.92
1966	100-104	0.43783	0.90328	1.75	552	499	1139	1234	2.24
1966	105-109	0.55833	0.95055	1.53	53	51	91	95	1.78
1966	110+	0.65584	1.00000	1.52	3	3	4	4	1.52
1967	0	0.02309	0.02263	0.11	100000	2263	97991	7128524	71.29
1967	1-4	0.00077	0.00306	1.93	97737	299	390329	7030533	71.93
1967	5-9	0.00046	0.00227	2.14	97438	222	486557	6640205	68.15
1967	10-14	0.00044	0.00219	3.58	97217	213	485781	6153647	63.30
1967	15-19	0.00151	0.00750	2.91	97003	728	483494	5667866	58.43
1967	20-24	0.00162	0.00806	2.91	96275	776	479753	5184373	53.85
1967	25-29	0.00113	0.00561	2.75	95500	536	476292	4704619	49.26
1967	30-34	0.00200	0.00995	2.91	94964	945	472842	4228327	44.53
1967	35-39	0.00171	0.00852	3	94019	801	468492	3755485	39.94
1967	40-44	0.00317	0.01575	2.9	93218	1468	463002	3286993	35.26
1967	45-49	0.00455	0.02251	2.59	91750	2065	453775	2823991	30.78
1967	50-54	0.00882	0.04315	2.47	89685	3870	438621	2370215	26.43
1967	55-59	0.01238	0.06016	2.66	85815	5163	416990	1931595	22.51
1967	60-64	0.01879	0.08977	2.51	80652	7240	385268	1514605	18.78
1967	65-69	0.02549	0.12011	2.6	73412	8818	345910	1129337	15.38
1967	70-74	0.03984	0.18101	2.48	64595	11692	293491	783426	12.13
1967	75-79	0.06764	0.29020	2.56	52902	15352	226976	489935	9.26
1967	80-84	0.09858	0.39602	2.52	37550	14871	150848	262960	7.00
1967	85-89	0.16546	0.57624	2.37	22679	13069	78983	112112	4.94
1967	90-94	0.26474	0.75331	2.14	9610	7240	27346	33129	3.45
1967	95-99	0.39618	0.88156	1.85	2371	2090	5275	5784	2.44
1967	100-104	0.54671	0.94924	1.56	281	267	488	508	1.81
1967	105-109	0.69211	0.97749	1.33	14	14	20	21	1.44
1967	110+	0.79664	1.00000	1.26	0	0	0	0	1.26
1968	0	0.02198	0.02156	0.11	100000	2156	98080	7070118	70.70
1968	1-4	0.00095	0.00378	1.25	97844	370	390362	6972037	71.26
1968	5-9	0.00030	0.00152	1.74	97475	148	486890	6581676	67.52
1968	10-14	0.00035	0.00176	2.19	97326	171	486151	6094786	62.62
1968	15-19	0.00185	0.00923	2.85	97155	896	483846	5608635	57.73
1968	20-24	0.00179	0.00893	2.37	96258	859	479029	5124789	53.24
1968	25-29	0.00153	0.00761	2.13	95399	726	474915	4645760	48.70
1968	30-34	0.00112	0.00560	2.59	94674	530	472089	4170845	44.05
1968	35-39	0.00245	0.01218	2.64	94143	1146	468005	3698756	39.29
1968	40-44	0.00321	0.01591	2.36	92997	1480	461083	3230751	34.74
1968	45-49	0.00532	0.02626	2.66	91517	2403	451966	2769668	30.26
1968	50-54	0.00853	0.04181	2.7	89114	3726	436996	2317702	26.01
1968	55-59	0.01111	0.05417	2.71	85388	4625	416359	1880706	22.03
1968	60-64	0.02083	0.09918	2.6	80762	8010	384597	1464348	18.13
1968	65-69	0.02979	0.13918	2.65	72752	10126	339930	1079751	14.84
1968	70-74	0.04258	0.19238	2.49	62627	12048	282934	739821	11.81
1968	75-79	0.06735	0.28889	2.54	50579	14612	216951	456887	9.03
1968	80-84	0.10603	0.41945	2.51	35967	15086	142289	239936	6.67
1968	85-89	0.17926	0.60661	2.34	20881	12666	70661	97647	4.68
1968	90-94	0.28197	0.77484	2.09	8214	6365	22572	26986	3.29
1968	95-99	0.40708	0.88689	1.82	1850	1640	4030	4414	2.39
1968	100-104	0.53918	0.94549	1.57	209	198	367	384	1.84
1968	105-109	0.66230	0.97246	1.37	11	11	17	17	1.50
1968	110+	0.75285	1.00000	1.33	0	0	0	0	1.33
1969	0	0.02813	0.02745	0.13	100000	2745	97604	7005899	70.06
1969	1-4	0.00130	0.00519	1.84	97255	504	387930	6908295	71.03
1969	5-9	0.00040	0.00200	2.36	96750	193	483241	6520365	67.39
1969	10-14	0.00038	0.00191	3.43	96557	184	482496	6037125	62.52
1969	15-19	0.00226	0.01125	2.68	96373	1084	479351	5554629	57.64
1969	20-24	0.00208	0.01036	2.27	95289	987	473751	5075277	53.26
1969	25-29	0.00206	0.01023	2.35	94302	965	468953	4601526	48.80
1969	30-34	0.00188	0.00939	2.82	93337	876	464774	4132574	44.28
1969	35-39	0.00369	0.01831	2.75	92461	1693	458502	3667800	39.67
1969	40-44	0.00355	0.01760	2.65	90768	1598	450083	3209298	35.36
1969	45-49	0.00571	0.02822	2.87	89170	2516	440498	2759215	30.94
1969	50-54	0.00731	0.03592	2.55	86654	3113	425646	2318716	26.76
1969	55-59	0.01406	0.06808	2.69	83541	5688	404556	1893070	22.66
1969	60-64	0.01712	0.08234	2.67	77853	6410	374353	1488513	19.12
1969	65-69	0.02650	0.12444	2.56	71443	8890	335503	1114160	15.60
1969	70-74	0.04032	0.18467	2.73	62553	11552	286501	778657	12.45
1969	75-79	0.06222	0.27019	2.57	51001	13780	221490	492156	9.65
1969	80-84	0.09982	0.39850	2.47	37221	14833	148595	270666	7.27
1969	85-89	0.15070	0.53882	2.36	22389	12063	80048	122071	5.45
1969	90-94	0.22018	0.68106	2.2	10325	7032	31937	42023	4.07
1969	95-99	0.30898	0.80257	2.01	3293	2643	8554	10086	3.06
1969	100-104	0.41393	0.88896	1.79	650	578	1396	1532	2.36
1969	105-109	0.52756	0.94084	1.58	72	68	129	136	1.88
1969	110+	0.62047	1.00000	1.61	4	4	7	7	1.61
1970	0	0.02123	0.02083	0.11	100000	2083	98140	7083713	70.84
1970	1-4	0.00079	0.00315	1.9	97917	309	391018	6985573	71.34
1970	5-9	0.00048	0.00239	2.19	97608	233	487383	6594555	67.56
1970	10-14	0.00066	0.00328	2.46	97375	319	486062	6107172	62.72
1970	15-19	0.00176	0.00876	2.94	97055	850	483521	5621109	57.92
1970	20-24	0.00230	0.01142	2.34	96205	1099	478098	5137588	53.40
1970	25-29	0.00168	0.00834	2.49	95106	793	473538	4659490	48.99
1970	30-34	0.00190	0.00944	2.23	94313	890	469097	4185952	44.38
1970	35-39	0.00270	0.01344	2.65	93423	1255	464161	3716855	39.79
1970	40-44	0.00359	0.01782	2.98	92168	1642	457521	3252694	35.29
1970	45-49	0.00543	0.02684	2.73	90525	2430	447118	2795173	30.88
1970	50-54	0.00816	0.04001	2.57	88095	3525	431899	2348054	26.65
1970	55-59	0.01132	0.05515	2.69	84570	4664	412069	1916156	22.66
1970	60-64	0.01771	0.08516	2.74	79906	6804	384167	1504087	18.82
1970	65-69	0.02869	0.13393	2.53	73102	9791	341287	1119920	15.32
1970	70-74	0.04235	0.19234	2.62	63311	12178	287568	778633	12.30
1970	75-79	0.06536	0.28227	2.59	51133	14434	220848	491065	9.60
1970	80-84	0.09970	0.39778	2.46	36700	14598	146422	270217	7.36
1970	85-89	0.14679	0.52869	2.35	22101	11685	79600	123795	5.60
1970	90-94	0.21026	0.66294	2.21	10417	6906	32843	44195	4.24
1970	95-99	0.29105	0.78154	2.04	3511	2744	9428	11352	3.23
1970	100-104	0.38715	0.87059	1.84	767	668	1725	1924	2.51
1970	105-109	0.49298	0.92778	1.64	99	92	187	199	2.01
1970	110+	0.58042	1.00000	1.72	7	7	12	12	1.72
1971	0	0.02450	0.02398	0.12	100000	2398	97879	7043785	70.44
1971	1-4	0.00124	0.00496	1.96	97602	484	389418	6945905	71.17
1971	5-9	0.00025	0.00125	1.89	97117	122	485208	6556487	67.51
1971	10-14	0.00057	0.00286	2.92	96996	278	484399	6071278	62.59
1971	15-19	0.00135	0.00673	2.53	96718	651	481982	5586879	57.76
1971	20-24	0.00186	0.00925	2.57	96067	889	478170	5104897	53.14
1971	25-29	0.00196	0.00977	2.3	95178	930	473379	4626727	48.61
1971	30-34	0.00169	0.00842	2.62	94248	794	469347	4153348	44.07
1971	35-39	0.00272	0.01350	2.52	93454	1261	464139	3684000	39.42
1971	40-44	0.00352	0.01749	2.88	92193	1613	457544	3219861	34.93
1971	45-49	0.00587	0.02894	2.59	90580	2621	446585	2762317	30.50
1971	50-54	0.00852	0.04178	2.75	87959	3675	431525	2315732	26.33
1971	55-59	0.01362	0.06596	2.62	84284	5559	408180	1884207	22.36
1971	60-64	0.02037	0.09731	2.71	78725	7661	376097	1476027	18.75
1971	65-69	0.02799	0.13130	2.64	71064	9331	333333	1099930	15.48
1971	70-74	0.03930	0.17980	2.63	61733	11100	282412	766597	12.42
1971	75-79	0.06487	0.28123	2.64	50633	14240	219501	484185	9.56
1971	80-84	0.09982	0.39853	2.47	36394	14504	145304	264684	7.27
1971	85-89	0.15087	0.53922	2.36	21890	11803	78234	119380	5.45
1971	90-94	0.21993	0.68048	2.2	10086	6863	31208	41146	4.08
1971	95-99	0.30696	0.80003	2.01	3223	2578	8400	9939	3.08
1971	100-104	0.40826	0.88497	1.8	644	570	1397	1539	2.39
1971	105-109	0.51671	0.93674	1.6	74	69	134	142	1.92
1971	110+	0.60473	1.00000	1.65	5	5	8	8	1.65
1972	0	0.02595	0.02537	0.12	100000	2537	97771	7074229	70.74
1972	1-4	0.00065	0.00259	1.63	97463	252	389254	6976458	71.58
1972	5-9	0.00044	0.00219	2.44	97210	213	485505	6587205	67.76
1972	10-14	0.00022	0.00109	2.99	96997	106	484774	6101699	62.91
1972	15-19	0.00178	0.00886	2.87	96892	858	482635	5616926	57.97
1972	20-24	0.00190	0.00948	2.95	96034	911	478297	5134291	53.46
1972	25-29	0.00144	0.00716	2.19	95123	681	473701	4655994	48.95
1972	30-34	0.00196	0.00974	2.64	94442	920	470046	4182293	44.28
1972	35-39	0.00269	0.01337	2.71	93523	1250	464748	3712247	39.69
1972	40-44	0.00387	0.01920	3.23	92272	1772	458229	3247499	35.19
1972	45-49	0.00510	0.02515	2.32	90500	2276	446395	2789270	30.82
1972	50-54	0.00624	0.03074	2.51	88225	2712	434383	2342875	26.56
1972	55-59	0.01323	0.06413	2.6	85513	5484	414378	1908492	22.32
1972	60-64	0.01804	0.08656	2.66	80029	6927	383924	1494114	18.67
1972	65-69	0.02805	0.13146	2.61	73102	9610	342560	1110190	15.19
1972	70-74	0.04513	0.20376	2.62	63492	12937	286675	767630	12.09
1972	75-79	0.06266	0.27153	2.54	50554	13727	219055	480955	9.51
1972	80-84	0.09773	0.39292	2.51	36827	14470	148059	261900	7.11
1972	85-89	0.15979	0.56257	2.37	22357	12578	78713	113840	5.09
1972	90-94	0.25221	0.73504	2.16	9780	7188	28502	35127	3.59
1972	95-99	0.37615	0.86696	1.89	2591	2247	5972	6625	2.56
1972	100-104	0.52104	0.94106	1.61	345	324	623	653	1.89
1972	105-109	0.66506	0.97367	1.37	20	20	30	30	1.50
1972	110+	0.77158	1.00000	1.3	1	1	1	1	1.30
1973	0	0.01931	0.01898	0.1	100000	1898	98295	7118044	71.18
1973	1-4	0.00085	0.00341	1.48	98102	335	391566	7019749	71.56
1973	5-9	0.00029	0.00144	2.55	97767	141	488492	6628183	67.80
1973	10-14	0.00061	0.00305	2.39	97626	298	487355	6139691	62.89
1973	15-19	0.00126	0.00627	3.23	97329	611	485564	5652336	58.07
1973	20-24	0.00193	0.00959	2.7	96718	928	481455	5166772	53.42
1973	25-29	0.00154	0.00768	2.54	95790	736	477141	4685317	48.91
1973	30-34	0.00191	0.00949	2.56	95055	902	473067	4208175	44.27
1973	35-39	0.00237	0.01178	2.47	94152	1109	467958	3735109	39.67
1973	40-44	0.00344	0.01706	2.7	93043	1588	461562	3267151	35.11
1973	45-49	0.00578	0.02856	2.81	91456	2612	451571	2805589	30.68
1973	50-54	0.00786	0.03857	2.65	88844	3426	436166	2354018	26.50
1973	55-59	0.01343	0.06506	2.61	85417	5557	413828	1917852	22.45
1973	60-64	0.01970	0.09430	2.74	79860	7531	382260	1504024	18.83
1973	65-69	0.02598	0.12266	2.72	72330	8872	341439	1121763	15.51
1973	70-74	0.04134	0.18767	2.55	63457	11909	288098	780324	12.30
1973	75-79	0.06294	0.27062	2.41	51548	13950	221624	492226	9.55
1973	80-84	0.09834	0.39450	2.49	37598	14832	150831	270603	7.20
1973	85-89	0.15554	0.55152	2.36	22766	12556	80724	119772	5.26
1973	90-94	0.23580	0.70816	2.18	10210	7230	30664	39048	3.82
1973	95-99	0.33913	0.83398	1.95	2980	2485	7328	8384	2.81
1973	100-104	0.45950	0.91472	1.71	495	453	985	1056	2.14
1973	105-109	0.58493	0.95759	1.49	42	40	69	72	1.70
1973	110+	0.68411	1.00000	1.46	2	2	3	3	1.46
1974	0	0.01701	0.01676	0.1	100000	1676	98484	7125192	71.25
1974	1-4	0.00108	0.00430	1.59	98324	423	392280	7026707	71.46
1974	5-9	0.00048	0.00240	2.61	97902	235	488948	6634428	67.77
1974	10-14	0.00035	0.00177	2.79	97667	173	487954	6145480	62.92
1974	15-19	0.00211	0.01049	2.88	97494	1023	485303	5657526	58.03
1974	20-24	0.00200	0.00997	2.56	96472	962	480007	5172223	53.61
1974	25-29	0.00149	0.00741	2.36	95510	708	475679	4692216	49.13
1974	30-34	0.00194	0.00965	2.42	94802	915	471654	4216537	44.48
1974	35-39	0.00198	0.00983	2.35	93887	923	466989	3744883	39.89
1974	40-44	0.00385	0.01907	2.72	92964	1773	460775	3277894	35.26
1974	45-49	0.00479	0.02371	2.8	91192	2162	451196	2817119	30.89
1974	50-54	0.00743	0.03648	2.59	89030	3248	437306	2365923	26.57
1974	55-59	0.01207	0.05870	2.68	85782	5035	417252	1928617	22.48
1974	60-64	0.01930	0.09245	2.74	80747	7465	386835	1511365	18.72
1974	65-69	0.02912	0.13630	2.66	73281	9989	343037	1124530	15.35
1974	70-74	0.04270	0.19411	2.66	63293	12286	287713	781493	12.35
1974	75-79	0.06223	0.27060	2.59	51007	13803	221799	493781	9.68
1974	80-84	0.09724	0.39062	2.48	37204	14533	149458	271982	7.31
1974	85-89	0.15035	0.53862	2.37	22671	12211	81221	122524	5.40
1974	90-94	0.22649	0.69298	2.2	10460	7249	32005	41303	3.95
1974	95-99	0.32792	0.82371	1.98	3212	2645	8067	9298	2.90
1974	100-104	0.45044	0.91079	1.73	566	516	1145	1231	2.17
1974	105-109	0.58175	0.95721	1.5	51	48	83	86	1.71
1974	110+	0.68695	1.00000	1.46	2	2	3	3	1.46
1975	0	0.01831	0.01801	0.1	100000	1801	98377	7160478	71.60
1975	1-4	0.00128	0.00510	1.84	98199	501	391713	7062101	71.92
1975	5-9	0.00064	0.00321	2.37	97698	314	487663	6670388	68.28
1975	10-14	0.00038	0.00191	2.66	97384	186	486485	6182725	63.49
1975	15-19	0.00162	0.00809	2.67	97198	787	484156	5696241	58.60
1975	20-24	0.00230	0.01146	2.43	96411	1104	479214	5212085	54.06
1975	25-29	0.00119	0.00594	2.89	95307	566	475340	4732871	49.66
1975	30-34	0.00191	0.00949	2.45	94741	899	471409	4257530	44.94
1975	35-39	0.00256	0.01273	2.44	93842	1194	466158	3786121	40.35
1975	40-44	0.00318	0.01576	2.46	92648	1460	459524	3319963	35.83
1975	45-49	0.00506	0.02501	2.79	91188	2281	450891	2860439	31.37
1975	50-54	0.00760	0.03728	2.54	88907	3315	436366	2409548	27.10
1975	55-59	0.01200	0.05831	2.61	85592	4991	416034	1973182	23.05
1975	60-64	0.01811	0.08693	2.71	80601	7007	386988	1557148	19.32
1975	65-69	0.02492	0.11733	2.51	73594	8635	346474	1170160	15.90
1975	70-74	0.04311	0.19506	2.56	64959	12671	293931	823686	12.68
1975	75-79	0.05960	0.25955	2.52	52288	13571	227717	529755	10.13
1975	80-84	0.08676	0.35671	2.51	38717	13811	159178	302038	7.80
1975	85-89	0.13661	0.50441	2.41	24906	12563	91961	142860	5.74
1975	90-94	0.21274	0.67046	2.24	12343	8276	38900	50899	4.12
1975	95-99	0.31984	0.81715	2.01	4068	3324	10392	11999	2.95
1975	100-104	0.45316	0.91323	1.73	744	679	1499	1607	2.16
1975	105-109	0.59571	0.96093	1.48	65	62	104	108	1.67
1975	110+	0.70725	1.00000	1.41	3	3	4	4	1.41
1976	0	0.01729	0.01702	0.1	100000	1702	98464	7198216	71.98
1976	1-4	0.00059	0.00238	1.89	98298	234	392697	7099753	72.23
1976	5-9	0.00042	0.00208	2.63	98064	204	489836	6707055	68.39
1976	10-14	0.00059	0.00296	1.96	97860	290	488419	6217220	63.53
1976	15-19	0.00169	0.00844	2.93	97570	824	486145	5728801	58.71
1976	20-24	0.00182	0.00904	2.36	96746	874	481425	5242656	54.19
1976	25-29	0.00164	0.00817	2.39	95872	783	477314	4761231	49.66
1976	30-34	0.00182	0.00904	2.77	95089	860	473528	4283918	45.05
1976	35-39	0.00223	0.01110	2.54	94229	1046	468575	3810389	40.44
1976	40-44	0.00311	0.01540	2.4	93183	1435	462191	3341814	35.86
1976	45-49	0.00443	0.02194	2.59	91748	2013	453882	2879623	31.39
1976	50-54	0.00661	0.03255	2.71	89735	2920	441990	2425741	27.03
1976	55-59	0.01284	0.06235	2.7	86814	5412	421623	1983751	22.85
1976	60-64	0.01861	0.08915	2.66	81402	7257	390009	1562128	19.19
1976	65-69	0.02747	0.12893	2.62	74145	9559	347986	1172119	15.81
1976	70-74	0.03781	0.17313	2.57	64585	11182	295717	824133	12.76
1976	75-79	0.05752	0.25198	2.54	53404	13457	233960	528416	9.89
1976	80-84	0.09795	0.39254	2.47	39947	15681	160095	294456	7.37
1976	85-89	0.14740	0.53071	2.36	24266	12878	87370	134361	5.54
1976	90-94	0.21606	0.67411	2.21	11388	7677	35530	46991	4.13
1976	95-99	0.30563	0.79931	2.02	3711	2966	9706	11461	3.09
1976	100-104	0.41356	0.88918	1.79	745	662	1601	1755	2.36
1976	105-109	0.53183	0.94258	1.58	83	78	146	154	1.86
1976	110+	0.62903	1.00000	1.59	5	5	8	8	1.59
1977	0	0.01497	0.01476	0.09	100000	1476	98656	7278176	72.78
1977	1-4	0.00081	0.00322	1.61	98524	318	393337	7179520	72.87
1977	5-9	0.00046	0.00229	2.61	98206	225	490492	6786184	69.10
1977	10-14	0.00047	0.00233	2.77	97981	228	489397	6295691	64.25
1977	15-19	0.00121	0.00604	2.76	97753	590	487445	5806294	59.40
1977	20-24	0.00194	0.00965	2.54	97163	938	483509	5318849	54.74
1977	25-29	0.00172	0.00855	2.23	96225	823	478850	4835340	50.25
1977	30-34	0.00154	0.00767	2.7	95402	732	475324	4356490	45.66
1977	35-39	0.00270	0.01342	2.87	94670	1270	470641	3881166	41.00
1977	40-44	0.00311	0.01545	2.65	93400	1443	463602	3410525	36.52
1977	45-49	0.00458	0.02266	2.62	91957	2084	454829	2946923	32.05
1977	50-54	0.00809	0.03963	2.49	89873	3561	440438	2492093	27.73
1977	55-59	0.01055	0.05144	2.58	86312	4440	420823	2051656	23.77
1977	60-64	0.01652	0.07951	2.65	81872	6510	394028	1630832	19.92
1977	65-69	0.02352	0.11116	2.55	75362	8377	356244	1236804	16.41
1977	70-74	0.03738	0.17159	2.61	66984	11494	307506	880560	13.15
1977	75-79	0.05445	0.24023	2.55	55491	13330	244810	573055	10.33
1977	80-84	0.08867	0.36293	2.5	42160	15301	172558	328244	7.79
1977	85-89	0.13690	0.50456	2.4	26859	13552	98996	155687	5.80
1977	90-94	0.20626	0.65734	2.24	13307	8747	42408	56691	4.26
1977	95-99	0.29970	0.79372	2.04	4560	3619	12076	14283	3.13
1977	100-104	0.41496	0.89095	1.8	941	838	2019	2207	2.35
1977	105-109	0.54243	0.94647	1.56	103	97	179	187	1.83
1977	110+	0.64705	1.00000	1.55	5	5	8	8	1.55
1978	0	0.01349	0.01333	0.09	100000	1333	98782	7307911	73.08
1978	1-4	0.00055	0.00221	1.6	98667	218	394146	7209129	73.06
1978	5-9	0.00047	0.00234	1.89	98449	230	491530	6814982	69.22
1978	10-14	0.00046	0.00232	2.85	98219	228	490604	6323452	64.38
1978	15-19	0.00169	0.00841	2.81	97991	824	488148	5832848	59.52
1978	20-24	0.00154	0.00765	2.34	97167	743	483861	5344700	55.01
1978	25-29	0.00172	0.00856	2.54	96424	825	480094	4860839	50.41
1978	30-34	0.00165	0.00823	2.55	95599	787	476065	4380745	45.82
1978	35-39	0.00244	0.01210	2.39	94812	1147	471062	3904680	41.18
1978	40-44	0.00293	0.01456	2.62	93665	1364	465071	3433618	36.66
1978	45-49	0.00404	0.02001	2.75	92301	1847	457352	2968547	32.16
1978	50-54	0.00689	0.03389	2.67	90454	3066	445140	2511195	27.76
1978	55-59	0.01058	0.05158	2.59	87389	4507	426058	2066055	23.64
1978	60-64	0.01665	0.07998	2.54	82881	6629	398077	1639997	19.79
1978	65-69	0.02546	0.12004	2.62	76253	9153	359504	1241920	16.29
1978	70-74	0.03597	0.16617	2.71	67099	11150	309985	882416	13.15
1978	75-79	0.05753	0.25247	2.58	55950	14126	245533	572431	10.23
1978	80-84	0.09048	0.36828	2.48	41824	15403	170228	326897	7.82
1978	85-89	0.13391	0.49610	2.39	26421	13108	97882	156669	5.93
1978	90-94	0.19761	0.64059	2.26	13313	8528	43157	58787	4.42
1978	95-99	0.28559	0.77686	2.07	4785	3717	13016	15630	3.27
1978	100-104	0.39627	0.87877	1.83	1068	938	2368	2614	2.45
1978	105-109	0.51995	0.93900	1.6	129	122	234	246	1.90
1978	110+	0.62095	1.00000	1.61	8	8	13	13	1.61
1979	0	0.01394	0.01377	0.09	100000	1377	98745	7366947	73.67
1979	1-4	0.00087	0.00349	1.75	98623	344	393721	7268202	73.70
1979	5-9	0.00047	0.00235	2.43	98280	231	490804	6874481	69.95
1979	10-14	0.00035	0.00175	3.26	98048	172	489942	6383678	65.11
1979	15-19	0.00126	0.00627	2.9	97876	614	488091	5893735	60.22
1979	20-24	0.00172	0.00856	2.58	97263	832	484304	5405645	55.58
1979	25-29	0.00155	0.00771	2.56	96430	743	480339	4921341	51.04
1979	30-34	0.00170	0.00844	2.4	95687	808	476336	4441002	46.41
1979	35-39	0.00226	0.01121	2.43	94879	1064	471667	3964666	41.79
1979	40-44	0.00285	0.01416	2.82	93815	1328	466183	3492999	37.23
1979	45-49	0.00444	0.02195	2.6	92487	2030	457565	3026816	32.73
1979	50-54	0.00648	0.03187	2.53	90457	2883	445174	2569250	28.40
1979	55-59	0.00919	0.04492	2.55	87574	3934	428218	2124077	24.25
1979	60-64	0.01546	0.07437	2.46	83640	6220	402429	1695859	20.28
1979	65-69	0.02312	0.10946	2.56	77420	8474	366454	1293430	16.71
1979	70-74	0.03503	0.16119	2.53	68945	11113	317276	926976	13.45
1979	75-79	0.05162	0.22893	2.53	57832	13240	256463	609700	10.54
1979	80-84	0.08632	0.35509	2.5	44592	15834	183435	353237	7.92
1979	85-89	0.13318	0.49480	2.4	28758	14229	106848	169802	5.90
1979	90-94	0.20158	0.64878	2.25	14528	9426	46759	62954	4.33
1979	95-99	0.29497	0.78852	2.05	5103	4024	13641	16195	3.17
1979	100-104	0.41096	0.88863	1.81	1079	959	2333	2554	2.37
1979	105-109	0.53906	0.94545	1.57	120	114	211	221	1.84
1979	110+	0.64335	1.00000	1.55	7	7	10	10	1.55
1980	0	0.01017	0.01007	0.08	100000	1007	99070	7374904	73.75
1980	1-4	0.00059	0.00237	1.78	98993	235	395450	7275834	73.50
1980	5-9	0.00040	0.00200	2.55	98758	198	493304	6880385	69.67
1980	10-14	0.00043	0.00216	2.53	98560	213	492274	6387080	64.80
1980	15-19	0.00172	0.00857	2.71	98347	843	489806	5894806	59.94
1980	20-24	0.00159	0.00793	2.51	97504	773	485600	5405000	55.43
1980	25-29	0.00169	0.00841	2.62	96731	814	481718	4919400	50.86
1980	30-34	0.00142	0.00708	2.46	95917	679	477864	4437682	46.27
1980	35-39	0.00173	0.00859	2.31	95238	818	473986	3959818	41.58
1980	40-44	0.00276	0.01373	2.73	94420	1296	469155	3485832	36.92
1980	45-49	0.00422	0.02092	2.78	93124	1948	461292	3016677	32.39
1980	50-54	0.00628	0.03097	2.91	91176	2824	449969	2555385	28.03
1980	55-59	0.01014	0.04949	2.59	88352	4372	431216	2105416	23.83
1980	60-64	0.01549	0.07457	2.52	83980	6263	404346	1674200	19.94
1980	65-69	0.02582	0.12150	2.58	77717	9443	365772	1269854	16.34
1980	70-74	0.03645	0.16761	2.6	68274	11444	313942	904082	13.24
1980	75-79	0.04985	0.22213	2.55	56830	12624	253227	590139	10.38
1980	80-84	0.08980	0.36695	2.51	44207	16222	180650	336913	7.62
1980	85-89	0.14257	0.51974	2.39	27985	14545	102022	156263	5.58
1980	90-94	0.21963	0.68199	2.22	13440	9166	41734	54241	4.04
1980	95-99	0.32355	0.81996	1.99	4274	3505	10831	12507	2.93
1980	100-104	0.44967	0.91076	1.73	769	701	1558	1675	2.18
1980	105-109	0.58438	0.95798	1.49	69	66	113	117	1.70
1980	110+	0.69132	1.00000	1.45	3	3	4	4	1.45
1981	0	0.01076	0.01066	0.08	100000	1066	99018	7433497	74.33
1981	1-4	0.00058	0.00231	1.6	98934	228	395189	7334479	74.13
1981	5-9	0.00019	0.00097	1.68	98706	96	493212	6939290	70.30
1981	10-14	0.00036	0.00181	3.05	98610	178	492704	6446078	65.37
1981	15-19	0.00152	0.00760	3.04	98432	748	490693	5953373	60.48
1981	20-24	0.00198	0.00985	2.45	97684	962	485968	5462681	55.92
1981	25-29	0.00176	0.00879	2.56	96722	850	481537	4976712	51.45
1981	30-34	0.00130	0.00650	2.9	95873	623	478053	4495176	46.89
1981	35-39	0.00194	0.00963	2.67	95249	918	474106	4017123	42.17
1981	40-44	0.00295	0.01466	2.53	94332	1383	468241	3543017	37.56
1981	45-49	0.00469	0.02319	2.71	92949	2155	459815	3074776	33.08
1981	50-54	0.00685	0.03372	2.6	90794	3061	446631	2614961	28.80
1981	55-59	0.00921	0.04505	2.62	87733	3952	429258	2168330	24.72
1981	60-64	0.01217	0.05911	2.56	83781	4952	406799	1739071	20.76
1981	65-69	0.02341	0.11070	2.55	78829	8726	372737	1332272	16.90
1981	70-74	0.03470	0.16030	2.63	70102	11237	323858	959536	13.69
1981	75-79	0.04680	0.21013	2.57	58865	12369	264311	635678	10.80
1981	80-84	0.08468	0.34968	2.51	46496	16259	192014	371367	7.99
1981	85-89	0.13189	0.49154	2.41	30237	14863	112690	179353	5.93
1981	90-94	0.20116	0.64818	2.26	15374	9965	49538	66663	4.34
1981	95-99	0.29574	0.78956	2.05	5409	4271	14440	17124	3.17
1981	100-104	0.41273	0.88976	1.8	1138	1013	2454	2684	2.36
1981	105-109	0.54109	0.94604	1.56	125	119	219	230	1.83
1981	110+	0.64500	1.00000	1.55	7	7	10	10	1.55
1982	0	0.00995	0.00986	0.08	100000	986	99089	7476617	74.77
1982	1-4	0.00042	0.00169	1.73	99014	167	395677	7377528	74.51
1982	5-9	0.00038	0.00189	1.94	98847	187	493662	6981851	70.63
1982	10-14	0.00042	0.00209	2.7	98660	206	492827	6488189	65.76
1982	15-19	0.00119	0.00593	2.89	98454	583	491038	5995362	60.89
1982	20-24	0.00170	0.00844	2.68	97871	826	487434	5504325	56.24
1982	25-29	0.00125	0.00624	2.42	97044	605	483657	5016891	51.70
1982	30-34	0.00152	0.00758	2.63	96439	731	480464	4533234	47.01
1982	35-39	0.00174	0.00867	2.5	95708	830	476464	4052770	42.35
1982	40-44	0.00269	0.01337	2.41	94878	1269	471107	3576306	37.69
1982	45-49	0.00473	0.02339	2.66	93609	2190	462924	3105198	33.17
1982	50-54	0.00564	0.02782	2.7	91420	2543	451246	2642275	28.90
1982	55-59	0.00954	0.04662	2.55	88877	4143	434249	2191029	24.65
1982	60-64	0.01328	0.06434	2.58	84734	5452	410481	1756780	20.73
1982	65-69	0.02202	0.10484	2.73	79282	8312	377527	1346298	16.98
1982	70-74	0.03666	0.16949	2.78	70970	12029	328149	968771	13.65
1982	75-79	0.05043	0.22429	2.54	58942	13220	262139	640622	10.87
1982	80-84	0.07678	0.32323	2.55	45722	14779	192471	378483	8.28
1982	85-89	0.12692	0.47901	2.44	30943	14822	116784	186012	6.01
1982	90-94	0.20203	0.65098	2.27	16121	10495	51945	69228	4.29
1982	95-99	0.30539	0.80158	2.04	5626	4510	14768	17284	3.07
1982	100-104	0.43310	0.90251	1.77	1116	1008	2326	2515	2.25
1982	105-109	0.57190	0.95520	1.51	109	104	182	189	1.74
1982	110+	0.68347	1.00000	1.46	5	5	7	7	1.46
1983	0	0.00946	0.00938	0.07	100000	938	99132	7533497	75.33
1983	1-4	0.00065	0.00260	1.79	99062	257	395679	7434365	75.05
1983	5-9	0.00026	0.00131	3.04	98805	129	493769	7038686	71.24
1983	10-14	0.00036	0.00181	2.9	98675	179	493003	6544917	66.33
1983	15-19	0.00117	0.00583	3.09	98497	574	491387	6051914	61.44
1983	20-24	0.00176	0.00878	2.62	97922	860	487566	5560527	56.78
1983	25-29	0.00135	0.00675	2.4	97062	655	483612	5072961	52.26
1983	30-34	0.00129	0.00642	2.32	96408	619	480376	4589349	47.60
1983	35-39	0.00147	0.00730	2.33	95789	699	477079	4108973	42.90
1983	40-44	0.00248	0.01234	3.08	95089	1174	473197	3631894	38.19
1983	45-49	0.00261	0.01300	2.8	93916	1221	466896	3158697	33.63
1983	50-54	0.00529	0.02610	2.62	92695	2419	457713	2691801	29.04
1983	55-59	0.00871	0.04268	2.7	90276	3853	442524	2234088	24.75
1983	60-64	0.01164	0.05672	2.77	86423	4902	421182	1791565	20.73
1983	65-69	0.02340	0.11075	2.59	81521	9028	385858	1370383	16.81
1983	70-74	0.03477	0.16027	2.56	72493	11619	334158	984525	13.58
1983	75-79	0.05445	0.23950	2.49	60874	14579	267753	650366	10.68
1983	80-84	0.08230	0.34136	2.5	46295	15803	192028	382613	8.26
1983	85-89	0.12444	0.47069	2.41	30492	14352	115334	190585	6.25
1983	90-94	0.18481	0.61503	2.28	16139	9926	53711	75251	4.66
1983	95-99	0.26670	0.75217	2.1	6213	4673	17523	21541	3.47
1983	100-104	0.36971	0.85907	1.88	1540	1323	3578	4017	2.61
1983	105-109	0.48762	0.92674	1.66	217	201	412	440	2.03
1983	110+	0.58674	1.00000	1.7	16	16	27	27	1.70
1984	0	0.01073	0.01063	0.08	100000	1063	99020	7550356	75.50
1984	1-4	0.00039	0.00154	1.82	98937	152	395417	7451336	75.31
1984	5-9	0.00028	0.00138	2.67	98785	137	493607	7055919	71.43
1984	10-14	0.00031	0.00157	2.47	98648	155	492850	6562312	66.52
1984	15-19	0.00094	0.00470	2.87	98493	463	491478	6069462	61.62
1984	20-24	0.00182	0.00905	2.39	98030	887	487833	5577984	56.90
1984	25-29	0.00124	0.00618	2.16	97143	600	484006	5090151	52.40
1984	30-34	0.00137	0.00683	2.43	96542	659	481021	4606145	47.71
1984	35-39	0.00172	0.00857	2.5	95884	822	477363	4125124	43.02
1984	40-44	0.00233	0.01159	2.96	95062	1101	473059	3647761	38.37
1984	45-49	0.00307	0.01522	2.6	93960	1430	466374	3174702	33.79
1984	50-54	0.00495	0.02444	2.61	92530	2261	457234	2708329	29.27
1984	55-59	0.00751	0.03685	2.5	90269	3327	443029	2251094	24.94
1984	60-64	0.01217	0.05927	2.79	86942	5153	423302	1808065	20.80
1984	65-69	0.02104	0.10024	2.66	81789	8199	389732	1384763	16.93
1984	70-74	0.03267	0.15168	2.65	73590	11162	341694	995031	13.52
1984	75-79	0.05622	0.24684	2.53	62428	15410	274084	653338	10.47
1984	80-84	0.08130	0.33859	2.53	47018	15920	195826	379253	8.07
1984	85-89	0.13114	0.49016	2.42	31098	15243	116232	183427	5.90
1984	90-94	0.20575	0.65765	2.26	15855	10427	50680	67195	4.24
1984	95-99	0.30887	0.80526	2.03	5428	4371	14152	16515	3.04
1984	100-104	0.43679	0.90451	1.76	1057	956	2189	2363	2.24
1984	105-109	0.57566	0.95612	1.51	101	97	168	174	1.72
1984	110+	0.68670	1.00000	1.46	4	4	6	6	1.46
1985	0	0.01195	0.01182	0.08	100000	1182	98914	7520699	75.21
1985	1-4	0.00053	0.00212	1.33	98818	210	394709	7421785	75.11
1985	5-9	0.00038	0.00192	2.44	98608	189	492555	7027076	71.26
1985	10-14	0.00042	0.00209	3	98419	206	491682	6534521	66.40
1985	15-19	0.00118	0.00586	2.96	98213	576	489887	6042839	61.53
1985	20-24	0.00159	0.00793	2.61	97637	775	486336	5552952	56.87
1985	25-29	0.00129	0.00643	2.57	96862	623	482797	5066616	52.31
1985	30-34	0.00138	0.00686	2.23	96239	661	479366	4583819	47.63
1985	35-39	0.00195	0.00973	2.65	95579	930	475711	4104453	42.94
1985	40-44	0.00219	0.01091	2.65	94649	1032	470822	3628742	38.34
1985	45-49	0.00328	0.01628	2.56	93617	1524	464372	3157920	33.73
1985	50-54	0.00526	0.02597	2.72	92093	2392	455017	2693548	29.25
1985	55-59	0.00727	0.03569	2.52	89701	3201	440573	2238531	24.96
1985	60-64	0.01044	0.05098	2.71	86500	4410	422400	1797958	20.79
1985	65-69	0.02119	0.10115	2.76	82090	8303	391871	1375559	16.76
1985	70-74	0.03552	0.16351	2.57	73787	12065	339658	983687	13.33
1985	75-79	0.05624	0.24715	2.55	61722	15255	271237	644029	10.43
1985	80-84	0.08257	0.34289	2.53	46467	15933	192964	372792	8.02
1985	85-89	0.13219	0.49277	2.42	30534	15046	113822	179829	5.89
1985	90-94	0.20501	0.65584	2.25	15488	10157	49546	66007	4.26
1985	95-99	0.30406	0.79939	2.03	5330	4261	14014	16460	3.09
1985	100-104	0.42614	0.89812	1.78	1069	960	2254	2447	2.29
1985	105-109	0.55974	0.95175	1.53	109	104	185	193	1.77
1985	110+	0.66816	1.00000	1.5	5	5	8	8	1.50
1986	0	0.01052	0.01042	0.08	100000	1042	99039	7563005	75.63
1986	1-4	0.00069	0.00274	1.62	98958	271	395185	7463966	75.43
1986	5-9	0.00020	0.00102	3.07	98687	101	493238	7068781	71.63
1986	10-14	0.00020	0.00101	3.26	98586	100	492755	6575543	66.70
1986	15-19	0.00143	0.00713	3.26	98486	702	491210	6082789	61.76
1986	20-24	0.00179	0.00889	2.19	97784	869	486481	5591578	57.18
1986	25-29	0.00136	0.00680	2.46	96915	659	482896	5105097	52.68
1986	30-34	0.00143	0.00712	2.62	96256	686	479647	4622201	48.02
1986	35-39	0.00169	0.00840	2.64	95570	803	475957	4142554	43.35
1986	40-44	0.00203	0.01010	2.47	94768	957	471413	3666597	38.69
1986	45-49	0.00297	0.01477	2.66	93811	1385	465809	3195184	34.06
1986	50-54	0.00445	0.02206	2.84	92425	2039	457719	2729376	29.53
1986	55-59	0.00754	0.03705	2.67	90387	3349	444125	2271657	25.13
1986	60-64	0.01017	0.04968	2.7	87038	4324	425226	1827532	21.00
1986	65-69	0.02166	0.10290	2.57	82713	8511	392895	1402306	16.95
1986	70-74	0.03470	0.15981	2.53	74202	11858	341776	1009411	13.60
1986	75-79	0.05194	0.23134	2.64	62344	14422	277673	667635	10.71
1986	80-84	0.08225	0.34143	2.51	47922	16362	198924	389962	8.14
1986	85-89	0.12780	0.48051	2.42	31560	15165	118660	191039	6.05
1986	90-94	0.19599	0.63850	2.27	16395	10468	53412	72379	4.41
1986	95-99	0.29146	0.78508	2.06	5927	4653	15964	18966	3.20
1986	100-104	0.41252	0.89028	1.81	1274	1134	2749	3002	2.36
1986	105-109	0.54783	0.94856	1.55	140	133	242	253	1.81
1986	110+	0.65860	1.00000	1.52	7	7	11	11	1.52
1987	0	0.00854	0.00847	0.07	100000	847	99214	7660616	76.61
1987	1-4	0.00034	0.00138	1.29	99153	137	396241	7561402	76.26
1987	5-9	0.00013	0.00066	2.24	99016	65	494901	7165161	72.36
1987	10-14	0.00034	0.00170	3.13	98951	168	494441	6670261	67.41
1987	15-19	0.00074	0.00367	2.61	98783	363	493045	6175820	62.52
1987	20-24	0.00154	0.00767	2.09	98420	755	489904	5682774	57.74
1987	25-29	0.00100	0.00497	2.3	97665	485	487017	5192870	53.17
1987	30-34	0.00117	0.00582	2.87	97180	565	484694	4705853	48.42
1987	35-39	0.00158	0.00788	2.72	96615	761	481341	4221159	43.69
1987	40-44	0.00187	0.00932	2.64	95853	893	477160	3739818	39.02
1987	45-49	0.00272	0.01352	2.71	94960	1284	471857	3262658	34.36
1987	50-54	0.00440	0.02181	2.82	93676	2043	463917	2790801	29.79
1987	55-59	0.00708	0.03488	2.79	91633	3196	451110	2326884	25.39
1987	60-64	0.01159	0.05639	2.62	88437	4987	430324	1875774	21.21
1987	65-69	0.02249	0.10655	2.54	83450	8892	395403	1445450	17.32
1987	70-74	0.03182	0.14776	2.59	74558	11017	346217	1050047	14.08
1987	75-79	0.04763	0.21314	2.54	63542	13543	284364	703830	11.08
1987	80-84	0.07810	0.32733	2.53	49999	16366	209564	419466	8.39
1987	85-89	0.12277	0.46666	2.43	33633	15695	127840	209902	6.24
1987	90-94	0.18797	0.62228	2.29	17937	11162	59383	82062	4.57
1987	95-99	0.27712	0.76673	2.09	6775	5195	18746	22679	3.35
1987	100-104	0.38903	0.87411	1.85	1581	1382	3551	3933	2.49
1987	105-109	0.51552	0.93781	1.61	199	187	362	382	1.92
1987	110+	0.62089	1.00000	1.61	12	12	20	20	1.61
1988	0	0.00867	0.00860	0.07	100000	860	99202	7586474	75.86
1988	1-4	0.00038	0.00151	1.38	99140	150	396168	7487271	75.52
1988	5-9	0.00018	0.00091	2.42	98990	90	494722	7091103	71.63
1988	10-14	0.00037	0.00184	2.33	98901	182	494018	6596382	66.70
1988	15-19	0.00126	0.00627	3.01	98719	619	492365	6102364	61.82
1988	20-24	0.00143	0.00713	2.79	98100	699	488954	5609999	57.19
1988	25-29	0.00117	0.00582	2.63	97400	566	485660	5121044	52.58
1988	30-34	0.00129	0.00644	2.43	96834	624	482564	4635385	47.87
1988	35-39	0.00129	0.00641	2.66	96210	616	479606	4152820	43.16
1988	40-44	0.00166	0.00827	2.77	95594	790	476209	3673214	38.43
1988	45-49	0.00318	0.01575	2.52	94804	1494	470310	3197005	33.72
1988	50-54	0.00514	0.02538	2.68	93310	2368	461062	2726696	29.22
1988	55-59	0.00815	0.03998	2.59	90942	3636	445950	2265634	24.91
1988	60-64	0.01377	0.06677	2.74	87306	5830	423339	1819684	20.84
1988	65-69	0.02171	0.10337	2.7	81476	8422	387991	1396345	17.14
1988	70-74	0.03395	0.15712	2.64	73054	11478	338135	1008354	13.80
1988	75-79	0.05132	0.22875	2.63	61575	14086	274492	670219	10.88
1988	80-84	0.07528	0.31805	2.56	47490	15104	200639	395727	8.33
1988	85-89	0.12592	0.47646	2.45	32386	15431	122540	195088	6.02
1988	90-94	0.20248	0.65215	2.27	16955	11057	54609	72548	4.28
1988	95-99	0.30859	0.80546	2.03	5898	4751	15394	17939	3.04
1988	100-104	0.44032	0.90676	1.76	1147	1040	2363	2545	2.22
1988	105-109	0.58343	0.95825	1.5	107	103	176	182	1.70
1988	110+	0.69801	1.00000	1.43	4	4	6	6	1.43
1989	0	0.00930	0.00922	0.07	100000	922	99147	7595710	75.96
1989	1-4	0.00074	0.00297	1.63	99078	294	395614	7496563	75.66
1989	5-9	0.00017	0.00083	1.21	98784	82	493608	7100949	71.88
1989	10-14	0.00034	0.00171	3.03	98702	169	493176	6607341	66.94
1989	15-19	0.00091	0.00456	3.15	98533	449	491836	6114165	62.05
1989	20-24	0.00124	0.00616	2.23	98084	605	488748	5622329	57.32
1989	25-29	0.00147	0.00732	2.58	97480	713	485675	5133581	52.66
1989	30-34	0.00124	0.00617	2.54	96767	597	482367	4647906	48.03
1989	35-39	0.00138	0.00686	2.52	96170	660	479213	4165539	43.31
1989	40-44	0.00164	0.00815	2.5	95510	778	475607	3686327	38.60
1989	45-49	0.00365	0.01813	2.79	94732	1717	469869	3210719	33.89
1989	50-54	0.00506	0.02499	2.67	93015	2324	459665	2740851	29.47
1989	55-59	0.00744	0.03652	2.57	90690	3312	445407	2281186	25.15
1989	60-64	0.01252	0.06088	2.74	87378	5320	424871	1835779	21.01
1989	65-69	0.02105	0.10031	2.65	82059	8231	390967	1410909	17.19
1989	70-74	0.03362	0.15575	2.64	73828	11498	341997	1019941	13.82
1989	75-79	0.05153	0.22781	2.46	62329	14199	275540	677944	10.88
1989	80-84	0.07622	0.32118	2.55	48130	15458	202823	402405	8.36
1989	85-89	0.12488	0.47317	2.44	32672	15459	123792	199582	6.11
1989	90-94	0.19650	0.63991	2.28	17212	11014	56052	75789	4.40
1989	95-99	0.29348	0.78729	2.06	6198	4880	16627	19737	3.18
1989	100-104	0.41231	0.88967	1.81	1318	1173	2845	3111	2.36
1989	105-109	0.54235	0.94657	1.56	145	138	254	266	1.83
1989	110+	0.64827	1.00000	1.54	8	8	12	12	1.54
1990	0	0.00863	0.00856	0.07	100000	856	99206	7641912	76.42
1990	1-4	0.00028	0.00113	1.71	99144	112	396318	7542706	76.08
1990	5-9	0.00029	0.00146	2.62	99031	145	494811	7146389	72.16
1990	10-14	0.00033	0.00165	2.6	98886	163	494040	6651578	67.26
1990	15-19	0.00088	0.00441	3.07	98723	435	492775	6157537	62.37
1990	20-24	0.00159	0.00793	2.35	98288	780	489372	5664762	57.63
1990	25-29	0.00132	0.00660	2.73	97508	644	486082	5175390	53.08
1990	30-34	0.00122	0.00607	2.58	96864	588	482898	4689308	48.41
1990	35-39	0.00139	0.00695	2.26	96277	669	479553	4206411	43.69
1990	40-44	0.00196	0.00976	2.46	95608	933	475665	3726858	38.98
1990	45-49	0.00287	0.01426	3.18	94675	1350	470918	3251192	34.34
1990	50-54	0.00520	0.02573	2.8	93324	2401	461335	2780274	29.79
1990	55-59	0.00772	0.03793	2.76	90923	3449	446880	2318939	25.50
1990	60-64	0.01250	0.06076	2.72	87475	5315	425260	1872059	21.40
1990	65-69	0.02134	0.10135	2.52	82160	8327	390139	1446799	17.61
1990	70-74	0.02910	0.13602	2.61	73833	10043	345168	1056660	14.31
1990	75-79	0.04505	0.20333	2.61	63790	12970	287915	711492	11.15
1990	80-84	0.07672	0.32293	2.55	50820	16411	213910	423577	8.33
1990	85-89	0.12545	0.47471	2.44	34408	16334	130203	209667	6.09
1990	90-94	0.19697	0.64075	2.27	18074	11581	58796	79464	4.40
1990	95-99	0.29366	0.78745	2.06	6493	5113	17411	20668	3.18
1990	100-104	0.41220	0.88959	1.81	1380	1228	2978	3257	2.36
1990	105-109	0.54223	0.94654	1.56	152	144	266	279	1.83
1990	110+	0.64841	1.00000	1.54	8	8	13	13	1.54
1991	0	0.00789	0.00783	0.07	100000	783	99272	7666708	76.67
1991	1-4	0.00040	0.00159	1.49	99217	158	396472	7567436	76.27
1991	5-9	0.00028	0.00138	2.13	99059	137	494901	7170963	72.39
1991	10-14	0.00030	0.00150	2.96	98922	148	494308	6676062	67.49
1991	15-19	0.00124	0.00618	2.72	98774	610	492475	6181754	62.59
1991	20-24	0.00131	0.00653	2.43	98163	641	489170	5689280	57.96
1991	25-29	0.00132	0.00657	2.05	97523	640	485722	5200109	53.32
1991	30-34	0.00116	0.00579	2.66	96882	561	483098	4714387	48.66
1991	35-39	0.00148	0.00738	2.58	96321	710	479889	4231289	43.93
1991	40-44	0.00203	0.01008	2.48	95611	964	475623	3751400	39.24
1991	45-49	0.00326	0.01619	2.59	94647	1532	469538	3275777	34.61
1991	50-54	0.00502	0.02478	2.52	93115	2307	459844	2806240	30.14
1991	55-59	0.00859	0.04212	2.68	90807	3825	445152	2346396	25.84
1991	60-64	0.01281	0.06213	2.61	86982	5404	422021	1901244	21.86
1991	65-69	0.02036	0.09708	2.62	81578	7920	389061	1479223	18.13
1991	70-74	0.02763	0.12955	2.59	73658	9542	345328	1090162	14.80
1991	75-79	0.04702	0.21200	2.68	64116	13592	289052	744834	11.62
1991	80-84	0.06468	0.27983	2.59	50523	14138	218592	455782	9.02
1991	85-89	0.11086	0.43359	2.49	36386	15776	142306	237190	6.52
1991	90-94	0.18304	0.61419	2.32	20609	12658	69154	94884	4.60
1991	95-99	0.28636	0.78058	2.09	7951	6207	21675	25730	3.24
1991	100-104	0.41818	0.89483	1.8	1745	1561	3733	4056	2.32
1991	105-109	0.56450	0.95376	1.53	183	175	310	322	1.76
1991	110+	0.68292	1.00000	1.46	8	8	12	12	1.46
1992	0	0.00933	0.00925	0.07	100000	925	99144	7643773	76.44
1992	1-4	0.00070	0.00278	1.38	99075	276	395579	7544629	76.15
1992	5-9	0.00021	0.00103	2.2	98799	102	493712	7149051	72.36
1992	10-14	0.00024	0.00122	3.25	98697	120	493277	6655339	67.43
1992	15-19	0.00126	0.00629	2.87	98577	620	491562	6162062	62.51
1992	20-24	0.00085	0.00426	2.71	97957	417	488829	5670501	57.89
1992	25-29	0.00143	0.00712	2.28	97539	695	485809	5181672	53.12
1992	30-34	0.00137	0.00685	2.43	96845	663	482521	4695863	48.49
1992	35-39	0.00165	0.00820	2.41	96181	789	478864	4213342	43.81
1992	40-44	0.00209	0.01038	2.66	95393	990	474643	3734478	39.15
1992	45-49	0.00297	0.01477	2.77	94403	1394	468900	3259836	34.53
1992	50-54	0.00517	0.02551	2.63	93008	2373	459421	2790936	30.01
1992	55-59	0.00827	0.04060	2.69	90635	3680	444691	2331515	25.72
1992	60-64	0.01202	0.05836	2.53	86956	5075	422265	1886824	21.70
1992	65-69	0.02081	0.09914	2.62	81881	8118	390073	1464559	17.89
1992	70-74	0.03061	0.14272	2.63	73764	10527	343883	1074486	14.57
1992	75-79	0.04760	0.21242	2.47	63236	13433	282217	730603	11.55
1992	80-84	0.06789	0.29122	2.56	49804	14504	213653	448386	9.00
1992	85-89	0.11005	0.43041	2.47	35300	15193	138061	234733	6.65
1992	90-94	0.17437	0.59469	2.33	20106	11957	68571	96672	4.81
1992	95-99	0.26620	0.75361	2.12	8149	6141	23071	28101	3.45
1992	100-104	0.38547	0.87279	1.87	2008	1752	4546	5030	2.50
1992	105-109	0.52274	0.94107	1.6	255	240	460	483	1.89
1992	110+	0.63754	1.00000	1.57	15	15	24	24	1.57
1993	0	0.00809	0.00802	0.07	100000	802	99254	7646733	76.47
1993	1-4	0.00048	0.00193	1.56	99198	192	396323	7547478	76.09
1993	5-9	0.00017	0.00083	1.16	99006	83	494712	7151155	72.23
1993	10-14	0.00019	0.00095	4.13	98923	94	494535	6656442	67.29
1993	15-19	0.00103	0.00514	2.65	98829	508	492950	6161907	62.35
1993	20-24	0.00102	0.00509	2.33	98322	500	490275	5668957	57.66
1993	25-29	0.00114	0.00568	2.47	97822	555	487700	5178682	52.94
1993	30-34	0.00149	0.00743	2.74	97266	723	484695	4690982	48.23
1993	35-39	0.00161	0.00803	2.62	96543	775	480869	4206287	43.57
1993	40-44	0.00185	0.00920	2.35	95768	881	476508	3725417	38.90
1993	45-49	0.00316	0.01569	2.76	94887	1489	471101	3248909	34.24
1993	50-54	0.00548	0.02703	2.68	93399	2525	461134	2777808	29.74
1993	55-59	0.00763	0.03748	2.67	90874	3406	446438	2316674	25.49
1993	60-64	0.01354	0.06560	2.61	87468	5738	423636	1870235	21.38
1993	65-69	0.01809	0.08695	2.78	81730	7107	392842	1446599	17.70
1993	70-74	0.03067	0.14280	2.59	74623	10656	347454	1053758	14.12
1993	75-79	0.05000	0.22321	2.6	63967	14278	285542	706304	11.04
1993	80-84	0.07497	0.31661	2.55	49689	15732	209833	420762	8.47
1993	85-89	0.12124	0.46294	2.45	33957	15720	129659	210930	6.21
1993	90-94	0.19223	0.63202	2.29	18237	11526	59960	81270	4.46
1993	95-99	0.29330	0.78823	2.07	6711	5290	18035	21310	3.18
1993	100-104	0.42235	0.89695	1.79	1421	1275	3018	3275	2.30
1993	105-109	0.56597	0.95400	1.53	146	140	247	257	1.75
1993	110+	0.68248	1.00000	1.47	7	7	10	10	1.47
1994	0	0.00679	0.00675	0.07	100000	675	99371	7674849	76.75
1994	1-4	0.00041	0.00166	1.57	99325	165	396902	7575478	76.27
1994	5-9	0.00011	0.00055	1.97	99161	55	495639	7178576	72.39
1994	10-14	0.00026	0.00128	3.4	99106	127	495327	6682937	67.43
1994	15-19	0.00110	0.00547	2.73	98979	542	493666	6187611	62.51
1994	20-24	0.00155	0.00771	2.33	98437	759	490163	5693944	57.84
1994	25-29	0.00115	0.00575	2.37	97678	561	486916	5203781	53.27
1994	30-34	0.00154	0.00765	2.75	97117	743	483912	4716865	48.57
1994	35-39	0.00142	0.00706	2.43	96373	680	480117	4232953	43.92
1994	40-44	0.00185	0.00922	2.5	95693	883	476256	3752836	39.22
1994	45-49	0.00297	0.01475	2.72	94811	1399	470869	3276580	34.56
1994	50-54	0.00527	0.02604	2.64	93412	2433	461308	2805711	30.04
1994	55-59	0.00694	0.03412	2.57	90979	3105	447339	2344403	25.77
1994	60-64	0.01280	0.06205	2.52	87874	5453	425870	1897065	21.59
1994	65-69	0.01935	0.09276	2.78	82422	7645	395168	1471195	17.85
1994	70-74	0.03138	0.14633	2.7	74776	10942	348734	1076027	14.39
1994	75-79	0.04596	0.20768	2.68	63834	13257	288466	727292	11.39
1994	80-84	0.07293	0.30933	2.55	50577	15645	214521	438826	8.68
1994	85-89	0.11682	0.45007	2.45	34932	15722	134578	224305	6.42
1994	90-94	0.18213	0.61076	2.3	19210	11733	64419	89728	4.67
1994	95-99	0.27293	0.76188	2.1	7477	5697	20873	25309	3.38
1994	100-104	0.38823	0.87404	1.86	1781	1556	4009	4436	2.49
1994	105-109	0.51914	0.93937	1.6	224	211	406	427	1.91
1994	110+	0.62819	1.00000	1.59	14	14	22	22	1.59
1995	0	0.00765	0.00760	0.07	100000	760	99293	7628102	76.28
1995	1-4	0.00042	0.00169	1.49	99240	168	396540	7528809	75.86
1995	5-9	0.00027	0.00135	2.61	99073	134	495042	7132268	71.99
1995	10-14	0.00019	0.00093	2.84	98938	92	494493	6637226	67.08
1995	15-19	0.00118	0.00589	2.61	98846	582	492840	6142734	62.14
1995	20-24	0.00154	0.00765	2.15	98264	751	489179	5649894	57.50
1995	25-29	0.00139	0.00692	2.63	97513	675	485964	5160715	52.92
1995	30-34	0.00108	0.00539	2.37	96838	522	482815	4674751	48.27
1995	35-39	0.00144	0.00717	2.63	96316	691	479941	4191936	43.52
1995	40-44	0.00263	0.01308	2.62	95625	1251	475141	3711994	38.82
1995	45-49	0.00257	0.01278	2.58	94374	1206	468955	3236854	34.30
1995	50-54	0.00450	0.02224	2.52	93168	2072	460700	2767899	29.71
1995	55-59	0.00799	0.03921	2.64	91096	3572	447066	2307199	25.33
1995	60-64	0.01326	0.06435	2.71	87524	5632	424741	1860133	21.25
1995	65-69	0.01967	0.09394	2.61	81892	7693	391042	1435392	17.53
1995	70-74	0.03058	0.14245	2.6	74199	10570	345580	1044349	14.07
1995	75-79	0.05065	0.22596	2.62	63629	14378	283885	698769	10.98
1995	80-84	0.07500	0.31682	2.55	49252	15604	208057	414884	8.42
1995	85-89	0.12277	0.46740	2.45	33648	15727	128099	206827	6.15
1995	90-94	0.19574	0.63905	2.28	17921	11452	58507	78728	4.39
1995	95-99	0.29876	0.79458	2.05	6468	5140	17203	20221	3.13
1995	100-104	0.42910	0.90078	1.78	1329	1197	2789	3018	2.27
1995	105-109	0.57288	0.95575	1.51	132	126	220	228	1.73
1995	110+	0.68890	1.00000	1.45	6	6	8	8	1.45
1996	0	0.00640	0.00636	0.07	100000	636	99407	7707359	77.07
1996	1-4	0.00035	0.00140	1.28	99364	139	397077	7607952	76.57
1996	5-9	0.00022	0.00111	2.8	99225	110	495882	7210875	72.67
1996	10-14	0.00045	0.00227	2.55	99115	225	495022	6714993	67.75
1996	15-19	0.00124	0.00619	2.41	98890	612	492864	6219970	62.90
1996	20-24	0.00122	0.00606	2.28	98278	595	489766	5727107	58.27
1996	25-29	0.00081	0.00405	2.77	97682	395	487530	5237340	53.62
1996	30-34	0.00146	0.00725	2.82	97287	706	484897	4749810	48.82
1996	35-39	0.00120	0.00599	2.09	96581	578	481223	4264913	44.16
1996	40-44	0.00167	0.00832	2.52	96003	798	478034	3783690	39.41
1996	45-49	0.00312	0.01548	2.55	95205	1474	472411	3305656	34.72
1996	50-54	0.00477	0.02358	2.83	93731	2210	463850	2833245	30.23
1996	55-59	0.00658	0.03240	2.73	91520	2965	450871	2369395	25.89
1996	60-64	0.01127	0.05485	2.54	88555	4857	430847	1918524	21.66
1996	65-69	0.02024	0.09674	2.72	83698	8097	400050	1487677	17.77
1996	70-74	0.03032	0.14079	2.47	75601	10644	351034	1087627	14.39
1996	75-79	0.04540	0.20524	2.67	64958	13332	293666	736593	11.34
1996	80-84	0.07263	0.30852	2.56	51626	15928	219311	442927	8.58
1996	85-89	0.11992	0.45935	2.45	35698	16398	136745	223616	6.26
1996	90-94	0.19050	0.62833	2.29	19300	12127	63658	86872	4.50
1996	95-99	0.28760	0.78067	2.07	7173	5600	19471	23214	3.24
1996	100-104	0.40838	0.88761	1.82	1573	1396	3419	3743	2.38
1996	105-109	0.54197	0.94671	1.56	177	167	309	323	1.83
1996	110+	0.65119	1.00000	1.54	9	9	14	14	1.54
1997	0	0.00596	0.00593	0.06	100000	593	99446	7697094	76.97
1997	1-4	0.00031	0.00126	1.39	99407	125	397302	7597649	76.43
1997	5-9	0.00031	0.00155	2.64	99282	154	496047	7200346	72.52
1997	10-14	0.00029	0.00145	2.78	99128	144	495321	6704299	67.63
1997	15-19	0.00092	0.00460	2.71	98984	455	493876	6208978	62.73
1997	20-24	0.00115	0.00573	2.34	98529	565	491142	5715102	58.00
1997	25-29	0.00110	0.00546	2.5	97964	535	488485	5223960	53.33
1997	30-34	0.00146	0.00725	2.5	97429	706	485376	4735475	48.60
1997	35-39	0.00158	0.00788	2.75	96723	762	481898	4250099	43.94
1997	40-44	0.00171	0.00851	2.63	95960	817	477865	3768201	39.27
1997	45-49	0.00314	0.01557	2.72	95143	1481	472332	3290336	34.58
1997	50-54	0.00409	0.02029	2.93	93662	1901	464368	2818003	30.09
1997	55-59	0.00712	0.03499	2.59	91761	3211	451078	2353635	25.65
1997	60-64	0.01257	0.06097	2.54	88551	5399	429492	1902557	21.49
1997	65-69	0.01835	0.08787	2.61	83152	7307	398301	1473065	17.72
1997	70-74	0.03138	0.14608	2.64	75845	11079	353075	1074764	14.17
1997	75-79	0.04670	0.21012	2.62	64765	13609	291392	721689	11.14
1997	80-84	0.07577	0.31948	2.55	51157	16344	215697	430297	8.41
1997	85-89	0.12295	0.46773	2.44	34813	16283	132434	214600	6.16
1997	90-94	0.19400	0.63528	2.28	18530	11772	60677	82166	4.43
1997	95-99	0.29326	0.78772	2.06	6758	5324	18153	21489	3.18
1997	100-104	0.41843	0.89420	1.8	1435	1283	3066	3336	2.33
1997	105-109	0.55744	0.95147	1.54	152	144	259	270	1.78
1997	110+	0.67077	1.00000	1.49	7	7	11	11	1.49
1998	0	0.00735	0.00730	0.07	100000	730	99322	7680938	76.81
1998	1-4	0.00055	0.00221	1.87	99270	220	396613	7581616	76.37
1998	5-9	0.00020	0.00100	2.43	99051	99	494997	7185003	72.54
1998	10-14	0.00025	0.00124	2.83	98951	122	494491	6690007	67.61
1998	15-19	0.00101	0.00505	2.88	98829	499	493087	6195516	62.69
1998	20-24	0.00088	0.00439	2.58	98330	432	490601	5702429	57.99
1998	25-29	0.00114	0.00569	2.58	97898	557	488139	5211828	53.24
1998	30-34	0.00130	0.00647	2.63	97341	630	485207	4723689	48.53
1998	35-39	0.00167	0.00830	2.79	96711	803	481781	4238482	43.83
1998	40-44	0.00190	0.00946	2.57	95908	908	477338	3756701	39.17
1998	45-49	0.00344	0.01707	2.7	95000	1622	471268	3279363	34.52
1998	50-54	0.00460	0.02276	2.54	93378	2125	461666	2808095	30.07
1998	55-59	0.00683	0.03359	2.58	91253	3066	448843	2346428	25.71
1998	60-64	0.01184	0.05766	2.72	88188	5085	429320	1897586	21.52
1998	65-69	0.01709	0.08235	2.79	83103	6844	400385	1468266	17.67
1998	70-74	0.03214	0.14920	2.6	76259	11378	354002	1067881	14.00
1998	75-79	0.04994	0.22301	2.6	64881	14469	289724	713879	11.00
1998	80-84	0.07552	0.31864	2.55	50411	16063	212698	424154	8.41
1998	85-89	0.12306	0.46809	2.44	34348	16078	130653	211456	6.16
1998	90-94	0.19464	0.63658	2.28	18270	11630	59753	80803	4.42
1998	95-99	0.29432	0.78895	2.06	6640	5238	17798	21050	3.17
1998	100-104	0.41940	0.89471	1.8	1401	1254	2989	3252	2.32
1998	105-109	0.55764	0.95146	1.54	148	140	252	262	1.78
1998	110+	0.67003	1.00000	1.49	7	7	11	11	1.49
1999	0	0.00690	0.00685	0.07	100000	685	99361	7654589	76.55
1999	1-4	0.00012	0.00048	1.51	99315	47	397141	7555228	76.07
1999	5-9	0.00055	0.00273	2.64	99267	271	495697	7158087	72.11
1999	10-14	0.00031	0.00154	2.26	98997	152	494565	6662390	67.30
1999	15-19	0.00106	0.00531	3.08	98844	525	493212	6167825	62.40
1999	20-24	0.00118	0.00589	2.65	98319	579	490237	5674613	57.72
1999	25-29	0.00081	0.00403	2.99	97740	394	487910	5184376	53.04
1999	30-34	0.00112	0.00556	2.71	97346	541	485490	4696466	48.25
1999	35-39	0.00171	0.00850	2.82	96805	823	482232	4210976	43.50
1999	40-44	0.00220	0.01094	2.43	95982	1050	477214	3728743	38.85
1999	45-49	0.00307	0.01526	2.68	94931	1449	471300	3251529	34.25
1999	50-54	0.00504	0.02492	2.76	93482	2330	462201	2780229	29.74
1999	55-59	0.00760	0.03737	2.76	91152	3406	448140	2318028	25.43
1999	60-64	0.01205	0.05851	2.53	87746	5134	426061	1869888	21.31
1999	65-69	0.01987	0.09493	2.65	82612	7842	394646	1443827	17.48
1999	70-74	0.02873	0.13417	2.54	74770	10032	349194	1049181	14.03
1999	75-79	0.04701	0.21102	2.58	64738	13661	290625	699987	10.81
1999	80-84	0.08019	0.33522	2.56	51077	17122	213531	409362	8.01
1999	85-89	0.13436	0.49933	2.43	33955	16955	126187	195830	5.77
1999	90-94	0.21460	0.67410	2.24	17000	11460	53400	69644	4.10
1999	95-99	0.32251	0.81946	2	5540	4540	14077	16244	2.93
1999	100-104	0.45202	0.91215	1.73	1000	912	2018	2167	2.17
1999	105-109	0.58883	0.95911	1.49	88	84	143	148	1.69
1999	110+	0.69692	1.00000	1.43	4	4	5	5	1.43
2000	0	0.00686	0.00681	0.07	100000	681	99365	7710966	77.11
2000	1-4	0.00028	0.00113	2.36	99319	112	397091	7611601	76.64
2000	5-9	0.00026	0.00130	3.01	99206	129	495775	7214511	72.72
2000	10-14	0.00026	0.00130	2.34	99078	129	495045	6718735	67.81
2000	15-19	0.00081	0.00405	2.8	98949	401	493864	6223691	62.90
2000	20-24	0.00094	0.00467	1.78	98548	460	491258	5729827	58.14
2000	25-29	0.00108	0.00538	2.54	98088	528	489141	5238569	53.41
2000	30-34	0.00122	0.00607	2.53	97560	592	486335	4749427	48.68
2000	35-39	0.00151	0.00752	2.45	96968	729	482979	4263092	43.96
2000	40-44	0.00253	0.01255	2.65	96238	1208	478351	3780114	39.28
2000	45-49	0.00287	0.01426	2.4	95030	1355	471623	3301763	34.74
2000	50-54	0.00498	0.02464	2.85	93675	2308	463417	2830139	30.21
2000	55-59	0.00690	0.03392	2.52	91367	3099	449160	2366722	25.90
2000	60-64	0.01135	0.05524	2.61	88269	4876	429704	1917562	21.72
2000	65-69	0.01797	0.08613	2.6	83393	7183	399726	1487858	17.84
2000	70-74	0.02829	0.13237	2.58	76210	10088	356616	1088132	14.28
2000	75-79	0.04635	0.20904	2.65	66122	13822	298183	731516	11.06
2000	80-84	0.07599	0.32051	2.56	52300	16763	220588	433334	8.29
2000	85-89	0.12682	0.47895	2.45	35537	17021	134214	212746	5.99
2000	90-94	0.20447	0.65605	2.27	18517	12148	59414	78532	4.24
2000	95-99	0.31311	0.81060	2.03	6369	5163	16488	19119	3.00
2000	100-104	0.44835	0.91113	1.74	1206	1099	2451	2631	2.18
2000	105-109	0.59426	0.96084	1.48	107	103	173	179	1.67
2000	110+	0.70983	1.00000	1.41	4	4	6	6	1.41
2001	0	0.00578	0.00575	0.07	100000	575	99464	7692052	76.92
2001	1-4	0.00044	0.00177	1.5	99425	176	397260	7592588	76.37
2001	5-9	0.00018	0.00089	2.92	99249	89	496061	7195328	72.50
2001	10-14	0.00026	0.00130	3.46	99160	129	495604	6699267	67.56
2001	15-19	0.00089	0.00445	2.55	99032	441	494080	6203662	62.64
2001	20-24	0.00126	0.00626	2.26	98591	617	491264	5709582	57.91
2001	25-29	0.00124	0.00618	2.21	97974	605	488180	5218318	53.26
2001	30-34	0.00156	0.00778	2.34	97369	757	484832	4730138	48.58
2001	35-39	0.00188	0.00937	2.84	96612	906	481102	4245306	43.94
2001	40-44	0.00218	0.01083	2.79	95706	1036	476238	3764204	39.33
2001	45-49	0.00326	0.01618	2.76	94670	1532	469912	3287967	34.73
2001	50-54	0.00501	0.02470	2.35	93138	2301	459587	2818054	30.26
2001	55-59	0.00656	0.03226	2.58	90838	2931	447100	2358467	25.96
2001	60-64	0.01171	0.05699	2.69	87907	5010	427940	1911367	21.74
2001	65-69	0.01746	0.08394	2.71	82897	6958	398546	1483427	17.89
2001	70-74	0.02801	0.13131	2.62	75939	9971	356002	1084882	14.29
2001	75-79	0.04465	0.20104	2.53	65967	13262	297024	728879	11.05
2001	80-84	0.07766	0.32629	2.55	52705	17197	221453	431856	8.19
2001	85-89	0.12891	0.48461	2.44	35508	17208	133482	210403	5.93
2001	90-94	0.20697	0.66061	2.26	18300	12089	58411	76921	4.20
2001	95-99	0.31584	0.81337	2.02	6211	5052	15995	18510	2.98
2001	100-104	0.45090	0.91234	1.74	1159	1058	2345	2515	2.17
2001	105-109	0.59615	0.96122	1.48	102	98	164	169	1.67
2001	110+	0.71098	1.00000	1.41	4	4	6	6	1.41
2002	0	0.00685	0.00680	0.07	100000	680	99367	7658699	76.59
2002	1-4	0.00044	0.00175	1.32	99320	174	396812	7559332	76.11
2002	5-9	0.00028	0.00140	1.79	99146	139	495283	7162520	72.24
2002	10-14	0.00030	0.00150	1.83	99007	149	494562	6667237	67.34
2002	15-19	0.00078	0.00388	2.88	98858	384	493476	6172675	62.44
2002	20-24	0.00158	0.00785	2.39	98474	773	490353	5679199	57.67
2002	25-29	0.00166	0.00828	2.1	97701	809	486162	5188846	53.11
2002	30-34	0.00145	0.00725	2.54	96892	702	482732	4702685	48.54
2002	35-39	0.00191	0.00952	2.7	96190	916	478844	4219953	43.87
2002	40-44	0.00228	0.01134	2.28	95274	1080	473436	3741109	39.27
2002	45-49	0.00341	0.01690	2.39	94194	1591	466818	3267673	34.69
2002	50-54	0.00466	0.02307	2.6	92603	2136	457892	2800855	30.25
2002	55-59	0.00622	0.03065	2.67	90467	2773	445873	2342962	25.90
2002	60-64	0.01108	0.05396	2.63	87694	4732	427236	1897090	21.63
2002	65-69	0.01885	0.09025	2.65	82962	7488	397195	1469853	17.72
2002	70-74	0.02830	0.13261	2.63	75475	10009	353662	1072658	14.21
2002	75-79	0.04639	0.20879	2.61	65466	13669	294660	718997	10.98
2002	80-84	0.07533	0.31855	2.58	51797	16500	219020	424337	8.19
2002	85-89	0.13053	0.48973	2.45	35297	17286	132435	205316	5.82
2002	90-94	0.21611	0.67809	2.25	18011	12213	56513	72881	4.05
2002	95-99	0.33566	0.83386	1.98	5798	4835	14404	16368	2.82
2002	100-104	0.48168	0.92691	1.68	963	893	1854	1964	2.04
2002	105-109	0.63359	0.96885	1.42	70	68	108	111	1.57
2002	110+	0.74937	1.00000	1.33	2	2	3	3	1.33
2003	0	0.00587	0.00584	0.06	100000	584	99454	7685962	76.86
2003	1-4	0.00067	0.00266	1.74	99416	265	397068	7586508	76.31
2003	5-9	0.00028	0.00140	2.26	99151	139	495377	7189441	72.51
2003	10-14	0.00022	0.00110	2.46	99013	109	494787	6694064	67.61
2003	15-19	0.00084	0.00421	2.64	98904	416	493537	6199277	62.68
2003	20-24	0.00101	0.00502	2.18	98488	494	491045	5705739	57.93
2003	25-29	0.00106	0.00529	2.82	97994	519	488836	5214695	53.21
2003	30-34	0.00127	0.00635	2.62	97475	619	485906	4725858	48.48
2003	35-39	0.00208	0.01036	2.44	96857	1004	481717	4239953	43.78
2003	40-44	0.00291	0.01444	2.56	95853	1384	475891	3758236	39.21
2003	45-49	0.00315	0.01563	2.72	94469	1477	468978	3282346	34.75
2003	50-54	0.00497	0.02458	2.64	92992	2285	459578	2813368	30.25
2003	55-59	0.00744	0.03661	2.85	90707	3321	446404	2353790	25.95
2003	60-64	0.01171	0.05699	2.63	87386	4980	425111	1907386	21.83
2003	65-69	0.01802	0.08647	2.66	82406	7126	395338	1482275	17.99
2003	70-74	0.02885	0.13522	2.68	75281	10180	352798	1086936	14.44
2003	75-79	0.04182	0.18984	2.57	65101	12359	295530	734139	11.28
2003	80-84	0.07187	0.30649	2.6	52742	16165	224902	438608	8.32
2003	85-89	0.12848	0.48466	2.47	36578	17728	137981	213707	5.84
2003	90-94	0.21747	0.68111	2.26	18850	12839	59038	75726	4.02
2003	95-99	0.34193	0.84010	1.97	6011	5050	14769	16688	2.78
2003	100-104	0.49260	0.93152	1.66	961	895	1818	1919	2.00
2003	105-109	0.64671	0.97115	1.4	66	64	99	101	1.54
2003	110+	0.76218	1.00000	1.31	2	2	2	2	1.31
2004	0	0.00881	0.00874	0.07	100000	874	99190	7763454	77.63
2004	1-4	0.00023	0.00092	1.52	99126	91	396278	7664264	77.32
2004	5-9	0.00012	0.00062	2.01	99035	62	494990	7267986	73.39
2004	10-14	0.00022	0.00110	2.58	98973	109	494602	6772996	68.43
2004	15-19	0.00073	0.00366	2.49	98864	362	493412	6278395	63.51
2004	20-24	0.00134	0.00670	2.62	98502	660	490940	5784983	58.73
2004	25-29	0.00112	0.00559	2.45	97842	546	487816	5294043	54.11
2004	30-34	0.00120	0.00597	2.62	97296	581	485095	4806228	49.40
2004	35-39	0.00164	0.00814	2.49	96715	788	481593	4321132	44.68
2004	40-44	0.00197	0.00981	2.76	95927	941	477529	3839539	40.03
2004	45-49	0.00336	0.01668	2.57	94986	1585	471078	3362010	35.39
2004	50-54	0.00468	0.02313	2.42	93402	2160	461434	2890932	30.95
2004	55-59	0.00680	0.03346	2.64	91241	3053	448988	2429498	26.63
2004	60-64	0.01056	0.05150	2.64	88189	4542	430223	1980510	22.46
2004	65-69	0.01697	0.08158	2.63	83647	6824	402028	1550287	18.53
2004	70-74	0.02576	0.12168	2.73	76823	9348	362855	1148259	14.95
2004	75-79	0.04158	0.18881	2.57	67475	12740	306372	785404	11.64
2004	80-84	0.06844	0.29362	2.58	54735	16071	234828	479032	8.75
2004	85-89	0.11648	0.45003	2.47	38664	17400	149375	244204	6.32
2004	90-94	0.19108	0.63051	2.3	21264	13407	70166	94829	4.46
2004	95-99	0.29695	0.79304	2.06	7857	6231	20983	24664	3.14
2004	100-104	0.43052	0.90184	1.78	1626	1466	3406	3681	2.26
2004	105-109	0.57674	0.95680	1.51	160	153	265	275	1.72
2004	110+	0.69381	1.00000	1.44	7	7	10	10	1.44
2005	0	0.00710	0.00705	0.07	100000	705	99343	7748613	77.49
2005	1-4	0.00026	0.00105	1.52	99295	104	396920	7649270	77.04
2005	5-9	0.00006	0.00031	1.5	99191	30	495847	7252350	73.12
2005	10-14	0.00022	0.00111	3.21	99160	110	495605	6756503	68.14
2005	15-19	0.00100	0.00499	2.44	99051	494	493987	6260898	63.21
2005	20-24	0.00120	0.00598	2.34	98556	589	491216	5766911	58.51
2005	25-29	0.00134	0.00668	2.88	97967	655	488448	5275695	53.85
2005	30-34	0.00136	0.00678	2.46	97312	660	484883	4787246	49.19
2005	35-39	0.00192	0.00956	2.48	96653	924	480931	4302363	44.51
2005	40-44	0.00244	0.01215	2.83	95728	1163	476120	3821432	39.92
2005	45-49	0.00322	0.01600	2.82	94565	1513	469536	3345312	35.38
2005	50-54	0.00441	0.02180	2.59	93053	2029	460371	2875776	30.90
2005	55-59	0.00761	0.03740	2.75	91024	3404	447472	2415405	26.54
2005	60-64	0.01049	0.05126	2.79	87620	4492	428159	1967933	22.46
2005	65-69	0.01647	0.07919	2.56	83128	6583	399592	1539774	18.52
2005	70-74	0.02481	0.11753	2.76	76545	8996	362599	1140182	14.90
2005	75-79	0.04266	0.19252	2.47	67549	13005	304828	777584	11.51
2005	80-84	0.06890	0.29545	2.59	54544	16115	233903	472755	8.67
2005	85-89	0.11917	0.45795	2.47	38429	17599	147671	238853	6.22
2005	90-94	0.19614	0.64048	2.29	20830	13342	68019	91182	4.38
2005	95-99	0.30262	0.79907	2.05	7489	5984	19774	23163	3.09
2005	100-104	0.43328	0.90282	1.77	1505	1359	3135	3389	2.25
2005	105-109	0.57362	0.95566	1.51	146	140	244	253	1.73
2005	110+	0.68540	1.00000	1.46	6	6	9	9	1.46
2006	0	0.00725	0.00720	0.07	100000	720	99329	7712263	77.12
2006	1-4	0.00043	0.00172	1.27	99280	171	396651	7612933	76.68
2006	5-9	0.00024	0.00121	3.14	99109	120	495320	7216282	72.81
2006	10-14	0.00025	0.00127	2.77	98989	126	494662	6720962	67.90
2006	15-19	0.00080	0.00400	2.45	98863	395	493305	6226300	62.98
2006	20-24	0.00113	0.00563	2.72	98467	554	491070	5732995	58.22
2006	25-29	0.00175	0.00871	2.48	97913	853	487417	5241924	53.54
2006	30-34	0.00136	0.00676	2.49	97060	656	483655	4754507	48.99
2006	35-39	0.00172	0.00856	2.47	96404	825	479931	4270853	44.30
2006	40-44	0.00240	0.01192	2.64	95580	1139	475211	3790921	39.66
2006	45-49	0.00365	0.01812	2.76	94441	1711	468365	3315711	35.11
2006	50-54	0.00477	0.02359	2.6	92730	2187	458393	2847345	30.71
2006	55-59	0.00671	0.03302	2.61	90543	2989	445567	2388952	26.38
2006	60-64	0.01023	0.04990	2.59	87553	4369	427247	1943385	22.20
2006	65-69	0.01766	0.08466	2.56	83184	7042	398744	1516137	18.23
2006	70-74	0.02665	0.12561	2.72	76142	9564	358871	1117393	14.68
2006	75-79	0.04054	0.18488	2.62	66578	12309	303604	758522	11.39
2006	80-84	0.07296	0.31010	2.58	54269	16829	230648	454918	8.38
2006	85-89	0.12581	0.47664	2.46	37440	17845	141840	224269	5.99
2006	90-94	0.20643	0.66005	2.27	19595	12934	62655	82429	4.21
2006	95-99	0.31734	0.81500	2.02	6661	5429	17107	19774	2.97
2006	100-104	0.45220	0.91279	1.73	1232	1125	2487	2667	2.16
2006	105-109	0.59478	0.96073	1.48	107	103	174	180	1.67
2006	110+	0.70660	1.00000	1.42	4	4	6	6	1.42
2007	0	0.00741	0.00736	0.07	100000	736	99315	7736350	77.36
2007	1-4	0.00027	0.00110	1.66	99264	109	396803	7637035	76.94
2007	5-9	0.00015	0.00074	2.91	99155	73	495623	7240232	73.02
2007	10-14	0.00020	0.00102	1.77	99082	101	495085	6744608	68.07
2007	15-19	0.00082	0.00410	3.08	98981	406	494127	6249523	63.14
2007	20-24	0.00141	0.00705	2.53	98576	695	491164	5755396	58.39
2007	25-29	0.00161	0.00802	2.84	97881	785	487707	5264232	53.78
2007	30-34	0.00155	0.00771	2.69	97096	749	483753	4776525	49.19
2007	35-39	0.00233	0.01158	2.76	96348	1116	479242	4292772	44.56
2007	40-44	0.00297	0.01476	2.59	95232	1405	472768	3813529	40.04
2007	45-49	0.00366	0.01812	2.54	93826	1700	464951	3340761	35.61
2007	50-54	0.00436	0.02160	2.71	92126	1990	456079	2875811	31.22
2007	55-59	0.00618	0.03051	2.92	90136	2750	444946	2419732	26.85
2007	60-64	0.01001	0.04888	2.65	87385	4271	426877	1974785	22.60
2007	65-69	0.01611	0.07761	2.64	83114	6451	400321	1547908	18.62
2007	70-74	0.02542	0.12000	2.67	76664	9200	361864	1147587	14.97
2007	75-79	0.04032	0.18373	2.58	67464	12395	307380	785723	11.65
2007	80-84	0.06787	0.29180	2.6	55069	16069	236754	478343	8.69
2007	85-89	0.11897	0.45758	2.48	38999	17846	150004	241590	6.19
2007	90-94	0.19830	0.64510	2.29	21154	13646	68815	91586	4.33
2007	95-99	0.30920	0.80684	2.04	7508	6057	19590	22771	3.03
2007	100-104	0.44568	0.90981	1.75	1450	1319	2960	3180	2.19
2007	105-109	0.59106	0.96004	1.48	131	126	212	220	1.68
2007	110+	0.70529	1.00000	1.42	5	5	7	7	1.42
2008	0	0.00710	0.00706	0.07	100000	706	99342	7785113	77.85
2008	1-4	0.00039	0.00157	1.78	99294	156	396830	7685771	77.40
2008	5-9	0.00023	0.00113	2.41	99138	112	495400	7288941	73.52
2008	10-14	0.00026	0.00128	2.82	99026	127	494852	6793542	68.60
2008	15-19	0.00067	0.00333	2.64	98899	329	493719	6298689	63.69
2008	20-24	0.00117	0.00583	2.57	98570	575	491449	5804971	58.89
2008	25-29	0.00173	0.00859	2.58	97995	842	487934	5313522	54.22
2008	30-34	0.00133	0.00665	2.74	97153	646	484304	4825588	49.67
2008	35-39	0.00187	0.00930	2.63	96507	898	480405	4341283	44.98
2008	40-44	0.00252	0.01251	2.65	95609	1196	475238	3860878	40.38
2008	45-49	0.00405	0.02009	2.74	94413	1896	467772	3385640	35.86
2008	50-54	0.00504	0.02491	2.54	92517	2305	456921	2917868	31.54
2008	55-59	0.00563	0.02774	2.42	90212	2503	444613	2460947	27.28
2008	60-64	0.00925	0.04526	2.6	87709	3970	429027	2016334	22.99
2008	65-69	0.01500	0.07248	2.69	83739	6070	404679	1587306	18.96
2008	70-74	0.02469	0.11693	2.74	77669	9082	367835	1182627	15.23
2008	75-79	0.03976	0.18126	2.57	68587	12432	312687	814793	11.88
2008	80-84	0.06514	0.28163	2.6	56155	15815	242790	502106	8.94
2008	85-89	0.11291	0.43979	2.49	40340	17741	157130	259316	6.43
2008	90-94	0.18739	0.62329	2.31	22599	14086	75165	102186	4.52
2008	95-99	0.29307	0.78863	2.07	8513	6714	22909	27021	3.17
2008	100-104	0.42616	0.89938	1.79	1799	1618	3798	4112	2.29
2008	105-109	0.57187	0.95556	1.52	181	173	303	314	1.74
2008	110+	0.68870	1.00000	1.45	8	8	12	12	1.45
2009	0	0.00583	0.00580	0.06	100000	580	99458	7810782	78.11
2009	1-4	0.00028	0.00113	1.29	99420	112	397378	7711324	77.56
2009	5-9	0.00019	0.00095	2.1	99308	94	496269	7313946	73.65
2009	10-14	0.00023	0.00113	3.27	99214	112	495878	6817677	68.72
2009	15-19	0.00105	0.00522	3.54	99102	517	494753	6321799	63.79
2009	20-24	0.00120	0.00599	2.52	98585	590	491462	5827047	59.11
2009	25-29	0.00128	0.00637	2.41	97995	625	488356	5335584	54.45
2009	30-34	0.00164	0.00816	2.52	97370	794	484879	4847229	49.78
2009	35-39	0.00168	0.00836	2.67	96576	808	480992	4362350	45.17
2009	40-44	0.00264	0.01310	2.67	95768	1255	475912	3881358	40.53
2009	45-49	0.00321	0.01594	2.48	94513	1506	468768	3405446	36.03
2009	50-54	0.00443	0.02191	2.56	93007	2038	460057	2936677	31.57
2009	55-59	0.00620	0.03053	2.56	90969	2777	448080	2476620	27.22
2009	60-64	0.00926	0.04532	2.68	88192	3997	431674	2028540	23.00
2009	65-69	0.01555	0.07499	2.66	84195	6314	406181	1596866	18.97
2009	70-74	0.02495	0.11808	2.74	77881	9196	368651	1190684	15.29
2009	75-79	0.03890	0.17802	2.62	68685	12228	314335	822034	11.97
2009	80-84	0.06309	0.27419	2.61	56457	15480	245365	507699	8.99
2009	85-89	0.11243	0.43877	2.5	40977	17980	159915	262334	6.40
2009	90-94	0.19045	0.63003	2.31	22998	14489	76077	102419	4.45
2009	95-99	0.30145	0.79878	2.06	8508	6796	22546	26342	3.10
2009	100-104	0.44020	0.90738	1.76	1712	1554	3529	3796	2.22
2009	105-109	0.58973	0.95998	1.49	159	152	258	267	1.68
2009	110+	0.70778	1.00000	1.41	6	6	9	9	1.41
2010	0	0.00650	0.00646	0.07	100000	646	99397	7802797	78.03
2010	1-4	0.00025	0.00099	1.63	99354	99	397181	7703400	77.53
2010	5-9	0.00011	0.00054	2.3	99255	53	496133	7306219	73.61
2010	10-14	0.00028	0.00139	2.71	99202	138	495694	6810086	68.65
2010	15-19	0.00062	0.00311	2.76	99064	308	494631	6314392	63.74
2010	20-24	0.00121	0.00603	2.46	98756	596	492267	5819762	58.93
2010	25-29	0.00107	0.00532	2.47	98160	522	489479	5327495	54.27
2010	30-34	0.00167	0.00832	2.27	97638	813	485970	4838016	49.55
2010	35-39	0.00180	0.00895	3.01	96825	867	482402	4352046	44.95
2010	40-44	0.00212	0.01054	2.78	95958	1011	477550	3869644	40.33
2010	45-49	0.00345	0.01712	2.76	94947	1626	471095	3392094	35.73
2010	50-54	0.00554	0.02735	2.71	93321	2552	460763	2920999	31.30
2010	55-59	0.00690	0.03396	2.73	90769	3083	446839	2460236	27.10
2010	60-64	0.01017	0.04965	2.59	87686	4354	427924	2013396	22.96
2010	65-69	0.01529	0.07382	2.69	83333	6152	402429	1585472	19.03
2010	70-74	0.02364	0.11162	2.51	77181	8615	364495	1183043	15.33
2010	75-79	0.03764	0.17242	2.57	68566	11822	314107	818548	11.94
2010	80-84	0.06361	0.27620	2.62	56744	15673	246396	504440	8.89
2010	85-89	0.11481	0.44600	2.5	41071	18317	159550	258045	6.28
2010	90-94	0.19698	0.64344	2.31	22753	14641	74324	98494	4.33
2010	95-99	0.31490	0.81402	2.03	8113	6604	20972	24170	2.98
2010	100-104	0.46188	0.91857	1.72	1509	1386	3001	3199	2.12
2010	105-109	0.61722	0.96596	1.44	123	119	192	198	1.61
2010	110+	0.73671	1.00000	1.36	4	4	6	6	1.36
2011	0	0.00651	0.00647	0.07	100000	647	99396	7833660	78.34
2011	1-4	0.00038	0.00151	1.4	99353	150	397020	7734265	77.85
2011	5-9	0.00008	0.00039	2.89	99203	39	495930	7337245	73.96
2011	10-14	0.00019	0.00097	3.22	99163	96	495646	6841314	68.99
2011	15-19	0.00098	0.00491	2.88	99067	487	494303	6345668	64.05
2011	20-24	0.00100	0.00497	2.51	98581	490	491680	5851365	59.36
2011	25-29	0.00131	0.00653	2.48	98090	640	488835	5359685	54.64
2011	30-34	0.00125	0.00622	2.66	97450	606	485830	4870850	49.98
2011	35-39	0.00169	0.00844	2.72	96844	817	482351	4385020	45.28
2011	40-44	0.00265	0.01316	2.94	96026	1264	477525	3902669	40.64
2011	45-49	0.00365	0.01813	2.88	94762	1718	470164	3425144	36.14
2011	50-54	0.00470	0.02323	2.72	93044	2161	460288	2954980	31.76
2011	55-59	0.00572	0.02822	2.66	90883	2564	448416	2494691	27.45
2011	60-64	0.01026	0.05005	2.55	88318	4420	430780	2046276	23.17
2011	65-69	0.01514	0.07308	2.64	83898	6132	405027	1615496	19.26
2011	70-74	0.02200	0.10465	2.68	77767	8138	369981	1210469	15.57
2011	75-79	0.03882	0.17693	2.5	69628	12320	317312	840488	12.07
2011	80-84	0.06005	0.26287	2.63	57309	15065	250871	523176	9.13
2011	85-89	0.10993	0.43168	2.51	42244	18236	165895	272305	6.45
2011	90-94	0.19068	0.63117	2.32	24008	15153	79470	106410	4.43
2011	95-99	0.30719	0.80590	2.05	8855	7136	23230	26940	3.04
2011	100-104	0.45303	0.91437	1.74	1719	1572	3469	3710	2.16
2011	105-109	0.60810	0.96414	1.46	147	142	233	241	1.63
2011	110+	0.72818	1.00000	1.37	5	5	7	7	1.37
2012	0	0.00525	0.00523	0.06	100000	523	99510	7847414	78.47
2012	1-4	0.00026	0.00102	1.36	99477	102	397641	7747903	77.89
2012	5-9	0.00023	0.00114	2.56	99376	114	496601	7350262	73.96
2012	10-14	0.00014	0.00069	2.31	99262	68	496126	6853661	69.05
2012	15-19	0.00051	0.00255	2.76	99194	253	495404	6357535	64.09
2012	20-24	0.00126	0.00627	2.59	98941	620	493211	5862131	59.25
2012	25-29	0.00129	0.00642	2.38	98321	632	489952	5368921	54.61
2012	30-34	0.00169	0.00844	2.54	97689	824	486415	4878969	49.94
2012	35-39	0.00179	0.00891	2.63	96865	863	482276	4392554	45.35
2012	40-44	0.00236	0.01172	2.84	96001	1125	477574	3910278	40.73
2012	45-49	0.00344	0.01710	2.9	94877	1622	470971	3432703	36.18
2012	50-54	0.00518	0.02559	2.55	93254	2386	460421	2961733	31.76
2012	55-59	0.00640	0.03154	2.64	90868	2866	447563	2501312	27.53
2012	60-64	0.00925	0.04528	2.68	88002	3985	430763	2053749	23.34
2012	65-69	0.01497	0.07220	2.57	84017	6066	405325	1622986	19.32
2012	70-74	0.02353	0.11158	2.69	77951	8698	369649	1217661	15.62
2012	75-79	0.03744	0.17232	2.69	69253	11934	318726	848012	12.25
2012	80-84	0.05822	0.25595	2.64	57319	14671	251992	529286	9.23
2012	85-89	0.10795	0.42589	2.52	42648	18163	168258	277294	6.50
2012	90-94	0.18917	0.62837	2.33	24485	15386	81333	109037	4.45
2012	95-99	0.30682	0.80570	2.05	9099	7331	23895	27704	3.04
2012	100-104	0.45400	0.91493	1.74	1768	1618	3563	3808	2.15
2012	105-109	0.60993	0.96453	1.46	150	145	238	245	1.63
2012	110+	0.73021	1.00000	1.37	5	5	7	7	1.37
2013	0	0.00466	0.00464	0.06	100000	464	99565	7876778	78.77
2013	1-4	0.00036	0.00142	1.66	99536	141	397815	7777213	78.13
2013	5-9	0.00012	0.00062	2.34	99395	61	496813	7379399	74.24
2013	10-14	0.00011	0.00055	3.75	99334	54	496602	6882586	69.29
2013	15-19	0.00072	0.00358	3.12	99280	356	495730	6385983	64.32
2013	20-24	0.00093	0.00464	2.6	98924	459	493519	5890253	59.54
2013	25-29	0.00124	0.00620	2.55	98465	610	490831	5396734	54.81
2013	30-34	0.00165	0.00819	2.18	97855	802	487012	4905903	50.13
2013	35-39	0.00154	0.00768	2.5	97053	746	483402	4418891	45.53
2013	40-44	0.00220	0.01095	2.64	96307	1054	479050	3935489	40.86
2013	45-49	0.00359	0.01782	2.75	95253	1697	472438	3456439	36.29
2013	50-54	0.00520	0.02566	2.62	93556	2401	462071	2984002	31.90
2013	55-59	0.00632	0.03116	2.72	91155	2840	449310	2521931	27.67
2013	60-64	0.00937	0.04579	2.51	88314	4044	431511	2072621	23.47
2013	65-69	0.01350	0.06562	2.86	84270	5530	409508	1641110	19.47
2013	70-74	0.02350	0.11141	2.68	78740	8772	373372	1231602	15.64
2013	75-79	0.03715	0.17092	2.67	69968	11959	321943	858230	12.27
2013	80-84	0.05939	0.26027	2.63	58009	15098	254219	536287	9.24
2013	85-89	0.10723	0.42334	2.52	42911	18166	169415	282067	6.57
2013	90-94	0.18431	0.61787	2.33	24745	15289	82953	112652	4.55
2013	95-99	0.29596	0.79303	2.07	9456	7499	25337	29699	3.14
2013	100-104	0.43750	0.90635	1.77	1957	1774	4054	4362	2.23
2013	105-109	0.59107	0.96049	1.49	183	176	298	308	1.68
2013	110+	0.71221	1.00000	1.4	7	7	10	10	1.40
2014	0	0.00640	0.00636	0.07	100000	636	99406	7842435	78.42
2014	1-4	0.00042	0.00168	1.7	99364	167	397070	7743029	77.93
2014	5-9	0.00007	0.00037	2.54	99196	36	495892	7345960	74.05
2014	10-14	0.00013	0.00066	1.72	99160	66	495585	6850067	69.08
2014	15-19	0.00070	0.00349	2.94	99094	345	494759	6354483	64.13
2014	20-24	0.00116	0.00580	2.75	98749	573	492457	5859724	59.34
2014	25-29	0.00132	0.00657	2.44	98176	645	489231	5367267	54.67
2014	30-34	0.00180	0.00896	2.6	97531	873	485555	4878036	50.02
2014	35-39	0.00155	0.00771	2.47	96658	745	481406	4392481	45.44
2014	40-44	0.00271	0.01345	2.74	95913	1290	476648	3911075	40.78
2014	45-49	0.00332	0.01648	2.47	94623	1559	469173	3434428	36.30
2014	50-54	0.00539	0.02661	2.66	93063	2476	459512	2965254	31.86
2014	55-59	0.00639	0.03144	2.38	90587	2848	445463	2505743	27.66
2014	60-64	0.00994	0.04850	2.54	87739	4255	428240	2060280	23.48
2014	65-69	0.01425	0.06885	2.55	83483	5748	403362	1632040	19.55
2014	70-74	0.02317	0.10991	2.68	77735	8544	368827	1228677	15.81
2014	75-79	0.03534	0.16297	2.62	69191	11276	319079	859850	12.43
2014	80-84	0.05740	0.25272	2.64	57915	14636	255008	540771	9.34
2014	85-89	0.10553	0.41842	2.53	43278	18108	171590	285763	6.60
2014	90-94	0.18447	0.61867	2.34	25170	15572	84416	114173	4.54
2014	95-99	0.30015	0.79840	2.07	9598	7663	25531	29757	3.10
2014	100-104	0.44719	0.91178	1.75	1935	1764	3945	4225	2.18
2014	105-109	0.60532	0.96373	1.46	171	165	272	280	1.64
2014	110+	0.72823	1.00000	1.37	6	6	9	9	1.37
2015	0	0.00505	0.00503	0.06	100000	503	99529	7825840	78.26
2015	1-4	0.00029	0.00117	1.94	99497	117	397748	7726312	77.65
2015	5-9	0.00027	0.00134	2.76	99381	133	496605	7328564	73.74
2015	10-14	0.00011	0.00053	2.53	99247	52	496107	6831959	68.84
2015	15-19	0.00081	0.00407	3.13	99195	403	495219	6335852	63.87
2015	20-24	0.00120	0.00596	2.63	98791	589	492559	5840633	59.12
2015	25-29	0.00172	0.00855	2.47	98203	839	488891	5348074	54.46
2015	30-34	0.00162	0.00808	2.65	97363	787	484967	4859183	49.91
2015	35-39	0.00212	0.01057	2.47	96577	1020	480307	4374216	45.29
2015	40-44	0.00274	0.01363	2.76	95556	1302	474870	3893909	40.75
2015	45-49	0.00398	0.01970	2.6	94254	1857	466820	3419039	36.27
2015	50-54	0.00483	0.02390	2.69	92397	2208	456888	2952219	31.95
2015	55-59	0.00643	0.03166	2.61	90189	2855	444132	2495331	27.67
2015	60-64	0.01024	0.05001	2.64	87334	4367	426350	2051199	23.49
2015	65-69	0.01488	0.07180	2.58	82967	5957	400415	1624848	19.58
2015	70-74	0.02215	0.10532	2.67	77009	8111	366130	1224433	15.90
2015	75-79	0.03696	0.16956	2.57	68899	11683	316127	858303	12.46
2015	80-84	0.05607	0.24757	2.64	57216	14165	252611	542176	9.48
2015	85-89	0.10249	0.40895	2.53	43051	17606	171786	289565	6.73
2015	90-94	0.17926	0.60776	2.35	25445	15465	86269	117779	4.63
2015	95-99	0.29349	0.79095	2.09	9981	7894	26898	31510	3.16
2015	100-104	0.44114	0.90896	1.77	2086	1896	4299	4612	2.21
2015	105-109	0.60213	0.96323	1.47	190	183	304	313	1.65
2015	110+	0.72804	1.00000	1.37	7	7	10	10	1.37
2016	0	0.00491	0.00489	0.06	100000	489	99541	7884938	78.85
2016	1-4	0.00033	0.00132	1.7	99511	131	397741	7785397	78.24
2016	5-9	0.00010	0.00049	3.5	99379	48	496825	7387656	74.34
2016	10-14	0.00013	0.00067	3.71	99331	66	496570	6890831	69.37
2016	15-19	0.00076	0.00381	3.21	99265	378	495648	6394262	64.42
2016	20-24	0.00103	0.00515	2.79	98887	509	493307	5898614	59.65
2016	25-29	0.00110	0.00547	2.76	98377	538	490679	5405307	54.94
2016	30-34	0.00159	0.00790	2.65	97839	773	487382	4914628	50.23
2016	35-39	0.00203	0.01008	2.52	97066	979	482902	4427246	45.61
2016	40-44	0.00271	0.01347	2.66	96088	1294	477411	3944345	41.05
2016	45-49	0.00349	0.01732	2.56	94794	1642	469961	3466933	36.57
2016	50-54	0.00466	0.02307	2.66	93152	2149	460738	2996972	32.17
2016	55-59	0.00699	0.03440	2.68	91003	3130	447767	2536234	27.87
2016	60-64	0.00980	0.04789	2.63	87873	4208	429378	2088467	23.77
2016	65-69	0.01488	0.07195	2.72	83665	6020	404585	1659089	19.83
2016	70-74	0.02239	0.10650	2.72	77645	8269	369359	1254503	16.16
2016	75-79	0.03454	0.15943	2.59	69376	11061	320215	885144	12.76
2016	80-84	0.05176	0.23092	2.67	58315	13466	260141	564929	9.69
2016	85-89	0.09899	0.39850	2.55	44849	17872	180543	304788	6.80
2016	90-94	0.17929	0.60869	2.36	26977	16420	91585	124245	4.61
2016	95-99	0.30012	0.79947	2.08	10556	8439	28119	32660	3.09
2016	100-104	0.45565	0.91668	1.74	2117	1940	4259	4541	2.15
2016	105-109	0.62208	0.96735	1.44	176	171	274	282	1.60
2016	110+	0.74923	1.00000	1.33	6	6	8	8	1.33
2017	0	0.00451	0.00449	0.06	100000	449	99579	7907481	79.07
2017	1-4	0.00037	0.00148	1.77	99551	147	397876	7807903	78.43
2017	5-9	0.00005	0.00025	4.5	99404	24	497007	7410027	74.54
2017	10-14	0.00003	0.00013	4.5	99379	13	496890	6913020	69.56
2017	15-19	0.00075	0.00372	2.32	99366	370	495839	6416130	64.57
2017	20-24	0.00092	0.00460	2.47	98996	455	493828	5920291	59.80
2017	25-29	0.00110	0.00551	2.27	98541	543	491220	5426463	55.07
2017	30-34	0.00132	0.00659	2.53	97998	646	488395	4935243	50.36
2017	35-39	0.00193	0.00962	2.42	97352	937	484341	4446847	45.68
2017	40-44	0.00234	0.01165	2.48	96415	1123	479246	3962506	41.10
2017	45-49	0.00366	0.01814	2.85	95292	1729	472748	3483260	36.55
2017	50-54	0.00458	0.02266	2.79	93563	2120	463121	3010512	32.18
2017	55-59	0.00754	0.03705	2.58	91443	3388	449020	2547391	27.86
2017	60-64	0.00976	0.04765	2.47	88056	4196	429678	2098371	23.83
2017	65-69	0.01344	0.06516	2.69	83860	5464	406654	1668693	19.90
2017	70-74	0.02342	0.11117	2.72	78396	8715	372102	1262039	16.10
2017	75-79	0.03483	0.16151	2.76	69681	11254	323158	889937	12.77
2017	80-84	0.05387	0.23903	2.64	58426	13965	259230	566779	9.70
2017	85-89	0.09867	0.39691	2.54	44461	17647	178855	307549	6.92
2017	90-94	0.17158	0.59069	2.36	26814	15839	92309	128695	4.80
2017	95-99	0.27768	0.77062	2.11	10975	8458	30458	36386	3.32
2017	100-104	0.41227	0.89150	1.82	2517	2244	5444	5928	2.35
2017	105-109	0.55918	0.95227	1.54	273	260	465	484	1.77
2017	110+	0.67637	1.00000	1.48	13	13	19	19	1.48
2018	0	0.00522	0.00520	0.06	100000	520	99513	7865362	78.65
2018	1-4	0.00021	0.00084	0.98	99480	84	397668	7765848	78.06
2018	5-9	0.00016	0.00079	2.64	99396	78	496798	7368180	74.13
2018	10-14	0.00008	0.00039	3.54	99318	39	496534	6871382	69.19
2018	15-19	0.00058	0.00288	2.79	99279	286	495764	6374849	64.21
2018	20-24	0.00117	0.00585	2.16	98993	579	493322	5879085	59.39
2018	25-29	0.00120	0.00598	2.62	98414	588	490669	5385762	54.73
2018	30-34	0.00133	0.00663	2.46	97826	648	487482	4895093	50.04
2018	35-39	0.00225	0.01117	2.57	97177	1086	483247	4407611	45.36
2018	40-44	0.00202	0.01008	2.7	96092	968	478234	3924363	40.84
2018	45-49	0.00354	0.01756	2.74	95123	1670	471844	3446129	36.23
2018	50-54	0.00550	0.02714	2.76	93453	2536	461581	2974285	31.83
2018	55-59	0.00714	0.03509	2.49	90917	3190	446586	2512704	27.64
2018	60-64	0.00949	0.04643	2.65	87727	4073	429066	2066118	23.55
2018	65-69	0.01406	0.06803	2.61	83654	5691	404646	1637051	19.57
2018	70-74	0.02161	0.10278	2.62	77963	8013	370782	1232406	15.81
2018	75-79	0.03795	0.17324	2.49	69950	12118	319277	861624	12.32
2018	80-84	0.05740	0.25269	2.63	57832	14614	254589	542346	9.38
2018	85-89	0.10459	0.41541	2.52	43218	17953	171646	287757	6.66
2018	90-94	0.18155	0.61236	2.34	25265	15471	85216	116111	4.60
2018	95-99	0.29418	0.79128	2.08	9794	7750	26343	30895	3.15
2018	100-104	0.43782	0.90676	1.77	2044	1854	4234	4552	2.23
2018	105-109	0.59370	0.96117	1.48	191	183	309	319	1.67
2018	110+	0.71616	1.00000	1.4	7	7	10	10	1.40
2019	0	0.00714	0.00709	0.07	100000	709	99339	7851308	78.51
2019	1-4	0.00017	0.00069	2.69	99291	69	397073	7751969	78.07
2019	5-9	0.00016	0.00081	1.98	99222	80	495870	7354896	74.13
2019	10-14	0.00023	0.00115	3.18	99142	114	495505	6859026	69.18
2019	15-19	0.00085	0.00426	2.96	99029	422	494283	6363521	64.26
2019	20-24	0.00100	0.00497	2.62	98607	490	491871	5869238	59.52
2019	25-29	0.00114	0.00569	2.72	98117	558	489312	5377367	54.81
2019	30-34	0.00168	0.00835	2.47	97559	815	485737	4888055	50.10
2019	35-39	0.00184	0.00918	2.62	96745	888	481607	4402318	45.50
2019	40-44	0.00285	0.01416	2.53	95856	1357	475924	3920711	40.90
2019	45-49	0.00360	0.01785	2.44	94499	1687	468174	3444787	36.45
2019	50-54	0.00510	0.02519	2.65	92812	2337	458571	2976612	32.07
2019	55-59	0.00689	0.03385	2.49	90475	3062	444694	2518042	27.83
2019	60-64	0.01012	0.04941	2.64	87412	4319	426876	2073348	23.72
2019	65-69	0.01353	0.06558	2.65	83093	5449	402661	1646472	19.81
2019	70-74	0.02204	0.10461	2.57	77644	8122	368455	1243811	16.02
2019	75-79	0.03656	0.16822	2.63	69522	11695	319907	875356	12.59
2019	80-84	0.05572	0.24609	2.63	57827	14231	255378	555450	9.61
2019	85-89	0.09969	0.39994	2.53	43596	17436	174897	300071	6.88
2019	90-94	0.17187	0.59130	2.36	26160	15468	90003	125175	4.78
2019	95-99	0.27959	0.77360	2.11	10692	8271	29583	35172	3.29
2019	100-104	0.42077	0.89750	1.81	2421	2172	5163	5589	2.31
2019	105-109	0.57841	0.95784	1.51	248	238	411	426	1.72
2019	110+	0.70468	1.00000	1.42	10	10	15	15	1.42
