WY: Wyoming, Lifetables (period 5x1), Females Last modified: 20 Dec 2020, MPv5 (May07) 

Year	Age	mx	qx	ax	lx	dx	Lx	Tx	ex
1959	0	0.02205	0.02163	0.11	100000	2163	98085	7430954	74.31
1959	1-4	0.00120	0.00478	1.18	97837	468	390027	7332869	74.95
1959	5-9	0.00033	0.00163	2.25	97369	159	486408	6942841	71.30
1959	10-14	0.00028	0.00139	3.33	97210	135	485826	6456433	66.42
1959	15-19	0.00139	0.00691	3.17	97076	671	484150	5970607	61.50
1959	20-24	0.00087	0.00436	2.24	96405	420	480865	5486458	56.91
1959	25-29	0.00103	0.00515	2.76	95984	494	478812	5005593	52.15
1959	30-34	0.00171	0.00852	2.24	95490	814	475202	4526780	47.41
1959	35-39	0.00117	0.00585	2.3	94676	554	471887	4051579	42.79
1959	40-44	0.00130	0.00649	2.62	94122	611	469155	3579691	38.03
1959	45-49	0.00336	0.01666	2.85	93511	1558	464209	3110537	33.26
1959	50-54	0.00564	0.02786	2.81	91953	2562	454163	2646328	28.78
1959	55-59	0.00817	0.04009	2.68	89390	3584	438642	2192165	24.52
1959	60-64	0.00975	0.04755	2.37	85806	4080	418294	1753524	20.44
1959	65-69	0.02030	0.09668	2.55	81726	7902	389272	1335229	16.34
1959	70-74	0.03091	0.14426	2.69	73824	10650	344503	945957	12.81
1959	75-79	0.05896	0.25797	2.58	63175	16297	276387	601454	9.52
1959	80-84	0.10002	0.40069	2.52	46878	18783	187787	325066	6.93
1959	85-89	0.16843	0.58293	2.36	28094	16377	97234	137279	4.89
1959	90-94	0.26798	0.75735	2.13	11717	8874	33115	40045	3.42
1959	95-99	0.39683	0.88147	1.85	2843	2506	6316	6931	2.44
1959	100-104	0.54199	0.94746	1.57	337	319	589	615	1.82
1959	105-109	0.68182	0.97594	1.34	18	17	25	26	1.46
1959	110+	0.78340	1.00000	1.28	0	0	1	1	1.28
1960	0	0.02417	0.02367	0.12	100000	2367	97919	7346140	73.46
1960	1-4	0.00088	0.00352	1.36	97633	344	389626	7248221	74.24
1960	5-9	0.00036	0.00181	1.68	97290	177	485863	6858595	70.50
1960	10-14	0.00059	0.00297	3.51	97113	289	485135	6372732	65.62
1960	15-19	0.00069	0.00346	1.49	96825	335	482946	5887596	60.81
1960	20-24	0.00051	0.00253	1.88	96490	244	481686	5404651	56.01
1960	25-29	0.00077	0.00383	2.87	96246	369	480444	4922964	51.15
1960	30-34	0.00156	0.00778	2.33	95877	746	477392	4442520	46.34
1960	35-39	0.00242	0.01200	2.37	95131	1142	472651	3965128	41.68
1960	40-44	0.00257	0.01276	2.37	93989	1200	466791	3492477	37.16
1960	45-49	0.00402	0.01995	3.02	92790	1852	460278	3025686	32.61
1960	50-54	0.00540	0.02665	2.58	90938	2423	448817	2565408	28.21
1960	55-59	0.00908	0.04436	2.48	88515	3927	432663	2116591	23.91
1960	60-64	0.01456	0.07055	2.8	84588	5968	409819	1683928	19.91
1960	65-69	0.02221	0.10552	2.65	78620	8296	373577	1274108	16.21
1960	70-74	0.03028	0.14038	2.4	70324	9872	325986	900531	12.81
1960	75-79	0.05353	0.23682	2.57	60452	14316	267418	574545	9.50
1960	80-84	0.10858	0.42649	2.49	46136	19676	181209	307127	6.66
1960	85-89	0.17621	0.59914	2.33	26460	15853	89968	125918	4.76
1960	90-94	0.27170	0.76118	2.11	10607	8074	29715	35950	3.39
1960	95-99	0.39308	0.87801	1.85	2533	2224	5658	6235	2.46
1960	100-104	0.52940	0.94303	1.59	309	291	550	577	1.87
1960	105-109	0.66264	0.97293	1.37	18	17	26	26	1.50
1960	110+	0.76178	1.00000	1.31	0	0	1	1	1.31
1961	0	0.02364	0.02316	0.12	100000	2316	97960	7501958	75.02
1961	1-4	0.00051	0.00202	1.14	97684	197	390171	7403998	75.80
1961	5-9	0.00063	0.00312	2.35	97487	304	486628	7013826	71.95
1961	10-14	0.00025	0.00125	3.07	97182	121	485679	6527199	67.16
1961	15-19	0.00088	0.00441	2.83	97061	428	484375	6041520	62.24
1961	20-24	0.00082	0.00409	1.87	96633	395	481927	5557144	57.51
1961	25-29	0.00097	0.00486	2.6	96238	467	480064	5075217	52.74
1961	30-34	0.00083	0.00412	3.17	95770	395	478129	4595153	47.98
1961	35-39	0.00118	0.00590	2.89	95375	562	475691	4117024	43.17
1961	40-44	0.00208	0.01037	3.46	94813	983	472556	3641334	38.41
1961	45-49	0.00321	0.01593	2.93	93830	1495	466053	3168778	33.77
1961	50-54	0.00588	0.02898	2.65	92335	2675	455388	2702725	29.27
1961	55-59	0.00576	0.02840	2.62	89659	2546	442228	2247337	25.07
1961	60-64	0.01380	0.06693	2.74	87113	5830	422361	1805108	20.72
1961	65-69	0.01825	0.08766	2.75	81283	7126	390416	1382748	17.01
1961	70-74	0.03475	0.16107	2.74	74157	11945	343746	992331	13.38
1961	75-79	0.05124	0.22936	2.72	62212	14269	278475	648585	10.43
1961	80-84	0.08907	0.36445	2.51	47943	17473	196174	370110	7.72
1961	85-89	0.13958	0.51174	2.39	30470	15593	111710	173935	5.71
1961	90-94	0.21128	0.66651	2.23	14877	9916	46933	62225	4.18
1961	95-99	0.30571	0.80018	2.02	4962	3970	12986	15292	3.08
1961	100-104	0.41931	0.89316	1.79	991	885	2112	2305	2.33
1961	105-109	0.54241	0.94612	1.56	106	100	185	194	1.83
1961	110+	0.64236	1.00000	1.56	6	6	9	9	1.56
1962	0	0.02741	0.02678	0.13	100000	2678	97670	7371266	73.71
1962	1-4	0.00096	0.00383	1.31	97322	373	388285	7273596	74.74
1962	5-9	0.00047	0.00234	2.41	96949	227	484158	6885312	71.02
1962	10-14	0.00079	0.00395	3.37	96722	382	482988	6401154	66.18
1962	15-19	0.00114	0.00567	2.57	96340	546	480373	5918166	61.43
1962	20-24	0.00090	0.00451	3.2	95794	432	478193	5437793	56.77
1962	25-29	0.00108	0.00537	2.68	95363	512	475625	4959600	52.01
1962	30-34	0.00133	0.00663	2.25	94851	629	472523	4483976	47.27
1962	35-39	0.00175	0.00872	2.7	94222	822	469221	4011453	42.57
1962	40-44	0.00221	0.01099	2.32	93401	1026	464255	3542232	37.93
1962	45-49	0.00349	0.01733	2.75	92374	1601	458264	3077977	33.32
1962	50-54	0.00601	0.02958	2.36	90774	2685	446790	2619713	28.86
1962	55-59	0.00737	0.03625	2.73	88089	3194	433180	2172923	24.67
1962	60-64	0.01205	0.05838	2.38	84895	4956	411472	1739743	20.49
1962	65-69	0.02454	0.11611	2.68	79939	9282	378182	1328271	16.62
1962	70-74	0.03669	0.16731	2.37	70657	11821	322162	950089	13.45
1962	75-79	0.04905	0.21892	2.55	58836	12880	262587	627927	10.67
1962	80-84	0.08363	0.34654	2.53	45955	15925	190435	365340	7.95
1962	85-89	0.13441	0.49871	2.41	30030	14976	111421	174904	5.82
1962	90-94	0.20810	0.66143	2.25	15054	9957	47846	63483	4.22
1962	95-99	0.30671	0.80199	2.03	5097	4088	13327	15637	3.07
1962	100-104	0.42619	0.89774	1.78	1009	906	2126	2310	2.29
1962	105-109	0.55532	0.95022	1.54	103	98	177	184	1.79
1962	110+	0.65950	1.00000	1.52	5	5	8	8	1.52
1963	0	0.02401	0.02352	0.12	100000	2352	97931	7450294	74.50
1963	1-4	0.00059	0.00236	1.48	97648	231	390013	7352363	75.29
1963	5-9	0.00063	0.00314	2.17	97418	306	486223	6962350	71.47
1963	10-14	0.00034	0.00171	1.34	97112	166	484954	6476126	66.69
1963	15-19	0.00082	0.00410	3.09	96946	397	483971	5991172	61.80
1963	20-24	0.00064	0.00321	1.88	96549	310	481781	5507201	57.04
1963	25-29	0.00050	0.00249	2.48	96239	240	480593	5025420	52.22
1963	30-34	0.00107	0.00533	2.57	96000	512	478755	4544827	47.34
1963	35-39	0.00195	0.00968	2.63	95488	925	475247	4066072	42.58
1963	40-44	0.00358	0.01772	2.55	94563	1676	468709	3590825	37.97
1963	45-49	0.00454	0.02245	2.74	92887	2085	459730	3122116	33.61
1963	50-54	0.00656	0.03241	3.15	90802	2942	448563	2662385	29.32
1963	55-59	0.00959	0.04699	2.83	87859	4128	430358	2213823	25.20
1963	60-64	0.01208	0.05884	2.79	83731	4927	407761	1783465	21.30
1963	65-69	0.01706	0.08229	2.85	78804	6485	380068	1375704	17.46
1963	70-74	0.02875	0.13446	2.6	72319	9724	338224	995636	13.77
1963	75-79	0.04921	0.21843	2.43	62595	13673	277858	657412	10.50
1963	80-84	0.09184	0.37289	2.48	48922	18243	198632	379554	7.76
1963	85-89	0.13650	0.50272	2.38	30680	15423	112989	180922	5.90
1963	90-94	0.19763	0.63970	2.24	15256	9760	49383	67933	4.45
1963	95-99	0.27670	0.76415	2.07	5497	4200	15180	18550	3.37
1963	100-104	0.37220	0.85974	1.87	1296	1115	2995	3370	2.60
1963	105-109	0.47876	0.92200	1.67	182	168	350	375	2.06
1963	110+	0.56724	1.00000	1.76	14	14	25	25	1.76
1964	0	0.02593	0.02536	0.13	100000	2536	97783	7396433	73.96
1964	1-4	0.00141	0.00562	1.71	97464	547	388601	7298650	74.89
1964	5-9	0.00074	0.00368	1.93	96917	357	483487	6910049	71.30
1964	10-14	0.00060	0.00299	3.08	96560	288	482246	6426562	66.56
1964	15-19	0.00117	0.00582	2.74	96271	560	480088	5944316	61.75
1964	20-24	0.00128	0.00638	2.74	95711	610	477175	5464228	57.09
1964	25-29	0.00151	0.00751	3.29	95101	714	474282	4987053	52.44
1964	30-34	0.00150	0.00745	1.7	94386	703	469610	4512771	47.81
1964	35-39	0.00197	0.00980	2.92	93683	918	466503	4043161	43.16
1964	40-44	0.00215	0.01072	3.35	92765	994	462184	3576658	38.56
1964	45-49	0.00304	0.01507	2.5	91771	1383	455392	3114474	33.94
1964	50-54	0.00597	0.02943	2.65	90388	2660	445678	2659082	29.42
1964	55-59	0.00690	0.03391	2.56	87728	2974	431391	2213404	25.23
1964	60-64	0.01124	0.05493	2.95	84753	4655	414218	1782014	21.03
1964	65-69	0.01721	0.08247	2.47	80098	6605	383781	1367795	17.08
1964	70-74	0.02928	0.13636	2.48	73493	10021	342237	984015	13.39
1964	75-79	0.05456	0.24033	2.52	63471	15254	279578	641777	10.11
1964	80-84	0.08400	0.34917	2.59	48217	16836	200430	362199	7.51
1964	85-89	0.15304	0.54871	2.42	31381	17219	112511	161769	5.16
1964	90-94	0.26025	0.74907	2.17	14162	10608	40761	49258	3.48
1964	95-99	0.40448	0.88837	1.84	3554	3157	7805	8497	2.39
1964	100-104	0.56781	0.95555	1.53	397	379	668	692	1.74
1964	105-109	0.71979	0.98093	1.29	18	17	24	24	1.39
1964	110+	0.82393	1.00000	1.21	0	0	0	0	1.21
1965	0	0.01643	0.01619	0.1	100000	1619	98541	7501026	75.01
1965	1-4	0.00112	0.00448	1.28	98381	440	392326	7402485	75.24
1965	5-9	0.00027	0.00133	1.51	97940	130	489248	7010159	71.58
1965	10-14	0.00011	0.00053	0.5	97810	52	488817	6520911	66.67
1965	15-19	0.00105	0.00524	2.66	97758	512	487592	6032094	61.70
1965	20-24	0.00063	0.00315	3.02	97246	306	485624	5544501	57.02
1965	25-29	0.00051	0.00257	2.88	96940	249	484170	5058877	52.19
1965	30-34	0.00091	0.00454	2.39	96690	439	482306	4574707	47.31
1965	35-39	0.00195	0.00971	3.06	96252	935	479450	4092401	42.52
1965	40-44	0.00297	0.01475	2.47	95317	1406	473032	3612952	37.90
1965	45-49	0.00398	0.01969	2.43	93911	1850	464809	3139920	33.43
1965	50-54	0.00509	0.02518	2.93	92062	2318	455513	2675111	29.06
1965	55-59	0.00826	0.04045	2.47	89744	3630	439535	2219598	24.73
1965	60-64	0.01072	0.05218	2.45	86113	4493	419101	1780062	20.67
1965	65-69	0.01798	0.08607	2.54	81620	7025	390796	1360962	16.67
1965	70-74	0.03315	0.15392	2.68	74595	11481	346308	970166	13.01
1965	75-79	0.05153	0.23025	2.69	63113	14532	282038	623858	9.88
1965	80-84	0.09764	0.39318	2.53	48581	19101	195632	341820	7.04
1965	85-89	0.16496	0.57512	2.37	29480	16955	102783	146188	4.96
1965	90-94	0.26343	0.75125	2.14	12525	9410	35719	43404	3.47
1965	95-99	0.39163	0.87801	1.86	3116	2736	6985	7685	2.47
1965	100-104	0.53688	0.94596	1.58	380	360	670	700	1.84
1965	105-109	0.67759	0.97537	1.35	21	20	30	30	1.47
1965	110+	0.78019	1.00000	1.28	1	1	1	1	1.28
1966	0	0.02104	0.02065	0.11	100000	2065	98166	7515985	75.16
1966	1-4	0.00135	0.00539	1.23	97935	528	390279	7417820	75.74
1966	5-9	0.00048	0.00242	1.95	97407	236	486315	7027541	72.15
1966	10-14	0.00028	0.00142	3.52	97171	138	485651	6541226	67.32
1966	15-19	0.00129	0.00645	2.57	97033	625	483645	6055575	62.41
1966	20-24	0.00113	0.00566	3.3	96408	546	481109	5571930	57.80
1966	25-29	0.00072	0.00357	2.92	95862	342	478598	5090821	53.11
1966	30-34	0.00072	0.00358	3.07	95520	342	476937	4612223	48.29
1966	35-39	0.00117	0.00585	1.91	95178	557	474166	4135285	43.45
1966	40-44	0.00264	0.01313	2.89	94621	1243	470489	3661119	38.69
1966	45-49	0.00448	0.02216	2.72	93378	2069	462166	3190630	34.17
1966	50-54	0.00446	0.02207	2.8	91309	2015	452108	2728464	29.88
1966	55-59	0.00693	0.03397	2.11	89294	3034	437694	2276357	25.49
1966	60-64	0.00926	0.04525	2.53	86260	3904	421649	1838663	21.32
1966	65-69	0.01745	0.08390	2.72	82356	6910	396001	1417014	17.21
1966	70-74	0.02816	0.13212	2.67	75446	9968	354009	1021013	13.53
1966	75-79	0.04950	0.21891	2.36	65478	14334	289603	667004	10.19
1966	80-84	0.09505	0.38393	2.5	51144	19636	206595	377401	7.38
1966	85-89	0.14952	0.53684	2.37	31508	16915	113129	170806	5.42
1966	90-94	0.22648	0.69295	2.2	14593	10112	44651	57677	3.95
1966	95-99	0.32678	0.82224	1.98	4481	3684	11275	13026	2.91
1966	100-104	0.44544	0.90779	1.74	797	723	1623	1751	2.20
1966	105-109	0.57112	0.95421	1.51	73	70	123	128	1.74
1966	110+	0.67150	1.00000	1.49	3	3	5	5	1.49
1967	0	0.02009	0.01973	0.11	100000	1973	98242	7503990	75.04
1967	1-4	0.00091	0.00364	2.36	98027	356	391523	7405748	75.55
1967	5-9	0.00033	0.00164	2.16	97670	160	487896	7014225	71.82
1967	10-14	0.00034	0.00169	3.53	97510	165	487308	6526329	66.93
1967	15-19	0.00081	0.00406	2.71	97345	395	485823	6039020	62.04
1967	20-24	0.00108	0.00538	2.4	96950	521	483394	5553198	57.28
1967	25-29	0.00060	0.00302	2.38	96429	291	481381	5069804	52.58
1967	30-34	0.00155	0.00772	3.1	96138	742	479276	4588423	47.73
1967	35-39	0.00167	0.00834	2.81	95395	795	475239	4109146	43.07
1967	40-44	0.00239	0.01190	2.9	94600	1126	470638	3633907	38.41
1967	45-49	0.00391	0.01934	2.42	93474	1808	462716	3163269	33.84
1967	50-54	0.00599	0.02955	2.67	91667	2709	452009	2700553	29.46
1967	55-59	0.00814	0.04002	2.87	88958	3560	437223	2248545	25.28
1967	60-64	0.01196	0.05823	2.77	85398	4973	415881	1811321	21.21
1967	65-69	0.01697	0.08192	2.89	80425	6588	388241	1395440	17.35
1967	70-74	0.02936	0.13684	2.53	73837	10104	344181	1007199	13.64
1967	75-79	0.04982	0.22256	2.61	63733	14185	284739	663018	10.40
1967	80-84	0.08233	0.34336	2.58	49548	17013	206633	378279	7.63
1967	85-89	0.14852	0.53732	2.43	32535	17482	117709	171645	5.28
1967	90-94	0.25111	0.73559	2.19	15054	11073	44098	53936	3.58
1967	95-99	0.38992	0.87843	1.87	3980	3496	8967	9838	2.47
1967	100-104	0.54940	0.95051	1.56	484	460	837	871	1.80
1967	105-109	0.70132	0.97879	1.32	24	23	33	34	1.42
1967	110+	0.80802	1.00000	1.24	1	1	1	1	1.24
1968	0	0.01877	0.01846	0.11	100000	1846	98349	7504871	75.05
1968	1-4	0.00054	0.00214	1.13	98154	210	392014	7406522	75.46
1968	5-9	0.00040	0.00197	1.75	97944	193	489092	7014507	71.62
1968	10-14	0.00006	0.00028	0.5	97751	27	488632	6525415	66.76
1968	15-19	0.00131	0.00655	2.72	97724	640	487160	6036783	61.77
1968	20-24	0.00117	0.00583	2.63	97084	566	484081	5549623	57.16
1968	25-29	0.00079	0.00397	2.82	96518	383	481753	5065543	52.48
1968	30-34	0.00136	0.00677	2.26	96135	651	478895	4583790	47.68
1968	35-39	0.00193	0.00959	2.82	95484	916	475427	4104896	42.99
1968	40-44	0.00171	0.00853	2.79	94568	806	471060	3629468	38.38
1968	45-49	0.00340	0.01686	2.79	93762	1581	465315	3158408	33.69
1968	50-54	0.00630	0.03104	2.67	92181	2861	454238	2693093	29.22
1968	55-59	0.00733	0.03603	2.57	89320	3218	438781	2238855	25.07
1968	60-64	0.01264	0.06124	2.48	86102	5273	417222	1800074	20.91
1968	65-69	0.01952	0.09324	2.6	80829	7537	386021	1382852	17.11
1968	70-74	0.02861	0.13338	2.46	73292	9776	341647	996831	13.60
1968	75-79	0.04925	0.22078	2.66	63516	14023	284751	655184	10.32
1968	80-84	0.09145	0.37262	2.52	49493	18442	201666	370433	7.48
1968	85-89	0.14764	0.53276	2.39	31051	16543	112046	168767	5.44
1968	90-94	0.22858	0.69719	2.2	14508	10115	44251	56721	3.91
1968	95-99	0.33522	0.83109	1.97	4393	3651	10892	12470	2.84
1968	100-104	0.46136	0.91619	1.71	742	680	1474	1578	2.13
1968	105-109	0.59332	0.95988	1.48	62	60	101	104	1.68
1968	110+	0.69715	1.00000	1.43	2	2	4	4	1.43
1969	0	0.02276	0.02231	0.12	100000	2231	98029	7526253	75.26
1969	1-4	0.00089	0.00355	1.83	97769	347	390323	7428224	75.98
1969	5-9	0.00012	0.00061	0.99	97422	59	486873	7037901	72.24
1969	10-14	0.00022	0.00112	3.25	97363	109	486623	6551029	67.28
1969	15-19	0.00116	0.00576	1.95	97254	560	484563	6064405	62.36
1969	20-24	0.00072	0.00359	2.03	96694	347	482440	5579842	57.71
1969	25-29	0.00085	0.00422	2.47	96347	407	480706	5097402	52.91
1969	30-34	0.00074	0.00370	2.5	95940	355	478815	4616697	48.12
1969	35-39	0.00239	0.01191	2.95	95585	1139	475590	4137881	43.29
1969	40-44	0.00244	0.01214	2.27	94447	1147	469107	3662292	38.78
1969	45-49	0.00475	0.02349	2.62	93300	2191	461274	3193185	34.23
1969	50-54	0.00427	0.02111	2.55	91108	1923	450831	2731911	29.99
1969	55-59	0.00921	0.04508	2.71	89185	4020	436704	2281080	25.58
1969	60-64	0.00971	0.04759	2.91	85165	4053	417364	1844376	21.66
1969	65-69	0.01805	0.08640	2.54	81112	7008	388335	1427012	17.59
1969	70-74	0.03034	0.14149	2.63	74104	10485	345643	1038677	14.02
1969	75-79	0.04672	0.20998	2.59	63618	13359	285914	693034	10.89
1969	80-84	0.08367	0.34628	2.51	50260	17404	208007	407119	8.10
1969	85-89	0.12931	0.48431	2.41	32856	15913	123062	199112	6.06
1969	90-94	0.19391	0.63347	2.26	16943	10733	55352	76050	4.49
1969	95-99	0.27955	0.76889	2.07	6210	4775	17081	20698	3.33
1969	100-104	0.38431	0.86978	1.85	1435	1248	3248	3617	2.52
1969	105-109	0.50101	0.93177	1.63	187	174	348	369	1.97
1969	110+	0.59759	1.00000	1.67	13	13	21	21	1.67
1970	0	0.02129	0.02089	0.11	100000	2089	98146	7565503	75.66
1970	1-4	0.00064	0.00255	1.94	97911	250	391130	7467357	76.27
1970	5-9	0.00035	0.00176	2.94	97661	172	487952	7076227	72.46
1970	10-14	0.00028	0.00141	2.71	97489	137	487131	6588275	67.58
1970	15-19	0.00080	0.00401	2.69	97352	390	485857	6101144	62.67
1970	20-24	0.00067	0.00334	1.54	96961	324	483686	5615287	57.91
1970	25-29	0.00028	0.00142	2.88	96637	137	482896	5131601	53.10
1970	30-34	0.00104	0.00518	1.31	96500	500	480659	4648705	48.17
1970	35-39	0.00182	0.00905	2.91	96001	868	478187	4168046	43.42
1970	40-44	0.00197	0.00980	2.78	95132	932	473597	3689859	38.79
1970	45-49	0.00363	0.01802	2.9	94200	1697	467437	3216262	34.14
1970	50-54	0.00619	0.03050	2.59	92503	2821	455730	2748825	29.72
1970	55-59	0.00852	0.04180	2.73	89682	3749	439898	2293095	25.57
1970	60-64	0.01217	0.05915	2.67	85933	5083	417841	1853197	21.57
1970	65-69	0.01611	0.07762	2.67	80850	6276	389625	1435357	17.75
1970	70-74	0.02581	0.12149	2.58	74574	9060	350982	1045732	14.02
1970	75-79	0.05251	0.23484	2.75	65515	15386	293024	694750	10.60
1970	80-84	0.08703	0.35719	2.49	50129	17905	205750	401726	8.01
1970	85-89	0.13044	0.48683	2.4	32224	15687	120263	195976	6.08
1970	90-94	0.19048	0.62592	2.26	16536	10350	54338	75713	4.58
1970	95-99	0.26892	0.75421	2.09	6186	4665	17349	21375	3.46
1970	100-104	0.36452	0.85389	1.89	1520	1298	3562	4026	2.65
1970	105-109	0.47204	0.91918	1.68	222	204	433	465	2.09
1970	110+	0.56163	1.00000	1.78	18	18	32	32	1.78
1971	0	0.02255	0.02211	0.12	100000	2211	98046	7508808	75.09
1971	1-4	0.00151	0.00601	2.12	97789	588	390051	7410762	75.78
1971	5-9	0.00025	0.00127	1.92	97201	123	485627	7020711	72.23
1971	10-14	0.00068	0.00338	2.49	97078	328	484568	6535084	67.32
1971	15-19	0.00060	0.00298	2.54	96750	288	483042	6050516	62.54
1971	20-24	0.00111	0.00553	2.91	96462	534	481195	5567475	57.72
1971	25-29	0.00093	0.00464	2.17	95929	445	478382	5086280	53.02
1971	30-34	0.00071	0.00355	2.25	95484	339	476488	4607898	48.26
1971	35-39	0.00183	0.00913	2.74	95145	868	473764	4131411	43.42
1971	40-44	0.00271	0.01347	2.69	94276	1270	468453	3657647	38.80
1971	45-49	0.00416	0.02064	2.86	93006	1919	460927	3189194	34.29
1971	50-54	0.00549	0.02711	2.71	91087	2469	449771	2728267	29.95
1971	55-59	0.00866	0.04243	2.65	88618	3760	434257	2278496	25.71
1971	60-64	0.01228	0.05991	2.96	84858	5084	413902	1844238	21.73
1971	65-69	0.01394	0.06735	2.52	79774	5373	385533	1430337	17.93
1971	70-74	0.02818	0.13208	2.63	74401	9827	348681	1044803	14.04
1971	75-79	0.04800	0.21696	2.79	64575	14010	291881	696122	10.78
1971	80-84	0.08698	0.35711	2.5	50564	18057	207590	404241	7.99
1971	85-89	0.13108	0.48863	2.4	32507	15884	121181	196652	6.05
1971	90-94	0.19227	0.62960	2.26	16623	10466	54435	75470	4.54
1971	95-99	0.27235	0.75890	2.08	6157	4673	17157	21035	3.42
1971	100-104	0.36991	0.85831	1.88	1485	1274	3445	3878	2.61
1971	105-109	0.47930	0.92249	1.67	210	194	405	433	2.06
1971	110+	0.57029	1.00000	1.75	16	16	29	29	1.75
1972	0	0.02053	0.02016	0.11	100000	2016	98207	7564016	75.64
1972	1-4	0.00083	0.00333	1.7	97984	326	391189	7465809	76.19
1972	5-9	0.00014	0.00068	1.5	97658	67	488058	7074620	72.44
1972	10-14	0.00022	0.00111	3.5	97592	109	487795	6586562	67.49
1972	15-19	0.00082	0.00411	2.52	97483	400	486424	6098767	62.56
1972	20-24	0.00070	0.00347	2.86	97083	337	484694	5612343	57.81
1972	25-29	0.00094	0.00469	1.69	96746	454	482226	5127649	53.00
1972	30-34	0.00119	0.00592	2.54	96292	570	480056	4645423	48.24
1972	35-39	0.00193	0.00961	2.18	95722	919	476017	4165368	43.52
1972	40-44	0.00334	0.01660	3.17	94803	1574	471131	3689351	38.92
1972	45-49	0.00273	0.01355	2.56	93229	1264	463066	3218219	34.52
1972	50-54	0.00372	0.01839	2.06	91965	1691	454846	2755154	29.96
1972	55-59	0.01004	0.04919	2.96	90274	4440	442327	2300308	25.48
1972	60-64	0.01107	0.05393	2.65	85834	4629	418280	1857980	21.65
1972	65-69	0.01738	0.08362	2.73	81205	6790	390592	1439700	17.73
1972	70-74	0.02677	0.12629	2.76	74415	9398	351007	1049109	14.10
1972	75-79	0.04219	0.19275	2.76	65017	12532	297005	698102	10.74
1972	80-84	0.08276	0.34472	2.58	52485	18092	218609	401097	7.64
1972	85-89	0.14776	0.53521	2.43	34392	18407	124573	182488	5.31
1972	90-94	0.24792	0.73056	2.19	15985	11678	47103	57915	3.62
1972	95-99	0.38334	0.87353	1.88	4307	3762	9815	10812	2.51
1972	100-104	0.53973	0.94757	1.58	545	516	956	998	1.83
1972	105-109	0.69051	0.97741	1.33	29	28	40	41	1.44
1972	110+	0.79795	1.00000	1.25	1	1	1	1	1.25
1973	0	0.01910	0.01878	0.11	100000	1878	98322	7497293	74.97
1973	1-4	0.00084	0.00333	1.78	98122	327	391760	7398971	75.41
1973	5-9	0.00019	0.00095	3.08	97795	93	488794	7007211	71.65
1973	10-14	0.00050	0.00251	3.14	97701	246	488049	6518417	66.72
1973	15-19	0.00069	0.00344	3	97456	335	486608	6030368	61.88
1973	20-24	0.00086	0.00431	2.9	97120	419	484722	5543759	57.08
1973	25-29	0.00089	0.00444	2.59	96702	429	482476	5059037	52.32
1973	30-34	0.00159	0.00794	2.71	96273	765	479614	4576562	47.54
1973	35-39	0.00180	0.00898	2.63	95508	857	475507	4096947	42.90
1973	40-44	0.00233	0.01161	2.83	94651	1099	470865	3621440	38.26
1973	45-49	0.00400	0.01983	2.79	93551	1855	463660	3150575	33.68
1973	50-54	0.00601	0.02961	2.62	91696	2715	452017	2686915	29.30
1973	55-59	0.00928	0.04547	2.79	88981	4046	435956	2234899	25.12
1973	60-64	0.01268	0.06159	2.69	84936	5231	412590	1798943	21.18
1973	65-69	0.01925	0.09229	2.77	79704	7356	382103	1386352	17.39
1973	70-74	0.02878	0.13444	2.55	72349	9727	337925	1004250	13.88
1973	75-79	0.04627	0.20768	2.54	62622	13005	281053	666325	10.64
1973	80-84	0.08717	0.35837	2.52	49617	17781	203980	385271	7.76
1973	85-89	0.13908	0.51080	2.4	31836	16262	116923	181291	5.69
1973	90-94	0.21373	0.67139	2.23	15574	10456	48923	64368	4.13
1973	95-99	0.31277	0.80832	2.01	5118	4137	13226	15445	3.02
1973	100-104	0.43186	0.90079	1.76	981	884	2046	2219	2.26
1973	105-109	0.55978	0.95136	1.53	97	93	165	173	1.77
1973	110+	0.66268	1.00000	1.51	5	5	7	7	1.51
1974	0	0.01667	0.01642	0.1	100000	1642	98521	7560942	75.61
1974	1-4	0.00097	0.00388	1.62	98358	382	392519	7462420	75.87
1974	5-9	0.00027	0.00135	2.25	97975	132	489514	7069901	72.16
1974	10-14	0.00017	0.00085	2.42	97843	83	489002	6580387	67.25
1974	15-19	0.00118	0.00586	2.63	97760	573	487443	6091385	62.31
1974	20-24	0.00134	0.00667	2.6	97187	648	484381	5603942	57.66
1974	25-29	0.00055	0.00273	2.53	96540	263	482046	5119561	53.03
1974	30-34	0.00122	0.00607	2.29	96276	584	479800	4637514	48.17
1974	35-39	0.00164	0.00817	2.26	95692	782	476322	4157714	43.45
1974	40-44	0.00213	0.01060	2.58	94910	1006	472120	3681392	38.79
1974	45-49	0.00335	0.01663	2.71	93904	1562	465949	3209273	34.18
1974	50-54	0.00555	0.02739	2.53	92342	2530	455466	2743324	29.71
1974	55-59	0.00831	0.04075	2.68	89813	3660	440561	2287858	25.47
1974	60-64	0.01351	0.06545	2.63	86152	5639	417372	1847297	21.44
1974	65-69	0.01575	0.07606	2.77	80513	6124	388931	1429925	17.76
1974	70-74	0.03052	0.14302	2.8	74389	10639	348590	1040993	13.99
1974	75-79	0.04737	0.21227	2.55	63750	13532	285645	692403	10.86
1974	80-84	0.07890	0.33071	2.56	50218	16608	210501	406759	8.10
1974	85-89	0.13189	0.49271	2.43	33610	16560	125562	196257	5.84
1974	90-94	0.21112	0.66798	2.25	17050	11389	53946	70695	4.15
1974	95-99	0.31897	0.81610	2.01	5661	4620	14484	16749	2.96
1974	100-104	0.44976	0.91122	1.74	1041	949	2109	2265	2.18
1974	105-109	0.58857	0.95915	1.49	92	89	151	156	1.69
1974	110+	0.69809	1.00000	1.43	4	4	5	5	1.43
1975	0	0.01615	0.01592	0.1	100000	1592	98564	7605777	76.06
1975	1-4	0.00063	0.00250	2.22	98408	246	393194	7507212	76.29
1975	5-9	0.00050	0.00250	1.67	98162	245	489994	7114018	72.47
1975	10-14	0.00033	0.00166	2.98	97917	163	489257	6624025	67.65
1975	15-19	0.00097	0.00484	2.7	97755	474	487686	6134768	62.76
1975	20-24	0.00112	0.00558	2.33	97281	543	484952	5647082	58.05
1975	25-29	0.00059	0.00294	3.38	96738	284	483230	5162130	53.36
1975	30-34	0.00124	0.00616	2.49	96454	594	480780	4678900	48.51
1975	35-39	0.00138	0.00688	2.46	95860	660	477622	4198120	43.79
1975	40-44	0.00241	0.01199	2.85	95200	1142	473548	3720497	39.08
1975	45-49	0.00352	0.01746	2.77	94059	1643	466630	3246949	34.52
1975	50-54	0.00599	0.02948	2.33	92416	2724	454803	2780319	30.08
1975	55-59	0.00883	0.04318	2.38	89692	3873	438330	2325516	25.93
1975	60-64	0.01238	0.06025	2.81	85819	5170	417751	1887186	21.99
1975	65-69	0.01540	0.07407	2.42	80649	5974	387820	1469436	18.22
1975	70-74	0.03221	0.14952	2.6	74676	11165	346594	1081616	14.48
1975	75-79	0.04257	0.19210	2.46	63510	12200	286594	735022	11.57
1975	80-84	0.06504	0.28161	2.62	51310	14449	222163	448428	8.74
1975	85-89	0.11849	0.45685	2.5	36861	16840	142124	226265	6.14
1975	90-94	0.20451	0.65808	2.29	20021	13175	64424	84141	4.20
1975	95-99	0.32743	0.82693	2.01	6845	5661	17288	19717	2.88
1975	100-104	0.47881	0.92617	1.69	1185	1097	2292	2429	2.05
1975	105-109	0.63558	0.96935	1.42	87	85	133	137	1.57
1975	110+	0.75374	1.00000	1.33	3	3	4	4	1.33
1976	0	0.01343	0.01326	0.09	100000	1326	98794	7681554	76.82
1976	1-4	0.00077	0.00306	1.61	98674	302	393972	7582760	76.85
1976	5-9	0.00037	0.00183	2.39	98371	180	491386	7188788	73.08
1976	10-14	0.00046	0.00230	2.24	98191	226	490331	6697401	68.21
1976	15-19	0.00084	0.00418	2.65	97965	410	488864	6207070	63.36
1976	20-24	0.00078	0.00390	2.46	97555	381	486809	5718207	58.62
1976	25-29	0.00073	0.00364	2.26	97174	354	484900	5231397	53.84
1976	30-34	0.00082	0.00410	2.28	96820	397	483024	4746497	49.02
1976	35-39	0.00162	0.00808	3.24	96424	779	480747	4263473	44.22
1976	40-44	0.00205	0.01019	2.52	95645	974	475808	3782726	39.55
1976	45-49	0.00347	0.01718	2.56	94671	1627	469391	3306918	34.93
1976	50-54	0.00457	0.02263	2.73	93044	2105	460431	2837527	30.50
1976	55-59	0.00848	0.04163	2.75	90939	3785	446172	2377096	26.14
1976	60-64	0.01307	0.06344	2.7	87153	5529	423026	1930924	22.16
1976	65-69	0.01493	0.07230	2.82	81624	5901	395228	1507898	18.47
1976	70-74	0.02441	0.11542	2.64	75723	8740	358023	1112669	14.69
1976	75-79	0.03938	0.18039	2.68	66982	12083	306839	754647	11.27
1976	80-84	0.08110	0.33782	2.53	54900	18546	228673	447807	8.16
1976	85-89	0.12876	0.48332	2.42	36353	17570	136455	219134	6.03
1976	90-94	0.19759	0.64134	2.26	18783	12046	60965	82679	4.40
1976	95-99	0.28993	0.78242	2.06	6737	5271	18180	21714	3.22
1976	100-104	0.40298	0.88326	1.82	1466	1295	3213	3534	2.41
1976	105-109	0.52753	0.94160	1.59	171	161	305	321	1.88
1976	110+	0.62956	1.00000	1.59	10	10	16	16	1.59
1977	0	0.01379	0.01362	0.09	100000	1362	98763	7733312	77.33
1977	1-4	0.00058	0.00231	1.78	98638	228	394048	7634549	77.40
1977	5-9	0.00030	0.00149	3.54	98411	146	491840	7240501	73.57
1977	10-14	0.00023	0.00114	2.38	98264	112	491028	6748661	68.68
1977	15-19	0.00082	0.00410	2.46	98152	402	489740	6257632	63.75
1977	20-24	0.00074	0.00369	2.52	97750	361	487856	5767893	59.01
1977	25-29	0.00075	0.00373	2.65	97389	363	486091	5280037	54.22
1977	30-34	0.00111	0.00552	3.07	97026	536	484093	4793945	49.41
1977	35-39	0.00197	0.00979	3.1	96490	945	480659	4309852	44.67
1977	40-44	0.00241	0.01199	3.03	95545	1146	475469	3829193	40.08
1977	45-49	0.00314	0.01561	2.93	94399	1473	468949	3353725	35.53
1977	50-54	0.00548	0.02702	2.37	92926	2511	458028	2884776	31.04
1977	55-59	0.00547	0.02702	2.61	90415	2443	446241	2426747	26.84
1977	60-64	0.01151	0.05598	2.56	87972	4925	427822	1980506	22.51
1977	65-69	0.01639	0.07887	2.63	83048	6550	399703	1552685	18.70
1977	70-74	0.02475	0.11630	2.41	76498	8896	359475	1152982	15.07
1977	75-79	0.04248	0.19248	2.57	67601	13012	306332	793507	11.74
1977	80-84	0.06704	0.28841	2.58	54589	15744	234864	487176	8.92
1977	85-89	0.11271	0.43875	2.48	38845	17043	151219	252312	6.50
1977	90-94	0.18243	0.61232	2.32	21802	13350	73175	101093	4.64
1977	95-99	0.28024	0.77215	2.09	8452	6526	23288	27918	3.30
1977	100-104	0.40350	0.88491	1.83	1926	1704	4224	4630	2.40
1977	105-109	0.54050	0.94648	1.57	222	210	388	406	1.83
1977	110+	0.65230	1.00000	1.53	12	12	18	18	1.53
1978	0	0.01133	0.01121	0.08	100000	1121	98974	7703349	77.03
1978	1-4	0.00067	0.00267	1.75	98879	264	394921	7604375	76.91
1978	5-9	0.00046	0.00228	1.74	98615	225	492340	7209455	73.11
1978	10-14	0.00022	0.00112	2.65	98390	110	491690	6717115	68.27
1978	15-19	0.00106	0.00530	2.43	98280	520	490062	6225425	63.34
1978	20-24	0.00055	0.00277	2.75	97759	271	488188	5735363	58.67
1978	25-29	0.00095	0.00472	2.67	97489	460	486373	5247175	53.82
1978	30-34	0.00051	0.00253	2.5	97029	246	484530	4760802	49.07
1978	35-39	0.00196	0.00973	2.76	96783	942	481805	4276272	44.18
1978	40-44	0.00221	0.01098	2.71	95841	1053	476795	3794468	39.59
1978	45-49	0.00371	0.01841	2.79	94788	1745	470090	3317672	35.00
1978	50-54	0.00504	0.02493	2.75	93044	2320	460006	2847583	30.60
1978	55-59	0.00768	0.03771	2.57	90724	3421	445317	2387576	26.32
1978	60-64	0.01195	0.05799	2.45	87302	5062	423582	1942260	22.25
1978	65-69	0.01669	0.08014	2.51	82240	6590	394783	1518677	18.47
1978	70-74	0.02503	0.11874	2.84	75650	8982	358850	1123895	14.86
1978	75-79	0.04772	0.21460	2.66	66667	14307	299832	765045	11.48
1978	80-84	0.06621	0.28556	2.59	52360	14952	225812	465214	8.88
1978	85-89	0.11399	0.44287	2.48	37408	16567	145343	239402	6.40
1978	90-94	0.18812	0.62461	2.31	20841	13018	69200	94059	4.51
1978	95-99	0.29285	0.78818	2.07	7824	6166	21056	24859	3.18
1978	100-104	0.42429	0.89813	1.79	1657	1488	3508	3803	2.29
1978	105-109	0.56789	0.95442	1.52	169	161	284	295	1.75
1978	110+	0.68296	1.00000	1.46	8	8	11	11	1.46
1979	0	0.01017	0.01007	0.08	100000	1007	99075	7833428	78.33
1979	1-4	0.00080	0.00320	1.76	98993	317	395261	7734354	78.13
1979	5-9	0.00022	0.00108	3.24	98676	106	493191	7339092	74.38
1979	10-14	0.00022	0.00111	2.99	98569	110	492627	6845901	69.45
1979	15-19	0.00064	0.00317	2.67	98460	312	491569	6353275	64.53
1979	20-24	0.00065	0.00323	2.62	98147	317	489981	5861705	59.72
1979	25-29	0.00055	0.00272	2.31	97830	266	488434	5371724	54.91
1979	30-34	0.00124	0.00620	2.75	97564	605	486457	4883290	50.05
1979	35-39	0.00151	0.00750	2.54	96959	727	483004	4396832	45.35
1979	40-44	0.00193	0.00961	2.98	96232	924	479291	3913828	40.67
1979	45-49	0.00247	0.01229	2.8	95307	1172	473960	3434537	36.04
1979	50-54	0.00495	0.02444	2.47	94136	2301	464853	2960577	31.45
1979	55-59	0.00720	0.03536	2.4	91835	3247	450735	2495724	27.18
1979	60-64	0.01119	0.05440	2.43	88587	4819	430539	2044989	23.08
1979	65-69	0.01465	0.07090	2.72	83768	5939	405274	1614450	19.27
1979	70-74	0.02075	0.09890	2.63	77829	7697	370923	1209176	15.54
1979	75-79	0.03809	0.17499	2.68	70132	12272	322155	838253	11.95
1979	80-84	0.06577	0.28390	2.59	57859	16426	249773	516098	8.92
1979	85-89	0.11323	0.44065	2.48	41433	18257	161241	266326	6.43
1979	90-94	0.18695	0.62223	2.31	23175	14420	77136	105085	4.53
1979	95-99	0.29123	0.78626	2.07	8755	6884	23637	27950	3.19
1979	100-104	0.42230	0.89698	1.79	1871	1679	3975	4313	2.30
1979	105-109	0.56581	0.95388	1.53	193	184	325	338	1.75
1979	110+	0.68098	1.00000	1.47	9	9	13	13	1.47
1980	0	0.00845	0.00838	0.08	100000	838	99226	7789498	77.89
1980	1-4	0.00036	0.00144	2.69	99162	143	396459	7690272	77.55
1980	5-9	0.00026	0.00128	1.71	99019	127	494675	7293813	73.66
1980	10-14	0.00028	0.00138	2.54	98891	136	494122	6799138	68.75
1980	15-19	0.00081	0.00404	2.6	98755	399	492819	6305015	63.84
1980	20-24	0.00055	0.00277	1.93	98356	272	490944	5812197	59.09
1980	25-29	0.00095	0.00472	2.37	98084	463	489204	5321253	54.25
1980	30-34	0.00081	0.00402	2.67	97621	393	487193	4832049	49.50
1980	35-39	0.00096	0.00480	1.84	97229	467	484667	4344856	44.69
1980	40-44	0.00166	0.00827	2.66	96761	801	481937	3860189	39.89
1980	45-49	0.00339	0.01684	2.67	95961	1616	476046	3378253	35.20
1980	50-54	0.00418	0.02072	2.79	94345	1954	467406	2902207	30.76
1980	55-59	0.00673	0.03313	2.71	92391	3061	454945	2434800	26.35
1980	60-64	0.01162	0.05646	2.5	89330	5043	434045	1979856	22.16
1980	65-69	0.02014	0.09623	2.7	84286	8111	402768	1545811	18.34
1980	70-74	0.02624	0.12369	2.68	76176	9422	359050	1143042	15.01
1980	75-79	0.03755	0.17164	2.5	66753	11458	305122	783992	11.74
1980	80-84	0.06859	0.29435	2.59	55296	16276	237299	478870	8.66
1980	85-89	0.11924	0.45827	2.48	39020	17881	149961	241571	6.19
1980	90-94	0.19802	0.64450	2.29	21138	13624	68798	91611	4.33
1980	95-99	0.30878	0.80645	2.04	7515	6060	19626	22813	3.04
1980	100-104	0.44602	0.91011	1.75	1454	1324	2968	3187	2.19
1980	105-109	0.59281	0.96051	1.48	131	126	212	219	1.68
1980	110+	0.70814	1.00000	1.41	5	5	7	7	1.41
1981	0	0.00880	0.00873	0.08	100000	873	99195	7870446	78.70
1981	1-4	0.00037	0.00149	1.42	99127	147	396129	7771251	78.40
1981	5-9	0.00005	0.00026	4.5	98980	26	494887	7375122	74.51
1981	10-14	0.00010	0.00052	2.01	98954	52	494616	6880236	69.53
1981	15-19	0.00093	0.00466	2.75	98902	461	493474	6385620	64.56
1981	20-24	0.00073	0.00364	2.52	98441	359	491318	5892146	59.85
1981	25-29	0.00075	0.00375	2.59	98083	368	489528	5400828	55.06
1981	30-34	0.00076	0.00380	3.11	97715	371	487871	4911300	50.26
1981	35-39	0.00054	0.00271	2.16	97343	264	485967	4423429	45.44
1981	40-44	0.00159	0.00791	3.12	97080	767	483953	3937462	40.56
1981	45-49	0.00340	0.01685	2.74	96312	1622	477901	3453510	35.86
1981	50-54	0.00506	0.02498	2.56	94690	2365	467677	2975608	31.42
1981	55-59	0.00703	0.03461	2.83	92324	3195	454696	2507931	27.16
1981	60-64	0.00814	0.03985	2.41	89129	3552	436455	2053235	23.04
1981	65-69	0.01503	0.07241	2.47	85577	6196	412183	1616780	18.89
1981	70-74	0.02458	0.11611	2.62	79381	9217	374932	1204597	15.17
1981	75-79	0.03531	0.16310	2.67	70164	11444	324106	829664	11.82
1981	80-84	0.07011	0.29976	2.58	58720	17602	251061	505559	8.61
1981	85-89	0.12005	0.46034	2.47	41118	18928	157668	254498	6.19
1981	90-94	0.19682	0.64178	2.29	22190	14241	72356	96830	4.36
1981	95-99	0.30404	0.80083	2.05	7949	6366	20937	24474	3.08
1981	100-104	0.43691	0.90503	1.76	1583	1433	3279	3537	2.23
1981	105-109	0.58013	0.95741	1.5	150	144	248	257	1.71
1981	110+	0.69383	1.00000	1.44	6	6	9	9	1.44
1982	0	0.00953	0.00945	0.08	100000	945	99130	7886932	78.87
1982	1-4	0.00051	0.00203	1.74	99055	201	395765	7787802	78.62
1982	5-9	0.00029	0.00145	1.73	98854	143	493799	7392037	74.78
1982	10-14	0.00031	0.00152	2.7	98710	151	493206	6898238	69.88
1982	15-19	0.00056	0.00280	2.9	98560	276	492220	6405032	64.99
1982	20-24	0.00086	0.00428	2.28	98284	420	490278	5912812	60.16
1982	25-29	0.00053	0.00263	2.58	97864	257	488697	5422535	55.41
1982	30-34	0.00084	0.00419	2.8	97607	409	487133	4933838	50.55
1982	35-39	0.00109	0.00542	2.49	97197	527	484661	4446704	45.75
1982	40-44	0.00164	0.00816	2.42	96670	789	481314	3962043	40.99
1982	45-49	0.00387	0.01921	2.72	95881	1841	475210	3480729	36.30
1982	50-54	0.00426	0.02111	2.89	94039	1985	466005	3005518	31.96
1982	55-59	0.00590	0.02910	2.64	92054	2679	453945	2539514	27.59
1982	60-64	0.00904	0.04431	2.75	89376	3960	437972	2085568	23.33
1982	65-69	0.01481	0.07180	2.87	85416	6132	414022	1647596	19.29
1982	70-74	0.02415	0.11470	2.81	79283	9094	376542	1233574	15.56
1982	75-79	0.03753	0.17244	2.65	70189	12103	322492	857032	12.21
1982	80-84	0.06195	0.26972	2.6	58086	15667	252896	534540	9.20
1982	85-89	0.10746	0.42351	2.5	42419	17965	167175	281645	6.64
1982	90-94	0.17891	0.60563	2.33	24454	14810	82779	114470	4.68
1982	95-99	0.28121	0.77424	2.1	9644	7467	26552	31690	3.29
1982	100-104	0.41141	0.89062	1.82	2177	1939	4713	5138	2.36
1982	105-109	0.55570	0.95126	1.54	238	227	408	425	1.78
1982	110+	0.67238	1.00000	1.49	12	12	17	17	1.49
1983	0	0.00786	0.00780	0.08	100000	780	99278	7944723	79.45
1983	1-4	0.00039	0.00157	1.65	99220	156	396513	7845445	79.07
1983	5-9	0.00019	0.00096	2.31	99064	95	495065	7448932	75.19
1983	10-14	0.00035	0.00175	2.78	98969	173	494461	6953868	70.26
1983	15-19	0.00082	0.00411	2.86	98796	406	493112	6459407	65.38
1983	20-24	0.00099	0.00495	2.68	98390	487	490823	5966294	60.64
1983	25-29	0.00070	0.00348	2.24	97904	340	488579	5475471	55.93
1983	30-34	0.00077	0.00385	2.54	97563	375	486892	4986892	51.11
1983	35-39	0.00076	0.00378	2.15	97188	367	484892	4500000	46.30
1983	40-44	0.00171	0.00850	3.25	96821	823	482661	4015108	41.47
1983	45-49	0.00191	0.00953	3.38	95997	915	478504	3532447	36.80
1983	50-54	0.00278	0.01380	2.53	95083	1312	472175	3053943	32.12
1983	55-59	0.00568	0.02800	2.52	93770	2625	462337	2581768	27.53
1983	60-64	0.00874	0.04292	2.92	91145	3912	447585	2119431	23.25
1983	65-69	0.01683	0.08080	2.53	87233	7048	418767	1671847	19.17
1983	70-74	0.02273	0.10782	2.62	80185	8645	380311	1253080	15.63
1983	75-79	0.03766	0.17220	2.52	71539	12319	327101	872769	12.20
1983	80-84	0.06502	0.28082	2.57	59220	16630	255750	545669	9.21
1983	85-89	0.10650	0.41980	2.48	42590	17879	167886	289918	6.81
1983	90-94	0.16889	0.58247	2.34	24711	14393	85223	122032	4.94
1983	95-99	0.25622	0.73918	2.14	10318	7627	29766	36810	3.57
1983	100-104	0.36765	0.85863	1.9	2691	2311	6285	7044	2.62
1983	105-109	0.49514	0.93044	1.65	380	354	715	759	1.99
1983	110+	0.60167	1.00000	1.66	26	26	44	44	1.66
1984	0	0.00915	0.00907	0.08	100000	907	99164	7932252	79.32
1984	1-4	0.00034	0.00137	1.78	99093	136	396070	7833088	79.05
1984	5-9	0.00019	0.00095	2.62	98957	94	494562	7437017	75.15
1984	10-14	0.00025	0.00126	1.48	98863	124	493878	6942455	70.22
1984	15-19	0.00070	0.00351	3	98739	347	493002	6448577	65.31
1984	20-24	0.00092	0.00461	2.26	98392	453	490718	5955575	60.53
1984	25-29	0.00073	0.00363	2	97939	355	488625	5464857	55.80
1984	30-34	0.00085	0.00424	2.58	97583	413	486916	4976232	50.99
1984	35-39	0.00135	0.00673	2.45	97170	654	484179	4489316	46.20
1984	40-44	0.00140	0.00698	2.74	96515	674	481052	4005137	41.50
1984	45-49	0.00165	0.00822	2.8	95841	788	477477	3524086	36.77
1984	50-54	0.00355	0.01764	3.19	95053	1677	472225	3046609	32.05
1984	55-59	0.00520	0.02565	2.54	93377	2396	460981	2574383	27.57
1984	60-64	0.00796	0.03914	2.85	90981	3561	447250	2113402	23.23
1984	65-69	0.01354	0.06552	2.57	87420	5728	423195	1666152	19.06
1984	70-74	0.02544	0.11999	2.65	81692	9802	385382	1242957	15.22
1984	75-79	0.04129	0.18682	2.46	71890	13431	325284	857576	11.93
1984	80-84	0.06181	0.26935	2.62	58459	15746	254741	532292	9.11
1984	85-89	0.10982	0.43097	2.5	42713	18408	167617	277551	6.50
1984	90-94	0.18638	0.62182	2.32	24305	15114	81091	109934	4.52
1984	95-99	0.29654	0.79336	2.07	9192	7292	24592	28843	3.14
1984	100-104	0.43567	0.90512	1.77	1899	1719	3946	4251	2.24
1984	105-109	0.58647	0.95929	1.49	180	173	295	305	1.69
1984	110+	0.70554	1.00000	1.42	7	7	10	10	1.42
1985	0	0.01159	0.01147	0.09	100000	1147	98951	7909878	79.10
1985	1-4	0.00052	0.00207	1.17	98853	205	394832	7810927	79.02
1985	5-9	0.00019	0.00096	3.05	98648	95	493054	7416095	75.18
1985	10-14	0.00020	0.00100	3.99	98553	99	492664	6923042	70.25
1985	15-19	0.00080	0.00401	2.31	98454	394	491210	6430377	65.31
1985	20-24	0.00061	0.00302	2.62	98060	296	489594	5939167	60.57
1985	25-29	0.00067	0.00332	2.42	97764	325	487980	5449573	55.74
1985	30-34	0.00083	0.00415	2.36	97439	405	486125	4961593	50.92
1985	35-39	0.00105	0.00525	2.66	97034	510	483979	4475467	46.12
1985	40-44	0.00109	0.00543	2.71	96525	524	481423	3991489	41.35
1985	45-49	0.00234	0.01162	2.88	96000	1115	477632	3510066	36.56
1985	50-54	0.00382	0.01894	2.65	94885	1798	470199	3032433	31.96
1985	55-59	0.00579	0.02853	2.59	93087	2656	459041	2562234	27.53
1985	60-64	0.00788	0.03880	3.04	90432	3509	445264	2103193	23.26
1985	65-69	0.01283	0.06251	2.93	86923	5433	423346	1657930	19.07
1985	70-74	0.02829	0.13289	2.72	81489	10829	382759	1234584	15.15
1985	75-79	0.03687	0.16935	2.6	70660	11966	324544	851824	12.06
1985	80-84	0.06556	0.28308	2.59	58694	16615	253423	527280	8.98
1985	85-89	0.11169	0.43594	2.48	42079	18344	164239	273857	6.51
1985	90-94	0.18287	0.61355	2.32	23735	14563	79633	109618	4.62
1985	95-99	0.28339	0.77646	2.09	9172	7122	25131	29985	3.27
1985	100-104	0.41027	0.88951	1.82	2050	1824	4446	4853	2.37
1985	105-109	0.55065	0.94962	1.55	227	215	391	408	1.80
1985	110+	0.66451	1.00000	1.5	11	11	17	17	1.50
1986	0	0.00941	0.00933	0.08	100000	933	99141	7906311	79.06
1986	1-4	0.00070	0.00281	1.68	99067	278	395624	7807169	78.81
1986	5-9	0.00038	0.00188	3.24	98789	186	493618	7411545	75.02
1986	10-14	0.00016	0.00079	3.15	98603	78	492873	6917927	70.16
1986	15-19	0.00067	0.00334	2.72	98525	329	491876	6425054	65.21
1986	20-24	0.00097	0.00484	2.12	98196	476	489613	5933178	60.42
1986	25-29	0.00074	0.00368	2.76	97721	359	487798	5443565	55.71
1986	30-34	0.00066	0.00332	2.55	97361	323	486016	4955768	50.90
1986	35-39	0.00089	0.00446	2.15	97039	432	483960	4469751	46.06
1986	40-44	0.00127	0.00631	2.36	96606	609	481426	3985791	41.26
1986	45-49	0.00273	0.01356	2.8	95997	1302	477116	3504365	36.50
1986	50-54	0.00399	0.01978	3	94695	1873	469733	3027249	31.97
1986	55-59	0.00591	0.02916	2.81	92822	2707	458193	2557516	27.55
1986	60-64	0.00768	0.03784	3	90115	3410	443752	2099323	23.30
1986	65-69	0.01509	0.07291	2.68	86705	6322	418832	1655571	19.09
1986	70-74	0.02524	0.11913	2.64	80383	9576	379346	1236739	15.39
1986	75-79	0.03786	0.17375	2.64	70807	12303	324956	857393	12.11
1986	80-84	0.06291	0.27336	2.6	58504	15992	254209	532437	9.10
1986	85-89	0.10961	0.43004	2.5	42512	18282	166795	278228	6.54
1986	90-94	0.18301	0.61438	2.33	24230	14886	81340	111433	4.60
1986	95-99	0.28792	0.78263	2.08	9343	7312	25397	30093	3.22
1986	100-104	0.42075	0.89633	1.8	2031	1820	4327	4695	2.31
1986	105-109	0.56663	0.95423	1.53	211	201	355	369	1.75
1986	110+	0.68366	1.00000	1.46	10	10	14	14	1.46
1987	0	0.00812	0.00806	0.08	100000	806	99255	7985565	79.86
1987	1-4	0.00028	0.00114	2.04	99194	113	396554	7886311	79.50
1987	5-9	0.00014	0.00068	2.61	99081	68	495242	7489757	75.59
1987	10-14	0.00027	0.00136	3.31	99013	134	494839	6994514	70.64
1987	15-19	0.00045	0.00226	2.2	98879	224	493768	6499675	65.73
1987	20-24	0.00087	0.00433	1.71	98655	427	491872	6005907	60.88
1987	25-29	0.00087	0.00433	2.43	98228	425	490049	5514035	56.13
1987	30-34	0.00041	0.00206	3.19	97803	202	488651	5023986	51.37
1987	35-39	0.00113	0.00564	2.66	97601	551	486719	4535335	46.47
1987	40-44	0.00165	0.00823	3.08	97051	798	483721	4048616	41.72
1987	45-49	0.00197	0.00983	3.04	96252	946	479408	3564895	37.04
1987	50-54	0.00336	0.01669	2.89	95306	1591	473172	3085487	32.37
1987	55-59	0.00454	0.02246	2.76	93716	2105	463860	2612315	27.87
1987	60-64	0.00883	0.04331	2.85	91611	3967	449536	2148455	23.45
1987	65-69	0.01642	0.07923	2.79	87643	6944	422856	1698918	19.38
1987	70-74	0.02270	0.10769	2.62	80699	8691	382827	1276062	15.81
1987	75-79	0.03656	0.16755	2.51	72009	12065	329976	893235	12.40
1987	80-84	0.06181	0.26896	2.59	59944	16123	260836	563259	9.40
1987	85-89	0.10326	0.41017	2.49	43821	17974	174061	302424	6.90
1987	90-94	0.16676	0.57811	2.35	25847	14943	89608	128363	4.97
1987	95-99	0.25683	0.74060	2.14	10905	8076	31445	38755	3.55
1987	100-104	0.37261	0.86298	1.89	2829	2441	6551	7310	2.58
1987	105-109	0.50500	0.93451	1.63	388	362	717	759	1.96
1987	110+	0.61531	1.00000	1.63	25	25	41	41	1.63
1988	0	0.00806	0.00800	0.08	100000	800	99261	7943694	79.44
1988	1-4	0.00026	0.00104	1.43	99200	103	396536	7844433	79.08
1988	5-9	0.00009	0.00045	1.52	99097	45	495330	7447897	75.16
1988	10-14	0.00022	0.00108	2.56	99052	107	494999	6952568	70.19
1988	15-19	0.00064	0.00320	3	98945	317	494091	6457568	65.26
1988	20-24	0.00063	0.00314	3.12	98628	310	492561	5963477	60.46
1988	25-29	0.00059	0.00294	3.1	98319	289	491043	5470916	55.64
1988	30-34	0.00089	0.00443	2.92	98030	434	489247	4979873	50.80
1988	35-39	0.00106	0.00527	2.87	97596	515	486880	4490626	46.01
1988	40-44	0.00090	0.00451	2.39	97081	437	484262	4003746	41.24
1988	45-49	0.00240	0.01190	2.27	96643	1150	480072	3519484	36.42
1988	50-54	0.00407	0.02017	2.6	95493	1926	472840	3039412	31.83
1988	55-59	0.00594	0.02927	2.51	93567	2739	461010	2566572	27.43
1988	60-64	0.00999	0.04890	2.83	90828	4441	444499	2105562	23.18
1988	65-69	0.01611	0.07761	2.66	86387	6705	416224	1661064	19.23
1988	70-74	0.02687	0.12682	2.78	79682	10105	376011	1244839	15.62
1988	75-79	0.04017	0.18338	2.63	69577	12759	317599	868828	12.49
1988	80-84	0.05480	0.24251	2.63	56818	13779	251456	551229	9.70
1988	85-89	0.09820	0.39520	2.53	43039	17009	173208	299773	6.97
1988	90-94	0.16867	0.58397	2.37	26030	15201	90121	126565	4.86
1988	95-99	0.27249	0.76396	2.13	10829	8273	30362	36444	3.37
1988	100-104	0.40732	0.88879	1.83	2556	2272	5577	6082	2.38
1988	105-109	0.55811	0.95231	1.54	284	271	485	505	1.78
1988	110+	0.67997	1.00000	1.47	14	14	20	20	1.47
1989	0	0.00868	0.00861	0.08	100000	861	99205	7908598	79.09
1989	1-4	0.00090	0.00361	1.66	99139	357	395719	7809393	78.77
1989	5-9	0.00010	0.00049	0.5	98781	48	493690	7413674	75.05
1989	10-14	0.00048	0.00242	2.56	98733	239	493085	6919984	70.09
1989	15-19	0.00047	0.00236	2.78	98495	233	491958	6426899	65.25
1989	20-24	0.00071	0.00357	1.85	98262	350	490205	5934942	60.40
1989	25-29	0.00051	0.00255	2.74	97912	249	488995	5444736	55.61
1989	30-34	0.00067	0.00336	2.18	97662	328	487388	4955741	50.74
1989	35-39	0.00123	0.00614	2.57	97334	597	485222	4468353	45.91
1989	40-44	0.00118	0.00588	2.72	96737	569	482388	3983131	41.17
1989	45-49	0.00273	0.01356	2.72	96169	1304	477875	3500743	36.40
1989	50-54	0.00348	0.01723	2.55	94864	1635	470311	3022868	31.87
1989	55-59	0.00519	0.02560	2.48	93230	2386	460125	2552557	27.38
1989	60-64	0.00943	0.04616	2.76	90843	4193	444809	2092432	23.03
1989	65-69	0.01599	0.07705	2.64	86650	6676	417515	1647623	19.01
1989	70-74	0.02567	0.12084	2.58	79974	9664	376436	1230109	15.38
1989	75-79	0.04000	0.18276	2.64	70309	12850	321252	853672	12.14
1989	80-84	0.06332	0.27463	2.59	57460	15780	249191	532420	9.27
1989	85-89	0.10573	0.41772	2.49	41680	17410	164672	283229	6.80
1989	90-94	0.17051	0.58650	2.34	24269	14234	83479	118557	4.89
1989	95-99	0.26205	0.74792	2.13	10035	7506	28642	35078	3.50
1989	100-104	0.37912	0.86787	1.88	2530	2195	5791	6436	2.54
1989	105-109	0.51215	0.93708	1.62	334	313	612	645	1.93
1989	110+	0.62254	1.00000	1.61	21	21	34	34	1.61
1990	0	0.00682	0.00677	0.07	100000	677	99371	7967251	79.67
1990	1-4	0.00021	0.00085	2.13	99323	85	397131	7867880	79.22
1990	5-9	0.00024	0.00122	3.44	99238	121	496000	7470749	75.28
1990	10-14	0.00021	0.00107	3.35	99117	106	495410	6974749	70.37
1990	15-19	0.00078	0.00388	3.22	99011	384	494375	6479339	65.44
1990	20-24	0.00071	0.00355	2.09	98627	350	492116	5984964	60.68
1990	25-29	0.00083	0.00416	2.76	98277	408	490471	5492848	55.89
1990	30-34	0.00063	0.00317	2.54	97869	310	488580	5002377	51.11
1990	35-39	0.00046	0.00228	2.78	97559	222	487301	4513797	46.27
1990	40-44	0.00137	0.00683	2.06	97337	665	484733	4026496	41.37
1990	45-49	0.00304	0.01511	3.47	96672	1460	481127	3541763	36.64
1990	50-54	0.00416	0.02063	2.74	95212	1964	471624	3060636	32.15
1990	55-59	0.00467	0.02309	2.54	93248	2153	460944	2589012	27.76
1990	60-64	0.00872	0.04270	2.65	91095	3890	446329	2128067	23.36
1990	65-69	0.01624	0.07833	2.75	87205	6831	420652	1681738	19.28
1990	70-74	0.02413	0.11445	2.75	80374	9198	381146	1261086	15.69
1990	75-79	0.03598	0.16557	2.6	71176	11785	327547	879940	12.36
1990	80-84	0.06265	0.27214	2.59	59391	16162	257978	552393	9.30
1990	85-89	0.10511	0.41590	2.49	43228	17979	171045	294415	6.81
1990	90-94	0.17026	0.58604	2.34	25250	14797	86912	123370	4.89
1990	95-99	0.26259	0.74880	2.13	10452	7827	29805	36457	3.49
1990	100-104	0.38083	0.86924	1.87	2626	2282	5993	6652	2.53
1990	105-109	0.51510	0.93819	1.61	343	322	625	659	1.92
1990	110+	0.62638	1.00000	1.6	21	21	34	34	1.60
1991	0	0.00768	0.00763	0.07	100000	763	99294	7967983	79.68
1991	1-4	0.00052	0.00209	1.21	99237	208	396369	7868689	79.29
1991	5-9	0.00016	0.00078	1.71	99029	77	494893	7472320	75.46
1991	10-14	0.00015	0.00077	2.18	98952	76	494548	6977427	70.51
1991	15-19	0.00076	0.00380	2.7	98877	376	493521	6482878	65.57
1991	20-24	0.00064	0.00320	2.49	98501	316	491713	5989358	60.80
1991	25-29	0.00095	0.00476	1.93	98186	467	489494	5497645	55.99
1991	30-34	0.00064	0.00318	2.97	97718	311	487960	5008151	51.25
1991	35-39	0.00146	0.00728	2.26	97407	709	485098	4520191	46.41
1991	40-44	0.00139	0.00694	2.7	96699	671	481948	4035093	41.73
1991	45-49	0.00292	0.01450	2.82	96027	1392	477098	3553144	37.00
1991	50-54	0.00502	0.02479	2.38	94635	2346	467039	3076046	32.50
1991	55-59	0.00763	0.03745	2.54	92289	3456	452935	2609007	28.27
1991	60-64	0.00889	0.04359	2.8	88833	3872	435639	2156072	24.27
1991	65-69	0.01375	0.06649	2.52	84960	5649	410819	1720433	20.25
1991	70-74	0.02010	0.09595	2.65	79311	7610	378677	1309614	16.51
1991	75-79	0.03185	0.14807	2.63	71701	10617	333343	930938	12.98
1991	80-84	0.05394	0.23917	2.63	61084	14609	270848	597594	9.78
1991	85-89	0.09673	0.39052	2.53	46475	18149	187634	326746	7.03
1991	90-94	0.16634	0.57871	2.37	28326	16392	98550	139112	4.91
1991	95-99	0.26919	0.75961	2.13	11933	9065	33674	40563	3.40
1991	100-104	0.40326	0.88621	1.84	2869	2542	6304	6888	2.40
1991	105-109	0.55385	0.95116	1.55	326	310	561	584	1.79
1991	110+	0.67597	1.00000	1.48	16	16	24	24	1.48
1992	0	0.00762	0.00756	0.07	100000	756	99300	7958838	79.59
1992	1-4	0.00060	0.00239	1.84	99244	237	396464	7859538	79.19
1992	5-9	0.00011	0.00055	1.5	99007	55	494844	7463073	75.38
1992	10-14	0.00025	0.00123	2.15	98952	122	494415	6968229	70.42
1992	15-19	0.00051	0.00253	2.12	98831	250	493434	6473814	65.50
1992	20-24	0.00049	0.00245	2.62	98581	241	492330	5980380	60.66
1992	25-29	0.00086	0.00428	2.31	98340	421	490567	5488050	55.81
1992	30-34	0.00061	0.00303	2.65	97919	296	488898	4997483	51.04
1992	35-39	0.00094	0.00470	2.65	97622	458	487034	4508585	46.18
1992	40-44	0.00166	0.00827	2.62	97164	804	483909	4021551	41.39
1992	45-49	0.00169	0.00842	2.35	96360	812	479654	3537642	36.71
1992	50-54	0.00383	0.01895	2.52	95549	1811	473259	3057989	32.00
1992	55-59	0.00563	0.02782	2.72	93738	2607	462744	2584730	27.57
1992	60-64	0.01031	0.05027	2.53	91131	4581	444359	2121985	23.29
1992	65-69	0.01845	0.08822	2.52	86550	7636	413802	1677626	19.38
1992	70-74	0.02344	0.11054	2.43	78914	8723	372130	1263824	16.02
1992	75-79	0.04188	0.18977	2.53	70191	13320	318064	891694	12.70
1992	80-84	0.05201	0.23148	2.63	56871	13165	253139	573630	10.09
1992	85-89	0.09144	0.37319	2.54	43707	16311	178380	320491	7.33
1992	90-94	0.15496	0.55172	2.39	27396	15115	97540	142111	5.19
1992	95-99	0.24890	0.73048	2.17	12281	8971	36042	44571	3.63
1992	100-104	0.37305	0.86457	1.9	3310	2862	7671	8529	2.58
1992	105-109	0.51644	0.93935	1.61	448	421	815	858	1.91
1992	110+	0.63572	1.00000	1.57	27	27	43	43	1.57
1993	0	0.00646	0.00643	0.07	100000	643	99403	7958966	79.59
1993	1-4	0.00046	0.00182	1.49	99357	181	396975	7859563	79.10
1993	5-9	0.00023	0.00115	1.25	99176	114	495455	7462588	75.25
1993	10-14	0.00005	0.00025	4.5	99063	25	495301	6967133	70.33
1993	15-19	0.00071	0.00354	2.23	99038	351	494216	6471832	65.35
1993	20-24	0.00044	0.00220	1.54	98687	217	492686	5977616	60.57
1993	25-29	0.00080	0.00401	2.75	98470	394	491465	5484930	55.70
1993	30-34	0.00059	0.00293	3.79	98076	288	490033	4993465	50.91
1993	35-39	0.00126	0.00629	2.87	97788	615	487631	4503433	46.05
1993	40-44	0.00146	0.00729	2.48	97173	709	484078	4015802	41.33
1993	45-49	0.00218	0.01087	2.65	96464	1048	479859	3531724	36.61
1993	50-54	0.00405	0.02006	2.63	95416	1914	472549	3051865	31.98
1993	55-59	0.00554	0.02734	2.57	93503	2556	461292	2579316	27.59
1993	60-64	0.01019	0.04977	2.72	90946	4527	444404	2118025	23.29
1993	65-69	0.01363	0.06630	2.95	86420	5729	420351	1673620	19.37
1993	70-74	0.02519	0.11924	2.77	80690	9621	381987	1253269	15.53
1993	75-79	0.03870	0.17628	2.48	71069	12528	323765	871282	12.26
1993	80-84	0.05883	0.25806	2.62	58541	15107	256774	547517	9.35
1993	85-89	0.10480	0.41573	2.52	43434	18057	172304	290744	6.69
1993	90-94	0.17859	0.60556	2.34	25377	15367	86048	118440	4.67
1993	95-99	0.28580	0.78066	2.09	10010	7814	27341	32392	3.24
1993	100-104	0.42282	0.89801	1.8	2195	1972	4663	5050	2.30
1993	105-109	0.57344	0.95621	1.51	224	214	373	388	1.73
1993	110+	0.69366	1.00000	1.44	10	10	14	14	1.44
1994	0	0.00624	0.00620	0.07	100000	620	99423	7968053	79.68
1994	1-4	0.00031	0.00125	1.21	99380	124	397173	7868630	79.18
1994	5-9	0.00017	0.00085	1.79	99256	85	496007	7471457	75.27
1994	10-14	0.00019	0.00096	4	99171	95	495760	6975450	70.34
1994	15-19	0.00032	0.00161	2.73	99076	159	495020	6479690	65.40
1994	20-24	0.00093	0.00464	1.66	98917	459	493054	5984670	60.50
1994	25-29	0.00099	0.00492	2	98458	485	490835	5491616	55.78
1994	30-34	0.00101	0.00502	2.9	97973	492	488831	5000781	51.04
1994	35-39	0.00101	0.00505	2.58	97481	492	486215	4511950	46.29
1994	40-44	0.00127	0.00631	2.79	96989	612	483592	4025735	41.51
1994	45-49	0.00230	0.01144	2.59	96377	1103	479228	3542143	36.75
1994	50-54	0.00364	0.01805	2.53	95274	1719	472126	3062915	32.15
1994	55-59	0.00519	0.02561	2.33	93555	2396	461375	2590789	27.69
1994	60-64	0.00968	0.04730	2.56	91159	4312	445275	2129414	23.36
1994	65-69	0.01449	0.07006	2.67	86847	6085	420035	1684139	19.39
1994	70-74	0.02561	0.12107	2.76	80762	9778	381873	1264104	15.65
1994	75-79	0.03728	0.17153	2.68	70984	12176	326636	882231	12.43
1994	80-84	0.06070	0.26484	2.59	58808	15575	256574	555595	9.45
1994	85-89	0.10240	0.40762	2.5	43233	17623	172096	299021	6.92
1994	90-94	0.16680	0.57841	2.35	25610	14813	88811	126925	4.96
1994	95-99	0.25866	0.74346	2.14	10797	8027	31034	38114	3.53
1994	100-104	0.37697	0.86652	1.88	2770	2400	6367	7081	2.56
1994	105-109	0.51197	0.93718	1.62	370	346	677	714	1.93
1994	110+	0.62412	1.00000	1.6	23	23	37	37	1.60
1995	0	0.00697	0.00693	0.07	100000	693	99357	7959834	79.60
1995	1-4	0.00040	0.00159	1.29	99307	158	396800	7860477	79.15
1995	5-9	0.00017	0.00084	1.73	99149	83	495474	7463677	75.28
1995	10-14	0.00014	0.00072	3.13	99066	71	495197	6968203	70.34
1995	15-19	0.00056	0.00277	2.11	98995	275	494181	6473006	65.39
1995	20-24	0.00067	0.00336	1.88	98720	332	492564	5978825	60.56
1995	25-29	0.00068	0.00340	2.51	98388	335	491108	5486261	55.76
1995	30-34	0.00054	0.00271	1.84	98053	266	489429	4995153	50.94
1995	35-39	0.00092	0.00458	3.03	97788	447	488055	4505725	46.08
1995	40-44	0.00191	0.00951	2.92	97340	925	484775	4017669	41.27
1995	45-49	0.00186	0.00925	2.22	96415	892	479599	3532895	36.64
1995	50-54	0.00281	0.01395	2.49	95523	1332	474266	3053296	31.96
1995	55-59	0.00650	0.03194	2.3	94191	3008	462846	2579029	27.38
1995	60-64	0.01046	0.05110	2.77	91183	4660	445521	2116183	23.21
1995	65-69	0.01463	0.07061	2.55	86523	6109	417637	1670662	19.31
1995	70-74	0.02361	0.11206	2.73	80413	9011	381655	1253025	15.58
1995	75-79	0.03850	0.17680	2.7	71402	12624	327929	871370	12.20
1995	80-84	0.06044	0.26414	2.62	58778	15526	256866	543440	9.25
1995	85-89	0.10685	0.42190	2.51	43252	18248	170789	286575	6.63
1995	90-94	0.18078	0.61004	2.34	25004	15253	84375	115786	4.63
1995	95-99	0.28751	0.78254	2.09	9750	7630	26538	31411	3.22
1995	100-104	0.42335	0.89815	1.8	2120	1904	4498	4873	2.30
1995	105-109	0.57242	0.95587	1.52	216	206	361	374	1.73
1995	110+	0.69150	1.00000	1.45	10	10	14	14	1.45
1996	0	0.00334	0.00333	0.06	100000	333	99688	7964540	79.65
1996	1-4	0.00040	0.00160	1.29	99667	160	398236	7864852	78.91
1996	5-9	0.00017	0.00085	2.77	99508	85	497349	7466616	75.04
1996	10-14	0.00040	0.00198	2.18	99423	197	496558	6969268	70.10
1996	15-19	0.00060	0.00299	2.35	99226	297	495343	6472710	65.23
1996	20-24	0.00057	0.00284	2.23	98929	281	493867	5977366	60.42
1996	25-29	0.00045	0.00223	2.38	98648	220	492665	5483500	55.59
1996	30-34	0.00130	0.00647	2.83	98428	637	490762	4990835	50.71
1996	35-39	0.00079	0.00395	2.81	97792	386	488112	4500073	46.02
1996	40-44	0.00151	0.00751	2.35	97405	731	485092	4011961	41.19
1996	45-49	0.00264	0.01310	2.51	96674	1267	480220	3526869	36.48
1996	50-54	0.00355	0.01760	2.72	95408	1679	473208	3046648	31.93
1996	55-59	0.00455	0.02248	2.53	93729	2107	463437	2573440	27.46
1996	60-64	0.00942	0.04602	2.54	91622	4216	447755	2110003	23.03
1996	65-69	0.01561	0.07519	2.55	87406	6573	420934	1662248	19.02
1996	70-74	0.02626	0.12300	2.43	80834	9943	378660	1241314	15.36
1996	75-79	0.03793	0.17393	2.62	70891	12330	325049	862654	12.17
1996	80-84	0.06373	0.27619	2.59	58561	16174	253806	537605	9.18
1996	85-89	0.10753	0.42334	2.49	42386	17944	166871	283799	6.70
1996	90-94	0.17489	0.59635	2.33	24442	14576	83344	116928	4.78
1996	95-99	0.27026	0.75934	2.12	9866	7492	27721	33584	3.40
1996	100-104	0.39174	0.87714	1.85	2374	2083	5316	5863	2.47
1996	105-109	0.52841	0.94275	1.59	292	275	520	547	1.87
1996	110+	0.64082	1.00000	1.56	17	17	26	26	1.56
1997	0	0.00472	0.00470	0.07	100000	470	99561	7999619	80.00
1997	1-4	0.00032	0.00129	1.75	99530	128	397831	7900058	79.37
1997	5-9	0.00029	0.00146	2.43	99402	145	496636	7502227	75.47
1997	10-14	0.00015	0.00074	3.15	99257	73	496149	7005590	70.58
1997	15-19	0.00069	0.00345	2.69	99184	342	495130	6509441	65.63
1997	20-24	0.00077	0.00382	2.59	98841	377	493299	6014311	60.85
1997	25-29	0.00058	0.00290	2.4	98464	286	491578	5521012	56.07
1997	30-34	0.00094	0.00468	2.06	98178	460	489539	5029434	51.23
1997	35-39	0.00107	0.00532	2.35	97719	520	487218	4539895	46.46
1997	40-44	0.00103	0.00513	2.49	97199	499	484740	4052677	41.69
1997	45-49	0.00221	0.01101	2.72	96700	1065	481076	3567937	36.90
1997	50-54	0.00296	0.01471	3.06	95635	1406	475448	3086861	32.28
1997	55-59	0.00491	0.02430	2.79	94229	2290	466079	2611414	27.71
1997	60-64	0.00987	0.04820	2.58	91939	4431	448988	2145335	23.33
1997	65-69	0.01291	0.06258	2.57	87507	5476	424246	1696347	19.39
1997	70-74	0.02433	0.11482	2.56	82031	9419	387178	1272101	15.51
1997	75-79	0.03764	0.17246	2.58	72613	12523	332740	884923	12.19
1997	80-84	0.06231	0.27104	2.6	60090	16287	261393	552184	9.19
1997	85-89	0.10768	0.42411	2.5	43803	18577	172529	290791	6.64
1997	90-94	0.17869	0.60508	2.33	25226	15263	85417	118262	4.69
1997	95-99	0.28018	0.77285	2.1	9962	7699	27479	32845	3.30
1997	100-104	0.40932	0.88924	1.82	2263	2012	4916	5366	2.37
1997	105-109	0.55265	0.95037	1.55	251	238	431	450	1.79
1997	110+	0.66880	1.00000	1.5	12	12	19	19	1.50
1998	0	0.00889	0.00882	0.08	100000	882	99187	7907274	79.07
1998	1-4	0.00024	0.00097	1.17	99118	96	396200	7808087	78.78
1998	5-9	0.00024	0.00118	2.2	99022	117	494781	7411888	74.85
1998	10-14	0.00005	0.00025	2.5	98905	25	494462	6917106	69.94
1998	15-19	0.00068	0.00337	2.38	98880	334	493525	6422644	64.95
1998	20-24	0.00045	0.00225	2.73	98546	221	492229	5929119	60.17
1998	25-29	0.00049	0.00247	2.36	98325	243	490983	5436891	55.30
1998	30-34	0.00084	0.00417	2.18	98082	409	489254	4945908	50.43
1998	35-39	0.00114	0.00570	2.79	97673	556	487134	4456653	45.63
1998	40-44	0.00099	0.00493	2.85	97116	479	484554	3969520	40.87
1998	45-49	0.00274	0.01359	2.62	96638	1313	480064	3484965	36.06
1998	50-54	0.00382	0.01894	2.68	95324	1806	472432	3004901	31.52
1998	55-59	0.00563	0.02774	2.46	93518	2594	461006	2532469	27.08
1998	60-64	0.00959	0.04700	2.87	90924	4273	445506	2071463	22.78
1998	65-69	0.01338	0.06495	2.79	86651	5628	420811	1625957	18.76
1998	70-74	0.02773	0.13032	2.7	81022	10558	380789	1205146	14.87
1998	75-79	0.04318	0.19530	2.56	70464	13762	318689	824357	11.70
1998	80-84	0.06620	0.28547	2.59	56702	16187	244497	505668	8.92
1998	85-89	0.11313	0.44026	2.48	40515	17837	157663	261170	6.45
1998	90-94	0.18563	0.61933	2.31	22678	14045	75665	103507	4.56
1998	95-99	0.28789	0.78205	2.08	8633	6751	23451	27843	3.23
1998	100-104	0.41655	0.89342	1.8	1881	1681	4035	4392	2.33
1998	105-109	0.55807	0.95173	1.54	201	191	342	356	1.78
1998	110+	0.67227	1.00000	1.49	10	10	14	14	1.49
1999	0	0.00448	0.00446	0.07	100000	446	99583	7920808	79.21
1999	1-4	0.00016	0.00065	1.5	99554	65	398054	7821225	78.56
1999	5-9	0.00052	0.00261	3.11	99489	260	496955	7423171	74.61
1999	10-14	0.00005	0.00025	4.5	99230	25	496136	6926216	69.80
1999	15-19	0.00064	0.00322	3.3	99205	319	495483	6430080	64.82
1999	20-24	0.00052	0.00259	3.09	98886	257	493939	5934597	60.01
1999	25-29	0.00055	0.00277	2.99	98629	273	492598	5440658	55.16
1999	30-34	0.00070	0.00348	2.58	98356	343	490951	4948060	50.31
1999	35-39	0.00113	0.00565	2.72	98014	554	488806	4457109	45.47
1999	40-44	0.00217	0.01079	2.72	97459	1052	484899	3968303	40.72
1999	45-49	0.00224	0.01115	2.47	96407	1075	479314	3483404	36.13
1999	50-54	0.00371	0.01838	2.62	95332	1753	472498	3004090	31.51
1999	55-59	0.00573	0.02828	2.83	93580	2646	462148	2531592	27.05
1999	60-64	0.00923	0.04512	2.51	90933	4103	444438	2069444	22.76
1999	65-69	0.01819	0.08744	2.8	86830	7592	417414	1625006	18.71
1999	70-74	0.02305	0.10942	2.69	79238	8671	376151	1207592	15.24
1999	75-79	0.03671	0.16791	2.46	70567	11849	322789	831442	11.78
1999	80-84	0.06985	0.29877	2.58	58718	17543	251141	508653	8.66
1999	85-89	0.11864	0.45618	2.47	41175	18783	158318	257512	6.25
1999	90-94	0.19329	0.63466	2.3	22392	14211	73521	99194	4.43
1999	95-99	0.29748	0.79319	2.06	8181	6489	21813	25673	3.14
1999	100-104	0.42708	0.89944	1.78	1692	1522	3563	3860	2.28
1999	105-109	0.56803	0.95430	1.52	170	162	286	297	1.75
1999	110+	0.68094	1.00000	1.47	8	8	11	11	1.47
2000	0	0.00752	0.00747	0.07	100000	747	99309	7915564	79.16
2000	1-4	0.00033	0.00132	2.25	99253	131	396784	7816255	78.75
2000	5-9	0.00019	0.00093	1.81	99122	92	495317	7419471	74.85
2000	10-14	0.00022	0.00111	1.24	99030	110	494735	6924154	69.92
2000	15-19	0.00070	0.00350	2.96	98920	346	493892	6429419	65.00
2000	20-24	0.00075	0.00375	1.4	98574	370	491538	5935526	60.21
2000	25-29	0.00041	0.00205	3.31	98204	202	490678	5443988	55.44
2000	30-34	0.00110	0.00549	2.98	98002	538	488922	4953311	50.54
2000	35-39	0.00096	0.00481	2.75	97464	469	486267	4464388	45.81
2000	40-44	0.00223	0.01110	2.57	96995	1076	482362	3978121	41.01
2000	45-49	0.00203	0.01008	2.74	95919	967	477406	3495759	36.44
2000	50-54	0.00351	0.01744	2.89	94952	1656	471267	3018353	31.79
2000	55-59	0.00584	0.02879	2.53	93296	2686	459832	2547086	27.30
2000	60-64	0.00998	0.04872	2.56	90610	4415	442267	2087253	23.04
2000	65-69	0.01516	0.07324	2.72	86195	6313	416563	1644987	19.08
2000	70-74	0.02445	0.11540	2.58	79882	9218	377101	1228424	15.38
2000	75-79	0.03831	0.17638	2.75	70663	12463	325319	851323	12.05
2000	80-84	0.06261	0.27237	2.61	58200	15852	253172	526004	9.04
2000	85-89	0.11126	0.43527	2.5	42348	18433	165676	272833	6.44
2000	90-94	0.18873	0.62663	2.32	23915	14986	79405	107157	4.48
2000	95-99	0.29993	0.79725	2.06	8929	7119	23735	27752	3.11
2000	100-104	0.43989	0.90737	1.76	1810	1643	3734	4016	2.22
2000	105-109	0.59091	0.96030	1.49	168	161	273	282	1.68
2000	110+	0.70971	1.00000	1.41	7	7	9	9	1.41
2001	0	0.00770	0.00764	0.07	100000	764	99293	7927222	79.27
2001	1-4	0.00041	0.00165	1.29	99236	164	396498	7827930	78.88
2001	5-9	0.00025	0.00123	2.66	99072	122	495072	7431432	75.01
2001	10-14	0.00022	0.00108	2.93	98950	107	494527	6936360	70.10
2001	15-19	0.00055	0.00276	2.43	98843	273	493512	6441832	65.17
2001	20-24	0.00041	0.00207	2.38	98570	204	492315	5948321	60.35
2001	25-29	0.00064	0.00322	2.37	98366	316	490997	5456006	55.47
2001	30-34	0.00123	0.00614	2.63	98050	602	488821	4965010	50.64
2001	35-39	0.00110	0.00548	3.38	97447	534	486370	4476188	45.93
2001	40-44	0.00173	0.00859	2.69	96913	833	482642	3989818	41.17
2001	45-49	0.00267	0.01325	2.87	96080	1273	477687	3507175	36.50
2001	50-54	0.00388	0.01922	2.29	94807	1822	469097	3029489	31.95
2001	55-59	0.00479	0.02365	2.38	92985	2199	459154	2560392	27.54
2001	60-64	0.00962	0.04709	2.76	90786	4275	444347	2101238	23.15
2001	65-69	0.01480	0.07146	2.62	86511	6182	417830	1656890	19.15
2001	70-74	0.02273	0.10788	2.64	80329	8666	381165	1239060	15.42
2001	75-79	0.03658	0.16762	2.51	71663	12012	328352	857895	11.97
2001	80-84	0.06479	0.28050	2.61	59651	16732	258230	529543	8.88
2001	85-89	0.11470	0.44538	2.49	42919	19115	166659	271313	6.32
2001	90-94	0.19368	0.63646	2.31	23804	15150	78224	104654	4.40
2001	95-99	0.30624	0.80419	2.05	8654	6959	22725	26430	3.05
2001	100-104	0.44684	0.91087	1.75	1695	1544	3454	3706	2.19
2001	105-109	0.59736	0.96169	1.47	151	145	243	251	1.66
2001	110+	0.71512	1.00000	1.4	6	6	8	8	1.40
2002	0	0.00840	0.00834	0.08	100000	834	99230	7893116	78.93
2002	1-4	0.00041	0.00164	1.69	99166	163	396290	7793886	78.59
2002	5-9	0.00019	0.00096	1.48	99004	95	494684	7397596	74.72
2002	10-14	0.00017	0.00087	0.5	98909	86	494157	6902912	69.79
2002	15-19	0.00051	0.00255	2.6	98823	252	493510	6408755	64.85
2002	20-24	0.00066	0.00327	1.89	98571	323	491851	5915245	60.01
2002	25-29	0.00086	0.00431	2.16	98248	424	490040	5423394	55.20
2002	30-34	0.00089	0.00442	2.89	97825	433	488212	4933355	50.43
2002	35-39	0.00143	0.00711	2.35	97392	692	485125	4445143	45.64
2002	40-44	0.00181	0.00902	2.51	96700	872	481324	3960018	40.95
2002	45-49	0.00262	0.01298	2.18	95828	1244	475627	3478694	36.30
2002	50-54	0.00400	0.01981	2.66	94584	1874	468523	3003068	31.75
2002	55-59	0.00476	0.02352	2.41	92709	2181	457898	2534544	27.34
2002	60-64	0.00977	0.04777	2.67	90529	4324	442551	2076646	22.94
2002	65-69	0.01664	0.08008	2.65	86204	6903	414782	1634096	18.96
2002	70-74	0.02256	0.10714	2.67	79301	8496	376675	1219314	15.38
2002	75-79	0.03855	0.17660	2.62	70805	12504	324321	842639	11.90
2002	80-84	0.06310	0.27436	2.62	58301	15995	253497	518318	8.89
2002	85-89	0.11500	0.44670	2.5	42306	18898	164335	264821	6.26
2002	90-94	0.19885	0.64731	2.3	23408	15152	76199	100486	4.29
2002	95-99	0.31944	0.81896	2.03	8256	6761	21165	24287	2.94
2002	100-104	0.46923	0.92204	1.71	1495	1378	2937	3122	2.09
2002	105-109	0.62608	0.96767	1.43	117	113	180	185	1.59
2002	110+	0.74541	1.00000	1.34	4	4	5	5	1.34
2003	0	0.00465	0.00463	0.07	100000	463	99567	7941682	79.42
2003	1-4	0.00057	0.00228	1.79	99537	227	397644	7842115	78.79
2003	5-9	0.00038	0.00191	2.49	99309	189	496072	7444471	74.96
2003	10-14	0.00017	0.00085	2.48	99120	84	495389	6948399	70.10
2003	15-19	0.00046	0.00231	2.5	99036	229	494608	6453010	65.16
2003	20-24	0.00060	0.00301	2.67	98807	298	493343	5958402	60.30
2003	25-29	0.00050	0.00249	2.95	98510	246	492044	5465059	55.48
2003	30-34	0.00080	0.00397	2.98	98264	391	490533	4973015	50.61
2003	35-39	0.00130	0.00650	2.31	97874	636	487655	4482482	45.80
2003	40-44	0.00219	0.01091	2.69	97238	1061	483740	3994826	41.08
2003	45-49	0.00293	0.01453	2.52	96177	1397	477420	3511086	36.51
2003	50-54	0.00407	0.02014	2.62	94779	1909	469353	3033666	32.01
2003	55-59	0.00526	0.02605	3.08	92870	2419	459695	2564313	27.61
2003	60-64	0.00824	0.04045	2.69	90451	3659	443799	2104618	23.27
2003	65-69	0.01441	0.06960	2.56	86792	6040	419231	1660819	19.14
2003	70-74	0.02404	0.11408	2.77	80752	9212	383253	1241588	15.38
2003	75-79	0.03750	0.17187	2.57	71540	12296	327866	858335	12.00
2003	80-84	0.06173	0.26929	2.63	59244	15954	258429	530469	8.95
2003	85-89	0.11378	0.44329	2.51	43290	19190	168659	272041	6.28
2003	90-94	0.19866	0.64724	2.31	24100	15598	78516	103382	4.29
2003	95-99	0.32142	0.82128	2.02	8502	6982	21722	24866	2.92
2003	100-104	0.47406	0.92436	1.7	1519	1404	2963	3143	2.07
2003	105-109	0.63312	0.96901	1.42	115	111	176	181	1.57
2003	110+	0.75318	1.00000	1.33	4	4	5	5	1.33
2004	0	0.00750	0.00744	0.07	100000	744	99311	7971655	79.72
2004	1-4	0.00016	0.00063	1	99256	63	396834	7872345	79.31
2004	5-9	0.00013	0.00064	2	99193	63	495774	7475510	75.36
2004	10-14	0.00035	0.00172	2.29	99130	171	495185	6979736	70.41
2004	15-19	0.00058	0.00290	2.57	98959	287	494096	6484551	65.53
2004	20-24	0.00069	0.00342	2.54	98672	338	492528	5990455	60.71
2004	25-29	0.00062	0.00310	2.8	98334	305	491001	5497927	55.91
2004	30-34	0.00059	0.00294	3.34	98030	288	489670	5006926	51.08
2004	35-39	0.00121	0.00601	2.68	97741	588	487343	4517256	46.22
2004	40-44	0.00180	0.00898	2.77	97153	872	483821	4029913	41.48
2004	45-49	0.00204	0.01014	2.3	96281	976	478768	3546092	36.83
2004	50-54	0.00390	0.01929	2.56	95305	1839	472041	3067324	32.18
2004	55-59	0.00579	0.02854	2.46	93466	2667	460548	2595283	27.77
2004	60-64	0.00933	0.04555	2.45	90799	4136	443452	2134735	23.51
2004	65-69	0.01334	0.06466	2.61	86664	5604	419911	1691283	19.52
2004	70-74	0.02206	0.10514	2.77	81060	8523	386309	1271371	15.68
2004	75-79	0.03755	0.17231	2.62	72537	12499	332891	885063	12.20
2004	80-84	0.06096	0.26612	2.61	60038	15977	262080	552171	9.20
2004	85-89	0.10785	0.42496	2.51	44061	18724	173613	290091	6.58
2004	90-94	0.18252	0.61372	2.33	25337	15550	85193	116479	4.60
2004	95-99	0.29016	0.78575	2.08	9787	7690	26503	31286	3.20
2004	100-104	0.42682	0.90015	1.79	2097	1887	4422	4783	2.28
2004	105-109	0.57626	0.95683	1.51	209	200	348	361	1.72
2004	110+	0.69527	1.00000	1.44	9	9	13	13	1.44
2005	0	0.00553	0.00550	0.07	100000	550	99488	8005185	80.05
2005	1-4	0.00023	0.00093	1.87	99450	93	397602	7905697	79.49
2005	5-9	0.00006	0.00032	1.5	99357	32	496674	7508095	75.57
2005	10-14	0.00017	0.00086	3.12	99325	86	496465	7011421	70.59
2005	15-19	0.00049	0.00245	1.49	99239	244	495343	6514955	65.65
2005	20-24	0.00052	0.00261	2.33	98996	258	494288	6019613	60.81
2005	25-29	0.00052	0.00259	2.8	98737	256	493125	5525324	55.96
2005	30-34	0.00108	0.00540	1.99	98482	532	490809	5032199	51.10
2005	35-39	0.00107	0.00532	2.46	97950	521	488425	4541390	46.36
2005	40-44	0.00213	0.01060	2.87	97429	1033	484942	4052965	41.60
2005	45-49	0.00269	0.01338	2.9	96396	1290	479266	3568022	37.01
2005	50-54	0.00387	0.01920	2.64	95106	1826	471214	3088756	32.48
2005	55-59	0.00655	0.03225	2.68	93281	3009	459414	2617542	28.06
2005	60-64	0.00813	0.03996	2.84	90272	3607	443561	2158128	23.91
2005	65-69	0.01248	0.06078	2.83	86665	5267	421911	1714567	19.78
2005	70-74	0.02207	0.10519	2.79	81397	8562	388023	1292656	15.88
2005	75-79	0.03461	0.15825	2.3	72836	11526	333011	904633	12.42
2005	80-84	0.06057	0.26449	2.61	61310	16216	267741	571622	9.32
2005	85-89	0.10506	0.41618	2.5	45094	18767	178637	303881	6.74
2005	90-94	0.17507	0.59736	2.34	26327	15726	89831	125244	4.76
2005	95-99	0.27569	0.76723	2.11	10600	8133	29499	35413	3.34
2005	100-104	0.40447	0.88625	1.83	2467	2187	5406	5914	2.40
2005	105-109	0.54819	0.94915	1.56	281	266	486	507	1.81
2005	110+	0.66504	1.00000	1.5	14	14	21	21	1.50
2006	0	0.00755	0.00750	0.07	100000	750	99306	7956840	79.57
2006	1-4	0.00029	0.00118	1.26	99250	117	396679	7857534	79.17
2006	5-9	0.00019	0.00094	2.82	99133	93	495463	7460855	75.26
2006	10-14	0.00012	0.00059	1.95	99040	58	495023	6965392	70.33
2006	15-19	0.00055	0.00272	1.88	98982	269	494070	6470369	65.37
2006	20-24	0.00052	0.00260	2.32	98713	257	492875	5976299	60.54
2006	25-29	0.00098	0.00489	2.85	98456	481	491247	5483424	55.69
2006	30-34	0.00072	0.00360	3.37	97975	353	489298	4992177	50.95
2006	35-39	0.00118	0.00587	2.16	97622	573	486481	4502879	46.13
2006	40-44	0.00200	0.00993	2.51	97049	963	482852	4016398	41.39
2006	45-49	0.00277	0.01374	2.59	96086	1321	477249	3533546	36.77
2006	50-54	0.00342	0.01695	2.67	94765	1606	470078	3056297	32.25
2006	55-59	0.00615	0.03027	2.42	93159	2820	458534	2586220	27.76
2006	60-64	0.00824	0.04043	2.64	90340	3652	443087	2127686	23.55
2006	65-69	0.01497	0.07221	2.53	86688	6259	417989	1684599	19.43
2006	70-74	0.02289	0.10875	2.71	80428	8747	382073	1266610	15.75
2006	75-79	0.02992	0.14004	2.72	71681	10038	335495	884537	12.34
2006	80-84	0.06550	0.28298	2.6	61643	17444	266312	549042	8.91
2006	85-89	0.11366	0.44203	2.49	44199	19538	171894	282729	6.40
2006	90-94	0.18886	0.62630	2.31	24662	15446	81785	110836	4.49
2006	95-99	0.29546	0.79145	2.07	9216	7294	24687	29050	3.15
2006	100-104	0.42923	0.90110	1.78	1922	1732	4035	4363	2.27
2006	105-109	0.57480	0.95626	1.51	190	182	316	328	1.73
2006	110+	0.69085	1.00000	1.45	8	8	12	12	1.45
2007	0	0.00530	0.00527	0.07	100000	527	99509	7990712	79.91
2007	1-4	0.00014	0.00058	2.04	99473	57	397779	7891203	79.33
2007	5-9	0.00006	0.00031	2.5	99416	31	497001	7493425	75.37
2007	10-14	0.00024	0.00119	1.98	99385	118	496568	6996424	70.40
2007	15-19	0.00043	0.00213	3.35	99267	212	495985	6499856	65.48
2007	20-24	0.00036	0.00181	2.36	99055	180	494801	6003871	60.61
2007	25-29	0.00104	0.00518	2.98	98875	512	493342	5509069	55.72
2007	30-34	0.00118	0.00587	2.59	98363	578	490423	5015727	50.99
2007	35-39	0.00201	0.00999	2.99	97786	977	486960	4525304	46.28
2007	40-44	0.00218	0.01084	2.62	96809	1050	481544	4038344	41.71
2007	45-49	0.00270	0.01342	2.38	95759	1285	475434	3556799	37.14
2007	50-54	0.00364	0.01804	2.69	94474	1704	468435	3081366	32.62
2007	55-59	0.00459	0.02273	2.95	92770	2109	459532	2612930	28.17
2007	60-64	0.00856	0.04197	2.66	90662	3805	444412	2153398	23.75
2007	65-69	0.01275	0.06185	2.6	86856	5372	421373	1708986	19.68
2007	70-74	0.02184	0.10404	2.74	81484	8478	388232	1287614	15.80
2007	75-79	0.03387	0.15678	2.63	73006	11446	337941	899382	12.32
2007	80-84	0.06227	0.27099	2.61	61560	16682	267912	561441	9.12
2007	85-89	0.10932	0.42930	2.5	44878	19266	176230	293528	6.54
2007	90-94	0.18374	0.61608	2.33	25612	15779	85876	117298	4.58
2007	95-99	0.29045	0.78588	2.08	9833	7727	26605	31422	3.20
2007	100-104	0.42555	0.89927	1.79	2105	1893	4449	4816	2.29
2007	105-109	0.57334	0.95602	1.51	212	203	354	367	1.73
2007	110+	0.69129	1.00000	1.45	9	9	13	13	1.45
2008	0	0.00661	0.00657	0.07	100000	657	99390	7990152	79.90
2008	1-4	0.00041	0.00162	1.53	99343	161	396975	7890762	79.43
2008	5-9	0.00024	0.00119	3.04	99183	118	495682	7493787	75.56
2008	10-14	0.00023	0.00116	3.23	99065	115	495122	6998104	70.64
2008	15-19	0.00066	0.00329	2.06	98950	325	493791	6502982	65.72
2008	20-24	0.00063	0.00312	2.83	98625	308	492456	6009191	60.93
2008	25-29	0.00079	0.00393	1.85	98317	386	490368	5516735	56.11
2008	30-34	0.00050	0.00251	3.02	97931	246	489167	5026367	51.33
2008	35-39	0.00151	0.00753	2.46	97685	736	486551	4537200	46.45
2008	40-44	0.00197	0.00979	2.27	96949	949	482154	4050649	41.78
2008	45-49	0.00311	0.01545	2.56	96000	1483	476376	3568495	37.17
2008	50-54	0.00445	0.02200	2.36	94517	2080	467085	3092119	32.72
2008	55-59	0.00467	0.02308	2.51	92437	2133	456866	2625033	28.40
2008	60-64	0.00704	0.03458	2.48	90304	3123	443652	2168168	24.01
2008	65-69	0.01305	0.06335	2.7	87181	5523	423176	1724516	19.78
2008	70-74	0.02080	0.09931	2.74	81658	8110	389942	1301340	15.94
2008	75-79	0.03811	0.17377	2.47	73549	12781	335410	911398	12.39
2008	80-84	0.05772	0.25376	2.62	60768	15421	267162	575988	9.48
2008	85-89	0.10229	0.40791	2.52	45347	18498	180839	308826	6.81
2008	90-94	0.17375	0.59498	2.35	26850	15975	91943	127987	4.77
2008	95-99	0.27782	0.77055	2.11	10875	8380	30162	36044	3.31
2008	100-104	0.41171	0.89127	1.82	2495	2224	5402	5882	2.36
2008	105-109	0.56050	0.95282	1.54	271	259	461	480	1.77
2008	110+	0.68048	1.00000	1.47	13	13	19	19	1.47
2009	0	0.00429	0.00427	0.07	100000	427	99600	8049388	80.49
2009	1-4	0.00020	0.00078	1.87	99573	78	398124	7949788	79.84
2009	5-9	0.00011	0.00055	1.5	99495	55	497280	7551664	75.90
2009	10-14	0.00023	0.00115	2.27	99440	115	496885	7054384	70.94
2009	15-19	0.00063	0.00314	3.47	99325	312	496147	6557498	66.02
2009	20-24	0.00052	0.00259	2.59	99013	256	494447	6061351	61.22
2009	25-29	0.00067	0.00333	2.45	98757	329	492945	5566905	56.37
2009	30-34	0.00137	0.00683	2.46	98428	672	490428	5073960	51.55
2009	35-39	0.00167	0.00833	2.66	97755	814	486871	4583531	46.89
2009	40-44	0.00190	0.00948	2.68	96941	919	482571	4096660	42.26
2009	45-49	0.00287	0.01423	2.48	96022	1367	476666	3614089	37.64
2009	50-54	0.00365	0.01810	2.53	94655	1713	469043	3137423	33.15
2009	55-59	0.00488	0.02415	2.67	92943	2244	459474	2668380	28.71
2009	60-64	0.00695	0.03425	2.85	90698	3107	446825	2208906	24.35
2009	65-69	0.01249	0.06075	2.78	87592	5321	426163	1762081	20.12
2009	70-74	0.02310	0.10974	2.73	82271	9028	390900	1335918	16.24
2009	75-79	0.03002	0.14047	2.71	73242	10288	342670	945018	12.90
2009	80-84	0.05578	0.24637	2.63	62954	15510	278066	602348	9.57
2009	85-89	0.10076	0.40337	2.53	47445	19138	189938	324282	6.83
2009	90-94	0.17404	0.59606	2.36	28307	16872	96944	134344	4.75
2009	95-99	0.28184	0.77617	2.11	11434	8875	31489	37400	3.27
2009	100-104	0.42085	0.89716	1.8	2559	2296	5456	5911	2.31
2009	105-109	0.57425	0.95656	1.51	263	252	438	455	1.73
2009	110+	0.69663	1.00000	1.44	11	11	16	16	1.44
2010	0	0.00574	0.00571	0.07	100000	571	99469	7987988	79.88
2010	1-4	0.00026	0.00102	1.51	99429	102	397465	7888520	79.34
2010	5-9	0.00005	0.00027	0.5	99328	27	496519	7491055	75.42
2010	10-14	0.00023	0.00114	3	99301	113	496279	6994536	70.44
2010	15-19	0.00060	0.00300	2.34	99188	297	495150	6498256	65.51
2010	20-24	0.00047	0.00235	1.86	98891	233	493723	6003106	60.70
2010	25-29	0.00097	0.00484	2.25	98658	477	491976	5509383	55.84
2010	30-34	0.00110	0.00548	2.61	98181	538	489620	5017407	51.10
2010	35-39	0.00162	0.00807	2.62	97643	788	486343	4527788	46.37
2010	40-44	0.00175	0.00872	2.3	96855	845	481993	4041445	41.73
2010	45-49	0.00287	0.01428	2.76	96010	1371	476976	3559452	37.07
2010	50-54	0.00406	0.02014	2.85	94639	1906	469098	3082476	32.57
2010	55-59	0.00547	0.02704	2.84	92733	2507	458257	2613378	28.18
2010	60-64	0.00844	0.04137	2.63	90226	3733	442269	2155121	23.89
2010	65-69	0.01248	0.06066	2.71	86493	5247	420422	1712853	19.80
2010	70-74	0.02051	0.09772	2.59	81246	7939	387102	1292431	15.91
2010	75-79	0.03568	0.16409	2.56	73307	12029	337170	905329	12.35
2010	80-84	0.05822	0.25587	2.64	61278	15679	269319	568159	9.27
2010	85-89	0.10682	0.42234	2.52	45599	19258	180283	298840	6.55
2010	90-94	0.18643	0.62272	2.33	26340	16403	87981	118557	4.50
2010	95-99	0.30289	0.80148	2.06	9938	7965	26296	30576	3.08
2010	100-104	0.45045	0.91338	1.75	1973	1802	4000	4280	2.17
2010	105-109	0.60835	0.96432	1.46	171	165	271	279	1.63
2010	110+	0.73051	1.00000	1.37	6	6	8	8	1.37
2011	0	0.00576	0.00572	0.07	100000	572	99467	8077160	80.77
2011	1-4	0.00026	0.00103	0.99	99428	102	397402	7977693	80.24
2011	5-9	0.00000	0.00000	2.5	99325	0	496626	7580292	76.32
2011	10-14	0.00006	0.00029	1.5	99325	28	496527	7083666	71.32
2011	15-19	0.00082	0.00408	2.89	99297	405	495630	6587139	66.34
2011	20-24	0.00046	0.00229	1.76	98892	226	493726	6091509	61.60
2011	25-29	0.00052	0.00258	2.09	98666	254	492587	5597783	56.73
2011	30-34	0.00067	0.00333	2.73	98411	328	491311	5105196	51.88
2011	35-39	0.00113	0.00562	3.06	98083	551	489345	4613886	47.04
2011	40-44	0.00268	0.01331	2.7	97532	1298	484668	4124540	42.29
2011	45-49	0.00303	0.01506	2.74	96233	1449	477898	3639872	37.82
2011	50-54	0.00339	0.01681	2.84	94784	1594	470482	3161974	33.36
2011	55-59	0.00433	0.02143	2.85	93190	1997	461661	2691492	28.88
2011	60-64	0.00867	0.04240	2.44	91193	3867	446076	2229831	24.45
2011	65-69	0.01129	0.05494	2.56	87327	4798	424906	1783755	20.43
2011	70-74	0.01927	0.09229	2.73	82529	7617	395350	1358849	16.47
2011	75-79	0.03259	0.15096	2.56	74912	11309	346975	963499	12.86
2011	80-84	0.05338	0.23711	2.65	63603	15081	282538	616524	9.69
2011	85-89	0.09857	0.39676	2.54	48523	19252	195300	333986	6.88
2011	90-94	0.17361	0.59562	2.37	29271	17434	100420	138686	4.74
2011	95-99	0.28537	0.78114	2.1	11837	9246	32401	38265	3.23
2011	100-104	0.42997	0.90280	1.79	2591	2339	5439	5864	2.26
2011	105-109	0.58840	0.96012	1.49	252	242	411	425	1.69
2011	110+	0.71324	1.00000	1.4	10	10	14	14	1.40
2012	0	0.00448	0.00447	0.07	100000	447	99583	8075672	80.76
2012	1-4	0.00026	0.00104	1.48	99553	103	397954	7976090	80.12
2012	5-9	0.00026	0.00131	2.58	99450	130	496936	7578136	76.20
2012	10-14	0.00006	0.00028	1.5	99320	28	496502	7081200	71.30
2012	15-19	0.00011	0.00057	2.49	99292	57	496318	6584698	66.32
2012	20-24	0.00091	0.00453	2.64	99235	450	495115	6088379	61.35
2012	25-29	0.00061	0.00305	2.82	98786	302	493271	5593264	56.62
2012	30-34	0.00107	0.00532	2.7	98484	524	491217	5099993	51.78
2012	35-39	0.00129	0.00644	2.54	97960	631	488247	4608776	47.05
2012	40-44	0.00179	0.00894	2.97	97330	870	484880	4120529	42.34
2012	45-49	0.00274	0.01360	2.92	96460	1312	479575	3635649	37.69
2012	50-54	0.00458	0.02262	2.45	95148	2152	470258	3156073	33.17
2012	55-59	0.00453	0.02240	2.68	92996	2083	460157	2685815	28.88
2012	60-64	0.00740	0.03639	2.75	90913	3308	447130	2225658	24.48
2012	65-69	0.01153	0.05600	2.48	87605	4906	425654	1778527	20.30
2012	70-74	0.02124	0.10116	2.65	82699	8366	393868	1352873	16.36
2012	75-79	0.03277	0.15254	2.73	74333	11339	345973	959005	12.90
2012	80-84	0.05285	0.23506	2.65	62994	14808	280166	613032	9.73
2012	85-89	0.09788	0.39457	2.54	48186	19013	194254	332866	6.91
2012	90-94	0.17284	0.59398	2.37	29173	17328	100257	138613	4.75
2012	95-99	0.28474	0.78045	2.11	11845	9244	32466	38356	3.24
2012	100-104	0.42976	0.90275	1.79	2601	2348	5463	5889	2.26
2012	105-109	0.58874	0.96023	1.49	253	243	413	427	1.69
2012	110+	0.71397	1.00000	1.4	10	10	14	14	1.40
2013	0	0.00443	0.00441	0.07	100000	441	99588	8096233	80.96
2013	1-4	0.00054	0.00214	1.23	99559	213	397644	7996646	80.32
2013	5-9	0.00005	0.00025	1.5	99346	24	496643	7599002	76.49
2013	10-14	0.00011	0.00057	4	99321	56	496550	7102359	71.51
2013	15-19	0.00049	0.00246	3.35	99265	244	495923	6605809	66.55
2013	20-24	0.00029	0.00147	2.49	99021	146	494739	6109886	61.70
2013	25-29	0.00092	0.00460	2.8	98875	454	493378	5615147	56.79
2013	30-34	0.00134	0.00665	1.88	98421	655	490061	5121768	52.04
2013	35-39	0.00120	0.00597	2.44	97766	583	487340	4631707	47.38
2013	40-44	0.00154	0.00767	2.35	97183	745	483944	4144367	42.64
2013	45-49	0.00324	0.01607	2.89	96438	1550	478913	3660423	37.96
2013	50-54	0.00371	0.01837	2.53	94888	1743	470134	3181510	33.53
2013	55-59	0.00505	0.02494	2.72	93145	2323	460430	2711376	29.11
2013	60-64	0.00726	0.03567	2.57	90822	3240	446251	2250945	24.78
2013	65-69	0.01137	0.05556	2.93	87582	4866	427823	1804694	20.61
2013	70-74	0.01989	0.09494	2.61	82716	7853	394792	1376872	16.65
2013	75-79	0.03211	0.14964	2.73	74862	11202	348872	982080	13.12
2013	80-84	0.05086	0.22719	2.65	63660	14463	284344	633208	9.95
2013	85-89	0.09396	0.38195	2.55	49197	18791	199989	348864	7.09
2013	90-94	0.16588	0.57832	2.38	30406	17584	106007	148875	4.90
2013	95-99	0.27396	0.76672	2.13	12822	9831	35884	42869	3.34
2013	100-104	0.41557	0.89452	1.82	2991	2675	6438	6984	2.34
2013	105-109	0.57323	0.95655	1.52	315	302	526	546	1.73
2013	110+	0.69914	1.00000	1.43	14	14	20	20	1.43
2014	0	0.00571	0.00568	0.07	100000	568	99471	8074080	80.74
2014	1-4	0.00040	0.00160	1.45	99432	159	397322	7974609	80.20
2014	5-9	0.00005	0.00024	1.5	99273	24	496281	7577287	76.33
2014	10-14	0.00005	0.00027	1.5	99249	27	496149	7081006	71.35
2014	15-19	0.00045	0.00222	2.98	99222	221	495662	6584857	66.37
2014	20-24	0.00071	0.00352	2.3	99001	349	494064	6089195	61.51
2014	25-29	0.00077	0.00384	2.88	98653	379	492459	5595130	56.72
2014	30-34	0.00112	0.00559	2.51	98273	549	490003	5102671	51.92
2014	35-39	0.00116	0.00580	2.62	97725	567	487277	4612668	47.20
2014	40-44	0.00197	0.00982	2.88	97158	954	483767	4125391	42.46
2014	45-49	0.00267	0.01325	2.12	96204	1275	477342	3641625	37.85
2014	50-54	0.00471	0.02326	2.52	94929	2208	469165	3164282	33.33
2014	55-59	0.00506	0.02494	2.24	92721	2313	457212	2695117	29.07
2014	60-64	0.00784	0.03851	2.63	90408	3481	443806	2237905	24.75
2014	65-69	0.01220	0.05920	2.51	86927	5146	421800	1794098	20.64
2014	70-74	0.01932	0.09238	2.64	81781	7555	391052	1372298	16.78
2014	75-79	0.02786	0.13038	2.54	74226	9678	347312	981246	13.22
2014	80-84	0.05148	0.22970	2.66	64548	14826	287992	633934	9.82
2014	85-89	0.09629	0.38960	2.55	49722	19372	201188	345942	6.96
2014	90-94	0.17157	0.59138	2.37	30350	17949	104616	144754	4.77
2014	95-99	0.28470	0.78068	2.11	12402	9682	34006	40138	3.24
2014	100-104	0.43180	0.90407	1.79	2720	2459	5695	6132	2.25
2014	105-109	0.59287	0.96124	1.49	261	251	423	437	1.68
2014	110+	0.71925	1.00000	1.39	10	10	14	14	1.39
2015	0	0.00406	0.00404	0.06	100000	404	99622	8077001	80.77
2015	1-4	0.00027	0.00108	1.74	99596	108	398139	7977379	80.10
2015	5-9	0.00020	0.00099	2.75	99488	98	497219	7579240	76.18
2015	10-14	0.00011	0.00054	1.53	99390	53	496764	7082021	71.26
2015	15-19	0.00028	0.00142	3.31	99336	141	496444	6585258	66.29
2015	20-24	0.00026	0.00130	1.87	99196	129	495572	6088814	61.38
2015	25-29	0.00093	0.00465	2.29	99066	461	494083	5593241	56.46
2015	30-34	0.00117	0.00582	2.77	98606	574	491750	5099159	51.71
2015	35-39	0.00164	0.00816	2.62	98032	800	488257	4607409	47.00
2015	40-44	0.00232	0.01153	2.78	97232	1121	483669	4119152	42.36
2015	45-49	0.00323	0.01603	2.63	96111	1541	476899	3635483	37.83
2015	50-54	0.00375	0.01857	2.55	94570	1757	468550	3158584	33.40
2015	55-59	0.00528	0.02609	2.63	92813	2421	458324	2690034	28.98
2015	60-64	0.00821	0.04028	2.72	90392	3641	443662	2231710	24.69
2015	65-69	0.01096	0.05328	2.37	86751	4622	421604	1788048	20.61
2015	70-74	0.02134	0.10174	2.71	82128	8356	391496	1366444	16.64
2015	75-79	0.03163	0.14747	2.71	73772	10880	343966	974947	13.22
2015	80-84	0.04858	0.21818	2.67	62893	13722	282487	630982	10.03
2015	85-89	0.09256	0.37774	2.57	49171	18574	200665	348495	7.09
2015	90-94	0.16782	0.58341	2.39	30597	17851	106365	147829	4.83
2015	95-99	0.28257	0.77856	2.12	12746	9924	35119	41464	3.25
2015	100-104	0.43302	0.90511	1.79	2823	2555	5900	6345	2.25
2015	105-109	0.59790	0.96251	1.48	268	258	431	445	1.66
2015	110+	0.72659	1.00000	1.38	10	10	14	14	1.38
2016	0	0.00330	0.00329	0.06	100000	329	99691	8105456	81.05
2016	1-4	0.00041	0.00165	1.16	99671	165	398215	8005765	80.32
2016	5-9	0.00015	0.00075	3.5	99506	74	497418	7607549	76.45
2016	10-14	0.00006	0.00028	4.5	99432	28	497144	7110131	71.51
2016	15-19	0.00063	0.00313	2.96	99404	311	496385	6612987	66.53
2016	20-24	0.00063	0.00315	2.8	99093	312	494780	6116603	61.73
2016	25-29	0.00052	0.00257	2.13	98781	254	493177	5621823	56.91
2016	30-34	0.00086	0.00431	3.09	98527	424	491824	5128646	52.05
2016	35-39	0.00159	0.00793	2.5	98103	778	488570	4636822	47.27
2016	40-44	0.00271	0.01343	2.44	97324	1308	483278	4148252	42.62
2016	45-49	0.00286	0.01419	2.63	96017	1363	476852	3664974	38.17
2016	50-54	0.00302	0.01500	2.64	94654	1420	469924	3188122	33.68
2016	55-59	0.00622	0.03070	2.79	93234	2862	459838	2718198	29.15
2016	60-64	0.00804	0.03946	2.73	90372	3566	443766	2258360	24.99
2016	65-69	0.01254	0.06101	2.79	86806	5296	422316	1814594	20.90
2016	70-74	0.01946	0.09313	2.69	81510	7591	390045	1392278	17.08
2016	75-79	0.03100	0.14441	2.64	73919	10674	344378	1002234	13.56
2016	80-84	0.04393	0.19941	2.69	63245	12612	287105	657855	10.40
2016	85-89	0.08629	0.35722	2.59	50633	18087	209612	370751	7.32
2016	90-94	0.16102	0.56838	2.41	32546	18499	114885	161139	4.95
2016	95-99	0.27781	0.77340	2.13	14048	10864	39106	46254	3.29
2016	100-104	0.43331	0.90588	1.79	3183	2884	6655	7147	2.25
2016	105-109	0.60426	0.96410	1.47	300	289	478	493	1.64
2016	110+	0.73673	1.00000	1.36	11	11	15	15	1.36
2017	0	0.00432	0.00430	0.07	100000	430	99598	8125249	81.25
2017	1-4	0.00028	0.00112	1.99	99570	111	398056	8025651	80.60
2017	5-9	0.00010	0.00050	4.5	99459	50	497268	7627595	76.69
2017	10-14	0.00006	0.00028	4.5	99409	28	497030	7130327	71.73
2017	15-19	0.00063	0.00315	1.52	99381	313	495814	6633298	66.75
2017	20-24	0.00066	0.00329	1.74	99068	325	494278	6137483	61.95
2017	25-29	0.00058	0.00288	1.78	98743	285	492798	5643206	57.15
2017	30-34	0.00083	0.00415	2.78	98458	409	491383	5150408	52.31
2017	35-39	0.00146	0.00726	2.72	98049	712	488625	4659025	47.52
2017	40-44	0.00177	0.00880	2.86	97337	857	484855	4170400	42.84
2017	45-49	0.00306	0.01521	2.96	96481	1468	479414	3685545	38.20
2017	50-54	0.00281	0.01395	2.89	95013	1325	472271	3206131	33.74
2017	55-59	0.00603	0.02973	2.77	93688	2785	462218	2733860	29.18
2017	60-64	0.00771	0.03781	2.43	90902	3437	445684	2271642	24.99
2017	65-69	0.01110	0.05414	2.72	87465	4735	426544	1825958	20.88
2017	70-74	0.01997	0.09525	2.59	82730	7880	394652	1399414	16.92
2017	75-79	0.03089	0.14436	2.74	74850	10805	349812	1004762	13.42
2017	80-84	0.05000	0.22361	2.64	64045	14321	286403	654950	10.23
2017	85-89	0.08917	0.36587	2.55	49723	18192	204019	368547	7.41
2017	90-94	0.15310	0.54751	2.4	31531	17264	112763	164528	5.22
2017	95-99	0.24861	0.73044	2.18	14268	10422	41919	51765	3.63
2017	100-104	0.37559	0.86683	1.89	3846	3334	8876	9846	2.56
2017	105-109	0.52226	0.94151	1.6	512	482	923	970	1.89
2017	110+	0.64394	1.00000	1.55	30	30	47	47	1.55
2018	0	0.00549	0.00546	0.07	100000	546	99491	8079725	80.80
2018	1-4	0.00022	0.00087	1.15	99454	86	397570	7980233	80.24
2018	5-9	0.00011	0.00054	2.47	99368	54	496702	7582663	76.31
2018	10-14	0.00005	0.00026	1.5	99314	26	496479	7085962	71.35
2018	15-19	0.00035	0.00174	2.85	99288	172	496070	6589483	66.37
2018	20-24	0.00039	0.00194	2.49	99116	192	495097	6093413	61.48
2018	25-29	0.00058	0.00290	2.41	98924	287	493874	5598316	56.59
2018	30-34	0.00086	0.00427	2.33	98637	421	492058	5104442	51.75
2018	35-39	0.00190	0.00947	2.55	98216	931	488800	4612384	46.96
2018	40-44	0.00124	0.00620	2.65	97285	603	485008	4123584	42.39
2018	45-49	0.00286	0.01419	2.66	96683	1372	480202	3638576	37.63
2018	50-54	0.00499	0.02471	2.91	95311	2355	471625	3158375	33.14
2018	55-59	0.00605	0.02977	2.3	92955	2767	457311	2686750	28.90
2018	60-64	0.00732	0.03600	2.64	90188	3247	443276	2229439	24.72
2018	65-69	0.01101	0.05367	2.68	86941	4666	423887	1786163	20.54
2018	70-74	0.01794	0.08607	2.64	82275	7081	394693	1362276	16.56
2018	75-79	0.03593	0.16506	2.54	75194	12412	345405	967583	12.87
2018	80-84	0.05105	0.22796	2.65	62782	14312	280325	622177	9.91
2018	85-89	0.09463	0.38414	2.55	48471	18620	196773	341853	7.05
2018	90-94	0.16747	0.58200	2.38	29851	17373	103740	145079	4.86
2018	95-99	0.27693	0.77067	2.12	12478	9616	34723	41340	3.31
2018	100-104	0.42006	0.89725	1.81	2862	2567	6112	6616	2.31
2018	105-109	0.57868	0.95791	1.51	294	282	487	504	1.72
2018	110+	0.70477	1.00000	1.42	12	12	18	18	1.42
2019	0	0.00638	0.00634	0.07	100000	634	99411	8125844	81.26
2019	1-4	0.00021	0.00086	2.83	99366	85	397363	8026434	80.78
2019	5-9	0.00017	0.00083	1.82	99281	83	496140	7629071	76.84
2019	10-14	0.00010	0.00052	2	99198	51	495835	7132931	71.91
2019	15-19	0.00040	0.00201	2.81	99147	199	495296	6637095	66.94
2019	20-24	0.00045	0.00225	3.38	98948	223	494377	6141799	62.07
2019	25-29	0.00059	0.00297	2.82	98725	293	492987	5647422	57.20
2019	30-34	0.00134	0.00667	2.78	98432	657	490702	5154435	52.37
2019	35-39	0.00120	0.00601	2.9	97775	588	487642	4663733	47.70
2019	40-44	0.00143	0.00713	2.42	97187	693	484152	4176091	42.97
2019	45-49	0.00269	0.01336	2.39	96495	1289	479110	3691939	38.26
2019	50-54	0.00371	0.01839	2.91	95205	1751	472360	3212829	33.75
2019	55-59	0.00601	0.02963	2.49	93455	2769	460335	2740470	29.32
2019	60-64	0.00853	0.04185	2.72	90686	3795	444771	2280135	25.14
2019	65-69	0.01028	0.05022	2.7	86891	4363	424418	1835364	21.12
2019	70-74	0.01969	0.09407	2.64	82527	7763	394306	1410946	17.10
2019	75-79	0.02826	0.13254	2.66	74764	9909	350642	1016640	13.60
2019	80-84	0.04677	0.21089	2.67	64855	13677	292404	665998	10.27
2019	85-89	0.08849	0.36422	2.57	51178	18640	210647	373593	7.30
2019	90-94	0.15981	0.56475	2.4	32538	18376	114987	162946	5.01
2019	95-99	0.26918	0.76108	2.15	14162	10778	40042	47959	3.39
2019	100-104	0.41442	0.89435	1.82	3384	3026	7302	7917	2.34
2019	105-109	0.57688	0.95769	1.51	357	342	593	615	1.72
2019	110+	0.70624	1.00000	1.42	15	15	21	21	1.42
