LA: Louisiana, Lifetables (period 5x1), Males Last modified: 20 Dec 2020, MPv5 (May07) 

Year	Age	mx	qx	ax	lx	dx	Lx	Tx	ex
1959	0	0.03792	0.03673	0.15	100000	3673	96866	6486572	64.87
1959	1-4	0.00149	0.00594	1.32	96327	572	383778	6389706	66.33
1959	5-9	0.00051	0.00254	2.36	95755	243	478134	6005928	62.72
1959	10-14	0.00082	0.00409	2.85	95512	391	476720	5527794	57.88
1959	15-19	0.00171	0.00854	2.68	95121	812	473723	5051073	53.10
1959	20-24	0.00246	0.01221	2.55	94309	1152	468726	4577350	48.54
1959	25-29	0.00260	0.01292	2.44	93158	1203	462709	4108624	44.10
1959	30-34	0.00275	0.01366	2.65	91954	1256	456822	3645914	39.65
1959	35-39	0.00344	0.01707	2.74	90698	1548	449999	3189092	35.16
1959	40-44	0.00545	0.02691	2.78	89150	2399	440422	2739093	30.72
1959	45-49	0.00871	0.04273	2.74	86751	3706	425372	2298671	26.50
1959	50-54	0.01452	0.07025	2.69	83045	5834	401720	1873299	22.56
1959	55-59	0.02044	0.09742	2.61	77211	7522	368052	1471580	19.06
1959	60-64	0.02978	0.13886	2.57	69689	9677	324972	1103528	15.84
1959	65-69	0.04452	0.20062	2.54	60012	12039	270448	778556	12.97
1959	70-74	0.06067	0.26275	2.45	47973	12605	207755	508107	10.59
1959	75-79	0.08395	0.34568	2.45	35368	12226	145642	300352	8.49
1959	80-84	0.12147	0.46214	2.41	23142	10695	88049	154710	6.69
1959	85-89	0.16386	0.56395	2.24	12447	7020	42839	66661	5.36
1959	90-94	0.20765	0.65498	2.18	5428	3555	17120	23822	4.39
1959	95-99	0.26327	0.74259	2.07	1873	1391	5282	6703	3.58
1959	100-104	0.32743	0.81706	1.93	482	394	1203	1421	2.95
1959	105-109	0.39865	0.87528	1.8	88	77	194	218	2.47
1959	110+	0.45693	1.00000	2.19	11	11	24	24	2.19
1960	0	0.03631	0.03521	0.14	100000	3521	96980	6464952	64.65
1960	1-4	0.00157	0.00624	1.48	96479	602	384398	6367972	66.00
1960	5-9	0.00058	0.00289	2.59	95876	277	478713	5983574	62.41
1960	10-14	0.00062	0.00312	2.44	95599	298	477234	5504861	57.58
1960	15-19	0.00162	0.00809	2.8	95301	771	474811	5027626	52.76
1960	20-24	0.00235	0.01168	2.56	94531	1104	469961	4552815	48.16
1960	25-29	0.00234	0.01161	2.41	93426	1085	464326	4082854	43.70
1960	30-34	0.00259	0.01287	2.62	92341	1188	458874	3618528	39.19
1960	35-39	0.00384	0.01905	2.66	91153	1737	451703	3159654	34.66
1960	40-44	0.00546	0.02694	2.69	89417	2409	441526	2707951	30.28
1960	45-49	0.00882	0.04321	2.67	87007	3759	426272	2266426	26.05
1960	50-54	0.01464	0.07074	2.63	83248	5889	402297	1840154	22.10
1960	55-59	0.02092	0.09983	2.71	77359	7723	369132	1437857	18.59
1960	60-64	0.03293	0.15289	2.66	69636	10647	323281	1068725	15.35
1960	65-69	0.04590	0.20628	2.55	58989	12169	265114	745444	12.64
1960	70-74	0.06510	0.27959	2.48	46821	13090	201083	480330	10.26
1960	75-79	0.08302	0.34267	2.45	33730	11558	139218	279248	8.28
1960	80-84	0.13140	0.48812	2.37	22172	10823	82363	140029	6.32
1960	85-89	0.17233	0.59516	2.4	11349	6755	39197	57666	5.08
1960	90-94	0.22898	0.69228	2.14	4595	3181	13891	18469	4.02
1960	95-99	0.29376	0.78186	2.01	1414	1105	3763	4578	3.24
1960	100-104	0.36791	0.85354	1.86	308	263	716	815	2.64
1960	105-109	0.44884	0.90563	1.71	45	41	91	99	2.20
1960	110+	0.51521	1.00000	1.94	4	4	8	8	1.94
1961	0	0.03471	0.03370	0.14	100000	3370	97096	6528954	65.29
1961	1-4	0.00133	0.00530	1.51	96630	512	385244	6431858	66.56
1961	5-9	0.00056	0.00281	2.25	96118	270	479849	6046615	62.91
1961	10-14	0.00064	0.00319	2.64	95848	306	478520	5566765	58.08
1961	15-19	0.00149	0.00741	2.95	95542	708	476261	5088245	53.26
1961	20-24	0.00219	0.01089	2.52	94834	1033	471614	4611985	48.63
1961	25-29	0.00235	0.01171	2.67	93802	1098	466445	4140370	44.14
1961	30-34	0.00253	0.01257	2.59	92704	1165	460704	3673925	39.63
1961	35-39	0.00333	0.01654	2.72	91538	1514	454242	3213221	35.10
1961	40-44	0.00539	0.02662	2.6	90024	2396	444362	2758979	30.65
1961	45-49	0.00851	0.04174	2.69	87628	3657	429678	2314618	26.41
1961	50-54	0.01379	0.06673	2.6	83970	5604	406428	1884940	22.45
1961	55-59	0.02023	0.09636	2.55	78367	7552	373295	1478512	18.87
1961	60-64	0.03134	0.14592	2.64	70815	10333	329718	1105217	15.61
1961	65-69	0.04488	0.20187	2.51	60482	12210	272059	775498	12.82
1961	70-74	0.06156	0.26574	2.43	48272	12828	208377	503439	10.43
1961	75-79	0.08443	0.34808	2.48	35444	12337	146130	295062	8.32
1961	80-84	0.12356	0.46800	2.41	23107	10814	87518	148932	6.45
1961	85-89	0.17779	0.59046	2.16	12293	7259	40827	61414	5.00
1961	90-94	0.22405	0.68437	2.16	5034	3445	15377	20587	4.09
1961	95-99	0.28940	0.77693	2.02	1589	1235	4266	5210	3.28
1961	100-104	0.36462	0.85111	1.87	354	302	827	944	2.66
1961	105-109	0.44703	0.90486	1.71	53	48	107	117	2.21
1961	110+	0.51474	1.00000	1.94	5	5	10	10	1.94
1962	0	0.03596	0.03488	0.14	100000	3488	97005	6484134	64.84
1962	1-4	0.00149	0.00594	1.49	96512	573	384606	6387128	66.18
1962	5-9	0.00049	0.00243	2.36	95939	233	479077	6002523	62.57
1962	10-14	0.00070	0.00347	2.85	95705	332	477810	5523446	57.71
1962	15-19	0.00139	0.00694	2.84	95373	662	475435	5045635	52.90
1962	20-24	0.00222	0.01104	2.25	94711	1046	470679	4570201	48.25
1962	25-29	0.00233	0.01159	2.21	93665	1086	465298	4099521	43.77
1962	30-34	0.00275	0.01363	2.5	92580	1262	459750	3634224	39.25
1962	35-39	0.00365	0.01809	2.64	91318	1652	452699	3174473	34.76
1962	40-44	0.00534	0.02636	2.6	89666	2363	442648	2721774	30.35
1962	45-49	0.00841	0.04122	2.62	87303	3599	427936	2279126	26.11
1962	50-54	0.01384	0.06704	2.66	83704	5611	405408	1851190	22.12
1962	55-59	0.02077	0.09889	2.58	78093	7723	371769	1445782	18.51
1962	60-64	0.03128	0.14564	2.64	70370	10249	327612	1074013	15.26
1962	65-69	0.04687	0.20957	2.48	60121	12599	268802	746401	12.41
1962	70-74	0.06693	0.28695	2.52	47522	13637	203751	477599	10.05
1962	75-79	0.08474	0.35025	2.52	33885	11868	140050	273848	8.08
1962	80-84	0.13328	0.49645	2.43	22017	10930	82010	133798	6.08
1962	85-89	0.19085	0.62776	2.27	11087	6960	36467	51789	4.67
1962	90-94	0.24940	0.72507	2.11	4127	2992	11998	15322	3.71
1962	95-99	0.32717	0.81890	1.95	1135	929	2840	3324	2.93
1962	100-104	0.41555	0.88798	1.78	205	182	439	484	2.35
1962	105-109	0.50980	0.93325	1.6	23	21	42	45	1.94
1962	110+	0.58663	1.00000	1.7	2	2	3	3	1.70
1963	0	0.03547	0.03442	0.14	100000	3442	97040	6467372	64.67
1963	1-4	0.00142	0.00564	1.54	96558	545	384890	6370331	65.97
1963	5-9	0.00052	0.00260	2.45	96013	249	479429	5985441	62.34
1963	10-14	0.00053	0.00265	2.72	95764	254	478240	5506012	57.50
1963	15-19	0.00145	0.00724	2.74	95510	691	475989	5027772	52.64
1963	20-24	0.00231	0.01149	2.55	94819	1089	471423	4551782	48.01
1963	25-29	0.00227	0.01130	2.48	93730	1059	465975	4080359	43.53
1963	30-34	0.00256	0.01272	2.64	92671	1179	460572	3614385	39.00
1963	35-39	0.00365	0.01808	2.54	91492	1654	453389	3153813	34.47
1963	40-44	0.00551	0.02722	2.67	89837	2445	443485	2700423	30.06
1963	45-49	0.00913	0.04472	2.74	87392	3908	428115	2256938	25.83
1963	50-54	0.01452	0.07022	2.65	83484	5862	403625	1828823	21.91
1963	55-59	0.02083	0.09917	2.58	77622	7698	369461	1425199	18.36
1963	60-64	0.03218	0.14954	2.64	69925	10457	324984	1055738	15.10
1963	65-69	0.04983	0.22170	2.52	59468	13184	264586	730754	12.29
1963	70-74	0.06633	0.28445	2.5	46284	13165	198483	466168	10.07
1963	75-79	0.08249	0.33925	2.38	33119	11235	136195	267684	8.08
1963	80-84	0.13427	0.49564	2.36	21883	10846	80777	131490	6.01
1963	85-89	0.19475	0.63094	2.21	11037	6964	35758	50713	4.59
1963	90-94	0.25283	0.72995	2.11	4073	2973	11760	14955	3.67
1963	95-99	0.33043	0.82196	1.94	1100	904	2736	3195	2.90
1963	100-104	0.41832	0.88958	1.77	196	174	416	458	2.34
1963	105-109	0.51181	0.93392	1.6	22	20	39	42	1.94
1963	110+	0.58795	1.00000	1.7	1	1	2	2	1.70
1964	0	0.03375	0.03279	0.14	100000	3279	97165	6451436	64.51
1964	1-4	0.00148	0.00589	1.51	96721	570	385461	6354270	65.70
1964	5-9	0.00050	0.00248	2.43	96151	238	480142	5968809	62.08
1964	10-14	0.00069	0.00345	2.72	95913	331	478810	5488668	57.23
1964	15-19	0.00165	0.00823	2.97	95582	787	476311	5009858	52.41
1964	20-24	0.00256	0.01274	2.58	94795	1208	471048	4533546	47.82
1964	25-29	0.00249	0.01236	2.58	93588	1157	465140	4062498	43.41
1964	30-34	0.00303	0.01504	2.68	92431	1390	458933	3597358	38.92
1964	35-39	0.00393	0.01948	2.57	91041	1773	450896	3138425	34.47
1964	40-44	0.00594	0.02927	2.59	89268	2613	440052	2687529	30.11
1964	45-49	0.00922	0.04515	2.72	86655	3913	424347	2247477	25.94
1964	50-54	0.01480	0.07154	2.66	82742	5920	399840	1823130	22.03
1964	55-59	0.02137	0.10172	2.64	76822	7814	365704	1423290	18.53
1964	60-64	0.03028	0.14094	2.54	69008	9726	321148	1057586	15.33
1964	65-69	0.04845	0.21670	2.56	59282	12846	265123	736438	12.42
1964	70-74	0.06680	0.28766	2.59	46436	13358	199972	471315	10.15
1964	75-79	0.08475	0.34689	2.39	33078	11474	135386	271343	8.20
1964	80-84	0.13110	0.49041	2.43	21604	10595	80811	135956	6.29
1964	85-89	0.17366	0.59146	2.3	11009	6511	37495	55145	5.01
1964	90-94	0.23460	0.70188	2.14	4498	3157	13456	17650	3.92
1964	95-99	0.30473	0.79490	1.99	1341	1066	3498	4194	3.13
1964	100-104	0.38504	0.86706	1.83	275	238	619	696	2.53
1964	105-109	0.47213	0.91736	1.67	37	34	71	77	2.10
1964	110+	0.54356	1.00000	1.84	3	3	6	6	1.84
1965	0	0.03245	0.03156	0.13	100000	3156	97261	6450040	64.50
1965	1-4	0.00143	0.00571	1.65	96844	553	386081	6352779	65.60
1965	5-9	0.00063	0.00315	2.23	96292	304	480618	5966698	61.96
1965	10-14	0.00073	0.00363	2.94	95988	348	479224	5486081	57.15
1965	15-19	0.00179	0.00893	2.82	95640	854	476334	5006857	52.35
1965	20-24	0.00245	0.01220	2.5	94785	1156	471041	4530523	47.80
1965	25-29	0.00239	0.01187	2.54	93629	1111	465412	4059482	43.36
1965	30-34	0.00287	0.01425	2.4	92518	1319	459157	3594070	38.85
1965	35-39	0.00397	0.01966	2.72	91200	1793	451905	3134913	34.37
1965	40-44	0.00581	0.02864	2.61	89407	2560	440925	2683008	30.01
1965	45-49	0.00869	0.04262	2.77	86846	3701	425986	2242083	25.82
1965	50-54	0.01467	0.07093	2.66	83145	5898	401921	1816097	21.84
1965	55-59	0.02083	0.09927	2.64	77247	7668	368108	1414176	18.31
1965	60-64	0.03247	0.15057	2.6	69579	10477	322702	1046068	15.03
1965	65-69	0.04919	0.21936	2.53	59102	12965	263547	723366	12.24
1965	70-74	0.06604	0.28333	2.49	46137	13072	197930	459819	9.97
1965	75-79	0.09028	0.36503	2.38	33065	12070	133696	261889	7.92
1965	80-84	0.13148	0.49109	2.42	20996	10311	78418	128193	6.11
1965	85-89	0.19258	0.62491	2.19	10685	6677	34672	49775	4.66
1965	90-94	0.24741	0.71751	2.07	4008	2876	11623	15103	3.77
1965	95-99	0.31082	0.80139	1.98	1132	907	2919	3480	3.07
1965	100-104	0.39096	0.87117	1.82	225	196	501	561	2.50
1965	105-109	0.47746	0.91966	1.66	29	27	56	60	2.07
1965	110+	0.54828	1.00000	1.82	2	2	4	4	1.82
1966	0	0.03259	0.03170	0.13	100000	3170	97250	6417244	64.17
1966	1-4	0.00140	0.00558	1.66	96830	540	386059	6319994	65.27
1966	5-9	0.00051	0.00252	2.25	96290	243	480783	5933934	61.63
1966	10-14	0.00066	0.00328	2.72	96047	315	479519	5453152	56.78
1966	15-19	0.00230	0.01143	2.82	95732	1094	476273	4973633	51.95
1966	20-24	0.00242	0.01201	2.52	94638	1136	470376	4497359	47.52
1966	25-29	0.00279	0.01383	2.35	93502	1293	464082	4026983	43.07
1966	30-34	0.00298	0.01478	2.68	92208	1363	457879	3562901	38.64
1966	35-39	0.00415	0.02057	2.64	90845	1869	449813	3105022	34.18
1966	40-44	0.00669	0.03291	2.65	88976	2928	437997	2655209	29.84
1966	45-49	0.00949	0.04642	2.66	86048	3994	420904	2217212	25.77
1966	50-54	0.01450	0.07003	2.57	82054	5746	396305	1796308	21.89
1966	55-59	0.02199	0.10449	2.61	76308	7973	362522	1400003	18.35
1966	60-64	0.03103	0.14430	2.58	68335	9861	317803	1037482	15.18
1966	65-69	0.04760	0.21334	2.57	58474	12475	262070	719679	12.31
1966	70-74	0.06741	0.28851	2.5	45999	13271	196876	457609	9.95
1966	75-79	0.09328	0.37593	2.42	32728	12303	131897	260733	7.97
1966	80-84	0.12894	0.48379	2.42	20425	9881	76637	128836	6.31
1966	85-89	0.18086	0.60438	2.26	10543	6372	35233	52199	4.95
1966	90-94	0.22612	0.68742	2.15	4171	2867	12681	16966	4.07
1966	95-99	0.28906	0.77613	2.02	1304	1012	3501	4286	3.29
1966	100-104	0.36115	0.84791	1.87	292	247	685	785	2.69
1966	105-109	0.44003	0.90083	1.72	44	40	91	100	2.24
1966	110+	0.50470	1.00000	1.98	4	4	9	9	1.98
1967	0	0.02993	0.02916	0.13	100000	2916	97449	6465870	64.66
1967	1-4	0.00137	0.00547	1.59	97084	531	387054	6368421	65.60
1967	5-9	0.00063	0.00314	2.22	96553	303	481921	5981367	61.95
1967	10-14	0.00066	0.00329	3.02	96250	317	480622	5499445	57.14
1967	15-19	0.00192	0.00956	2.98	95933	917	477810	5018824	52.32
1967	20-24	0.00248	0.01232	2.45	95016	1170	472091	4541014	47.79
1967	25-29	0.00296	0.01470	2.62	93846	1380	465942	4068923	43.36
1967	30-34	0.00280	0.01392	2.57	92466	1287	459205	3602981	38.97
1967	35-39	0.00430	0.02130	2.69	91179	1942	451407	3143776	34.48
1967	40-44	0.00565	0.02790	2.72	89237	2490	440503	2692369	30.17
1967	45-49	0.00981	0.04798	2.7	86747	4162	424171	2251866	25.96
1967	50-54	0.01473	0.07116	2.61	82585	5877	398875	1827695	22.13
1967	55-59	0.02104	0.10024	2.65	76708	7689	365469	1428820	18.63
1967	60-64	0.03074	0.14330	2.64	69019	9890	321739	1063351	15.41
1967	65-69	0.04592	0.20629	2.54	59129	12198	265609	741612	12.54
1967	70-74	0.06420	0.27688	2.52	46931	12994	202413	476003	10.14
1967	75-79	0.08969	0.36319	2.38	33937	12326	137424	273590	8.06
1967	80-84	0.12887	0.48233	2.39	21611	10424	80886	136165	6.30
1967	85-89	0.18057	0.60642	2.29	11188	6784	37573	55280	4.94
1967	90-94	0.22872	0.69196	2.15	4403	3047	13321	17707	4.02
1967	95-99	0.29412	0.78237	2.01	1356	1061	3608	4386	3.23
1967	100-104	0.36905	0.85452	1.86	295	252	683	778	2.63
1967	105-109	0.45082	0.90672	1.7	43	39	86	94	2.19
1967	110+	0.51792	1.00000	1.93	4	4	8	8	1.93
1968	0	0.02875	0.02804	0.12	100000	2804	97539	6397561	63.98
1968	1-4	0.00125	0.00498	1.75	97196	484	387694	6300023	64.82
1968	5-9	0.00058	0.00291	2.29	96712	281	482799	5912329	61.13
1968	10-14	0.00075	0.00376	2.77	96431	362	481346	5429529	56.30
1968	15-19	0.00214	0.01065	2.92	96069	1023	478221	4948184	51.51
1968	20-24	0.00317	0.01571	2.46	95046	1493	471445	4469963	47.03
1968	25-29	0.00302	0.01500	2.59	93553	1403	464381	3998517	42.74
1968	30-34	0.00318	0.01578	2.6	92150	1454	457262	3534136	38.35
1968	35-39	0.00415	0.02055	2.57	90695	1864	448950	3076873	33.93
1968	40-44	0.00612	0.03014	2.63	88831	2678	437815	2627923	29.58
1968	45-49	0.01015	0.04952	2.56	86154	4266	420366	2190108	25.42
1968	50-54	0.01453	0.07026	2.64	81888	5753	395871	1769742	21.61
1968	55-59	0.02236	0.10613	2.61	76135	8080	361338	1373871	18.05
1968	60-64	0.03267	0.15150	2.61	68054	10310	315593	1012533	14.88
1968	65-69	0.04738	0.21175	2.49	57744	12227	258067	696939	12.07
1968	70-74	0.07077	0.30012	2.47	45517	13660	193032	438873	9.64
1968	75-79	0.09419	0.37771	2.38	31857	12033	127753	245841	7.72
1968	80-84	0.13332	0.49197	2.34	19824	9753	73156	118087	5.96
1968	85-89	0.20054	0.64493	2.23	10071	6495	32389	44932	4.46
1968	90-94	0.26552	0.74855	2.09	3576	2677	10081	12543	3.51
1968	95-99	0.35201	0.84246	1.91	899	758	2152	2462	2.74
1968	100-104	0.44928	0.90749	1.72	142	129	286	310	2.19
1968	105-109	0.55083	0.94721	1.54	13	12	23	24	1.80
1968	110+	0.63259	1.00000	1.58	1	1	1	1	1.58
1969	0	0.02797	0.02730	0.12	100000	2730	97598	6445078	64.45
1969	1-4	0.00116	0.00461	1.65	97270	449	388026	6347480	65.26
1969	5-9	0.00055	0.00276	2.26	96821	267	483372	5959454	61.55
1969	10-14	0.00067	0.00333	2.77	96554	322	482050	5476082	56.72
1969	15-19	0.00204	0.01014	2.99	96232	976	479201	4994032	51.90
1969	20-24	0.00286	0.01419	2.71	95256	1351	473183	4514831	47.40
1969	25-29	0.00256	0.01270	2.42	93904	1193	466445	4041648	43.04
1969	30-34	0.00302	0.01500	2.52	92712	1391	460112	3575202	38.56
1969	35-39	0.00424	0.02099	2.67	91321	1917	452138	3115090	34.11
1969	40-44	0.00599	0.02954	2.71	89404	2641	440968	2662952	29.79
1969	45-49	0.00997	0.04870	2.64	86763	4225	423834	2221984	25.61
1969	50-54	0.01421	0.06872	2.61	82538	5672	399137	1798150	21.79
1969	55-59	0.02216	0.10525	2.62	76866	8090	365105	1399014	18.20
1969	60-64	0.03246	0.15041	2.56	68775	10345	318642	1033909	15.03
1969	65-69	0.04844	0.21658	2.56	58431	12655	261225	715267	12.24
1969	70-74	0.06590	0.28329	2.52	45776	12968	196774	454042	9.92
1969	75-79	0.09306	0.37591	2.44	32808	12333	132519	257269	7.84
1969	80-84	0.13981	0.50796	2.31	20475	10401	74390	124749	6.09
1969	85-89	0.17795	0.59705	2.24	10075	6015	33802	50359	5.00
1969	90-94	0.22968	0.68763	2.08	4060	2792	12154	16558	4.08
1969	95-99	0.27384	0.75565	2.03	1268	958	3499	4404	3.47
1969	100-104	0.33196	0.82049	1.92	310	254	766	904	2.92
1969	105-109	0.39562	0.87235	1.8	56	49	123	139	2.49
1969	110+	0.44720	1.00000	2.24	7	7	16	16	2.24
1970	0	0.02796	0.02729	0.12	100000	2729	97599	6473714	64.74
1970	1-4	0.00119	0.00474	1.62	97271	461	387989	6376116	65.55
1970	5-9	0.00055	0.00275	2.22	96810	266	483312	5988127	61.85
1970	10-14	0.00070	0.00349	2.89	96544	337	482010	5504815	57.02
1970	15-19	0.00181	0.00899	2.83	96207	865	479163	5022804	52.21
1970	20-24	0.00268	0.01329	2.42	95342	1267	473444	4543642	47.66
1970	25-29	0.00275	0.01367	2.44	94075	1286	467086	4070197	43.27
1970	30-34	0.00321	0.01591	2.56	92789	1476	460340	3603111	38.83
1970	35-39	0.00415	0.02056	2.64	91313	1878	452127	3142771	34.42
1970	40-44	0.00592	0.02919	2.56	89435	2611	440806	2690643	30.08
1970	45-49	0.00960	0.04695	2.71	86824	4076	424786	2249837	25.91
1970	50-54	0.01430	0.06918	2.63	82748	5724	400177	1825052	22.06
1970	55-59	0.02155	0.10244	2.59	77024	7890	366104	1424874	18.50
1970	60-64	0.03123	0.14556	2.67	69133	10063	322251	1058770	15.31
1970	65-69	0.04669	0.20961	2.57	59071	12382	265212	736519	12.47
1970	70-74	0.06519	0.28055	2.52	46689	13099	200929	471307	10.09
1970	75-79	0.08895	0.36192	2.43	33590	12157	136673	270377	8.05
1970	80-84	0.12868	0.48354	2.43	21433	10364	80541	133705	6.24
1970	85-89	0.18497	0.60913	2.2	11069	6743	36452	53163	4.80
1970	90-94	0.24113	0.70691	2.07	4327	3059	12685	16711	3.86
1970	95-99	0.29997	0.78927	2	1268	1001	3337	4027	3.18
1970	100-104	0.37706	0.86087	1.84	267	230	610	690	2.58
1970	105-109	0.46089	0.91185	1.69	37	34	74	80	2.14
1970	110+	0.52964	1.00000	1.89	3	3	6	6	1.89
1971	0	0.02473	0.02420	0.11	100000	2420	97850	6546763	65.47
1971	1-4	0.00100	0.00400	1.77	97580	390	389450	6448913	66.09
1971	5-9	0.00062	0.00309	2.64	97190	301	485240	6059463	62.35
1971	10-14	0.00063	0.00313	2.83	96889	303	483789	5574223	57.53
1971	15-19	0.00177	0.00880	2.79	96586	850	481056	5090434	52.70
1971	20-24	0.00252	0.01255	2.62	95736	1201	475821	4609378	48.15
1971	25-29	0.00274	0.01363	2.52	94535	1289	469484	4133557	43.73
1971	30-34	0.00282	0.01401	2.59	93246	1306	463089	3664073	39.29
1971	35-39	0.00395	0.01959	2.64	91940	1801	455452	3200984	34.82
1971	40-44	0.00611	0.03015	2.73	90139	2717	444521	2745532	30.46
1971	45-49	0.00882	0.04319	2.67	87422	3776	428306	2301011	26.32
1971	50-54	0.01397	0.06765	2.67	83646	5658	405040	1872705	22.39
1971	55-59	0.02032	0.09687	2.61	77988	7555	371857	1467664	18.82
1971	60-64	0.03086	0.14359	2.58	70433	10114	327681	1095808	15.56
1971	65-69	0.04286	0.19343	2.48	60319	11667	272235	768126	12.73
1971	70-74	0.06364	0.27429	2.49	48651	13345	209698	495891	10.19
1971	75-79	0.09203	0.37219	2.43	35307	13141	142789	286193	8.11
1971	80-84	0.12506	0.46976	2.35	22166	10413	83262	143403	6.47
1971	85-89	0.17037	0.58042	2.26	11753	6822	40041	60141	5.12
1971	90-94	0.22757	0.68483	2.09	4931	3377	14840	20100	4.08
1971	95-99	0.27989	0.76477	2.03	1554	1189	4247	5260	3.38
1971	100-104	0.34974	0.83813	1.89	366	306	876	1013	2.77
1971	105-109	0.42661	0.89320	1.75	59	53	124	137	2.31
1971	110+	0.48966	1.00000	2.04	6	6	13	13	2.04
1972	0	0.02416	0.02365	0.11	100000	2365	97895	6520603	65.21
1972	1-4	0.00108	0.00431	1.78	97635	421	389605	6422708	65.78
1972	5-9	0.00057	0.00284	2.46	97214	276	485372	6033103	62.06
1972	10-14	0.00065	0.00323	2.56	96939	313	483929	5547732	57.23
1972	15-19	0.00194	0.00968	2.75	96625	935	481023	5063802	52.41
1972	20-24	0.00220	0.01092	2.71	95690	1045	476061	4582780	47.89
1972	25-29	0.00237	0.01180	2.54	94645	1117	470480	4106718	43.39
1972	30-34	0.00301	0.01496	2.59	93527	1400	464266	3636238	38.88
1972	35-39	0.00463	0.02287	2.55	92128	2107	455478	3171973	34.43
1972	40-44	0.00537	0.02647	2.5	90021	2383	444143	2716495	30.18
1972	45-49	0.00957	0.04678	2.63	87638	4099	428495	2272352	25.93
1972	50-54	0.01409	0.06813	2.58	83539	5691	403929	1843857	22.07
1972	55-59	0.02095	0.09974	2.61	77847	7765	370641	1439928	18.50
1972	60-64	0.03255	0.15089	2.59	70082	10575	324923	1069287	15.26
1972	65-69	0.04581	0.20571	2.52	59507	12241	267201	744364	12.51
1972	70-74	0.06571	0.28219	2.5	47266	13338	202995	477163	10.10
1972	75-79	0.08981	0.36718	2.52	33928	12458	138716	274167	8.08
1972	80-84	0.12004	0.46050	2.47	21471	9887	82362	135451	6.31
1972	85-89	0.19504	0.63771	2.29	11583	7387	37873	53089	4.58
1972	90-94	0.25452	0.73309	2.11	4197	3076	12087	15216	3.63
1972	95-99	0.34354	0.83590	1.93	1120	936	2726	3129	2.79
1972	100-104	0.44740	0.90722	1.72	184	167	373	403	2.19
1972	105-109	0.55635	0.94926	1.53	17	16	29	30	1.79
1972	110+	0.64396	1.00000	1.55	1	1	1	1	1.55
1973	0	0.02359	0.02311	0.11	100000	2311	97940	6526506	65.27
1973	1-4	0.00109	0.00434	1.69	97689	424	389778	6428566	65.81
1973	5-9	0.00058	0.00289	2.47	97266	281	485620	6038788	62.09
1973	10-14	0.00062	0.00310	2.93	96985	301	484303	5553168	57.26
1973	15-19	0.00209	0.01038	2.77	96684	1004	481179	5068865	52.43
1973	20-24	0.00261	0.01296	2.55	95680	1240	475361	4587686	47.95
1973	25-29	0.00265	0.01315	2.36	94440	1242	468913	4112325	43.54
1973	30-34	0.00308	0.01529	2.53	93198	1425	462464	3643412	39.09
1973	35-39	0.00384	0.01903	2.62	91772	1747	454711	3180948	34.66
1973	40-44	0.00567	0.02800	2.65	90025	2521	444204	2726237	30.28
1973	45-49	0.00946	0.04630	2.69	87505	4051	428168	2282033	26.08
1973	50-54	0.01385	0.06700	2.57	83454	5591	403699	1853865	22.21
1973	55-59	0.02113	0.10057	2.61	77863	7831	370574	1450166	18.62
1973	60-64	0.03072	0.14302	2.59	70032	10016	326005	1079592	15.42
1973	65-69	0.04410	0.19869	2.51	60015	11925	270394	753588	12.56
1973	70-74	0.06457	0.27765	2.48	48091	13352	206773	483193	10.05
1973	75-79	0.09070	0.36965	2.5	34739	12841	141575	276421	7.96
1973	80-84	0.13592	0.49807	2.32	21897	10906	80242	134845	6.16
1973	85-89	0.17761	0.59265	2.19	10991	6514	36674	54603	4.97
1973	90-94	0.23083	0.69479	2.14	4477	3111	13476	17929	4.00
1973	95-99	0.29229	0.77962	2.01	1366	1065	3645	4453	3.26
1973	100-104	0.36222	0.84848	1.87	301	256	705	808	2.68
1973	105-109	0.43847	0.89972	1.72	46	41	94	103	2.25
1973	110+	0.50084	1.00000	2	5	5	9	9	2.00
1974	0	0.02344	0.02296	0.11	100000	2296	97951	6606273	66.06
1974	1-4	0.00096	0.00383	1.67	97704	374	389943	6508322	66.61
1974	5-9	0.00056	0.00280	2.57	97330	273	485985	6118378	62.86
1974	10-14	0.00061	0.00304	2.71	97057	295	484608	5632393	58.03
1974	15-19	0.00189	0.00944	3	96762	913	481985	5147785	53.20
1974	20-24	0.00253	0.01255	2.5	95849	1203	476233	4665801	48.68
1974	25-29	0.00245	0.01218	2.55	94646	1152	470411	4189568	44.27
1974	30-34	0.00266	0.01321	2.57	93493	1235	464465	3719157	39.78
1974	35-39	0.00384	0.01903	2.67	92258	1756	457207	3254693	35.28
1974	40-44	0.00502	0.02480	2.77	90502	2245	447504	2797486	30.91
1974	45-49	0.00866	0.04243	2.66	88257	3745	432525	2349982	26.63
1974	50-54	0.01294	0.06278	2.64	84513	5305	410058	1917457	22.69
1974	55-59	0.02022	0.09650	2.65	79207	7643	378066	1507400	19.03
1974	60-64	0.03084	0.14354	2.59	71564	10272	333085	1129334	15.78
1974	65-69	0.04389	0.19809	2.54	61292	12141	276634	796249	12.99
1974	70-74	0.06141	0.26687	2.55	49151	13117	213604	519615	10.57
1974	75-79	0.07988	0.33253	2.48	36034	11982	149998	306011	8.49
1974	80-84	0.12915	0.48307	2.39	24052	11619	89966	156013	6.49
1974	85-89	0.16347	0.56894	2.33	12433	7074	43271	66048	5.31
1974	90-94	0.21413	0.66940	2.2	5359	3588	16754	22776	4.25
1974	95-99	0.27859	0.76307	2.04	1772	1352	4853	6022	3.40
1974	100-104	0.34773	0.83630	1.9	420	351	1010	1169	2.79
1974	105-109	0.42385	0.89152	1.75	69	61	145	160	2.33
1974	110+	0.48627	1.00000	2.06	7	7	15	15	2.06
1975	0	0.02138	0.02098	0.1	100000	2098	98117	6637860	66.38
1975	1-4	0.00086	0.00343	1.69	97902	336	390832	6539743	66.80
1975	5-9	0.00050	0.00249	2.6	97566	243	487247	6148911	63.02
1975	10-14	0.00073	0.00367	2.68	97323	357	485785	5661665	58.17
1975	15-19	0.00181	0.00900	2.83	96966	873	482932	5175880	53.38
1975	20-24	0.00254	0.01260	2.61	96093	1211	477574	4692948	48.84
1975	25-29	0.00229	0.01138	2.45	94882	1080	471661	4215374	44.43
1975	30-34	0.00252	0.01254	2.45	93802	1176	466015	3743713	39.91
1975	35-39	0.00355	0.01759	2.71	92626	1629	459392	3277697	35.39
1975	40-44	0.00557	0.02752	2.66	90996	2504	449127	2818305	30.97
1975	45-49	0.00848	0.04160	2.67	88492	3681	433876	2369178	26.77
1975	50-54	0.01339	0.06487	2.6	84811	5502	410840	1935303	22.82
1975	55-59	0.01952	0.09322	2.6	79310	7393	378815	1524463	19.22
1975	60-64	0.02943	0.13721	2.54	71917	9868	335328	1145648	15.93
1975	65-69	0.04254	0.19280	2.57	62049	11963	281191	810320	13.06
1975	70-74	0.05958	0.25961	2.53	50086	13003	218252	529129	10.56
1975	75-79	0.08319	0.34309	2.45	37083	12723	152936	310877	8.38
1975	80-84	0.12480	0.47100	2.4	24360	11474	91934	157941	6.48
1975	85-89	0.17227	0.58628	2.28	12887	7555	43857	66007	5.12
1975	90-94	0.22128	0.67757	2.14	5331	3612	16325	22149	4.15
1975	95-99	0.27945	0.76429	2.04	1719	1314	4701	5824	3.39
1975	100-104	0.34979	0.83824	1.89	405	340	971	1122	2.77
1975	105-109	0.42725	0.89363	1.75	66	59	137	151	2.31
1975	110+	0.49082	1.00000	2.04	7	7	14	14	2.04
1976	0	0.02074	0.02036	0.1	100000	2036	98169	6649061	66.49
1976	1-4	0.00082	0.00329	1.6	97964	322	391084	6550892	66.87
1976	5-9	0.00051	0.00253	2.29	97642	247	487539	6159808	63.09
1976	10-14	0.00054	0.00268	2.85	97395	261	486410	5672269	58.24
1976	15-19	0.00179	0.00890	2.79	97133	864	483758	5185859	53.39
1976	20-24	0.00230	0.01144	2.54	96269	1101	478641	4702101	48.84
1976	25-29	0.00246	0.01224	2.44	95168	1165	472854	4223460	44.38
1976	30-34	0.00263	0.01306	2.66	94003	1227	467137	3750607	39.90
1976	35-39	0.00369	0.01830	2.62	92776	1698	459845	3283469	35.39
1976	40-44	0.00543	0.02682	2.63	91078	2443	449601	2823624	31.00
1976	45-49	0.00876	0.04294	2.69	88635	3806	434375	2374023	26.78
1976	50-54	0.01347	0.06528	2.66	84829	5537	411196	1939648	22.87
1976	55-59	0.01947	0.09297	2.59	79292	7372	378721	1528452	19.28
1976	60-64	0.02918	0.13629	2.58	71920	9802	335889	1149731	15.99
1976	65-69	0.04187	0.19021	2.6	62118	11816	282183	813842	13.10
1976	70-74	0.05931	0.25835	2.51	50302	12996	219131	531659	10.57
1976	75-79	0.08167	0.33768	2.44	37307	12598	154245	312528	8.38
1976	80-84	0.12296	0.46624	2.41	24709	11520	93693	158283	6.41
1976	85-89	0.17609	0.59216	2.24	13189	7810	44352	64589	4.90
1976	90-94	0.24735	0.71580	2.06	5379	3850	15566	20237	3.76
1976	95-99	0.31193	0.80347	1.98	1529	1228	3938	4672	3.06
1976	100-104	0.39933	0.87768	1.81	300	264	660	734	2.44
1976	105-109	0.49368	0.92710	1.63	37	34	69	74	2.01
1976	110+	0.57097	1.00000	1.75	3	3	5	5	1.75
1977	0	0.02181	0.02139	0.1	100000	2139	98082	6669515	66.70
1977	1-4	0.00083	0.00332	1.63	97861	325	390674	6571433	67.15
1977	5-9	0.00038	0.00188	2.34	97536	184	487191	6180759	63.37
1977	10-14	0.00056	0.00279	2.85	97352	271	486180	5693567	58.48
1977	15-19	0.00177	0.00880	2.93	97081	854	483639	5207388	53.64
1977	20-24	0.00249	0.01237	2.44	96227	1190	478092	4723749	49.09
1977	25-29	0.00266	0.01321	2.49	95037	1256	472035	4245657	44.67
1977	30-34	0.00265	0.01318	2.65	93781	1236	466005	3773622	40.24
1977	35-39	0.00370	0.01834	2.62	92545	1697	458690	3307617	35.74
1977	40-44	0.00550	0.02717	2.68	90848	2468	448514	2848927	31.36
1977	45-49	0.00822	0.04031	2.64	88379	3563	433496	2400413	27.16
1977	50-54	0.01237	0.06011	2.64	84817	5098	412059	1966917	23.19
1977	55-59	0.01893	0.09056	2.62	79718	7219	381442	1554858	19.50
1977	60-64	0.02694	0.12674	2.66	72499	9189	341038	1173416	16.19
1977	65-69	0.04128	0.18756	2.57	63310	11874	287657	832377	13.15
1977	70-74	0.05714	0.25000	2.5	51436	12859	225066	544720	10.59
1977	75-79	0.08171	0.33766	2.43	38577	13026	159405	319654	8.29
1977	80-84	0.13063	0.48605	2.37	25551	12419	95074	160249	6.27
1977	85-89	0.17741	0.59298	2.2	13132	7787	43892	65175	4.96
1977	90-94	0.23373	0.69835	2.12	5345	3733	15970	21283	3.98
1977	95-99	0.28844	0.77524	2.02	1612	1250	4333	5313	3.30
1977	100-104	0.35934	0.84629	1.87	362	307	853	979	2.70
1977	105-109	0.43691	0.89902	1.73	56	50	115	126	2.26
1977	110+	0.50046	1.00000	2	6	6	11	11	2.00
1978	0	0.01844	0.01814	0.09	100000	1814	98357	6708123	67.08
1978	1-4	0.00095	0.00381	1.47	98186	374	391799	6609766	67.32
1978	5-9	0.00044	0.00222	2.19	97812	217	488452	6217967	63.57
1978	10-14	0.00058	0.00288	3.03	97595	281	487422	5729515	58.71
1978	15-19	0.00184	0.00916	2.83	97314	892	484637	5242093	53.87
1978	20-24	0.00239	0.01189	2.54	96422	1146	479294	4757456	49.34
1978	25-29	0.00252	0.01251	2.45	95276	1192	473339	4278162	44.90
1978	30-34	0.00242	0.01204	2.47	94084	1133	467553	3804823	40.44
1978	35-39	0.00331	0.01644	2.58	92951	1528	461054	3337270	35.90
1978	40-44	0.00474	0.02344	2.62	91423	2143	452015	2876217	31.46
1978	45-49	0.00778	0.03819	2.65	89280	3410	438383	2424201	27.15
1978	50-54	0.01251	0.06075	2.64	85871	5217	417067	1985818	23.13
1978	55-59	0.01878	0.08984	2.59	80654	7246	385810	1568752	19.45
1978	60-64	0.02775	0.13006	2.59	73408	9547	343993	1182942	16.11
1978	65-69	0.04160	0.18869	2.54	63861	12050	289649	838948	13.14
1978	70-74	0.05722	0.25063	2.53	51811	12985	226930	549299	10.60
1978	75-79	0.08347	0.34462	2.47	38826	13380	160301	322369	8.30
1978	80-84	0.12496	0.47080	2.38	25446	11980	95869	162068	6.37
1978	85-89	0.17979	0.60444	2.29	13466	8139	45271	66199	4.92
1978	90-94	0.23168	0.70238	2.2	5326	3741	16148	20928	3.93
1978	95-99	0.31656	0.80843	1.97	1585	1282	4048	4780	3.02
1978	100-104	0.40541	0.88177	1.8	304	268	661	732	2.41
1978	105-109	0.50097	0.93005	1.62	36	33	67	71	1.98
1978	110+	0.57914	1.00000	1.73	3	3	4	4	1.73
1979	0	0.01850	0.01820	0.09	100000	1820	98353	6735751	67.36
1979	1-4	0.00097	0.00389	1.75	98180	382	391863	6637399	67.60
1979	5-9	0.00044	0.00218	2.32	97799	213	488423	6245535	63.86
1979	10-14	0.00056	0.00277	2.8	97586	271	487332	5757112	59.00
1979	15-19	0.00172	0.00856	2.94	97315	833	484860	5269781	54.15
1979	20-24	0.00260	0.01289	2.52	96482	1244	479322	4784921	49.59
1979	25-29	0.00262	0.01300	2.45	95238	1238	473036	4305599	45.21
1979	30-34	0.00264	0.01313	2.49	94000	1234	466898	3832563	40.77
1979	35-39	0.00353	0.01749	2.47	92766	1623	459720	3365666	36.28
1979	40-44	0.00511	0.02524	2.72	91143	2301	450469	2905946	31.88
1979	45-49	0.00755	0.03708	2.7	88843	3294	436627	2455477	27.64
1979	50-54	0.01240	0.06024	2.67	85549	5154	415736	2018850	23.60
1979	55-59	0.01730	0.08313	2.65	80395	6683	386240	1603114	19.94
1979	60-64	0.02693	0.12640	2.58	73712	9317	346033	1216874	16.51
1979	65-69	0.03968	0.18120	2.61	64395	11668	294055	870841	13.52
1979	70-74	0.05436	0.23914	2.49	52727	12609	231975	576786	10.94
1979	75-79	0.07793	0.32704	2.54	40117	13120	168355	344811	8.60
1979	80-84	0.12271	0.46515	2.4	26997	12558	102337	176456	6.54
1979	85-89	0.16503	0.56909	2.27	14440	8217	49793	74119	5.13
1979	90-94	0.23762	0.69983	2.06	6222	4354	18325	24326	3.91
1979	95-99	0.29531	0.78451	2.01	1868	1465	4962	6002	3.21
1979	100-104	0.37626	0.86078	1.85	402	346	921	1040	2.58
1979	105-109	0.46472	0.91409	1.68	56	51	110	119	2.13
1979	110+	0.53749	1.00000	1.86	5	5	9	9	1.86
1980	0	0.01649	0.01624	0.09	100000	1624	98520	6755531	67.56
1980	1-4	0.00085	0.00339	1.77	98376	333	392760	6657011	67.67
1980	5-9	0.00041	0.00207	2.6	98042	203	489725	6264250	63.89
1980	10-14	0.00060	0.00300	2.76	97839	293	488540	5774525	59.02
1980	15-19	0.00175	0.00870	2.93	97546	849	485972	5285985	54.19
1980	20-24	0.00279	0.01387	2.53	96697	1341	480178	4800013	49.64
1980	25-29	0.00274	0.01361	2.47	95355	1298	473491	4319835	45.30
1980	30-34	0.00255	0.01268	2.54	94057	1193	467350	3846344	40.89
1980	35-39	0.00324	0.01605	2.5	92865	1491	460591	3378994	36.39
1980	40-44	0.00497	0.02455	2.67	91374	2243	451642	2918403	31.94
1980	45-49	0.00748	0.03677	2.67	89131	3277	438017	2466762	27.68
1980	50-54	0.01127	0.05490	2.61	85854	4713	418011	2028745	23.63
1980	55-59	0.01842	0.08830	2.66	81141	7165	388944	1610734	19.85
1980	60-64	0.02633	0.12369	2.55	73976	9150	347483	1221790	16.52
1980	65-69	0.03940	0.17981	2.57	64826	11657	295836	874307	13.49
1980	70-74	0.05610	0.24614	2.51	53170	13087	233277	578471	10.88
1980	75-79	0.07896	0.32905	2.47	40082	13189	167044	345195	8.61
1980	80-84	0.11975	0.45687	2.41	26893	12287	102608	178151	6.62
1980	85-89	0.16393	0.56295	2.22	14606	8223	50158	75543	5.17
1980	90-94	0.22891	0.69799	2.21	6384	4456	19465	25385	3.98
1980	95-99	0.30987	0.80167	1.99	1928	1546	4988	5920	3.07
1980	100-104	0.40019	0.87860	1.81	382	336	840	932	2.44
1980	105-109	0.49788	0.92902	1.63	46	43	87	92	1.99
1980	110+	0.57796	1.00000	1.73	3	3	6	6	1.73
1981	0	0.01492	0.01472	0.09	100000	1472	98654	6786756	67.87
1981	1-4	0.00075	0.00299	1.51	98528	294	393381	6688102	67.88
1981	5-9	0.00047	0.00236	2.72	98234	232	490643	6294721	64.08
1981	10-14	0.00044	0.00217	2.55	98003	213	489490	5804078	59.22
1981	15-19	0.00181	0.00900	2.98	97790	880	487167	5314588	54.35
1981	20-24	0.00258	0.01281	2.63	96909	1242	481603	4827421	49.81
1981	25-29	0.00254	0.01260	2.53	95668	1206	475363	4345818	45.43
1981	30-34	0.00280	0.01390	2.54	94462	1313	469075	3870455	40.97
1981	35-39	0.00322	0.01598	2.74	93149	1488	462375	3401380	36.52
1981	40-44	0.00507	0.02508	2.67	91661	2299	452955	2939006	32.06
1981	45-49	0.00743	0.03650	2.66	89362	3262	439191	2486051	27.82
1981	50-54	0.01185	0.05771	2.72	86100	4969	419174	2046860	23.77
1981	55-59	0.01742	0.08366	2.65	81131	6788	389714	1627687	20.06
1981	60-64	0.02441	0.11524	2.58	74344	8567	350949	1237972	16.65
1981	65-69	0.03766	0.17234	2.54	65776	11336	300979	887023	13.49
1981	70-74	0.05808	0.25397	2.53	54440	13826	238047	586044	10.76
1981	75-79	0.07525	0.31621	2.48	40614	12843	170658	347997	8.57
1981	80-84	0.12795	0.48125	2.43	27771	13365	104457	177340	6.39
1981	85-89	0.16967	0.58146	2.29	14406	8377	49372	72883	5.06
1981	90-94	0.23539	0.70478	2.15	6030	4250	18054	23511	3.90
1981	95-99	0.31095	0.80226	1.98	1780	1428	4593	5458	3.07
1981	100-104	0.39691	0.87591	1.81	352	308	777	865	2.46
1981	105-109	0.48976	0.92540	1.64	44	40	83	88	2.02
1981	110+	0.56586	1.00000	1.77	3	3	6	6	1.77
1982	0	0.01451	0.01432	0.08	100000	1432	98689	6841674	68.42
1982	1-4	0.00079	0.00317	1.54	98568	313	393506	6742986	68.41
1982	5-9	0.00040	0.00201	2.39	98256	197	490765	6349480	64.62
1982	10-14	0.00046	0.00228	2.91	98059	224	489826	5858714	59.75
1982	15-19	0.00158	0.00789	2.98	97835	772	487617	5368888	54.88
1982	20-24	0.00259	0.01287	2.58	97063	1249	482292	4881271	50.29
1982	25-29	0.00246	0.01220	2.45	95814	1169	476092	4398979	45.91
1982	30-34	0.00255	0.01265	2.58	94645	1197	470328	3922887	41.45
1982	35-39	0.00309	0.01534	2.58	93448	1433	463771	3452558	36.95
1982	40-44	0.00476	0.02354	2.58	92014	2166	454823	2988787	32.48
1982	45-49	0.00696	0.03426	2.67	89849	3079	442058	2533964	28.20
1982	50-54	0.01085	0.05287	2.58	86770	4588	422771	2091905	24.11
1982	55-59	0.01660	0.07992	2.68	82182	6568	395670	1669134	20.31
1982	60-64	0.02460	0.11614	2.59	75615	8782	356910	1273464	16.84
1982	65-69	0.03775	0.17306	2.6	66833	11566	306405	916554	13.71
1982	70-74	0.05361	0.23705	2.56	55267	13101	244354	610149	11.04
1982	75-79	0.07778	0.32540	2.49	42166	13721	176412	365795	8.68
1982	80-84	0.11776	0.44709	2.31	28445	12717	107992	189383	6.66
1982	85-89	0.16678	0.57464	2.29	15728	9038	54190	81391	5.18
1982	90-94	0.22518	0.68479	2.14	6690	4581	20345	27201	4.07
1982	95-99	0.29137	0.77993	2.02	2109	1645	5644	6856	3.25
1982	100-104	0.37199	0.85754	1.86	464	398	1070	1212	2.61
1982	105-109	0.46037	0.91204	1.69	66	60	131	142	2.15
1982	110+	0.53315	1.00000	1.88	6	6	11	11	1.88
1983	0	0.01502	0.01481	0.09	100000	1481	98645	6865452	68.65
1983	1-4	0.00084	0.00337	1.79	98519	332	393339	6766807	68.69
1983	5-9	0.00038	0.00191	2.21	98186	188	490408	6373468	64.91
1983	10-14	0.00046	0.00231	2.37	97999	227	489397	5883060	60.03
1983	15-19	0.00139	0.00691	3	97772	675	487506	5393663	55.17
1983	20-24	0.00221	0.01101	2.49	97097	1069	482794	4906157	50.53
1983	25-29	0.00216	0.01077	2.5	96027	1034	477555	4423363	46.06
1983	30-34	0.00240	0.01195	2.58	94993	1135	472217	3945808	41.54
1983	35-39	0.00285	0.01413	2.55	93859	1327	466044	3473591	37.01
1983	40-44	0.00427	0.02113	2.75	92532	1956	458254	3007547	32.50
1983	45-49	0.00697	0.03428	2.61	90577	3105	445461	2549293	28.15
1983	50-54	0.01066	0.05202	2.7	87472	4550	426896	2103832	24.05
1983	55-59	0.01650	0.07939	2.65	82922	6583	399109	1676936	20.22
1983	60-64	0.02411	0.11400	2.62	76338	8702	360986	1277828	16.74
1983	65-69	0.03708	0.17052	2.64	67636	11533	311001	916841	13.56
1983	70-74	0.05583	0.24587	2.57	56103	13794	247059	605841	10.80
1983	75-79	0.08167	0.33970	2.53	42309	14372	175974	358782	8.48
1983	80-84	0.12006	0.46004	2.46	27936	12852	107043	182809	6.54
1983	85-89	0.17137	0.57996	2.21	15084	8748	51050	75765	5.02
1983	90-94	0.23558	0.69993	2.1	6336	4435	18825	24715	3.90
1983	95-99	0.30705	0.79833	1.99	1901	1518	4943	5890	3.10
1983	100-104	0.39473	0.87467	1.82	383	335	850	947	2.47
1983	105-109	0.48977	0.92558	1.64	48	44	91	97	2.02
1983	110+	0.56776	1.00000	1.76	4	4	6	6	1.76
1984	0	0.01349	0.01332	0.08	100000	1332	98776	6919641	69.20
1984	1-4	0.00078	0.00311	1.63	98668	307	393943	6820865	69.13
1984	5-9	0.00023	0.00116	2.08	98361	114	491470	6426922	65.34
1984	10-14	0.00044	0.00220	2.69	98247	216	490734	5935452	60.41
1984	15-19	0.00145	0.00721	2.81	98031	706	488610	5444717	55.54
1984	20-24	0.00197	0.00979	2.66	97324	953	484396	4956108	50.92
1984	25-29	0.00223	0.01109	2.39	96371	1069	479072	4471711	46.40
1984	30-34	0.00224	0.01112	2.62	95302	1060	473989	3992639	41.89
1984	35-39	0.00268	0.01329	2.7	94243	1253	468337	3518650	37.34
1984	40-44	0.00411	0.02037	2.67	92990	1894	460541	3050313	32.80
1984	45-49	0.00626	0.03085	2.64	91096	2811	448850	2589772	28.43
1984	50-54	0.01044	0.05097	2.66	88285	4499	430877	2140923	24.25
1984	55-59	0.01601	0.07712	2.64	83785	6462	403663	1710046	20.41
1984	60-64	0.02383	0.11266	2.59	77324	8711	365600	1306383	16.90
1984	65-69	0.03747	0.17179	2.58	68612	11787	314577	940783	13.71
1984	70-74	0.05477	0.24172	2.57	56826	13736	250788	626205	11.02
1984	75-79	0.07627	0.32022	2.5	43089	13798	180909	375417	8.71
1984	80-84	0.12078	0.45954	2.4	29292	13461	111452	194508	6.64
1984	85-89	0.16227	0.56215	2.27	15831	8899	54844	83056	5.25
1984	90-94	0.22341	0.68700	2.2	6932	4762	21315	28212	4.07
1984	95-99	0.29849	0.78853	2.01	2170	1711	5731	6897	3.18
1984	100-104	0.38282	0.86600	1.84	459	397	1038	1166	2.54
1984	105-109	0.47483	0.91900	1.67	61	56	119	128	2.08
1984	110+	0.55051	1.00000	1.82	5	5	9	9	1.82
1985	0	0.01311	0.01295	0.08	100000	1295	98809	6899188	68.99
1985	1-4	0.00078	0.00313	1.81	98705	309	394143	6800379	68.90
1985	5-9	0.00032	0.00159	2.54	98396	156	491598	6406236	65.11
1985	10-14	0.00044	0.00219	2.63	98240	215	490692	5914638	60.21
1985	15-19	0.00125	0.00623	2.97	98025	611	488888	5423946	55.33
1985	20-24	0.00206	0.01024	2.47	97414	998	484547	4935058	50.66
1985	25-29	0.00196	0.00975	2.51	96416	940	479739	4450511	46.16
1985	30-34	0.00230	0.01144	2.6	95476	1093	474761	3970772	41.59
1985	35-39	0.00284	0.01408	2.57	94383	1329	468688	3496011	37.04
1985	40-44	0.00465	0.02300	2.69	93054	2140	460337	3027323	32.53
1985	45-49	0.00663	0.03266	2.74	90914	2969	447863	2566986	28.24
1985	50-54	0.00981	0.04788	2.49	87945	4211	429139	2119123	24.10
1985	55-59	0.01655	0.07973	2.71	83734	6676	403396	1689984	20.18
1985	60-64	0.02473	0.11668	2.59	77058	8991	363597	1286588	16.70
1985	65-69	0.03654	0.16761	2.53	68067	11409	312199	922990	13.56
1985	70-74	0.05487	0.24224	2.58	56658	13725	250116	610791	10.78
1985	75-79	0.08272	0.34208	2.47	42933	14686	177547	360675	8.40
1985	80-84	0.11923	0.45539	2.41	28247	12863	107889	183128	6.48
1985	85-89	0.17648	0.59716	2.29	15383	9186	52052	75239	4.89
1985	90-94	0.24605	0.72779	2.19	6197	4510	18330	23186	3.74
1985	95-99	0.33228	0.82527	1.95	1687	1392	4190	4856	2.88
1985	100-104	0.43298	0.89934	1.75	295	265	612	667	2.26
1985	105-109	0.53975	0.94423	1.56	30	28	52	55	1.84
1985	110+	0.62621	1.00000	1.6	2	2	3	3	1.60
1986	0	0.01357	0.01341	0.08	100000	1341	98769	6919062	69.19
1986	1-4	0.00066	0.00262	1.54	98659	258	394001	6820293	69.13
1986	5-9	0.00041	0.00205	2.61	98401	201	491524	6426291	65.31
1986	10-14	0.00058	0.00287	2.9	98200	282	490407	5934768	60.44
1986	15-19	0.00143	0.00711	2.9	97917	697	488127	5444361	55.60
1986	20-24	0.00227	0.01130	2.46	97221	1099	483309	4956234	50.98
1986	25-29	0.00221	0.01097	2.52	96122	1054	477991	4472925	46.53
1986	30-34	0.00263	0.01307	2.62	95068	1242	472378	3994933	42.02
1986	35-39	0.00294	0.01459	2.61	93825	1369	465859	3522556	37.54
1986	40-44	0.00430	0.02128	2.83	92457	1968	458010	3056697	33.06
1986	45-49	0.00625	0.03081	2.69	90489	2788	446014	2598687	28.72
1986	50-54	0.00987	0.04821	2.63	87701	4228	428485	2152673	24.55
1986	55-59	0.01555	0.07496	2.6	83473	6257	402360	1724188	20.66
1986	60-64	0.02312	0.10954	2.61	77216	8458	365904	1321828	17.12
1986	65-69	0.03664	0.16824	2.57	68758	11568	315686	955924	13.90
1986	70-74	0.05162	0.22928	2.56	57190	13112	254016	640238	11.19
1986	75-79	0.07783	0.32474	2.45	44078	14314	183903	386222	8.76
1986	80-84	0.11295	0.43684	2.41	29764	13002	115113	202319	6.80
1986	85-89	0.16407	0.56427	2.23	16762	9458	57647	87206	5.20
1986	90-94	0.22464	0.68825	2.19	7304	5027	22377	29559	4.05
1986	95-99	0.30050	0.79142	2.01	2277	1802	5997	7182	3.15
1986	100-104	0.38991	0.87162	1.83	475	414	1062	1185	2.50
1986	105-109	0.48740	0.92482	1.65	61	56	116	124	2.03
1986	110+	0.56758	1.00000	1.76	5	5	8	8	1.76
1987	0	0.01300	0.01284	0.08	100000	1284	98818	6941776	69.42
1987	1-4	0.00066	0.00264	1.72	98716	260	394271	6842957	69.32
1987	5-9	0.00030	0.00150	2.52	98456	147	491913	6448686	65.50
1987	10-14	0.00048	0.00239	2.63	98308	235	490984	5956773	60.59
1987	15-19	0.00136	0.00676	2.93	98073	663	488995	5465789	55.73
1987	20-24	0.00194	0.00967	2.56	97410	942	484747	4976795	51.09
1987	25-29	0.00226	0.01122	2.61	96467	1083	479751	4492048	46.57
1987	30-34	0.00234	0.01162	2.63	95385	1108	474302	4012297	42.06
1987	35-39	0.00294	0.01459	2.54	94277	1375	467993	3537995	37.53
1987	40-44	0.00406	0.02012	2.68	92901	1869	460160	3070001	33.05
1987	45-49	0.00657	0.03238	2.73	91032	2948	448467	2609841	28.67
1987	50-54	0.01033	0.05041	2.61	88084	4440	429795	2161374	24.54
1987	55-59	0.01586	0.07650	2.71	83644	6399	403560	1731579	20.70
1987	60-64	0.02275	0.10792	2.62	77245	8336	366378	1328019	17.19
1987	65-69	0.03611	0.16582	2.54	68909	11426	316428	961641	13.96
1987	70-74	0.05112	0.22711	2.55	57483	13055	255392	645213	11.22
1987	75-79	0.07721	0.32323	2.48	44428	14360	186004	389821	8.77
1987	80-84	0.11402	0.43988	2.4	30067	13226	115995	203817	6.78
1987	85-89	0.16523	0.56889	2.26	16841	9581	57983	87822	5.21
1987	90-94	0.21895	0.67978	2.21	7260	4935	22541	29839	4.11
1987	95-99	0.30219	0.79331	2.01	2325	1844	6103	7297	3.14
1987	100-104	0.39181	0.87294	1.82	481	419	1071	1194	2.48
1987	105-109	0.48938	0.92564	1.64	61	57	115	123	2.02
1987	110+	0.56958	1.00000	1.76	5	5	8	8	1.76
1988	0	0.01197	0.01184	0.08	100000	1184	98908	6917599	69.18
1988	1-4	0.00065	0.00259	1.81	98816	256	394705	6818692	69.00
1988	5-9	0.00031	0.00157	2.28	98560	154	492382	6423986	65.18
1988	10-14	0.00046	0.00229	2.68	98406	225	491507	5931605	60.28
1988	15-19	0.00144	0.00717	2.92	98181	704	489440	5440097	55.41
1988	20-24	0.00229	0.01140	2.59	97476	1111	484704	4950657	50.79
1988	25-29	0.00236	0.01174	2.49	96365	1131	478983	4465953	46.34
1988	30-34	0.00275	0.01365	2.5	95234	1300	472914	3986970	41.86
1988	35-39	0.00312	0.01548	2.56	93934	1454	466124	3514056	37.41
1988	40-44	0.00414	0.02049	2.63	92479	1895	457908	3047932	32.96
1988	45-49	0.00636	0.03133	2.72	90584	2838	446447	2590024	28.59
1988	50-54	0.00991	0.04840	2.64	87747	4247	428695	2143578	24.43
1988	55-59	0.01601	0.07710	2.59	83499	6438	402002	1714883	20.54
1988	60-64	0.02374	0.11228	2.59	77062	8653	364413	1312881	17.04
1988	65-69	0.03538	0.16293	2.58	68409	11146	315040	948468	13.86
1988	70-74	0.05235	0.23222	2.57	57263	13298	254013	633428	11.06
1988	75-79	0.07684	0.32286	2.53	43965	14194	184727	379415	8.63
1988	80-84	0.11963	0.45599	2.39	29771	13575	113474	194689	6.54
1988	85-89	0.17254	0.58988	2.32	16196	9554	55371	81215	5.01
1988	90-94	0.23542	0.71271	2.23	6642	4734	20108	25844	3.89
1988	95-99	0.31713	0.80958	1.98	1908	1545	4871	5736	3.01
1988	100-104	0.41059	0.88556	1.79	363	322	784	864	2.38
1988	105-109	0.51106	0.93419	1.6	42	39	76	81	1.94
1988	110+	0.59317	1.00000	1.69	3	3	5	5	1.69
1989	0	0.01357	0.01340	0.08	100000	1340	98769	6913895	69.14
1989	1-4	0.00069	0.00274	1.67	98660	270	394012	6815126	69.08
1989	5-9	0.00027	0.00133	2.56	98390	131	491631	6421114	65.26
1989	10-14	0.00045	0.00224	2.77	98259	220	490805	5929483	60.35
1989	15-19	0.00168	0.00838	2.79	98039	821	488379	5438678	55.47
1989	20-24	0.00218	0.01083	2.69	97217	1053	483657	4950299	50.92
1989	25-29	0.00240	0.01195	2.52	96164	1149	477977	4466642	46.45
1989	30-34	0.00302	0.01499	2.61	95015	1424	471677	3988665	41.98
1989	35-39	0.00326	0.01618	2.56	93591	1515	464268	3516988	37.58
1989	40-44	0.00426	0.02111	2.63	92077	1943	455771	3052720	33.15
1989	45-49	0.00620	0.03055	2.65	90133	2754	444183	2596949	28.81
1989	50-54	0.01008	0.04927	2.69	87380	4305	426948	2152766	24.64
1989	55-59	0.01596	0.07688	2.63	83074	6387	400231	1725818	20.77
1989	60-64	0.02331	0.11043	2.62	76688	8469	363300	1325587	17.29
1989	65-69	0.03482	0.16061	2.59	68219	10956	314689	962287	14.11
1989	70-74	0.05199	0.23107	2.6	57263	13232	254500	647598	11.31
1989	75-79	0.07397	0.31204	2.49	44031	13740	185736	393098	8.93
1989	80-84	0.11107	0.43398	2.48	30291	13146	118356	207362	6.85
1989	85-89	0.16213	0.56652	2.34	17145	9713	59910	89006	5.19
1989	90-94	0.23157	0.70064	2.18	7432	5207	22487	29096	3.91
1989	95-99	0.32040	0.81399	1.98	2225	1811	5652	6609	2.97
1989	100-104	0.42290	0.89392	1.77	414	370	875	957	2.31
1989	105-109	0.53269	0.94221	1.57	44	41	78	82	1.86
1989	110+	0.62194	1.00000	1.61	3	3	4	4	1.61
1990	0	0.01342	0.01326	0.08	100000	1326	98782	6916166	69.16
1990	1-4	0.00058	0.00230	1.84	98674	227	394206	6817385	69.09
1990	5-9	0.00031	0.00153	2.22	98447	150	491818	6423178	65.24
1990	10-14	0.00051	0.00256	2.82	98297	252	490935	5931360	60.34
1990	15-19	0.00195	0.00969	2.86	98045	950	488195	5440425	55.49
1990	20-24	0.00277	0.01374	2.58	97095	1334	482244	4952230	51.00
1990	25-29	0.00256	0.01271	2.62	95761	1217	475910	4469986	46.68
1990	30-34	0.00275	0.01364	2.58	94544	1290	469604	3994076	42.25
1990	35-39	0.00316	0.01570	2.47	93254	1464	462564	3524472	37.79
1990	40-44	0.00404	0.02000	2.56	91790	1836	454476	3061908	33.36
1990	45-49	0.00590	0.02910	2.6	89954	2618	443500	2607432	28.99
1990	50-54	0.01002	0.04896	2.64	87337	4276	426578	2163931	24.78
1990	55-59	0.01525	0.07353	2.57	83061	6107	400488	1737353	20.92
1990	60-64	0.02278	0.10801	2.61	76954	8312	364868	1336865	17.37
1990	65-69	0.03476	0.16009	2.54	68642	10989	316172	971998	14.16
1990	70-74	0.04958	0.22097	2.54	57653	12739	256968	655826	11.38
1990	75-79	0.07483	0.31474	2.48	44913	14136	188913	398858	8.88
1990	80-84	0.11515	0.44192	2.37	30777	13601	118120	209945	6.82
1990	85-89	0.15245	0.54039	2.31	17176	9282	60886	91825	5.35
1990	90-94	0.23637	0.70474	2.14	7894	5563	23537	30939	3.92
1990	95-99	0.29829	0.78883	2.01	2331	1839	6164	7402	3.18
1990	100-104	0.38679	0.86934	1.83	492	428	1106	1238	2.51
1990	105-109	0.48345	0.92311	1.65	64	59	123	132	2.05
1990	110+	0.56301	1.00000	1.78	5	5	9	9	1.78
1991	0	0.01319	0.01303	0.08	100000	1303	98801	6902902	69.03
1991	1-4	0.00065	0.00259	1.66	98697	255	394190	6804100	68.94
1991	5-9	0.00029	0.00145	2.22	98441	143	491808	6409911	65.11
1991	10-14	0.00039	0.00193	3.26	98298	190	491160	5918102	60.21
1991	15-19	0.00167	0.00833	2.8	98108	818	488742	5426942	55.32
1991	20-24	0.00255	0.01269	2.56	97291	1235	483438	4938200	50.76
1991	25-29	0.00277	0.01376	2.56	96056	1322	477058	4454761	46.38
1991	30-34	0.00305	0.01513	2.48	94734	1434	470051	3977703	41.99
1991	35-39	0.00345	0.01712	2.5	93300	1597	462502	3507652	37.60
1991	40-44	0.00419	0.02074	2.64	91703	1902	454038	3045150	33.21
1991	45-49	0.00651	0.03205	2.67	89802	2878	442306	2591113	28.85
1991	50-54	0.00945	0.04622	2.61	86924	4018	425010	2148807	24.72
1991	55-59	0.01598	0.07697	2.62	82906	6381	399351	1723796	20.79
1991	60-64	0.02274	0.10792	2.64	76525	8259	363157	1324445	17.31
1991	65-69	0.03532	0.16285	2.61	68266	11117	314764	961288	14.08
1991	70-74	0.05044	0.22474	2.58	57149	12844	254651	646523	11.31
1991	75-79	0.07413	0.31095	2.41	44305	13777	185844	391872	8.84
1991	80-84	0.11561	0.44672	2.46	30528	13638	117962	206028	6.75
1991	85-89	0.16191	0.56474	2.32	16891	9539	58915	88066	5.21
1991	90-94	0.22992	0.69599	2.17	7352	5117	22254	29151	3.97
1991	95-99	0.30777	0.79976	2	2235	1787	5808	6897	3.09
1991	100-104	0.40065	0.87922	1.81	448	393	982	1089	2.43
1991	105-109	0.50131	0.93058	1.62	54	50	100	107	1.98
1991	110+	0.58386	1.00000	1.71	4	4	6	6	1.71
1992	0	0.01069	0.01059	0.07	100000	1059	99019	6957247	69.57
1992	1-4	0.00064	0.00254	1.63	98941	251	395170	6858228	69.32
1992	5-9	0.00040	0.00202	2.44	98690	200	492940	6463058	65.49
1992	10-14	0.00038	0.00192	2.99	98491	189	492073	5970117	60.62
1992	15-19	0.00189	0.00943	2.94	98301	927	489601	5478044	55.73
1992	20-24	0.00231	0.01151	2.57	97375	1121	484147	4988444	51.23
1992	25-29	0.00276	0.01373	2.56	96254	1322	478050	4504296	46.80
1992	30-34	0.00310	0.01540	2.54	94933	1462	471067	4026246	42.41
1992	35-39	0.00367	0.01820	2.57	93471	1702	463220	3555179	38.04
1992	40-44	0.00417	0.02066	2.59	91769	1896	454282	3091959	33.69
1992	45-49	0.00635	0.03126	2.63	89873	2809	442703	2637677	29.35
1992	50-54	0.00922	0.04510	2.64	87064	3926	426042	2194974	25.21
1992	55-59	0.01520	0.07344	2.69	83138	6105	401607	1768932	21.28
1992	60-64	0.02187	0.10383	2.58	77032	7998	365791	1367325	17.75
1992	65-69	0.03220	0.14955	2.62	69034	10324	320627	1001534	14.51
1992	70-74	0.04815	0.21567	2.58	58710	12662	262959	680907	11.60
1992	75-79	0.06824	0.29182	2.52	46048	13438	196906	417947	9.08
1992	80-84	0.11287	0.43817	2.45	32610	14289	126593	221041	6.78
1992	85-89	0.16802	0.57580	2.27	18321	10549	62788	94448	5.16
1992	90-94	0.22225	0.68240	2.17	7772	5304	23863	31660	4.07
1992	95-99	0.30008	0.79091	2.01	2468	1952	6506	7796	3.16
1992	100-104	0.38918	0.87108	1.83	516	450	1155	1291	2.50
1992	105-109	0.48637	0.92437	1.65	67	62	126	135	2.03
1992	110+	0.56631	1.00000	1.77	5	5	9	9	1.77
1993	0	0.01201	0.01188	0.08	100000	1188	98904	6917763	69.18
1993	1-4	0.00068	0.00270	1.59	98812	267	394605	6818859	69.01
1993	5-9	0.00029	0.00144	2.49	98545	142	492370	6424254	65.19
1993	10-14	0.00045	0.00224	3.38	98403	221	491659	5931884	60.28
1993	15-19	0.00208	0.01036	2.93	98182	1017	488812	5440225	55.41
1993	20-24	0.00278	0.01382	2.44	97165	1343	482392	4951413	50.96
1993	25-29	0.00260	0.01292	2.61	95823	1238	476155	4469022	46.64
1993	30-34	0.00308	0.01529	2.54	94585	1446	469362	3992867	42.21
1993	35-39	0.00384	0.01904	2.58	93138	1773	461406	3523505	37.83
1993	40-44	0.00464	0.02293	2.55	91365	2095	451701	3062098	33.51
1993	45-49	0.00623	0.03069	2.64	89270	2739	439899	2610397	29.24
1993	50-54	0.00932	0.04561	2.66	86531	3947	423401	2170499	25.08
1993	55-59	0.01413	0.06842	2.67	82584	5650	399742	1747097	21.16
1993	60-64	0.02238	0.10621	2.61	76934	8171	365109	1347356	17.51
1993	65-69	0.03299	0.15267	2.56	68762	10498	318196	982247	14.28
1993	70-74	0.04992	0.22284	2.59	58264	12983	260063	664051	11.40
1993	75-79	0.07139	0.30311	2.51	45281	13725	192253	403988	8.92
1993	80-84	0.11334	0.43871	2.43	31556	13844	122141	211735	6.71
1993	85-89	0.16531	0.56752	2.24	17712	10052	60805	89594	5.06
1993	90-94	0.24370	0.71889	2.15	7660	5507	22596	28789	3.76
1993	95-99	0.33216	0.82575	1.96	2153	1778	5353	6193	2.88
1993	100-104	0.43776	0.90243	1.74	375	339	773	840	2.24
1993	105-109	0.54958	0.94750	1.54	37	35	63	66	1.81
1993	110+	0.63983	1.00000	1.56	2	2	3	3	1.56
1994	0	0.01177	0.01165	0.08	100000	1165	98925	6969884	69.70
1994	1-4	0.00067	0.00268	1.77	98835	265	394751	6870959	69.52
1994	5-9	0.00023	0.00116	2.2	98571	114	492533	6476209	65.70
1994	10-14	0.00035	0.00175	2.92	98456	172	491924	5983675	60.77
1994	15-19	0.00174	0.00867	2.99	98284	852	489707	5491751	55.88
1994	20-24	0.00261	0.01296	2.43	97432	1263	483914	5002044	51.34
1994	25-29	0.00259	0.01286	2.55	96169	1237	477823	4518130	46.98
1994	30-34	0.00341	0.01691	2.47	94933	1605	470606	4040307	42.56
1994	35-39	0.00379	0.01880	2.59	93328	1754	462412	3569701	38.25
1994	40-44	0.00458	0.02267	2.59	91573	2076	452861	3107290	33.93
1994	45-49	0.00615	0.03031	2.58	89497	2712	440916	2654429	29.66
1994	50-54	0.00915	0.04476	2.6	86785	3885	424583	2213513	25.51
1994	55-59	0.01411	0.06825	2.62	82900	5658	401036	1788930	21.58
1994	60-64	0.02147	0.10213	2.62	77242	7889	367393	1387894	17.97
1994	65-69	0.03117	0.14523	2.65	69353	10072	323113	1020501	14.71
1994	70-74	0.04482	0.20279	2.66	59281	12022	268219	697388	11.76
1994	75-79	0.06752	0.28951	2.54	47259	13682	202624	429169	9.08
1994	80-84	0.11286	0.43695	2.42	33577	14672	129995	226545	6.75
1994	85-89	0.16340	0.56940	2.34	18906	10765	65880	96550	5.11
1994	90-94	0.24437	0.72649	2.21	8141	5914	24202	30670	3.77
1994	95-99	0.32847	0.82215	1.96	2227	1831	5573	6468	2.90
1994	100-104	0.43315	0.89987	1.75	396	356	823	895	2.26
1994	105-109	0.54440	0.94594	1.55	40	38	69	72	1.82
1994	110+	0.63439	1.00000	1.58	2	2	3	3	1.58
1995	0	0.01162	0.01150	0.08	100000	1150	98938	6981391	69.81
1995	1-4	0.00058	0.00231	1.4	98850	228	394809	6882453	69.62
1995	5-9	0.00027	0.00136	2.89	98622	134	492828	6487645	65.78
1995	10-14	0.00044	0.00220	3.13	98488	216	492037	5994816	60.87
1995	15-19	0.00160	0.00797	3.02	98272	783	489810	5502780	56.00
1995	20-24	0.00236	0.01174	2.37	97489	1145	484430	5012970	51.42
1995	25-29	0.00257	0.01276	2.61	96344	1229	478785	4528540	47.00
1995	30-34	0.00303	0.01505	2.59	95115	1432	472119	4049755	42.58
1995	35-39	0.00344	0.01706	2.6	93683	1599	464579	3577636	38.19
1995	40-44	0.00477	0.02358	2.66	92084	2171	455348	3113057	33.81
1995	45-49	0.00668	0.03288	2.57	89913	2957	442376	2657709	29.56
1995	50-54	0.00909	0.04446	2.6	86957	3867	425513	2215333	25.48
1995	55-59	0.01402	0.06790	2.66	83090	5642	402271	1789821	21.54
1995	60-64	0.02069	0.09867	2.66	77448	7642	369359	1387549	17.92
1995	65-69	0.03216	0.14934	2.62	69806	10425	324209	1018191	14.59
1995	70-74	0.04478	0.20181	2.55	59381	11984	267588	693981	11.69
1995	75-79	0.07028	0.29922	2.52	47397	14182	201794	426393	9.00
1995	80-84	0.11121	0.43242	2.43	33215	14363	129147	224599	6.76
1995	85-89	0.16632	0.57132	2.26	18852	10771	64757	95452	5.06
1995	90-94	0.24051	0.71189	2.13	8081	5753	23921	30695	3.80
1995	95-99	0.32792	0.82161	1.96	2328	1913	5834	6774	2.91
1995	100-104	0.43254	0.89953	1.75	415	374	864	940	2.26
1995	105-109	0.54380	0.94575	1.55	42	39	73	76	1.82
1995	110+	0.63381	1.00000	1.58	2	2	4	4	1.58
1996	0	0.01096	0.01085	0.07	100000	1085	98995	7010785	70.11
1996	1-4	0.00055	0.00219	1.81	98915	216	395185	6911789	69.88
1996	5-9	0.00028	0.00138	2.13	98698	137	493101	6516604	66.03
1996	10-14	0.00040	0.00198	2.77	98562	195	492374	6023504	61.11
1996	15-19	0.00160	0.00797	3.09	98367	784	490340	5531129	56.23
1996	20-24	0.00241	0.01196	2.42	97583	1167	484906	5040789	51.66
1996	25-29	0.00251	0.01249	2.36	96416	1204	478901	4555884	47.25
1996	30-34	0.00276	0.01372	2.52	95212	1306	472816	4076983	42.82
1996	35-39	0.00373	0.01847	2.59	93906	1734	465350	3604167	38.38
1996	40-44	0.00456	0.02253	2.57	92172	2077	455819	3138817	34.05
1996	45-49	0.00589	0.02904	2.59	90095	2617	444171	2682997	29.78
1996	50-54	0.00907	0.04441	2.72	87478	3885	428545	2238826	25.59
1996	55-59	0.01380	0.06681	2.64	83593	5585	404807	1810281	21.66
1996	60-64	0.02114	0.10069	2.64	78009	7855	371502	1405474	18.02
1996	65-69	0.03152	0.14657	2.62	70154	10283	326257	1033972	14.74
1996	70-74	0.04422	0.19982	2.59	59871	11964	270569	707714	11.82
1996	75-79	0.06797	0.29044	2.5	47907	13914	204704	437146	9.12
1996	80-84	0.10732	0.42280	2.49	33993	14373	133928	232441	6.84
1996	85-89	0.16757	0.57679	2.3	19621	11317	67538	98514	5.02
1996	90-94	0.24348	0.71812	2.14	8304	5963	24490	30976	3.73
1996	95-99	0.34550	0.83913	1.94	2341	1964	5685	6485	2.77
1996	100-104	0.46196	0.91550	1.7	377	345	746	800	2.13
1996	105-109	0.58324	0.95698	1.49	32	30	52	54	1.70
1996	110+	0.67939	1.00000	1.47	1	1	2	2	1.47
1997	0	0.01083	0.01073	0.07	100000	1073	99007	7049670	70.50
1997	1-4	0.00054	0.00215	1.53	98927	213	395183	6950663	70.26
1997	5-9	0.00026	0.00132	2.55	98714	131	493252	6555480	66.41
1997	10-14	0.00033	0.00166	3.18	98584	164	492622	6062228	61.49
1997	15-19	0.00164	0.00820	3.03	98420	807	490511	5569606	56.59
1997	20-24	0.00240	0.01193	2.51	97613	1165	485166	5079095	52.03
1997	25-29	0.00255	0.01268	2.49	96449	1223	479173	4593928	47.63
1997	30-34	0.00234	0.01162	2.59	95226	1106	473461	4114755	43.21
1997	35-39	0.00301	0.01496	2.64	94119	1408	467268	3641294	38.69
1997	40-44	0.00397	0.01966	2.62	92711	1823	459212	3174026	34.24
1997	45-49	0.00565	0.02791	2.72	90888	2537	448649	2714813	29.87
1997	50-54	0.00822	0.04032	2.65	88352	3562	433375	2266165	25.65
1997	55-59	0.01432	0.06926	2.64	84789	5872	410087	1832790	21.62
1997	60-64	0.02024	0.09662	2.66	78917	7625	376729	1422703	18.03
1997	65-69	0.03026	0.14101	2.59	71292	10053	332264	1045974	14.67
1997	70-74	0.04607	0.20691	2.54	61239	12671	275049	713710	11.65
1997	75-79	0.06902	0.29492	2.54	48568	14324	207545	438661	9.03
1997	80-84	0.10950	0.42857	2.47	34244	14676	134025	231116	6.75
1997	85-89	0.17251	0.58498	2.25	19568	11447	66355	97091	4.96
1997	90-94	0.24021	0.72027	2.22	8121	5849	24351	30736	3.78
1997	95-99	0.34039	0.83402	1.94	2272	1895	5566	6385	2.81
1997	100-104	0.45187	0.91022	1.72	377	343	760	819	2.17
1997	105-109	0.56879	0.95311	1.51	34	32	57	59	1.75
1997	110+	0.66227	1.00000	1.51	2	2	2	2	1.51
1998	0	0.01033	0.01023	0.07	100000	1023	99051	7078510	70.79
1998	1-4	0.00062	0.00248	1.57	98977	245	395312	6979459	70.52
1998	5-9	0.00021	0.00106	2.11	98732	105	493355	6584147	66.69
1998	10-14	0.00024	0.00119	2.82	98627	117	492878	6090791	61.76
1998	15-19	0.00129	0.00642	3.03	98509	633	491303	5597914	56.83
1998	20-24	0.00219	0.01088	2.48	97877	1065	486703	5106610	52.17
1998	25-29	0.00204	0.01015	2.55	96811	982	481647	4619908	47.72
1998	30-34	0.00244	0.01215	2.68	95829	1165	476439	4138261	43.18
1998	35-39	0.00315	0.01564	2.6	94664	1481	469766	3661822	38.68
1998	40-44	0.00411	0.02034	2.64	93183	1896	461443	3192056	34.26
1998	45-49	0.00613	0.03025	2.72	91288	2762	450136	2730613	29.91
1998	50-54	0.00839	0.04113	2.63	88526	3641	434008	2280477	25.76
1998	55-59	0.01357	0.06568	2.55	84885	5575	410756	1846469	21.75
1998	60-64	0.02096	0.09989	2.65	79310	7922	377966	1435713	18.10
1998	65-69	0.03043	0.14174	2.59	71388	10119	332564	1057746	14.82
1998	70-74	0.04471	0.20183	2.59	61269	12366	276558	725183	11.84
1998	75-79	0.06531	0.28129	2.54	48903	13756	210633	448625	9.17
1998	80-84	0.11260	0.43851	2.48	35147	15412	136881	237992	6.77
1998	85-89	0.16081	0.56152	2.31	19735	11082	68909	101110	5.12
1998	90-94	0.24876	0.72378	2.11	8653	6263	25178	32202	3.72
1998	95-99	0.32433	0.81797	1.97	2390	1955	6028	7024	2.94
1998	100-104	0.42757	0.89664	1.76	435	390	912	995	2.29
1998	105-109	0.53774	0.94383	1.56	45	42	79	83	1.84
1998	110+	0.62711	1.00000	1.59	3	3	4	4	1.59
1999	0	0.01006	0.00997	0.07	100000	997	99075	7088525	70.89
1999	1-4	0.00056	0.00223	1.87	99003	221	395542	6989450	70.60
1999	5-9	0.00025	0.00126	2.65	98782	125	493618	6593907	66.75
1999	10-14	0.00041	0.00207	3.04	98657	205	492886	6100289	61.83
1999	15-19	0.00133	0.00662	3.03	98453	651	490981	5607403	56.96
1999	20-24	0.00200	0.00995	2.57	97801	973	486641	5116423	52.31
1999	25-29	0.00195	0.00968	2.46	96828	937	481760	4629782	47.81
1999	30-34	0.00243	0.01210	2.66	95891	1160	476740	4148021	43.26
1999	35-39	0.00312	0.01549	2.62	94731	1467	470162	3671282	38.75
1999	40-44	0.00431	0.02132	2.65	93264	1989	461651	3201120	34.32
1999	45-49	0.00604	0.02980	2.7	91275	2720	450111	2739469	30.01
1999	50-54	0.00849	0.04164	2.73	88556	3687	434422	2289358	25.85
1999	55-59	0.01313	0.06369	2.66	84868	5405	411694	1854936	21.86
1999	60-64	0.01952	0.09340	2.69	79463	7421	380154	1443242	18.16
1999	65-69	0.02975	0.13875	2.58	72042	9995	336037	1063088	14.76
1999	70-74	0.04425	0.19971	2.56	62046	12391	280007	727050	11.72
1999	75-79	0.06750	0.29013	2.58	49655	14406	213424	447043	9.00
1999	80-84	0.10895	0.42657	2.46	35249	15036	138007	233619	6.63
1999	85-89	0.18296	0.60939	2.26	20213	12317	67322	95612	4.73
1999	90-94	0.25263	0.72457	2.06	7895	5721	22645	28290	3.58
1999	95-99	0.37118	0.86102	1.89	2175	1872	5044	5645	2.60
1999	100-104	0.49587	0.93048	1.64	302	281	567	601	1.99
1999	105-109	0.62187	0.96558	1.43	21	20	33	34	1.60
1999	110+	0.71916	1.00000	1.39	1	1	1	1	1.39
2000	0	0.01002	0.00993	0.07	100000	993	99078	7099915	71.00
2000	1-4	0.00055	0.00220	1.59	99007	217	395504	7000837	70.71
2000	5-9	0.00025	0.00126	2.21	98790	124	493601	6605333	66.86
2000	10-14	0.00030	0.00148	2.8	98666	146	493006	6111732	61.94
2000	15-19	0.00126	0.00627	3.02	98520	617	491373	5618726	57.03
2000	20-24	0.00242	0.01204	2.43	97902	1179	486477	5127352	52.37
2000	25-29	0.00217	0.01080	2.47	96723	1044	480979	4640876	47.98
2000	30-34	0.00228	0.01134	2.75	95679	1085	475955	4159897	43.48
2000	35-39	0.00299	0.01482	2.66	94594	1402	469696	3683942	38.94
2000	40-44	0.00416	0.02057	2.63	93192	1917	461415	3214246	34.49
2000	45-49	0.00604	0.02978	2.71	91275	2718	450148	2752830	30.16
2000	50-54	0.00842	0.04130	2.62	88557	3657	434091	2302683	26.00
2000	55-59	0.01385	0.06703	2.63	84900	5691	411002	1868592	22.01
2000	60-64	0.01941	0.09283	2.65	79209	7353	378800	1457590	18.40
2000	65-69	0.02911	0.13592	2.57	71856	9767	335525	1078790	15.01
2000	70-74	0.04204	0.19044	2.53	62090	11825	281292	743265	11.97
2000	75-79	0.06491	0.28056	2.59	50265	14102	217271	461973	9.19
2000	80-84	0.10798	0.42475	2.49	36163	15360	142251	244702	6.77
2000	85-89	0.16961	0.58623	2.37	20802	12195	71901	102451	4.92
2000	90-94	0.25851	0.73932	2.11	8607	6364	24617	30550	3.55
2000	95-99	0.36355	0.85510	1.9	2244	1919	5278	5933	2.64
2000	100-104	0.48822	0.92750	1.66	325	302	618	656	2.02
2000	105-109	0.61514	0.96429	1.44	24	23	37	38	1.62
2000	110+	0.71358	1.00000	1.4	1	1	1	1	1.40
2001	0	0.01152	0.01140	0.08	100000	1140	98947	7096575	70.97
2001	1-4	0.00055	0.00220	1.96	98860	218	394997	6997629	70.78
2001	5-9	0.00030	0.00149	2.55	98643	147	492853	6602632	66.93
2001	10-14	0.00034	0.00172	2.84	98496	169	492113	6109779	62.03
2001	15-19	0.00135	0.00672	3.01	98326	660	490320	5617667	57.13
2001	20-24	0.00189	0.00938	2.57	97666	916	486100	5127346	52.50
2001	25-29	0.00232	0.01151	2.48	96749	1113	480938	4641247	47.97
2001	30-34	0.00224	0.01113	2.68	95636	1064	475711	4160309	43.50
2001	35-39	0.00319	0.01581	2.68	94572	1495	469389	3684598	38.96
2001	40-44	0.00415	0.02053	2.63	93077	1910	460863	3215209	34.54
2001	45-49	0.00581	0.02867	2.61	91166	2614	449587	2754347	30.21
2001	50-54	0.00905	0.04428	2.57	88552	3921	433228	2304760	26.03
2001	55-59	0.01280	0.06220	2.72	84631	5264	411168	1871532	22.11
2001	60-64	0.01993	0.09516	2.64	79367	7553	379017	1460364	18.40
2001	65-69	0.02763	0.12944	2.57	71814	9296	336481	1081347	15.06
2001	70-74	0.04327	0.19595	2.59	62518	12251	283113	744866	11.91
2001	75-79	0.06564	0.28244	2.53	50268	14198	216313	461754	9.19
2001	80-84	0.10812	0.42524	2.49	36070	15338	141866	245441	6.80
2001	85-89	0.16291	0.56645	2.31	20732	11743	72083	103575	5.00
2001	90-94	0.26369	0.75333	2.16	8988	6771	25678	31492	3.50
2001	95-99	0.36681	0.85791	1.9	2217	1902	5186	5814	2.62
2001	100-104	0.49371	0.92984	1.65	315	293	593	629	2.00
2001	105-109	0.62225	0.96576	1.43	22	21	34	35	1.60
2001	110+	0.72138	1.00000	1.39	1	1	1	1	1.39
2002	0	0.01154	0.01142	0.08	100000	1142	98945	7090905	70.91
2002	1-4	0.00059	0.00237	1.65	98858	234	394880	6991960	70.73
2002	5-9	0.00033	0.00167	2.87	98624	165	492768	6597080	66.89
2002	10-14	0.00037	0.00187	2.83	98459	184	491896	6104313	62.00
2002	15-19	0.00140	0.00697	3.09	98275	685	490066	5612417	57.11
2002	20-24	0.00216	0.01076	2.55	97590	1050	485375	5122351	52.49
2002	25-29	0.00251	0.01247	2.55	96540	1204	479751	4636976	48.03
2002	30-34	0.00248	0.01233	2.51	95336	1176	473755	4157225	43.61
2002	35-39	0.00324	0.01606	2.52	94160	1512	467055	3683470	39.12
2002	40-44	0.00423	0.02096	2.74	92647	1942	458840	3216415	34.72
2002	45-49	0.00616	0.03035	2.71	90705	2753	447224	2757574	30.40
2002	50-54	0.00858	0.04201	2.58	87952	3695	430824	2310350	26.27
2002	55-59	0.01292	0.06273	2.68	84257	5286	409039	1879526	22.31
2002	60-64	0.01880	0.08991	2.59	78972	7100	377760	1470487	18.62
2002	65-69	0.02727	0.12778	2.54	71872	9184	336726	1092727	15.20
2002	70-74	0.04087	0.18530	2.49	62688	11616	284233	756000	12.06
2002	75-79	0.06522	0.28129	2.56	51072	14366	220271	471767	9.24
2002	80-84	0.10375	0.41086	2.47	36706	15081	145362	251496	6.85
2002	85-89	0.16964	0.58480	2.34	21625	12646	74547	106133	4.91
2002	90-94	0.26161	0.75009	2.16	8979	6735	25743	31587	3.52
2002	95-99	0.36945	0.86029	1.89	2244	1930	5225	5844	2.60
2002	100-104	0.49928	0.93220	1.64	313	292	585	619	1.97
2002	105-109	0.63012	0.96734	1.42	21	21	33	34	1.58
2002	110+	0.73033	1.00000	1.37	1	1	1	1	1.37
2003	0	0.01029	0.01019	0.07	100000	1019	99055	7104525	71.05
2003	1-4	0.00054	0.00217	1.43	98981	215	395369	7005470	70.78
2003	5-9	0.00026	0.00128	2.5	98765	126	493511	6610101	66.93
2003	10-14	0.00024	0.00122	2.82	98639	120	492933	6116591	62.01
2003	15-19	0.00132	0.00659	3.15	98519	649	491392	5623658	57.08
2003	20-24	0.00215	0.01069	2.58	97869	1046	486814	5132266	52.44
2003	25-29	0.00230	0.01142	2.46	96823	1106	481306	4645452	47.98
2003	30-34	0.00264	0.01313	2.41	95717	1257	475328	4164145	43.50
2003	35-39	0.00339	0.01682	2.55	94460	1589	468414	3688818	39.05
2003	40-44	0.00431	0.02134	2.66	92871	1982	459709	3220404	34.68
2003	45-49	0.00643	0.03164	2.59	90889	2876	447514	2760695	30.37
2003	50-54	0.00857	0.04195	2.54	88014	3692	430993	2313181	26.28
2003	55-59	0.01313	0.06370	2.64	84322	5371	408958	1882187	22.32
2003	60-64	0.01888	0.09030	2.58	78951	7129	377535	1473229	18.66
2003	65-69	0.02722	0.12770	2.59	71822	9171	336981	1095694	15.26
2003	70-74	0.04029	0.18343	2.56	62650	11492	285197	758713	12.11
2003	75-79	0.06276	0.27166	2.53	51159	13898	221457	473516	9.26
2003	80-84	0.10614	0.41887	2.48	37261	15607	147049	252059	6.76
2003	85-89	0.17624	0.59799	2.31	21653	12949	73470	105010	4.85
2003	90-94	0.25063	0.73859	2.22	8705	6429	25653	31540	3.62
2003	95-99	0.37229	0.86233	1.89	2276	1962	5271	5887	2.59
2003	100-104	0.50112	0.93280	1.64	313	292	583	616	1.97
2003	105-109	0.63069	0.96740	1.42	21	20	32	33	1.58
2003	110+	0.72994	1.00000	1.37	1	1	1	1	1.37
2004	0	0.01133	0.01122	0.08	100000	1122	98963	7112219	71.12
2004	1-4	0.00040	0.00162	1.56	98878	160	395123	7013256	70.93
2004	5-9	0.00025	0.00126	1.97	98718	125	493215	6618133	67.04
2004	10-14	0.00037	0.00185	2.97	98594	182	492600	6124918	62.12
2004	15-19	0.00141	0.00702	3.11	98412	691	490755	5632318	57.23
2004	20-24	0.00248	0.01233	2.43	97721	1205	485502	5141563	52.61
2004	25-29	0.00255	0.01266	2.43	96516	1222	479432	4656061	48.24
2004	30-34	0.00263	0.01304	2.48	95294	1243	473341	4176629	43.83
2004	35-39	0.00292	0.01448	2.57	94050	1362	466946	3703288	39.38
2004	40-44	0.00446	0.02209	2.76	92689	2047	458863	3236342	34.92
2004	45-49	0.00634	0.03124	2.64	90642	2832	446521	2777479	30.64
2004	50-54	0.00897	0.04390	2.57	87810	3855	429664	2330958	26.55
2004	55-59	0.01195	0.05811	2.63	83955	4879	408229	1901293	22.65
2004	60-64	0.01858	0.08894	2.6	79076	7033	378507	1493064	18.88
2004	65-69	0.02667	0.12525	2.57	72043	9023	338282	1114557	15.47
2004	70-74	0.03965	0.18093	2.59	63019	11402	287589	776275	12.32
2004	75-79	0.06108	0.26572	2.55	51617	13716	224550	488686	9.47
2004	80-84	0.10199	0.40633	2.5	37901	15400	150999	264136	6.97
2004	85-89	0.16025	0.56344	2.37	22501	12678	79114	113137	5.03
2004	90-94	0.26731	0.75524	2.12	9823	7419	27753	34023	3.46
2004	95-99	0.36874	0.86002	1.9	2404	2068	5608	6270	2.61
2004	100-104	0.50105	0.93306	1.64	337	314	627	662	1.97
2004	105-109	0.63419	0.96818	1.41	23	22	34	35	1.57
2004	110+	0.73572	1.00000	1.36	1	1	1	1	1.36
2005	0	0.01101	0.01090	0.07	100000	1090	98992	7067171	70.67
2005	1-4	0.00059	0.00237	1.56	98910	235	395068	6968180	70.45
2005	5-9	0.00020	0.00100	2.89	98676	98	493170	6573111	66.61
2005	10-14	0.00037	0.00185	2.8	98577	182	492484	6079941	61.68
2005	15-19	0.00148	0.00737	3.05	98395	726	490563	5587457	56.79
2005	20-24	0.00255	0.01268	2.63	97669	1238	485416	5096894	52.19
2005	25-29	0.00281	0.01395	2.42	96431	1345	478681	4611478	47.82
2005	30-34	0.00262	0.01299	2.48	95086	1236	472317	4132796	43.46
2005	35-39	0.00320	0.01586	2.7	93851	1489	465823	3660479	39.00
2005	40-44	0.00463	0.02292	2.67	92362	2117	456872	3194656	34.59
2005	45-49	0.00673	0.03311	2.62	90245	2988	444112	2737784	30.34
2005	50-54	0.00914	0.04472	2.6	87257	3902	426936	2293671	26.29
2005	55-59	0.01299	0.06294	2.55	83355	5247	403913	1866735	22.39
2005	60-64	0.01856	0.08891	2.63	78109	6945	374107	1462823	18.73
2005	65-69	0.02613	0.12297	2.61	71164	8751	334875	1088716	15.30
2005	70-74	0.04105	0.18676	2.59	62413	11656	283947	753841	12.08
2005	75-79	0.06169	0.26776	2.54	50756	13591	220289	469894	9.26
2005	80-84	0.10446	0.41193	2.43	37166	15310	146553	249605	6.72
2005	85-89	0.17533	0.59781	2.34	21856	13066	74522	103051	4.71
2005	90-94	0.28572	0.77060	2.01	8790	6774	23709	28529	3.25
2005	95-99	0.40558	0.88694	1.83	2016	1789	4410	4821	2.39
2005	100-104	0.54925	0.94944	1.55	228	216	394	411	1.80
2005	105-109	0.68658	0.97651	1.34	12	11	16	17	1.45
2005	110+	0.78606	1.00000	1.27	0	0	0	0	1.27
2006	0	0.01198	0.01185	0.08	100000	1185	98906	7157980	71.58
2006	1-4	0.00048	0.00191	1.59	98815	189	394804	7059073	71.44
2006	5-9	0.00023	0.00113	2.25	98626	111	492825	6664270	67.57
2006	10-14	0.00027	0.00137	2.67	98515	135	492260	6171445	62.64
2006	15-19	0.00132	0.00657	3.05	98380	646	490644	5679184	57.73
2006	20-24	0.00254	0.01260	2.51	97734	1231	485608	5188540	53.09
2006	25-29	0.00256	0.01273	2.57	96503	1229	479533	4702932	48.73
2006	30-34	0.00269	0.01337	2.35	95275	1273	473001	4223400	44.33
2006	35-39	0.00302	0.01497	2.62	94001	1407	466654	3750399	39.90
2006	40-44	0.00436	0.02156	2.59	92594	1996	458165	3283745	35.46
2006	45-49	0.00617	0.03041	2.61	90598	2755	446392	2825580	31.19
2006	50-54	0.00862	0.04219	2.56	87843	3706	430180	2379188	27.08
2006	55-59	0.01188	0.05775	2.61	84137	4859	409092	1949008	23.16
2006	60-64	0.01762	0.08462	2.66	79278	6709	380690	1539916	19.42
2006	65-69	0.02444	0.11532	2.56	72569	8368	342465	1159226	15.97
2006	70-74	0.03812	0.17465	2.6	64201	11213	294102	816761	12.72
2006	75-79	0.05641	0.24717	2.5	52988	13097	232168	522659	9.86
2006	80-84	0.09554	0.38641	2.53	39891	15414	161332	290491	7.28
2006	85-89	0.15053	0.54179	2.41	24477	13261	88096	129159	5.28
2006	90-94	0.24926	0.73950	2.25	11215	8294	33273	41063	3.66
2006	95-99	0.35940	0.85298	1.92	2922	2492	6934	7790	2.67
2006	100-104	0.49438	0.93079	1.65	430	400	809	856	1.99
2006	105-109	0.63121	0.96779	1.42	30	29	46	47	1.58
2006	110+	0.73565	1.00000	1.36	1	1	1	1	1.36
2007	0	0.01093	0.01082	0.07	100000	1082	98999	7179309	71.79
2007	1-4	0.00049	0.00198	1.62	98918	195	395208	7080311	71.58
2007	5-9	0.00026	0.00130	2.18	98723	128	493254	6685103	67.72
2007	10-14	0.00033	0.00165	2.75	98595	163	492608	6191849	62.80
2007	15-19	0.00136	0.00680	3.15	98432	669	490920	5699241	57.90
2007	20-24	0.00245	0.01218	2.54	97762	1190	485889	5208320	53.28
2007	25-29	0.00290	0.01442	2.6	96572	1393	479525	4722431	48.90
2007	30-34	0.00292	0.01451	2.5	95179	1381	472439	4242907	44.58
2007	35-39	0.00306	0.01519	2.62	93798	1425	465601	3770468	40.20
2007	40-44	0.00466	0.02303	2.64	92373	2127	456846	3304867	35.78
2007	45-49	0.00569	0.02809	2.62	90246	2535	445194	2848020	31.56
2007	50-54	0.00845	0.04143	2.61	87711	3634	429875	2402826	27.39
2007	55-59	0.01230	0.05981	2.68	84077	5029	408696	1972951	23.47
2007	60-64	0.01648	0.07927	2.62	79048	6266	380333	1564255	19.79
2007	65-69	0.02488	0.11723	2.55	72782	8532	342984	1183921	16.27
2007	70-74	0.03539	0.16297	2.58	64250	10471	295871	840937	13.09
2007	75-79	0.05294	0.23403	2.52	53779	12586	237738	545066	10.14
2007	80-84	0.09191	0.37572	2.57	41193	15477	168395	307328	7.46
2007	85-89	0.14522	0.52653	2.39	25716	13540	93242	138933	5.40
2007	90-94	0.24121	0.71931	2.19	12176	8758	36309	45691	3.75
2007	95-99	0.34774	0.84303	1.94	3418	2881	8285	9383	2.75
2007	100-104	0.48066	0.92520	1.68	536	496	1033	1097	2.05
2007	105-109	0.61729	0.96514	1.44	40	39	63	65	1.61
2007	110+	0.72277	1.00000	1.38	1	1	2	2	1.38
2008	0	0.00948	0.00939	0.07	100000	939	99127	7211239	72.11
2008	1-4	0.00049	0.00197	1.54	99061	195	395762	7112112	71.80
2008	5-9	0.00030	0.00150	2.57	98865	149	493966	6716350	67.93
2008	10-14	0.00031	0.00157	2.85	98717	155	493252	6222384	63.03
2008	15-19	0.00126	0.00627	2.98	98562	618	491558	5729133	58.13
2008	20-24	0.00232	0.01152	2.52	97944	1128	486924	5237574	53.48
2008	25-29	0.00229	0.01140	2.57	96816	1104	481397	4750650	49.07
2008	30-34	0.00239	0.01186	2.55	95712	1135	475778	4269253	44.61
2008	35-39	0.00303	0.01506	2.64	94576	1425	469517	3793476	40.11
2008	40-44	0.00385	0.01908	2.82	93152	1777	461878	3323959	35.68
2008	45-49	0.00566	0.02791	2.63	91375	2550	450838	2862080	31.32
2008	50-54	0.00883	0.04323	2.58	88824	3840	434825	2411242	27.15
2008	55-59	0.01221	0.05928	2.57	84984	5038	412657	1976417	23.26
2008	60-64	0.01729	0.08309	2.67	79946	6643	384235	1563761	19.56
2008	65-69	0.02424	0.11440	2.55	73303	8386	346007	1179526	16.09
2008	70-74	0.03689	0.16933	2.58	64917	10992	298004	833519	12.84
2008	75-79	0.05440	0.24114	2.65	53925	13003	239043	535515	9.93
2008	80-84	0.09157	0.37296	2.51	40922	15262	166668	296472	7.24
2008	85-89	0.15851	0.55975	2.38	25659	14363	90611	129805	5.06
2008	90-94	0.26394	0.74712	2.1	11297	8440	31976	39194	3.47
2008	95-99	0.38118	0.87078	1.88	2857	2488	6526	7218	2.53
2008	100-104	0.52685	0.94291	1.6	369	348	661	692	1.87
2008	105-109	0.66953	0.97428	1.36	21	21	31	31	1.49
2008	110+	0.77428	1.00000	1.29	1	1	1	1	1.29
2009	0	0.01008	0.00999	0.07	100000	999	99073	7250463	72.50
2009	1-4	0.00044	0.00177	1.62	99001	175	395588	7151390	72.24
2009	5-9	0.00013	0.00065	2.2	98826	64	493952	6755802	68.36
2009	10-14	0.00035	0.00176	2.94	98762	174	493453	6261850	63.40
2009	15-19	0.00120	0.00598	2.93	98588	590	491724	5768397	58.51
2009	20-24	0.00208	0.01034	2.59	97999	1013	487548	5276673	53.84
2009	25-29	0.00207	0.01032	2.63	96985	1001	482553	4789125	49.38
2009	30-34	0.00233	0.01158	2.51	95985	1111	477155	4306572	44.87
2009	35-39	0.00309	0.01532	2.53	94873	1454	470774	3829417	40.36
2009	40-44	0.00369	0.01829	2.57	93420	1709	462950	3358643	35.95
2009	45-49	0.00569	0.02808	2.66	91711	2575	452536	2895693	31.57
2009	50-54	0.00855	0.04187	2.6	89136	3732	436735	2443157	27.41
2009	55-59	0.01209	0.05874	2.61	85403	5017	415039	2006422	23.49
2009	60-64	0.01682	0.08081	2.6	80387	6496	386317	1591382	19.80
2009	65-69	0.02412	0.11386	2.55	73891	8413	348811	1205065	16.31
2009	70-74	0.03703	0.17002	2.6	65477	11133	300617	856255	13.08
2009	75-79	0.05314	0.23552	2.59	54345	12799	240850	555638	10.22
2009	80-84	0.08729	0.35930	2.54	41545	14927	171003	314787	7.58
2009	85-89	0.14399	0.52603	2.44	26618	14002	97241	143784	5.40
2009	90-94	0.24591	0.72761	2.19	12616	9180	37330	46543	3.69
2009	95-99	0.35673	0.85152	1.93	3437	2926	8203	9213	2.68
2009	100-104	0.49771	0.93256	1.65	510	476	956	1010	1.98
2009	105-109	0.64025	0.96961	1.41	34	33	52	54	1.56
2009	110+	0.74791	1.00000	1.34	1	1	1	1	1.34
2010	0	0.00827	0.00821	0.07	100000	821	99234	7283039	72.83
2010	1-4	0.00044	0.00178	1.73	99179	176	396315	7183805	72.43
2010	5-9	0.00015	0.00074	2.37	99003	73	494821	6787490	68.56
2010	10-14	0.00028	0.00141	2.72	98930	139	494332	6292668	63.61
2010	15-19	0.00108	0.00539	3.03	98791	532	492903	5798337	58.69
2010	20-24	0.00191	0.00950	2.64	98259	933	489089	5305434	53.99
2010	25-29	0.00207	0.01031	2.53	97326	1003	484149	4816345	49.49
2010	30-34	0.00243	0.01207	2.5	96322	1163	478704	4332196	44.98
2010	35-39	0.00283	0.01405	2.67	95159	1337	472687	3853491	40.50
2010	40-44	0.00373	0.01849	2.72	93822	1735	465165	3380804	36.03
2010	45-49	0.00547	0.02698	2.58	92088	2484	454418	2915640	31.66
2010	50-54	0.00870	0.04259	2.58	89603	3816	438800	2461221	27.47
2010	55-59	0.01190	0.05788	2.67	85787	4965	417384	2022421	23.57
2010	60-64	0.01633	0.07862	2.63	80822	6354	389061	1605037	19.86
2010	65-69	0.02474	0.11691	2.66	74468	8706	351949	1215976	16.33
2010	70-74	0.03593	0.16552	2.63	65761	10885	302975	864026	13.14
2010	75-79	0.05295	0.23443	2.56	54877	12865	242943	561051	10.22
2010	80-84	0.08845	0.36198	2.49	42012	15207	171939	318109	7.57
2010	85-89	0.14484	0.52639	2.41	26805	14110	97414	146169	5.45
2010	90-94	0.23467	0.70961	2.22	12695	9009	38388	48755	3.84
2010	95-99	0.33847	0.83458	1.96	3686	3077	9090	10367	2.81
2010	100-104	0.46891	0.91998	1.7	610	561	1196	1277	2.09
2010	105-109	0.60453	0.96250	1.46	49	47	78	80	1.64
2010	110+	0.71030	1.00000	1.41	2	2	3	3	1.41
2011	0	0.00934	0.00926	0.07	100000	926	99139	7320982	73.21
2011	1-4	0.00046	0.00185	1.64	99074	183	395864	7221843	72.89
2011	5-9	0.00017	0.00086	2.47	98891	85	494240	6825979	69.03
2011	10-14	0.00027	0.00136	2.81	98806	135	493736	6331738	64.08
2011	15-19	0.00093	0.00466	3.03	98671	459	492452	5838002	59.17
2011	20-24	0.00185	0.00921	2.76	98212	904	489034	5345551	54.43
2011	25-29	0.00194	0.00966	2.53	97308	940	484220	4856517	49.91
2011	30-34	0.00219	0.01091	2.56	96368	1051	479270	4372297	45.37
2011	35-39	0.00246	0.01221	2.55	95316	1164	473726	3893026	40.84
2011	40-44	0.00346	0.01717	2.51	94152	1617	466742	3419300	36.32
2011	45-49	0.00521	0.02573	2.75	92535	2381	457318	2952558	31.91
2011	50-54	0.00868	0.04251	2.61	90154	3833	441622	2495240	27.68
2011	55-59	0.01145	0.05576	2.64	86321	4813	420230	2053617	23.79
2011	60-64	0.01636	0.07873	2.62	81508	6417	392244	1633387	20.04
2011	65-69	0.02358	0.11165	2.63	75091	8384	355613	1241143	16.53
2011	70-74	0.03504	0.16153	2.58	66707	10775	307499	885530	13.27
2011	75-79	0.05217	0.23124	2.55	55932	12934	247909	578030	10.33
2011	80-84	0.08432	0.35097	2.61	42998	15091	178982	330121	7.68
2011	85-89	0.14603	0.53297	2.47	27907	14874	101853	151139	5.42
2011	90-94	0.23616	0.71430	2.23	13033	9310	39421	49287	3.78
2011	95-99	0.36121	0.85570	1.93	3724	3186	8821	9866	2.65
2011	100-104	0.50697	0.93630	1.63	537	503	992	1045	1.94
2011	105-109	0.65294	0.97184	1.39	34	33	51	52	1.53
2011	110+	0.76165	1.00000	1.31	1	1	1	1	1.31
2012	0	0.00938	0.00930	0.07	100000	930	99135	7301765	73.02
2012	1-4	0.00051	0.00202	1.55	99070	201	395788	7202630	72.70
2012	5-9	0.00017	0.00085	1.89	98869	84	494086	6806842	68.85
2012	10-14	0.00020	0.00101	2.97	98786	100	493726	6312756	63.90
2012	15-19	0.00100	0.00500	3.02	98686	493	492456	5819030	58.97
2012	20-24	0.00170	0.00846	2.46	98193	831	488849	5326574	54.25
2012	25-29	0.00205	0.01017	2.56	97362	991	484394	4837725	49.69
2012	30-34	0.00207	0.01029	2.44	96371	992	479313	4353331	45.17
2012	35-39	0.00275	0.01364	2.59	95379	1301	473760	3874017	40.62
2012	40-44	0.00356	0.01763	2.52	94078	1659	466281	3400257	36.14
2012	45-49	0.00522	0.02581	2.7	92420	2385	456601	2933976	31.75
2012	50-54	0.00856	0.04193	2.58	90034	3775	441032	2477375	27.52
2012	55-59	0.01264	0.06135	2.59	86259	5292	418555	2036342	23.61
2012	60-64	0.01637	0.07874	2.58	80967	6376	389399	1617788	19.98
2012	65-69	0.02334	0.11060	2.64	74592	8250	353489	1228389	16.47
2012	70-74	0.03560	0.16389	2.58	66342	10873	305378	874900	13.19
2012	75-79	0.05277	0.23371	2.56	55469	12964	245686	569522	10.27
2012	80-84	0.08697	0.35834	2.55	42505	15231	175133	323836	7.62
2012	85-89	0.14486	0.52489	2.38	27274	14316	98822	148702	5.45
2012	90-94	0.23224	0.70829	2.25	12958	9178	39520	49880	3.85
2012	95-99	0.34811	0.84382	1.95	3780	3190	9163	10360	2.74
2012	100-104	0.48490	0.92726	1.67	590	547	1129	1197	2.03
2012	105-109	0.62501	0.96678	1.43	43	42	66	68	1.59
2012	110+	0.73237	1.00000	1.37	1	1	2	2	1.37
2013	0	0.00925	0.00917	0.07	100000	917	99147	7281817	72.82
2013	1-4	0.00040	0.00159	1.32	99083	157	395909	7182670	72.49
2013	5-9	0.00018	0.00088	2.09	98925	87	494375	6786761	68.60
2013	10-14	0.00028	0.00139	3.21	98839	137	493948	6292386	63.66
2013	15-19	0.00108	0.00539	2.98	98701	532	492430	5798437	58.75
2013	20-24	0.00193	0.00961	2.48	98169	943	488473	5306007	54.05
2013	25-29	0.00209	0.01039	2.6	97226	1010	483711	4817534	49.55
2013	30-34	0.00243	0.01207	2.64	96216	1161	478339	4333823	45.04
2013	35-39	0.00278	0.01381	2.64	95055	1312	472179	3855483	40.56
2013	40-44	0.00372	0.01843	2.67	93743	1727	464692	3383305	36.09
2013	45-49	0.00547	0.02698	2.64	92016	2482	454208	2918613	31.72
2013	50-54	0.00855	0.04192	2.64	89533	3753	438814	2464405	27.53
2013	55-59	0.01257	0.06101	2.61	85780	5234	416379	2025591	23.61
2013	60-64	0.01797	0.08610	2.58	80547	6935	385961	1609212	19.98
2013	65-69	0.02350	0.11131	2.63	73612	8194	348673	1223251	16.62
2013	70-74	0.03486	0.16084	2.6	65418	10522	301873	874578	13.37
2013	75-79	0.05106	0.22688	2.55	54896	12455	243939	572705	10.43
2013	80-84	0.08322	0.34756	2.63	42441	14751	177250	328766	7.75
2013	85-89	0.14075	0.51952	2.48	27690	14386	102208	151516	5.47
2013	90-94	0.24296	0.72364	2.21	13305	9628	39626	49308	3.71
2013	95-99	0.36354	0.85791	1.92	3677	3154	8677	9682	2.63
2013	100-104	0.51242	0.93843	1.62	522	490	957	1005	1.92
2013	105-109	0.66062	0.97312	1.38	32	31	47	49	1.51
2013	110+	0.77000	1.00000	1.3	1	1	1	1	1.30
2014	0	0.00768	0.00763	0.07	100000	763	99287	7302773	73.03
2014	1-4	0.00053	0.00213	1.75	99237	211	396474	7203486	72.59
2014	5-9	0.00023	0.00112	1.95	99026	111	494792	6807013	68.74
2014	10-14	0.00020	0.00098	3.16	98915	97	494396	6312221	63.81
2014	15-19	0.00095	0.00475	2.78	98818	469	493047	5817825	58.87
2014	20-24	0.00173	0.00860	2.62	98348	846	489724	5324779	54.14
2014	25-29	0.00202	0.01003	2.62	97502	978	485181	4835054	49.59
2014	30-34	0.00251	0.01248	2.46	96524	1205	479558	4349873	45.07
2014	35-39	0.00276	0.01372	2.62	95319	1308	473484	3870315	40.60
2014	40-44	0.00347	0.01720	2.61	94012	1617	466195	3396832	36.13
2014	45-49	0.00575	0.02833	2.56	92395	2618	455589	2930637	31.72
2014	50-54	0.00861	0.04220	2.63	89777	3789	439911	2475048	27.57
2014	55-59	0.01326	0.06426	2.61	85988	5526	416711	2035137	23.67
2014	60-64	0.01712	0.08225	2.62	80462	6618	386546	1618425	20.11
2014	65-69	0.02266	0.10738	2.56	73844	7930	349893	1231879	16.68
2014	70-74	0.03501	0.16133	2.57	65915	10634	303718	881986	13.38
2014	75-79	0.05320	0.23545	2.56	55281	13016	244668	578269	10.46
2014	80-84	0.08010	0.33524	2.57	42265	14169	176885	333600	7.89
2014	85-89	0.13639	0.50472	2.43	28096	14181	103975	156716	5.58
2014	90-94	0.23488	0.70675	2.18	13915	9835	41870	52740	3.79
2014	95-99	0.35876	0.85417	1.93	4081	3486	9716	10870	2.66
2014	100-104	0.50818	0.93701	1.63	595	558	1097	1154	1.94
2014	105-109	0.65765	0.97271	1.38	37	36	55	57	1.51
2014	110+	0.76822	1.00000	1.3	1	1	1	1	1.30
2015	0	0.00847	0.00840	0.07	100000	840	99217	7295564	72.96
2015	1-4	0.00053	0.00211	1.62	99160	209	396141	7196347	72.57
2015	5-9	0.00022	0.00110	2.37	98951	109	494467	6800207	68.72
2015	10-14	0.00029	0.00147	2.99	98842	146	493917	6305740	63.80
2015	15-19	0.00104	0.00517	2.93	98696	510	492426	5811823	58.89
2015	20-24	0.00186	0.00927	2.47	98186	910	488625	5319396	54.18
2015	25-29	0.00214	0.01064	2.68	97275	1035	483979	4830771	49.66
2015	30-34	0.00243	0.01209	2.65	96241	1163	478468	4346792	45.17
2015	35-39	0.00302	0.01498	2.54	95077	1424	471889	3868324	40.69
2015	40-44	0.00371	0.01838	2.63	93653	1722	464178	3396435	36.27
2015	45-49	0.00557	0.02750	2.58	91932	2528	453548	2932257	31.90
2015	50-54	0.00836	0.04100	2.66	89403	3666	438433	2478709	27.73
2015	55-59	0.01327	0.06430	2.61	85737	5513	415533	2040276	23.80
2015	60-64	0.01762	0.08446	2.56	80224	6776	384609	1624743	20.25
2015	65-69	0.02298	0.10885	2.59	73449	7995	347950	1240134	16.88
2015	70-74	0.03413	0.15791	2.63	65454	10336	302787	892184	13.63
2015	75-79	0.04953	0.22072	2.54	55118	12166	245605	589397	10.69
2015	80-84	0.07942	0.33152	2.51	42952	14239	179299	343792	8.00
2015	85-89	0.13473	0.50050	2.43	28713	14371	106665	164493	5.73
2015	90-94	0.21945	0.68330	2.24	14342	9800	44657	57828	4.03
2015	95-99	0.32637	0.82365	1.99	4542	3741	11463	13171	2.90
2015	100-104	0.45958	0.91609	1.72	801	734	1597	1708	2.13
2015	105-109	0.59962	0.96166	1.47	67	65	108	111	1.66
2015	110+	0.70916	1.00000	1.41	3	3	4	4	1.41
2016	0	0.00901	0.00894	0.07	100000	894	99168	7302722	73.03
2016	1-4	0.00053	0.00210	1.53	99106	208	395910	7203554	72.69
2016	5-9	0.00022	0.00111	2.22	98898	110	494186	6807644	68.83
2016	10-14	0.00020	0.00100	3.22	98788	99	493767	6313457	63.91
2016	15-19	0.00106	0.00531	3.06	98690	524	492433	5819691	58.97
2016	20-24	0.00197	0.00979	2.67	98166	961	488587	5327258	54.27
2016	25-29	0.00206	0.01023	2.42	97204	994	483457	4838670	49.78
2016	30-34	0.00263	0.01306	2.58	96210	1256	478015	4355214	45.27
2016	35-39	0.00306	0.01518	2.51	94954	1442	471176	3877198	40.83
2016	40-44	0.00377	0.01870	2.56	93512	1748	463300	3406022	36.42
2016	45-49	0.00544	0.02684	2.68	91764	2463	453101	2942722	32.07
2016	50-54	0.00885	0.04337	2.64	89301	3873	437379	2489621	27.88
2016	55-59	0.01295	0.06284	2.63	85428	5369	414441	2052242	24.02
2016	60-64	0.01787	0.08564	2.57	80060	6856	383613	1637802	20.46
2016	65-69	0.02271	0.10767	2.59	73203	7882	346997	1254189	17.13
2016	70-74	0.03284	0.15237	2.64	65322	9953	303105	907192	13.89
2016	75-79	0.04921	0.21961	2.55	55368	12159	247104	604087	10.91
2016	80-84	0.07431	0.31389	2.53	43209	13563	182521	356983	8.26
2016	85-89	0.12755	0.48223	2.47	29646	14296	112088	174462	5.88
2016	90-94	0.21613	0.67868	2.26	15350	10418	48201	62374	4.06
2016	95-99	0.32918	0.82731	1.99	4932	4080	12396	14173	2.87
2016	100-104	0.47025	0.92161	1.7	852	785	1669	1777	2.09
2016	105-109	0.61730	0.96560	1.44	67	64	104	108	1.61
2016	110+	0.73045	1.00000	1.37	2	2	3	3	1.37
2017	0	0.00808	0.00802	0.07	100000	802	99252	7285176	72.85
2017	1-4	0.00039	0.00157	1.45	99198	156	396395	7185924	72.44
2017	5-9	0.00017	0.00087	2.04	99042	86	494958	6789529	68.55
2017	10-14	0.00023	0.00116	2.97	98957	115	494550	6294571	63.61
2017	15-19	0.00122	0.00609	3.22	98842	602	493137	5800021	58.68
2017	20-24	0.00207	0.01031	2.63	98240	1013	488793	5306884	54.02
2017	25-29	0.00225	0.01117	2.52	97227	1086	483441	4818091	49.56
2017	30-34	0.00270	0.01339	2.53	96141	1288	477523	4334649	45.09
2017	35-39	0.00335	0.01660	2.62	94853	1574	470516	3857126	40.66
2017	40-44	0.00402	0.01989	2.47	93279	1855	461703	3386611	36.31
2017	45-49	0.00540	0.02664	2.61	91424	2435	451311	2924908	31.99
2017	50-54	0.00830	0.04069	2.65	88989	3621	436442	2473597	27.80
2017	55-59	0.01288	0.06245	2.58	85368	5331	413921	2037154	23.86
2017	60-64	0.01755	0.08423	2.6	80036	6741	384021	1623233	20.28
2017	65-69	0.02300	0.10898	2.6	73295	7988	347314	1239212	16.91
2017	70-74	0.03420	0.15820	2.63	65307	10332	302097	891898	13.66
2017	75-79	0.05123	0.22824	2.61	54976	12548	244932	589801	10.73
2017	80-84	0.07789	0.32700	2.55	42428	13874	178125	344869	8.13
2017	85-89	0.13020	0.49145	2.51	28554	14033	107778	166744	5.84
2017	90-94	0.21735	0.68510	2.3	14521	9948	45771	58965	4.06
2017	95-99	0.32789	0.82562	1.99	4573	3775	11514	13194	2.89
2017	100-104	0.46525	0.91906	1.71	797	733	1575	1681	2.11
2017	105-109	0.60901	0.96381	1.45	65	62	102	105	1.63
2017	110+	0.72053	1.00000	1.39	2	2	3	3	1.39
2018	0	0.00817	0.00811	0.07	100000	811	99244	7305798	73.06
2018	1-4	0.00045	0.00181	1.78	99189	180	396358	7206554	72.65
2018	5-9	0.00019	0.00094	2.12	99010	93	494781	6810197	68.78
2018	10-14	0.00028	0.00138	2.64	98917	136	494262	6315416	63.85
2018	15-19	0.00093	0.00466	3.07	98781	461	493014	5821154	58.93
2018	20-24	0.00204	0.01014	2.65	98320	997	489260	5328140	54.19
2018	25-29	0.00219	0.01090	2.58	97323	1060	484053	4838880	49.72
2018	30-34	0.00280	0.01392	2.63	96263	1340	478137	4354827	45.24
2018	35-39	0.00311	0.01544	2.53	94923	1466	470993	3876690	40.84
2018	40-44	0.00421	0.02084	2.48	93457	1948	462367	3405696	36.44
2018	45-49	0.00537	0.02652	2.67	91509	2426	451881	2943330	32.16
2018	50-54	0.00788	0.03872	2.72	89083	3449	437566	2491448	27.97
2018	55-59	0.01245	0.06045	2.63	85633	5176	415874	2053882	23.98
2018	60-64	0.01726	0.08274	2.51	80457	6657	385692	1638008	20.36
2018	65-69	0.02437	0.11501	2.57	73800	8488	348349	1252316	16.97
2018	70-74	0.03327	0.15412	2.62	65312	10066	302578	903967	13.84
2018	75-79	0.05094	0.22625	2.53	55247	12499	245374	601389	10.89
2018	80-84	0.07514	0.31614	2.49	42747	13514	179858	356015	8.33
2018	85-89	0.12352	0.47092	2.48	29233	13767	111450	176157	6.03
2018	90-94	0.20894	0.66744	2.29	15467	10323	49407	64707	4.18
2018	95-99	0.31663	0.81421	2.02	5144	4188	13227	15300	2.97
2018	100-104	0.45115	0.91229	1.74	956	872	1932	2073	2.17
2018	105-109	0.59398	0.96057	1.48	84	81	136	140	1.67
2018	110+	0.70616	1.00000	1.42	3	3	5	5	1.42
2019	0	0.00840	0.00833	0.07	100000	833	99223	7322969	73.23
2019	1-4	0.00034	0.00136	1.44	99167	135	396322	7223746	72.84
2019	5-9	0.00017	0.00084	2.43	99032	84	494945	6827424	68.94
2019	10-14	0.00026	0.00129	2.75	98948	127	494455	6332479	64.00
2019	15-19	0.00110	0.00547	2.94	98821	540	492993	5838024	59.08
2019	20-24	0.00182	0.00906	2.54	98281	890	489217	5345031	54.39
2019	25-29	0.00217	0.01077	2.65	97391	1049	484491	4855815	49.86
2019	30-34	0.00258	0.01284	2.52	96341	1237	478638	4371324	45.37
2019	35-39	0.00365	0.01808	2.56	95104	1720	471331	3892686	40.93
2019	40-44	0.00406	0.02009	2.54	93384	1876	462308	3421354	36.64
2019	45-49	0.00551	0.02721	2.63	91508	2490	451630	2959047	32.34
2019	50-54	0.00802	0.03935	2.63	89018	3502	436799	2507416	28.17
2019	55-59	0.01273	0.06179	2.61	85515	5284	414949	2070618	24.21
2019	60-64	0.01746	0.08380	2.6	80231	6723	385019	1655668	20.64
2019	65-69	0.02285	0.10820	2.55	73508	7954	348080	1270649	17.29
2019	70-74	0.03212	0.14902	2.58	65554	9769	304156	922570	14.07
2019	75-79	0.04955	0.22130	2.59	55786	12345	249143	618414	11.09
2019	80-84	0.07403	0.31256	2.51	43440	13578	183405	369271	8.50
2019	85-89	0.11909	0.45794	2.48	29862	13675	114833	185866	6.22
2019	90-94	0.19691	0.64588	2.34	16187	10455	53095	71033	4.39
2019	95-99	0.29883	0.79431	2.05	5732	4553	15237	17937	3.13
2019	100-104	0.42545	0.89819	1.78	1179	1059	2489	2701	2.29
2019	105-109	0.56312	0.95284	1.53	120	114	203	212	1.76
2019	110+	0.67375	1.00000	1.48	6	6	8	8	1.48
