DC: Washington DC, Lifetables (period 5x1), Females Last modified: 20 Dec 2020, MPv5 (May07) 

Year	Age	mx	qx	ax	lx	dx	Lx	Tx	ex
1959	0	0.04013	0.03883	0.17	100000	3883	96759	6974692	69.75
1959	1-4	0.00110	0.00437	1.35	96117	420	383353	6877933	71.56
1959	5-9	0.00043	0.00213	2.79	95697	204	478033	6494580	67.87
1959	10-14	0.00023	0.00113	1.8	95493	108	477120	6016547	63.01
1959	15-19	0.00037	0.00184	2.24	95385	175	476441	5539427	58.07
1959	20-24	0.00069	0.00342	3.11	95210	326	475432	5062986	53.18
1959	25-29	0.00152	0.00759	2.47	94884	720	472595	4587554	48.35
1959	30-34	0.00297	0.01472	2.57	94163	1386	467455	4114958	43.70
1959	35-39	0.00366	0.01814	2.36	92777	1683	459450	3647504	39.31
1959	40-44	0.00478	0.02362	2.61	91094	2151	450337	3188054	35.00
1959	45-49	0.00658	0.03242	2.79	88943	2884	438346	2737717	30.78
1959	50-54	0.00871	0.04266	2.57	86059	3671	421358	2299371	26.72
1959	55-59	0.01186	0.05772	2.65	82388	4755	400776	1878013	22.79
1959	60-64	0.01679	0.08064	2.57	77633	6260	372954	1477238	19.03
1959	65-69	0.02584	0.12158	2.58	71373	8677	335827	1104283	15.47
1959	70-74	0.04301	0.19470	2.57	62695	12207	283810	768457	12.26
1959	75-79	0.05610	0.24653	2.54	50488	12447	221881	484646	9.60
1959	80-84	0.10953	0.42765	2.44	38042	16268	148523	262765	6.91
1959	85-89	0.16019	0.56068	2.32	21773	12208	76208	114242	5.25
1959	90-94	0.22771	0.69290	2.18	9565	6628	29107	38034	3.98
1959	95-99	0.31248	0.80551	1.99	2938	2366	7572	8927	3.04
1959	100-104	0.41162	0.88687	1.79	571	507	1231	1354	2.37
1959	105-109	0.51861	0.93734	1.59	65	61	117	124	1.91
1959	110+	0.60603	1.00000	1.65	4	4	7	7	1.65
1960	0	0.03751	0.03636	0.16	100000	3636	96938	6999342	69.99
1960	1-4	0.00085	0.00338	1.66	96364	326	384692	6902403	71.63
1960	5-9	0.00046	0.00230	2.13	96038	220	479557	6517712	67.87
1960	10-14	0.00032	0.00162	2.46	95817	155	478692	6038155	63.02
1960	15-19	0.00055	0.00272	3.01	95662	261	477792	5559463	58.12
1960	20-24	0.00073	0.00366	2.67	95402	350	476195	5081671	53.27
1960	25-29	0.00178	0.00889	2.81	95052	845	473413	4605476	48.45
1960	30-34	0.00229	0.01139	2.91	94207	1073	468795	4132064	43.86
1960	35-39	0.00329	0.01634	2.69	93134	1522	462157	3663269	39.33
1960	40-44	0.00629	0.03101	2.79	91612	2841	451774	3201112	34.94
1960	45-49	0.00710	0.03489	2.45	88771	3097	435965	2749338	30.97
1960	50-54	0.00871	0.04269	2.68	85674	3658	419899	2313373	27.00
1960	55-59	0.01237	0.06009	2.66	82016	4928	398531	1893475	23.09
1960	60-64	0.01712	0.08206	2.49	77088	6326	369581	1494943	19.39
1960	65-69	0.02365	0.11219	2.71	70762	7939	335646	1125362	15.90
1960	70-74	0.03662	0.16807	2.56	62823	10559	288357	789716	12.57
1960	75-79	0.06143	0.26530	2.43	52265	13866	225716	501359	9.59
1960	80-84	0.10254	0.40675	2.46	38399	15619	152314	275643	7.18
1960	85-89	0.15276	0.54354	2.35	22780	12382	81053	123329	5.41
1960	90-94	0.22090	0.68198	2.2	10398	7091	32103	42276	4.07
1960	95-99	0.30768	0.80087	2.01	3307	2648	8608	10173	3.08
1960	100-104	0.41016	0.88638	1.8	658	584	1423	1565	2.38
1960	105-109	0.52121	0.93853	1.59	75	70	135	142	1.90
1960	110+	0.61200	1.00000	1.63	5	5	8	8	1.63
1961	0	0.03475	0.03376	0.15	100000	3376	97132	7008756	70.09
1961	1-4	0.00108	0.00429	1.72	96624	415	385551	6911625	71.53
1961	5-9	0.00041	0.00204	1.91	96210	196	480441	6526074	67.83
1961	10-14	0.00023	0.00117	2.97	96013	113	479837	6045632	62.97
1961	15-19	0.00068	0.00339	3.02	95900	325	478860	5565795	58.04
1961	20-24	0.00071	0.00355	3.09	95576	340	477230	5086935	53.22
1961	25-29	0.00126	0.00629	3.03	95236	599	474997	4609705	48.40
1961	30-34	0.00286	0.01420	2.77	94637	1344	470180	4134708	43.69
1961	35-39	0.00352	0.01744	2.56	93293	1627	462499	3664528	39.28
1961	40-44	0.00601	0.02962	2.57	91666	2715	451741	3202029	34.93
1961	45-49	0.00605	0.02980	2.51	88951	2650	438155	2750288	30.92
1961	50-54	0.00993	0.04846	2.56	86300	4182	421310	2312133	26.79
1961	55-59	0.01183	0.05751	2.57	82118	4723	399106	1890823	23.03
1961	60-64	0.01775	0.08501	2.52	77396	6580	370674	1491718	19.27
1961	65-69	0.02504	0.11803	2.58	70816	8358	333831	1121044	15.83
1961	70-74	0.03825	0.17487	2.55	62458	10922	285579	787213	12.60
1961	75-79	0.05495	0.24232	2.57	51536	12488	227273	501634	9.73
1961	80-84	0.10764	0.42184	2.44	39048	16472	153024	274362	7.03
1961	85-89	0.15586	0.55030	2.33	22576	12424	79710	121338	5.37
1961	90-94	0.21986	0.67939	2.19	10152	6897	31372	41628	4.10
1961	95-99	0.30021	0.79175	2.02	3255	2577	8584	10256	3.15
1961	100-104	0.39470	0.87551	1.82	678	593	1504	1671	2.47
1961	105-109	0.49780	0.92943	1.63	84	78	158	168	1.99
1961	110+	0.58257	1.00000	1.72	6	6	10	10	1.72
1962	0	0.03265	0.03176	0.14	100000	3176	97283	7019092	70.19
1962	1-4	0.00073	0.00293	1.66	96824	283	386632	6921810	71.49
1962	5-9	0.00052	0.00259	1.93	96541	250	481937	6535178	67.69
1962	10-14	0.00037	0.00186	3	96291	180	481095	6053241	62.86
1962	15-19	0.00067	0.00334	2.78	96111	321	479845	5572146	57.98
1962	20-24	0.00123	0.00611	2.63	95790	585	477564	5092301	53.16
1962	25-29	0.00123	0.00613	2.47	95205	584	474549	4614738	48.47
1962	30-34	0.00244	0.01215	2.91	94621	1149	470705	4140188	43.76
1962	35-39	0.00430	0.02127	2.64	93471	1988	462670	3669483	39.26
1962	40-44	0.00515	0.02540	2.45	91483	2323	451485	3206813	35.05
1962	45-49	0.00700	0.03444	2.69	89160	3071	438696	2755328	30.90
1962	50-54	0.00926	0.04522	2.45	86089	3893	420524	2316632	26.91
1962	55-59	0.01189	0.05791	2.74	82196	4760	400224	1896108	23.07
1962	60-64	0.01609	0.07750	2.62	77436	6001	372920	1495884	19.32
1962	65-69	0.02419	0.11406	2.5	71435	8148	336802	1122964	15.72
1962	70-74	0.03714	0.17068	2.63	63287	10802	290869	786162	12.42
1962	75-79	0.05826	0.25671	2.69	52485	13473	231249	495293	9.44
1962	80-84	0.10956	0.42848	2.46	39011	16715	152570	264043	6.77
1962	85-89	0.16790	0.57939	2.33	22296	12918	76940	111473	5.00
1962	90-94	0.24778	0.72581	2.15	9378	6807	27470	34534	3.68
1962	95-99	0.34886	0.84205	1.93	2571	2165	6206	7064	2.75
1962	100-104	0.46539	0.91707	1.7	406	372	800	857	2.11
1962	105-109	0.58635	0.95771	1.48	34	32	55	57	1.70
1962	110+	0.68208	1.00000	1.47	1	1	2	2	1.47
1963	0	0.02931	0.02859	0.14	100000	2859	97528	6982188	69.82
1963	1-4	0.00093	0.00370	1.59	97141	359	387699	6884660	70.87
1963	5-9	0.00075	0.00373	2.4	96782	361	482970	6496961	67.13
1963	10-14	0.00021	0.00106	2.45	96421	103	481843	6013991	62.37
1963	15-19	0.00066	0.00327	3.07	96318	315	480982	5532149	57.44
1963	20-24	0.00083	0.00412	2.38	96003	396	478978	5051166	52.61
1963	25-29	0.00152	0.00758	2.6	95607	724	476294	4572188	47.82
1963	30-34	0.00217	0.01081	2.9	94883	1026	472261	4095894	43.17
1963	35-39	0.00401	0.01988	2.59	93857	1866	464788	3623633	38.61
1963	40-44	0.00548	0.02705	2.71	91991	2488	454270	3158845	34.34
1963	45-49	0.00780	0.03830	2.62	89503	3428	439339	2704575	30.22
1963	50-54	0.00982	0.04798	2.59	86075	4130	420406	2265236	26.32
1963	55-59	0.01352	0.06554	2.7	81945	5371	397366	1844830	22.51
1963	60-64	0.01847	0.08860	2.72	76574	6784	367370	1447464	18.90
1963	65-69	0.02445	0.11556	2.63	69790	8065	329805	1080094	15.48
1963	70-74	0.03964	0.18020	2.48	61725	11123	280597	750289	12.16
1963	75-79	0.05908	0.25739	2.5	50602	13025	220442	469692	9.28
1963	80-84	0.11577	0.44595	2.43	37578	16758	144754	249250	6.63
1963	85-89	0.16951	0.58185	2.31	20820	12114	71466	104496	5.02
1963	90-94	0.24079	0.71383	2.15	8706	6215	25809	33030	3.79
1963	95-99	0.32953	0.82289	1.96	2491	2050	6222	7221	2.90
1963	100-104	0.43205	0.89903	1.75	441	397	918	1000	2.27
1963	105-109	0.54097	0.94474	1.56	45	42	78	82	1.83
1963	110+	0.62916	1.00000	1.59	2	2	4	4	1.59
1964	0	0.03242	0.03154	0.14	100000	3154	97299	6979543	69.80
1964	1-4	0.00102	0.00408	1.8	96846	395	386513	6882243	71.06
1964	5-9	0.00051	0.00253	1.92	96450	244	481498	6495731	67.35
1964	10-14	0.00030	0.00149	2.65	96206	143	480694	6014232	62.51
1964	15-19	0.00062	0.00310	3.56	96063	298	479884	5533539	57.60
1964	20-24	0.00096	0.00478	2.77	95764	458	477803	5053655	52.77
1964	25-29	0.00171	0.00854	2.92	95307	814	474842	4575852	48.01
1964	30-34	0.00237	0.01176	2.59	94493	1111	469780	4101010	43.40
1964	35-39	0.00450	0.02228	2.77	93381	2081	462273	3631230	38.89
1964	40-44	0.00658	0.03235	2.4	91300	2954	448832	3168957	34.71
1964	45-49	0.00886	0.04336	2.55	88347	3830	432361	2720125	30.79
1964	50-54	0.00944	0.04618	2.71	84516	3903	413636	2287764	27.07
1964	55-59	0.01234	0.05989	2.57	80613	4828	391353	1874128	23.25
1964	60-64	0.01713	0.08241	2.72	75785	6246	364707	1482775	19.57
1964	65-69	0.02185	0.10371	2.56	69539	7212	330117	1118069	16.08
1964	70-74	0.03653	0.16764	2.55	62327	10449	286007	787952	12.64
1964	75-79	0.05513	0.24334	2.59	51879	12624	228989	501945	9.68
1964	80-84	0.10571	0.41679	2.46	39255	16361	154778	272957	6.95
1964	85-89	0.16127	0.56417	2.34	22894	12916	80092	118178	5.16
1964	90-94	0.23746	0.70986	2.17	9978	7083	29827	38087	3.82
1964	95-99	0.33446	0.82879	1.96	2895	2399	7174	8260	2.85
1964	100-104	0.44746	0.90820	1.73	496	450	1006	1086	2.19
1964	105-109	0.56657	0.95265	1.52	45	43	77	80	1.75
1964	110+	0.66192	1.00000	1.51	2	2	3	3	1.51
1965	0	0.02802	0.02735	0.13	100000	2735	97624	6993162	69.93
1965	1-4	0.00112	0.00447	1.57	97265	435	387999	6895538	70.89
1965	5-9	0.00053	0.00266	2.28	96830	258	483448	6507539	67.21
1965	10-14	0.00047	0.00236	2.69	96572	228	482332	6024091	62.38
1965	15-19	0.00039	0.00196	2.69	96344	189	481280	5541760	57.52
1965	20-24	0.00102	0.00509	2.68	96154	489	479634	5060480	52.63
1965	25-29	0.00163	0.00813	2.31	95665	778	476235	4580845	47.88
1965	30-34	0.00278	0.01381	2.71	94887	1310	471434	4104610	43.26
1965	35-39	0.00436	0.02160	2.76	93576	2021	463359	3633175	38.83
1965	40-44	0.00636	0.03134	2.67	91555	2869	451103	3169816	34.62
1965	45-49	0.00769	0.03775	2.59	88686	3348	435375	2718713	30.66
1965	50-54	0.01127	0.05474	2.42	85338	4671	414649	2283338	26.76
1965	55-59	0.01169	0.05683	2.58	80667	4584	392258	1868689	23.17
1965	60-64	0.01741	0.08361	2.63	76083	6361	365354	1476431	19.41
1965	65-69	0.02404	0.11349	2.54	69722	7913	329157	1111077	15.94
1965	70-74	0.03521	0.16214	2.56	61809	10022	284613	781921	12.65
1965	75-79	0.05705	0.24981	2.51	51788	12937	226761	497308	9.60
1965	80-84	0.10950	0.42727	2.43	38851	16600	151596	270547	6.96
1965	85-89	0.15738	0.55371	2.32	22251	12321	78287	118951	5.35
1965	90-94	0.22053	0.68034	2.19	9930	6756	30635	40664	4.09
1965	95-99	0.29949	0.79070	2.02	3174	2510	8381	10029	3.16
1965	100-104	0.39212	0.87354	1.83	664	580	1480	1649	2.48
1965	105-109	0.49325	0.92749	1.64	84	78	158	169	2.01
1965	110+	0.57645	1.00000	1.73	6	6	11	11	1.73
1966	0	0.02968	0.02894	0.14	100000	2894	97500	6962553	69.63
1966	1-4	0.00087	0.00349	1.74	97106	339	387661	6865053	70.70
1966	5-9	0.00063	0.00313	2.45	96768	303	483065	6477392	66.94
1966	10-14	0.00021	0.00107	3.05	96464	103	482122	5994327	62.14
1966	15-19	0.00049	0.00247	2.72	96362	238	481265	5512206	57.20
1966	20-24	0.00133	0.00663	3.07	96124	638	479385	5030941	52.34
1966	25-29	0.00156	0.00776	2.51	95486	741	475587	4551555	47.67
1966	30-34	0.00305	0.01514	2.61	94745	1434	470296	4075969	43.02
1966	35-39	0.00408	0.02019	2.65	93311	1884	462130	3605672	38.64
1966	40-44	0.00624	0.03073	2.53	91427	2809	450209	3143542	34.38
1966	45-49	0.00764	0.03751	2.57	88618	3324	434995	2693333	30.39
1966	50-54	0.01020	0.04969	2.41	85294	4238	415477	2258338	26.48
1966	55-59	0.01353	0.06550	2.55	81056	5309	392265	1842860	22.74
1966	60-64	0.01750	0.08377	2.44	75747	6346	362502	1450596	19.15
1966	65-69	0.02606	0.12211	2.43	69401	8474	325220	1088094	15.68
1966	70-74	0.03739	0.17129	2.55	60927	10436	279115	762874	12.52
1966	75-79	0.05527	0.24438	2.63	50491	12339	223233	483759	9.58
1966	80-84	0.11298	0.43741	2.42	38152	16688	147709	260526	6.83
1966	85-89	0.16124	0.56254	2.31	21464	12074	74882	112818	5.26
1966	90-94	0.22444	0.68676	2.17	9390	6448	28731	37935	4.04
1966	95-99	0.30296	0.79441	2.01	2941	2337	7712	9205	3.13
1966	100-104	0.39463	0.87511	1.82	605	529	1341	1492	2.47
1966	105-109	0.49439	0.92783	1.63	76	70	142	151	2.00
1966	110+	0.57636	1.00000	1.74	5	5	9	9	1.74
1967	0	0.02695	0.02633	0.13	100000	2633	97705	7020071	70.20
1967	1-4	0.00095	0.00380	1.67	97367	370	388606	6922366	71.10
1967	5-9	0.00050	0.00250	2.43	96998	243	484364	6533760	67.36
1967	10-14	0.00038	0.00188	2.86	96755	182	483385	6049396	62.52
1967	15-19	0.00068	0.00342	2.66	96573	330	482093	5566011	57.64
1967	20-24	0.00100	0.00499	2.97	96243	480	480241	5083917	52.82
1967	25-29	0.00163	0.00811	2.62	95763	776	476967	4603677	48.07
1967	30-34	0.00258	0.01284	2.9	94986	1220	472369	4126709	43.45
1967	35-39	0.00421	0.02085	2.71	93766	1955	464364	3654341	38.97
1967	40-44	0.00628	0.03094	2.69	91812	2841	452508	3189976	34.74
1967	45-49	0.00858	0.04207	2.68	88971	3743	436152	2737468	30.77
1967	50-54	0.00960	0.04695	2.66	85228	4001	416781	2301317	27.00
1967	55-59	0.01217	0.05904	2.48	81226	4795	394069	1884536	23.20
1967	60-64	0.01725	0.08273	2.55	76431	6323	366636	1490467	19.50
1967	65-69	0.02513	0.11833	2.54	70108	8296	330165	1123831	16.03
1967	70-74	0.03623	0.16723	2.7	61812	10337	285291	793665	12.84
1967	75-79	0.05491	0.24345	2.67	51475	12532	228230	508374	9.88
1967	80-84	0.10572	0.41571	2.43	38944	16189	153134	280144	7.19
1967	85-89	0.14974	0.53511	2.33	22754	12176	81315	127009	5.58
1967	90-94	0.20744	0.65680	2.21	10578	6948	33493	45694	4.32
1967	95-99	0.27961	0.76645	2.05	3630	2783	9952	12201	3.36
1967	100-104	0.36496	0.85277	1.88	848	723	1981	2249	2.65
1967	105-109	0.45965	0.91230	1.69	125	114	248	268	2.15
1967	110+	0.53805	1.00000	1.86	11	11	20	20	1.86
1968	0	0.02250	0.02206	0.12	100000	2206	98050	7073652	70.74
1968	1-4	0.00092	0.00367	1.89	97794	359	390419	6975602	71.33
1968	5-9	0.00043	0.00212	1.81	97435	207	486514	6585182	67.59
1968	10-14	0.00040	0.00201	2.37	97228	195	485625	6098668	62.73
1968	15-19	0.00046	0.00230	2.69	97032	223	484647	5613043	57.85
1968	20-24	0.00138	0.00688	2.71	96810	666	482523	5128397	52.97
1968	25-29	0.00112	0.00559	2.45	96144	537	479350	4645874	48.32
1968	30-34	0.00274	0.01362	2.75	95606	1302	475096	4166524	43.58
1968	35-39	0.00356	0.01768	2.74	94304	1667	467754	3691428	39.14
1968	40-44	0.00581	0.02866	2.52	92637	2655	456604	3223674	34.80
1968	45-49	0.00775	0.03805	2.61	89982	3424	441724	2767070	30.75
1968	50-54	0.01134	0.05518	2.6	86558	4776	421319	2325346	26.86
1968	55-59	0.01252	0.06086	2.68	81782	4977	397369	1904028	23.28
1968	60-64	0.01630	0.07832	2.52	76805	6015	369103	1506659	19.62
1968	65-69	0.02596	0.12224	2.62	70789	8653	333383	1137556	16.07
1968	70-74	0.03303	0.15303	2.6	62136	9508	287835	804173	12.94
1968	75-79	0.05347	0.23678	2.59	52627	12461	233059	516338	9.81
1968	80-84	0.10719	0.42046	2.44	40166	16888	157551	283279	7.05
1968	85-89	0.15496	0.54814	2.33	23278	12759	82338	125729	5.40
1968	90-94	0.21833	0.67671	2.19	10518	7118	32602	43391	4.13
1968	95-99	0.29790	0.78906	2.02	3400	2683	9007	10789	3.17
1968	100-104	0.39157	0.87330	1.83	717	626	1600	1782	2.48
1968	105-109	0.49398	0.92789	1.64	91	84	171	182	2.00
1968	110+	0.57828	1.00000	1.73	7	7	11	11	1.73
1969	0	0.02882	0.02812	0.13	100000	2812	97564	7045786	70.46
1969	1-4	0.00109	0.00436	1.93	97188	424	387874	6948222	71.49
1969	5-9	0.00019	0.00095	2.07	96764	92	483551	6560349	67.80
1969	10-14	0.00037	0.00186	2.62	96672	180	482933	6076797	62.86
1969	15-19	0.00046	0.00232	2.43	96492	224	481886	5593865	57.97
1969	20-24	0.00087	0.00432	3.08	96269	416	480546	5111978	53.10
1969	25-29	0.00161	0.00799	2.38	95853	766	477254	4631432	48.32
1969	30-34	0.00196	0.00975	2.41	95087	927	473027	4154178	43.69
1969	35-39	0.00424	0.02098	2.6	94159	1975	466058	3681151	39.10
1969	40-44	0.00529	0.02610	2.5	92184	2406	454897	3215093	34.88
1969	45-49	0.00858	0.04198	2.52	89778	3769	439531	2760196	30.74
1969	50-54	0.01056	0.05156	2.7	86009	4435	419842	2320665	26.98
1969	55-59	0.01305	0.06329	2.64	81574	5162	395697	1900823	23.30
1969	60-64	0.01638	0.07889	2.68	76412	6028	368100	1505126	19.70
1969	65-69	0.02551	0.12026	2.62	70384	8465	331748	1137026	16.15
1969	70-74	0.03142	0.14558	2.48	61919	9014	286892	805278	13.01
1969	75-79	0.05681	0.24829	2.47	52905	13136	231244	518387	9.80
1969	80-84	0.10277	0.40723	2.45	39769	16195	157584	287142	7.22
1969	85-89	0.15069	0.53817	2.35	23574	12687	84193	129559	5.50
1969	90-94	0.21506	0.67140	2.2	10887	7310	33989	45366	4.17
1969	95-99	0.29670	0.78809	2.03	3577	2819	9503	11377	3.18
1969	100-104	0.39336	0.87489	1.83	758	663	1686	1874	2.47
1969	105-109	0.49920	0.93019	1.63	95	88	177	188	1.98
1969	110+	0.58631	1.00000	1.71	7	7	11	11	1.71
1970	0	0.02794	0.02728	0.13	100000	2728	97630	6957829	69.58
1970	1-4	0.00191	0.00759	1.53	97272	738	387266	6860199	70.53
1970	5-9	0.00055	0.00274	2.28	96534	264	481948	6472933	67.05
1970	10-14	0.00028	0.00142	3.51	96269	137	481143	5990985	62.23
1970	15-19	0.00073	0.00364	2.97	96132	349	479954	5509842	57.32
1970	20-24	0.00099	0.00492	2.87	95783	471	477910	5029888	52.51
1970	25-29	0.00181	0.00902	2.62	95312	859	474516	4551978	47.76
1970	30-34	0.00208	0.01037	2.66	94452	979	469968	4077462	43.17
1970	35-39	0.00474	0.02343	2.68	93473	2190	462282	3607494	38.59
1970	40-44	0.00528	0.02606	2.43	91283	2379	450294	3145212	34.46
1970	45-49	0.00865	0.04240	2.62	88904	3770	435536	2694918	30.31
1970	50-54	0.01132	0.05508	2.57	85134	4689	414265	2259381	26.54
1970	55-59	0.01420	0.06853	2.46	80445	5513	388221	1845116	22.94
1970	60-64	0.01677	0.08067	2.66	74932	6044	360530	1456895	19.44
1970	65-69	0.02579	0.12122	2.52	68888	8350	323744	1096365	15.92
1970	70-74	0.03691	0.16899	2.51	60538	10230	277190	772621	12.76
1970	75-79	0.05764	0.25444	2.7	50307	12800	222073	495431	9.85
1970	80-84	0.09940	0.39719	2.47	37507	14897	149874	273358	7.29
1970	85-89	0.15021	0.53766	2.36	22610	12156	80929	123483	5.46
1970	90-94	0.21996	0.68078	2.2	10453	7117	32353	42554	4.07
1970	95-99	0.30953	0.80329	2.01	3337	2681	8660	10201	3.06
1970	100-104	0.41565	0.89012	1.79	656	584	1406	1540	2.35
1970	105-109	0.53039	0.94182	1.58	72	68	128	135	1.87
1970	110+	0.62392	1.00000	1.6	4	4	7	7	1.60
1971	0	0.02966	0.02892	0.14	100000	2892	97502	7037253	70.37
1971	1-4	0.00124	0.00494	1.83	97108	480	387392	6939752	71.46
1971	5-9	0.00037	0.00184	1.91	96628	178	482593	6552360	67.81
1971	10-14	0.00042	0.00211	2.27	96451	204	481697	6069767	62.93
1971	15-19	0.00088	0.00441	2.68	96247	425	480249	5588070	58.06
1971	20-24	0.00095	0.00472	1.96	95822	452	477736	5107821	53.31
1971	25-29	0.00138	0.00686	2.55	95370	654	475249	4630085	48.55
1971	30-34	0.00278	0.01380	2.72	94716	1307	470603	4154835	43.87
1971	35-39	0.00385	0.01907	2.75	93409	1781	463038	3684233	39.44
1971	40-44	0.00548	0.02702	2.58	91628	2476	452142	3221194	35.16
1971	45-49	0.00804	0.03949	2.74	89152	3520	437800	2769052	31.06
1971	50-54	0.00957	0.04678	2.58	85632	4006	418467	2331252	27.22
1971	55-59	0.01321	0.06399	2.56	81626	5223	395383	1912785	23.43
1971	60-64	0.01775	0.08508	2.58	76402	6501	366257	1517402	19.86
1971	65-69	0.02265	0.10726	2.54	69902	7498	331084	1151145	16.47
1971	70-74	0.03423	0.15796	2.56	62404	9857	287957	820061	13.14
1971	75-79	0.04914	0.21765	2.38	52547	11437	232742	532104	10.13
1971	80-84	0.10151	0.40334	2.45	41110	16581	163349	299362	7.28
1971	85-89	0.14891	0.53384	2.35	24529	13095	87935	136013	5.55
1971	90-94	0.21268	0.66721	2.21	11434	7629	35871	48078	4.20
1971	95-99	0.29372	0.78464	2.03	3805	2986	10165	12208	3.21
1971	100-104	0.38990	0.87249	1.83	820	715	1834	2042	2.49
1971	105-109	0.49549	0.92874	1.63	104	97	196	209	2.00
1971	110+	0.58251	1.00000	1.72	7	7	13	13	1.72
1972	0	0.02629	0.02570	0.13	100000	2570	97755	7080923	70.81
1972	1-4	0.00076	0.00303	1.97	97430	295	389120	6983168	71.67
1972	5-9	0.00028	0.00138	2.7	97135	134	485365	6594048	67.89
1972	10-14	0.00012	0.00061	4.5	97001	60	484975	6108682	62.98
1972	15-19	0.00075	0.00375	3.28	96941	363	484082	5623707	58.01
1972	20-24	0.00126	0.00630	2.27	96578	608	481228	5139625	53.22
1972	25-29	0.00107	0.00533	2.35	95970	512	478494	4658397	48.54
1972	30-34	0.00226	0.01124	2.53	95458	1073	474635	4179902	43.79
1972	35-39	0.00351	0.01739	2.4	94385	1641	467651	3705268	39.26
1972	40-44	0.00421	0.02081	2.36	92743	1930	458623	3237617	34.91
1972	45-49	0.00860	0.04216	2.66	90813	3828	445094	2778995	30.60
1972	50-54	0.01168	0.05685	2.65	86984	4945	423303	2333901	26.83
1972	55-59	0.01320	0.06411	2.74	82039	5259	398287	1910597	23.29
1972	60-64	0.01751	0.08387	2.5	76780	6440	367772	1512310	19.70
1972	65-69	0.02684	0.12535	2.37	70340	8817	328536	1144538	16.27
1972	70-74	0.03568	0.16483	2.69	61523	10141	284180	816003	13.26
1972	75-79	0.05053	0.22585	2.65	51382	11605	229647	531822	10.35
1972	80-84	0.09617	0.38649	2.46	39778	15374	159865	302175	7.60
1972	85-89	0.13986	0.51098	2.36	24404	12470	89159	142310	5.83
1972	90-94	0.19860	0.64099	2.23	11934	7650	38518	53151	4.45
1972	95-99	0.27360	0.75951	2.07	4284	3254	11894	14632	3.42
1972	100-104	0.36361	0.85237	1.88	1030	878	2415	2739	2.66
1972	105-109	0.46420	0.91499	1.69	152	139	300	323	2.13
1972	110+	0.54778	1.00000	1.83	13	13	24	24	1.83
1973	0	0.02575	0.02519	0.13	100000	2519	97796	7116050	71.16
1973	1-4	0.00059	0.00235	1.37	97481	229	389323	7018254	72.00
1973	5-9	0.00044	0.00219	2.59	97252	213	485747	6628931	68.16
1973	10-14	0.00042	0.00212	1.92	97039	205	484565	6143183	63.31
1973	15-19	0.00055	0.00272	2.25	96834	264	483444	5658619	58.44
1973	20-24	0.00098	0.00490	2.55	96570	473	481693	5175174	53.59
1973	25-29	0.00087	0.00433	2.15	96097	416	479300	4693481	48.84
1973	30-34	0.00238	0.01181	2.68	95681	1130	475781	4214181	44.04
1973	35-39	0.00315	0.01564	2.9	94550	1479	469648	3738400	39.54
1973	40-44	0.00589	0.02906	2.6	93071	2704	458870	3268752	35.12
1973	45-49	0.00809	0.03960	2.43	90367	3579	442641	2809881	31.09
1973	50-54	0.01060	0.05172	2.69	86788	4489	423560	2367240	27.28
1973	55-59	0.01186	0.05755	2.46	82299	4736	399488	1943680	23.62
1973	60-64	0.01641	0.07903	2.66	77563	6130	373467	1544192	19.91
1973	65-69	0.02430	0.11458	2.52	71433	8185	336860	1170725	16.39
1973	70-74	0.03661	0.16808	2.56	63248	10631	290348	833865	13.18
1973	75-79	0.05195	0.23056	2.56	52617	12132	233509	543517	10.33
1973	80-84	0.09332	0.37773	2.48	40486	15293	163868	310009	7.66
1973	85-89	0.13930	0.51004	2.38	25193	12849	92245	146141	5.80
1973	90-94	0.20230	0.64869	2.24	12344	8007	39580	53896	4.37
1973	95-99	0.28372	0.77310	2.06	4336	3353	11816	14315	3.30
1973	100-104	0.38170	0.86701	1.85	984	853	2235	2499	2.54
1973	105-109	0.49032	0.92695	1.65	131	121	247	264	2.02
1973	110+	0.58020	1.00000	1.72	10	10	16	16	1.72
1974	0	0.02620	0.02561	0.13	100000	2561	97762	7169700	71.70
1974	1-4	0.00075	0.00299	1.46	97439	291	389014	7071938	72.58
1974	5-9	0.00031	0.00157	2.31	97147	152	485327	6682924	68.79
1974	10-14	0.00017	0.00086	2.21	96995	84	484742	6197597	63.90
1974	15-19	0.00038	0.00190	3.43	96911	184	484268	5712855	58.95
1974	20-24	0.00105	0.00522	2.29	96727	505	482265	5228587	54.06
1974	25-29	0.00115	0.00574	2.83	96222	553	479912	4746322	49.33
1974	30-34	0.00186	0.00927	2.7	95670	887	476307	4266410	44.60
1974	35-39	0.00318	0.01578	3.09	94783	1496	471056	3790103	39.99
1974	40-44	0.00527	0.02603	2.63	93287	2428	460673	3319047	35.58
1974	45-49	0.00822	0.04030	2.58	90859	3662	445445	2858374	31.46
1974	50-54	0.00985	0.04807	2.48	87197	4192	425404	2412929	27.67
1974	55-59	0.01254	0.06078	2.52	83005	5045	402507	1987525	23.94
1974	60-64	0.01578	0.07588	2.49	77960	5916	374939	1585018	20.33
1974	65-69	0.02327	0.11000	2.52	72044	7925	340587	1210079	16.80
1974	70-74	0.03263	0.15122	2.59	64119	9696	297194	869492	13.56
1974	75-79	0.04639	0.20955	2.7	54423	11404	245840	572298	10.52
1974	80-84	0.09342	0.37824	2.49	43018	16271	174182	326458	7.59
1974	85-89	0.14184	0.51690	2.38	26747	13826	97471	152276	5.69
1974	90-94	0.20894	0.66141	2.23	12922	8546	40905	54805	4.24
1974	95-99	0.29602	0.78832	2.04	4375	3449	11651	13900	3.18
1974	100-104	0.40047	0.88056	1.82	926	816	2036	2249	2.43
1974	105-109	0.51491	0.93662	1.6	111	104	201	213	1.92
1974	110+	0.60888	1.00000	1.64	7	7	12	12	1.64
1975	0	0.03136	0.03054	0.14	100000	3054	97376	7201580	72.02
1975	1-4	0.00064	0.00257	1.6	96946	249	387187	7104203	73.28
1975	5-9	0.00053	0.00266	2.88	96697	257	482940	6717017	69.46
1975	10-14	0.00040	0.00201	1.9	96440	194	481602	6234077	64.64
1975	15-19	0.00035	0.00177	2.51	96247	170	480809	5752475	59.77
1975	20-24	0.00084	0.00417	2.37	96076	400	479327	5271666	54.87
1975	25-29	0.00117	0.00585	2.74	95676	560	477114	4792340	50.09
1975	30-34	0.00174	0.00869	3	95116	826	473928	4315226	45.37
1975	35-39	0.00279	0.01387	2.82	94290	1307	468604	3841298	40.74
1975	40-44	0.00533	0.02629	2.57	92983	2444	458969	3372694	36.27
1975	45-49	0.00704	0.03461	2.62	90539	3134	445234	2913725	32.18
1975	50-54	0.00865	0.04236	2.59	87405	3702	428115	2468491	28.24
1975	55-59	0.01251	0.06086	2.78	83703	5094	407188	2040376	24.38
1975	60-64	0.01594	0.07679	2.63	78609	6036	378754	1633188	20.78
1975	65-69	0.02108	0.10027	2.57	72573	7277	345186	1254434	17.29
1975	70-74	0.03149	0.14661	2.65	65296	9573	304003	909248	13.93
1975	75-79	0.04890	0.21854	2.57	55723	12178	249042	605245	10.86
1975	80-84	0.08088	0.33703	2.53	43545	14676	181457	356203	8.18
1975	85-89	0.12813	0.48156	2.42	28869	13902	108501	174746	6.05
1975	90-94	0.19630	0.63879	2.27	14967	9561	48704	66245	4.43
1975	95-99	0.28775	0.77973	2.06	5406	4215	14650	17542	3.24
1975	100-104	0.39984	0.88114	1.83	1191	1049	2624	2892	2.43
1975	105-109	0.52362	0.94026	1.59	142	133	254	268	1.89
1975	110+	0.62521	1.00000	1.6	8	8	14	14	1.60
1976	0	0.02421	0.02371	0.12	100000	2371	97916	7300918	73.01
1976	1-4	0.00078	0.00310	1.24	97629	302	389684	7203003	73.78
1976	5-9	0.00051	0.00254	2.13	97327	247	485927	6813319	70.00
1976	10-14	0.00026	0.00130	2.74	97080	126	485116	6327392	65.18
1976	15-19	0.00030	0.00148	3.01	96954	144	484484	5842276	60.26
1976	20-24	0.00077	0.00385	2.54	96810	372	483136	5357792	55.34
1976	25-29	0.00090	0.00450	2.43	96438	434	481077	4874656	50.55
1976	30-34	0.00141	0.00701	3.08	96004	673	478726	4393579	45.76
1976	35-39	0.00229	0.01138	2.77	95332	1085	474244	3914852	41.07
1976	40-44	0.00397	0.01968	2.69	94247	1854	466945	3440608	36.51
1976	45-49	0.00572	0.02816	2.43	92393	2602	455281	2973664	32.19
1976	50-54	0.00945	0.04613	2.47	89791	4142	438479	2518383	28.05
1976	55-59	0.01247	0.06052	2.56	85648	5183	415591	2079904	24.28
1976	60-64	0.01424	0.06882	2.56	80465	5538	388830	1664314	20.68
1976	65-69	0.02229	0.10540	2.42	74927	7898	354256	1275484	17.02
1976	70-74	0.03180	0.14771	2.6	67030	9901	311351	921227	13.74
1976	75-79	0.04461	0.20172	2.63	57129	11524	258351	609877	10.68
1976	80-84	0.09175	0.37276	2.49	45605	17000	185287	351526	7.71
1976	85-89	0.13836	0.50782	2.38	28605	14526	104990	166239	5.81
1976	90-94	0.20276	0.64982	2.24	14079	9149	45122	61249	4.35
1976	95-99	0.28642	0.77671	2.05	4930	3829	13370	16127	3.27
1976	100-104	0.38728	0.87131	1.84	1101	959	2477	2758	2.51
1976	105-109	0.49882	0.93052	1.63	142	132	264	281	1.98
1976	110+	0.59096	1.00000	1.69	10	10	17	17	1.69
1977	0	0.02793	0.02726	0.13	100000	2726	97631	7280116	72.80
1977	1-4	0.00074	0.00297	1.42	97274	289	388348	7182484	73.84
1977	5-9	0.00041	0.00202	1.6	96984	196	484255	6794137	70.05
1977	10-14	0.00052	0.00260	2.31	96788	251	483266	6309881	65.19
1977	15-19	0.00036	0.00180	3.11	96537	174	482355	5826616	60.36
1977	20-24	0.00078	0.00390	2.78	96363	376	480981	5344261	55.46
1977	25-29	0.00096	0.00476	2.39	95987	457	478740	4863280	50.67
1977	30-34	0.00165	0.00821	2.59	95530	784	475757	4384540	45.90
1977	35-39	0.00280	0.01393	2.82	94746	1320	470855	3908783	41.26
1977	40-44	0.00359	0.01779	2.32	93426	1662	462672	3437928	36.80
1977	45-49	0.00636	0.03130	2.55	91764	2872	451788	2975256	32.42
1977	50-54	0.00900	0.04412	2.79	88891	3922	435779	2523468	28.39
1977	55-59	0.01177	0.05727	2.67	84969	4867	413531	2087689	24.57
1977	60-64	0.01412	0.06823	2.54	80103	5466	387043	1674158	20.90
1977	65-69	0.02062	0.09818	2.57	74637	7328	355394	1287115	17.24
1977	70-74	0.03173	0.14740	2.6	67309	9921	312699	931721	13.84
1977	75-79	0.04904	0.21818	2.47	57388	12521	255300	619022	10.79
1977	80-84	0.08217	0.34142	2.53	44867	15318	186422	363722	8.11
1977	85-89	0.12985	0.48618	2.42	29548	14366	110637	177300	6.00
1977	90-94	0.19842	0.64281	2.26	15183	9760	49187	66663	4.39
1977	95-99	0.29011	0.78250	2.06	5423	4244	14628	17477	3.22
1977	100-104	0.40218	0.88262	1.82	1179	1041	2589	2849	2.42
1977	105-109	0.52563	0.94090	1.59	138	130	248	261	1.88
1977	110+	0.62682	1.00000	1.6	8	8	13	13	1.60
1978	0	0.02964	0.02890	0.14	100000	2890	97503	7312524	73.13
1978	1-4	0.00063	0.00251	1.77	97110	243	387897	7215021	74.30
1978	5-9	0.00048	0.00240	2.85	96867	232	483834	6827124	70.48
1978	10-14	0.00019	0.00093	0.5	96635	90	482769	6343290	65.64
1978	15-19	0.00029	0.00143	2.32	96545	139	482354	5860520	60.70
1978	20-24	0.00059	0.00295	3.04	96406	284	481476	5378167	55.79
1978	25-29	0.00076	0.00380	2.82	96122	365	479814	4896691	50.94
1978	30-34	0.00142	0.00707	2.58	95757	677	477149	4416877	46.13
1978	35-39	0.00198	0.00985	2.33	95080	936	472903	3939728	41.44
1978	40-44	0.00331	0.01644	2.87	94144	1547	467420	3466824	36.82
1978	45-49	0.00679	0.03343	2.73	92596	3096	455967	2999404	32.39
1978	50-54	0.00888	0.04349	2.61	89500	3892	438189	2543438	28.42
1978	55-59	0.01215	0.05915	2.76	85608	5064	416699	2105249	24.59
1978	60-64	0.01469	0.07096	2.63	80545	5716	389166	1688549	20.96
1978	65-69	0.02157	0.10233	2.5	74829	7657	355019	1299383	17.36
1978	70-74	0.03277	0.15202	2.62	67172	10211	311600	944364	14.06
1978	75-79	0.04483	0.20189	2.54	56961	11500	256495	632764	11.11
1978	80-84	0.08440	0.34821	2.49	45461	15830	187548	376270	8.28
1978	85-89	0.12378	0.46828	2.4	29631	13876	112096	188721	6.37
1978	90-94	0.17757	0.59882	2.28	15756	9435	53133	76626	4.86
1978	95-99	0.24758	0.72352	2.13	6321	4573	18471	23493	3.72
1978	100-104	0.33347	0.82610	1.95	1748	1444	4329	5022	2.87
1978	105-109	0.43181	0.89844	1.75	304	273	632	692	2.28
1978	110+	0.51430	1.00000	1.94	31	31	60	60	1.94
1979	0	0.02342	0.02295	0.12	100000	2295	97977	7365667	73.66
1979	1-4	0.00086	0.00344	1.69	97705	336	390045	7267689	74.38
1979	5-9	0.00032	0.00160	2.03	97369	156	486381	6877645	70.63
1979	10-14	0.00027	0.00134	2.78	97213	130	485774	6391264	65.75
1979	15-19	0.00036	0.00182	1.51	97082	176	484797	5905490	60.83
1979	20-24	0.00089	0.00446	2.71	96906	432	483539	5420693	55.94
1979	25-29	0.00113	0.00562	2.74	96473	542	481141	4937154	51.18
1979	30-34	0.00121	0.00603	2.55	95932	579	478239	4456013	46.45
1979	35-39	0.00212	0.01055	2.69	95353	1006	474438	3977774	41.72
1979	40-44	0.00294	0.01458	2.45	94347	1376	468232	3503336	37.13
1979	45-49	0.00643	0.03167	2.72	92971	2944	458134	3035104	32.65
1979	50-54	0.00973	0.04751	2.54	90026	4277	439607	2576970	28.62
1979	55-59	0.01107	0.05384	2.49	85749	4617	417181	2137362	24.93
1979	60-64	0.01427	0.06905	2.68	81132	5602	392693	1720181	21.20
1979	65-69	0.02105	0.09988	2.44	75530	7544	358302	1327488	17.58
1979	70-74	0.03004	0.14056	2.72	67986	9556	318113	969186	14.26
1979	75-79	0.04807	0.21383	2.42	58430	12494	259893	651073	11.14
1979	80-84	0.07872	0.32916	2.51	45936	15120	192089	391180	8.52
1979	85-89	0.11937	0.45643	2.42	30816	14065	117833	199091	6.46
1979	90-94	0.17648	0.59729	2.3	16750	10005	56690	81258	4.85
1979	95-99	0.25240	0.73153	2.13	6746	4935	19551	24567	3.64
1979	100-104	0.34656	0.83901	1.93	1811	1519	4384	5017	2.77
1979	105-109	0.45426	0.91099	1.71	292	266	585	632	2.17
1979	110+	0.54468	1.00000	1.84	26	26	48	48	1.84
1980	0	0.02624	0.02565	0.13	100000	2565	97759	7309704	73.10
1980	1-4	0.00059	0.00235	1.89	97435	229	389256	7211945	74.02
1980	5-9	0.00029	0.00143	2.16	97206	139	485632	6822689	70.19
1980	10-14	0.00019	0.00094	2.45	97066	92	485098	6337057	65.29
1980	15-19	0.00039	0.00196	2.25	96975	190	484352	5851959	60.35
1980	20-24	0.00074	0.00372	3.21	96785	360	483281	5367607	55.46
1980	25-29	0.00094	0.00468	2.57	96425	451	481029	4884326	50.65
1980	30-34	0.00168	0.00836	2.74	95974	802	478055	4403296	45.88
1980	35-39	0.00269	0.01334	2.46	95172	1269	472642	3925241	41.24
1980	40-44	0.00329	0.01634	2.72	93903	1534	466017	3452600	36.77
1980	45-49	0.00530	0.02617	2.71	92368	2417	456305	2986583	32.33
1980	50-54	0.00816	0.04000	2.51	89951	3598	440791	2530278	28.13
1980	55-59	0.01173	0.05696	2.49	86353	4919	419415	2089487	24.20
1980	60-64	0.01621	0.07813	2.69	81434	6362	392467	1670072	20.51
1980	65-69	0.02164	0.10288	2.6	75072	7723	356846	1277604	17.02
1980	70-74	0.03356	0.15543	2.63	67349	10468	311957	920758	13.67
1980	75-79	0.04697	0.21021	2.51	56881	11957	254574	608801	10.70
1980	80-84	0.08652	0.35594	2.51	44924	15990	184823	354227	7.89
1980	85-89	0.13503	0.49979	2.4	28934	14461	107092	169404	5.85
1980	90-94	0.20392	0.65290	2.25	14473	9449	46339	62312	4.31
1980	95-99	0.29500	0.78793	2.04	5023	3958	13417	15973	3.18
1980	100-104	0.40540	0.88443	1.81	1065	942	2324	2556	2.40
1980	105-109	0.52642	0.94098	1.59	123	116	220	232	1.88
1980	110+	0.62548	1.00000	1.6	7	7	12	12	1.60
1981	0	0.02567	0.02511	0.12	100000	2511	97803	7346282	73.46
1981	1-4	0.00058	0.00231	1.81	97489	225	389463	7248479	74.35
1981	5-9	0.00037	0.00184	2.76	97264	179	485919	6859016	70.52
1981	10-14	0.00048	0.00242	2.08	97085	235	484740	6373097	65.64
1981	15-19	0.00038	0.00188	2.47	96850	182	483789	5888357	60.80
1981	20-24	0.00057	0.00285	2.85	96668	276	482744	5404568	55.91
1981	25-29	0.00131	0.00650	2.49	96392	627	480386	4921824	51.06
1981	30-34	0.00148	0.00737	2.7	95765	706	477200	4441438	46.38
1981	35-39	0.00229	0.01139	2.63	95059	1082	472726	3964238	41.70
1981	40-44	0.00332	0.01646	2.3	93977	1547	465708	3491512	37.15
1981	45-49	0.00580	0.02864	2.73	92430	2647	456141	3025804	32.74
1981	50-54	0.00808	0.03970	2.79	89783	3565	441038	2569662	28.62
1981	55-59	0.01268	0.06147	2.55	86218	5300	418080	2128624	24.69
1981	60-64	0.01430	0.06905	2.5	80918	5588	390645	1710544	21.14
1981	65-69	0.02322	0.10988	2.55	75330	8277	356397	1319899	17.52
1981	70-74	0.02842	0.13273	2.51	67053	8900	313142	963503	14.37
1981	75-79	0.04244	0.19085	2.36	58154	11099	261502	650361	11.18
1981	80-84	0.08649	0.35488	2.47	47055	16699	193068	388859	8.26
1981	85-89	0.12341	0.46677	2.39	30356	14169	114816	195791	6.45
1981	90-94	0.17279	0.58791	2.28	16186	9516	55075	80975	5.00
1981	95-99	0.23618	0.70529	2.14	6670	4704	19919	25901	3.88
1981	100-104	0.31358	0.80540	1.98	1966	1583	5049	5981	3.04
1981	105-109	0.40270	0.88008	1.8	383	337	836	932	2.44
1981	110+	0.47733	1.00000	2.09	46	46	96	96	2.09
1982	0	0.02015	0.01979	0.11	100000	1979	98237	7420316	74.20
1982	1-4	0.00078	0.00310	1.75	98021	304	391399	7322078	74.70
1982	5-9	0.00013	0.00066	1.51	97717	65	488358	6930680	70.93
1982	10-14	0.00030	0.00151	2.82	97652	147	487939	6442322	65.97
1982	15-19	0.00025	0.00125	3.54	97505	122	487344	5954383	61.07
1982	20-24	0.00070	0.00349	2.61	97382	339	486102	5467039	56.14
1982	25-29	0.00104	0.00521	2.98	97043	506	484194	4980937	51.33
1982	30-34	0.00161	0.00804	2.84	96537	776	481013	4496743	46.58
1982	35-39	0.00250	0.01245	2.72	95761	1193	476090	4015730	41.93
1982	40-44	0.00324	0.01609	2.81	94569	1521	469507	3539640	37.43
1982	45-49	0.00539	0.02661	2.61	93047	2476	459313	3070133	33.00
1982	50-54	0.00813	0.03983	2.51	90571	3607	443888	2610820	28.83
1982	55-59	0.01162	0.05658	2.71	86964	4921	423577	2166932	24.92
1982	60-64	0.01631	0.07846	2.57	82044	6437	394596	1743355	21.25
1982	65-69	0.02115	0.10052	2.53	75607	7600	359264	1348760	17.84
1982	70-74	0.03162	0.14682	2.57	68007	9985	315791	989496	14.55
1982	75-79	0.04564	0.20400	2.4	58022	11836	259350	673705	11.61
1982	80-84	0.07068	0.30109	2.54	46186	13906	196762	414355	8.97
1982	85-89	0.11061	0.43149	2.45	32279	13928	125927	217593	6.74
1982	90-94	0.16843	0.58043	2.32	18351	10652	63239	91667	5.00
1982	95-99	0.24725	0.72483	2.15	7700	5581	22572	28428	3.69
1982	100-104	0.34674	0.84000	1.93	2119	1780	5133	5856	2.76
1982	105-109	0.46144	0.91509	1.7	339	310	672	724	2.14
1982	110+	0.55805	1.00000	1.79	29	29	52	52	1.79
1983	0	0.01831	0.01802	0.1	100000	1802	98386	7437902	74.38
1983	1-4	0.00013	0.00051	1.02	98198	50	392644	7339516	74.74
1983	5-9	0.00020	0.00102	0.84	98148	100	490324	6946872	70.78
1983	10-14	0.00016	0.00078	3.13	98048	76	490097	6456548	65.85
1983	15-19	0.00072	0.00359	2.8	97972	351	489087	5966450	60.90
1983	20-24	0.00059	0.00297	2.64	97620	290	487419	5477363	56.11
1983	25-29	0.00092	0.00460	3.03	97331	448	485772	4989944	51.27
1983	30-34	0.00147	0.00733	2.84	96883	710	482880	4504171	46.49
1983	35-39	0.00216	0.01076	2.67	96173	1035	478459	4021291	41.81
1983	40-44	0.00287	0.01426	2.67	95139	1357	472534	3542833	37.24
1983	45-49	0.00486	0.02407	2.86	93782	2258	464082	3070299	32.74
1983	50-54	0.00739	0.03633	2.68	91525	3326	449917	2606217	28.48
1983	55-59	0.01233	0.05993	2.68	88199	5285	428719	2156300	24.45
1983	60-64	0.01639	0.07880	2.56	82914	6534	398655	1727581	20.84
1983	65-69	0.02161	0.10289	2.67	76380	7859	363586	1328927	17.40
1983	70-74	0.03160	0.14705	2.65	68521	10076	318890	965341	14.09
1983	75-79	0.04453	0.20040	2.51	58445	11712	263012	646450	11.06
1983	80-84	0.08381	0.34646	2.5	46732	16191	193191	383438	8.21
1983	85-89	0.12605	0.47495	2.41	30541	14506	115081	190248	6.23
1983	90-94	0.18477	0.61445	2.27	16036	9853	53328	75167	4.69
1983	95-99	0.26196	0.74486	2.1	6183	4605	17579	21839	3.53
1983	100-104	0.35668	0.84753	1.9	1577	1337	3748	4259	2.70
1983	105-109	0.46395	0.91552	1.69	241	220	475	511	2.13
1983	110+	0.55360	1.00000	1.81	20	20	37	37	1.81
1984	0	0.01806	0.01777	0.1	100000	1777	98407	7435248	74.35
1984	1-4	0.00058	0.00230	1.4	98223	226	392303	7336841	74.70
1984	5-9	0.00070	0.00350	2.15	97997	343	489007	6944538	70.86
1984	10-14	0.00032	0.00161	2.58	97654	158	487887	6455531	66.11
1984	15-19	0.00045	0.00226	2.69	97496	220	486974	5967643	61.21
1984	20-24	0.00053	0.00266	2.61	97276	259	485763	5480670	56.34
1984	25-29	0.00095	0.00475	2.82	97018	460	484082	4994906	51.48
1984	30-34	0.00155	0.00772	2.79	96557	745	481137	4510824	46.72
1984	35-39	0.00195	0.00973	2.71	95812	932	476926	4029687	42.06
1984	40-44	0.00456	0.02255	2.65	94880	2139	469363	3552761	37.44
1984	45-49	0.00558	0.02757	2.73	92740	2557	457891	3083397	33.25
1984	50-54	0.00735	0.03613	2.62	90183	3259	443152	2625506	29.11
1984	55-59	0.01083	0.05283	2.69	86925	4592	423995	2182354	25.11
1984	60-64	0.01414	0.06820	2.4	82333	5615	397054	1758359	21.36
1984	65-69	0.01978	0.09443	2.6	76718	7245	366214	1361306	17.74
1984	70-74	0.03165	0.14721	2.64	69473	10227	323181	995092	14.32
1984	75-79	0.04167	0.18861	2.49	59245	11174	268193	671911	11.34
1984	80-84	0.08109	0.33720	2.5	48071	16210	199907	403718	8.40
1984	85-89	0.12166	0.46274	2.41	31861	14743	121184	203810	6.40
1984	90-94	0.17813	0.60055	2.29	17118	10280	57711	82626	4.83
1984	95-99	0.25262	0.73156	2.12	6838	5002	19801	24915	3.64
1984	100-104	0.34458	0.83696	1.93	1836	1536	4458	5114	2.79
1984	105-109	0.44964	0.90846	1.72	299	272	605	656	2.19
1984	110+	0.53779	1.00000	1.86	27	27	51	51	1.86
1985	0	0.01910	0.01878	0.11	100000	1878	98322	7434166	74.34
1985	1-4	0.00058	0.00233	2.08	98122	229	392051	7335844	74.76
1985	5-9	0.00007	0.00036	2.5	97893	35	489380	6943793	70.93
1985	10-14	0.00024	0.00121	1.94	97858	118	488930	6454413	65.96
1985	15-19	0.00032	0.00161	2.95	97740	157	488378	5965483	61.03
1985	20-24	0.00038	0.00192	2.83	97583	187	487510	5477105	56.13
1985	25-29	0.00099	0.00491	2.55	97396	479	485808	4989595	51.23
1985	30-34	0.00163	0.00812	2.65	96917	787	482737	4503787	46.47
1985	35-39	0.00216	0.01073	2.82	96130	1031	478407	4021050	41.83
1985	40-44	0.00382	0.01893	2.29	95099	1800	470609	3542642	37.25
1985	45-49	0.00557	0.02751	2.84	93299	2567	460940	3072033	32.93
1985	50-54	0.00659	0.03244	2.63	90732	2944	446692	2611093	28.78
1985	55-59	0.01108	0.05396	2.57	87788	4737	427437	2164402	24.65
1985	60-64	0.01659	0.07963	2.48	83051	6613	398620	1736965	20.91
1985	65-69	0.02195	0.10426	2.61	76438	7970	363123	1338345	17.51
1985	70-74	0.03191	0.14755	2.45	68468	10103	316565	975221	14.24
1985	75-79	0.04190	0.18933	2.45	58366	11050	263698	658656	11.28
1985	80-84	0.07953	0.33220	2.52	47315	15718	197647	394958	8.35
1985	85-89	0.12367	0.46896	2.42	31597	14818	119813	197312	6.24
1985	90-94	0.18671	0.61925	2.28	16779	10391	55651	77499	4.62
1985	95-99	0.27106	0.75810	2.09	6389	4843	17868	21848	3.42
1985	100-104	0.37519	0.86317	1.87	1545	1334	3555	3980	2.58
1985	105-109	0.49224	0.92843	1.65	211	196	399	425	2.01
1985	110+	0.58954	1.00000	1.7	15	15	26	26	1.70
1986	0	0.02028	0.01992	0.11	100000	1992	98227	7371655	73.72
1986	1-4	0.00019	0.00076	1.5	98008	74	391846	7273428	74.21
1986	5-9	0.00035	0.00176	2.95	97933	172	489314	6881583	70.27
1986	10-14	0.00024	0.00122	1.9	97761	119	488436	6392269	65.39
1986	15-19	0.00053	0.00265	2.54	97642	259	487573	5903833	60.46
1986	20-24	0.00075	0.00377	2.98	97383	367	486174	5416260	55.62
1986	25-29	0.00086	0.00431	2.64	97016	418	484092	4930086	50.82
1986	30-34	0.00158	0.00788	2.54	96598	761	481118	4445994	46.03
1986	35-39	0.00310	0.01541	2.78	95837	1477	475906	3964877	41.37
1986	40-44	0.00293	0.01456	2.41	94360	1374	468244	3488970	36.98
1986	45-49	0.00553	0.02726	2.44	92986	2535	458437	3020727	32.49
1986	50-54	0.00879	0.04305	2.55	90451	3894	442714	2562290	28.33
1986	55-59	0.01099	0.05352	2.58	86557	4633	421568	2119576	24.49
1986	60-64	0.01640	0.07903	2.69	81925	6474	394666	1698008	20.73
1986	65-69	0.02235	0.10598	2.57	75450	7996	357830	1303343	17.27
1986	70-74	0.03227	0.15016	2.69	67454	10129	313850	945513	14.02
1986	75-79	0.04612	0.20710	2.54	57325	11872	257411	631663	11.02
1986	80-84	0.08528	0.35111	2.49	45453	15959	187132	374252	8.23
1986	85-89	0.12465	0.47061	2.4	29494	13880	111355	187119	6.34
1986	90-94	0.17825	0.60018	2.28	15614	9371	52573	75765	4.85
1986	95-99	0.24785	0.72381	2.13	6243	4519	18231	23192	3.72
1986	100-104	0.33308	0.82564	1.95	1724	1424	4274	4960	2.88
1986	105-109	0.43061	0.89769	1.75	301	270	627	687	2.28
1986	110+	0.51237	1.00000	1.95	31	31	60	60	1.95
1987	0	0.02086	0.02048	0.11	100000	2048	98180	7343516	73.44
1987	1-4	0.00052	0.00206	1.91	97952	202	391386	7245335	73.97
1987	5-9	0.00040	0.00201	3.07	97750	196	488372	6853950	70.12
1987	10-14	0.00013	0.00064	2.99	97554	62	487645	6365577	65.25
1987	15-19	0.00055	0.00274	2.63	97492	267	486824	5877932	60.29
1987	20-24	0.00065	0.00323	1.98	97224	314	485174	5391109	55.45
1987	25-29	0.00105	0.00525	2.57	96911	509	483318	4905935	50.62
1987	30-34	0.00181	0.00903	2.68	96402	870	479987	4422617	45.88
1987	35-39	0.00226	0.01126	2.45	95532	1075	474921	3942629	41.27
1987	40-44	0.00358	0.01773	2.6	94457	1675	468259	3467709	36.71
1987	45-49	0.00601	0.02965	2.63	92782	2751	457394	2999450	32.33
1987	50-54	0.00858	0.04200	2.5	90031	3782	440687	2542056	28.24
1987	55-59	0.01070	0.05208	2.48	86249	4492	419940	2101370	24.36
1987	60-64	0.01719	0.08260	2.63	81757	6753	392782	1681430	20.57
1987	65-69	0.02228	0.10567	2.57	75004	7925	355738	1288648	17.18
1987	70-74	0.03315	0.15320	2.53	67079	10277	309982	932911	13.91
1987	75-79	0.04396	0.19790	2.48	56803	11241	255727	622928	10.97
1987	80-84	0.08519	0.35125	2.5	45561	16004	187854	367201	8.06
1987	85-89	0.12987	0.48559	2.4	29558	14353	110519	179347	6.07
1987	90-94	0.19245	0.63025	2.26	15205	9583	49795	68829	4.53
1987	95-99	0.27487	0.76252	2.08	5622	4287	15596	19034	3.39
1987	100-104	0.37555	0.86295	1.87	1335	1152	3068	3438	2.58
1987	105-109	0.48820	0.92645	1.65	183	170	347	370	2.02
1987	110+	0.58176	1.00000	1.72	13	13	23	23	1.72
1988	0	0.02763	0.02698	0.13	100000	2698	97653	7261927	72.62
1988	1-4	0.00059	0.00235	1.86	97302	229	388718	7164273	73.63
1988	5-9	0.00072	0.00359	2.96	97073	348	484652	6775555	69.80
1988	10-14	0.00032	0.00158	2.13	96724	152	483185	6290903	65.04
1988	15-19	0.00055	0.00272	2.11	96572	263	482100	5807718	60.14
1988	20-24	0.00080	0.00398	2.52	96309	384	480594	5325618	55.30
1988	25-29	0.00138	0.00690	2.77	95925	662	478151	4845024	50.51
1988	30-34	0.00198	0.00987	2.46	95263	941	473923	4366873	45.84
1988	35-39	0.00288	0.01428	2.61	94323	1347	468397	3892950	41.27
1988	40-44	0.00352	0.01744	2.68	92975	1622	461109	3424554	36.83
1988	45-49	0.00628	0.03101	2.91	91353	2833	450841	2963445	32.44
1988	50-54	0.00827	0.04057	2.62	88521	3592	434045	2512604	28.38
1988	55-59	0.00935	0.04569	2.5	84929	3880	414948	2078559	24.47
1988	60-64	0.01627	0.07835	2.65	81049	6350	390305	1663611	20.53
1988	65-69	0.02404	0.11374	2.64	74698	8496	353468	1273306	17.05
1988	70-74	0.03275	0.15146	2.53	66202	10027	306201	919839	13.89
1988	75-79	0.04701	0.21170	2.66	56175	11893	252999	613637	10.92
1988	80-84	0.08417	0.34776	2.5	44283	15400	182968	360638	8.14
1988	85-89	0.12771	0.47966	2.41	28883	13854	108477	177670	6.15
1988	90-94	0.18859	0.62244	2.27	15029	9355	49603	69193	4.60
1988	95-99	0.26880	0.75440	2.09	5674	4281	15925	19590	3.45
1988	100-104	0.36705	0.85623	1.88	1394	1193	3251	3665	2.63
1988	105-109	0.47764	0.92189	1.67	200	185	387	414	2.07
1988	110+	0.56978	1.00000	1.76	16	16	27	27	1.76
1989	0	0.03085	0.03005	0.14	100000	3005	97414	7300269	73.00
1989	1-4	0.00079	0.00315	0.84	96995	305	387013	7202856	74.26
1989	5-9	0.00034	0.00169	3.74	96689	164	483240	6815842	70.49
1989	10-14	0.00014	0.00068	3	96526	66	482497	6332603	65.61
1989	15-19	0.00035	0.00173	2.62	96460	166	481902	5850106	60.65
1989	20-24	0.00074	0.00367	2.92	96293	353	480730	5368204	55.75
1989	25-29	0.00101	0.00505	2.9	95940	484	478683	4887473	50.94
1989	30-34	0.00211	0.01052	2.73	95456	1004	474998	4408790	46.19
1989	35-39	0.00286	0.01421	2.39	94451	1342	468757	3933792	41.65
1989	40-44	0.00349	0.01729	2.69	93109	1610	461826	3465034	37.21
1989	45-49	0.00511	0.02522	2.51	91499	2308	451760	3003208	32.82
1989	50-54	0.00848	0.04161	2.83	89191	3711	437894	2551448	28.61
1989	55-59	0.01029	0.05017	2.57	85480	4289	416982	2113554	24.73
1989	60-64	0.01435	0.06932	2.57	81191	5628	392289	1696572	20.90
1989	65-69	0.02394	0.11310	2.57	75563	8546	357052	1304283	17.26
1989	70-74	0.02863	0.13368	2.52	67017	8959	312882	947231	14.13
1989	75-79	0.04589	0.20615	2.54	58058	11968	260823	634349	10.93
1989	80-84	0.08626	0.35454	2.49	46089	16340	189429	373526	8.10
1989	85-89	0.12799	0.48003	2.4	29749	14281	111571	184097	6.19
1989	90-94	0.18535	0.61532	2.27	15468	9518	51350	72527	4.69
1989	95-99	0.26013	0.74193	2.11	5950	4415	16971	21176	3.56
1989	100-104	0.35150	0.84276	1.91	1536	1294	3682	4205	2.74
1989	105-109	0.45503	0.91095	1.71	241	220	483	523	2.17
1989	110+	0.54159	1.00000	1.85	22	22	40	40	1.85
1990	0	0.02543	0.02488	0.12	100000	2488	97821	7332925	73.33
1990	1-4	0.00065	0.00261	0.93	97512	255	389267	7235103	74.20
1990	5-9	0.00020	0.00101	2.57	97258	99	486050	6845836	70.39
1990	10-14	0.00036	0.00180	3.15	97159	175	485473	6359786	65.46
1990	15-19	0.00044	0.00220	2.81	96984	213	484454	5874313	60.57
1990	20-24	0.00062	0.00307	2.2	96771	298	483020	5389859	55.70
1990	25-29	0.00121	0.00605	2.5	96473	584	480909	4906839	50.86
1990	30-34	0.00241	0.01199	2.66	95889	1150	476754	4425930	46.16
1990	35-39	0.00348	0.01724	2.64	94740	1634	469849	3949176	41.68
1990	40-44	0.00278	0.01382	2.67	93106	1287	462533	3479327	37.37
1990	45-49	0.00620	0.03062	2.92	91819	2812	453241	3016794	32.86
1990	50-54	0.00919	0.04494	2.53	89007	4000	435138	2563553	28.80
1990	55-59	0.01110	0.05410	2.67	85007	4599	414304	2128416	25.04
1990	60-64	0.01493	0.07205	2.58	80409	5793	388010	1714112	21.32
1990	65-69	0.02090	0.09930	2.5	74616	7409	354562	1326102	17.77
1990	70-74	0.03057	0.14226	2.56	67206	9560	312750	971540	14.46
1990	75-79	0.04027	0.18336	2.56	57646	10570	262449	658790	11.43
1990	80-84	0.07723	0.32442	2.54	47076	15273	197755	396341	8.42
1990	85-89	0.12255	0.46616	2.43	31804	14825	120974	198585	6.24
1990	90-94	0.18830	0.62297	2.28	16978	10577	56170	77612	4.57
1990	95-99	0.27716	0.76661	2.09	6401	4907	17705	21442	3.35
1990	100-104	0.38715	0.87245	1.85	1494	1303	3367	3736	2.50
1990	105-109	0.51000	0.93553	1.62	191	178	350	370	1.94
1990	110+	0.61154	1.00000	1.64	12	12	20	20	1.64
1991	0	0.02725	0.02662	0.13	100000	2662	97682	7357211	73.57
1991	1-4	0.00135	0.00540	1.68	97338	525	388132	7259528	74.58
1991	5-9	0.00019	0.00097	2.56	96813	94	483834	6871396	70.98
1991	10-14	0.00022	0.00108	2.9	96719	104	483376	6387562	66.04
1991	15-19	0.00063	0.00314	3.08	96615	303	482491	5904185	61.11
1991	20-24	0.00090	0.00447	2.95	96312	431	480674	5421694	56.29
1991	25-29	0.00142	0.00707	2.67	95881	678	477823	4941020	51.53
1991	30-34	0.00220	0.01092	2.51	95203	1040	473426	4463198	46.88
1991	35-39	0.00298	0.01478	2.51	94163	1392	467348	3989772	42.37
1991	40-44	0.00349	0.01732	2.57	92771	1607	459955	3522424	37.97
1991	45-49	0.00471	0.02330	2.58	91164	2124	450687	3062469	33.59
1991	50-54	0.00812	0.03986	2.74	89039	3549	437160	2611782	29.33
1991	55-59	0.01021	0.04986	2.64	85491	4263	417414	2174622	25.44
1991	60-64	0.01709	0.08189	2.47	81228	6652	389297	1757208	21.63
1991	65-69	0.02073	0.09879	2.62	74576	7367	355312	1367911	18.34
1991	70-74	0.02660	0.12500	2.6	67209	8401	315864	1012599	15.07
1991	75-79	0.03741	0.17122	2.53	58808	10069	269158	696735	11.85
1991	80-84	0.07469	0.31521	2.53	48738	15363	205673	427577	8.77
1991	85-89	0.11419	0.44167	2.44	33376	14741	129096	221904	6.65
1991	90-94	0.17022	0.58386	2.31	18635	10880	63919	92808	4.98
1991	95-99	0.24540	0.72141	2.14	7755	5594	22796	28889	3.73
1991	100-104	0.33950	0.83285	1.94	2160	1799	5300	6093	2.82
1991	105-109	0.44797	0.90798	1.73	361	328	732	794	2.20
1991	110+	0.53935	1.00000	1.85	33	33	62	62	1.85
1992	0	0.02285	0.02239	0.12	100000	2239	98023	7395408	73.95
1992	1-4	0.00079	0.00315	1.64	97761	308	390315	7297385	74.65
1992	5-9	0.00025	0.00123	1.52	97453	120	486847	6907070	70.88
1992	10-14	0.00043	0.00212	3.21	97333	207	486296	6420223	65.96
1992	15-19	0.00054	0.00267	2.98	97126	260	485109	5933928	61.09
1992	20-24	0.00065	0.00326	2.79	96867	316	483634	5448819	56.25
1992	25-29	0.00092	0.00461	2.58	96551	446	481676	4965185	51.43
1992	30-34	0.00214	0.01066	2.55	96105	1025	478011	4483508	46.65
1992	35-39	0.00368	0.01824	2.61	95080	1734	471249	4005497	42.13
1992	40-44	0.00348	0.01727	2.78	93346	1612	463159	3534248	37.86
1992	45-49	0.00485	0.02395	2.63	91734	2197	453456	3071089	33.48
1992	50-54	0.00666	0.03281	2.66	89537	2938	440818	2617633	29.24
1992	55-59	0.01077	0.05264	2.83	86600	4559	423116	2176815	25.14
1992	60-64	0.01671	0.08037	2.62	82041	6594	394522	1753699	21.38
1992	65-69	0.02317	0.10968	2.57	75447	8275	357157	1359177	18.01
1992	70-74	0.02919	0.13670	2.68	67172	9182	314584	1002020	14.92
1992	75-79	0.04051	0.18410	2.53	57990	10676	263559	687436	11.85
1992	80-84	0.06927	0.29621	2.56	47314	14015	202331	423877	8.96
1992	85-89	0.11124	0.43375	2.46	33299	14443	129838	221546	6.65
1992	90-94	0.17322	0.59157	2.32	18856	11155	64395	91707	4.86
1992	95-99	0.25865	0.74208	2.13	7701	5715	22095	27312	3.55
1992	100-104	0.36658	0.85729	1.9	1986	1703	4645	5217	2.63
1992	105-109	0.48965	0.92793	1.65	283	263	537	572	2.02
1992	110+	0.59252	1.00000	1.69	20	20	34	34	1.69
1993	0	0.02207	0.02165	0.11	100000	2165	98083	7407509	74.08
1993	1-4	0.00084	0.00336	1.29	97835	329	390450	7309425	74.71
1993	5-9	0.00037	0.00184	2.11	97506	179	487013	6918975	70.96
1993	10-14	0.00035	0.00173	3.5	97327	168	486384	6431962	66.09
1993	15-19	0.00084	0.00421	3.19	97159	409	485054	5945578	61.19
1993	20-24	0.00081	0.00406	2.65	96750	393	482825	5460524	56.44
1993	25-29	0.00090	0.00449	2.57	96357	432	480733	4977699	51.66
1993	30-34	0.00194	0.00967	2.9	95924	928	477675	4496965	46.88
1993	35-39	0.00308	0.01531	2.9	94997	1455	471925	4019291	42.31
1993	40-44	0.00379	0.01878	2.85	93542	1757	463939	3547366	37.92
1993	45-49	0.00446	0.02203	2.46	91785	2022	453789	3083427	33.59
1993	50-54	0.00798	0.03921	2.77	89763	3519	440969	2629637	29.30
1993	55-59	0.00945	0.04630	2.85	86244	3993	422629	2188668	25.38
1993	60-64	0.01530	0.07372	2.55	82250	6064	396418	1766040	21.47
1993	65-69	0.01984	0.09483	2.67	76187	7225	364066	1369622	17.98
1993	70-74	0.02712	0.12726	2.58	68962	8776	323555	1005556	14.58
1993	75-79	0.04270	0.19310	2.53	60186	11622	272201	682001	11.33
1993	80-84	0.08027	0.33444	2.51	48564	16242	202345	409800	8.44
1993	85-89	0.12088	0.46060	2.42	32322	14888	123162	207455	6.42
1993	90-94	0.17758	0.59948	2.29	17435	10452	58856	84293	4.83
1993	95-99	0.25258	0.73160	2.12	6983	5109	20226	25437	3.64
1993	100-104	0.34531	0.83772	1.93	1874	1570	4547	5211	2.78
1993	105-109	0.45130	0.90937	1.72	304	277	613	664	2.18
1993	110+	0.54025	1.00000	1.85	28	28	51	51	1.85
1994	0	0.02097	0.02059	0.11	100000	2059	98171	7350349	73.50
1994	1-4	0.00091	0.00364	1.2	97941	357	390765	7252177	74.05
1994	5-9	0.00012	0.00059	2.01	97584	58	487748	6861413	70.31
1994	10-14	0.00055	0.00277	2.87	97526	270	487058	6373664	65.35
1994	15-19	0.00078	0.00388	2.72	97256	377	485421	5886606	60.53
1994	20-24	0.00069	0.00344	2.81	96879	333	483664	5401186	55.75
1994	25-29	0.00086	0.00431	3.04	96546	416	481913	4917521	50.93
1994	30-34	0.00207	0.01031	2.41	96130	991	478079	4435608	46.14
1994	35-39	0.00386	0.01913	2.57	95139	1820	471266	3957530	41.60
1994	40-44	0.00443	0.02190	2.53	93319	2044	461542	3486264	37.36
1994	45-49	0.00570	0.02811	2.65	91275	2566	450338	3024722	33.14
1994	50-54	0.00762	0.03738	2.55	88709	3316	435420	2574384	29.02
1994	55-59	0.01177	0.05723	2.62	85393	4887	415318	2138964	25.05
1994	60-64	0.01563	0.07514	2.45	80505	6049	387075	1723646	21.41
1994	65-69	0.02053	0.09796	2.67	74456	7293	355296	1336571	17.95
1994	70-74	0.03167	0.14693	2.55	67162	9868	311623	981275	14.61
1994	75-79	0.03697	0.16865	2.4	57294	9663	261392	669652	11.69
1994	80-84	0.07801	0.32670	2.51	47632	15561	199487	408259	8.57
1994	85-89	0.11817	0.45302	2.43	32071	14529	122945	208772	6.51
1994	90-94	0.17461	0.59325	2.3	17542	10407	59600	85827	4.89
1994	95-99	0.24969	0.72754	2.13	7135	5191	20791	26227	3.68
1994	100-104	0.34296	0.83576	1.93	1944	1625	4738	5437	2.80
1994	105-109	0.44992	0.90880	1.72	319	290	645	699	2.19
1994	110+	0.53983	1.00000	1.85	29	29	54	54	1.85
1995	0	0.02214	0.02172	0.12	100000	2172	98078	7384870	73.85
1995	1-4	0.00092	0.00367	1.66	97828	359	390472	7286792	74.49
1995	5-9	0.00011	0.00057	2.22	97469	55	487192	6896320	70.75
1995	10-14	0.00021	0.00105	2.84	97414	102	486847	6409128	65.79
1995	15-19	0.00055	0.00274	2.2	97311	266	485811	5922281	60.86
1995	20-24	0.00065	0.00324	2.71	97045	314	484506	5436470	56.02
1995	25-29	0.00100	0.00496	2.76	96731	480	482577	4951964	51.19
1995	30-34	0.00206	0.01023	2.92	96251	985	479202	4469388	46.43
1995	35-39	0.00364	0.01807	2.67	95266	1721	472318	3990185	41.88
1995	40-44	0.00417	0.02063	2.51	93544	1929	462922	3517867	37.61
1995	45-49	0.00507	0.02507	2.65	91615	2297	452672	3054945	33.35
1995	50-54	0.00808	0.03962	2.56	89318	3539	437949	2602273	29.13
1995	55-59	0.01067	0.05195	2.5	85779	4456	417771	2164324	25.23
1995	60-64	0.01747	0.08383	2.61	81323	6817	390301	1746554	21.48
1995	65-69	0.01915	0.09181	2.75	74506	6840	357169	1356253	18.20
1995	70-74	0.02681	0.12581	2.56	67665	8513	317519	999083	14.77
1995	75-79	0.04187	0.18963	2.52	59152	11217	267888	681565	11.52
1995	80-84	0.07987	0.33275	2.49	47935	15950	199705	413676	8.63
1995	85-89	0.11622	0.44680	2.41	31985	14291	122964	213972	6.69
1995	90-94	0.16579	0.57289	2.3	17694	10137	61143	91008	5.14
1995	95-99	0.23051	0.69676	2.16	7557	5266	22843	29865	3.95
1995	100-104	0.31059	0.80276	1.99	2292	1840	5923	7022	3.06
1995	105-109	0.40357	0.88111	1.8	452	398	987	1098	2.43
1995	110+	0.48183	1.00000	2.08	54	54	112	112	2.08
1996	0	0.01705	0.01680	0.1	100000	1680	98490	7425709	74.26
1996	1-4	0.00066	0.00265	1.33	98320	260	392586	7327219	74.52
1996	5-9	0.00052	0.00262	3.31	98060	257	489866	6934633	70.72
1996	10-14	0.00029	0.00143	3.52	97803	140	488808	6444767	65.90
1996	15-19	0.00107	0.00534	2.16	97663	522	486834	5955959	60.98
1996	20-24	0.00119	0.00591	2.14	97142	574	484065	5469125	56.30
1996	25-29	0.00075	0.00377	3.04	96568	364	482126	4985060	51.62
1996	30-34	0.00217	0.01079	3.1	96204	1038	479044	4502934	46.81
1996	35-39	0.00354	0.01756	2.47	95166	1671	471610	4023890	42.28
1996	40-44	0.00434	0.02149	2.62	93495	2009	462689	3552281	37.99
1996	45-49	0.00571	0.02817	2.54	91486	2577	451092	3089591	33.77
1996	50-54	0.00792	0.03886	2.53	88909	3455	436024	2638499	29.68
1996	55-59	0.00988	0.04834	2.75	85454	4131	417993	2202476	25.77
1996	60-64	0.01416	0.06842	2.54	81323	5564	392927	1784482	21.94
1996	65-69	0.01880	0.08973	2.47	75759	6798	361623	1391556	18.37
1996	70-74	0.02755	0.12959	2.71	68961	8936	324317	1029932	14.93
1996	75-79	0.03864	0.17682	2.6	60025	10614	274659	705615	11.76
1996	80-84	0.07497	0.31624	2.53	49411	15626	208418	430956	8.72
1996	85-89	0.11533	0.44509	2.44	33785	15038	130384	222538	6.59
1996	90-94	0.17282	0.58972	2.31	18748	11056	63972	92155	4.92
1996	95-99	0.25011	0.72859	2.14	7692	5604	22407	28183	3.66
1996	100-104	0.34673	0.83953	1.93	2088	1753	5055	5776	2.77
1996	105-109	0.45763	0.91293	1.71	335	306	668	721	2.15
1996	110+	0.55089	1.00000	1.82	29	29	53	53	1.82
1997	0	0.01376	0.01359	0.09	100000	1359	98766	7515858	75.16
1997	1-4	0.00078	0.00310	1.49	98641	306	393797	7417092	75.19
1997	5-9	0.00034	0.00168	2.92	98336	165	491334	7023295	71.42
1997	10-14	0.00022	0.00109	2.87	98170	107	490624	6531960	66.54
1997	15-19	0.00027	0.00134	3.28	98063	132	490091	6041337	61.61
1997	20-24	0.00071	0.00357	2.65	97932	349	488839	5551245	56.68
1997	25-29	0.00094	0.00470	2.43	97582	459	486733	5062406	51.88
1997	30-34	0.00141	0.00704	2.84	97123	683	484141	4575673	47.11
1997	35-39	0.00248	0.01233	2.76	96440	1189	479538	4091532	42.43
1997	40-44	0.00475	0.02347	2.58	95251	2236	470842	3611994	37.92
1997	45-49	0.00500	0.02471	2.66	93015	2298	459697	3141152	33.77
1997	50-54	0.00670	0.03296	2.56	90717	2990	446303	2681455	29.56
1997	55-59	0.00682	0.03345	2.25	87727	2934	430551	2235152	25.48
1997	60-64	0.01789	0.08592	2.7	84793	7286	407203	1804601	21.28
1997	65-69	0.02187	0.10368	2.5	77507	8036	367425	1397398	18.03
1997	70-74	0.02798	0.13139	2.69	69471	9128	326226	1029974	14.83
1997	75-79	0.04090	0.18540	2.48	60343	11188	273551	703747	11.66
1997	80-84	0.07543	0.31774	2.52	49155	15619	207053	430196	8.75
1997	85-89	0.11449	0.44245	2.43	33537	14838	129601	223143	6.65
1997	90-94	0.16959	0.58231	2.31	18698	10888	64204	93543	5.00
1997	95-99	0.24324	0.71793	2.15	7810	5607	23052	29338	3.76
1997	100-104	0.33527	0.82873	1.95	2203	1826	5445	6286	2.85
1997	105-109	0.44152	0.90447	1.74	377	341	773	841	2.23
1997	110+	0.53107	1.00000	1.88	36	36	68	68	1.88
1998	0	0.01345	0.01329	0.09	100000	1329	98791	7518394	75.18
1998	1-4	0.00110	0.00439	1.9	98671	434	393772	7419603	75.20
1998	5-9	0.00034	0.00168	2.56	98237	165	490784	7025830	71.52
1998	10-14	0.00000	0.00000	2.5	98072	0	490362	6535046	66.63
1998	15-19	0.00040	0.00197	1.57	98072	194	489699	6044684	61.63
1998	20-24	0.00028	0.00142	2.72	97879	139	489077	5554985	56.75
1998	25-29	0.00100	0.00499	2.44	97740	487	487449	5065908	51.83
1998	30-34	0.00157	0.00783	2.73	97252	762	484533	4578459	47.08
1998	35-39	0.00233	0.01157	2.83	96491	1117	480033	4093925	42.43
1998	40-44	0.00462	0.02280	2.29	95374	2174	470976	3613892	37.89
1998	45-49	0.00437	0.02166	2.75	93200	2019	461467	3142916	33.72
1998	50-54	0.00688	0.03386	2.63	91181	3087	448578	2681449	29.41
1998	55-59	0.00921	0.04503	2.58	88094	3967	430879	2232871	25.35
1998	60-64	0.01490	0.07204	2.69	84127	6060	406606	1801992	21.42
1998	65-69	0.02072	0.09844	2.46	78067	7685	370849	1395385	17.87
1998	70-74	0.03009	0.14042	2.63	70382	9883	328440	1024536	14.56
1998	75-79	0.04286	0.19371	2.52	60499	11719	273431	696097	11.51
1998	80-84	0.07388	0.31264	2.54	48780	15251	206418	422666	8.66
1998	85-89	0.11710	0.45065	2.44	33529	15110	129036	216248	6.45
1998	90-94	0.18000	0.60580	2.3	18419	11158	61991	87212	4.73
1998	95-99	0.26554	0.75125	2.11	7261	5455	20542	25221	3.47
1998	100-104	0.37242	0.86153	1.88	1806	1556	4178	4679	2.59
1998	105-109	0.49333	0.92919	1.65	250	232	471	501	2.00
1998	110+	0.59404	1.00000	1.68	18	18	30	30	1.68
1999	0	0.01688	0.01663	0.1	100000	1663	98504	7566211	75.66
1999	1-4	0.00060	0.00242	2.2	98337	238	392922	7467707	75.94
1999	5-9	0.00005	0.00027	1.5	98100	27	490404	7074785	72.12
1999	10-14	0.00007	0.00036	3.5	98073	35	490311	6584381	67.14
1999	15-19	0.00076	0.00378	2.02	98038	370	489086	6094070	62.16
1999	20-24	0.00053	0.00264	3.19	97667	258	487871	5604984	57.39
1999	25-29	0.00051	0.00252	2.87	97410	246	486524	5117113	52.53
1999	30-34	0.00125	0.00621	2.59	97164	604	484367	4630589	47.66
1999	35-39	0.00198	0.00987	2.84	96560	953	480746	4146222	42.94
1999	40-44	0.00438	0.02165	2.59	95607	2070	473043	3665477	38.34
1999	45-49	0.00509	0.02518	2.81	93537	2355	462523	3192434	34.13
1999	50-54	0.00695	0.03416	2.55	91183	3114	448272	2729911	29.94
1999	55-59	0.00866	0.04249	2.77	88068	3742	432001	2281639	25.91
1999	60-64	0.01195	0.05808	2.58	84326	4898	409779	1849638	21.93
1999	65-69	0.01845	0.08823	2.52	79428	7008	379793	1439859	18.13
1999	70-74	0.02707	0.12739	2.69	72420	9225	340821	1060066	14.64
1999	75-79	0.04347	0.19754	2.69	63195	12483	287159	719245	11.38
1999	80-84	0.07489	0.31636	2.55	50711	16043	214210	432086	8.52
1999	85-89	0.12062	0.46095	2.44	34668	15981	132489	217876	6.28
1999	90-94	0.18778	0.62228	2.29	18688	11629	61929	85387	4.57
1999	95-99	0.27934	0.76980	2.08	7059	5434	19452	23458	3.32
1999	100-104	0.39307	0.87695	1.84	1625	1425	3625	4006	2.47
1999	105-109	0.51979	0.93921	1.6	200	188	361	381	1.90
1999	110+	0.62414	1.00000	1.6	12	12	19	19	1.60
2000	0	0.01039	0.01029	0.08	100000	1029	99055	7593177	75.93
2000	1-4	0.00063	0.00253	1.48	98971	251	395251	7494121	75.72
2000	5-9	0.00022	0.00112	3.23	98720	110	493406	7098871	71.91
2000	10-14	0.00007	0.00035	2.5	98610	34	492964	6605465	66.99
2000	15-19	0.00024	0.00120	3.2	98576	118	492665	6112501	62.01
2000	20-24	0.00051	0.00256	2.08	98457	252	491549	5619836	57.08
2000	25-29	0.00089	0.00442	2.78	98205	434	490063	5128287	52.22
2000	30-34	0.00167	0.00832	2.96	97771	814	487194	4638223	47.44
2000	35-39	0.00251	0.01248	3.21	96957	1210	482620	4151029	42.81
2000	40-44	0.00427	0.02114	2.59	95747	2024	473857	3668409	38.31
2000	45-49	0.00506	0.02495	2.19	93723	2338	462047	3194552	34.09
2000	50-54	0.00619	0.03053	2.67	91385	2790	450412	2732505	29.90
2000	55-59	0.00911	0.04464	2.82	88595	3955	434345	2282093	25.76
2000	60-64	0.01289	0.06256	2.66	84640	5295	410794	1847748	21.83
2000	65-69	0.01924	0.09192	2.57	79345	7293	378990	1436954	18.11
2000	70-74	0.02946	0.13743	2.57	72051	9902	336160	1057964	14.68
2000	75-79	0.03845	0.17563	2.54	62150	10915	283866	721804	11.61
2000	80-84	0.07200	0.30643	2.57	51235	15700	218048	437938	8.55
2000	85-89	0.12104	0.46284	2.46	35535	16447	135884	219891	6.19
2000	90-94	0.19534	0.63843	2.29	19088	12186	62384	84007	4.40
2000	95-99	0.29829	0.79383	2.05	6902	5479	18367	21623	3.13
2000	100-104	0.42582	0.89850	1.78	1423	1278	3002	3256	2.29
2000	105-109	0.56451	0.95326	1.53	144	138	244	254	1.76
2000	110+	0.67586	1.00000	1.48	7	7	10	10	1.48
2001	0	0.00825	0.00819	0.08	100000	819	99243	7649009	76.49
2001	1-4	0.00047	0.00189	1.34	99181	188	396224	7549766	76.12
2001	5-9	0.00017	0.00087	3.5	98993	86	494836	7153541	72.26
2001	10-14	0.00019	0.00097	2.55	98907	96	494300	6658706	67.32
2001	15-19	0.00010	0.00050	3.13	98811	50	493963	6164406	62.39
2001	20-24	0.00054	0.00268	2.76	98762	264	493215	5670442	57.42
2001	25-29	0.00069	0.00344	2.6	98497	339	491671	5177228	52.56
2001	30-34	0.00129	0.00642	2.68	98158	630	489327	4685557	47.73
2001	35-39	0.00255	0.01268	2.45	97528	1236	484488	4196229	43.03
2001	40-44	0.00468	0.02315	2.62	96292	2229	476163	3711741	38.55
2001	45-49	0.00575	0.02838	2.58	94063	2669	463861	3235578	34.40
2001	50-54	0.00585	0.02885	2.56	91394	2637	450527	2771717	30.33
2001	55-59	0.00846	0.04160	2.98	88757	3692	436311	2321191	26.15
2001	60-64	0.01282	0.06235	2.79	85065	5304	413580	1884880	22.16
2001	65-69	0.01844	0.08860	2.79	79761	7067	383182	1471300	18.45
2001	70-74	0.02379	0.11228	2.5	72693	8162	343100	1088118	14.97
2001	75-79	0.04110	0.18584	2.43	64532	11992	291810	745018	11.54
2001	80-84	0.07248	0.30792	2.56	52539	16178	223207	453208	8.63
2001	85-89	0.11863	0.45555	2.45	36361	16564	139633	230001	6.33
2001	90-94	0.18734	0.62178	2.3	19797	12310	65707	90368	4.56
2001	95-99	0.28188	0.77345	2.08	7488	5791	20545	24661	3.29
2001	100-104	0.39973	0.88182	1.83	1696	1496	3742	4116	2.43
2001	105-109	0.53060	0.94303	1.58	200	189	356	374	1.87
2001	110+	0.63786	1.00000	1.57	11	11	18	18	1.57
2002	0	0.01074	0.01064	0.08	100000	1064	99025	7663723	76.64
2002	1-4	0.00017	0.00068	2.99	98936	67	395678	7564698	76.46
2002	5-9	0.00019	0.00093	3.1	98869	92	494170	7169020	72.51
2002	10-14	0.00026	0.00132	3.79	98777	131	493726	6674850	67.58
2002	15-19	0.00047	0.00234	1.21	98646	231	492357	6181123	62.66
2002	20-24	0.00055	0.00277	2.02	98415	272	491266	5688766	57.80
2002	25-29	0.00079	0.00394	2.2	98143	387	489632	5197500	52.96
2002	30-34	0.00107	0.00535	2.85	97756	523	487657	4707868	48.16
2002	35-39	0.00159	0.00793	2.44	97233	771	484195	4220211	43.40
2002	40-44	0.00409	0.02027	2.66	96463	1955	477731	3736016	38.73
2002	45-49	0.00599	0.02949	2.42	94507	2787	465354	3258285	34.48
2002	50-54	0.00685	0.03365	2.43	91720	3086	450675	2792932	30.45
2002	55-59	0.00834	0.04090	2.7	88634	3625	434829	2342257	26.43
2002	60-64	0.01208	0.05890	2.86	85009	5007	414344	1907428	22.44
2002	65-69	0.01743	0.08387	2.75	80001	6710	384916	1493085	18.66
2002	70-74	0.02514	0.11843	2.56	73292	8680	345288	1108169	15.12
2002	75-79	0.03683	0.16917	2.59	64612	10930	296746	762881	11.81
2002	80-84	0.07397	0.31290	2.54	53682	16797	227086	466135	8.68
2002	85-89	0.11660	0.44912	2.44	36885	16566	142078	239049	6.48
2002	90-94	0.17841	0.60231	2.3	20319	12238	68598	96971	4.77
2002	95-99	0.26232	0.74668	2.12	8081	6034	23002	28374	3.51
2002	100-104	0.36723	0.85734	1.89	2047	1755	4779	5372	2.62
2002	105-109	0.48629	0.92624	1.66	292	270	556	593	2.03
2002	110+	0.58571	1.00000	1.71	22	22	37	37	1.71
2003	0	0.01020	0.01011	0.08	100000	1011	99072	7702171	77.02
2003	1-4	0.00025	0.00099	1.88	98989	98	395750	7603099	76.81
2003	5-9	0.00020	0.00099	2.43	98891	98	494204	7207350	72.88
2003	10-14	0.00037	0.00183	2.54	98793	181	493521	6713146	67.95
2003	15-19	0.00029	0.00143	2.61	98612	141	492724	6219625	63.07
2003	20-24	0.00079	0.00394	2.84	98471	388	491521	5726900	58.16
2003	25-29	0.00069	0.00342	2.87	98084	335	489705	5235380	53.38
2003	30-34	0.00105	0.00525	3.12	97748	513	487776	4745674	48.55
2003	35-39	0.00233	0.01160	2.48	97235	1128	483330	4257898	43.79
2003	40-44	0.00446	0.02208	2.86	96108	2122	476006	3774569	39.27
2003	45-49	0.00516	0.02547	2.65	93985	2393	464294	3298562	35.10
2003	50-54	0.00684	0.03365	2.64	91592	3082	450695	2834268	30.94
2003	55-59	0.00905	0.04426	2.51	88510	3918	432801	2383574	26.93
2003	60-64	0.01177	0.05731	2.75	84592	4848	412039	1950772	23.06
2003	65-69	0.01650	0.07945	2.66	79744	6335	383909	1538734	19.30
2003	70-74	0.02317	0.10990	2.67	73409	8068	348213	1154824	15.73
2003	75-79	0.03401	0.15678	2.51	65341	10244	301235	806612	12.34
2003	80-84	0.06219	0.27063	2.6	55097	14911	239771	505377	9.17
2003	85-89	0.10810	0.42547	2.5	40186	17098	158171	265606	6.61
2003	90-94	0.18026	0.60854	2.33	23088	14050	77944	107435	4.65
2003	95-99	0.28354	0.77721	2.09	9038	7025	24774	29491	3.26
2003	100-104	0.41479	0.89273	1.81	2014	1798	4334	4716	2.34
2003	105-109	0.55978	0.95240	1.54	216	206	368	383	1.77
2003	110+	0.67668	1.00000	1.48	10	10	15	15	1.48
2004	0	0.01364	0.01348	0.09	100000	1348	98775	7697890	76.98
2004	1-4	0.00025	0.00099	1.57	98652	97	394374	7599115	77.03
2004	5-9	0.00014	0.00072	1.94	98555	71	492559	7204741	73.10
2004	10-14	0.00056	0.00279	3.51	98484	275	492011	6712182	68.16
2004	15-19	0.00034	0.00170	1.86	98209	167	490523	6220172	63.34
2004	20-24	0.00036	0.00178	3.27	98042	175	489909	5729649	58.44
2004	25-29	0.00089	0.00445	2.94	97868	435	488440	5239740	53.54
2004	30-34	0.00129	0.00645	3.09	97432	628	485959	4751300	48.77
2004	35-39	0.00186	0.00927	2.35	96804	897	481640	4265342	44.06
2004	40-44	0.00402	0.01990	2.38	95907	1908	474537	3783701	39.45
2004	45-49	0.00518	0.02559	2.55	93999	2405	464107	3309165	35.20
2004	50-54	0.00660	0.03248	2.53	91593	2975	450612	2845057	31.06
2004	55-59	0.00848	0.04155	2.57	88618	3682	434130	2394445	27.02
2004	60-64	0.00988	0.04829	2.7	84936	4102	415250	1960316	23.08
2004	65-69	0.01577	0.07582	2.46	80834	6129	388580	1545066	19.11
2004	70-74	0.02468	0.11655	2.62	74705	8707	352829	1156486	15.48
2004	75-79	0.03685	0.16948	2.64	65998	11185	303545	803657	12.18
2004	80-84	0.06774	0.29058	2.56	54813	15927	235143	500113	9.12
2004	85-89	0.10789	0.42362	2.47	38885	16472	152682	264970	6.81
2004	90-94	0.16695	0.57751	2.33	22413	12944	77528	112287	5.01
2004	95-99	0.24841	0.72704	2.15	9469	6885	27714	34759	3.67
2004	100-104	0.35190	0.84495	1.92	2585	2184	6206	7045	2.73
2004	105-109	0.47120	0.91992	1.69	401	369	782	839	2.09
2004	110+	0.57160	1.00000	1.75	32	32	56	56	1.75
2005	0	0.01333	0.01317	0.09	100000	1317	98802	7716693	77.17
2005	1-4	0.00041	0.00163	1.95	98683	161	394401	7617891	77.20
2005	5-9	0.00000	0.00000	2.5	98522	0	492609	7223491	73.32
2005	10-14	0.00006	0.00032	2.5	98522	31	492531	6730881	68.32
2005	15-19	0.00027	0.00137	3.07	98491	135	492194	6238350	63.34
2005	20-24	0.00037	0.00187	2.82	98356	184	491380	5746156	58.42
2005	25-29	0.00073	0.00364	2.68	98172	357	490035	5254777	53.53
2005	30-34	0.00124	0.00619	3.03	97815	605	487884	4764741	48.71
2005	35-39	0.00204	0.01014	3.04	97210	986	484121	4276857	44.00
2005	40-44	0.00326	0.01616	2.45	96224	1555	477165	3792736	39.42
2005	45-49	0.00612	0.03017	2.78	94670	2856	467003	3315571	35.02
2005	50-54	0.00695	0.03411	2.39	91814	3132	450884	2848568	31.03
2005	55-59	0.00784	0.03839	2.4	88682	3405	434553	2397685	27.04
2005	60-64	0.01109	0.05402	2.65	85277	4607	415558	1963132	23.02
2005	65-69	0.01624	0.07826	2.68	80671	6313	388695	1547574	19.18
2005	70-74	0.02332	0.11033	2.56	74357	8204	351766	1158879	15.59
2005	75-79	0.03651	0.16790	2.61	66154	11107	304226	807114	12.20
2005	80-84	0.06490	0.28048	2.58	55047	15440	237896	502888	9.14
2005	85-89	0.10826	0.42539	2.48	39607	16848	155625	264992	6.69
2005	90-94	0.17432	0.59485	2.33	22759	13538	77660	109367	4.81
2005	95-99	0.26729	0.75505	2.12	9221	6962	26047	31707	3.44
2005	100-104	0.38556	0.87252	1.86	2259	1971	5111	5660	2.51
2005	105-109	0.51910	0.93949	1.6	288	270	521	549	1.91
2005	110+	0.62947	1.00000	1.59	17	17	28	28	1.59
2006	0	0.01149	0.01137	0.09	100000	1137	98960	7730053	77.30
2006	1-4	0.00033	0.00132	1.54	98863	131	395132	7631093	77.19
2006	5-9	0.00000	0.00000	2.5	98732	0	493662	7235961	73.29
2006	10-14	0.00013	0.00066	2.96	98732	66	493529	6742299	68.29
2006	15-19	0.00033	0.00166	2.48	98667	164	492921	6248770	63.33
2006	20-24	0.00033	0.00163	3.03	98503	160	492199	5755849	58.43
2006	25-29	0.00077	0.00384	2.69	98343	377	490840	5263651	53.52
2006	30-34	0.00096	0.00479	2.78	97965	470	488785	4772810	48.72
2006	35-39	0.00234	0.01166	2.98	97496	1137	485183	4284026	43.94
2006	40-44	0.00438	0.02170	2.66	96358	2091	476890	3798843	39.42
2006	45-49	0.00583	0.02872	2.46	94268	2707	464461	3321953	35.24
2006	50-54	0.00661	0.03256	2.75	91561	2981	451103	2857492	31.21
2006	55-59	0.00723	0.03549	2.5	88579	3143	435030	2406389	27.17
2006	60-64	0.01171	0.05691	2.57	85436	4862	415378	1971359	23.07
2006	65-69	0.01771	0.08496	2.61	80574	6846	386478	1555981	19.31
2006	70-74	0.02373	0.11229	2.61	73728	8279	348842	1169503	15.86
2006	75-79	0.03244	0.15015	2.53	65449	9827	302962	820661	12.54
2006	80-84	0.06526	0.28154	2.56	55622	15660	239954	517699	9.31
2006	85-89	0.10450	0.41342	2.47	39962	16521	158092	277746	6.95
2006	90-94	0.16262	0.56776	2.34	23441	13309	81841	119654	5.10
2006	95-99	0.24331	0.71952	2.16	10132	7290	29962	37813	3.73
2006	100-104	0.34652	0.84040	1.94	2842	2388	6892	7851	2.76
2006	105-109	0.46621	0.91774	1.7	454	416	893	959	2.11
2006	110+	0.56723	1.00000	1.76	37	37	66	66	1.76
2007	0	0.01678	0.01653	0.1	100000	1653	98512	7734709	77.35
2007	1-4	0.00035	0.00141	2.78	98347	138	393220	7636196	77.65
2007	5-9	0.00064	0.00321	2.34	98209	315	490205	7242976	73.75
2007	10-14	0.00007	0.00035	2.5	97894	35	489382	6752771	68.98
2007	15-19	0.00044	0.00222	2.46	97859	217	488745	6263389	64.00
2007	20-24	0.00035	0.00173	2.87	97642	169	487851	5774644	59.14
2007	25-29	0.00042	0.00212	3.29	97473	206	487012	5286793	54.24
2007	30-34	0.00099	0.00494	2.79	97267	480	485274	4799780	49.35
2007	35-39	0.00143	0.00712	3.04	96787	689	482580	4314506	44.58
2007	40-44	0.00342	0.01697	2.62	96097	1631	476599	3831926	39.88
2007	45-49	0.00453	0.02240	2.41	94466	2116	466850	3355327	35.52
2007	50-54	0.00719	0.03536	2.75	92350	3265	454401	2888477	31.28
2007	55-59	0.00849	0.04159	2.58	89085	3705	436454	2434076	27.32
2007	60-64	0.00995	0.04869	2.78	85380	4157	417688	1997623	23.40
2007	65-69	0.01807	0.08664	2.61	81223	7037	389325	1579935	19.45
2007	70-74	0.02225	0.10603	2.78	74186	7866	353497	1190609	16.05
2007	75-79	0.03325	0.15433	2.68	66320	10235	307815	837112	12.62
2007	80-84	0.05996	0.26211	2.6	56085	14700	245182	529298	9.44
2007	85-89	0.10274	0.40887	2.5	41384	16921	164699	284115	6.87
2007	90-94	0.16958	0.58501	2.35	24463	14311	84393	119416	4.88
2007	95-99	0.26553	0.75342	2.13	10152	7649	28805	35023	3.45
2007	100-104	0.38902	0.87561	1.86	2503	2192	5634	6217	2.48
2007	105-109	0.52869	0.94305	1.59	311	294	555	583	1.87
2007	110+	0.64369	1.00000	1.55	18	18	28	28	1.55
2008	0	0.01272	0.01257	0.09	100000	1257	98854	7792118	77.92
2008	1-4	0.00055	0.00220	1.58	98743	217	394446	7693263	77.91
2008	5-9	0.00039	0.00196	1.48	98526	193	491948	7298817	74.08
2008	10-14	0.00022	0.00111	2.77	98332	109	491419	6806869	69.22
2008	15-19	0.00045	0.00224	1.99	98223	220	490456	6315450	64.30
2008	20-24	0.00042	0.00209	3.14	98004	205	489638	5824994	59.44
2008	25-29	0.00050	0.00248	3.2	97799	243	488559	5335356	54.55
2008	30-34	0.00091	0.00453	3.06	97556	442	486924	4846797	49.68
2008	35-39	0.00179	0.00894	2.7	97114	868	483572	4359873	44.89
2008	40-44	0.00352	0.01746	2.59	96247	1680	477182	3876301	40.27
2008	45-49	0.00531	0.02622	2.69	94566	2479	467095	3399119	35.94
2008	50-54	0.00616	0.03030	2.47	92087	2790	453361	2932024	31.84
2008	55-59	0.00774	0.03792	2.41	89296	3386	437700	2478662	27.76
2008	60-64	0.01047	0.05110	2.64	85910	4390	419186	2040962	23.76
2008	65-69	0.01476	0.07137	2.7	81520	5818	394223	1621776	19.89
2008	70-74	0.02163	0.10243	2.42	75702	7754	358512	1227553	16.22
2008	75-79	0.03329	0.15389	2.54	67948	10456	314064	869041	12.79
2008	80-84	0.05735	0.25220	2.61	57491	14499	252803	554977	9.65
2008	85-89	0.09881	0.39666	2.52	42992	17053	172583	302175	7.03
2008	90-94	0.16409	0.57272	2.36	25939	14856	90533	129592	5.00
2008	95-99	0.25860	0.74397	2.15	11083	8245	31885	39059	3.52
2008	100-104	0.38133	0.87024	1.88	2838	2469	6476	7175	2.53
2008	105-109	0.52133	0.94071	1.6	368	346	664	699	1.90
2008	110+	0.63721	1.00000	1.57	22	22	34	34	1.57
2009	0	0.00953	0.00945	0.08	100000	945	99130	7941978	79.42
2009	1-4	0.00025	0.00101	2.52	99055	100	396073	7842848	79.18
2009	5-9	0.00024	0.00118	2.99	98955	117	494542	7446775	75.25
2009	10-14	0.00000	0.00000	2.5	98839	0	494193	6952233	70.34
2009	15-19	0.00014	0.00069	1.49	98839	68	493952	6458040	65.34
2009	20-24	0.00030	0.00151	2.2	98770	149	493433	5964088	60.38
2009	25-29	0.00053	0.00267	2.06	98621	263	492332	5470655	55.47
2009	30-34	0.00062	0.00311	2.51	98358	306	491030	4978323	50.61
2009	35-39	0.00141	0.00700	2.86	98052	687	488791	4487293	45.76
2009	40-44	0.00273	0.01356	2.98	97365	1320	484155	3998502	41.07
2009	45-49	0.00396	0.01963	2.73	96045	1886	475954	3514347	36.59
2009	50-54	0.00727	0.03572	2.63	94160	3364	462833	3038393	32.27
2009	55-59	0.00786	0.03864	2.81	90796	3508	446289	2575560	28.37
2009	60-64	0.00879	0.04305	2.64	87288	3757	427588	2129270	24.39
2009	65-69	0.01528	0.07380	2.7	83530	6164	403447	1701683	20.37
2009	70-74	0.01975	0.09438	2.66	77366	7302	369759	1298236	16.78
2009	75-79	0.03356	0.15500	2.54	70065	10860	323641	928477	13.25
2009	80-84	0.05204	0.23149	2.62	59205	13705	263383	604836	10.22
2009	85-89	0.08935	0.36607	2.53	45499	16656	186413	341452	7.50
2009	90-94	0.14846	0.53541	2.4	28843	15443	104020	155039	5.38
2009	95-99	0.23523	0.70880	2.2	13400	9498	40379	51019	3.81
2009	100-104	0.35039	0.84558	1.94	3902	3300	9417	10640	2.73
2009	105-109	0.48573	0.92746	1.67	603	559	1151	1223	2.03
2009	110+	0.60011	1.00000	1.67	44	44	73	73	1.67
2010	0	0.00908	0.00900	0.08	100000	900	99170	7911065	79.11
2010	1-4	0.00045	0.00179	1.01	99100	177	395871	7811894	78.83
2010	5-9	0.00008	0.00040	1.5	98923	39	494477	7416024	74.97
2010	10-14	0.00039	0.00197	3.28	98884	195	494082	6921547	70.00
2010	15-19	0.00043	0.00216	1.67	98689	213	492733	6427465	65.13
2010	20-24	0.00036	0.00179	2.22	98476	176	491890	5934732	60.27
2010	25-29	0.00043	0.00212	2.31	98300	209	490937	5442842	55.37
2010	30-34	0.00066	0.00330	2.51	98091	323	489651	4951904	50.48
2010	35-39	0.00121	0.00601	2.63	97768	588	487444	4462254	45.64
2010	40-44	0.00230	0.01144	3.01	97180	1112	483687	3974809	40.90
2010	45-49	0.00409	0.02024	2.41	96068	1945	475310	3491123	36.34
2010	50-54	0.00780	0.03828	2.54	94123	3603	461752	3015813	32.04
2010	55-59	0.00903	0.04410	2.42	90520	3992	442314	2554061	28.22
2010	60-64	0.00842	0.04129	2.62	86528	3573	424151	2111747	24.41
2010	65-69	0.01342	0.06487	2.45	82955	5381	401066	1687596	20.34
2010	70-74	0.02479	0.11694	2.59	77574	9072	365962	1286530	16.58
2010	75-79	0.03159	0.14662	2.56	68502	10044	317960	920568	13.44
2010	80-84	0.05130	0.22859	2.62	58458	13363	260475	602608	10.31
2010	85-89	0.08792	0.36131	2.54	45095	16293	185324	342134	7.59
2010	90-94	0.14591	0.52902	2.4	28802	15237	104425	156809	5.44
2010	95-99	0.23116	0.70220	2.21	13565	9525	41207	52384	3.86
2010	100-104	0.34467	0.84052	1.95	4040	3395	9851	11177	2.77
2010	105-109	0.47875	0.92452	1.68	644	596	1244	1326	2.06
2010	110+	0.59247	1.00000	1.69	49	49	82	82	1.69
2011	0	0.00638	0.00635	0.07	100000	635	99410	8003093	80.03
2011	1-4	0.00007	0.00027	0.5	99365	27	397368	7903682	79.54
2011	5-9	0.00000	0.00000	2.5	99339	0	496693	7506315	75.56
2011	10-14	0.00016	0.00081	1.5	99339	81	496411	7009622	70.56
2011	15-19	0.00050	0.00250	2.39	99258	248	495644	6513211	65.62
2011	20-24	0.00023	0.00116	2.65	99010	115	494781	6017567	60.78
2011	25-29	0.00042	0.00212	2.53	98896	210	493960	5522786	55.84
2011	30-34	0.00079	0.00396	2.4	98686	391	492414	5028826	50.96
2011	35-39	0.00122	0.00608	2.42	98295	598	489934	4536411	46.15
2011	40-44	0.00203	0.01012	2.65	97697	988	486166	4046477	41.42
2011	45-49	0.00395	0.01957	2.89	96709	1892	479551	3560311	36.81
2011	50-54	0.00717	0.03526	2.76	94817	3343	466585	3080761	32.49
2011	55-59	0.00866	0.04238	2.46	91473	3876	447511	2614176	28.58
2011	60-64	0.00981	0.04794	2.68	87597	4200	428248	2166665	24.73
2011	65-69	0.01334	0.06461	2.59	83397	5388	404001	1738417	20.84
2011	70-74	0.01718	0.08223	2.39	78009	6415	373321	1334416	17.11
2011	75-79	0.03433	0.15806	2.5	71594	11316	329635	961096	13.42
2011	80-84	0.04846	0.21739	2.64	60278	13104	270411	631461	10.48
2011	85-89	0.08531	0.35283	2.55	47175	16645	195118	361050	7.65
2011	90-94	0.14507	0.52741	2.41	30530	16102	110993	165931	5.44
2011	95-99	0.23445	0.70822	2.21	14428	10218	43585	54938	3.81
2011	100-104	0.35440	0.84964	1.94	4210	3577	10093	11353	2.70
2011	105-109	0.49563	0.93180	1.65	633	590	1190	1260	1.99
2011	110+	0.61469	1.00000	1.63	43	43	70	70	1.63
2012	0	0.00584	0.00580	0.07	100000	580	99460	8018215	80.18
2012	1-4	0.00039	0.00157	1.23	99420	156	397246	7918755	79.65
2012	5-9	0.00022	0.00109	2.97	99264	108	496098	7521509	75.77
2012	10-14	0.00000	0.00000	2.5	99155	0	495777	7025411	70.85
2012	15-19	0.00034	0.00171	1.46	99155	170	495175	6529634	65.85
2012	20-24	0.00033	0.00163	1.79	98985	161	494409	6034459	60.96
2012	25-29	0.00045	0.00226	2.85	98824	223	493640	5540050	56.06
2012	30-34	0.00060	0.00300	2.14	98601	295	492159	5046410	51.18
2012	35-39	0.00123	0.00611	2.57	98305	601	490063	4554251	46.33
2012	40-44	0.00197	0.00980	2.59	97704	958	486211	4064188	41.60
2012	45-49	0.00401	0.01986	2.42	96747	1922	478782	3577977	36.98
2012	50-54	0.00605	0.02982	2.51	94825	2827	467092	3099194	32.68
2012	55-59	0.00779	0.03827	2.64	91998	3521	451692	2632103	28.61
2012	60-64	0.00961	0.04691	2.5	88477	4150	432017	2180411	24.64
2012	65-69	0.01264	0.06136	2.65	84327	5174	409460	1748394	20.73
2012	70-74	0.01994	0.09492	2.48	79152	7513	376820	1338934	16.92
2012	75-79	0.03133	0.14642	2.77	71639	10490	334800	962113	13.43
2012	80-84	0.05332	0.23639	2.6	61150	14455	271093	627314	10.26
2012	85-89	0.08873	0.36371	2.52	46694	16983	191395	356220	7.63
2012	90-94	0.14348	0.52234	2.4	29711	15519	108164	164826	5.55
2012	95-99	0.22268	0.68733	2.22	14192	9754	43806	56662	3.99
2012	100-104	0.32763	0.82385	1.98	4437	3656	11158	12856	2.90
2012	105-109	0.45269	0.91202	1.73	782	713	1575	1698	2.17
2012	110+	0.55957	1.00000	1.79	69	69	123	123	1.79
2013	0	0.00535	0.00532	0.07	100000	532	99504	8074735	80.75
2013	1-4	0.00013	0.00052	2.2	99468	52	397778	7975231	80.18
2013	5-9	0.00028	0.00141	3.38	99416	140	496853	7577453	76.22
2013	10-14	0.00008	0.00039	2.5	99276	39	496282	7080600	71.32
2013	15-19	0.00008	0.00039	3.5	99237	38	496127	6584318	66.35
2013	20-24	0.00047	0.00234	2.76	99198	232	495471	6088191	61.37
2013	25-29	0.00021	0.00104	2.97	98966	103	494622	5592720	56.51
2013	30-34	0.00042	0.00211	2.82	98863	209	493861	5098098	51.57
2013	35-39	0.00082	0.00409	3.1	98654	403	492505	4604237	46.67
2013	40-44	0.00190	0.00946	2.45	98251	929	488884	4111732	41.85
2013	45-49	0.00279	0.01387	2.8	97322	1350	483643	3622848	37.23
2013	50-54	0.00606	0.02987	2.69	95972	2866	473244	3139205	32.71
2013	55-59	0.00808	0.03964	2.65	93106	3691	456857	2665962	28.63
2013	60-64	0.00999	0.04883	2.68	89414	4366	436932	2209105	24.71
2013	65-69	0.01378	0.06673	2.66	85048	5675	411959	1772173	20.84
2013	70-74	0.02035	0.09708	2.65	79373	7706	378722	1360214	17.14
2013	75-79	0.02896	0.13544	2.62	71667	9707	335220	981491	13.70
2013	80-84	0.04936	0.22093	2.63	61961	13689	277357	646271	10.43
2013	85-89	0.08602	0.35514	2.55	48271	17143	199290	368914	7.64
2013	90-94	0.14498	0.52699	2.41	31128	16404	113151	169624	5.45
2013	95-99	0.23262	0.70501	2.21	14724	10381	44625	56473	3.84
2013	100-104	0.34998	0.84561	1.94	4343	3673	10494	11848	2.73
2013	105-109	0.48844	0.92881	1.66	671	623	1275	1354	2.02
2013	110+	0.60552	1.00000	1.65	48	48	79	79	1.65
2014	0	0.00741	0.00736	0.07	100000	736	99318	8068169	80.68
2014	1-4	0.00018	0.00073	1.88	99264	73	396901	7968851	80.28
2014	5-9	0.00012	0.00060	1.01	99191	60	495717	7571950	76.34
2014	10-14	0.00000	0.00000	2.5	99131	0	495657	7076233	71.38
2014	15-19	0.00025	0.00127	2.42	99131	126	495333	6580576	66.38
2014	20-24	0.00027	0.00136	2.72	99006	134	494721	6085243	61.46
2014	25-29	0.00027	0.00133	2.76	98871	131	494062	5590522	56.54
2014	30-34	0.00043	0.00214	2.78	98740	211	493231	5096460	51.62
2014	35-39	0.00133	0.00663	2.54	98529	653	491037	4603229	46.72
2014	40-44	0.00198	0.00987	2.87	97876	966	487320	4112192	42.01
2014	45-49	0.00371	0.01839	2.72	96909	1782	480490	3624872	37.40
2014	50-54	0.00552	0.02726	2.67	95128	2593	469596	3144382	33.05
2014	55-59	0.00850	0.04164	2.57	92535	3853	453323	2674786	28.91
2014	60-64	0.01062	0.05186	2.79	88682	4599	433266	2221463	25.05
2014	65-69	0.01318	0.06374	2.4	84083	5360	406502	1788197	21.27
2014	70-74	0.01841	0.08818	2.63	78723	6942	377142	1381695	17.55
2014	75-79	0.02475	0.11680	2.6	71781	8384	338776	1004553	13.99
2014	80-84	0.05108	0.22760	2.61	63397	14429	282463	665777	10.50
2014	85-89	0.08513	0.35172	2.53	48968	17223	202307	383313	7.83
2014	90-94	0.13800	0.50831	2.41	31745	16136	116926	181006	5.70
2014	95-99	0.21496	0.67400	2.23	15608	10520	48940	64080	4.11
2014	100-104	0.31776	0.81399	2	5088	4142	13034	15139	2.98
2014	105-109	0.44144	0.90631	1.75	946	858	1943	2105	2.22
2014	110+	0.54768	1.00000	1.83	89	89	162	162	1.83
2015	0	0.00853	0.00847	0.08	100000	847	99218	8099302	80.99
2015	1-4	0.00040	0.00161	1.23	99153	159	396173	8000084	80.68
2015	5-9	0.00012	0.00062	2.71	98994	62	494830	7603911	76.81
2015	10-14	0.00000	0.00000	2.5	98933	0	494663	7109081	71.86
2015	15-19	0.00019	0.00094	1.56	98933	93	494343	6614418	66.86
2015	20-24	0.00015	0.00074	2.2	98840	74	493992	6120075	61.92
2015	25-29	0.00041	0.00206	1.88	98766	204	493196	5626083	56.96
2015	30-34	0.00057	0.00285	2.91	98563	281	492225	5132887	52.08
2015	35-39	0.00100	0.00498	2.63	98281	490	490247	4640662	47.22
2015	40-44	0.00154	0.00768	2.74	97792	751	487259	4150415	42.44
2015	45-49	0.00274	0.01361	2.42	97041	1321	481803	3663156	37.75
2015	50-54	0.00583	0.02879	2.87	95720	2756	472720	3181353	33.24
2015	55-59	0.00843	0.04132	2.62	92964	3841	455682	2708633	29.14
2015	60-64	0.01052	0.05132	2.66	89123	4574	434909	2252951	25.28
2015	65-69	0.01297	0.06277	2.47	84549	5307	409323	1818042	21.50
2015	70-74	0.01840	0.08792	2.49	79242	6967	378730	1408719	17.78
2015	75-79	0.02614	0.12281	2.54	72275	8876	339559	1029989	14.25
2015	80-84	0.04513	0.20396	2.64	63399	12931	286497	690430	10.89
2015	85-89	0.07935	0.33248	2.56	50468	16780	211455	403933	8.00
2015	90-94	0.13511	0.50167	2.43	33689	16901	125083	192478	5.71
2015	95-99	0.21933	0.68302	2.24	16788	11467	52280	67394	4.01
2015	100-104	0.33409	0.83149	1.98	5322	4425	13244	15115	2.84
2015	105-109	0.47196	0.92202	1.7	897	827	1752	1870	2.09
2015	110+	0.58978	1.00000	1.7	70	70	119	119	1.70
2016	0	0.00542	0.00539	0.07	100000	539	99498	8086277	80.86
2016	1-4	0.00028	0.00112	1.13	99461	111	397524	7986780	80.30
2016	5-9	0.00023	0.00117	2.38	99349	116	496444	7589255	76.39
2016	10-14	0.00015	0.00075	2.53	99234	75	495984	7092812	71.48
2016	15-19	0.00030	0.00150	2.58	99159	149	495434	6596828	66.53
2016	20-24	0.00037	0.00184	2.78	99010	183	494646	6101394	61.62
2016	25-29	0.00040	0.00199	2.67	98828	197	493680	5606748	56.73
2016	30-34	0.00049	0.00242	2.23	98631	239	492492	5113068	51.84
2016	35-39	0.00089	0.00445	2.93	98392	438	491051	4620576	46.96
2016	40-44	0.00172	0.00859	2.51	97954	841	487673	4129525	42.16
2016	45-49	0.00303	0.01504	2.8	97113	1461	482358	3641851	37.50
2016	50-54	0.00589	0.02903	2.66	95652	2777	471776	3159494	33.03
2016	55-59	0.00904	0.04428	2.68	92876	4112	454855	2687718	28.94
2016	60-64	0.01169	0.05683	2.58	88763	5044	431593	2232863	25.16
2016	65-69	0.01430	0.06917	2.63	83719	5791	404866	1801270	21.52
2016	70-74	0.01817	0.08716	2.66	77928	6793	373760	1396404	17.92
2016	75-79	0.02840	0.13290	2.59	71136	9454	332857	1022644	14.38
2016	80-84	0.04419	0.20004	2.63	61682	12339	279193	689786	11.18
2016	85-89	0.07572	0.31959	2.56	49343	15770	208249	410593	8.32
2016	90-94	0.12621	0.47717	2.45	33573	16020	126935	202344	6.03
2016	95-99	0.20190	0.65084	2.27	17553	11424	56583	75410	4.30
2016	100-104	0.30567	0.80187	2.04	6129	4915	16078	18827	3.07
2016	105-109	0.43297	0.90233	1.77	1214	1096	2531	2749	2.26
2016	110+	0.54336	1.00000	1.84	119	119	218	218	1.84
2017	0	0.00800	0.00794	0.08	100000	794	99266	8086156	80.86
2017	1-4	0.00011	0.00045	1.55	99206	45	396712	7986891	80.51
2017	5-9	0.00012	0.00059	3.01	99161	59	495687	7590178	76.54
2017	10-14	0.00022	0.00110	2.97	99102	109	495289	7094491	71.59
2017	15-19	0.00029	0.00147	2.93	98993	146	494664	6599202	66.66
2017	20-24	0.00029	0.00145	2.85	98847	143	493930	6104538	61.76
2017	25-29	0.00037	0.00183	3.39	98704	181	493231	5610608	56.84
2017	30-34	0.00052	0.00258	3.01	98523	255	492111	5117377	51.94
2017	35-39	0.00129	0.00643	2.62	98269	632	489843	4625266	47.07
2017	40-44	0.00170	0.00845	2.56	97637	825	486173	4135422	42.36
2017	45-49	0.00291	0.01448	2.91	96811	1402	481134	3649250	37.69
2017	50-54	0.00576	0.02847	2.84	95410	2716	471183	3168116	33.21
2017	55-59	0.00839	0.04110	2.55	92693	3810	454146	2696933	29.10
2017	60-64	0.01179	0.05728	2.54	88884	5091	431910	2242786	25.23
2017	65-69	0.01435	0.06922	2.45	83793	5800	404190	1810876	21.61
2017	70-74	0.01831	0.08754	2.51	77992	6827	372931	1406687	18.04
2017	75-79	0.02885	0.13529	2.71	71165	9628	333735	1033756	14.53
2017	80-84	0.04236	0.19256	2.64	61538	11850	279716	700021	11.38
2017	85-89	0.07323	0.31084	2.57	49688	15445	210899	420305	8.46
2017	90-94	0.12314	0.46876	2.45	34243	16052	130360	209406	6.12
2017	95-99	0.19863	0.64483	2.28	18191	11730	59054	79045	4.35
2017	100-104	0.30292	0.79907	2.04	6461	5163	17044	19991	3.09
2017	105-109	0.43155	0.90173	1.77	1298	1171	2713	2947	2.27
2017	110+	0.54338	1.00000	1.84	128	128	235	235	1.84
2018	0	0.00624	0.00620	0.07	100000	620	99424	8134719	81.35
2018	1-4	0.00005	0.00022	0.5	99380	22	397444	8035296	80.85
2018	5-9	0.00022	0.00111	2.86	99358	111	496555	7637852	76.87
2018	10-14	0.00029	0.00144	3.13	99248	143	495971	7141297	71.95
2018	15-19	0.00015	0.00074	2.66	99105	74	495352	6645326	67.05
2018	20-24	0.00023	0.00113	2.29	99031	112	494852	6149974	62.10
2018	25-29	0.00041	0.00203	2.15	98919	201	494024	5655122	57.17
2018	30-34	0.00056	0.00282	3.3	98718	278	493118	5161098	52.28
2018	35-39	0.00114	0.00568	2.94	98440	559	491051	4667980	47.42
2018	40-44	0.00140	0.00696	2.87	97881	682	487954	4176930	42.67
2018	45-49	0.00341	0.01693	2.59	97199	1645	482030	3688975	37.95
2018	50-54	0.00495	0.02445	2.57	95554	2336	472093	3206945	33.56
2018	55-59	0.00801	0.03927	2.52	93218	3661	457017	2734852	29.34
2018	60-64	0.01187	0.05769	2.58	89558	5166	435293	2277835	25.43
2018	65-69	0.01331	0.06443	2.54	84391	5438	408554	1842542	21.83
2018	70-74	0.01822	0.08728	2.61	78954	6891	378268	1433988	18.16
2018	75-79	0.02588	0.12157	2.51	72063	8761	338456	1055720	14.65
2018	80-84	0.04043	0.18469	2.66	63302	11691	289187	717264	11.33
2018	85-89	0.07326	0.31129	2.59	51611	16066	219300	428076	8.29
2018	90-94	0.12843	0.48417	2.46	35545	17210	134004	208777	5.87
2018	95-99	0.21399	0.67442	2.26	18335	12365	57785	74773	4.08
2018	100-104	0.33283	0.83110	1.99	5970	4961	14906	16988	2.85
2018	105-109	0.47689	0.92469	1.69	1008	932	1955	2082	2.06
2018	110+	0.60024	1.00000	1.67	76	76	127	127	1.67
2019	0	0.00417	0.00415	0.06	100000	415	99612	8179539	81.80
2019	1-4	0.00023	0.00092	1.77	99585	92	398134	8079928	81.14
2019	5-9	0.00027	0.00133	2.53	99493	132	497139	7681794	77.21
2019	10-14	0.00006	0.00032	1.5	99361	32	496695	7184655	72.31
2019	15-19	0.00029	0.00144	2.2	99329	143	496246	6687960	67.33
2019	20-24	0.00035	0.00174	2.28	99186	172	495463	6191715	62.43
2019	25-29	0.00020	0.00099	3.02	99014	98	494876	5696252	57.53
2019	30-34	0.00065	0.00322	3.06	98916	319	493961	5201376	52.58
2019	35-39	0.00112	0.00560	2.87	98597	552	491811	4707415	47.74
2019	40-44	0.00153	0.00760	2.85	98045	745	488619	4215604	43.00
2019	45-49	0.00305	0.01514	2.87	97300	1473	483356	3726985	38.30
2019	50-54	0.00635	0.03128	2.73	95827	2997	472338	3243630	33.85
2019	55-59	0.00742	0.03644	2.63	92829	3383	456144	2771292	29.85
2019	60-64	0.01105	0.05379	2.58	89446	4811	435574	2315148	25.88
2019	65-69	0.01267	0.06139	2.47	84635	5196	410022	1879574	22.21
2019	70-74	0.01807	0.08657	2.58	79439	6877	380571	1469552	18.50
2019	75-79	0.02655	0.12484	2.62	72562	9059	341217	1088982	15.01
2019	80-84	0.04165	0.18948	2.62	63503	12032	288925	747765	11.78
2019	85-89	0.06916	0.29591	2.56	51471	15231	220221	458840	8.91
2019	90-94	0.11233	0.43714	2.46	36240	15842	141025	238619	6.58
2019	95-99	0.17658	0.59910	2.32	20398	12220	69207	97594	4.78
2019	100-104	0.26544	0.75180	2.12	8177	6148	23161	28388	3.47
2019	105-109	0.37754	0.86602	1.88	2030	1758	4656	5227	2.58
2019	110+	0.47590	1.00000	2.1	272	272	571	571	2.10
