DC: Washington DC, Lifetables (period 5x1), Males Last modified: 20 Dec 2020, MPv5 (May07) 

Year	Age	mx	qx	ax	lx	dx	Lx	Tx	ex
1959	0	0.04850	0.04664	0.18	100000	4664	96153	6237594	62.38
1959	1-4	0.00147	0.00585	1.72	95336	558	380075	6141440	64.42
1959	5-9	0.00054	0.00271	1.97	94778	257	473114	5761366	60.79
1959	10-14	0.00064	0.00319	2.36	94521	302	471812	5288252	55.95
1959	15-19	0.00094	0.00471	3.16	94220	443	470283	4816440	51.12
1959	20-24	0.00122	0.00609	2.49	93776	571	467450	4346157	46.35
1959	25-29	0.00193	0.00962	2.84	93205	897	464090	3878708	41.61
1959	30-34	0.00303	0.01507	2.74	92308	1391	458401	3414617	36.99
1959	35-39	0.00560	0.02766	2.74	90918	2515	448905	2956216	32.52
1959	40-44	0.00832	0.04080	2.63	88403	3606	433472	2507312	28.36
1959	45-49	0.01285	0.06237	2.65	84796	5288	411552	2073840	24.46
1959	50-54	0.01783	0.08541	2.56	79508	6791	380947	1662289	20.91
1959	55-59	0.02545	0.12009	2.66	72717	8733	343165	1281342	17.62
1959	60-64	0.03489	0.16150	2.7	63984	10334	296174	938177	14.66
1959	65-69	0.04878	0.21739	2.5	53651	11663	239073	642003	11.97
1959	70-74	0.06271	0.27034	2.45	41988	11351	180999	402929	9.60
1959	75-79	0.10579	0.42006	2.55	30637	12869	121654	221930	7.24
1959	80-84	0.14989	0.53470	2.32	17768	9500	63383	100276	5.64
1959	85-89	0.20122	0.64431	2.21	8267	5327	26471	36893	4.46
1959	90-94	0.26435	0.74538	2.07	2941	2192	8291	10422	3.54
1959	95-99	0.33860	0.82898	1.92	749	621	1833	2131	2.85
1959	100-104	0.42161	0.89097	1.76	128	114	271	298	2.33
1959	105-109	0.50938	0.93260	1.6	14	13	26	27	1.95
1959	110+	0.58073	1.00000	1.72	1	1	2	2	1.72
1960	0	0.04444	0.04285	0.16	100000	4285	96419	6256173	62.56
1960	1-4	0.00138	0.00551	1.3	95715	528	381434	6159754	64.36
1960	5-9	0.00100	0.00499	2.47	95187	475	474733	5778320	60.70
1960	10-14	0.00085	0.00426	2.89	94712	403	472708	5303587	56.00
1960	15-19	0.00117	0.00582	2.59	94309	549	470221	4830880	51.22
1960	20-24	0.00156	0.00779	2.16	93760	730	466724	4360659	46.51
1960	25-29	0.00193	0.00959	2.49	93030	892	462912	3893934	41.86
1960	30-34	0.00255	0.01265	2.76	92138	1166	458082	3431022	37.24
1960	35-39	0.00482	0.02383	2.67	90972	2168	449811	2972940	32.68
1960	40-44	0.00840	0.04117	2.58	88804	3656	435159	2523129	28.41
1960	45-49	0.01311	0.06370	2.79	85148	5424	413782	2087970	24.52
1960	50-54	0.01808	0.08650	2.49	79725	6896	381348	1674187	21.00
1960	55-59	0.02701	0.12701	2.66	72829	9250	342511	1292839	17.75
1960	60-64	0.03320	0.15427	2.71	63578	9808	295431	950329	14.95
1960	65-69	0.04778	0.21405	2.57	53770	11509	240901	654897	12.18
1960	70-74	0.06614	0.28178	2.38	42261	11908	180048	413996	9.80
1960	75-79	0.09525	0.38402	2.48	30353	11656	122366	233948	7.71
1960	80-84	0.13673	0.50255	2.36	18697	9396	68720	111582	5.97
1960	85-89	0.19126	0.62626	2.24	9301	5825	30454	42862	4.61
1960	90-94	0.26052	0.74139	2.09	3476	2577	9892	12408	3.57
1960	95-99	0.34376	0.83492	1.92	899	751	2183	2516	2.80
1960	100-104	0.43769	0.90115	1.74	148	134	306	333	2.24
1960	105-109	0.53648	0.94267	1.56	15	14	26	27	1.85
1960	110+	0.61642	1.00000	1.62	1	1	1	1	1.62
1961	0	0.04189	0.04047	0.16	100000	4047	96591	6288693	62.89
1961	1-4	0.00118	0.00469	1.7	95953	450	382777	6192103	64.53
1961	5-9	0.00036	0.00179	2.12	95503	171	477023	5809326	60.83
1961	10-14	0.00025	0.00126	3.42	95332	120	476471	5332303	55.93
1961	15-19	0.00125	0.00622	2.66	95212	592	474673	4855832	51.00
1961	20-24	0.00148	0.00740	2.61	94620	700	471424	4381159	46.30
1961	25-29	0.00206	0.01026	2.59	93920	964	467281	3909735	41.63
1961	30-34	0.00291	0.01443	2.59	92956	1341	461546	3442454	37.03
1961	35-39	0.00609	0.03001	2.64	91615	2749	451574	2980908	32.54
1961	40-44	0.00721	0.03541	2.57	88865	3147	436673	2529334	28.46
1961	45-49	0.01318	0.06391	2.61	85719	5478	415524	2092661	24.41
1961	50-54	0.01857	0.08890	2.61	80241	7133	384153	1677137	20.90
1961	55-59	0.02734	0.12829	2.6	73107	9379	343010	1292983	17.69
1961	60-64	0.03482	0.16027	2.53	63728	10214	293377	949973	14.91
1961	65-69	0.04964	0.22015	2.43	53514	11781	237350	656596	12.27
1961	70-74	0.06516	0.28031	2.51	41733	11698	179545	419247	10.05
1961	75-79	0.08950	0.36419	2.44	30035	10938	122222	239702	7.98
1961	80-84	0.13681	0.50120	2.33	19096	9571	69958	117480	6.15
1961	85-89	0.17794	0.59704	2.25	9525	5687	31959	47521	4.99
1961	90-94	0.22798	0.68991	2.14	3838	2648	11615	15562	4.05
1961	95-99	0.28697	0.77301	2.02	1190	920	3206	3947	3.32
1961	100-104	0.35406	0.84140	1.88	270	227	642	741	2.74
1961	105-109	0.42737	0.89325	1.74	43	38	90	99	2.31
1961	110+	0.48725	1.00000	2.05	5	5	9	9	2.05
1962	0	0.03988	0.03858	0.15	100000	3858	96729	6297459	62.97
1962	1-4	0.00075	0.00298	1.24	96142	286	383779	6200730	64.50
1962	5-9	0.00051	0.00252	2.65	95856	242	478710	5816951	60.68
1962	10-14	0.00043	0.00215	1.96	95614	206	477445	5338242	55.83
1962	15-19	0.00064	0.00320	2.31	95408	305	476222	4860797	50.95
1962	20-24	0.00159	0.00790	2.69	95103	752	473780	4384574	46.10
1962	25-29	0.00199	0.00991	2.83	94352	935	469730	3910795	41.45
1962	30-34	0.00321	0.01592	2.7	93417	1487	463655	3441064	36.84
1962	35-39	0.00655	0.03232	2.86	91929	2971	453291	2977409	32.39
1962	40-44	0.00822	0.04030	2.6	88958	3585	436179	2524118	28.37
1962	45-49	0.01208	0.05877	2.69	85373	5017	415267	2087940	24.46
1962	50-54	0.02076	0.09899	2.65	80355	7954	383057	1672672	20.82
1962	55-59	0.02538	0.11982	2.67	72401	8675	341801	1289615	17.81
1962	60-64	0.03717	0.17018	2.52	63726	10845	291759	947815	14.87
1962	65-69	0.04803	0.21423	2.48	52881	11329	235874	656056	12.41
1962	70-74	0.06239	0.27139	2.6	41553	11277	180754	420182	10.11
1962	75-79	0.08495	0.34761	2.39	30276	10524	123893	239427	7.91
1962	80-84	0.13929	0.50951	2.37	19751	10064	72249	115535	5.85
1962	85-89	0.19781	0.63948	2.24	9688	6195	31319	43285	4.47
1962	90-94	0.27257	0.75817	2.07	3493	2648	9715	11966	3.43
1962	95-99	0.36237	0.85136	1.89	845	719	1984	2251	2.67
1962	100-104	0.46280	0.91433	1.69	126	115	248	267	2.13
1962	105-109	0.56665	0.95179	1.51	11	10	18	19	1.75
1962	110+	0.64973	1.00000	1.54	1	1	1	1	1.54
1963	0	0.04023	0.03890	0.15	100000	3890	96705	6208758	62.09
1963	1-4	0.00123	0.00490	1.31	96110	471	383175	6112053	63.59
1963	5-9	0.00051	0.00257	2.16	95639	246	477499	5728878	59.90
1963	10-14	0.00049	0.00244	2.36	95393	233	476354	5251380	55.05
1963	15-19	0.00080	0.00400	2.77	95161	381	474956	4775026	50.18
1963	20-24	0.00227	0.01128	2.6	94780	1069	471339	4300070	45.37
1963	25-29	0.00236	0.01175	2.49	93711	1101	465791	3828732	40.86
1963	30-34	0.00402	0.01994	2.94	92610	1847	459246	3362941	36.31
1963	35-39	0.00618	0.03048	2.68	90763	2767	447406	2903695	31.99
1963	40-44	0.00991	0.04850	2.77	87997	4268	430480	2456288	27.91
1963	45-49	0.01259	0.06113	2.62	83729	5118	406471	2025808	24.19
1963	50-54	0.01995	0.09522	2.61	78610	7485	375142	1619337	20.60
1963	55-59	0.02742	0.12831	2.5	71125	9126	332789	1244195	17.49
1963	60-64	0.03660	0.16804	2.57	61999	10418	284664	911406	14.70
1963	65-69	0.04918	0.21765	2.36	51581	11227	228297	626742	12.15
1963	70-74	0.06231	0.26761	2.37	40354	10799	173319	398446	9.87
1963	75-79	0.09056	0.36598	2.38	29555	10817	119443	225127	7.62
1963	80-84	0.14935	0.53362	2.33	18738	9999	66949	105684	5.64
1963	85-89	0.20234	0.64668	2.21	8739	5651	27930	38735	4.43
1963	90-94	0.26785	0.75041	2.07	3088	2317	8650	10805	3.50
1963	95-99	0.34508	0.83517	1.91	771	644	1865	2154	2.80
1963	100-104	0.43133	0.89686	1.74	127	114	264	289	2.28
1963	105-109	0.52207	0.93734	1.58	13	12	24	25	1.90
1963	110+	0.59565	1.00000	1.68	1	1	1	1	1.68
1964	0	0.03764	0.03647	0.15	100000	3647	96886	6188018	61.88
1964	1-4	0.00104	0.00413	1.55	96353	398	384438	6091132	63.22
1964	5-9	0.00057	0.00286	2.66	95955	274	479135	5706694	59.47
1964	10-14	0.00051	0.00255	3.06	95681	244	477932	5227559	54.64
1964	15-19	0.00115	0.00575	3.22	95437	548	476210	4749626	49.77
1964	20-24	0.00207	0.01029	2.27	94889	976	471776	4273417	45.04
1964	25-29	0.00312	0.01549	2.41	93912	1455	465798	3801640	40.48
1964	30-34	0.00401	0.01985	2.62	92457	1835	457921	3335843	36.08
1964	35-39	0.00651	0.03209	2.74	90622	2908	446547	2877922	31.76
1964	40-44	0.00848	0.04159	2.75	87714	3648	430348	2431374	27.72
1964	45-49	0.01422	0.06871	2.56	84066	5776	406263	2001026	23.80
1964	50-54	0.02101	0.10007	2.64	78290	7835	372995	1594763	20.37
1964	55-59	0.02834	0.13262	2.58	70455	9344	329706	1221768	17.34
1964	60-64	0.03539	0.16333	2.65	61111	9981	282050	892062	14.60
1964	65-69	0.04982	0.22147	2.5	51129	11323	227292	610012	11.93
1964	70-74	0.06602	0.28313	2.49	39806	11270	170718	382720	9.61
1964	75-79	0.09313	0.37212	2.3	28536	10619	114019	212003	7.43
1964	80-84	0.16258	0.56231	2.26	17917	10075	61969	97984	5.47
1964	85-89	0.20001	0.63944	2.18	7842	5015	25072	36015	4.59
1964	90-94	0.24344	0.71254	2.09	2828	2015	8276	10943	3.87
1964	95-99	0.29274	0.77818	1.99	813	633	2161	2666	3.28
1964	100-104	0.34737	0.83396	1.88	180	150	433	506	2.80
1964	105-109	0.40628	0.87886	1.77	30	26	65	73	2.43
1964	110+	0.45371	1.00000	2.2	4	4	8	8	2.20
1965	0	0.03694	0.03581	0.14	100000	3581	96935	6191327	61.91
1965	1-4	0.00096	0.00384	1.46	96419	371	384735	6094392	63.21
1965	5-9	0.00052	0.00260	1.97	96048	250	479485	5709657	59.45
1965	10-14	0.00029	0.00145	2.73	95799	139	478678	5230172	54.60
1965	15-19	0.00129	0.00644	2.86	95660	616	476979	4751494	49.67
1965	20-24	0.00208	0.01034	2.49	95043	983	472749	4274515	44.97
1965	25-29	0.00317	0.01571	2.46	94061	1478	466549	3801767	40.42
1965	30-34	0.00443	0.02190	2.53	92583	2027	457910	3335218	36.02
1965	35-39	0.00700	0.03446	2.72	90555	3120	445668	2877308	31.77
1965	40-44	0.00958	0.04694	2.83	87435	4104	428250	2431639	27.81
1965	45-49	0.01352	0.06549	2.6	83331	5458	403576	2003389	24.04
1965	50-54	0.02037	0.09715	2.62	77873	7566	371353	1599813	20.54
1965	55-59	0.02684	0.12567	2.47	70307	8836	329219	1228460	17.47
1965	60-64	0.03883	0.17764	2.61	61472	10920	281227	899241	14.63
1965	65-69	0.05261	0.23167	2.43	50552	11711	222608	618014	12.23
1965	70-74	0.05968	0.25946	2.49	38840	10078	168871	395406	10.18
1965	75-79	0.08808	0.35750	2.37	28763	10283	116737	226534	7.88
1965	80-84	0.13741	0.50435	2.36	18480	9321	67830	109798	5.94
1965	85-89	0.19253	0.62882	2.24	9160	5760	29916	41967	4.58
1965	90-94	0.26257	0.74428	2.09	3400	2530	9637	12052	3.54
1965	95-99	0.34670	0.83761	1.91	869	728	2100	2414	2.78
1965	100-104	0.44150	0.90325	1.73	141	128	289	314	2.22
1965	105-109	0.54095	0.94411	1.55	14	13	24	25	1.84
1965	110+	0.62130	1.00000	1.61	1	1	1	1	1.61
1966	0	0.03979	0.03849	0.15	100000	3849	96735	6132273	61.32
1966	1-4	0.00107	0.00427	1.69	96151	411	383655	6035538	62.77
1966	5-9	0.00049	0.00243	2.31	95740	233	478075	5651882	59.03
1966	10-14	0.00025	0.00127	2.54	95507	121	477237	5173808	54.17
1966	15-19	0.00126	0.00626	2.79	95386	597	475611	4696570	49.24
1966	20-24	0.00218	0.01082	2.64	94789	1026	471525	4220959	44.53
1966	25-29	0.00301	0.01497	2.72	93763	1403	465610	3749434	39.99
1966	30-34	0.00450	0.02225	2.65	92360	2055	456967	3283824	35.55
1966	35-39	0.00650	0.03203	2.69	90304	2893	444844	2826857	31.30
1966	40-44	0.01079	0.05263	2.65	87412	4600	426268	2382013	27.25
1966	45-49	0.01406	0.06804	2.64	82812	5634	400761	1955745	23.62
1966	50-54	0.01990	0.09479	2.51	77177	7316	367690	1554984	20.15
1966	55-59	0.02856	0.13372	2.62	69862	9342	327096	1187294	16.99
1966	60-64	0.04016	0.18192	2.41	60520	11010	274122	860198	14.21
1966	65-69	0.05213	0.23020	2.46	49510	11397	218637	586076	11.84
1966	70-74	0.06699	0.28449	2.35	38113	10843	161847	367439	9.64
1966	75-79	0.08757	0.35861	2.48	27270	9779	111677	205592	7.54
1966	80-84	0.16002	0.55855	2.3	17491	9769	61050	93915	5.37
1966	85-89	0.21326	0.66607	2.18	7721	5143	24116	32865	4.26
1966	90-94	0.27804	0.76319	2.05	2578	1968	7077	8749	3.39
1966	95-99	0.35339	0.84200	1.89	611	514	1455	1672	2.74
1966	100-104	0.43671	0.89951	1.73	96	87	199	217	2.25
1966	105-109	0.52388	0.93771	1.58	10	9	17	18	1.89
1966	110+	0.59446	1.00000	1.68	1	1	1	1	1.68
1967	0	0.03014	0.02937	0.13	100000	2937	97433	6167582	61.68
1967	1-4	0.00142	0.00564	1.55	97063	548	386912	6070150	62.54
1967	5-9	0.00055	0.00273	2.98	96516	263	482045	5683238	58.88
1967	10-14	0.00041	0.00204	2.09	96252	196	480688	5201193	54.04
1967	15-19	0.00118	0.00586	2.91	96056	563	479103	4720505	49.14
1967	20-24	0.00282	0.01403	2.6	95493	1340	474250	4241402	44.42
1967	25-29	0.00395	0.01956	2.51	94153	1841	466181	3767152	40.01
1967	30-34	0.00450	0.02223	2.5	92312	2052	456435	3300971	35.76
1967	35-39	0.00693	0.03413	2.76	90260	3080	444411	2844536	31.52
1967	40-44	0.01212	0.05876	2.44	87179	5122	422792	2400125	27.53
1967	45-49	0.01403	0.06786	2.57	82057	5568	396729	1977332	24.10
1967	50-54	0.01854	0.08868	2.56	76489	6783	365867	1580604	20.66
1967	55-59	0.02783	0.13068	2.67	69706	9109	327288	1214737	17.43
1967	60-64	0.03657	0.16812	2.6	60597	10188	278569	887449	14.65
1967	65-69	0.05060	0.22462	2.5	50409	11323	223785	608880	12.08
1967	70-74	0.06913	0.29485	2.51	39087	11525	166716	385095	9.85
1967	75-79	0.08758	0.35772	2.44	27562	9859	112576	218380	7.92
1967	80-84	0.14049	0.51100	2.33	17703	9046	64391	105803	5.98
1967	85-89	0.18597	0.61411	2.24	8657	5316	28585	41413	4.78
1967	90-94	0.24179	0.71231	2.12	3340	2379	9841	12827	3.84
1967	95-99	0.30777	0.79748	1.98	961	766	2490	2986	3.11
1967	100-104	0.38250	0.86453	1.83	195	168	440	496	2.55
1967	105-109	0.46322	0.91267	1.68	26	24	52	56	2.14
1967	110+	0.52922	1.00000	1.89	2	2	4	4	1.89
1968	0	0.03150	0.03066	0.13	100000	3066	97332	6122030	61.22
1968	1-4	0.00094	0.00376	1.62	96934	365	386870	6024698	62.15
1968	5-9	0.00047	0.00237	2.03	96570	228	482170	5637828	58.38
1968	10-14	0.00057	0.00283	2.51	96341	273	481025	5155658	53.51
1968	15-19	0.00192	0.00957	2.71	96068	920	478239	4674633	48.66
1968	20-24	0.00239	0.01186	2.76	95149	1129	473218	4196394	44.10
1968	25-29	0.00262	0.01300	2.49	94020	1223	467034	3723176	39.60
1968	30-34	0.00435	0.02151	2.55	92797	1996	459100	3256142	35.09
1968	35-39	0.00885	0.04326	2.39	90802	3928	443772	2797041	30.80
1968	40-44	0.01057	0.05151	2.56	86873	4475	423429	2353270	27.09
1968	45-49	0.01674	0.08040	2.54	82399	6625	395729	1929841	23.42
1968	50-54	0.02103	0.10004	2.58	75774	7581	360510	1534112	20.25
1968	55-59	0.03022	0.14087	2.59	68194	9607	317836	1173602	17.21
1968	60-64	0.03861	0.17638	2.55	58587	10334	267666	855766	14.61
1968	65-69	0.05015	0.22067	2.28	48253	10648	212322	588099	12.19
1968	70-74	0.06216	0.26819	2.44	37605	10085	162252	375778	9.99
1968	75-79	0.09238	0.37682	2.56	27520	10370	112251	213525	7.76
1968	80-84	0.14062	0.51193	2.34	17150	8780	62436	101274	5.91
1968	85-89	0.19128	0.62549	2.23	8370	5236	27371	38837	4.64
1968	90-94	0.25443	0.73190	2.1	3135	2294	9017	11466	3.66
1968	95-99	0.32961	0.82082	1.94	840	690	2093	2449	2.91
1968	100-104	0.41447	0.88693	1.78	151	134	322	356	2.36
1968	105-109	0.50480	0.93109	1.61	17	16	31	33	1.96
1968	110+	0.57841	1.00000	1.73	1	1	2	2	1.73
1969	0	0.03682	0.03569	0.14	100000	3569	96944	6051009	60.51
1969	1-4	0.00170	0.00678	1.53	96431	654	384111	5954065	61.74
1969	5-9	0.00059	0.00294	2.89	95777	282	478289	5569954	58.16
1969	10-14	0.00044	0.00222	3.3	95495	212	477115	5091665	53.32
1969	15-19	0.00192	0.00958	2.66	95283	912	474279	4614550	48.43
1969	20-24	0.00246	0.01222	2.39	94370	1153	468838	4140271	43.87
1969	25-29	0.00357	0.01768	2.58	93217	1648	462098	3671433	39.39
1969	30-34	0.00490	0.02424	2.7	91569	2219	452743	3209335	35.05
1969	35-39	0.00705	0.03468	2.7	89350	3099	439622	2756592	30.85
1969	40-44	0.01263	0.06135	2.7	86251	5292	419096	2316970	26.86
1969	45-49	0.01710	0.08200	2.52	80960	6639	388335	1897874	23.44
1969	50-54	0.02111	0.10049	2.61	74321	7468	353732	1509539	20.31
1969	55-59	0.02906	0.13518	2.43	66852	9037	311042	1155807	17.29
1969	60-64	0.03820	0.17515	2.63	57815	10126	265065	844765	14.61
1969	65-69	0.04941	0.22092	2.6	47689	10535	213205	579700	12.16
1969	70-74	0.06411	0.27734	2.57	37154	10304	160739	366495	9.86
1969	75-79	0.09177	0.37049	2.4	26849	9947	108390	205756	7.66
1969	80-84	0.15143	0.53675	2.29	16902	9072	59909	97366	5.76
1969	85-89	0.18961	0.61986	2.21	7830	4853	25597	37457	4.78
1969	90-94	0.23462	0.69945	2.11	2976	2082	8873	11860	3.98
1969	95-99	0.28641	0.77116	2.01	895	690	2409	2987	3.34
1969	100-104	0.34438	0.83180	1.89	205	170	494	578	2.82
1969	105-109	0.40733	0.87998	1.77	34	30	74	83	2.42
1969	110+	0.45825	1.00000	2.18	4	4	9	9	2.18
1970	0	0.03884	0.03760	0.15	100000	3760	96801	6069656	60.70
1970	1-4	0.00159	0.00632	1.62	96240	608	383513	5972854	62.06
1970	5-9	0.00044	0.00222	3.08	95632	212	477755	5589341	58.45
1970	10-14	0.00081	0.00406	2.77	95420	388	476235	5111587	53.57
1970	15-19	0.00173	0.00862	2.82	95033	819	473374	4635352	48.78
1970	20-24	0.00302	0.01501	2.59	94213	1414	467661	4161978	44.18
1970	25-29	0.00329	0.01634	2.61	92799	1516	460377	3694317	39.81
1970	30-34	0.00512	0.02529	2.77	91283	2309	451266	3233940	35.43
1970	35-39	0.00737	0.03628	2.78	88974	3228	437709	2782674	31.28
1970	40-44	0.01097	0.05348	2.66	85746	4586	418018	2344965	27.35
1970	45-49	0.01592	0.07673	2.67	81160	6228	391298	1926948	23.74
1970	50-54	0.02024	0.09626	2.46	74933	7213	356349	1535650	20.49
1970	55-59	0.02767	0.12984	2.63	67720	8793	317791	1179301	17.41
1970	60-64	0.03625	0.16668	2.59	58927	9822	270979	861510	14.62
1970	65-69	0.05425	0.23819	2.44	49105	11696	215585	590531	12.03
1970	70-74	0.06517	0.28064	2.53	37409	10498	161080	374946	10.02
1970	75-79	0.08691	0.35634	2.47	26910	9589	110329	213866	7.95
1970	80-84	0.14546	0.52204	2.3	17321	9042	62164	103537	5.98
1970	85-89	0.18072	0.60163	2.22	8279	4981	27561	41373	5.00
1970	90-94	0.22219	0.67893	2.14	3298	2239	10078	13812	4.19
1970	95-99	0.26993	0.75002	2.04	1059	794	2942	3735	3.53
1970	100-104	0.32356	0.81174	1.93	265	215	664	792	2.99
1970	105-109	0.38220	0.86230	1.82	50	43	112	128	2.58
1970	110+	0.42942	1.00000	2.33	7	7	16	16	2.33
1971	0	0.03178	0.03093	0.13	100000	3093	97310	6092660	60.93
1971	1-4	0.00148	0.00588	1.49	96907	570	386197	5995349	61.87
1971	5-9	0.00086	0.00431	2	96337	415	480440	5609153	58.22
1971	10-14	0.00064	0.00318	2.9	95922	305	478967	5128712	53.47
1971	15-19	0.00219	0.01089	2.77	95617	1041	475760	4649746	48.63
1971	20-24	0.00312	0.01549	2.55	94575	1465	469293	4173985	44.13
1971	25-29	0.00392	0.01942	2.56	93110	1808	461143	3704693	39.79
1971	30-34	0.00498	0.02464	2.76	91302	2250	451463	3243550	35.53
1971	35-39	0.00788	0.03867	2.58	89053	3443	436945	2792087	31.35
1971	40-44	0.01076	0.05249	2.63	85609	4493	417419	2355142	27.51
1971	45-49	0.01532	0.07387	2.59	81116	5992	391136	1937723	23.89
1971	50-54	0.02284	0.10828	2.6	75124	8135	356084	1546587	20.59
1971	55-59	0.02598	0.12228	2.59	66990	8191	315234	1190503	17.77
1971	60-64	0.03424	0.15815	2.59	58798	9299	271568	875269	14.89
1971	65-69	0.05097	0.22635	2.53	49499	11204	219807	603701	12.20
1971	70-74	0.06781	0.28834	2.41	38295	11042	162835	383894	10.02
1971	75-79	0.07968	0.33002	2.4	27253	8994	112878	221059	8.11
1971	80-84	0.14596	0.52356	2.3	18259	9560	65496	108181	5.92
1971	85-89	0.18371	0.60814	2.22	8699	5290	28796	42685	4.91
1971	90-94	0.22849	0.68976	2.13	3409	2351	10291	13889	4.07
1971	95-99	0.28029	0.76377	2.02	1058	808	2882	3598	3.40
1971	100-104	0.33857	0.82663	1.9	250	207	610	716	2.87
1971	105-109	0.40213	0.87668	1.78	43	38	94	106	2.45
1971	110+	0.45360	1.00000	2.2	5	5	12	12	2.20
1972	0	0.03178	0.03093	0.13	100000	3093	97310	6144200	61.44
1972	1-4	0.00090	0.00360	1.59	96907	349	386786	6046890	62.40
1972	5-9	0.00055	0.00274	2.26	96558	265	482066	5660104	58.62
1972	10-14	0.00045	0.00227	2.98	96293	219	481026	5178038	53.77
1972	15-19	0.00140	0.00700	2.94	96075	673	478987	4697012	48.89
1972	20-24	0.00302	0.01502	2.82	95402	1433	473883	4218025	44.21
1972	25-29	0.00360	0.01785	2.62	93968	1678	465857	3744143	39.84
1972	30-34	0.00485	0.02399	2.76	92291	2214	456501	3278286	35.52
1972	35-39	0.00668	0.03289	2.63	90076	2962	443362	2821785	31.33
1972	40-44	0.01232	0.05991	2.73	87114	5219	423699	2378422	27.30
1972	45-49	0.01591	0.07660	2.57	81894	6273	394259	1954724	23.87
1972	50-54	0.02117	0.10009	2.27	75621	7569	357464	1560464	20.64
1972	55-59	0.02640	0.12375	2.47	68052	8422	318983	1203001	17.68
1972	60-64	0.03659	0.16821	2.61	59631	10030	274150	884018	14.82
1972	65-69	0.04880	0.21733	2.48	49600	10780	220880	609868	12.30
1972	70-74	0.06912	0.29437	2.48	38821	11428	165338	388988	10.02
1972	75-79	0.08567	0.35095	2.43	27393	9614	112211	223651	8.16
1972	80-84	0.12454	0.47092	2.41	17779	8373	67228	111440	6.27
1972	85-89	0.18379	0.61261	2.28	9407	5763	31355	44212	4.70
1972	90-94	0.26206	0.74521	2.11	3644	2716	10362	12857	3.53
1972	95-99	0.35839	0.84915	1.9	928	788	2200	2495	2.69
1972	100-104	0.46752	0.91732	1.69	140	128	275	295	2.10
1972	105-109	0.58028	0.95580	1.49	12	11	19	20	1.71
1972	110+	0.66988	1.00000	1.49	1	1	1	1	1.49
1973	0	0.03163	0.03078	0.13	100000	3078	97322	6238006	62.38
1973	1-4	0.00085	0.00341	1.25	96922	330	386779	6140684	63.36
1973	5-9	0.00078	0.00389	1.68	96592	376	481709	5753905	59.57
1973	10-14	0.00071	0.00352	2.23	96215	339	480138	5272197	54.80
1973	15-19	0.00108	0.00541	3.23	95877	519	478466	4792059	49.98
1973	20-24	0.00281	0.01396	2.67	95358	1331	473682	4313592	45.24
1973	25-29	0.00280	0.01390	2.67	94027	1307	467083	3839910	40.84
1973	30-34	0.00510	0.02523	2.75	92719	2339	458337	3372826	36.38
1973	35-39	0.00628	0.03093	2.69	90380	2795	445455	2914489	32.25
1973	40-44	0.00955	0.04672	2.75	87585	4092	428717	2469035	28.19
1973	45-49	0.01507	0.07278	2.66	83493	6077	403245	2040318	24.44
1973	50-54	0.01924	0.09199	2.63	77416	7121	370220	1637072	21.15
1973	55-59	0.02754	0.12912	2.59	70295	9077	329609	1266852	18.02
1973	60-64	0.03465	0.15973	2.56	61218	9778	282191	937243	15.31
1973	65-69	0.04297	0.19445	2.56	51440	10002	232748	655052	12.73
1973	70-74	0.06508	0.28066	2.55	41437	11630	178687	422304	10.19
1973	75-79	0.08611	0.35182	2.4	29808	10487	121784	243616	8.17
1973	80-84	0.13065	0.48556	2.36	19321	9381	71804	121832	6.31
1973	85-89	0.17439	0.59015	2.26	9939	5866	33636	50029	5.03
1973	90-94	0.22865	0.69177	2.15	4074	2818	12325	16393	4.02
1973	95-99	0.29352	0.78161	2.01	1256	981	3344	4068	3.24
1973	100-104	0.36782	0.85349	1.86	274	234	636	725	2.64
1973	105-109	0.44892	0.90569	1.71	40	36	81	88	2.20
1973	110+	0.51544	1.00000	1.94	4	4	7	7	1.94
1974	0	0.03650	0.03540	0.14	100000	3540	96966	6223080	62.23
1974	1-4	0.00158	0.00628	1.53	96460	605	384346	6126113	63.51
1974	5-9	0.00070	0.00347	2.16	95855	333	478331	5741767	59.90
1974	10-14	0.00054	0.00272	2.74	95522	260	477024	5263436	55.10
1974	15-19	0.00108	0.00539	2.85	95263	514	475207	4786412	50.24
1974	20-24	0.00262	0.01299	2.59	94749	1231	470782	4311205	45.50
1974	25-29	0.00322	0.01598	2.52	93518	1494	463886	3840423	41.07
1974	30-34	0.00410	0.02030	2.79	92024	1868	455982	3376538	36.69
1974	35-39	0.00721	0.03546	2.76	90155	3197	443629	2920556	32.39
1974	40-44	0.00949	0.04635	2.51	86959	4030	424753	2476927	28.48
1974	45-49	0.01338	0.06481	2.61	82928	5375	401782	2052174	24.75
1974	50-54	0.01873	0.08954	2.54	77553	6944	370681	1650392	21.28
1974	55-59	0.02537	0.11955	2.59	70609	8441	332723	1279710	18.12
1974	60-64	0.03503	0.16072	2.44	62168	9992	285229	946987	15.23
1974	65-69	0.04249	0.19292	2.62	52176	10066	236901	661758	12.68
1974	70-74	0.06525	0.28144	2.56	42110	11852	181627	424858	10.09
1974	75-79	0.08642	0.35118	2.33	30258	10626	122962	243230	8.04
1974	80-84	0.13923	0.50695	2.32	19632	9952	71483	120268	6.13
1974	85-89	0.17724	0.59499	2.24	9680	5759	32495	48785	5.04
1974	90-94	0.22279	0.68066	2.14	3920	2668	11977	16290	4.16
1974	95-99	0.27597	0.75862	2.03	1252	950	3442	4313	3.44
1974	100-104	0.33621	0.82475	1.91	302	249	741	871	2.88
1974	105-109	0.40222	0.87702	1.79	53	46	115	130	2.45
1974	110+	0.45583	1.00000	2.19	7	7	14	14	2.19
1975	0	0.03841	0.03719	0.15	100000	3719	96832	6274173	62.74
1975	1-4	0.00132	0.00525	1.8	96281	505	384009	6177341	64.16
1975	5-9	0.00044	0.00220	2.68	95775	211	478387	5793332	60.49
1975	10-14	0.00042	0.00208	2.79	95564	199	477383	5314945	55.62
1975	15-19	0.00131	0.00653	2.77	95365	623	475437	4837562	50.73
1975	20-24	0.00302	0.01499	2.71	94742	1420	470454	4362125	46.04
1975	25-29	0.00290	0.01440	2.3	93322	1344	462977	3891671	41.70
1975	30-34	0.00377	0.01867	2.66	91978	1718	455871	3428695	37.28
1975	35-39	0.00603	0.02975	2.75	90261	2685	445260	2972824	32.94
1975	40-44	0.00949	0.04641	2.66	87575	4064	428372	2527564	28.86
1975	45-49	0.01338	0.06479	2.57	83511	5411	404426	2099193	25.14
1975	50-54	0.01856	0.08871	2.52	78100	6929	373284	1694767	21.70
1975	55-59	0.02432	0.11497	2.63	71171	8183	336476	1321483	18.57
1975	60-64	0.03310	0.15258	2.44	62989	9611	290366	985007	15.64
1975	65-69	0.04568	0.20482	2.48	53378	10933	239309	694641	13.01
1975	70-74	0.05661	0.24935	2.61	42445	10584	186964	455332	10.73
1975	75-79	0.08248	0.34123	2.47	31861	10872	131807	268368	8.42
1975	80-84	0.13090	0.48488	2.33	20989	10177	77749	136561	6.51
1975	85-89	0.16328	0.56400	2.26	10812	6098	37347	58812	5.44
1975	90-94	0.20171	0.64274	2.18	4714	3030	15022	21465	4.55
1975	95-99	0.24640	0.71712	2.09	1684	1208	4901	6444	3.83
1975	100-104	0.29720	0.78350	1.98	476	373	1256	1542	3.24
1975	105-109	0.35348	0.83944	1.87	103	87	245	286	2.78
1975	110+	0.39868	1.00000	2.51	17	17	42	42	2.51
1976	0	0.03606	0.03497	0.14	100000	3497	96998	6355522	63.56
1976	1-4	0.00094	0.00377	1.53	96503	364	385112	6258523	64.85
1976	5-9	0.00054	0.00269	2.1	96139	259	479945	5873411	61.09
1976	10-14	0.00053	0.00262	2.36	95880	252	478737	5393466	56.25
1976	15-19	0.00098	0.00487	3.06	95629	466	477238	4914729	51.39
1976	20-24	0.00229	0.01138	2.69	95163	1083	473315	4437491	46.63
1976	25-29	0.00260	0.01293	2.73	94080	1216	467644	3964176	42.14
1976	30-34	0.00304	0.01507	2.62	92864	1399	460988	3496532	37.65
1976	35-39	0.00600	0.02961	2.68	91465	2708	451053	3035544	33.19
1976	40-44	0.00818	0.04004	2.42	88756	3554	434605	2584491	29.12
1976	45-49	0.01317	0.06393	2.74	85202	5447	413714	2149885	25.23
1976	50-54	0.01765	0.08475	2.66	79756	6759	382936	1736172	21.77
1976	55-59	0.02159	0.10239	2.5	72996	7474	346262	1353235	18.54
1976	60-64	0.03246	0.15050	2.58	65522	9861	303778	1006974	15.37
1976	65-69	0.05143	0.22713	2.43	55661	12642	245832	703195	12.63
1976	70-74	0.05799	0.25313	2.49	43019	10889	187769	457363	10.63
1976	75-79	0.07909	0.32640	2.33	32130	10487	132600	269595	8.39
1976	80-84	0.12796	0.47887	2.37	21642	10364	80992	136995	6.33
1976	85-89	0.17559	0.59343	2.27	11278	6693	38118	56003	4.97
1976	90-94	0.23580	0.70408	2.14	4585	3229	13692	17885	3.90
1976	95-99	0.30856	0.79942	1.99	1357	1085	3516	4193	3.09
1976	100-104	0.39202	0.87231	1.82	272	237	606	677	2.49
1976	105-109	0.48232	0.92209	1.65	35	32	66	71	2.05
1976	110+	0.55635	1.00000	1.8	3	3	5	5	1.80
1977	0	0.03835	0.03713	0.15	100000	3713	96836	6365415	63.65
1977	1-4	0.00113	0.00450	1.5	96287	433	384065	6268579	65.10
1977	5-9	0.00030	0.00150	1.2	95854	144	478721	5884514	61.39
1977	10-14	0.00036	0.00179	2.15	95710	171	478061	5405793	56.48
1977	15-19	0.00106	0.00527	2.85	95538	503	476608	4927732	51.58
1977	20-24	0.00174	0.00868	2.48	95035	825	473101	4451124	46.84
1977	25-29	0.00240	0.01195	2.46	94211	1125	468191	3978023	42.22
1977	30-34	0.00302	0.01500	2.67	93085	1397	462171	3509832	37.71
1977	35-39	0.00530	0.02621	2.78	91689	2403	453108	3047660	33.24
1977	40-44	0.00951	0.04651	2.59	89285	4152	436437	2594553	29.06
1977	45-49	0.01301	0.06313	2.64	85133	5374	412972	2158116	25.35
1977	50-54	0.01894	0.09056	2.6	79758	7223	381466	1745143	21.88
1977	55-59	0.02423	0.11448	2.59	72535	8304	342654	1363677	18.80
1977	60-64	0.03144	0.14608	2.58	64231	9383	298421	1021024	15.90
1977	65-69	0.04117	0.18631	2.45	54848	10219	248210	722603	13.17
1977	70-74	0.05862	0.25618	2.54	44629	11433	195049	474393	10.63
1977	75-79	0.08561	0.35222	2.49	33196	11692	136575	279345	8.41
1977	80-84	0.12809	0.47729	2.33	21504	10264	80128	142770	6.64
1977	85-89	0.15900	0.55412	2.27	11240	6228	39173	62642	5.57
1977	90-94	0.19561	0.63107	2.19	5012	3163	16169	23469	4.68
1977	95-99	0.23815	0.70444	2.1	1849	1302	5469	7300	3.95
1977	100-104	0.28655	0.77078	2	546	421	1470	1831	3.35
1977	105-109	0.34030	0.82757	1.9	125	104	305	361	2.88
1977	110+	0.38331	1.00000	2.61	22	22	56	56	2.61
1978	0	0.03308	0.03216	0.13	100000	3216	97215	6426916	64.27
1978	1-4	0.00096	0.00385	1.53	96784	373	386218	6329702	65.40
1978	5-9	0.00057	0.00283	2.05	96412	272	481256	5943484	61.65
1978	10-14	0.00034	0.00171	2.19	96139	164	480235	5462229	56.82
1978	15-19	0.00070	0.00349	2.62	95975	335	479079	4981993	51.91
1978	20-24	0.00170	0.00848	2.74	95640	811	476364	4502914	47.08
1978	25-29	0.00226	0.01121	2.38	94829	1063	471362	4026550	42.46
1978	30-34	0.00331	0.01643	2.53	93766	1540	465029	3555189	37.92
1978	35-39	0.00546	0.02695	2.57	92226	2485	455085	3090159	33.51
1978	40-44	0.00879	0.04304	2.55	89741	3862	439251	2635075	29.36
1978	45-49	0.01030	0.05035	2.77	85879	4324	419757	2195824	25.57
1978	50-54	0.01755	0.08419	2.59	81555	6866	391206	1776067	21.78
1978	55-59	0.02659	0.12475	2.52	74688	9317	350378	1384861	18.54
1978	60-64	0.03133	0.14522	2.48	65371	9493	302957	1034483	15.82
1978	65-69	0.04379	0.19754	2.52	55878	11038	252054	731526	13.09
1978	70-74	0.05960	0.25888	2.46	44840	11608	194750	479472	10.69
1978	75-79	0.07682	0.32172	2.48	33231	10691	139178	284722	8.57
1978	80-84	0.12217	0.46359	2.4	22540	10449	85534	145544	6.46
1978	85-89	0.17362	0.59009	2.29	12091	7135	41094	60010	4.96
1978	90-94	0.24031	0.71219	2.14	4956	3530	14688	18916	3.82
1978	95-99	0.32215	0.81471	1.97	1426	1162	3607	4228	2.96
1978	100-104	0.41632	0.88911	1.78	264	235	564	621	2.35
1978	105-109	0.51713	0.93637	1.59	29	27	53	56	1.92
1978	110+	0.59933	1.00000	1.67	2	2	3	3	1.67
1979	0	0.02949	0.02875	0.12	100000	2875	97482	6485828	64.86
1979	1-4	0.00056	0.00222	1.15	97125	216	387886	6388346	65.77
1979	5-9	0.00063	0.00315	1.73	96910	305	483550	6000460	61.92
1979	10-14	0.00026	0.00130	3.27	96604	125	482805	5516910	57.11
1979	15-19	0.00087	0.00435	2.98	96479	420	481548	5034105	52.18
1979	20-24	0.00134	0.00670	2.44	96060	644	478652	4552557	47.39
1979	25-29	0.00279	0.01388	2.71	95416	1325	474043	4073905	42.70
1979	30-34	0.00353	0.01749	2.73	94091	1646	466723	3599861	38.26
1979	35-39	0.00511	0.02527	2.78	92445	2337	457028	3133138	33.89
1979	40-44	0.00749	0.03682	2.63	90109	3318	442667	2676110	29.70
1979	45-49	0.01058	0.05166	2.72	86791	4484	423753	2233442	25.73
1979	50-54	0.01827	0.08733	2.49	82308	7188	393516	1809689	21.99
1979	55-59	0.02323	0.11015	2.66	75120	8274	356237	1416173	18.85
1979	60-64	0.03220	0.14884	2.46	66845	9949	308956	1059936	15.86
1979	65-69	0.04332	0.19562	2.53	56896	11130	256939	750980	13.20
1979	70-74	0.05883	0.25428	2.34	45766	11637	197822	494042	10.80
1979	75-79	0.07809	0.32902	2.61	34129	11229	143788	296220	8.68
1979	80-84	0.12433	0.46785	2.36	22900	10714	86167	152432	6.66
1979	85-89	0.16076	0.55912	2.28	12186	6813	42381	66265	5.44
1979	90-94	0.20520	0.65021	2.18	5372	3493	17023	23883	4.45
1979	95-99	0.25797	0.73492	2.07	1879	1381	5354	6860	3.65
1979	100-104	0.31870	0.80796	1.95	498	402	1263	1506	3.02
1979	105-109	0.38618	0.86625	1.82	96	83	215	244	2.55
1979	110+	0.44119	1.00000	2.27	13	13	29	29	2.27
1980	0	0.03184	0.03098	0.13	100000	3098	97306	6447848	64.48
1980	1-4	0.00100	0.00398	1.17	96902	386	386513	6350542	65.54
1980	5-9	0.00032	0.00159	2.68	96516	153	482224	5964029	61.79
1980	10-14	0.00048	0.00238	2.65	96362	229	481273	5481806	56.89
1980	15-19	0.00104	0.00518	2.6	96133	497	479470	5000532	52.02
1980	20-24	0.00182	0.00907	2.91	95636	868	476366	4521063	47.27
1980	25-29	0.00268	0.01332	2.68	94768	1263	470908	4044696	42.68
1980	30-34	0.00278	0.01381	2.37	93505	1291	464137	3573788	38.22
1980	35-39	0.00492	0.02434	2.67	92214	2244	455850	3109651	33.72
1980	40-44	0.00673	0.03310	2.56	89970	2978	442573	2653801	29.50
1980	45-49	0.01206	0.05858	2.55	86992	5096	422458	2211228	25.42
1980	50-54	0.01861	0.08904	2.57	81897	7292	391796	1788770	21.84
1980	55-59	0.02421	0.11461	2.68	74605	8551	353195	1396974	18.72
1980	60-64	0.03248	0.15056	2.58	66054	9945	306214	1043779	15.80
1980	65-69	0.04267	0.19339	2.58	56109	10851	254271	737566	13.15
1980	70-74	0.05641	0.24783	2.55	45258	11216	198822	483295	10.68
1980	75-79	0.07901	0.32663	2.35	34042	11119	140732	284473	8.36
1980	80-84	0.12752	0.47824	2.39	22923	10963	85965	143740	6.27
1980	85-89	0.17999	0.60350	2.27	11960	7218	40103	57775	4.83
1980	90-94	0.24744	0.72281	2.12	4742	3428	13853	17672	3.73
1980	95-99	0.32955	0.82185	1.95	1314	1080	3278	3820	2.91
1980	100-104	0.42334	0.89318	1.76	234	209	494	541	2.31
1980	105-109	0.52314	0.93836	1.58	25	23	45	47	1.90
1980	110+	0.60431	1.00000	1.65	2	2	3	3	1.65
1981	0	0.02898	0.02826	0.12	100000	2826	97521	6414232	64.14
1981	1-4	0.00092	0.00366	1.31	97174	356	387737	6316711	65.00
1981	5-9	0.00059	0.00295	2.43	96818	285	483354	5928974	61.24
1981	10-14	0.00039	0.00196	2.5	96532	190	482187	5445620	56.41
1981	15-19	0.00078	0.00390	2.94	96343	376	480941	4963433	51.52
1981	20-24	0.00244	0.01214	2.89	95967	1165	477373	4482492	46.71
1981	25-29	0.00312	0.01548	2.6	94801	1467	470485	4005118	42.25
1981	30-34	0.00416	0.02059	2.72	93334	1922	462287	3534634	37.87
1981	35-39	0.00538	0.02659	2.9	91412	2430	451960	3072346	33.61
1981	40-44	0.00813	0.03993	2.72	88982	3553	436814	2620386	29.45
1981	45-49	0.01483	0.07157	2.57	85428	6114	412305	2183572	25.56
1981	50-54	0.01575	0.07594	2.66	79314	6023	382462	1771267	22.33
1981	55-59	0.02120	0.10094	2.64	73291	7398	348996	1388805	18.95
1981	60-64	0.03510	0.16126	2.49	65893	10626	302752	1039809	15.78
1981	65-69	0.04065	0.18423	2.46	55267	10182	250450	737057	13.34
1981	70-74	0.05272	0.23129	2.35	45085	10428	197794	486607	10.79
1981	75-79	0.07925	0.32626	2.29	34657	11307	142670	288813	8.33
1981	80-84	0.13408	0.49404	2.34	23350	11536	86037	146143	6.26
1981	85-89	0.17397	0.58852	2.25	11814	6953	39965	60106	5.09
1981	90-94	0.22249	0.68072	2.15	4861	3309	14873	20140	4.14
1981	95-99	0.27977	0.76403	2.03	1552	1186	4239	5268	3.39
1981	100-104	0.34508	0.83345	1.9	366	305	885	1029	2.81
1981	105-109	0.41673	0.88681	1.76	61	54	130	144	2.37
1981	110+	0.47524	1.00000	2.1	7	7	15	15	2.10
1982	0	0.02468	0.02415	0.11	100000	2415	97853	6547188	65.47
1982	1-4	0.00105	0.00418	1.96	97585	408	389507	6449334	66.09
1982	5-9	0.00032	0.00160	2.69	97177	156	485523	6059827	62.36
1982	10-14	0.00015	0.00075	2.14	97021	73	484896	5574304	57.45
1982	15-19	0.00104	0.00521	2.99	96948	505	483728	5089408	52.50
1982	20-24	0.00146	0.00726	2.87	96443	701	480725	4605681	47.76
1982	25-29	0.00336	0.01665	2.51	95743	1594	474742	4124955	43.08
1982	30-34	0.00371	0.01839	2.44	94148	1731	466304	3650213	38.77
1982	35-39	0.00504	0.02490	2.62	92417	2301	456611	3183909	34.45
1982	40-44	0.00719	0.03538	2.75	90116	3189	443416	2727297	30.26
1982	45-49	0.00978	0.04794	2.92	86928	4167	425972	2283882	26.27
1982	50-54	0.01593	0.07687	2.73	82761	6362	399384	1857910	22.45
1982	55-59	0.02193	0.10431	2.68	76398	7969	363465	1458525	19.09
1982	60-64	0.03002	0.14039	2.69	68429	9607	319994	1095061	16.00
1982	65-69	0.04263	0.19337	2.6	58822	11374	266832	775067	13.18
1982	70-74	0.05467	0.23893	2.36	47448	11337	207360	508235	10.71
1982	75-79	0.08420	0.34594	2.42	36111	12492	148371	300874	8.33
1982	80-84	0.12499	0.47067	2.38	23619	11117	88944	152503	6.46
1982	85-89	0.17080	0.58296	2.28	12502	7288	42671	63559	5.08
1982	90-94	0.22870	0.69254	2.15	5214	3611	15789	20888	4.01
1982	95-99	0.29880	0.78843	2	1603	1264	4230	5099	3.18
1982	100-104	0.37957	0.86319	1.84	339	293	771	869	2.56
1982	105-109	0.46759	0.91538	1.68	46	42	91	98	2.11
1982	110+	0.53991	1.00000	1.85	4	4	7	7	1.85
1983	0	0.02316	0.02269	0.11	100000	2269	97974	6572429	65.72
1983	1-4	0.00073	0.00291	1.58	97731	284	390234	6474455	66.25
1983	5-9	0.00060	0.00301	2.08	97447	293	486377	6084222	62.44
1983	10-14	0.00046	0.00229	2.7	97154	223	485256	5597845	57.62
1983	15-19	0.00109	0.00545	2.99	96931	528	483593	5112589	52.74
1983	20-24	0.00192	0.00955	2.46	96403	920	479681	4628995	48.02
1983	25-29	0.00270	0.01341	2.74	95483	1280	474524	4149315	43.46
1983	30-34	0.00341	0.01693	2.59	94203	1595	467174	3674791	39.01
1983	35-39	0.00410	0.02033	2.74	92607	1883	458787	3207617	34.64
1983	40-44	0.00709	0.03488	2.66	90724	3165	446227	2748831	30.30
1983	45-49	0.01088	0.05306	2.7	87560	4646	427120	2302604	26.30
1983	50-54	0.01515	0.07298	2.49	82913	6051	399356	1875484	22.62
1983	55-59	0.02269	0.10760	2.61	76862	8271	364548	1476128	19.20
1983	60-64	0.03168	0.14719	2.59	68591	10096	318645	1111580	16.21
1983	65-69	0.03834	0.17553	2.6	58495	10267	267800	792935	13.56
1983	70-74	0.05610	0.24534	2.44	48228	11832	210901	525136	10.89
1983	75-79	0.07747	0.32030	2.3	36395	11658	150473	314235	8.63
1983	80-84	0.11756	0.45073	2.41	24738	11150	94845	163762	6.62
1983	85-89	0.16847	0.57900	2.3	13588	7867	46699	68917	5.07
1983	90-94	0.23505	0.70419	2.15	5720	4028	17138	22218	3.88
1983	95-99	0.31737	0.81005	1.98	1692	1371	4319	5080	3.00
1983	100-104	0.41266	0.88704	1.79	321	285	691	761	2.37
1983	105-109	0.51508	0.93577	1.6	36	34	66	70	1.92
1983	110+	0.59872	1.00000	1.67	2	2	4	4	1.67
1984	0	0.02913	0.02840	0.12	100000	2840	97510	6505467	65.05
1984	1-4	0.00070	0.00281	1.54	97160	273	387968	6407957	65.95
1984	5-9	0.00034	0.00169	1.56	96887	163	483872	6019989	62.13
1984	10-14	0.00044	0.00218	2.59	96723	211	483107	5536117	57.24
1984	15-19	0.00134	0.00669	3.26	96512	646	481436	5053010	52.36
1984	20-24	0.00192	0.00953	2.44	95866	913	476993	4571574	47.69
1984	25-29	0.00244	0.01213	2.65	94953	1152	472052	4094582	43.12
1984	30-34	0.00434	0.02146	2.63	93801	2013	464242	3622529	38.62
1984	35-39	0.00555	0.02738	2.52	91788	2513	452696	3158287	34.41
1984	40-44	0.00748	0.03678	2.69	89275	3284	438776	2705591	30.31
1984	45-49	0.01056	0.05139	2.4	85991	4419	418477	2266814	26.36
1984	50-54	0.01635	0.07851	2.47	81572	6404	391636	1848338	22.66
1984	55-59	0.02206	0.10459	2.53	75169	7862	356462	1456701	19.38
1984	60-64	0.03100	0.14412	2.56	67307	9700	312881	1100239	16.35
1984	65-69	0.03600	0.16504	2.48	57607	9507	264104	787358	13.67
1984	70-74	0.05630	0.24866	2.65	48099	11960	212432	523254	10.88
1984	75-79	0.07325	0.30897	2.47	36139	11166	152429	310823	8.60
1984	80-84	0.12534	0.47234	2.39	24973	11796	94110	158394	6.34
1984	85-89	0.17758	0.59852	2.28	13177	7887	44413	64284	4.88
1984	90-94	0.24502	0.71929	2.13	5290	3805	15531	19871	3.76
1984	95-99	0.32738	0.81984	1.96	1485	1218	3719	4340	2.92
1984	100-104	0.42172	0.89231	1.77	268	239	566	621	2.32
1984	105-109	0.52228	0.93813	1.58	29	27	52	55	1.90
1984	110+	0.60411	1.00000	1.66	2	2	3	3	1.66
1985	0	0.02864	0.02794	0.12	100000	2794	97546	6461626	64.62
1985	1-4	0.00083	0.00329	1.68	97206	320	388081	6364080	65.47
1985	5-9	0.00014	0.00069	2.5	96886	67	484261	5975998	61.68
1985	10-14	0.00023	0.00113	2.62	96819	109	483833	5491738	56.72
1985	15-19	0.00089	0.00443	3.34	96709	429	482835	5007905	51.78
1985	20-24	0.00197	0.00983	2.5	96281	946	479035	4525070	47.00
1985	25-29	0.00266	0.01325	2.91	95335	1263	474033	4046035	42.44
1985	30-34	0.00453	0.02241	2.59	94072	2109	465268	3572002	37.97
1985	35-39	0.00673	0.03304	2.35	91963	3039	451758	3106734	33.78
1985	40-44	0.00765	0.03750	2.46	88924	3335	436149	2654976	29.86
1985	45-49	0.01236	0.06002	2.61	85589	5137	415671	2218827	25.92
1985	50-54	0.01724	0.08271	2.55	80452	6654	385989	1803155	22.41
1985	55-59	0.02234	0.10594	2.56	73798	7818	349936	1417166	19.20
1985	60-64	0.02909	0.13528	2.41	65980	8926	306801	1067230	16.18
1985	65-69	0.04104	0.18617	2.51	57054	10622	258790	760429	13.33
1985	70-74	0.05719	0.25165	2.62	46432	11685	204301	501639	10.80
1985	75-79	0.07538	0.31474	2.38	34748	10936	145086	297338	8.56
1985	80-84	0.12393	0.46845	2.4	23811	11154	90008	152253	6.39
1985	85-89	0.17575	0.59463	2.28	12657	7526	42823	62244	4.92
1985	90-94	0.24275	0.71588	2.13	5131	3673	15130	19421	3.79
1985	95-99	0.32475	0.81726	1.96	1458	1191	3668	4291	2.94
1985	100-104	0.41887	0.89061	1.77	266	237	566	622	2.34
1985	105-109	0.51940	0.93714	1.59	29	27	53	56	1.91
1985	110+	0.60131	1.00000	1.66	2	2	3	3	1.66
1986	0	0.02905	0.02832	0.12	100000	2832	97516	6382104	63.82
1986	1-4	0.00063	0.00252	1.83	97168	245	388138	6284588	64.68
1986	5-9	0.00032	0.00160	2.64	96923	155	484247	5896451	60.84
1986	10-14	0.00044	0.00222	3.95	96768	215	483614	5412203	55.93
1986	15-19	0.00100	0.00501	2.75	96553	484	481676	4928590	51.05
1986	20-24	0.00234	0.01165	2.37	96069	1119	477399	4446914	46.29
1986	25-29	0.00304	0.01511	2.9	94950	1434	471743	3969515	41.81
1986	30-34	0.00540	0.02668	2.65	93516	2495	461722	3497773	37.40
1986	35-39	0.00748	0.03678	2.69	91021	3348	447381	3036051	33.36
1986	40-44	0.00860	0.04213	2.56	87673	3693	429352	2588670	29.53
1986	45-49	0.01320	0.06395	2.57	83980	5371	406841	2159319	25.71
1986	50-54	0.01614	0.07782	2.7	78609	6117	378965	1752478	22.29
1986	55-59	0.02235	0.10578	2.47	72492	7668	343067	1373513	18.95
1986	60-64	0.03180	0.14762	2.57	64824	9569	300871	1030446	15.90
1986	65-69	0.04229	0.19274	2.71	55255	10650	251849	729574	13.20
1986	70-74	0.05402	0.23755	2.46	44605	10596	196160	477725	10.71
1986	75-79	0.08511	0.34821	2.39	34009	11843	139140	281566	8.28
1986	80-84	0.12201	0.46342	2.41	22167	10273	84193	142426	6.43
1986	85-89	0.17583	0.59522	2.29	11894	7080	40264	58233	4.90
1986	90-94	0.24617	0.72153	2.13	4815	3474	14112	17968	3.73
1986	95-99	0.33273	0.82552	1.95	1341	1107	3326	3857	2.88
1986	100-104	0.43203	0.89867	1.75	234	210	487	530	2.27
1986	105-109	0.53730	0.94336	1.56	24	22	42	44	1.85
1986	110+	0.62260	1.00000	1.61	1	1	2	2	1.61
1987	0	0.02516	0.02461	0.11	100000	2461	97816	6328702	63.29
1987	1-4	0.00050	0.00199	1.26	97539	194	389626	6230885	63.88
1987	5-9	0.00043	0.00216	2.15	97345	210	486127	5841259	60.01
1987	10-14	0.00056	0.00278	2.48	97135	270	484993	5355132	55.13
1987	15-19	0.00152	0.00758	2.45	96865	734	482450	4870139	50.28
1987	20-24	0.00297	0.01474	2.54	96131	1417	477162	4387689	45.64
1987	25-29	0.00440	0.02180	2.95	94714	2065	469332	3910527	41.29
1987	30-34	0.00639	0.03147	2.66	92649	2915	456430	3441196	37.14
1987	35-39	0.00812	0.03983	2.57	89734	3574	439973	2984766	33.26
1987	40-44	0.00945	0.04626	2.77	86160	3986	421922	2544793	29.54
1987	45-49	0.01315	0.06381	2.67	82174	5244	398673	2122871	25.83
1987	50-54	0.01740	0.08359	2.65	76930	6431	369532	1724198	22.41
1987	55-59	0.02186	0.10373	2.55	70499	7313	334614	1354666	19.22
1987	60-64	0.02875	0.13461	2.63	63186	8505	295790	1020052	16.14
1987	65-69	0.04226	0.19150	2.55	54681	10472	247776	724261	13.25
1987	70-74	0.05439	0.23962	2.52	44209	10593	194784	476485	10.78
1987	75-79	0.08222	0.34099	2.5	33616	11463	139411	281702	8.38
1987	80-84	0.12074	0.46020	2.42	22153	10195	84440	142291	6.42
1987	85-89	0.17743	0.59915	2.29	11958	7165	40382	57851	4.84
1987	90-94	0.25242	0.73138	2.13	4794	3506	13889	17469	3.64
1987	95-99	0.34518	0.83760	1.93	1288	1079	3125	3579	2.78
1987	100-104	0.45121	0.90934	1.72	209	190	421	455	2.18
1987	105-109	0.56219	0.95100	1.52	19	18	32	33	1.77
1987	110+	0.65120	1.00000	1.54	1	1	1	1	1.54
1988	0	0.02935	0.02861	0.12	100000	2861	97493	6234382	62.34
1988	1-4	0.00064	0.00256	1.93	97139	249	388040	6136889	63.18
1988	5-9	0.00024	0.00118	1.61	96890	114	484062	5748849	59.33
1988	10-14	0.00031	0.00156	3.9	96776	151	483712	5264787	54.40
1988	15-19	0.00259	0.01288	2.75	96625	1244	480329	4781075	49.48
1988	20-24	0.00356	0.01766	2.73	95380	1684	473078	4300745	45.09
1988	25-29	0.00440	0.02176	2.54	93696	2039	463465	3827667	40.85
1988	30-34	0.00738	0.03623	2.52	91657	3321	450050	3364202	36.70
1988	35-39	0.00823	0.04030	2.4	88336	3560	432410	2914152	32.99
1988	40-44	0.01074	0.05230	2.55	84776	4434	413013	2481743	29.27
1988	45-49	0.01236	0.06008	2.66	80341	4827	390392	2068730	25.75
1988	50-54	0.01477	0.07141	2.67	75515	5392	364990	1678338	22.23
1988	55-59	0.02109	0.10027	2.55	70123	7031	333396	1313348	18.73
1988	60-64	0.03327	0.15346	2.47	63091	9682	290983	979952	15.53
1988	65-69	0.04648	0.20851	2.53	53410	11136	239586	688969	12.90
1988	70-74	0.05836	0.25398	2.45	42273	10736	183954	449383	10.63
1988	75-79	0.07863	0.32936	2.54	31537	10387	132106	265429	8.42
1988	80-84	0.13115	0.48677	2.35	21150	10295	78498	133323	6.30
1988	85-89	0.17403	0.58923	2.26	10855	6396	36752	54824	5.05
1988	90-94	0.22703	0.68894	2.15	4459	3072	13530	18073	4.05
1988	95-99	0.29024	0.77755	2.01	1387	1078	3716	4542	3.27
1988	100-104	0.36259	0.84910	1.87	309	262	723	827	2.68
1988	105-109	0.44169	0.90174	1.72	47	42	95	104	2.24
1988	110+	0.50655	1.00000	1.97	5	5	9	9	1.97
1989	0	0.03423	0.03325	0.14	100000	3325	97130	6123447	61.23
1989	1-4	0.00086	0.00342	1.61	96675	331	385909	6026316	62.34
1989	5-9	0.00026	0.00129	3.33	96344	124	481514	5640407	58.54
1989	10-14	0.00068	0.00337	3.01	96220	324	480454	5158893	53.62
1989	15-19	0.00384	0.01902	2.74	95895	1824	475364	4678439	48.79
1989	20-24	0.00374	0.01855	2.59	94072	1745	466145	4203075	44.68
1989	25-29	0.00431	0.02131	2.47	92326	1967	456650	3736930	40.48
1989	30-34	0.00759	0.03726	2.62	90359	3367	443773	3280280	36.30
1989	35-39	0.01038	0.05054	2.46	86992	4397	423771	2836507	32.61
1989	40-44	0.01150	0.05583	2.44	82595	4612	401152	2412736	29.21
1989	45-49	0.01232	0.05978	2.55	77984	4662	378498	2011585	25.79
1989	50-54	0.01751	0.08416	2.69	73322	6171	352377	1633087	22.27
1989	55-59	0.02173	0.10351	2.7	67151	6950	319791	1280709	19.07
1989	60-64	0.03004	0.14040	2.68	60200	8452	281385	960918	15.96
1989	65-69	0.04354	0.19646	2.52	51748	10167	233499	679533	13.13
1989	70-74	0.05428	0.23960	2.55	41582	9963	183547	446035	10.73
1989	75-79	0.08364	0.34438	2.44	31619	10889	130182	262488	8.30
1989	80-84	0.12692	0.47595	2.37	20730	9866	77739	132306	6.38
1989	85-89	0.17338	0.58857	2.27	10864	6394	36878	54568	5.02
1989	90-94	0.23200	0.69790	2.15	4470	3119	13445	17690	3.96
1989	95-99	0.30284	0.79298	2	1350	1071	3536	4244	3.14
1989	100-104	0.38424	0.86663	1.83	280	242	630	708	2.53
1989	105-109	0.47268	0.91772	1.67	37	34	72	78	2.09
1989	110+	0.54527	1.00000	1.83	3	3	6	6	1.83
1990	0	0.03269	0.03179	0.13	100000	3179	97243	6170723	61.71
1990	1-4	0.00107	0.00428	1.75	96821	415	386351	6073480	62.73
1990	5-9	0.00044	0.00220	1.85	96406	212	481362	5687129	58.99
1990	10-14	0.00042	0.00211	2.37	96194	203	480437	5205767	54.12
1990	15-19	0.00427	0.02114	2.87	95991	2030	475631	4725330	49.23
1990	20-24	0.00401	0.01988	2.66	93962	1868	465435	4249699	45.23
1990	25-29	0.00525	0.02588	2.38	92094	2383	454216	3784264	41.09
1990	30-34	0.00721	0.03547	2.64	89711	3182	441031	3330048	37.12
1990	35-39	0.00973	0.04744	2.42	86529	4105	422067	2889017	33.39
1990	40-44	0.01071	0.05216	2.5	82424	4299	401381	2466949	29.93
1990	45-49	0.01337	0.06462	2.42	78125	5049	377609	2065568	26.44
1990	50-54	0.01643	0.07892	2.52	73077	5767	351086	1687959	23.10
1990	55-59	0.01946	0.09266	2.43	67309	6237	320538	1336873	19.86
1990	60-64	0.02818	0.13206	2.62	61072	8065	286166	1016336	16.64
1990	65-69	0.04101	0.18571	2.46	53007	9844	240035	730169	13.78
1990	70-74	0.05182	0.22902	2.47	43163	9885	190770	490135	11.36
1990	75-79	0.06845	0.28932	2.33	33278	9628	140659	299365	9.00
1990	80-84	0.11146	0.43399	2.45	23650	10264	92082	158706	6.71
1990	85-89	0.16934	0.58240	2.32	13386	7796	46036	66624	4.98
1990	90-94	0.24805	0.72596	2.14	5590	4058	16360	20587	3.68
1990	95-99	0.34724	0.84038	1.93	1532	1287	3707	4228	2.76
1990	100-104	0.46147	0.91505	1.7	245	224	485	520	2.13
1990	105-109	0.58037	0.95616	1.49	21	20	34	36	1.71
1990	110+	0.67482	1.00000	1.48	1	1	1	1	1.48
1991	0	0.03311	0.03218	0.13	100000	3218	97212	6171864	61.72
1991	1-4	0.00088	0.00350	1.49	96782	339	386276	6074652	62.77
1991	5-9	0.00019	0.00093	1.53	96443	90	481901	5688376	58.98
1991	10-14	0.00072	0.00358	3.34	96353	345	481190	5206475	54.04
1991	15-19	0.00536	0.02645	2.67	96007	2540	474115	4725285	49.22
1991	20-24	0.00461	0.02279	2.44	93468	2130	461884	4251170	45.48
1991	25-29	0.00444	0.02200	2.8	91338	2010	452266	3789286	41.49
1991	30-34	0.00598	0.02947	2.54	89328	2632	440175	3337020	37.36
1991	35-39	0.00939	0.04592	2.58	86696	3981	423841	2896846	33.41
1991	40-44	0.01023	0.04990	2.55	82715	4128	403467	2473004	29.90
1991	45-49	0.01465	0.07074	2.6	78587	5559	379594	2069537	26.33
1991	50-54	0.01632	0.07861	2.66	73028	5741	351684	1689943	23.14
1991	55-59	0.01888	0.09030	2.59	67287	6076	321786	1338259	19.89
1991	60-64	0.03101	0.14372	2.46	61211	8797	283722	1016473	16.61
1991	65-69	0.03855	0.17633	2.59	52414	9242	239758	732751	13.98
1991	70-74	0.05182	0.22984	2.54	43171	9923	191494	492993	11.42
1991	75-79	0.06867	0.29415	2.56	33249	9780	142419	301499	9.07
1991	80-84	0.11745	0.44955	2.39	23469	10550	89824	159080	6.78
1991	85-89	0.16007	0.55875	2.3	12918	7218	45094	69256	5.36
1991	90-94	0.21410	0.66767	2.18	5700	3806	17776	24162	4.24
1991	95-99	0.27997	0.76576	2.04	1894	1451	5181	6386	3.37
1991	100-104	0.35664	0.84488	1.89	444	375	1051	1205	2.72
1991	105-109	0.44134	0.90212	1.72	69	62	141	154	2.24
1991	110+	0.51118	1.00000	1.96	7	7	13	13	1.96
1992	0	0.02747	0.02683	0.12	100000	2683	97636	6175644	61.76
1992	1-4	0.00097	0.00387	1.87	97317	376	388470	6078008	62.46
1992	5-9	0.00036	0.00180	1.57	96941	175	484108	5689538	58.69
1992	10-14	0.00090	0.00447	2.54	96767	432	482771	5205431	53.79
1992	15-19	0.00502	0.02484	2.91	96334	2393	476666	4722660	49.02
1992	20-24	0.00468	0.02310	2.25	93942	2170	463741	4245994	45.20
1992	25-29	0.00512	0.02528	2.72	91772	2320	453581	3782253	41.21
1992	30-34	0.00736	0.03620	2.79	89452	3238	440101	3328672	37.21
1992	35-39	0.00959	0.04686	2.58	86214	4040	421281	2888571	33.50
1992	40-44	0.01254	0.06069	2.38	82174	4987	397801	2467290	30.03
1992	45-49	0.01257	0.06098	2.54	77187	4707	374353	2069490	26.81
1992	50-54	0.01300	0.06309	2.69	72480	4573	351838	1695137	23.39
1992	55-59	0.02077	0.09886	2.56	67907	6713	323134	1343299	19.78
1992	60-64	0.02887	0.13452	2.46	61194	8232	285088	1020165	16.67
1992	65-69	0.03875	0.17715	2.58	52962	9382	242106	735078	13.88
1992	70-74	0.05177	0.23063	2.64	43580	10051	194166	492972	11.31
1992	75-79	0.07198	0.30739	2.63	33529	10306	143193	298806	8.91
1992	80-84	0.11134	0.43372	2.45	23223	10072	90463	155613	6.70
1992	85-89	0.17008	0.58417	2.32	13151	7682	45169	65150	4.95
1992	90-94	0.25021	0.72932	2.14	5468	3988	15939	19981	3.65
1992	95-99	0.35127	0.84406	1.92	1480	1249	3557	4042	2.73
1992	100-104	0.46745	0.91796	1.69	231	212	453	485	2.10
1992	105-109	0.58779	0.95801	1.48	19	18	31	32	1.69
1992	110+	0.68296	1.00000	1.46	1	1	1	1	1.46
1993	0	0.02294	0.02248	0.11	100000	2248	97991	6132603	61.33
1993	1-4	0.00117	0.00465	1	97752	454	389643	6034612	61.73
1993	5-9	0.00018	0.00089	1.88	97298	86	486220	5644968	58.02
1993	10-14	0.00035	0.00173	3.72	97212	168	485843	5158748	53.07
1993	15-19	0.00678	0.03345	2.98	97043	3246	478655	4672905	48.15
1993	20-24	0.00409	0.02024	2.25	93798	1898	463763	4194250	44.72
1993	25-29	0.00425	0.02106	2.62	91899	1935	454885	3730487	40.59
1993	30-34	0.00722	0.03550	2.71	89964	3193	442497	3275603	36.41
1993	35-39	0.01066	0.05188	2.39	86771	4502	422127	2833106	32.65
1993	40-44	0.01321	0.06380	2.33	82269	5249	397356	2410980	29.31
1993	45-49	0.01385	0.06683	2.39	77020	5147	371658	2013623	26.14
1993	50-54	0.01722	0.08293	2.76	71873	5960	346029	1641965	22.85
1993	55-59	0.02165	0.10312	2.71	65913	6797	313999	1295936	19.66
1993	60-64	0.02790	0.13039	2.5	59116	7708	276311	981938	16.61
1993	65-69	0.04072	0.18555	2.61	51408	9539	234248	705627	13.73
1993	70-74	0.05199	0.23018	2.51	41869	9637	185376	471379	11.26
1993	75-79	0.07471	0.31268	2.4	32232	10078	134908	286003	8.87
1993	80-84	0.11189	0.43453	2.43	22154	9626	86032	151095	6.82
1993	85-89	0.16265	0.56621	2.32	12527	7093	43609	65063	5.19
1993	90-94	0.22992	0.69634	2.17	5434	3784	16459	21454	3.95
1993	95-99	0.31398	0.80692	1.99	1650	1332	4241	4996	3.03
1993	100-104	0.41199	0.88695	1.79	319	283	686	755	2.37
1993	105-109	0.51762	0.93690	1.6	36	34	65	69	1.91
1993	110+	0.60392	1.00000	1.66	2	2	4	4	1.66
1994	0	0.02496	0.02441	0.11	100000	2441	97832	6131006	61.31
1994	1-4	0.00082	0.00325	1.54	97559	318	389453	6033174	61.84
1994	5-9	0.00038	0.00190	1.26	97241	185	485513	5643721	58.04
1994	10-14	0.00075	0.00376	3.49	97056	365	484729	5158208	53.15
1994	15-19	0.00554	0.02742	3.16	96691	2651	478571	4673480	48.33
1994	20-24	0.00478	0.02359	2.31	94040	2218	464226	4194909	44.61
1994	25-29	0.00438	0.02170	2.88	91822	1992	454877	3730682	40.63
1994	30-34	0.00668	0.03289	2.68	89829	2955	442305	3275805	36.47
1994	35-39	0.01131	0.05508	2.66	86875	4785	423175	2833500	32.62
1994	40-44	0.01391	0.06719	2.47	82090	5516	396496	2410325	29.36
1994	45-49	0.01509	0.07262	2.4	76574	5561	368388	2013829	26.30
1994	50-54	0.01582	0.07628	2.66	71013	5417	342417	1645441	23.17
1994	55-59	0.02017	0.09607	2.54	65596	6302	312494	1303024	19.86
1994	60-64	0.02761	0.12876	2.38	59294	7634	276505	990530	16.71
1994	65-69	0.03854	0.17573	2.49	51660	9078	235540	714025	13.82
1994	70-74	0.05265	0.23285	2.52	42582	9915	188314	478485	11.24
1994	75-79	0.07070	0.30103	2.54	32667	9834	139096	290171	8.88
1994	80-84	0.11428	0.44212	2.44	22833	10095	88335	151076	6.62
1994	85-89	0.17211	0.58828	2.31	12738	7494	43541	62741	4.93
1994	90-94	0.25014	0.72879	2.14	5245	3822	15280	19200	3.66
1994	95-99	0.34792	0.84073	1.93	1422	1196	3437	3921	2.76
1994	100-104	0.46021	0.91427	1.7	227	207	450	484	2.13
1994	105-109	0.57712	0.95524	1.5	19	19	32	33	1.72
1994	110+	0.67017	1.00000	1.49	1	1	1	1	1.49
1995	0	0.01779	0.01751	0.09	100000	1751	98412	6258202	62.58
1995	1-4	0.00053	0.00212	2	98249	208	392581	6159790	62.70
1995	5-9	0.00032	0.00157	1.83	98041	154	489717	5767209	58.82
1995	10-14	0.00055	0.00277	3.37	97887	271	488993	5277492	53.91
1995	15-19	0.00536	0.02651	3.02	97616	2588	482964	4788499	49.05
1995	20-24	0.00433	0.02140	2.41	95028	2033	469867	4305535	45.31
1995	25-29	0.00405	0.02005	2.64	92995	1864	460577	3835669	41.25
1995	30-34	0.00663	0.03263	2.64	91131	2973	448625	3375091	37.04
1995	35-39	0.00966	0.04719	2.62	88157	4160	430900	2926466	33.20
1995	40-44	0.01316	0.06377	2.58	83997	5357	407006	2495566	29.71
1995	45-49	0.01496	0.07221	2.58	78640	5678	379479	2088560	26.56
1995	50-54	0.01547	0.07462	2.63	72962	5445	351891	1709081	23.42
1995	55-59	0.02081	0.09907	2.59	67518	6689	321475	1357190	20.10
1995	60-64	0.02886	0.13490	2.59	60829	8206	284328	1035715	17.03
1995	65-69	0.03458	0.15957	2.59	52623	8397	242855	751387	14.28
1995	70-74	0.04864	0.21689	2.51	44226	9592	197214	508531	11.50
1995	75-79	0.06692	0.28336	2.3	34634	9814	146642	311317	8.99
1995	80-84	0.11507	0.44411	2.43	24820	11023	95790	164676	6.63
1995	85-89	0.17012	0.58345	2.31	13797	8050	47319	68886	4.99
1995	90-94	0.24359	0.71840	2.15	5747	4129	16951	21567	3.75
1995	95-99	0.33528	0.82868	1.95	1618	1341	4000	4616	2.85
1995	100-104	0.44107	0.90419	1.74	277	251	568	616	2.22
1995	105-109	0.55279	0.94842	1.54	27	25	46	48	1.80
1995	110+	0.64280	1.00000	1.56	1	1	2	2	1.56
1996	0	0.01936	0.01903	0.1	100000	1903	98282	6356312	63.56
1996	1-4	0.00077	0.00305	1.66	98097	300	391688	6258030	63.79
1996	5-9	0.00036	0.00182	1.87	97798	178	488433	5866342	59.98
1996	10-14	0.00063	0.00317	3.63	97620	309	487676	5377909	55.09
1996	15-19	0.00433	0.02147	3.04	97311	2090	482456	4890233	50.25
1996	20-24	0.00477	0.02353	2.2	95221	2241	469827	4407777	46.29
1996	25-29	0.00345	0.01711	2.72	92980	1591	461275	3937950	42.35
1996	30-34	0.00526	0.02599	2.73	91390	2375	451569	3476675	38.04
1996	35-39	0.00841	0.04118	2.47	89015	3666	435797	3025105	33.98
1996	40-44	0.01209	0.05876	2.61	85349	5015	414751	2589309	30.34
1996	45-49	0.01365	0.06608	2.59	80334	5308	388863	2174557	27.07
1996	50-54	0.01326	0.06411	2.44	75026	4810	362806	1785694	23.80
1996	55-59	0.02052	0.09786	2.64	70216	6871	334859	1422888	20.26
1996	60-64	0.02723	0.12815	2.7	63345	8118	298088	1088029	17.18
1996	65-69	0.03369	0.15586	2.6	55227	8608	255482	789941	14.30
1996	70-74	0.05099	0.22609	2.5	46619	10540	206699	534459	11.46
1996	75-79	0.06346	0.27189	2.37	36079	9810	154581	327761	9.08
1996	80-84	0.11277	0.43824	2.46	26269	11512	102090	173180	6.59
1996	85-89	0.17543	0.59636	2.32	14757	8801	50165	71090	4.82
1996	90-94	0.26162	0.74621	2.12	5957	4445	16990	20925	3.51
1996	95-99	0.37020	0.86012	1.89	1512	1300	3512	3934	2.60
1996	100-104	0.49360	0.92950	1.65	211	197	398	422	2.00
1996	105-109	0.61854	0.96488	1.43	15	14	23	24	1.61
1996	110+	0.71528	1.00000	1.4	1	1	1	1	1.40
1997	0	0.01821	0.01791	0.09	100000	1791	98377	6603868	66.04
1997	1-4	0.00063	0.00252	1.3	98209	248	392164	6505491	66.24
1997	5-9	0.00020	0.00101	2	97961	99	489507	6113327	62.41
1997	10-14	0.00057	0.00285	2.39	97862	279	488580	5623820	57.47
1997	15-19	0.00417	0.02072	3.24	97583	2021	484360	5135240	52.62
1997	20-24	0.00432	0.02136	2.39	95562	2042	472483	4650880	48.67
1997	25-29	0.00219	0.01089	2.73	93520	1018	465292	4178397	44.68
1997	30-34	0.00304	0.01509	2.61	92502	1396	459177	3713105	40.14
1997	35-39	0.00528	0.02607	2.63	91106	2375	449910	3253928	35.72
1997	40-44	0.00830	0.04060	2.36	88731	3603	434160	2804018	31.60
1997	45-49	0.01103	0.05362	2.39	85128	4564	413731	2369858	27.84
1997	50-54	0.01434	0.06931	2.59	80564	5584	389341	1956127	24.28
1997	55-59	0.01902	0.09086	2.55	74980	6813	358200	1566786	20.90
1997	60-64	0.02717	0.12744	2.57	68167	8687	319768	1208586	17.73
1997	65-69	0.03279	0.15179	2.56	59480	9028	275369	888818	14.94
1997	70-74	0.04329	0.19536	2.51	50452	9856	227669	613450	12.16
1997	75-79	0.06034	0.26279	2.55	40596	10668	176808	385780	9.50
1997	80-84	0.10808	0.42326	2.44	29927	12667	117201	208973	6.98
1997	85-89	0.15763	0.55463	2.33	17260	9573	60733	91772	5.32
1997	90-94	0.22365	0.68605	2.18	7687	5274	23580	31039	4.04
1997	95-99	0.30665	0.79914	2	2413	1929	6289	7459	3.09
1997	100-104	0.40405	0.88195	1.81	485	428	1058	1169	2.41
1997	105-109	0.50971	0.93410	1.61	57	53	105	111	1.94
1997	110+	0.59632	1.00000	1.68	4	4	6	6	1.68
1998	0	0.01651	0.01627	0.09	100000	1627	98519	6741064	67.41
1998	1-4	0.00064	0.00255	1.93	98373	251	392973	6642545	67.52
1998	5-9	0.00033	0.00163	1.85	98123	160	490108	6249572	63.69
1998	10-14	0.00022	0.00111	3.54	97962	108	489654	5759464	58.79
1998	15-19	0.00245	0.01219	2.82	97854	1193	486667	5269810	53.85
1998	20-24	0.00290	0.01441	2.46	96661	1393	479774	4783143	49.48
1998	25-29	0.00231	0.01149	2.14	95269	1095	473217	4303369	45.17
1998	30-34	0.00357	0.01774	2.87	94174	1671	467318	3830152	40.67
1998	35-39	0.00528	0.02611	2.88	92504	2415	457402	3362834	36.35
1998	40-44	0.00775	0.03803	2.59	90088	3426	442195	2905433	32.25
1998	45-49	0.01028	0.05017	2.65	86662	4348	423085	2463238	28.42
1998	50-54	0.01064	0.05191	2.67	82315	4273	401631	2040153	24.78
1998	55-59	0.01718	0.08273	2.76	78041	6457	375765	1638522	21.00
1998	60-64	0.02647	0.12478	2.71	71585	8932	337480	1262757	17.64
1998	65-69	0.03451	0.15993	2.71	62653	10020	290351	925277	14.77
1998	70-74	0.04848	0.21683	2.57	52633	11412	235391	634926	12.06
1998	75-79	0.06673	0.28572	2.49	41221	11778	176499	399535	9.69
1998	80-84	0.09961	0.39673	2.44	29443	11681	117270	223036	7.58
1998	85-89	0.13875	0.50728	2.35	17762	9010	64939	105766	5.95
1998	90-94	0.18974	0.62258	2.24	8752	5449	28717	40827	4.67
1998	95-99	0.25357	0.73082	2.1	3303	2414	9520	12110	3.67
1998	100-104	0.32979	0.82115	1.94	889	730	2214	2590	2.91
1998	105-109	0.41597	0.88798	1.77	159	141	339	376	2.36
1998	110+	0.48759	1.00000	2.05	18	18	37	37	2.05
1999	0	0.01822	0.01792	0.09	100000	1792	98376	6734729	67.35
1999	1-4	0.00047	0.00186	1.14	98208	183	392309	6636353	67.57
1999	5-9	0.00038	0.00190	2.49	98025	187	489659	6244044	63.70
1999	10-14	0.00029	0.00143	3.61	97839	140	488999	5754385	58.81
1999	15-19	0.00267	0.01326	2.87	97699	1296	485740	5265385	53.89
1999	20-24	0.00235	0.01165	2.12	96403	1123	478784	4779645	49.58
1999	25-29	0.00226	0.01124	2.45	95281	1071	473672	4300861	45.14
1999	30-34	0.00286	0.01419	2.8	94210	1337	468108	3827190	40.62
1999	35-39	0.00442	0.02187	2.49	92873	2031	459269	3359082	36.17
1999	40-44	0.00750	0.03684	2.64	90842	3347	446311	2899813	31.92
1999	45-49	0.01065	0.05180	2.34	87495	4532	425410	2453501	28.04
1999	50-54	0.01373	0.06638	2.52	82963	5507	401184	2028091	24.45
1999	55-59	0.01731	0.08315	2.64	77456	6440	372109	1626906	21.00
1999	60-64	0.02579	0.12161	2.66	71016	8637	334844	1254797	17.67
1999	65-69	0.03061	0.14284	2.66	62379	8910	291062	919953	14.75
1999	70-74	0.04681	0.20981	2.53	53469	11218	239636	628891	11.76
1999	75-79	0.06895	0.29623	2.63	42251	12516	181529	389254	9.21
1999	80-84	0.10868	0.42490	2.43	29735	12634	116253	207725	6.99
1999	85-89	0.15697	0.55286	2.33	17100	9454	60229	91473	5.35
1999	90-94	0.22089	0.68109	2.19	7646	5208	23576	31243	4.09
1999	95-99	0.30100	0.79256	2.01	2438	1933	6421	7667	3.14
1999	100-104	0.39506	0.87569	1.82	506	443	1121	1246	2.46
1999	105-109	0.49761	0.92932	1.63	63	58	117	125	1.99
1999	110+	0.58192	1.00000	1.72	4	4	8	8	1.72
2000	0	0.01701	0.01675	0.09	100000	1675	98477	6803705	68.04
2000	1-4	0.00055	0.00218	1.2	98325	214	392699	6705229	68.19
2000	5-9	0.00022	0.00112	2.96	98111	110	490328	6312530	64.34
2000	10-14	0.00028	0.00141	3.82	98001	138	489839	5822201	59.41
2000	15-19	0.00188	0.00939	3.01	97862	919	487484	5332362	54.49
2000	20-24	0.00260	0.01293	2.47	96944	1253	481545	4844877	49.98
2000	25-29	0.00191	0.00952	2.58	95691	911	476245	4363333	45.60
2000	30-34	0.00290	0.01441	2.74	94780	1366	470818	3887088	41.01
2000	35-39	0.00432	0.02137	2.73	93414	1996	462550	3416270	36.57
2000	40-44	0.00749	0.03685	2.87	91418	3369	449900	2953720	32.31
2000	45-49	0.01080	0.05258	2.52	88049	4630	428743	2503820	28.44
2000	50-54	0.01281	0.06202	2.47	83419	5174	404022	2075077	24.88
2000	55-59	0.01677	0.08091	2.84	78246	6331	377550	1671055	21.36
2000	60-64	0.02387	0.11287	2.59	71914	8117	340049	1293506	17.99
2000	65-69	0.03127	0.14499	2.5	63797	9250	295842	953457	14.95
2000	70-74	0.04478	0.20169	2.54	54548	11001	245670	657615	12.06
2000	75-79	0.06510	0.27970	2.48	43546	12180	187091	411945	9.46
2000	80-84	0.10154	0.40392	2.47	31366	12670	124769	224854	7.17
2000	85-89	0.15403	0.54700	2.35	18697	10227	66394	100085	5.35
2000	90-94	0.22610	0.69128	2.19	8470	5855	25895	33690	3.98
2000	95-99	0.31838	0.81274	1.99	2615	2125	6675	7795	2.98
2000	100-104	0.42709	0.89700	1.77	490	439	1028	1120	2.29
2000	105-109	0.54360	0.94604	1.55	50	48	88	92	1.82
2000	110+	0.63798	1.00000	1.57	3	3	4	4	1.57
2001	0	0.01449	0.01430	0.08	100000	1430	98690	6796798	67.97
2001	1-4	0.00047	0.00186	0.87	98570	183	393708	6698107	67.95
2001	5-9	0.00024	0.00120	1.69	98387	118	491546	6304399	64.08
2001	10-14	0.00050	0.00250	2.15	98269	245	490647	5812854	59.15
2001	15-19	0.00225	0.01119	2.93	98024	1096	487847	5322207	54.29
2001	20-24	0.00339	0.01682	2.3	96928	1630	480236	4834360	49.88
2001	25-29	0.00253	0.01255	2.57	95297	1196	473585	4354125	45.69
2001	30-34	0.00256	0.01274	2.66	94101	1199	467704	3880540	41.24
2001	35-39	0.00447	0.02212	2.69	92903	2055	459774	3412836	36.74
2001	40-44	0.00705	0.03468	2.65	90848	3151	446821	2953062	32.51
2001	45-49	0.01078	0.05262	2.72	87697	4614	427965	2506241	28.58
2001	50-54	0.01416	0.06832	2.45	83083	5676	400910	2078276	25.01
2001	55-59	0.01634	0.07859	2.56	77406	6083	372187	1677366	21.67
2001	60-64	0.02152	0.10213	2.5	71323	7284	338434	1305179	18.30
2001	65-69	0.02795	0.13048	2.45	64039	8356	298919	966745	15.10
2001	70-74	0.04630	0.20897	2.67	55683	11636	251333	667825	11.99
2001	75-79	0.06454	0.27961	2.61	44047	12316	190837	416492	9.46
2001	80-84	0.10349	0.40976	2.46	31731	13002	125636	225655	7.11
2001	85-89	0.15517	0.54944	2.34	18729	10291	66319	100019	5.34
2001	90-94	0.22548	0.68992	2.19	8439	5822	25819	33699	3.99
2001	95-99	0.31504	0.80894	1.99	2617	2117	6719	7880	3.01
2001	100-104	0.42043	0.89283	1.78	500	446	1062	1161	2.32
2001	105-109	0.53381	0.94282	1.57	54	51	95	100	1.86
2001	110+	0.62603	1.00000	1.6	3	3	5	5	1.60
2002	0	0.01302	0.01286	0.08	100000	1286	98817	6830187	68.30
2002	1-4	0.00031	0.00122	2.06	98714	120	394622	6731370	68.19
2002	5-9	0.00025	0.00125	2.44	98593	123	492651	6336749	64.27
2002	10-14	0.00019	0.00093	2.58	98470	92	492129	5844097	59.35
2002	15-19	0.00207	0.01031	2.84	98378	1015	489705	5351968	54.40
2002	20-24	0.00334	0.01658	2.41	97364	1614	482638	4862264	49.94
2002	25-29	0.00266	0.01322	2.43	95750	1266	475494	4379626	45.74
2002	30-34	0.00230	0.01146	2.59	94483	1082	469812	3904132	41.32
2002	35-39	0.00453	0.02244	2.71	93401	2096	462211	3434320	36.77
2002	40-44	0.00731	0.03598	2.79	91305	3285	449274	2972110	32.55
2002	45-49	0.01047	0.05105	2.58	88020	4494	429204	2522836	28.66
2002	50-54	0.01470	0.07087	2.49	83526	5919	402751	2093632	25.07
2002	55-59	0.01503	0.07248	2.57	77607	5625	374344	1690880	21.79
2002	60-64	0.02280	0.10810	2.62	71982	7782	341360	1316536	18.29
2002	65-69	0.02915	0.13610	2.56	64200	8738	299699	975176	15.19
2002	70-74	0.04459	0.20132	2.59	55463	11166	250413	675477	12.18
2002	75-79	0.06191	0.26844	2.52	44297	11891	192053	425064	9.60
2002	80-84	0.10147	0.40361	2.47	32406	13079	128901	233011	7.19
2002	85-89	0.15307	0.54455	2.35	19327	10524	68757	104110	5.39
2002	90-94	0.22368	0.68706	2.19	8802	6048	27038	35353	4.02
2002	95-99	0.31401	0.80803	2	2755	2226	7088	8316	3.02
2002	100-104	0.42061	0.89308	1.78	529	472	1123	1228	2.32
2002	105-109	0.53537	0.94340	1.57	57	53	100	105	1.85
2002	110+	0.62869	1.00000	1.59	3	3	5	5	1.59
2003	0	0.01258	0.01244	0.08	100000	1244	98854	6923175	69.23
2003	1-4	0.00031	0.00124	1.28	98756	122	394691	6824321	69.10
2003	5-9	0.00020	0.00098	2.78	98634	97	492954	6429630	65.19
2003	10-14	0.00023	0.00116	2.27	98537	114	492373	5936676	60.25
2003	15-19	0.00185	0.00922	2.93	98423	907	490240	5444303	55.32
2003	20-24	0.00352	0.01747	2.57	97516	1703	483444	4954063	50.80
2003	25-29	0.00211	0.01048	2.24	95812	1004	476294	4470619	46.66
2003	30-34	0.00232	0.01154	2.53	94808	1094	471335	3994325	42.13
2003	35-39	0.00425	0.02105	2.91	93713	1972	464443	3522990	37.59
2003	40-44	0.00648	0.03191	2.77	91741	2928	452181	3058546	33.34
2003	45-49	0.01187	0.05774	2.62	88813	5128	431849	2606365	29.35
2003	50-54	0.01256	0.06091	2.56	83685	5098	405982	2174516	25.98
2003	55-59	0.01629	0.07836	2.57	78588	6158	377955	1768535	22.50
2003	60-64	0.01647	0.07916	2.53	72430	5733	348001	1390579	19.20
2003	65-69	0.02591	0.12177	2.54	66697	8122	313467	1042578	15.63
2003	70-74	0.04303	0.19348	2.4	58575	11333	263362	729111	12.45
2003	75-79	0.05539	0.24334	2.51	47242	11496	207534	465748	9.86
2003	80-84	0.09860	0.39513	2.49	35746	14124	143246	258215	7.22
2003	85-89	0.15388	0.54726	2.36	21622	11833	76897	114969	5.32
2003	90-94	0.23129	0.70064	2.19	9789	6859	29654	38072	3.89
2003	95-99	0.33140	0.82651	1.97	2930	2422	7309	8418	2.87
2003	100-104	0.44908	0.90950	1.73	508	462	1030	1109	2.18
2003	105-109	0.57323	0.95466	1.51	46	44	77	80	1.73
2003	110+	0.67225	1.00000	1.49	2	2	3	3	1.49
2004	0	0.01295	0.01280	0.08	100000	1280	98822	6973208	69.73
2004	1-4	0.00032	0.00128	1.77	98720	126	394600	6874385	69.64
2004	5-9	0.00042	0.00212	1.93	98594	209	492328	6479786	65.72
2004	10-14	0.00043	0.00213	3.24	98385	210	491556	5987458	60.86
2004	15-19	0.00248	0.01233	2.59	98175	1210	487954	5495902	55.98
2004	20-24	0.00239	0.01190	2.34	96965	1154	481760	5007948	51.65
2004	25-29	0.00179	0.00892	2.45	95811	854	476882	4526188	47.24
2004	30-34	0.00246	0.01223	2.46	94957	1162	471838	4049307	42.64
2004	35-39	0.00296	0.01470	2.42	93795	1379	465423	3577469	38.14
2004	40-44	0.00623	0.03072	2.81	92416	2839	455861	3112046	33.67
2004	45-49	0.00884	0.04331	2.63	89577	3879	438685	2656185	29.65
2004	50-54	0.01269	0.06161	2.66	85698	5279	416114	2217500	25.88
2004	55-59	0.01467	0.07071	2.46	80418	5686	387651	1801386	22.40
2004	60-64	0.02019	0.09610	2.5	74732	7181	355698	1413735	18.92
2004	65-69	0.02772	0.13001	2.62	67551	8782	316828	1058036	15.66
2004	70-74	0.04321	0.19488	2.49	58768	11453	265045	741208	12.61
2004	75-79	0.05116	0.22766	2.58	47316	10772	210561	476164	10.06
2004	80-84	0.09888	0.39576	2.48	36544	14463	146262	265602	7.27
2004	85-89	0.15154	0.54120	2.36	22081	11950	78862	119341	5.40
2004	90-94	0.22447	0.68885	2.2	10131	6979	31090	40479	4.00
2004	95-99	0.31846	0.81312	1.99	3152	2563	8049	9389	2.98
2004	100-104	0.42954	0.89862	1.76	589	529	1232	1340	2.28
2004	105-109	0.54849	0.94764	1.55	60	57	103	108	1.81
2004	110+	0.64466	1.00000	1.55	3	3	5	5	1.55
2005	0	0.01746	0.01719	0.09	100000	1719	98439	6957984	69.58
2005	1-4	0.00040	0.00161	2.12	98281	159	392825	6859545	69.80
2005	5-9	0.00038	0.00192	2.65	98122	188	490169	6466719	65.90
2005	10-14	0.00032	0.00157	2.89	97934	154	489346	5976550	61.03
2005	15-19	0.00216	0.01077	2.79	97780	1053	486576	5487204	56.12
2005	20-24	0.00264	0.01314	2.71	96727	1271	480726	5000628	51.70
2005	25-29	0.00186	0.00924	2.16	95456	882	474778	4519902	47.35
2005	30-34	0.00206	0.01026	2.71	94574	970	470651	4045124	42.77
2005	35-39	0.00337	0.01671	2.78	93604	1564	464552	3574473	38.19
2005	40-44	0.00544	0.02682	2.43	92040	2468	453842	3109920	33.79
2005	45-49	0.00837	0.04097	2.47	89571	3669	438579	2656078	29.65
2005	50-54	0.01335	0.06450	2.4	85902	5541	415096	2217500	25.81
2005	55-59	0.01480	0.07143	2.56	80361	5740	387776	1802403	22.43
2005	60-64	0.02092	0.09943	2.5	74620	7419	354566	1414628	18.96
2005	65-69	0.02746	0.12861	2.53	67201	8643	314697	1060061	15.77
2005	70-74	0.03921	0.17938	2.63	58558	10504	267872	745364	12.73
2005	75-79	0.05737	0.25101	2.51	48054	12062	210242	477493	9.94
2005	80-84	0.09473	0.38280	2.49	35992	13778	145444	267251	7.43
2005	85-89	0.14770	0.53216	2.37	22214	11822	80037	121807	5.48
2005	90-94	0.22217	0.68545	2.21	10393	7124	32063	41770	4.02
2005	95-99	0.31915	0.81432	1.99	3269	2662	8341	9707	2.97
2005	100-104	0.43431	0.90166	1.76	607	547	1260	1366	2.25
2005	105-109	0.55739	0.95041	1.53	60	57	102	106	1.78
2005	110+	0.65647	1.00000	1.52	3	3	5	5	1.52
2006	0	0.01439	0.01420	0.08	100000	1420	98699	7038914	70.39
2006	1-4	0.00056	0.00223	1.54	98580	219	393780	6940215	70.40
2006	5-9	0.00040	0.00197	1.73	98361	194	491168	6546435	66.56
2006	10-14	0.00059	0.00293	3.39	98166	288	490368	6055267	61.68
2006	15-19	0.00145	0.00723	2.7	97879	708	487768	5564899	56.86
2006	20-24	0.00158	0.00786	2.66	97171	764	484065	5077131	52.25
2006	25-29	0.00217	0.01080	2.62	96407	1042	479552	4593066	47.64
2006	30-34	0.00235	0.01168	2.47	95365	1114	474003	4113514	43.13
2006	35-39	0.00292	0.01450	2.72	94251	1367	468144	3639511	38.62
2006	40-44	0.00541	0.02671	2.6	92884	2481	458456	3171367	34.14
2006	45-49	0.00731	0.03593	2.66	90403	3248	444424	2712911	30.01
2006	50-54	0.01363	0.06598	2.61	87155	5751	422017	2268487	26.03
2006	55-59	0.01342	0.06496	2.53	81404	5288	393973	1846471	22.68
2006	60-64	0.01887	0.09023	2.57	76116	6868	363895	1452498	19.08
2006	65-69	0.02816	0.13266	2.82	69249	9187	326211	1088603	15.72
2006	70-74	0.03911	0.17760	2.41	60062	10667	272730	762392	12.69
2006	75-79	0.05722	0.25066	2.53	49395	12381	216366	489662	9.91
2006	80-84	0.09818	0.39324	2.47	37013	14555	148243	273296	7.38
2006	85-89	0.14694	0.52941	2.36	22458	11890	80913	125053	5.57
2006	90-94	0.21356	0.66933	2.21	10569	7074	33123	44140	4.18
2006	95-99	0.29907	0.79141	2.03	3495	2766	9248	11017	3.15
2006	100-104	0.40088	0.88048	1.82	729	642	1601	1770	2.43
2006	105-109	0.51211	0.93538	1.61	87	81	159	168	1.93
2006	110+	0.60342	1.00000	1.66	6	6	9	9	1.66
2007	0	0.01348	0.01331	0.08	100000	1331	98777	7136972	71.37
2007	1-4	0.00040	0.00160	1.74	98669	158	394317	7038195	71.33
2007	5-9	0.00024	0.00119	2.23	98510	118	492225	6643878	67.44
2007	10-14	0.00028	0.00138	2.95	98393	136	491685	6151653	62.52
2007	15-19	0.00148	0.00736	2.93	98257	723	489785	5659968	57.60
2007	20-24	0.00169	0.00840	2.54	97534	819	485653	5170182	53.01
2007	25-29	0.00193	0.00960	2.51	96715	929	481260	4684529	48.44
2007	30-34	0.00263	0.01310	2.75	95786	1254	476111	4203270	43.88
2007	35-39	0.00315	0.01567	3.06	94531	1481	469789	3727159	39.43
2007	40-44	0.00450	0.02225	2.71	93051	2070	460502	3257369	35.01
2007	45-49	0.00694	0.03420	2.93	90980	3112	448455	2796868	30.74
2007	50-54	0.01178	0.05726	2.53	87869	5031	426921	2348412	26.73
2007	55-59	0.01450	0.07010	2.61	82838	5807	400339	1921491	23.20
2007	60-64	0.01870	0.08940	2.55	77031	6886	368277	1521152	19.75
2007	65-69	0.02844	0.13260	2.46	70145	9301	327096	1152875	16.44
2007	70-74	0.03375	0.15516	2.41	60844	9441	279746	825779	13.57
2007	75-79	0.05314	0.23388	2.44	51403	12022	226222	546033	10.62
2007	80-84	0.06957	0.29896	2.65	39381	11773	169226	319811	8.12
2007	85-89	0.13761	0.51120	2.49	27608	14113	102554	150586	5.45
2007	90-94	0.25092	0.73800	2.21	13495	9959	39692	48031	3.56
2007	95-99	0.40987	0.89362	1.84	3536	3159	7709	8340	2.36
2007	100-104	0.59103	0.96187	1.49	376	362	612	631	1.68
2007	105-109	0.75339	0.98447	1.25	14	14	19	19	1.32
2007	110+	0.85748	1.00000	1.17	0	0	0	0	1.17
2008	0	0.01302	0.01286	0.08	100000	1286	98816	7116732	71.17
2008	1-4	0.00093	0.00370	1.8	98714	365	394052	7017915	71.09
2008	5-9	0.00032	0.00159	3.25	98348	157	491467	6623864	67.35
2008	10-14	0.00046	0.00228	2.47	98191	223	490392	6132397	62.45
2008	15-19	0.00187	0.00932	2.59	97968	913	487644	5642005	57.59
2008	20-24	0.00151	0.00752	2.16	97055	730	483201	5154361	53.11
2008	25-29	0.00191	0.00950	3	96325	915	479791	4671160	48.49
2008	30-34	0.00179	0.00892	2.53	95410	851	474953	4191369	43.93
2008	35-39	0.00278	0.01382	2.71	94559	1306	469806	3716416	39.30
2008	40-44	0.00455	0.02250	2.53	93253	2098	461078	3246610	34.82
2008	45-49	0.00630	0.03103	2.56	91155	2829	448861	2785532	30.56
2008	50-54	0.01215	0.05901	2.55	88326	5212	428869	2336671	26.46
2008	55-59	0.01734	0.08339	2.71	83114	6931	399714	1907802	22.95
2008	60-64	0.01866	0.08939	2.65	76183	6810	364928	1508088	19.80
2008	65-69	0.02474	0.11634	2.44	69373	8071	326189	1143161	16.48
2008	70-74	0.03365	0.15507	2.47	61302	9506	282498	816972	13.33
2008	75-79	0.05598	0.24459	2.42	51796	12669	226300	534474	10.32
2008	80-84	0.08721	0.35816	2.51	39127	14014	160687	308175	7.88
2008	85-89	0.13494	0.49940	2.4	25113	12542	92939	147488	5.87
2008	90-94	0.20230	0.64965	2.25	12572	8167	40371	54549	4.34
2008	95-99	0.29108	0.78305	2.05	4405	3449	11849	14178	3.22
2008	100-104	0.39869	0.87982	1.83	956	841	2109	2329	2.44
2008	105-109	0.51716	0.93770	1.6	115	108	208	220	1.91
2008	110+	0.61451	1.00000	1.63	7	7	12	12	1.63
2009	0	0.01388	0.01371	0.08	100000	1371	98742	7222663	72.23
2009	1-4	0.00014	0.00057	0.5	98629	57	394318	7123921	72.23
2009	5-9	0.00032	0.00161	2.58	98573	159	492479	6729602	68.27
2009	10-14	0.00053	0.00264	2.07	98414	259	491310	6237123	63.38
2009	15-19	0.00142	0.00710	2.65	98155	697	489136	5745813	58.54
2009	20-24	0.00152	0.00758	2.54	97458	738	485475	5256677	53.94
2009	25-29	0.00163	0.00814	2.56	96719	787	481675	4771201	49.33
2009	30-34	0.00163	0.00811	2.63	95932	778	477816	4289526	44.71
2009	35-39	0.00286	0.01419	2.71	95155	1351	472674	3811710	40.06
2009	40-44	0.00383	0.01900	2.73	93804	1783	464969	3339036	35.60
2009	45-49	0.00636	0.03137	2.8	92021	2887	453764	2874066	31.23
2009	50-54	0.01058	0.05158	2.59	89135	4598	434586	2420302	27.15
2009	55-59	0.01608	0.07724	2.47	84537	6530	406159	1985716	23.49
2009	60-64	0.01577	0.07602	2.63	78007	5930	375987	1579557	20.25
2009	65-69	0.02446	0.11573	2.69	72078	8342	341088	1203570	16.70
2009	70-74	0.03431	0.15758	2.42	63736	10044	292726	862482	13.53
2009	75-79	0.05600	0.24602	2.53	53692	13209	235878	569757	10.61
2009	80-84	0.07913	0.33111	2.54	40483	13404	169402	333879	8.25
2009	85-89	0.12686	0.47828	2.43	27078	12951	102093	164477	6.07
2009	90-94	0.19639	0.63927	2.27	14127	9031	45985	62384	4.42
2009	95-99	0.29025	0.78309	2.06	5096	3991	13749	16398	3.22
2009	100-104	0.40554	0.88514	1.82	1105	978	2413	2649	2.40
2009	105-109	0.53246	0.94333	1.58	127	120	225	236	1.86
2009	110+	0.63622	1.00000	1.57	7	7	11	11	1.57
2010	0	0.00958	0.00950	0.07	100000	950	99118	7428044	74.28
2010	1-4	0.00022	0.00090	1.59	99050	89	395988	7328926	73.99
2010	5-9	0.00000	0.00000	2.5	98962	0	494808	6932939	70.06
2010	10-14	0.00000	0.00000	2.5	98962	0	494808	6438131	65.06
2010	15-19	0.00137	0.00683	2.64	98962	676	493214	5943324	60.06
2010	20-24	0.00122	0.00610	2.04	98285	600	489651	5450110	55.45
2010	25-29	0.00132	0.00656	2.64	97686	641	486915	4960459	50.78
2010	30-34	0.00139	0.00691	2.64	97045	671	483637	4473544	46.10
2010	35-39	0.00247	0.01229	2.68	96374	1184	479120	3989907	41.40
2010	40-44	0.00270	0.01339	2.53	95190	1274	472801	3510787	36.88
2010	45-49	0.00532	0.02628	2.76	93916	2468	464040	3037985	32.35
2010	50-54	0.00927	0.04537	2.72	91448	4149	447759	2573946	28.15
2010	55-59	0.01406	0.06792	2.53	87299	5929	421845	2126187	24.36
2010	60-64	0.01651	0.07938	2.58	81370	6459	391211	1704342	20.95
2010	65-69	0.02049	0.09769	2.63	74911	7318	357199	1313132	17.53
2010	70-74	0.03033	0.14110	2.53	67593	9537	314433	955933	14.14
2010	75-79	0.05162	0.22713	2.36	58056	13186	255426	641500	11.05
2010	80-84	0.07558	0.31850	2.53	44869	14291	189091	386075	8.60
2010	85-89	0.11810	0.45330	2.44	30578	13861	117369	196984	6.44
2010	90-94	0.17929	0.60396	2.3	16717	10097	56315	79615	4.76
2010	95-99	0.26188	0.74582	2.11	6621	4938	18856	23300	3.52
2010	100-104	0.36481	0.85519	1.89	1683	1439	3945	4444	2.64
2010	105-109	0.48165	0.92414	1.67	244	225	468	499	2.05
2010	110+	0.57927	1.00000	1.73	18	18	32	32	1.73
2011	0	0.00966	0.00958	0.07	100000	958	99110	7496203	74.96
2011	1-4	0.00036	0.00144	2.02	99042	143	395886	7397093	74.69
2011	5-9	0.00007	0.00036	1.5	98900	35	494375	7001207	70.79
2011	10-14	0.00000	0.00000	2.5	98864	0	494322	6506832	65.82
2011	15-19	0.00117	0.00582	3.09	98864	575	493224	6012510	60.82
2011	20-24	0.00173	0.00860	2.42	98289	846	489261	5519286	56.15
2011	25-29	0.00103	0.00512	2.8	97443	499	486117	5030025	51.62
2011	30-34	0.00131	0.00653	2.58	96945	633	483191	4543907	46.87
2011	35-39	0.00140	0.00699	2.34	96312	673	479766	4060717	42.16
2011	40-44	0.00305	0.01517	2.75	95638	1450	474935	3580950	37.44
2011	45-49	0.00479	0.02369	2.87	94188	2231	466187	3106015	32.98
2011	50-54	0.00785	0.03858	2.71	91956	3547	451645	2639829	28.71
2011	55-59	0.01308	0.06332	2.5	88409	5598	428060	2188184	24.75
2011	60-64	0.01746	0.08390	2.68	82811	6948	397932	1760124	21.25
2011	65-69	0.01873	0.08949	2.53	75863	6789	362550	1362192	17.96
2011	70-74	0.03098	0.14412	2.58	69074	9955	321278	999642	14.47
2011	75-79	0.04850	0.21734	2.61	59119	12849	264903	678363	11.47
2011	80-84	0.06678	0.28749	2.58	46271	13302	199194	413460	8.94
2011	85-89	0.11250	0.43818	2.48	32968	14446	128405	214266	6.50
2011	90-94	0.18242	0.61235	2.32	18522	11342	62174	85860	4.64
2011	95-99	0.28061	0.77267	2.09	7180	5548	19771	23687	3.30
2011	100-104	0.40439	0.88553	1.83	1632	1445	3574	3916	2.40
2011	105-109	0.54190	0.94693	1.57	187	177	326	342	1.83
2011	110+	0.65403	1.00000	1.53	10	10	15	15	1.53
2012	0	0.00999	0.00990	0.07	100000	990	99081	7527799	75.28
2012	1-4	0.00011	0.00046	0.5	99010	45	395882	7428718	75.03
2012	5-9	0.00006	0.00031	0.5	98965	31	494685	7032836	71.06
2012	10-14	0.00032	0.00159	3.51	98934	158	494435	6538151	66.09
2012	15-19	0.00102	0.00509	2.53	98776	503	492638	6043716	61.19
2012	20-24	0.00136	0.00679	2.72	98273	667	489844	5551078	56.49
2012	25-29	0.00059	0.00293	2.2	97606	286	487229	5061234	51.85
2012	30-34	0.00114	0.00567	2.91	97320	552	485444	4574005	47.00
2012	35-39	0.00188	0.00935	2.37	96768	905	481459	4088561	42.25
2012	40-44	0.00268	0.01331	2.59	95863	1276	476235	3607102	37.63
2012	45-49	0.00477	0.02360	2.62	94587	2232	467623	3130867	33.10
2012	50-54	0.00761	0.03742	2.78	92355	3456	454087	2663244	28.84
2012	55-59	0.01235	0.05990	2.48	88899	5325	431092	2209156	24.85
2012	60-64	0.01598	0.07686	2.52	83574	6423	401912	1778065	21.28
2012	65-69	0.02152	0.10239	2.64	77151	7899	367083	1376152	17.84
2012	70-74	0.02869	0.13353	2.41	69251	9247	322338	1009069	14.57
2012	75-79	0.04216	0.19119	2.57	60004	11472	272103	686732	11.44
2012	80-84	0.07352	0.31164	2.56	48532	15125	205722	414628	8.54
2012	85-89	0.12052	0.46097	2.45	33407	15400	127776	208906	6.25
2012	90-94	0.19048	0.62817	2.29	18008	11312	59385	81130	4.51
2012	95-99	0.28656	0.77926	2.07	6696	5218	18208	21745	3.25
2012	100-104	0.40587	0.88586	1.82	1478	1309	3226	3537	2.39
2012	105-109	0.53765	0.94527	1.57	169	159	297	311	1.84
2012	110+	0.64522	1.00000	1.55	9	9	14	14	1.55
2013	0	0.00780	0.00774	0.07	100000	774	99277	7541021	75.41
2013	1-4	0.00034	0.00135	2.76	99226	134	396738	7441744	75.00
2013	5-9	0.00021	0.00103	2.92	99092	102	495251	7045006	71.10
2013	10-14	0.00016	0.00078	2.53	98991	77	494763	6549755	66.17
2013	15-19	0.00049	0.00244	2.81	98914	242	494041	6054992	61.21
2013	20-24	0.00112	0.00558	2.55	98672	551	492013	5560951	56.36
2013	25-29	0.00088	0.00438	2.3	98121	430	489446	5068939	51.66
2013	30-34	0.00115	0.00575	2.78	97692	561	487215	4579493	46.88
2013	35-39	0.00193	0.00961	2.81	97130	933	483606	4092278	42.13
2013	40-44	0.00222	0.01105	2.59	96197	1063	478424	3608671	37.51
2013	45-49	0.00501	0.02477	2.85	95134	2356	470611	3130248	32.90
2013	50-54	0.00768	0.03772	2.69	92778	3500	455819	2659637	28.67
2013	55-59	0.01286	0.06231	2.54	89279	5563	432717	2203818	24.68
2013	60-64	0.01727	0.08270	2.45	83716	6923	400897	1771100	21.16
2013	65-69	0.02108	0.10002	2.45	76793	7680	364409	1370204	17.84
2013	70-74	0.03060	0.14280	2.66	69112	9869	322486	1005794	14.55
2013	75-79	0.04343	0.19601	2.52	59243	11612	267408	683308	11.53
2013	80-84	0.06415	0.27844	2.63	47631	13262	206724	415901	8.73
2013	85-89	0.11913	0.45901	2.5	34368	15775	132422	209177	6.09
2013	90-94	0.20875	0.66646	2.29	18593	12392	59360	76755	4.13
2013	95-99	0.33736	0.83690	1.99	6201	5190	15384	17394	2.80
2013	100-104	0.49482	0.93292	1.66	1011	944	1907	2010	1.99
2013	105-109	0.65502	0.97266	1.39	68	66	101	103	1.52
2013	110+	0.77310	1.00000	1.29	2	2	2	2	1.29
2014	0	0.00694	0.00690	0.06	100000	690	99354	7569909	75.70
2014	1-4	0.00046	0.00182	1.55	99310	181	396799	7470555	75.22
2014	5-9	0.00013	0.00066	3.01	99129	65	495517	7073756	71.36
2014	10-14	0.00008	0.00039	3.5	99064	38	495264	6578239	66.40
2014	15-19	0.00052	0.00260	3.54	99026	258	494753	6082975	61.43
2014	20-24	0.00127	0.00632	2.58	98768	625	492327	5588223	56.58
2014	25-29	0.00113	0.00564	2.49	98144	554	489328	5095895	51.92
2014	30-34	0.00092	0.00457	2.53	97590	446	486849	4606568	47.20
2014	35-39	0.00186	0.00928	2.52	97144	901	483484	4119719	42.41
2014	40-44	0.00235	0.01167	2.53	96242	1123	478444	3636234	37.78
2014	45-49	0.00493	0.02442	2.9	95120	2323	470724	3157791	33.20
2014	50-54	0.00833	0.04090	2.76	92797	3796	455488	2687066	28.96
2014	55-59	0.01397	0.06755	2.57	89001	6012	430416	2231578	25.07
2014	60-64	0.01683	0.08075	2.51	82989	6702	398263	1801162	21.70
2014	65-69	0.02111	0.10025	2.49	76287	7648	362272	1402900	18.39
2014	70-74	0.02908	0.13577	2.56	68640	9320	320495	1040628	15.16
2014	75-79	0.04224	0.19104	2.5	59320	11333	268315	720132	12.14
2014	80-84	0.05393	0.23953	2.67	47988	11494	213130	451817	9.42
2014	85-89	0.10458	0.41620	2.55	36493	15188	145232	238687	6.54
2014	90-94	0.19115	0.63367	2.34	21305	13500	70627	93455	4.39
2014	95-99	0.32059	0.82182	2.04	7805	6414	20007	22827	2.92
2014	100-104	0.48390	0.92933	1.69	1391	1292	2671	2821	2.03
2014	105-109	0.65259	0.97258	1.39	98	96	146	150	1.53
2014	110+	0.77667	1.00000	1.29	3	3	3	3	1.29
2015	0	0.00831	0.00825	0.07	100000	825	99231	7494220	74.94
2015	1-4	0.00033	0.00133	1.35	99175	132	396351	7394989	74.56
2015	5-9	0.00030	0.00150	2.2	99043	148	494802	6998637	70.66
2015	10-14	0.00007	0.00035	0.5	98895	35	494317	6503836	65.77
2015	15-19	0.00097	0.00486	2.91	98860	480	493294	6009518	60.79
2015	20-24	0.00172	0.00857	2.77	98380	843	490017	5516225	56.07
2015	25-29	0.00127	0.00632	2.64	97537	616	486226	5026207	51.53
2015	30-34	0.00124	0.00617	2.88	96920	598	483333	4539982	46.84
2015	35-39	0.00213	0.01062	2.5	96322	1023	479055	4056648	42.12
2015	40-44	0.00167	0.00830	2.62	95300	791	474616	3577593	37.54
2015	45-49	0.00424	0.02101	2.66	94509	1986	467897	3102977	32.83
2015	50-54	0.00821	0.04026	2.57	92523	3725	453568	2635080	28.48
2015	55-59	0.01388	0.06736	2.83	88798	5981	431019	2181513	24.57
2015	60-64	0.02086	0.09946	2.66	82817	8237	394802	1750493	21.14
2015	65-69	0.02299	0.10891	2.59	74580	8122	353346	1355691	18.18
2015	70-74	0.02865	0.13440	2.7	66458	8932	311773	1002345	15.08
2015	75-79	0.04125	0.18636	2.42	57526	10721	259921	690572	12.00
2015	80-84	0.06306	0.27374	2.59	46806	12813	203195	430651	9.20
2015	85-89	0.10723	0.42253	2.49	33993	14363	133948	227456	6.69
2015	90-94	0.17557	0.59799	2.33	19630	11738	66861	93508	4.76
2015	95-99	0.27267	0.76274	2.11	7892	6019	22075	26648	3.38
2015	100-104	0.39643	0.88051	1.84	1872	1649	4159	4573	2.44
2015	105-109	0.53521	0.94501	1.58	224	211	395	414	1.85
2015	110+	0.64893	1.00000	1.54	12	12	19	19	1.54
2016	0	0.00876	0.00869	0.07	100000	869	99190	7460857	74.61
2016	1-4	0.00028	0.00110	1.54	99131	109	396254	7361667	74.26
2016	5-9	0.00000	0.00000	2.5	99022	0	495108	6965413	70.34
2016	10-14	0.00007	0.00036	1.5	99022	36	494983	6470305	65.34
2016	15-19	0.00067	0.00336	2.35	98986	332	494050	5975323	60.37
2016	20-24	0.00213	0.01061	2.59	98653	1047	490746	5481273	55.56
2016	25-29	0.00153	0.00764	2.61	97607	745	486257	4990527	51.13
2016	30-34	0.00143	0.00714	2.66	96862	692	482688	4504270	46.50
2016	35-39	0.00222	0.01105	2.5	96170	1063	478187	4021582	41.82
2016	40-44	0.00273	0.01359	2.85	95107	1293	472756	3543395	37.26
2016	45-49	0.00587	0.02896	2.8	93814	2717	463083	3070639	32.73
2016	50-54	0.00845	0.04143	2.6	91097	3774	446433	2607557	28.62
2016	55-59	0.01318	0.06392	2.64	87323	5582	423430	2161124	24.75
2016	60-64	0.01886	0.09021	2.61	81741	7374	391071	1737694	21.26
2016	65-69	0.02606	0.12209	2.41	74368	9079	348363	1346623	18.11
2016	70-74	0.02995	0.13994	2.66	65288	9137	305076	998259	15.29
2016	75-79	0.03902	0.17813	2.56	56152	10002	256367	693184	12.34
2016	80-84	0.05717	0.25172	2.63	46149	11617	203196	436817	9.47
2016	85-89	0.10268	0.40930	2.52	34533	14134	137654	233621	6.77
2016	90-94	0.17636	0.60096	2.35	20399	12259	69511	95967	4.70
2016	95-99	0.28413	0.77885	2.1	8140	6340	22313	26456	3.25
2016	100-104	0.42251	0.89800	1.8	1800	1617	3826	4143	2.30
2016	105-109	0.57482	0.95664	1.51	184	176	306	317	1.73
2016	110+	0.69626	1.00000	1.44	8	8	11	11	1.44
2017	0	0.00778	0.00773	0.07	100000	773	99278	7541775	75.42
2017	1-4	0.00006	0.00023	2.5	99227	23	396875	7442497	75.00
2017	5-9	0.00010	0.00049	1.02	99204	48	495829	7045622	71.02
2017	10-14	0.00015	0.00074	3.09	99156	73	495640	6549793	66.06
2017	15-19	0.00105	0.00523	2.39	99083	518	494060	6054153	61.10
2017	20-24	0.00135	0.00673	3.25	98565	663	491663	5560093	56.41
2017	25-29	0.00132	0.00657	2.26	97901	643	487745	5068430	51.77
2017	30-34	0.00155	0.00773	2.5	97258	752	484412	4580685	47.10
2017	35-39	0.00205	0.01022	2.69	96506	987	480257	4096274	42.45
2017	40-44	0.00310	0.01536	2.56	95520	1467	474013	3616017	37.86
2017	45-49	0.00528	0.02611	2.81	94052	2456	464873	3142005	33.41
2017	50-54	0.00883	0.04332	2.78	91597	3968	449187	2677131	29.23
2017	55-59	0.01235	0.06006	2.72	87629	5263	426137	2227944	25.42
2017	60-64	0.01791	0.08559	2.41	82366	7049	393590	1801807	21.88
2017	65-69	0.02399	0.11328	2.54	75317	8532	355634	1408217	18.70
2017	70-74	0.02777	0.13025	2.62	66785	8699	313255	1052582	15.76
2017	75-79	0.03926	0.17994	2.68	58086	10452	266194	739328	12.73
2017	80-84	0.05217	0.23223	2.64	47635	11062	212060	473134	9.93
2017	85-89	0.09411	0.38218	2.54	36572	13977	148515	261074	7.14
2017	90-94	0.16285	0.57086	2.38	22595	12899	79204	112559	4.98
2017	95-99	0.26515	0.75433	2.14	9697	7314	27586	33356	3.44
2017	100-104	0.39936	0.88382	1.85	2382	2105	5272	5770	2.42
2017	105-109	0.55088	0.95040	1.55	277	263	477	498	1.80
2017	110+	0.67406	1.00000	1.48	14	14	20	20	1.48
2018	0	0.00715	0.00710	0.06	100000	710	99335	7531106	75.31
2018	1-4	0.00027	0.00108	1.32	99290	107	396873	7431771	74.85
2018	5-9	0.00005	0.00023	0.5	99183	23	495810	7034898	70.93
2018	10-14	0.00008	0.00039	4.5	99160	38	495779	6539088	65.95
2018	15-19	0.00117	0.00584	2.56	99121	579	494192	6043308	60.97
2018	20-24	0.00194	0.00965	2.67	98542	951	490498	5549117	56.31
2018	25-29	0.00178	0.00887	2.25	97591	866	485573	5058619	51.83
2018	30-34	0.00119	0.00595	2.69	96725	575	482296	4573045	47.28
2018	35-39	0.00214	0.01066	2.93	96150	1025	478632	4090749	42.55
2018	40-44	0.00331	0.01642	2.79	95125	1562	472177	3612116	37.97
2018	45-49	0.00495	0.02447	2.66	93562	2289	462461	3139939	33.56
2018	50-54	0.00776	0.03822	3.06	91273	3488	449602	2677478	29.33
2018	55-59	0.01288	0.06253	2.67	87785	5489	426154	2227877	25.38
2018	60-64	0.01953	0.09323	2.59	82295	7672	392950	1801722	21.89
2018	65-69	0.02166	0.10281	2.54	74623	7672	354273	1408773	18.88
2018	70-74	0.02943	0.13746	2.6	66951	9203	312672	1054500	15.75
2018	75-79	0.03968	0.18128	2.62	57748	10469	263844	741827	12.85
2018	80-84	0.05030	0.22486	2.64	47279	10631	211355	477984	10.11
2018	85-89	0.09110	0.37239	2.55	36648	13647	149810	266628	7.28
2018	90-94	0.15836	0.56043	2.39	23000	12890	81398	116819	5.08
2018	95-99	0.25918	0.74615	2.16	10110	7544	29107	35421	3.50
2018	100-104	0.39247	0.87929	1.86	2566	2257	5750	6314	2.46
2018	105-109	0.54417	0.94853	1.57	310	294	540	564	1.82
2018	110+	0.66816	1.00000	1.5	16	16	24	24	1.50
2019	0	0.00524	0.00521	0.06	100000	521	99509	7559735	75.60
2019	1-4	0.00016	0.00065	1.18	99479	64	397734	7460226	74.99
2019	5-9	0.00021	0.00106	3.1	99414	106	496871	7062492	71.04
2019	10-14	0.00021	0.00106	3.24	99309	106	496357	6565621	66.11
2019	15-19	0.00141	0.00702	2.34	99203	696	494161	6069264	61.18
2019	20-24	0.00240	0.01196	2.62	98507	1178	489736	5575103	56.60
2019	25-29	0.00164	0.00814	2.65	97329	793	484781	5085367	52.25
2019	30-34	0.00117	0.00582	2.57	96536	561	481316	4600586	47.66
2019	35-39	0.00205	0.01021	2.85	95975	980	477771	4119270	42.92
2019	40-44	0.00321	0.01595	2.71	94995	1515	471509	3641499	38.33
2019	45-49	0.00448	0.02214	2.52	93480	2070	462266	3169991	33.91
2019	50-54	0.00722	0.03548	2.64	91410	3243	449396	2707724	29.62
2019	55-59	0.01323	0.06425	2.75	88167	5665	428069	2258329	25.61
2019	60-64	0.01848	0.08853	2.64	82502	7304	395305	1830259	22.18
2019	65-69	0.02313	0.10942	2.54	75199	8228	355779	1434955	19.08
2019	70-74	0.02683	0.12550	2.44	66970	8405	313312	1079176	16.11
2019	75-79	0.03667	0.16797	2.5	58566	9837	268239	765863	13.08
2019	80-84	0.05394	0.23879	2.6	48728	11636	215717	497624	10.21
2019	85-89	0.08945	0.36603	2.52	37093	13577	151788	281907	7.60
2019	90-94	0.14416	0.52399	2.39	23516	12322	85475	130119	5.53
2019	95-99	0.22308	0.68793	2.21	11194	7700	34518	44644	3.99
2019	100-104	0.32747	0.82360	1.98	3493	2877	8785	10126	2.90
2019	105-109	0.45176	0.91149	1.73	616	562	1243	1341	2.18
2019	110+	0.55796	1.00000	1.79	55	55	98	98	1.79
