NC: North Carolina, Lifetables (period 1x5), Both sexes Last modified: 20 Dec 2020, MPv5 (May07) 

Year     	Age	mx	qx	ax	lx	dx	Lx	Tx	ex
1960-1964	0	0.03164	0.03080	0.14	100000	3080	97339	6854604	68.55
1960-1964	1	0.00203	0.00203	0.5	96920	196	96822	6757264	69.72
1960-1964	2	0.00111	0.00111	0.5	96724	107	96670	6660442	68.86
1960-1964	3	0.00084	0.00084	0.5	96617	81	96576	6563772	67.94
1960-1964	4	0.00072	0.00072	0.5	96536	69	96501	6467196	66.99
1960-1964	5	0.00069	0.00069	0.5	96466	66	96433	6370695	66.04
1960-1964	6	0.00064	0.00064	0.5	96400	62	96369	6274262	65.09
1960-1964	7	0.00056	0.00056	0.5	96338	54	96311	6177893	64.13
1960-1964	8	0.00050	0.00050	0.5	96284	48	96260	6081582	63.16
1960-1964	9	0.00045	0.00045	0.5	96236	43	96215	5985322	62.19
1960-1964	10	0.00046	0.00046	0.5	96193	44	96171	5889107	61.22
1960-1964	11	0.00047	0.00047	0.5	96149	45	96127	5792936	60.25
1960-1964	12	0.00045	0.00045	0.5	96104	44	96082	5696809	59.28
1960-1964	13	0.00053	0.00053	0.5	96060	51	96035	5600727	58.30
1960-1964	14	0.00057	0.00057	0.5	96009	55	95982	5504692	57.33
1960-1964	15	0.00072	0.00072	0.5	95954	69	95920	5408710	56.37
1960-1964	16	0.00100	0.00100	0.5	95885	96	95837	5312790	55.41
1960-1964	17	0.00113	0.00112	0.5	95789	108	95735	5216953	54.46
1960-1964	18	0.00131	0.00131	0.5	95682	125	95619	5121218	53.52
1960-1964	19	0.00145	0.00145	0.5	95556	138	95487	5025599	52.59
1960-1964	20	0.00144	0.00143	0.5	95418	137	95350	4930111	51.67
1960-1964	21	0.00146	0.00146	0.5	95281	139	95212	4834762	50.74
1960-1964	22	0.00145	0.00145	0.5	95142	138	95073	4739550	49.82
1960-1964	23	0.00151	0.00151	0.5	95004	143	94933	4644477	48.89
1960-1964	24	0.00136	0.00136	0.5	94861	129	94797	4549544	47.96
1960-1964	25	0.00160	0.00159	0.5	94732	151	94657	4454747	47.02
1960-1964	26	0.00171	0.00171	0.5	94581	162	94500	4360090	46.10
1960-1964	27	0.00159	0.00159	0.5	94420	150	94344	4265590	45.18
1960-1964	28	0.00159	0.00159	0.5	94269	150	94194	4171246	44.25
1960-1964	29	0.00169	0.00169	0.5	94120	159	94040	4077051	43.32
1960-1964	30	0.00202	0.00202	0.5	93961	189	93866	3983011	42.39
1960-1964	31	0.00202	0.00202	0.5	93771	190	93676	3889145	41.47
1960-1964	32	0.00198	0.00198	0.5	93582	185	93489	3795469	40.56
1960-1964	33	0.00221	0.00220	0.5	93397	206	93294	3701980	39.64
1960-1964	34	0.00239	0.00239	0.5	93191	223	93079	3608686	38.72
1960-1964	35	0.00252	0.00251	0.5	92968	234	92851	3515607	37.82
1960-1964	36	0.00263	0.00263	0.5	92734	244	92612	3422756	36.91
1960-1964	37	0.00298	0.00298	0.5	92490	276	92353	3330143	36.01
1960-1964	38	0.00347	0.00347	0.5	92215	320	92055	3237791	35.11
1960-1964	39	0.00361	0.00361	0.5	91895	331	91729	3145736	34.23
1960-1964	40	0.00385	0.00385	0.5	91564	352	91388	3054006	33.35
1960-1964	41	0.00397	0.00397	0.5	91212	362	91031	2962618	32.48
1960-1964	42	0.00485	0.00484	0.5	90850	440	90630	2871588	31.61
1960-1964	43	0.00505	0.00503	0.5	90410	455	90183	2780957	30.76
1960-1964	44	0.00533	0.00532	0.5	89955	479	89716	2690775	29.91
1960-1964	45	0.00594	0.00592	0.5	89476	530	89212	2601059	29.07
1960-1964	46	0.00615	0.00614	0.5	88947	546	88674	2511847	28.24
1960-1964	47	0.00709	0.00706	0.5	88401	624	88089	2423174	27.41
1960-1964	48	0.00749	0.00746	0.5	87777	655	87449	2335085	26.60
1960-1964	49	0.00796	0.00792	0.5	87122	690	86777	2247635	25.80
1960-1964	50	0.00888	0.00884	0.5	86431	764	86049	2160859	25.00
1960-1964	51	0.00950	0.00945	0.5	85667	810	85262	2074809	24.22
1960-1964	52	0.01119	0.01113	0.5	84858	944	84385	1989547	23.45
1960-1964	53	0.01118	0.01112	0.5	83913	933	83447	1905162	22.70
1960-1964	54	0.01204	0.01197	0.5	82980	993	82484	1821715	21.95
1960-1964	55	0.01266	0.01258	0.5	81987	1031	81472	1739231	21.21
1960-1964	56	0.01384	0.01374	0.5	80956	1113	80400	1657759	20.48
1960-1964	57	0.01485	0.01474	0.5	79843	1177	79255	1577360	19.76
1960-1964	58	0.01668	0.01654	0.5	78666	1301	78016	1498105	19.04
1960-1964	59	0.01765	0.01750	0.5	77365	1354	76688	1420090	18.36
1960-1964	60	0.01903	0.01885	0.5	76011	1433	75295	1343402	17.67
1960-1964	61	0.01938	0.01919	0.5	74578	1431	73863	1268107	17.00
1960-1964	62	0.02255	0.02230	0.5	73147	1631	72331	1194244	16.33
1960-1964	63	0.02449	0.02419	0.5	71516	1730	70651	1121913	15.69
1960-1964	64	0.02669	0.02634	0.5	69786	1838	68867	1051262	15.06
1960-1964	65	0.03046	0.03000	0.5	67948	2039	66929	982395	14.46
1960-1964	66	0.02950	0.02907	0.5	65909	1916	64951	915467	13.89
1960-1964	67	0.03378	0.03321	0.5	63993	2126	62930	850516	13.29
1960-1964	68	0.03564	0.03501	0.5	61868	2166	60784	787585	12.73
1960-1964	69	0.03691	0.03624	0.5	59701	2164	58620	726801	12.17
1960-1964	70	0.04140	0.04056	0.5	57538	2334	56371	668181	11.61
1960-1964	71	0.04249	0.04161	0.5	55204	2297	54056	611810	11.08
1960-1964	72	0.04972	0.04851	0.5	52907	2567	51624	557755	10.54
1960-1964	73	0.05161	0.05031	0.5	50341	2533	49074	506131	10.05
1960-1964	74	0.05406	0.05264	0.5	47808	2517	46549	457057	9.56
1960-1964	75	0.05962	0.05790	0.5	45291	2622	43980	410507	9.06
1960-1964	76	0.06388	0.06190	0.5	42669	2641	41348	366527	8.59
1960-1964	77	0.06632	0.06419	0.5	40028	2570	38743	325179	8.12
1960-1964	78	0.07652	0.07370	0.5	37458	2761	36078	286436	7.65
1960-1964	79	0.08161	0.07841	0.5	34697	2721	33337	250358	7.22
1960-1964	80	0.09165	0.08763	0.5	31977	2802	30576	217021	6.79
1960-1964	81	0.09766	0.09311	0.5	29174	2716	27816	186446	6.39
1960-1964	82	0.11228	0.10631	0.5	26458	2813	25052	158630	6.00
1960-1964	83	0.12436	0.11708	0.5	23645	2768	22261	133578	5.65
1960-1964	84	0.13993	0.13078	0.5	20877	2730	19512	111317	5.33
1960-1964	85	0.14408	0.13440	0.5	18147	2439	16927	91805	5.06
1960-1964	86	0.16335	0.15101	0.5	15708	2372	14522	74878	4.77
1960-1964	87	0.17693	0.16255	0.5	13336	2168	12252	60356	4.53
1960-1964	88	0.18399	0.16849	0.5	11168	1882	10227	48104	4.31
1960-1964	89	0.19342	0.17637	0.5	9286	1638	8467	37877	4.08
1960-1964	90	0.21508	0.19419	0.5	7648	1485	6906	29410	3.85
1960-1964	91	0.22557	0.20271	0.5	6163	1249	5539	22504	3.65
1960-1964	92	0.24225	0.21608	0.5	4914	1062	4383	16966	3.45
1960-1964	93	0.25977	0.22991	0.5	3852	886	3409	12583	3.27
1960-1964	94	0.27813	0.24417	0.5	2966	724	2604	9173	3.09
1960-1964	95	0.29728	0.25881	0.5	2242	580	1952	6569	2.93
1960-1964	96	0.31721	0.27379	0.5	1662	455	1434	4617	2.78
1960-1964	97	0.33786	0.28903	0.5	1207	349	1032	3183	2.64
1960-1964	98	0.35917	0.30449	0.5	858	261	727	2150	2.51
1960-1964	99	0.38109	0.32010	0.5	597	191	501	1423	2.38
1960-1964	100	0.40353	0.33578	0.5	406	136	338	922	2.27
1960-1964	101	0.42642	0.35148	0.5	270	95	222	584	2.17
1960-1964	102	0.44965	0.36711	0.5	175	64	143	362	2.07
1960-1964	103	0.47313	0.38262	0.5	111	42	89	219	1.98
1960-1964	104	0.49676	0.39792	0.5	68	27	55	130	1.90
1960-1964	105	0.52043	0.41297	0.5	41	17	33	75	1.82
1960-1964	106	0.54403	0.42769	0.5	24	10	19	42	1.76
1960-1964	107	0.56747	0.44204	0.5	14	6	11	23	1.70
1960-1964	108	0.59062	0.45597	0.5	8	4	6	13	1.64
1960-1964	109	0.61341	0.46943	0.5	4	2	3	7	1.60
1960-1964	110+	0.63573	1.00000	1.57	2	2	3	3	1.57
1965-1969	0	0.02797	0.02730	0.13	100000	2730	97613	6872869	68.73
1965-1969	1	0.00168	0.00168	0.5	97270	163	97189	6775256	69.65
1965-1969	2	0.00116	0.00116	0.5	97107	112	97051	6678067	68.77
1965-1969	3	0.00079	0.00079	0.5	96995	77	96956	6581016	67.85
1965-1969	4	0.00066	0.00066	0.5	96918	64	96886	6484060	66.90
1965-1969	5	0.00059	0.00059	0.5	96854	57	96825	6387174	65.95
1965-1969	6	0.00060	0.00060	0.5	96797	58	96768	6290349	64.99
1965-1969	7	0.00055	0.00055	0.5	96739	53	96712	6193581	64.02
1965-1969	8	0.00046	0.00046	0.5	96686	44	96664	6096868	63.06
1965-1969	9	0.00045	0.00045	0.5	96642	43	96620	6000204	62.09
1965-1969	10	0.00042	0.00042	0.5	96599	41	96578	5903584	61.11
1965-1969	11	0.00045	0.00045	0.5	96558	43	96536	5807006	60.14
1965-1969	12	0.00048	0.00048	0.5	96515	46	96491	5710469	59.17
1965-1969	13	0.00054	0.00054	0.5	96468	52	96442	5613978	58.20
1965-1969	14	0.00058	0.00058	0.5	96416	56	96388	5517536	57.23
1965-1969	15	0.00073	0.00073	0.5	96360	70	96325	5421148	56.26
1965-1969	16	0.00100	0.00100	0.5	96290	97	96241	5324823	55.30
1965-1969	17	0.00128	0.00128	0.5	96193	123	96132	5228582	54.36
1965-1969	18	0.00156	0.00155	0.5	96070	149	95995	5132450	53.42
1965-1969	19	0.00156	0.00156	0.5	95921	150	95846	5036455	52.51
1965-1969	20	0.00157	0.00157	0.5	95771	151	95696	4940609	51.59
1965-1969	21	0.00171	0.00171	0.5	95620	164	95539	4844913	50.67
1965-1969	22	0.00169	0.00168	0.5	95457	161	95376	4749375	49.75
1965-1969	23	0.00165	0.00164	0.5	95296	157	95218	4653998	48.84
1965-1969	24	0.00157	0.00157	0.5	95139	150	95065	4558780	47.92
1965-1969	25	0.00161	0.00161	0.5	94990	153	94913	4463716	46.99
1965-1969	26	0.00164	0.00164	0.5	94837	156	94759	4368802	46.07
1965-1969	27	0.00169	0.00168	0.5	94682	159	94602	4274043	45.14
1965-1969	28	0.00190	0.00190	0.5	94522	180	94432	4179441	44.22
1965-1969	29	0.00180	0.00180	0.5	94343	170	94258	4085009	43.30
1965-1969	30	0.00210	0.00210	0.5	94173	197	94074	3990751	42.38
1965-1969	31	0.00209	0.00209	0.5	93975	197	93877	3896677	41.46
1965-1969	32	0.00214	0.00214	0.5	93779	201	93679	3802800	40.55
1965-1969	33	0.00237	0.00237	0.5	93578	222	93467	3709121	39.64
1965-1969	34	0.00251	0.00251	0.5	93356	234	93239	3615654	38.73
1965-1969	35	0.00287	0.00287	0.5	93122	267	92989	3522415	37.83
1965-1969	36	0.00284	0.00283	0.5	92855	263	92724	3429426	36.93
1965-1969	37	0.00299	0.00299	0.5	92593	277	92454	3336702	36.04
1965-1969	38	0.00339	0.00338	0.5	92316	312	92160	3244248	35.14
1965-1969	39	0.00367	0.00366	0.5	92004	337	91835	3152088	34.26
1965-1969	40	0.00411	0.00410	0.5	91666	376	91478	3060253	33.38
1965-1969	41	0.00447	0.00446	0.5	91290	407	91087	2968774	32.52
1965-1969	42	0.00475	0.00473	0.5	90883	430	90668	2877688	31.66
1965-1969	43	0.00514	0.00513	0.5	90453	464	90221	2787019	30.81
1965-1969	44	0.00570	0.00568	0.5	89989	511	89733	2696798	29.97
1965-1969	45	0.00584	0.00582	0.5	89478	521	89217	2607065	29.14
1965-1969	46	0.00641	0.00639	0.5	88957	568	88673	2517848	28.30
1965-1969	47	0.00698	0.00696	0.5	88388	615	88081	2429175	27.48
1965-1969	48	0.00783	0.00780	0.5	87774	685	87431	2341094	26.67
1965-1969	49	0.00854	0.00850	0.5	87089	740	86718	2253663	25.88
1965-1969	50	0.00873	0.00869	0.5	86348	751	85973	2166945	25.10
1965-1969	51	0.00965	0.00960	0.5	85598	822	85187	2080972	24.31
1965-1969	52	0.01073	0.01067	0.5	84776	905	84323	1995785	23.54
1965-1969	53	0.01129	0.01122	0.5	83871	941	83400	1911462	22.79
1965-1969	54	0.01222	0.01214	0.5	82930	1007	82426	1828061	22.04
1965-1969	55	0.01278	0.01270	0.5	81923	1041	81402	1745635	21.31
1965-1969	56	0.01395	0.01385	0.5	80882	1120	80322	1664233	20.58
1965-1969	57	0.01507	0.01496	0.5	79762	1193	79165	1583911	19.86
1965-1969	58	0.01630	0.01617	0.5	78569	1270	77934	1504746	19.15
1965-1969	59	0.01753	0.01738	0.5	77298	1344	76627	1426812	18.46
1965-1969	60	0.01890	0.01872	0.5	75955	1422	75244	1350185	17.78
1965-1969	61	0.01924	0.01906	0.5	74533	1420	73823	1274941	17.11
1965-1969	62	0.02230	0.02206	0.5	73113	1613	72306	1201119	16.43
1965-1969	63	0.02387	0.02359	0.5	71500	1687	70657	1128812	15.79
1965-1969	64	0.02544	0.02512	0.5	69813	1753	68937	1058156	15.16
1965-1969	65	0.02790	0.02751	0.5	68060	1872	67124	989219	14.53
1965-1969	66	0.02960	0.02917	0.5	66187	1931	65222	922095	13.93
1965-1969	67	0.03304	0.03250	0.5	64257	2089	63212	856873	13.34
1965-1969	68	0.03580	0.03517	0.5	62168	2186	61075	793661	12.77
1965-1969	69	0.03707	0.03639	0.5	59982	2183	58890	732586	12.21
1965-1969	70	0.04057	0.03976	0.5	57799	2298	56650	673696	11.66
1965-1969	71	0.04268	0.04179	0.5	55500	2319	54341	617047	11.12
1965-1969	72	0.04852	0.04737	0.5	53181	2519	51922	562706	10.58
1965-1969	73	0.05142	0.05013	0.5	50662	2540	49392	510784	10.08
1965-1969	74	0.05604	0.05451	0.5	48122	2623	46811	461392	9.59
1965-1969	75	0.06073	0.05894	0.5	45499	2682	44158	414581	9.11
1965-1969	76	0.06475	0.06271	0.5	42817	2685	41475	370423	8.65
1965-1969	77	0.06847	0.06621	0.5	40132	2657	38804	328948	8.20
1965-1969	78	0.07404	0.07139	0.5	37475	2675	36137	290145	7.74
1965-1969	79	0.08004	0.07696	0.5	34800	2678	33460	254008	7.30
1965-1969	80	0.09231	0.08823	0.5	32121	2834	30704	220547	6.87
1965-1969	81	0.09170	0.08768	0.5	29287	2568	28003	189843	6.48
1965-1969	82	0.10892	0.10329	0.5	26719	2760	25339	161840	6.06
1965-1969	83	0.12061	0.11375	0.5	23959	2725	22597	136500	5.70
1965-1969	84	0.13731	0.12849	0.5	21234	2728	19870	113903	5.36
1965-1969	85	0.14257	0.13308	0.5	18506	2463	17274	94033	5.08
1965-1969	86	0.15902	0.14731	0.5	16043	2363	14861	76759	4.78
1965-1969	87	0.17491	0.16085	0.5	13680	2200	12580	61898	4.52
1965-1969	88	0.17979	0.16496	0.5	11479	1894	10533	49318	4.30
1965-1969	89	0.20096	0.18261	0.5	9586	1750	8710	38786	4.05
1965-1969	90	0.21030	0.19029	0.5	7835	1491	7090	30075	3.84
1965-1969	91	0.22666	0.20359	0.5	6344	1292	5698	22985	3.62
1965-1969	92	0.24391	0.21740	0.5	5053	1098	4503	17287	3.42
1965-1969	93	0.26205	0.23169	0.5	3954	916	3496	12784	3.23
1965-1969	94	0.28105	0.24642	0.5	3038	749	2664	9287	3.06
1965-1969	95	0.30088	0.26154	0.5	2289	599	1990	6624	2.89
1965-1969	96	0.32151	0.27698	0.5	1691	468	1456	4634	2.74
1965-1969	97	0.34287	0.29269	0.5	1222	358	1043	3177	2.60
1965-1969	98	0.36491	0.30860	0.5	865	267	731	2134	2.47
1965-1969	99	0.38755	0.32464	0.5	598	194	501	1403	2.35
1965-1969	100	0.41071	0.34074	0.5	404	138	335	902	2.23
1965-1969	101	0.43429	0.35681	0.5	266	95	219	567	2.13
1965-1969	102	0.45819	0.37279	0.5	171	64	139	348	2.03
1965-1969	103	0.48231	0.38860	0.5	107	42	87	209	1.95
1965-1969	104	0.50653	0.40417	0.5	66	27	52	122	1.87
1965-1969	105	0.53074	0.41944	0.5	39	16	31	70	1.79
1965-1969	106	0.55483	0.43434	0.5	23	10	18	39	1.72
1965-1969	107	0.57868	0.44882	0.5	13	6	10	21	1.66
1965-1969	108	0.60219	0.46283	0.5	7	3	5	11	1.61
1965-1969	109	0.62525	0.47634	0.5	4	2	3	6	1.57
1965-1969	110+	0.64778	1.00000	1.54	2	2	3	3	1.54
1970-1974	0	0.02296	0.02250	0.11	100000	2250	98002	6976220	69.76
1970-1974	1	0.00128	0.00128	0.5	97750	125	97687	6878219	70.37
1970-1974	2	0.00092	0.00092	0.5	97625	90	97580	6780532	69.46
1970-1974	3	0.00069	0.00069	0.5	97535	68	97501	6682952	68.52
1970-1974	4	0.00068	0.00068	0.5	97467	66	97434	6585451	67.57
1970-1974	5	0.00061	0.00061	0.5	97401	60	97371	6488017	66.61
1970-1974	6	0.00048	0.00048	0.5	97341	47	97318	6390646	65.65
1970-1974	7	0.00049	0.00049	0.5	97294	48	97270	6293328	64.68
1970-1974	8	0.00050	0.00050	0.5	97246	48	97222	6196058	63.71
1970-1974	9	0.00039	0.00039	0.5	97198	38	97179	6098835	62.75
1970-1974	10	0.00038	0.00038	0.5	97160	37	97142	6001656	61.77
1970-1974	11	0.00040	0.00040	0.5	97124	39	97104	5904514	60.79
1970-1974	12	0.00039	0.00039	0.5	97085	38	97066	5807410	59.82
1970-1974	13	0.00054	0.00054	0.5	97047	53	97020	5710344	58.84
1970-1974	14	0.00065	0.00065	0.5	96994	63	96962	5613324	57.87
1970-1974	15	0.00079	0.00079	0.5	96931	76	96892	5516362	56.91
1970-1974	16	0.00110	0.00110	0.5	96854	107	96801	5419469	55.95
1970-1974	17	0.00136	0.00136	0.5	96748	132	96682	5322668	55.02
1970-1974	18	0.00146	0.00146	0.5	96616	141	96546	5225987	54.09
1970-1974	19	0.00152	0.00152	0.5	96475	147	96402	5129441	53.17
1970-1974	20	0.00153	0.00153	0.5	96328	147	96255	5033039	52.25
1970-1974	21	0.00155	0.00155	0.5	96181	149	96107	4936785	51.33
1970-1974	22	0.00155	0.00155	0.5	96032	149	95958	4840678	50.41
1970-1974	23	0.00152	0.00152	0.5	95884	145	95811	4744720	49.48
1970-1974	24	0.00165	0.00165	0.5	95738	158	95660	4648909	48.56
1970-1974	25	0.00164	0.00164	0.5	95581	156	95503	4553249	47.64
1970-1974	26	0.00153	0.00153	0.5	95425	146	95352	4457747	46.71
1970-1974	27	0.00163	0.00163	0.5	95279	155	95201	4362395	45.79
1970-1974	28	0.00169	0.00169	0.5	95123	160	95043	4267194	44.86
1970-1974	29	0.00168	0.00167	0.5	94963	159	94883	4172151	43.93
1970-1974	30	0.00170	0.00170	0.5	94804	161	94723	4077267	43.01
1970-1974	31	0.00204	0.00203	0.5	94643	192	94546	3982544	42.08
1970-1974	32	0.00205	0.00205	0.5	94450	194	94353	3887998	41.16
1970-1974	33	0.00211	0.00211	0.5	94257	199	94157	3793644	40.25
1970-1974	34	0.00250	0.00250	0.5	94058	235	93940	3699487	39.33
1970-1974	35	0.00229	0.00229	0.5	93823	215	93715	3605547	38.43
1970-1974	36	0.00287	0.00286	0.5	93608	268	93474	3511831	37.52
1970-1974	37	0.00304	0.00303	0.5	93340	283	93199	3418357	36.62
1970-1974	38	0.00326	0.00326	0.5	93057	303	92906	3325158	35.73
1970-1974	39	0.00346	0.00345	0.5	92754	320	92594	3232253	34.85
1970-1974	40	0.00355	0.00354	0.5	92434	327	92270	3139658	33.97
1970-1974	41	0.00417	0.00416	0.5	92107	383	91915	3047388	33.09
1970-1974	42	0.00452	0.00451	0.5	91724	413	91517	2955473	32.22
1970-1974	43	0.00501	0.00500	0.5	91310	457	91082	2863956	31.37
1970-1974	44	0.00535	0.00534	0.5	90854	485	90611	2772874	30.52
1970-1974	45	0.00557	0.00556	0.5	90369	502	90118	2682263	29.68
1970-1974	46	0.00668	0.00665	0.5	89867	598	89568	2592145	28.84
1970-1974	47	0.00687	0.00685	0.5	89269	611	88963	2502577	28.03
1970-1974	48	0.00735	0.00732	0.5	88658	649	88333	2413614	27.22
1970-1974	49	0.00814	0.00811	0.5	88008	714	87651	2325281	26.42
1970-1974	50	0.00895	0.00891	0.5	87294	778	86906	2237630	25.63
1970-1974	51	0.00954	0.00950	0.5	86517	822	86106	2150724	24.86
1970-1974	52	0.01029	0.01024	0.5	85695	877	85257	2064618	24.09
1970-1974	53	0.01083	0.01077	0.5	84818	914	84362	1979361	23.34
1970-1974	54	0.01147	0.01140	0.5	83905	957	83426	1894999	22.59
1970-1974	55	0.01252	0.01244	0.5	82948	1032	82432	1811573	21.84
1970-1974	56	0.01407	0.01398	0.5	81916	1145	81344	1729141	21.11
1970-1974	57	0.01477	0.01466	0.5	80771	1184	80179	1647797	20.40
1970-1974	58	0.01525	0.01514	0.5	79587	1205	78985	1567618	19.70
1970-1974	59	0.01666	0.01652	0.5	78383	1295	77735	1488633	18.99
1970-1974	60	0.01880	0.01863	0.5	77088	1436	76370	1410898	18.30
1970-1974	61	0.01908	0.01890	0.5	75652	1430	74937	1334528	17.64
1970-1974	62	0.02140	0.02117	0.5	74222	1572	73436	1259591	16.97
1970-1974	63	0.02292	0.02266	0.5	72650	1646	71827	1186155	16.33
1970-1974	64	0.02426	0.02397	0.5	71004	1702	70154	1114327	15.69
1970-1974	65	0.02668	0.02633	0.5	69303	1825	68390	1044174	15.07
1970-1974	66	0.02756	0.02718	0.5	67478	1834	66561	975784	14.46
1970-1974	67	0.03092	0.03045	0.5	65644	1999	64644	909223	13.85
1970-1974	68	0.03212	0.03161	0.5	63645	2012	62639	844579	13.27
1970-1974	69	0.03440	0.03382	0.5	61633	2084	60591	781940	12.69
1970-1974	70	0.03858	0.03785	0.5	59549	2254	58422	721349	12.11
1970-1974	71	0.04139	0.04055	0.5	57295	2323	56133	662928	11.57
1970-1974	72	0.04759	0.04648	0.5	54971	2555	53694	606794	11.04
1970-1974	73	0.04890	0.04773	0.5	52416	2502	51165	553101	10.55
1970-1974	74	0.05282	0.05146	0.5	49914	2569	48630	501935	10.06
1970-1974	75	0.05527	0.05378	0.5	47346	2546	46073	453305	9.57
1970-1974	76	0.06041	0.05864	0.5	44800	2627	43486	407233	9.09
1970-1974	77	0.06247	0.06058	0.5	42173	2555	40895	363746	8.63
1970-1974	78	0.07021	0.06783	0.5	39618	2687	38274	322851	8.15
1970-1974	79	0.07819	0.07525	0.5	36931	2779	35541	284577	7.71
1970-1974	80	0.08442	0.08100	0.5	34152	2766	32769	249035	7.29
1970-1974	81	0.08789	0.08419	0.5	31386	2642	30064	216267	6.89
1970-1974	82	0.10022	0.09543	0.5	28743	2743	27372	186202	6.48
1970-1974	83	0.11016	0.10441	0.5	26000	2715	24643	158831	6.11
1970-1974	84	0.12098	0.11408	0.5	23285	2656	21957	134188	5.76
1970-1974	85	0.13021	0.12225	0.5	20629	2522	19368	112231	5.44
1970-1974	86	0.14433	0.13462	0.5	18107	2438	16888	92863	5.13
1970-1974	87	0.15728	0.14581	0.5	15670	2285	14527	75975	4.85
1970-1974	88	0.16597	0.15325	0.5	13385	2051	12359	61447	4.59
1970-1974	89	0.18012	0.16524	0.5	11334	1873	10397	49088	4.33
1970-1974	90	0.19344	0.17638	0.5	9461	1669	8626	38691	4.09
1970-1974	91	0.20877	0.18903	0.5	7792	1473	7056	30065	3.86
1970-1974	92	0.22502	0.20226	0.5	6319	1278	5680	23009	3.64
1970-1974	93	0.24220	0.21603	0.5	5041	1089	4496	17329	3.44
1970-1974	94	0.26030	0.23032	0.5	3952	910	3497	12833	3.25
1970-1974	95	0.27931	0.24508	0.5	3042	745	2669	9336	3.07
1970-1974	96	0.29920	0.26026	0.5	2296	598	1997	6667	2.90
1970-1974	97	0.31993	0.27581	0.5	1699	469	1464	4669	2.75
1970-1974	98	0.34145	0.29166	0.5	1230	359	1051	3205	2.61
1970-1974	99	0.36370	0.30774	0.5	871	268	737	2154	2.47
1970-1974	100	0.38659	0.32397	0.5	603	195	506	1417	2.35
1970-1974	101	0.41005	0.34028	0.5	408	139	338	911	2.23
1970-1974	102	0.43397	0.35659	0.5	269	96	221	573	2.13
1970-1974	103	0.45824	0.37282	0.5	173	65	141	352	2.03
1970-1974	104	0.48276	0.38889	0.5	109	42	87	211	1.94
1970-1974	105	0.50739	0.40472	0.5	66	27	53	124	1.86
1970-1974	106	0.53202	0.42023	0.5	39	17	31	71	1.79
1970-1974	107	0.55653	0.43538	0.5	23	10	18	39	1.72
1970-1974	108	0.58079	0.45008	0.5	13	6	10	22	1.67
1970-1974	109	0.60469	0.46431	0.5	7	3	5	12	1.62
1970-1974	110+	0.62811	1.00000	1.59	4	4	6	6	1.59
1975-1979	0	0.01724	0.01698	0.1	100000	1698	98466	7204349	72.04
1975-1979	1	0.00106	0.00106	0.5	98302	105	98250	7105884	72.29
1975-1979	2	0.00086	0.00086	0.5	98198	84	98156	7007634	71.36
1975-1979	3	0.00063	0.00063	0.5	98113	61	98083	6909478	70.42
1975-1979	4	0.00051	0.00051	0.5	98052	50	98027	6811395	69.47
1975-1979	5	0.00049	0.00049	0.5	98002	48	97978	6713368	68.50
1975-1979	6	0.00046	0.00046	0.5	97954	45	97931	6615390	67.54
1975-1979	7	0.00035	0.00035	0.5	97909	34	97892	6517459	66.57
1975-1979	8	0.00032	0.00032	0.5	97875	32	97859	6419567	65.59
1975-1979	9	0.00033	0.00033	0.5	97843	32	97827	6321708	64.61
1975-1979	10	0.00029	0.00029	0.5	97811	29	97797	6223880	63.63
1975-1979	11	0.00032	0.00032	0.5	97782	31	97767	6126084	62.65
1975-1979	12	0.00039	0.00039	0.5	97751	38	97732	6028317	61.67
1975-1979	13	0.00041	0.00041	0.5	97713	40	97693	5930585	60.69
1975-1979	14	0.00047	0.00047	0.5	97673	46	97650	5832892	59.72
1975-1979	15	0.00058	0.00058	0.5	97627	57	97598	5735243	58.75
1975-1979	16	0.00089	0.00089	0.5	97570	87	97527	5637644	57.78
1975-1979	17	0.00103	0.00103	0.5	97483	101	97433	5540118	56.83
1975-1979	18	0.00132	0.00132	0.5	97382	128	97318	5442685	55.89
1975-1979	19	0.00135	0.00135	0.5	97254	131	97189	5345367	54.96
1975-1979	20	0.00131	0.00131	0.5	97123	127	97059	5248178	54.04
1975-1979	21	0.00130	0.00130	0.5	96996	126	96933	5151119	53.11
1975-1979	22	0.00140	0.00140	0.5	96870	135	96803	5054186	52.17
1975-1979	23	0.00126	0.00126	0.5	96735	121	96674	4957383	51.25
1975-1979	24	0.00125	0.00124	0.5	96613	120	96553	4860709	50.31
1975-1979	25	0.00131	0.00131	0.5	96493	127	96430	4764155	49.37
1975-1979	26	0.00134	0.00134	0.5	96367	129	96302	4667725	48.44
1975-1979	27	0.00139	0.00139	0.5	96238	134	96171	4571423	47.50
1975-1979	28	0.00133	0.00132	0.5	96104	127	96040	4475252	46.57
1975-1979	29	0.00143	0.00143	0.5	95977	137	95908	4379212	45.63
1975-1979	30	0.00144	0.00144	0.5	95840	138	95771	4283304	44.69
1975-1979	31	0.00157	0.00157	0.5	95701	150	95626	4187533	43.76
1975-1979	32	0.00158	0.00158	0.5	95551	151	95476	4091907	42.82
1975-1979	33	0.00168	0.00168	0.5	95401	160	95321	3996431	41.89
1975-1979	34	0.00190	0.00190	0.5	95241	181	95150	3901110	40.96
1975-1979	35	0.00191	0.00191	0.5	95060	182	94969	3805960	40.04
1975-1979	36	0.00220	0.00220	0.5	94878	209	94774	3710991	39.11
1975-1979	37	0.00235	0.00235	0.5	94670	223	94558	3616217	38.20
1975-1979	38	0.00263	0.00262	0.5	94447	248	94323	3521658	37.29
1975-1979	39	0.00276	0.00276	0.5	94199	260	94069	3427335	36.38
1975-1979	40	0.00308	0.00307	0.5	93940	289	93795	3333265	35.48
1975-1979	41	0.00328	0.00328	0.5	93651	307	93497	3239470	34.59
1975-1979	42	0.00397	0.00397	0.5	93344	370	93159	3145973	33.70
1975-1979	43	0.00401	0.00400	0.5	92974	372	92788	3052814	32.84
1975-1979	44	0.00432	0.00431	0.5	92602	399	92402	2960026	31.97
1975-1979	45	0.00461	0.00460	0.5	92203	424	91991	2867624	31.10
1975-1979	46	0.00519	0.00518	0.5	91778	475	91541	2775633	30.24
1975-1979	47	0.00569	0.00567	0.5	91303	518	91044	2684092	29.40
1975-1979	48	0.00628	0.00626	0.5	90785	568	90501	2593049	28.56
1975-1979	49	0.00673	0.00671	0.5	90217	605	89914	2502548	27.74
1975-1979	50	0.00758	0.00755	0.5	89611	677	89273	2412633	26.92
1975-1979	51	0.00802	0.00799	0.5	88935	711	88579	2323360	26.12
1975-1979	52	0.00878	0.00875	0.5	88224	772	87838	2234781	25.33
1975-1979	53	0.00944	0.00939	0.5	87452	821	87042	2146943	24.55
1975-1979	54	0.01032	0.01027	0.5	86631	890	86186	2059901	23.78
1975-1979	55	0.01136	0.01129	0.5	85741	968	85257	1973714	23.02
1975-1979	56	0.01214	0.01207	0.5	84773	1023	84262	1888457	22.28
1975-1979	57	0.01299	0.01291	0.5	83750	1081	83210	1804196	21.54
1975-1979	58	0.01423	0.01413	0.5	82669	1168	82085	1720986	20.82
1975-1979	59	0.01505	0.01494	0.5	81501	1218	80892	1638901	20.11
1975-1979	60	0.01585	0.01572	0.5	80283	1262	79652	1558009	19.41
1975-1979	61	0.01750	0.01735	0.5	79021	1371	78336	1478357	18.71
1975-1979	62	0.01941	0.01922	0.5	77650	1492	76904	1400021	18.03
1975-1979	63	0.02072	0.02051	0.5	76158	1562	75377	1323117	17.37
1975-1979	64	0.02237	0.02213	0.5	74596	1651	73771	1247740	16.73
1975-1979	65	0.02339	0.02312	0.5	72945	1687	72102	1173970	16.09
1975-1979	66	0.02448	0.02418	0.5	71259	1723	70397	1101868	15.46
1975-1979	67	0.02704	0.02668	0.5	69535	1855	68608	1031471	14.83
1975-1979	68	0.02858	0.02818	0.5	67680	1907	66727	962863	14.23
1975-1979	69	0.03051	0.03005	0.5	65773	1977	64785	896136	13.62
1975-1979	70	0.03369	0.03313	0.5	63796	2114	62740	831352	13.03
1975-1979	71	0.03558	0.03496	0.5	61683	2157	60605	768612	12.46
1975-1979	72	0.03915	0.03839	0.5	59526	2286	58383	708008	11.89
1975-1979	73	0.04251	0.04162	0.5	57241	2382	56049	649624	11.35
1975-1979	74	0.04571	0.04469	0.5	54858	2452	53632	593575	10.82
1975-1979	75	0.05063	0.04938	0.5	52407	2588	51113	539942	10.30
1975-1979	76	0.05298	0.05161	0.5	49819	2571	48533	488830	9.81
1975-1979	77	0.05743	0.05583	0.5	47247	2638	45928	440297	9.32
1975-1979	78	0.06331	0.06136	0.5	44609	2737	43241	394368	8.84
1975-1979	79	0.06841	0.06615	0.5	41872	2770	40487	351127	8.39
1975-1979	80	0.07459	0.07191	0.5	39102	2812	37696	310640	7.94
1975-1979	81	0.08008	0.07699	0.5	36290	2794	34893	272944	7.52
1975-1979	82	0.08780	0.08410	0.5	33496	2817	32088	238050	7.11
1975-1979	83	0.09666	0.09220	0.5	30679	2829	29265	205963	6.71
1975-1979	84	0.10646	0.10108	0.5	27851	2815	26443	176698	6.34
1975-1979	85	0.11365	0.10754	0.5	25035	2692	23689	150255	6.00
1975-1979	86	0.12547	0.11806	0.5	22343	2638	21024	126566	5.66
1975-1979	87	0.12828	0.12055	0.5	19705	2375	18518	105541	5.36
1975-1979	88	0.14622	0.13626	0.5	17330	2361	16149	87024	5.02
1975-1979	89	0.16423	0.15177	0.5	14969	2272	13833	70874	4.73
1975-1979	90	0.17134	0.15782	0.5	12697	2004	11695	57042	4.49
1975-1979	91	0.18475	0.16913	0.5	10693	1808	9789	45347	4.24
1975-1979	92	0.19937	0.18130	0.5	8885	1611	8079	35558	4.00
1975-1979	93	0.21491	0.19405	0.5	7274	1412	6568	27479	3.78
1975-1979	94	0.23136	0.20737	0.5	5862	1216	5254	20911	3.57
1975-1979	95	0.24873	0.22122	0.5	4647	1028	4133	15657	3.37
1975-1979	96	0.26702	0.23557	0.5	3619	852	3192	11524	3.18
1975-1979	97	0.28620	0.25037	0.5	2766	693	2420	8331	3.01
1975-1979	98	0.30625	0.26558	0.5	2074	551	1798	5911	2.85
1975-1979	99	0.32712	0.28114	0.5	1523	428	1309	4113	2.70
1975-1979	100	0.34876	0.29698	0.5	1095	325	932	2804	2.56
1975-1979	101	0.37111	0.31303	0.5	770	241	649	1872	2.43
1975-1979	102	0.39409	0.32922	0.5	529	174	442	1223	2.31
1975-1979	103	0.41760	0.34547	0.5	355	123	293	781	2.20
1975-1979	104	0.44155	0.36170	0.5	232	84	190	488	2.10
1975-1979	105	0.46583	0.37783	0.5	148	56	120	298	2.01
1975-1979	106	0.49032	0.39378	0.5	92	36	74	177	1.92
1975-1979	107	0.51491	0.40948	0.5	56	23	44	103	1.85
1975-1979	108	0.53946	0.42486	0.5	33	14	26	59	1.78
1975-1979	109	0.56386	0.43985	0.5	19	8	15	33	1.73
1975-1979	110+	0.58800	1.00000	1.7	11	11	18	18	1.70
1980-1984	0	0.01345	0.01328	0.09	100000	1328	98785	7359797	73.60
1980-1984	1	0.00094	0.00094	0.5	98672	93	98625	7261012	73.59
1980-1984	2	0.00056	0.00056	0.5	98579	56	98551	7162387	72.66
1980-1984	3	0.00049	0.00049	0.5	98523	48	98499	7063836	71.70
1980-1984	4	0.00033	0.00033	0.5	98475	33	98459	6965337	70.73
1980-1984	5	0.00027	0.00027	0.5	98442	27	98429	6866878	69.76
1980-1984	6	0.00029	0.00029	0.5	98416	28	98402	6768449	68.77
1980-1984	7	0.00031	0.00031	0.5	98388	30	98373	6670047	67.79
1980-1984	8	0.00030	0.00030	0.5	98357	29	98343	6571674	66.81
1980-1984	9	0.00025	0.00025	0.5	98328	25	98315	6473332	65.83
1980-1984	10	0.00027	0.00027	0.5	98303	27	98289	6375017	64.85
1980-1984	11	0.00025	0.00025	0.5	98276	24	98264	6276727	63.87
1980-1984	12	0.00030	0.00030	0.5	98252	30	98237	6178463	62.88
1980-1984	13	0.00035	0.00035	0.5	98222	35	98205	6080226	61.90
1980-1984	14	0.00037	0.00037	0.5	98187	36	98169	5982022	60.92
1980-1984	15	0.00050	0.00050	0.5	98151	49	98127	5883852	59.95
1980-1984	16	0.00089	0.00089	0.5	98102	88	98059	5785726	58.98
1980-1984	17	0.00096	0.00096	0.5	98015	94	97968	5687667	58.03
1980-1984	18	0.00110	0.00110	0.5	97921	108	97867	5589699	57.08
1980-1984	19	0.00105	0.00105	0.5	97813	103	97761	5491833	56.15
1980-1984	20	0.00103	0.00103	0.5	97710	100	97660	5394071	55.20
1980-1984	21	0.00108	0.00108	0.5	97610	106	97557	5296412	54.26
1980-1984	22	0.00112	0.00112	0.5	97504	109	97449	5198855	53.32
1980-1984	23	0.00109	0.00109	0.5	97395	106	97342	5101406	52.38
1980-1984	24	0.00114	0.00114	0.5	97289	111	97234	5004064	51.44
1980-1984	25	0.00113	0.00113	0.5	97178	110	97123	4906830	50.49
1980-1984	26	0.00111	0.00111	0.5	97069	108	97015	4809707	49.55
1980-1984	27	0.00119	0.00119	0.5	96961	115	96903	4712692	48.60
1980-1984	28	0.00124	0.00124	0.5	96846	120	96786	4615789	47.66
1980-1984	29	0.00126	0.00126	0.5	96726	122	96665	4519003	46.72
1980-1984	30	0.00133	0.00133	0.5	96604	128	96540	4422338	45.78
1980-1984	31	0.00137	0.00136	0.5	96476	132	96410	4325798	44.84
1980-1984	32	0.00141	0.00141	0.5	96344	136	96276	4229388	43.90
1980-1984	33	0.00157	0.00157	0.5	96208	151	96133	4133112	42.96
1980-1984	34	0.00139	0.00139	0.5	96057	133	95991	4036979	42.03
1980-1984	35	0.00167	0.00167	0.5	95924	160	95844	3940988	41.08
1980-1984	36	0.00183	0.00183	0.5	95764	175	95676	3845144	40.15
1980-1984	37	0.00190	0.00190	0.5	95589	181	95498	3749468	39.22
1980-1984	38	0.00222	0.00221	0.5	95408	211	95302	3653970	38.30
1980-1984	39	0.00226	0.00226	0.5	95196	215	95089	3558668	37.38
1980-1984	40	0.00249	0.00249	0.5	94981	237	94863	3463579	36.47
1980-1984	41	0.00270	0.00269	0.5	94745	255	94617	3368716	35.56
1980-1984	42	0.00299	0.00298	0.5	94489	282	94348	3274099	34.65
1980-1984	43	0.00335	0.00334	0.5	94207	315	94050	3179751	33.75
1980-1984	44	0.00371	0.00370	0.5	93893	347	93719	3085700	32.86
1980-1984	45	0.00389	0.00388	0.5	93546	363	93364	2991981	31.98
1980-1984	46	0.00427	0.00426	0.5	93182	397	92984	2898617	31.11
1980-1984	47	0.00492	0.00491	0.5	92785	456	92557	2805634	30.24
1980-1984	48	0.00565	0.00563	0.5	92329	520	92069	2713077	29.38
1980-1984	49	0.00548	0.00547	0.5	91809	502	91558	2621007	28.55
1980-1984	50	0.00614	0.00612	0.5	91307	559	91028	2529449	27.70
1980-1984	51	0.00713	0.00711	0.5	90748	645	90426	2438421	26.87
1980-1984	52	0.00751	0.00748	0.5	90103	674	89766	2347995	26.06
1980-1984	53	0.00835	0.00832	0.5	89429	744	89057	2258229	25.25
1980-1984	54	0.00887	0.00883	0.5	88685	783	88294	2169172	24.46
1980-1984	55	0.01000	0.00995	0.5	87902	875	87465	2080879	23.67
1980-1984	56	0.01073	0.01067	0.5	87027	928	86563	1993414	22.91
1980-1984	57	0.01165	0.01158	0.5	86099	997	85600	1906851	22.15
1980-1984	58	0.01321	0.01312	0.5	85102	1117	84543	1821251	21.40
1980-1984	59	0.01376	0.01366	0.5	83985	1147	83411	1736708	20.68
1980-1984	60	0.01516	0.01505	0.5	82838	1246	82214	1653296	19.96
1980-1984	61	0.01600	0.01588	0.5	81591	1295	80944	1571082	19.26
1980-1984	62	0.01805	0.01789	0.5	80296	1437	79577	1490138	18.56
1980-1984	63	0.01962	0.01943	0.5	78859	1532	78093	1410561	17.89
1980-1984	64	0.02016	0.01996	0.5	77327	1543	76556	1332468	17.23
1980-1984	65	0.02186	0.02163	0.5	75784	1639	74964	1255912	16.57
1980-1984	66	0.02394	0.02366	0.5	74145	1754	73268	1180947	15.93
1980-1984	67	0.02463	0.02433	0.5	72391	1761	71510	1107679	15.30
1980-1984	68	0.02720	0.02683	0.5	70630	1895	69682	1036169	14.67
1980-1984	69	0.02944	0.02902	0.5	68735	1994	67737	966487	14.06
1980-1984	70	0.03136	0.03088	0.5	66740	2061	65710	898749	13.47
1980-1984	71	0.03408	0.03351	0.5	64679	2167	63596	833040	12.88
1980-1984	72	0.03810	0.03739	0.5	62512	2337	61343	769444	12.31
1980-1984	73	0.04047	0.03966	0.5	60175	2387	58982	708100	11.77
1980-1984	74	0.04225	0.04137	0.5	57788	2391	56593	649119	11.23
1980-1984	75	0.04735	0.04625	0.5	55397	2562	54116	592526	10.70
1980-1984	76	0.05039	0.04915	0.5	52835	2597	51536	538410	10.19
1980-1984	77	0.05336	0.05197	0.5	50238	2611	48932	486874	9.69
1980-1984	78	0.05749	0.05588	0.5	47627	2662	46296	437941	9.20
1980-1984	79	0.06167	0.05983	0.5	44965	2690	43620	391645	8.71
1980-1984	80	0.06796	0.06573	0.5	42275	2779	40886	348025	8.23
1980-1984	81	0.07532	0.07258	0.5	39497	2867	38063	307139	7.78
1980-1984	82	0.08158	0.07838	0.5	36630	2871	35194	269076	7.35
1980-1984	83	0.09082	0.08687	0.5	33759	2933	32292	233881	6.93
1980-1984	84	0.09814	0.09355	0.5	30826	2884	29384	201589	6.54
1980-1984	85	0.10732	0.10186	0.5	27942	2846	26519	172205	6.16
1980-1984	86	0.11874	0.11209	0.5	25096	2813	23690	145685	5.81
1980-1984	87	0.13077	0.12275	0.5	22283	2735	20916	121996	5.47
1980-1984	88	0.13535	0.12677	0.5	19548	2478	18309	101080	5.17
1980-1984	89	0.15115	0.14053	0.5	17070	2399	15870	82771	4.85
1980-1984	90	0.16692	0.15406	0.5	14671	2260	13541	66901	4.56
1980-1984	91	0.17897	0.16427	0.5	12411	2039	11391	53360	4.30
1980-1984	92	0.19408	0.17691	0.5	10372	1835	9455	41968	4.05
1980-1984	93	0.21020	0.19021	0.5	8537	1624	7725	32514	3.81
1980-1984	94	0.22736	0.20415	0.5	6913	1411	6208	24789	3.59
1980-1984	95	0.24555	0.21870	0.5	5502	1203	4900	18581	3.38
1980-1984	96	0.26478	0.23383	0.5	4299	1005	3796	13681	3.18
1980-1984	97	0.28503	0.24947	0.5	3293	822	2883	9885	3.00
1980-1984	98	0.30625	0.26559	0.5	2472	656	2144	7002	2.83
1980-1984	99	0.32842	0.28209	0.5	1815	512	1559	4858	2.68
1980-1984	100	0.35145	0.29892	0.5	1303	390	1108	3299	2.53
1980-1984	101	0.37527	0.31598	0.5	914	289	769	2191	2.40
1980-1984	102	0.39980	0.33319	0.5	625	208	521	1421	2.27
1980-1984	103	0.42491	0.35045	0.5	417	146	344	901	2.16
1980-1984	104	0.45049	0.36767	0.5	271	100	221	557	2.06
1980-1984	105	0.47640	0.38475	0.5	171	66	138	336	1.96
1980-1984	106	0.50250	0.40160	0.5	105	42	84	198	1.88
1980-1984	107	0.52865	0.41813	0.5	63	26	50	113	1.80
1980-1984	108	0.55471	0.43426	0.5	37	16	29	64	1.73
1980-1984	109	0.58052	0.44992	0.5	21	9	16	35	1.68
1980-1984	110+	0.60595	1.00000	1.65	11	11	19	19	1.65
1985-1989	0	0.01225	0.01211	0.08	100000	1211	98888	7405050	74.05
1985-1989	1	0.00081	0.00081	0.5	98789	80	98749	7306162	73.96
1985-1989	2	0.00063	0.00063	0.5	98709	62	98678	7207413	73.02
1985-1989	3	0.00047	0.00047	0.5	98647	46	98624	7108735	72.06
1985-1989	4	0.00040	0.00040	0.5	98601	40	98581	7010111	71.10
1985-1989	5	0.00035	0.00035	0.5	98561	34	98544	6911531	70.12
1985-1989	6	0.00026	0.00026	0.5	98527	25	98514	6812987	69.15
1985-1989	7	0.00031	0.00031	0.5	98502	30	98486	6714472	68.17
1985-1989	8	0.00028	0.00028	0.5	98471	28	98457	6615986	67.19
1985-1989	9	0.00027	0.00027	0.5	98443	26	98430	6517529	66.21
1985-1989	10	0.00026	0.00026	0.5	98417	26	98404	6419098	65.22
1985-1989	11	0.00027	0.00027	0.5	98391	26	98378	6320694	64.24
1985-1989	12	0.00033	0.00033	0.5	98365	32	98348	6222317	63.26
1985-1989	13	0.00031	0.00031	0.5	98332	30	98317	6123968	62.28
1985-1989	14	0.00041	0.00041	0.5	98302	40	98282	6025651	61.30
1985-1989	15	0.00051	0.00051	0.5	98262	51	98237	5927369	60.32
1985-1989	16	0.00085	0.00085	0.5	98211	84	98170	5829133	59.35
1985-1989	17	0.00088	0.00088	0.5	98128	86	98085	5730963	58.40
1985-1989	18	0.00103	0.00103	0.5	98042	101	97991	5632878	57.45
1985-1989	19	0.00099	0.00099	0.5	97941	97	97893	5534887	56.51
1985-1989	20	0.00109	0.00109	0.5	97845	106	97791	5436994	55.57
1985-1989	21	0.00119	0.00119	0.5	97738	116	97680	5339203	54.63
1985-1989	22	0.00116	0.00116	0.5	97622	113	97566	5241522	53.69
1985-1989	23	0.00103	0.00103	0.5	97509	101	97459	5143957	52.75
1985-1989	24	0.00112	0.00112	0.5	97409	109	97354	5046498	51.81
1985-1989	25	0.00105	0.00105	0.5	97299	102	97248	4949144	50.87
1985-1989	26	0.00103	0.00103	0.5	97197	100	97147	4851895	49.92
1985-1989	27	0.00111	0.00111	0.5	97097	108	97043	4754748	48.97
1985-1989	28	0.00133	0.00133	0.5	96989	129	96925	4657705	48.02
1985-1989	29	0.00126	0.00126	0.5	96860	122	96799	4560781	47.09
1985-1989	30	0.00136	0.00136	0.5	96738	131	96673	4463981	46.14
1985-1989	31	0.00152	0.00152	0.5	96607	147	96534	4367308	45.21
1985-1989	32	0.00153	0.00153	0.5	96461	148	96387	4270774	44.27
1985-1989	33	0.00156	0.00156	0.5	96313	150	96238	4174387	43.34
1985-1989	34	0.00160	0.00160	0.5	96163	154	96086	4078150	42.41
1985-1989	35	0.00163	0.00163	0.5	96009	156	95931	3982064	41.48
1985-1989	36	0.00179	0.00179	0.5	95853	172	95767	3886133	40.54
1985-1989	37	0.00192	0.00191	0.5	95681	183	95589	3790366	39.61
1985-1989	38	0.00207	0.00207	0.5	95498	197	95399	3694777	38.69
1985-1989	39	0.00204	0.00204	0.5	95300	194	95203	3599378	37.77
1985-1989	40	0.00237	0.00237	0.5	95106	225	94994	3504175	36.84
1985-1989	41	0.00261	0.00260	0.5	94881	247	94757	3409181	35.93
1985-1989	42	0.00282	0.00281	0.5	94634	266	94501	3314423	35.02
1985-1989	43	0.00298	0.00297	0.5	94368	281	94228	3219923	34.12
1985-1989	44	0.00340	0.00340	0.5	94087	320	93928	3125695	33.22
1985-1989	45	0.00360	0.00359	0.5	93768	337	93599	3031767	32.33
1985-1989	46	0.00394	0.00393	0.5	93431	367	93247	2938168	31.45
1985-1989	47	0.00423	0.00422	0.5	93064	393	92867	2844921	30.57
1985-1989	48	0.00495	0.00494	0.5	92671	458	92442	2752053	29.70
1985-1989	49	0.00528	0.00527	0.5	92213	486	91970	2659612	28.84
1985-1989	50	0.00587	0.00585	0.5	91727	537	91459	2567642	27.99
1985-1989	51	0.00648	0.00646	0.5	91191	589	90896	2476183	27.15
1985-1989	52	0.00682	0.00680	0.5	90602	616	90294	2385287	26.33
1985-1989	53	0.00756	0.00754	0.5	89986	678	89647	2294993	25.50
1985-1989	54	0.00849	0.00846	0.5	89308	755	88930	2205346	24.69
1985-1989	55	0.00889	0.00885	0.5	88552	784	88160	2116416	23.90
1985-1989	56	0.00984	0.00979	0.5	87768	859	87339	2028256	23.11
1985-1989	57	0.01078	0.01073	0.5	86909	932	86443	1940917	22.33
1985-1989	58	0.01217	0.01210	0.5	85977	1040	85457	1854474	21.57
1985-1989	59	0.01295	0.01287	0.5	84937	1093	84390	1769017	20.83
1985-1989	60	0.01420	0.01410	0.5	83844	1182	83253	1684627	20.09
1985-1989	61	0.01539	0.01528	0.5	82662	1263	82030	1601374	19.37
1985-1989	62	0.01700	0.01686	0.5	81399	1372	80713	1519344	18.67
1985-1989	63	0.01808	0.01792	0.5	80027	1434	79310	1438631	17.98
1985-1989	64	0.01929	0.01911	0.5	78593	1502	77842	1359321	17.30
1985-1989	65	0.02151	0.02128	0.5	77091	1641	76270	1281479	16.62
1985-1989	66	0.02260	0.02235	0.5	75450	1686	74607	1205209	15.97
1985-1989	67	0.02387	0.02359	0.5	73764	1740	72894	1130602	15.33
1985-1989	68	0.02691	0.02655	0.5	72024	1913	71068	1057708	14.69
1985-1989	69	0.02903	0.02862	0.5	70112	2006	69109	986640	14.07
1985-1989	70	0.03100	0.03052	0.5	68105	2079	67066	917531	13.47
1985-1989	71	0.03297	0.03244	0.5	66027	2142	64956	850465	12.88
1985-1989	72	0.03730	0.03661	0.5	63885	2339	62715	785510	12.30
1985-1989	73	0.04050	0.03970	0.5	61546	2443	60324	722794	11.74
1985-1989	74	0.04332	0.04240	0.5	59103	2506	57849	662470	11.21
1985-1989	75	0.04624	0.04520	0.5	56596	2558	55317	604621	10.68
1985-1989	76	0.04954	0.04835	0.5	54038	2612	52732	549304	10.17
1985-1989	77	0.05395	0.05254	0.5	51426	2702	50075	496572	9.66
1985-1989	78	0.05909	0.05739	0.5	48724	2796	47326	446497	9.16
1985-1989	79	0.06354	0.06158	0.5	45928	2828	44514	399171	8.69
1985-1989	80	0.06831	0.06605	0.5	43100	2847	41676	354657	8.23
1985-1989	81	0.07505	0.07234	0.5	40253	2912	38797	312981	7.78
1985-1989	82	0.08068	0.07755	0.5	37341	2896	35893	274184	7.34
1985-1989	83	0.09079	0.08685	0.5	34445	2992	32949	238291	6.92
1985-1989	84	0.09708	0.09258	0.5	31453	2912	29997	205342	6.53
1985-1989	85	0.10742	0.10194	0.5	28541	2910	27087	175345	6.14
1985-1989	86	0.11640	0.11000	0.5	25632	2819	24222	148258	5.78
1985-1989	87	0.12807	0.12037	0.5	22812	2746	21439	124036	5.44
1985-1989	88	0.13835	0.12940	0.5	20067	2597	18768	102597	5.11
1985-1989	89	0.15110	0.14049	0.5	17470	2454	16243	83828	4.80
1985-1989	90	0.16451	0.15200	0.5	15016	2282	13874	67586	4.50
1985-1989	91	0.18183	0.16668	0.5	12733	2122	11672	53711	4.22
1985-1989	92	0.19777	0.17998	0.5	10611	1910	9656	42039	3.96
1985-1989	93	0.21483	0.19399	0.5	8701	1688	7857	32383	3.72
1985-1989	94	0.23301	0.20870	0.5	7013	1464	6281	24526	3.50
1985-1989	95	0.25232	0.22406	0.5	5550	1243	4928	18245	3.29
1985-1989	96	0.27276	0.24002	0.5	4306	1034	3789	13317	3.09
1985-1989	97	0.29429	0.25654	0.5	3273	840	2853	9527	2.91
1985-1989	98	0.31688	0.27354	0.5	2433	666	2100	6674	2.74
1985-1989	99	0.34045	0.29093	0.5	1768	514	1510	4574	2.59
1985-1989	100	0.36493	0.30862	0.5	1253	387	1060	3064	2.44
1985-1989	101	0.39022	0.32652	0.5	867	283	725	2004	2.31
1985-1989	102	0.41621	0.34451	0.5	584	201	483	1279	2.19
1985-1989	103	0.44275	0.36250	0.5	383	139	313	796	2.08
1985-1989	104	0.46970	0.38037	0.5	244	93	197	483	1.98
1985-1989	105	0.49690	0.39801	0.5	151	60	121	285	1.89
1985-1989	106	0.52420	0.41534	0.5	91	38	72	164	1.80
1985-1989	107	0.55141	0.43224	0.5	53	23	42	92	1.73
1985-1989	108	0.57838	0.44864	0.5	30	14	23	50	1.67
1985-1989	109	0.60495	0.46446	0.5	17	8	13	27	1.62
1985-1989	110+	0.63097	1.00000	1.58	9	9	14	14	1.58
1990-1994	0	0.01071	0.01061	0.08	100000	1061	99022	7484559	74.85
1990-1994	1	0.00080	0.00080	0.5	98939	79	98900	7385537	74.65
1990-1994	2	0.00051	0.00051	0.5	98860	50	98835	7286637	73.71
1990-1994	3	0.00035	0.00035	0.5	98810	35	98792	7187802	72.74
1990-1994	4	0.00029	0.00029	0.5	98775	29	98760	7089010	71.77
1990-1994	5	0.00026	0.00026	0.5	98746	26	98733	6990249	70.79
1990-1994	6	0.00024	0.00024	0.5	98720	24	98708	6891516	69.81
1990-1994	7	0.00021	0.00021	0.5	98696	20	98686	6792808	68.83
1990-1994	8	0.00025	0.00025	0.5	98676	25	98664	6694122	67.84
1990-1994	9	0.00022	0.00022	0.5	98651	22	98641	6595458	66.86
1990-1994	10	0.00017	0.00017	0.5	98630	17	98621	6496818	65.87
1990-1994	11	0.00022	0.00022	0.5	98613	22	98602	6398196	64.88
1990-1994	12	0.00027	0.00027	0.5	98591	26	98578	6299594	63.90
1990-1994	13	0.00033	0.00033	0.5	98565	32	98549	6201016	62.91
1990-1994	14	0.00041	0.00041	0.5	98533	41	98512	6102467	61.93
1990-1994	15	0.00051	0.00051	0.5	98492	50	98467	6003954	60.96
1990-1994	16	0.00088	0.00088	0.5	98442	87	98399	5905487	59.99
1990-1994	17	0.00092	0.00092	0.5	98355	91	98310	5807089	59.04
1990-1994	18	0.00110	0.00110	0.5	98264	108	98211	5708779	58.10
1990-1994	19	0.00107	0.00107	0.5	98157	105	98104	5610568	57.16
1990-1994	20	0.00106	0.00106	0.5	98051	104	97999	5512464	56.22
1990-1994	21	0.00106	0.00106	0.5	97948	104	97896	5414465	55.28
1990-1994	22	0.00111	0.00111	0.5	97844	108	97789	5316569	54.34
1990-1994	23	0.00111	0.00110	0.5	97735	108	97681	5218780	53.40
1990-1994	24	0.00106	0.00106	0.5	97627	103	97576	5121098	52.46
1990-1994	25	0.00110	0.00110	0.5	97524	108	97470	5023523	51.51
1990-1994	26	0.00117	0.00117	0.5	97417	114	97359	4926052	50.57
1990-1994	27	0.00127	0.00127	0.5	97302	124	97240	4828693	49.63
1990-1994	28	0.00130	0.00130	0.5	97179	126	97116	4731452	48.69
1990-1994	29	0.00142	0.00142	0.5	97052	138	96984	4634337	47.75
1990-1994	30	0.00139	0.00139	0.5	96915	134	96848	4537353	46.82
1990-1994	31	0.00166	0.00165	0.5	96780	160	96700	4440506	45.88
1990-1994	32	0.00160	0.00159	0.5	96620	154	96543	4343805	44.96
1990-1994	33	0.00168	0.00168	0.5	96466	162	96385	4247262	44.03
1990-1994	34	0.00180	0.00180	0.5	96304	173	96218	4150877	43.10
1990-1994	35	0.00185	0.00185	0.5	96131	178	96043	4054659	42.18
1990-1994	36	0.00196	0.00195	0.5	95954	187	95860	3958616	41.26
1990-1994	37	0.00205	0.00205	0.5	95766	196	95668	3862756	40.34
1990-1994	38	0.00224	0.00224	0.5	95570	214	95463	3767088	39.42
1990-1994	39	0.00220	0.00220	0.5	95356	209	95251	3671625	38.50
1990-1994	40	0.00231	0.00231	0.5	95147	220	95037	3576373	37.59
1990-1994	41	0.00260	0.00260	0.5	94927	247	94804	3481336	36.67
1990-1994	42	0.00282	0.00281	0.5	94680	266	94547	3386533	35.77
1990-1994	43	0.00298	0.00298	0.5	94414	281	94273	3291986	34.87
1990-1994	44	0.00311	0.00311	0.5	94133	292	93987	3197712	33.97
1990-1994	45	0.00342	0.00342	0.5	93841	321	93680	3103726	33.07
1990-1994	46	0.00390	0.00389	0.5	93520	364	93338	3010045	32.19
1990-1994	47	0.00409	0.00408	0.5	93156	380	92966	2916708	31.31
1990-1994	48	0.00440	0.00439	0.5	92775	407	92572	2823742	30.44
1990-1994	49	0.00476	0.00475	0.5	92368	439	92149	2731170	29.57
1990-1994	50	0.00531	0.00530	0.5	91929	487	91686	2639022	28.71
1990-1994	51	0.00586	0.00584	0.5	91442	534	91175	2547336	27.86
1990-1994	52	0.00613	0.00612	0.5	90908	556	90630	2456161	27.02
1990-1994	53	0.00702	0.00700	0.5	90352	632	90036	2365531	26.18
1990-1994	54	0.00750	0.00747	0.5	89720	670	89385	2275495	25.36
1990-1994	55	0.00801	0.00798	0.5	89049	710	88694	2186110	24.55
1990-1994	56	0.00874	0.00870	0.5	88339	769	87955	2097416	23.74
1990-1994	57	0.00996	0.00992	0.5	87570	868	87136	2009461	22.95
1990-1994	58	0.01133	0.01127	0.5	86702	977	86213	1922325	22.17
1990-1994	59	0.01172	0.01165	0.5	85725	999	85225	1836112	21.42
1990-1994	60	0.01303	0.01294	0.5	84726	1097	84178	1750887	20.67
1990-1994	61	0.01395	0.01386	0.5	83629	1159	83050	1666709	19.93
1990-1994	62	0.01581	0.01568	0.5	82471	1293	81824	1583659	19.20
1990-1994	63	0.01662	0.01648	0.5	81177	1338	80508	1501835	18.50
1990-1994	64	0.01795	0.01779	0.5	79839	1421	79129	1421327	17.80
1990-1994	65	0.01923	0.01905	0.5	78419	1494	77672	1342198	17.12
1990-1994	66	0.02101	0.02079	0.5	76925	1600	76125	1264526	16.44
1990-1994	67	0.02246	0.02221	0.5	75325	1673	74489	1188401	15.78
1990-1994	68	0.02505	0.02474	0.5	73652	1822	72741	1113912	15.12
1990-1994	69	0.02663	0.02628	0.5	71831	1888	70887	1041171	14.49
1990-1994	70	0.02893	0.02852	0.5	69943	1995	68945	970284	13.87
1990-1994	71	0.03116	0.03068	0.5	67948	2085	66905	901339	13.27
1990-1994	72	0.03358	0.03303	0.5	65863	2175	64775	834433	12.67
1990-1994	73	0.03733	0.03665	0.5	63688	2334	62521	769658	12.08
1990-1994	74	0.03935	0.03859	0.5	61354	2368	60170	707137	11.53
1990-1994	75	0.04283	0.04193	0.5	58986	2473	57749	646968	10.97
1990-1994	76	0.04650	0.04544	0.5	56513	2568	55229	589218	10.43
1990-1994	77	0.05121	0.04994	0.5	53945	2694	52598	533989	9.90
1990-1994	78	0.05412	0.05269	0.5	51251	2700	49901	481391	9.39
1990-1994	79	0.05885	0.05717	0.5	48551	2776	47163	431491	8.89
1990-1994	80	0.06525	0.06319	0.5	45775	2893	44329	384328	8.40
1990-1994	81	0.07257	0.07003	0.5	42882	3003	41381	339999	7.93
1990-1994	82	0.07865	0.07568	0.5	39879	3018	38370	298618	7.49
1990-1994	83	0.08497	0.08151	0.5	36861	3005	35359	260248	7.06
1990-1994	84	0.09370	0.08951	0.5	33857	3030	32342	224889	6.64
1990-1994	85	0.10284	0.09781	0.5	30826	3015	29319	192548	6.25
1990-1994	86	0.11454	0.10834	0.5	27811	3013	26305	163229	5.87
1990-1994	87	0.12263	0.11554	0.5	24798	2865	23366	136924	5.52
1990-1994	88	0.13476	0.12625	0.5	21933	2769	20549	113558	5.18
1990-1994	89	0.15104	0.14043	0.5	19164	2691	17818	93010	4.85
1990-1994	90	0.15974	0.14792	0.5	16473	2437	15254	75192	4.56
1990-1994	91	0.17817	0.16360	0.5	14036	2296	12888	59937	4.27
1990-1994	92	0.19413	0.17695	0.5	11740	2077	10701	47049	4.01
1990-1994	93	0.21121	0.19104	0.5	9662	1846	8739	36348	3.76
1990-1994	94	0.22944	0.20583	0.5	7817	1609	7012	27609	3.53
1990-1994	95	0.24882	0.22129	0.5	6208	1374	5521	20597	3.32
1990-1994	96	0.26934	0.23737	0.5	4834	1147	4260	15076	3.12
1990-1994	97	0.29097	0.25402	0.5	3687	936	3218	10816	2.93
1990-1994	98	0.31368	0.27115	0.5	2750	746	2377	7597	2.76
1990-1994	99	0.33740	0.28870	0.5	2004	579	1715	5220	2.60
1990-1994	100	0.36205	0.30656	0.5	1426	437	1207	3505	2.46
1990-1994	101	0.38753	0.32463	0.5	989	321	828	2298	2.32
1990-1994	102	0.41372	0.34281	0.5	668	229	553	1470	2.20
1990-1994	103	0.44049	0.36098	0.5	439	158	360	916	2.09
1990-1994	104	0.46768	0.37904	0.5	280	106	227	557	1.99
1990-1994	105	0.49513	0.39688	0.5	174	69	140	329	1.89
1990-1994	106	0.52269	0.41439	0.5	105	44	83	190	1.81
1990-1994	107	0.55017	0.43148	0.5	61	27	48	107	1.73
1990-1994	108	0.57741	0.44805	0.5	35	16	27	58	1.67
1990-1994	109	0.60424	0.46404	0.5	19	9	15	31	1.62
1990-1994	110+	0.63051	1.00000	1.59	10	10	16	16	1.59
1995-1999	0	0.00955	0.00947	0.07	100000	947	99124	7547405	75.47
1995-1999	1	0.00060	0.00060	0.5	99053	59	99024	7448281	75.19
1995-1999	2	0.00037	0.00037	0.5	98994	36	98976	7349257	74.24
1995-1999	3	0.00032	0.00032	0.5	98958	31	98942	7250281	73.27
1995-1999	4	0.00027	0.00027	0.5	98927	26	98913	7151339	72.29
1995-1999	5	0.00023	0.00023	0.5	98900	22	98889	7052425	71.31
1995-1999	6	0.00020	0.00020	0.5	98878	20	98868	6953536	70.32
1995-1999	7	0.00023	0.00023	0.5	98858	22	98847	6854668	69.34
1995-1999	8	0.00023	0.00023	0.5	98835	23	98824	6755822	68.35
1995-1999	9	0.00021	0.00021	0.5	98813	20	98802	6656998	67.37
1995-1999	10	0.00018	0.00018	0.5	98792	18	98783	6558195	66.38
1995-1999	11	0.00020	0.00020	0.5	98774	20	98764	6459412	65.40
1995-1999	12	0.00023	0.00023	0.5	98754	23	98742	6360648	64.41
1995-1999	13	0.00027	0.00027	0.5	98731	27	98718	6261905	63.42
1995-1999	14	0.00040	0.00040	0.5	98704	39	98685	6163188	62.44
1995-1999	15	0.00050	0.00050	0.5	98665	49	98640	6064503	61.47
1995-1999	16	0.00078	0.00078	0.5	98616	77	98577	5965863	60.50
1995-1999	17	0.00088	0.00088	0.5	98539	87	98495	5867286	59.54
1995-1999	18	0.00099	0.00099	0.5	98452	97	98403	5768790	58.60
1995-1999	19	0.00098	0.00098	0.5	98354	97	98306	5670387	57.65
1995-1999	20	0.00103	0.00102	0.5	98258	101	98207	5572081	56.71
1995-1999	21	0.00112	0.00112	0.5	98157	110	98102	5473874	55.77
1995-1999	22	0.00104	0.00103	0.5	98047	101	97996	5375772	54.83
1995-1999	23	0.00097	0.00097	0.5	97945	95	97897	5277776	53.89
1995-1999	24	0.00103	0.00103	0.5	97850	101	97799	5179879	52.94
1995-1999	25	0.00099	0.00099	0.5	97749	97	97700	5082080	51.99
1995-1999	26	0.00093	0.00093	0.5	97652	91	97606	4984380	51.04
1995-1999	27	0.00100	0.00100	0.5	97561	98	97512	4886773	50.09
1995-1999	28	0.00108	0.00108	0.5	97463	105	97411	4789261	49.14
1995-1999	29	0.00113	0.00113	0.5	97358	110	97303	4691851	48.19
1995-1999	30	0.00122	0.00122	0.5	97248	119	97189	4594548	47.25
1995-1999	31	0.00135	0.00135	0.5	97129	131	97064	4497359	46.30
1995-1999	32	0.00136	0.00136	0.5	96999	132	96933	4400295	45.36
1995-1999	33	0.00149	0.00149	0.5	96867	145	96794	4303362	44.43
1995-1999	34	0.00161	0.00160	0.5	96722	155	96644	4206568	43.49
1995-1999	35	0.00165	0.00165	0.5	96567	160	96487	4109923	42.56
1995-1999	36	0.00179	0.00179	0.5	96407	173	96321	4013437	41.63
1995-1999	37	0.00191	0.00191	0.5	96234	183	96143	3917116	40.70
1995-1999	38	0.00207	0.00207	0.5	96051	199	95951	3820973	39.78
1995-1999	39	0.00212	0.00212	0.5	95852	203	95750	3725022	38.86
1995-1999	40	0.00236	0.00236	0.5	95649	226	95536	3629272	37.94
1995-1999	41	0.00249	0.00249	0.5	95423	238	95305	3533736	37.03
1995-1999	42	0.00271	0.00270	0.5	95186	257	95057	3438431	36.12
1995-1999	43	0.00290	0.00290	0.5	94929	275	94791	3343374	35.22
1995-1999	44	0.00303	0.00303	0.5	94653	287	94510	3248583	34.32
1995-1999	45	0.00334	0.00333	0.5	94367	314	94210	3154073	33.42
1995-1999	46	0.00346	0.00345	0.5	94052	325	93890	3059863	32.53
1995-1999	47	0.00406	0.00405	0.5	93728	380	93538	2965973	31.64
1995-1999	48	0.00417	0.00417	0.5	93348	389	93153	2872435	30.77
1995-1999	49	0.00437	0.00436	0.5	92959	405	92756	2779282	29.90
1995-1999	50	0.00489	0.00488	0.5	92554	452	92328	2686525	29.03
1995-1999	51	0.00538	0.00536	0.5	92102	494	91855	2594197	28.17
1995-1999	52	0.00578	0.00576	0.5	91608	528	91344	2502342	27.32
1995-1999	53	0.00640	0.00638	0.5	91081	581	90790	2410998	26.47
1995-1999	54	0.00679	0.00676	0.5	90499	612	90193	2320208	25.64
1995-1999	55	0.00744	0.00742	0.5	89887	667	89554	2230015	24.81
1995-1999	56	0.00817	0.00814	0.5	89221	726	88858	2140461	23.99
1995-1999	57	0.00924	0.00920	0.5	88495	814	88088	2051603	23.18
1995-1999	58	0.01009	0.01004	0.5	87681	880	87240	1963515	22.39
1995-1999	59	0.01078	0.01073	0.5	86800	931	86335	1876275	21.62
1995-1999	60	0.01174	0.01168	0.5	85869	1003	85368	1789940	20.84
1995-1999	61	0.01362	0.01353	0.5	84867	1148	84293	1704572	20.09
1995-1999	62	0.01490	0.01479	0.5	83719	1238	83100	1620279	19.35
1995-1999	63	0.01583	0.01570	0.5	82481	1295	81833	1537180	18.64
1995-1999	64	0.01635	0.01622	0.5	81186	1317	80527	1455346	17.93
1995-1999	65	0.01828	0.01812	0.5	79869	1447	79145	1374819	17.21
1995-1999	66	0.01987	0.01967	0.5	78422	1543	77650	1295674	16.52
1995-1999	67	0.02040	0.02020	0.5	76879	1553	76102	1218024	15.84
1995-1999	68	0.02375	0.02347	0.5	75326	1768	74442	1141921	15.16
1995-1999	69	0.02577	0.02544	0.5	73558	1872	72623	1067479	14.51
1995-1999	70	0.02754	0.02717	0.5	71687	1948	70713	994857	13.88
1995-1999	71	0.03022	0.02977	0.5	69739	2076	68701	924144	13.25
1995-1999	72	0.03286	0.03233	0.5	67663	2187	66569	855443	12.64
1995-1999	73	0.03544	0.03482	0.5	65476	2280	64336	788873	12.05
1995-1999	74	0.03950	0.03874	0.5	63196	2448	61972	724538	11.47
1995-1999	75	0.04124	0.04041	0.5	60748	2455	59520	662566	10.91
1995-1999	76	0.04615	0.04511	0.5	58293	2630	56978	603046	10.35
1995-1999	77	0.05026	0.04903	0.5	55663	2729	54299	546068	9.81
1995-1999	78	0.05456	0.05311	0.5	52934	2811	51529	491769	9.29
1995-1999	79	0.05784	0.05622	0.5	50123	2818	48714	440241	8.78
1995-1999	80	0.06540	0.06332	0.5	47305	2996	45807	391527	8.28
1995-1999	81	0.07139	0.06893	0.5	44310	3054	42782	345719	7.80
1995-1999	82	0.07730	0.07442	0.5	41255	3070	39720	302937	7.34
1995-1999	83	0.08629	0.08272	0.5	38185	3159	36606	263217	6.89
1995-1999	84	0.09551	0.09116	0.5	35026	3193	33430	226611	6.47
1995-1999	85	0.10641	0.10104	0.5	31833	3216	30225	193181	6.07
1995-1999	86	0.11442	0.10823	0.5	28617	3097	27068	162956	5.69
1995-1999	87	0.12744	0.11981	0.5	25520	3057	23991	135888	5.32
1995-1999	88	0.13966	0.13055	0.5	22462	2932	20996	111897	4.98
1995-1999	89	0.15452	0.14344	0.5	19530	2801	18129	90901	4.65
1995-1999	90	0.17347	0.15963	0.5	16728	2670	15393	72771	4.35
1995-1999	91	0.18652	0.17061	0.5	14058	2398	12859	57378	4.08
1995-1999	92	0.20422	0.18530	0.5	11660	2161	10579	44519	3.82
1995-1999	93	0.22320	0.20079	0.5	9499	1907	8546	33940	3.57
1995-1999	94	0.24347	0.21705	0.5	7592	1648	6768	25394	3.34
1995-1999	95	0.26502	0.23401	0.5	5944	1391	5249	18626	3.13
1995-1999	96	0.28781	0.25160	0.5	4553	1146	3980	13378	2.94
1995-1999	97	0.31181	0.26975	0.5	3408	919	2948	9397	2.76
1995-1999	98	0.33693	0.28835	0.5	2488	718	2130	6449	2.59
1995-1999	99	0.36309	0.30730	0.5	1771	544	1499	4320	2.44
1995-1999	100	0.39015	0.32647	0.5	1227	400	1026	2821	2.30
1995-1999	101	0.41798	0.34573	0.5	826	286	683	1795	2.17
1995-1999	102	0.44642	0.36496	0.5	541	197	442	1111	2.06
1995-1999	103	0.47529	0.38403	0.5	343	132	277	669	1.95
1995-1999	104	0.50439	0.40280	0.5	211	85	169	392	1.85
1995-1999	105	0.53352	0.42117	0.5	126	53	100	223	1.77
1995-1999	106	0.56249	0.43902	0.5	73	32	57	124	1.69
1995-1999	107	0.59109	0.45625	0.5	41	19	32	66	1.62
1995-1999	108	0.61914	0.47278	0.5	22	11	17	35	1.56
1995-1999	109	0.64647	0.48855	0.5	12	6	9	18	1.52
1995-1999	110+	0.67291	1.00000	1.49	6	6	9	9	1.49
2000-2004	0	0.00869	0.00862	0.07	100000	862	99201	7612989	76.13
2000-2004	1	0.00049	0.00049	0.5	99138	48	99114	7513788	75.79
2000-2004	2	0.00034	0.00034	0.5	99090	33	99074	7414674	74.83
2000-2004	3	0.00024	0.00024	0.5	99057	23	99045	7315601	73.85
2000-2004	4	0.00021	0.00021	0.5	99034	20	99023	7216555	72.87
2000-2004	5	0.00020	0.00020	0.5	99013	20	99003	7117532	71.88
2000-2004	6	0.00018	0.00018	0.5	98994	18	98985	7018529	70.90
2000-2004	7	0.00014	0.00014	0.5	98976	14	98969	6919544	69.91
2000-2004	8	0.00013	0.00013	0.5	98962	13	98955	6820575	68.92
2000-2004	9	0.00018	0.00018	0.5	98949	18	98940	6721620	67.93
2000-2004	10	0.00014	0.00014	0.5	98931	14	98924	6622680	66.94
2000-2004	11	0.00022	0.00022	0.5	98917	21	98906	6523756	65.95
2000-2004	12	0.00023	0.00023	0.5	98896	22	98885	6424850	64.97
2000-2004	13	0.00021	0.00021	0.5	98873	21	98863	6325965	63.98
2000-2004	14	0.00030	0.00030	0.5	98853	29	98838	6227102	62.99
2000-2004	15	0.00038	0.00038	0.5	98823	38	98804	6128264	62.01
2000-2004	16	0.00059	0.00059	0.5	98786	59	98756	6029460	61.04
2000-2004	17	0.00080	0.00080	0.5	98727	79	98687	5930704	60.07
2000-2004	18	0.00086	0.00086	0.5	98648	85	98606	5832016	59.12
2000-2004	19	0.00104	0.00104	0.5	98563	102	98512	5733411	58.17
2000-2004	20	0.00099	0.00099	0.5	98461	97	98412	5634899	57.23
2000-2004	21	0.00106	0.00106	0.5	98364	104	98312	5536486	56.29
2000-2004	22	0.00111	0.00111	0.5	98260	109	98205	5438175	55.34
2000-2004	23	0.00114	0.00114	0.5	98150	112	98094	5339970	54.41
2000-2004	24	0.00102	0.00102	0.5	98038	100	97988	5241875	53.47
2000-2004	25	0.00107	0.00107	0.5	97938	105	97886	5143887	52.52
2000-2004	26	0.00106	0.00105	0.5	97834	103	97782	5046001	51.58
2000-2004	27	0.00109	0.00109	0.5	97730	107	97677	4948219	50.63
2000-2004	28	0.00106	0.00106	0.5	97624	103	97572	4850542	49.69
2000-2004	29	0.00110	0.00110	0.5	97521	107	97467	4752970	48.74
2000-2004	30	0.00106	0.00106	0.5	97414	103	97362	4655503	47.79
2000-2004	31	0.00114	0.00114	0.5	97311	111	97255	4558141	46.84
2000-2004	32	0.00120	0.00120	0.5	97200	117	97141	4460885	45.89
2000-2004	33	0.00127	0.00127	0.5	97083	123	97021	4363744	44.95
2000-2004	34	0.00144	0.00144	0.5	96960	140	96890	4266723	44.01
2000-2004	35	0.00158	0.00158	0.5	96820	153	96743	4169834	43.07
2000-2004	36	0.00166	0.00166	0.5	96667	160	96587	4073090	42.14
2000-2004	37	0.00171	0.00171	0.5	96507	165	96425	3976503	41.20
2000-2004	38	0.00203	0.00203	0.5	96342	195	96245	3880079	40.27
2000-2004	39	0.00213	0.00213	0.5	96147	205	96045	3783834	39.35
2000-2004	40	0.00220	0.00220	0.5	95942	211	95837	3687789	38.44
2000-2004	41	0.00246	0.00246	0.5	95731	235	95614	3591952	37.52
2000-2004	42	0.00267	0.00266	0.5	95496	254	95369	3496339	36.61
2000-2004	43	0.00289	0.00289	0.5	95242	275	95104	3400970	35.71
2000-2004	44	0.00309	0.00308	0.5	94967	293	94820	3305866	34.81
2000-2004	45	0.00324	0.00324	0.5	94674	306	94521	3211045	33.92
2000-2004	46	0.00371	0.00370	0.5	94368	349	94193	3116525	33.03
2000-2004	47	0.00384	0.00384	0.5	94018	361	93838	3022332	32.15
2000-2004	48	0.00419	0.00419	0.5	93657	392	93461	2928494	31.27
2000-2004	49	0.00459	0.00458	0.5	93265	427	93052	2835033	30.40
2000-2004	50	0.00494	0.00493	0.5	92838	458	92609	2741981	29.54
2000-2004	51	0.00536	0.00535	0.5	92380	494	92133	2649372	28.68
2000-2004	52	0.00569	0.00567	0.5	91886	521	91625	2557239	27.83
2000-2004	53	0.00608	0.00606	0.5	91365	554	91088	2465614	26.99
2000-2004	54	0.00648	0.00646	0.5	90811	586	90518	2374526	26.15
2000-2004	55	0.00704	0.00701	0.5	90225	633	89908	2284008	25.31
2000-2004	56	0.00750	0.00747	0.5	89592	669	89257	2194100	24.49
2000-2004	57	0.00844	0.00841	0.5	88923	747	88549	2104843	23.67
2000-2004	58	0.00899	0.00895	0.5	88175	789	87781	2016293	22.87
2000-2004	59	0.00991	0.00986	0.5	87386	862	86956	1928513	22.07
2000-2004	60	0.01073	0.01067	0.5	86525	923	86063	1841557	21.28
2000-2004	61	0.01174	0.01167	0.5	85601	999	85102	1755494	20.51
2000-2004	62	0.01308	0.01300	0.5	84603	1100	84053	1670392	19.74
2000-2004	63	0.01417	0.01407	0.5	83503	1175	82916	1586339	19.00
2000-2004	64	0.01536	0.01524	0.5	82328	1255	81701	1503423	18.26
2000-2004	65	0.01659	0.01645	0.5	81074	1334	80407	1421722	17.54
2000-2004	66	0.01849	0.01832	0.5	79740	1461	79009	1341315	16.82
2000-2004	67	0.02042	0.02022	0.5	78279	1582	77488	1262306	16.13
2000-2004	68	0.02125	0.02102	0.5	76697	1612	75890	1184818	15.45
2000-2004	69	0.02354	0.02327	0.5	75084	1747	74211	1108928	14.77
2000-2004	70	0.02524	0.02492	0.5	73337	1828	72423	1034717	14.11
2000-2004	71	0.02789	0.02750	0.5	71509	1967	70526	962294	13.46
2000-2004	72	0.03105	0.03057	0.5	69542	2126	68479	891768	12.82
2000-2004	73	0.03333	0.03278	0.5	67416	2210	66311	823289	12.21
2000-2004	74	0.03546	0.03485	0.5	65206	2272	64070	756978	11.61
2000-2004	75	0.03905	0.03830	0.5	62934	2411	61729	692908	11.01
2000-2004	76	0.04377	0.04283	0.5	60524	2592	59227	631179	10.43
2000-2004	77	0.04889	0.04773	0.5	57931	2765	56549	571951	9.87
2000-2004	78	0.05182	0.05051	0.5	55166	2787	53773	515402	9.34
2000-2004	79	0.05851	0.05685	0.5	52380	2978	50891	461629	8.81
2000-2004	80	0.06348	0.06153	0.5	49402	3040	47882	410738	8.31
2000-2004	81	0.06818	0.06593	0.5	46363	3057	44834	362856	7.83
2000-2004	82	0.07547	0.07273	0.5	43306	3150	41731	318022	7.34
2000-2004	83	0.08448	0.08105	0.5	40156	3255	38529	276290	6.88
2000-2004	84	0.09352	0.08934	0.5	36901	3297	35253	237762	6.44
2000-2004	85	0.10259	0.09758	0.5	33605	3279	31965	202508	6.03
2000-2004	86	0.11530	0.10902	0.5	30326	3306	28673	170543	5.62
2000-2004	87	0.12913	0.12130	0.5	27020	3277	25381	141871	5.25
2000-2004	88	0.14028	0.13108	0.5	23742	3112	22186	116490	4.91
2000-2004	89	0.15700	0.14557	0.5	20630	3003	19128	94304	4.57
2000-2004	90	0.17253	0.15883	0.5	17627	2800	16227	75176	4.26
2000-2004	91	0.19027	0.17374	0.5	14827	2576	13539	58949	3.98
2000-2004	92	0.20951	0.18964	0.5	12251	2323	11089	45410	3.71
2000-2004	93	0.23018	0.20643	0.5	9928	2049	8903	34321	3.46
2000-2004	94	0.25230	0.22404	0.5	7878	1765	6996	25418	3.23
2000-2004	95	0.27585	0.24241	0.5	6113	1482	5372	18422	3.01
2000-2004	96	0.30076	0.26145	0.5	4631	1211	4026	13049	2.82
2000-2004	97	0.32698	0.28103	0.5	3420	961	2940	9024	2.64
2000-2004	98	0.35438	0.30104	0.5	2459	740	2089	6084	2.47
2000-2004	99	0.38284	0.32133	0.5	1719	552	1443	3995	2.32
2000-2004	100	0.41219	0.34176	0.5	1167	399	967	2552	2.19
2000-2004	101	0.44225	0.36216	0.5	768	278	629	1585	2.06
2000-2004	102	0.47279	0.38240	0.5	490	187	396	956	1.95
2000-2004	103	0.50361	0.40230	0.5	302	122	242	560	1.85
2000-2004	104	0.53445	0.42175	0.5	181	76	143	318	1.76
2000-2004	105	0.56508	0.44060	0.5	105	46	82	175	1.68
2000-2004	106	0.59528	0.45874	0.5	58	27	45	94	1.60
2000-2004	107	0.62481	0.47608	0.5	32	15	24	49	1.54
2000-2004	108	0.65349	0.49255	0.5	17	8	13	25	1.49
2000-2004	109	0.68113	0.50809	0.5	8	4	6	12	1.44
2000-2004	110+	0.70758	1.00000	1.41	4	4	6	6	1.41
2005-2009	0	0.00849	0.00842	0.07	100000	842	99218	7709912	77.10
2005-2009	1	0.00048	0.00048	0.5	99158	47	99134	7610694	76.75
2005-2009	2	0.00029	0.00029	0.5	99110	29	99096	7511560	75.79
2005-2009	3	0.00023	0.00023	0.5	99081	23	99070	7412464	74.81
2005-2009	4	0.00018	0.00018	0.5	99059	18	99050	7313394	73.83
2005-2009	5	0.00016	0.00016	0.5	99041	16	99033	7214344	72.84
2005-2009	6	0.00018	0.00018	0.5	99025	18	99016	7115311	71.85
2005-2009	7	0.00015	0.00015	0.5	99007	15	99000	7016295	70.87
2005-2009	8	0.00014	0.00014	0.5	98992	14	98985	6917295	69.88
2005-2009	9	0.00014	0.00014	0.5	98978	14	98971	6818310	68.89
2005-2009	10	0.00012	0.00012	0.5	98964	12	98958	6719339	67.90
2005-2009	11	0.00011	0.00011	0.5	98952	11	98946	6620382	66.91
2005-2009	12	0.00012	0.00012	0.5	98941	12	98935	6521435	65.91
2005-2009	13	0.00021	0.00021	0.5	98929	21	98918	6422501	64.92
2005-2009	14	0.00027	0.00027	0.5	98908	26	98894	6323582	63.93
2005-2009	15	0.00028	0.00028	0.5	98881	28	98867	6224688	62.95
2005-2009	16	0.00053	0.00053	0.5	98853	53	98827	6125821	61.97
2005-2009	17	0.00065	0.00065	0.5	98800	64	98768	6026994	61.00
2005-2009	18	0.00082	0.00082	0.5	98737	81	98696	5928225	60.04
2005-2009	19	0.00096	0.00096	0.5	98655	95	98608	5829529	59.09
2005-2009	20	0.00092	0.00092	0.5	98561	91	98515	5730922	58.15
2005-2009	21	0.00107	0.00107	0.5	98470	106	98417	5632406	57.20
2005-2009	22	0.00112	0.00112	0.5	98364	110	98309	5533989	56.26
2005-2009	23	0.00108	0.00108	0.5	98254	106	98201	5435680	55.32
2005-2009	24	0.00119	0.00119	0.5	98148	117	98090	5337479	54.38
2005-2009	25	0.00102	0.00102	0.5	98031	100	97981	5239389	53.45
2005-2009	26	0.00119	0.00119	0.5	97932	117	97873	5141408	52.50
2005-2009	27	0.00112	0.00112	0.5	97815	110	97760	5043535	51.56
2005-2009	28	0.00119	0.00119	0.5	97705	116	97647	4945775	50.62
2005-2009	29	0.00112	0.00112	0.5	97589	110	97534	4848128	49.68
2005-2009	30	0.00110	0.00110	0.5	97479	107	97425	4750594	48.73
2005-2009	31	0.00118	0.00118	0.5	97372	115	97315	4653169	47.79
2005-2009	32	0.00120	0.00120	0.5	97257	116	97199	4555854	46.84
2005-2009	33	0.00126	0.00126	0.5	97141	123	97080	4458655	45.90
2005-2009	34	0.00134	0.00134	0.5	97018	130	96953	4361576	44.96
2005-2009	35	0.00146	0.00146	0.5	96888	142	96817	4264622	44.02
2005-2009	36	0.00142	0.00142	0.5	96747	138	96678	4167805	43.08
2005-2009	37	0.00156	0.00156	0.5	96609	151	96533	4071127	42.14
2005-2009	38	0.00176	0.00176	0.5	96458	170	96373	3974594	41.21
2005-2009	39	0.00182	0.00182	0.5	96288	175	96201	3878221	40.28
2005-2009	40	0.00201	0.00201	0.5	96113	193	96017	3782020	39.35
2005-2009	41	0.00225	0.00225	0.5	95921	216	95813	3686003	38.43
2005-2009	42	0.00249	0.00249	0.5	95705	238	95586	3590190	37.51
2005-2009	43	0.00260	0.00260	0.5	95466	248	95342	3494605	36.61
2005-2009	44	0.00294	0.00294	0.5	95218	280	95079	3399262	35.70
2005-2009	45	0.00318	0.00318	0.5	94939	302	94788	3304184	34.80
2005-2009	46	0.00347	0.00347	0.5	94637	328	94473	3209396	33.91
2005-2009	47	0.00386	0.00385	0.5	94309	363	94127	3114923	33.03
2005-2009	48	0.00415	0.00414	0.5	93946	389	93751	3020795	32.15
2005-2009	49	0.00452	0.00451	0.5	93557	422	93346	2927044	31.29
2005-2009	50	0.00484	0.00483	0.5	93135	450	92910	2833698	30.43
2005-2009	51	0.00533	0.00532	0.5	92685	493	92439	2740788	29.57
2005-2009	52	0.00569	0.00568	0.5	92192	523	91930	2648350	28.73
2005-2009	53	0.00614	0.00612	0.5	91669	561	91388	2556419	27.89
2005-2009	54	0.00645	0.00642	0.5	91108	585	90815	2465031	27.06
2005-2009	55	0.00689	0.00686	0.5	90522	621	90212	2374216	26.23
2005-2009	56	0.00713	0.00711	0.5	89901	639	89581	2284004	25.41
2005-2009	57	0.00775	0.00772	0.5	89262	689	88917	2194423	24.58
2005-2009	58	0.00842	0.00838	0.5	88573	742	88202	2105505	23.77
2005-2009	59	0.00923	0.00919	0.5	87830	807	87427	2017304	22.97
2005-2009	60	0.00995	0.00990	0.5	87023	862	86592	1929877	22.18
2005-2009	61	0.01063	0.01058	0.5	86161	911	85706	1843284	21.39
2005-2009	62	0.01179	0.01172	0.5	85250	999	84751	1757579	20.62
2005-2009	63	0.01249	0.01242	0.5	84251	1046	83728	1672828	19.86
2005-2009	64	0.01347	0.01338	0.5	83205	1113	82649	1589100	19.10
2005-2009	65	0.01489	0.01478	0.5	82092	1213	81485	1506451	18.35
2005-2009	66	0.01624	0.01611	0.5	80879	1303	80227	1424966	17.62
2005-2009	67	0.01753	0.01738	0.5	79576	1383	78884	1344739	16.90
2005-2009	68	0.01864	0.01847	0.5	78193	1444	77471	1265854	16.19
2005-2009	69	0.01996	0.01976	0.5	76749	1517	75990	1188384	15.48
2005-2009	70	0.02266	0.02241	0.5	75232	1686	74389	1112393	14.79
2005-2009	71	0.02495	0.02464	0.5	73546	1812	72640	1038005	14.11
2005-2009	72	0.02657	0.02622	0.5	71734	1881	70793	965365	13.46
2005-2009	73	0.02937	0.02894	0.5	69853	2022	68842	894572	12.81
2005-2009	74	0.03215	0.03164	0.5	67831	2146	66758	825730	12.17
2005-2009	75	0.03576	0.03513	0.5	65685	2308	64531	758971	11.55
2005-2009	76	0.03751	0.03682	0.5	63377	2334	62210	694440	10.96
2005-2009	77	0.04278	0.04189	0.5	61044	2557	59765	632230	10.36
2005-2009	78	0.04604	0.04500	0.5	58487	2632	57171	572465	9.79
2005-2009	79	0.05222	0.05089	0.5	55855	2843	54433	515294	9.23
2005-2009	80	0.05645	0.05490	0.5	53012	2910	51557	460861	8.69
2005-2009	81	0.06120	0.05938	0.5	50102	2975	48614	409304	8.17
2005-2009	82	0.06998	0.06762	0.5	47127	3187	45533	360690	7.65
2005-2009	83	0.07618	0.07338	0.5	43940	3225	42328	315156	7.17
2005-2009	84	0.08766	0.08398	0.5	40716	3419	39006	272828	6.70
2005-2009	85	0.09487	0.09057	0.5	37296	3378	35607	233822	6.27
2005-2009	86	0.10624	0.10088	0.5	33918	3422	32207	198215	5.84
2005-2009	87	0.11772	0.11118	0.5	30497	3391	28801	166008	5.44
2005-2009	88	0.13161	0.12348	0.5	27106	3347	25432	137206	5.06
2005-2009	89	0.14992	0.13947	0.5	23759	3314	22102	111774	4.70
2005-2009	90	0.16652	0.15372	0.5	20445	3143	18874	89672	4.39
2005-2009	91	0.17977	0.16495	0.5	17302	2854	15876	70798	4.09
2005-2009	92	0.20593	0.18671	0.5	14449	2698	13100	54922	3.80
2005-2009	93	0.21962	0.19789	0.5	11751	2325	10588	41823	3.56
2005-2009	94	0.24182	0.21574	0.5	9426	2033	8409	31234	3.31
2005-2009	95	0.26556	0.23443	0.5	7392	1733	6526	22825	3.09
2005-2009	96	0.29079	0.25388	0.5	5659	1437	4941	16300	2.88
2005-2009	97	0.31744	0.27396	0.5	4222	1157	3644	11359	2.69
2005-2009	98	0.34540	0.29453	0.5	3066	903	2614	7715	2.52
2005-2009	99	0.37452	0.31545	0.5	2163	682	1822	5101	2.36
2005-2009	100	0.40465	0.33656	0.5	1480	498	1231	3279	2.21
2005-2009	101	0.43557	0.35767	0.5	982	351	807	2048	2.08
2005-2009	102	0.46706	0.37863	0.5	631	239	511	1241	1.97
2005-2009	103	0.49886	0.39927	0.5	392	157	314	730	1.86
2005-2009	104	0.53073	0.41943	0.5	236	99	186	416	1.77
2005-2009	105	0.56239	0.43896	0.5	137	60	107	230	1.68
2005-2009	106	0.59360	0.45774	0.5	77	35	59	123	1.61
2005-2009	107	0.62412	0.47568	0.5	42	20	32	64	1.54
2005-2009	108	0.65371	0.49268	0.5	22	11	16	32	1.48
2005-2009	109	0.68220	0.50869	0.5	11	6	8	16	1.44
2005-2009	110+	0.70941	1.00000	1.41	5	5	8	8	1.41
2010-2014	0	0.00713	0.00708	0.07	100000	708	99340	7798744	77.99
2010-2014	1	0.00045	0.00045	0.5	99292	45	99270	7699404	77.54
2010-2014	2	0.00029	0.00029	0.5	99247	29	99233	7600134	76.58
2010-2014	3	0.00021	0.00021	0.5	99218	21	99208	7500901	75.60
2010-2014	4	0.00015	0.00015	0.5	99198	15	99190	7401693	74.62
2010-2014	5	0.00014	0.00014	0.5	99183	14	99176	7302503	73.63
2010-2014	6	0.00013	0.00013	0.5	99169	13	99163	7203327	72.64
2010-2014	7	0.00012	0.00012	0.5	99156	12	99150	7104164	71.65
2010-2014	8	0.00012	0.00012	0.5	99144	12	99138	7005014	70.65
2010-2014	9	0.00010	0.00010	0.5	99132	10	99128	6905876	69.66
2010-2014	10	0.00011	0.00011	0.5	99123	11	99117	6806748	68.67
2010-2014	11	0.00016	0.00016	0.5	99111	15	99104	6707631	67.68
2010-2014	12	0.00014	0.00014	0.5	99096	14	99089	6608527	66.69
2010-2014	13	0.00015	0.00015	0.5	99082	15	99075	6509438	65.70
2010-2014	14	0.00021	0.00021	0.5	99068	20	99057	6410363	64.71
2010-2014	15	0.00022	0.00022	0.5	99047	22	99036	6311306	63.72
2010-2014	16	0.00041	0.00041	0.5	99025	40	99005	6212270	62.73
2010-2014	17	0.00053	0.00053	0.5	98985	52	98959	6113265	61.76
2010-2014	18	0.00069	0.00069	0.5	98933	69	98898	6014306	60.79
2010-2014	19	0.00069	0.00069	0.5	98864	68	98830	5915408	59.83
2010-2014	20	0.00076	0.00076	0.5	98796	75	98759	5816578	58.87
2010-2014	21	0.00087	0.00086	0.5	98721	85	98679	5717819	57.92
2010-2014	22	0.00089	0.00089	0.5	98636	87	98592	5619140	56.97
2010-2014	23	0.00088	0.00088	0.5	98549	86	98506	5520548	56.02
2010-2014	24	0.00092	0.00091	0.5	98462	90	98417	5422042	55.07
2010-2014	25	0.00095	0.00095	0.5	98372	93	98326	5323625	54.12
2010-2014	26	0.00108	0.00108	0.5	98279	106	98226	5225299	53.17
2010-2014	27	0.00099	0.00099	0.5	98173	97	98124	5127073	52.22
2010-2014	28	0.00104	0.00104	0.5	98075	102	98024	5028949	51.28
2010-2014	29	0.00108	0.00108	0.5	97973	106	97921	4930924	50.33
2010-2014	30	0.00113	0.00113	0.5	97868	111	97813	4833004	49.38
2010-2014	31	0.00120	0.00120	0.5	97757	118	97698	4735191	48.44
2010-2014	32	0.00122	0.00122	0.5	97640	119	97580	4637493	47.50
2010-2014	33	0.00130	0.00130	0.5	97521	126	97458	4539912	46.55
2010-2014	34	0.00127	0.00127	0.5	97395	124	97333	4442455	45.61
2010-2014	35	0.00132	0.00132	0.5	97271	128	97207	4345122	44.67
2010-2014	36	0.00138	0.00138	0.5	97143	134	97076	4247915	43.73
2010-2014	37	0.00151	0.00151	0.5	97009	146	96935	4150839	42.79
2010-2014	38	0.00151	0.00151	0.5	96862	146	96789	4053904	41.85
2010-2014	39	0.00166	0.00166	0.5	96716	161	96636	3957115	40.91
2010-2014	40	0.00173	0.00173	0.5	96555	167	96472	3860479	39.98
2010-2014	41	0.00198	0.00198	0.5	96389	191	96293	3764007	39.05
2010-2014	42	0.00211	0.00211	0.5	96198	203	96096	3667714	38.13
2010-2014	43	0.00235	0.00235	0.5	95995	226	95882	3571617	37.21
2010-2014	44	0.00257	0.00257	0.5	95769	246	95646	3475735	36.29
2010-2014	45	0.00276	0.00275	0.5	95524	263	95392	3380089	35.38
2010-2014	46	0.00323	0.00323	0.5	95261	308	95107	3284697	34.48
2010-2014	47	0.00346	0.00345	0.5	94953	328	94789	3189590	33.59
2010-2014	48	0.00379	0.00379	0.5	94625	358	94446	3094801	32.71
2010-2014	49	0.00418	0.00417	0.5	94267	393	94070	3000355	31.83
2010-2014	50	0.00469	0.00468	0.5	93874	439	93654	2906285	30.96
2010-2014	51	0.00505	0.00503	0.5	93435	470	93199	2812631	30.10
2010-2014	52	0.00543	0.00541	0.5	92964	503	92712	2719432	29.25
2010-2014	53	0.00590	0.00589	0.5	92461	544	92189	2626719	28.41
2010-2014	54	0.00630	0.00628	0.5	91916	577	91628	2534530	27.57
2010-2014	55	0.00687	0.00684	0.5	91339	625	91026	2442903	26.75
2010-2014	56	0.00727	0.00725	0.5	90714	658	90385	2351876	25.93
2010-2014	57	0.00788	0.00785	0.5	90056	707	89703	2261491	25.11
2010-2014	58	0.00855	0.00851	0.5	89350	760	88970	2171788	24.31
2010-2014	59	0.00915	0.00910	0.5	88589	806	88186	2082819	23.51
2010-2014	60	0.00961	0.00957	0.5	87783	840	87363	1994633	22.72
2010-2014	61	0.01030	0.01025	0.5	86943	891	86498	1907270	21.94
2010-2014	62	0.01076	0.01070	0.5	86052	921	85592	1820772	21.16
2010-2014	63	0.01205	0.01198	0.5	85131	1020	84621	1735180	20.38
2010-2014	64	0.01279	0.01271	0.5	84112	1069	83577	1650559	19.62
2010-2014	65	0.01389	0.01380	0.5	83042	1146	82469	1566982	18.87
2010-2014	66	0.01507	0.01495	0.5	81896	1225	81284	1484513	18.13
2010-2014	67	0.01628	0.01615	0.5	80672	1303	80020	1403228	17.39
2010-2014	68	0.01761	0.01745	0.5	79369	1385	78676	1323208	16.67
2010-2014	69	0.01919	0.01900	0.5	77984	1482	77243	1244532	15.96
2010-2014	70	0.02070	0.02048	0.5	76502	1567	75718	1167289	15.26
2010-2014	71	0.02301	0.02275	0.5	74935	1705	74082	1091571	14.57
2010-2014	72	0.02523	0.02491	0.5	73230	1824	72318	1017489	13.89
2010-2014	73	0.02755	0.02718	0.5	71406	1941	70435	945171	13.24
2010-2014	74	0.02941	0.02898	0.5	69465	2013	68458	874736	12.59
2010-2014	75	0.03298	0.03244	0.5	67452	2188	66358	806278	11.95
2010-2014	76	0.03597	0.03533	0.5	65264	2306	64110	739920	11.34
2010-2014	77	0.03925	0.03849	0.5	62957	2423	61746	675810	10.73
2010-2014	78	0.04319	0.04228	0.5	60534	2559	59254	614064	10.14
2010-2014	79	0.04757	0.04647	0.5	57975	2694	56628	554809	9.57
2010-2014	80	0.05169	0.05039	0.5	55281	2786	53888	498181	9.01
2010-2014	81	0.05724	0.05565	0.5	52495	2921	51035	444293	8.46
2010-2014	82	0.06511	0.06305	0.5	49574	3126	48011	393258	7.93
2010-2014	83	0.07053	0.06813	0.5	46448	3165	44866	345247	7.43
2010-2014	84	0.08097	0.07782	0.5	43284	3368	41600	300381	6.94
2010-2014	85	0.08968	0.08583	0.5	39915	3426	38202	258781	6.48
2010-2014	86	0.10044	0.09564	0.5	36489	3490	34744	220579	6.05
2010-2014	87	0.11144	0.10556	0.5	33000	3483	31258	185834	5.63
2010-2014	88	0.12415	0.11689	0.5	29516	3450	27791	154577	5.24
2010-2014	89	0.13974	0.13062	0.5	26066	3405	24364	126786	4.86
2010-2014	90	0.15699	0.14556	0.5	22661	3299	21012	102422	4.52
2010-2014	91	0.17681	0.16245	0.5	19363	3145	17790	81410	4.20
2010-2014	92	0.19335	0.17630	0.5	16217	2859	14788	63620	3.92
2010-2014	93	0.21078	0.19068	0.5	13358	2547	12084	48833	3.66
2010-2014	94	0.23279	0.20852	0.5	10811	2254	9684	36748	3.40
2010-2014	95	0.25640	0.22726	0.5	8557	1945	7584	27065	3.16
2010-2014	96	0.28155	0.24680	0.5	6612	1632	5796	19480	2.95
2010-2014	97	0.30818	0.26703	0.5	4980	1330	4315	13684	2.75
2010-2014	98	0.33620	0.28782	0.5	3650	1051	3125	9369	2.57
2010-2014	99	0.36546	0.30899	0.5	2600	803	2198	6244	2.40
2010-2014	100	0.39579	0.33040	0.5	1796	594	1500	4046	2.25
2010-2014	101	0.42698	0.35186	0.5	1203	423	991	2547	2.12
2010-2014	102	0.45882	0.37320	0.5	780	291	634	1555	1.99
2010-2014	103	0.49103	0.39424	0.5	489	193	392	921	1.89
2010-2014	104	0.52336	0.41481	0.5	296	123	235	529	1.79
2010-2014	105	0.55554	0.43477	0.5	173	75	136	294	1.70
2010-2014	106	0.58730	0.45398	0.5	98	44	76	159	1.62
2010-2014	107	0.61838	0.47234	0.5	53	25	41	83	1.55
2010-2014	108	0.64855	0.48974	0.5	28	14	21	42	1.49
2010-2014	109	0.67761	0.50613	0.5	14	7	11	21	1.45
2010-2014	110+	0.70539	1.00000	1.42	7	7	10	10	1.42
2015-2019	0	0.00702	0.00698	0.07	100000	698	99350	7793810	77.94
2015-2019	1	0.00043	0.00043	0.5	99302	42	99281	7694460	77.49
2015-2019	2	0.00028	0.00028	0.5	99260	27	99246	7595179	76.52
2015-2019	3	0.00019	0.00019	0.5	99233	18	99223	7495933	75.54
2015-2019	4	0.00018	0.00018	0.5	99214	18	99205	7396710	74.55
2015-2019	5	0.00017	0.00017	0.5	99197	17	99188	7297504	73.57
2015-2019	6	0.00011	0.00011	0.5	99180	11	99174	7198316	72.58
2015-2019	7	0.00014	0.00014	0.5	99169	14	99162	7099142	71.59
2015-2019	8	0.00011	0.00011	0.5	99155	11	99150	6999980	70.60
2015-2019	9	0.00011	0.00011	0.5	99145	11	99139	6900830	69.60
2015-2019	10	0.00013	0.00013	0.5	99134	13	99127	6801691	68.61
2015-2019	11	0.00013	0.00013	0.5	99121	13	99114	6702563	67.62
2015-2019	12	0.00013	0.00013	0.5	99108	13	99102	6603449	66.63
2015-2019	13	0.00019	0.00019	0.5	99095	19	99086	6504347	65.64
2015-2019	14	0.00021	0.00021	0.5	99076	20	99066	6405262	64.65
2015-2019	15	0.00026	0.00026	0.5	99056	26	99043	6306195	63.66
2015-2019	16	0.00039	0.00039	0.5	99030	39	99011	6207152	62.68
2015-2019	17	0.00046	0.00046	0.5	98992	46	98969	6108141	61.70
2015-2019	18	0.00072	0.00072	0.5	98946	71	98910	6009173	60.73
2015-2019	19	0.00073	0.00073	0.5	98875	72	98838	5910262	59.78
2015-2019	20	0.00080	0.00080	0.5	98802	79	98763	5811424	58.82
2015-2019	21	0.00099	0.00099	0.5	98723	98	98674	5712661	57.87
2015-2019	22	0.00108	0.00108	0.5	98625	107	98572	5613987	56.92
2015-2019	23	0.00107	0.00107	0.5	98519	106	98466	5515415	55.98
2015-2019	24	0.00116	0.00116	0.5	98413	114	98356	5416949	55.04
2015-2019	25	0.00116	0.00116	0.5	98299	114	98242	5318594	54.11
2015-2019	26	0.00128	0.00128	0.5	98185	125	98122	5220352	53.17
2015-2019	27	0.00133	0.00133	0.5	98059	130	97994	5122230	52.24
2015-2019	28	0.00140	0.00140	0.5	97929	137	97860	5024236	51.30
2015-2019	29	0.00136	0.00136	0.5	97792	133	97726	4926375	50.38
2015-2019	30	0.00145	0.00145	0.5	97659	142	97588	4828650	49.44
2015-2019	31	0.00152	0.00152	0.5	97518	148	97444	4731061	48.51
2015-2019	32	0.00149	0.00149	0.5	97369	145	97297	4633618	47.59
2015-2019	33	0.00162	0.00162	0.5	97224	158	97145	4536321	46.66
2015-2019	34	0.00164	0.00164	0.5	97066	159	96987	4439176	45.73
2015-2019	35	0.00170	0.00170	0.5	96907	165	96825	4342189	44.81
2015-2019	36	0.00177	0.00177	0.5	96743	171	96657	4245364	43.88
2015-2019	37	0.00186	0.00185	0.5	96571	179	96482	4148707	42.96
2015-2019	38	0.00197	0.00197	0.5	96392	190	96297	4052225	42.04
2015-2019	39	0.00205	0.00205	0.5	96202	197	96104	3955928	41.12
2015-2019	40	0.00217	0.00217	0.5	96005	208	95901	3859824	40.20
2015-2019	41	0.00215	0.00215	0.5	95797	206	95694	3763923	39.29
2015-2019	42	0.00225	0.00225	0.5	95591	215	95484	3668228	38.37
2015-2019	43	0.00247	0.00247	0.5	95376	236	95259	3572744	37.46
2015-2019	44	0.00261	0.00260	0.5	95141	248	95017	3477486	36.55
2015-2019	45	0.00276	0.00276	0.5	94893	261	94762	3382469	35.65
2015-2019	46	0.00307	0.00307	0.5	94632	290	94487	3287707	34.74
2015-2019	47	0.00325	0.00325	0.5	94341	306	94188	3193220	33.85
2015-2019	48	0.00357	0.00357	0.5	94035	335	93868	3099032	32.96
2015-2019	49	0.00398	0.00397	0.5	93700	372	93514	3005164	32.07
2015-2019	50	0.00436	0.00435	0.5	93328	406	93125	2911650	31.20
2015-2019	51	0.00478	0.00477	0.5	92922	443	92700	2818526	30.33
2015-2019	52	0.00528	0.00527	0.5	92478	487	92235	2725826	29.48
2015-2019	53	0.00559	0.00557	0.5	91991	513	91735	2633591	28.63
2015-2019	54	0.00635	0.00633	0.5	91478	579	91189	2541856	27.79
2015-2019	55	0.00693	0.00690	0.5	90900	627	90586	2450667	26.96
2015-2019	56	0.00750	0.00747	0.5	90272	675	89935	2360081	26.14
2015-2019	57	0.00819	0.00816	0.5	89597	731	89232	2270146	25.34
2015-2019	58	0.00878	0.00874	0.5	88866	777	88478	2180914	24.54
2015-2019	59	0.00917	0.00913	0.5	88090	804	87688	2092436	23.75
2015-2019	60	0.01019	0.01014	0.5	87285	885	86843	2004749	22.97
2015-2019	61	0.01074	0.01068	0.5	86401	923	85939	1917906	22.20
2015-2019	62	0.01144	0.01138	0.5	85478	973	84992	1831966	21.43
2015-2019	63	0.01215	0.01207	0.5	84505	1020	83995	1746975	20.67
2015-2019	64	0.01304	0.01296	0.5	83485	1082	82944	1662979	19.92
2015-2019	65	0.01356	0.01347	0.5	82404	1110	81849	1580035	19.17
2015-2019	66	0.01456	0.01445	0.5	81294	1175	80706	1498186	18.43
2015-2019	67	0.01593	0.01581	0.5	80119	1267	79486	1417480	17.69
2015-2019	68	0.01707	0.01693	0.5	78852	1335	78185	1337994	16.97
2015-2019	69	0.01832	0.01815	0.5	77518	1407	76814	1259809	16.25
2015-2019	70	0.01965	0.01946	0.5	76111	1481	75370	1182995	15.54
2015-2019	71	0.02175	0.02152	0.5	74630	1606	73827	1107625	14.84
2015-2019	72	0.02426	0.02397	0.5	73024	1750	72149	1033798	14.16
2015-2019	73	0.02608	0.02575	0.5	71274	1835	70356	961649	13.49
2015-2019	74	0.02887	0.02846	0.5	69438	1976	68450	891293	12.84
2015-2019	75	0.03146	0.03097	0.5	67462	2090	66417	822843	12.20
2015-2019	76	0.03467	0.03408	0.5	65372	2228	64258	756426	11.57
2015-2019	77	0.03819	0.03748	0.5	63144	2367	61961	692167	10.96
2015-2019	78	0.04153	0.04069	0.5	60778	2473	59541	630206	10.37
2015-2019	79	0.04580	0.04478	0.5	58305	2611	57000	570665	9.79
2015-2019	80	0.05150	0.05020	0.5	55694	2796	54296	513665	9.22
2015-2019	81	0.05533	0.05384	0.5	52898	2848	51474	459369	8.68
2015-2019	82	0.06127	0.05945	0.5	50050	2976	48563	407894	8.15
2015-2019	83	0.06829	0.06603	0.5	47075	3108	45521	359332	7.63
2015-2019	84	0.07496	0.07226	0.5	43966	3177	42378	313811	7.14
2015-2019	85	0.08538	0.08188	0.5	40790	3340	39120	271433	6.65
2015-2019	86	0.09482	0.09053	0.5	37450	3390	35754	232313	6.20
2015-2019	87	0.10762	0.10213	0.5	34059	3478	32320	196559	5.77
2015-2019	88	0.12064	0.11378	0.5	30581	3479	28841	164239	5.37
2015-2019	89	0.13364	0.12527	0.5	27102	3395	25404	135398	5.00
2015-2019	90	0.15111	0.14049	0.5	23707	3331	22041	109994	4.64
2015-2019	91	0.16629	0.15352	0.5	20376	3128	18812	87952	4.32
2015-2019	92	0.18504	0.16937	0.5	17248	2921	15787	69140	4.01
2015-2019	93	0.20516	0.18607	0.5	14327	2666	12994	53353	3.72
2015-2019	94	0.22688	0.20377	0.5	11661	2376	10473	40360	3.46
2015-2019	95	0.25021	0.22239	0.5	9285	2065	8252	29887	3.22
2015-2019	96	0.27512	0.24185	0.5	7220	1746	6347	21634	3.00
2015-2019	97	0.30154	0.26203	0.5	5474	1434	4757	15288	2.79
2015-2019	98	0.32938	0.28281	0.5	4039	1142	3468	10531	2.61
2015-2019	99	0.35852	0.30402	0.5	2897	881	2457	7063	2.44
2015-2019	100	0.38877	0.32550	0.5	2016	656	1688	4606	2.28
2015-2019	101	0.41995	0.34707	0.5	1360	472	1124	2918	2.15
2015-2019	102	0.45182	0.36856	0.5	888	327	724	1794	2.02
2015-2019	103	0.48413	0.38978	0.5	561	219	451	1069	1.91
2015-2019	104	0.51662	0.41057	0.5	342	140	272	618	1.81
2015-2019	105	0.54900	0.43076	0.5	202	87	158	346	1.72
2015-2019	106	0.58101	0.45022	0.5	115	52	89	188	1.64
2015-2019	107	0.61238	0.46883	0.5	63	30	48	99	1.57
2015-2019	108	0.64289	0.48650	0.5	34	16	25	50	1.51
2015-2019	109	0.67230	0.50316	0.5	17	9	13	25	1.46
2015-2019	110+	0.70045	1.00000	1.43	9	9	12	12	1.43
