NC: North Carolina, Lifetables (period 1x5), Males Last modified: 20 Dec 2020, MPv5 (May07) 

Year     	Age	mx	qx	ax	lx	dx	Lx	Tx	ex
1960-1964	0	0.03568	0.03462	0.14	100000	3462	97026	6481079	64.81
1960-1964	1	0.00214	0.00213	0.5	96538	206	96435	6384054	66.13
1960-1964	2	0.00115	0.00115	0.5	96332	110	96277	6287618	65.27
1960-1964	3	0.00092	0.00092	0.5	96222	88	96178	6191341	64.34
1960-1964	4	0.00077	0.00077	0.5	96134	74	96097	6095163	63.40
1960-1964	5	0.00072	0.00072	0.5	96060	69	96026	5999066	62.45
1960-1964	6	0.00072	0.00072	0.5	95991	69	95956	5903040	61.50
1960-1964	7	0.00069	0.00069	0.5	95922	66	95889	5807084	60.54
1960-1964	8	0.00056	0.00056	0.5	95856	54	95829	5711195	59.58
1960-1964	9	0.00055	0.00055	0.5	95802	53	95775	5615366	58.61
1960-1964	10	0.00056	0.00056	0.5	95749	53	95722	5519591	57.65
1960-1964	11	0.00059	0.00059	0.5	95695	56	95667	5423869	56.68
1960-1964	12	0.00060	0.00060	0.5	95639	57	95611	5328202	55.71
1960-1964	13	0.00072	0.00072	0.5	95582	69	95548	5232591	54.74
1960-1964	14	0.00074	0.00074	0.5	95513	71	95478	5137043	53.78
1960-1964	15	0.00098	0.00098	0.5	95442	94	95395	5041565	52.82
1960-1964	16	0.00139	0.00139	0.5	95348	132	95282	4946170	51.87
1960-1964	17	0.00165	0.00165	0.5	95216	157	95138	4850888	50.95
1960-1964	18	0.00197	0.00197	0.5	95059	187	94966	4755750	50.03
1960-1964	19	0.00211	0.00211	0.5	94873	200	94773	4660784	49.13
1960-1964	20	0.00201	0.00200	0.5	94673	190	94578	4566011	48.23
1960-1964	21	0.00217	0.00216	0.5	94483	204	94381	4471434	47.33
1960-1964	22	0.00208	0.00208	0.5	94278	196	94181	4377053	46.43
1960-1964	23	0.00228	0.00227	0.5	94083	214	93976	4282872	45.52
1960-1964	24	0.00182	0.00182	0.5	93869	171	93783	4188897	44.63
1960-1964	25	0.00234	0.00234	0.5	93698	219	93588	4095113	43.71
1960-1964	26	0.00241	0.00241	0.5	93479	225	93366	4001525	42.81
1960-1964	27	0.00223	0.00223	0.5	93253	208	93149	3908159	41.91
1960-1964	28	0.00210	0.00210	0.5	93045	195	92948	3815010	41.00
1960-1964	29	0.00235	0.00235	0.5	92850	218	92741	3722062	40.09
1960-1964	30	0.00276	0.00275	0.5	92632	255	92505	3629321	39.18
1960-1964	31	0.00283	0.00282	0.5	92377	261	92247	3536816	38.29
1960-1964	32	0.00262	0.00262	0.5	92116	241	91995	3444570	37.39
1960-1964	33	0.00283	0.00282	0.5	91875	259	91745	3352574	36.49
1960-1964	34	0.00298	0.00298	0.5	91615	273	91479	3260829	35.59
1960-1964	35	0.00310	0.00309	0.5	91343	282	91201	3169350	34.70
1960-1964	36	0.00354	0.00353	0.5	91060	321	90899	3078149	33.80
1960-1964	37	0.00383	0.00383	0.5	90739	347	90565	2987249	32.92
1960-1964	38	0.00440	0.00439	0.5	90391	397	90193	2896684	32.05
1960-1964	39	0.00453	0.00452	0.5	89994	407	89791	2806492	31.19
1960-1964	40	0.00486	0.00484	0.5	89588	434	89371	2716700	30.32
1960-1964	41	0.00534	0.00532	0.5	89154	475	88916	2627330	29.47
1960-1964	42	0.00644	0.00641	0.5	88679	569	88395	2538413	28.62
1960-1964	43	0.00645	0.00643	0.5	88110	566	87827	2450019	27.81
1960-1964	44	0.00716	0.00714	0.5	87544	625	87232	2362192	26.98
1960-1964	45	0.00817	0.00813	0.5	86919	707	86566	2274960	26.17
1960-1964	46	0.00826	0.00822	0.5	86212	709	85858	2188394	25.38
1960-1964	47	0.00967	0.00962	0.5	85503	823	85092	2102537	24.59
1960-1964	48	0.01027	0.01022	0.5	84680	865	84248	2017445	23.82
1960-1964	49	0.01105	0.01099	0.5	83815	921	83354	1933197	23.07
1960-1964	50	0.01192	0.01185	0.5	82894	983	82402	1849843	22.32
1960-1964	51	0.01323	0.01314	0.5	81911	1077	81373	1767440	21.58
1960-1964	52	0.01550	0.01538	0.5	80835	1243	80213	1686067	20.86
1960-1964	53	0.01528	0.01516	0.5	79591	1207	78988	1605855	20.18
1960-1964	54	0.01690	0.01676	0.5	78384	1314	77727	1526867	19.48
1960-1964	55	0.01790	0.01774	0.5	77071	1367	76387	1449139	18.80
1960-1964	56	0.01960	0.01941	0.5	75703	1469	74969	1372752	18.13
1960-1964	57	0.02018	0.01998	0.5	74234	1483	73492	1297784	17.48
1960-1964	58	0.02325	0.02298	0.5	72751	1672	71915	1224291	16.83
1960-1964	59	0.02445	0.02416	0.5	71079	1717	70221	1152376	16.21
1960-1964	60	0.02595	0.02562	0.5	69362	1777	68474	1082156	15.60
1960-1964	61	0.02705	0.02669	0.5	67585	1804	66683	1013682	15.00
1960-1964	62	0.03049	0.03004	0.5	65781	1976	64793	946999	14.40
1960-1964	63	0.03337	0.03282	0.5	63806	2094	62758	882205	13.83
1960-1964	64	0.03722	0.03654	0.5	61711	2255	60584	819447	13.28
1960-1964	65	0.04209	0.04122	0.5	59457	2451	58231	758863	12.76
1960-1964	66	0.04083	0.04001	0.5	57006	2281	55865	700632	12.29
1960-1964	67	0.04552	0.04451	0.5	54725	2436	53507	644767	11.78
1960-1964	68	0.04770	0.04659	0.5	52289	2436	51071	591260	11.31
1960-1964	69	0.04970	0.04850	0.5	49853	2418	48644	540188	10.84
1960-1964	70	0.05328	0.05190	0.5	47436	2462	46205	491544	10.36
1960-1964	71	0.05475	0.05329	0.5	44974	2397	43776	445339	9.90
1960-1964	72	0.06449	0.06248	0.5	42577	2660	41247	401564	9.43
1960-1964	73	0.06610	0.06398	0.5	39917	2554	38640	360317	9.03
1960-1964	74	0.06663	0.06448	0.5	37363	2409	36159	321676	8.61
1960-1964	75	0.07300	0.07043	0.5	34954	2462	33723	285518	8.17
1960-1964	76	0.07807	0.07514	0.5	32492	2441	31271	251795	7.75
1960-1964	77	0.08195	0.07872	0.5	30051	2366	28868	220524	7.34
1960-1964	78	0.09271	0.08860	0.5	27685	2453	26458	191656	6.92
1960-1964	79	0.09591	0.09152	0.5	25232	2309	24077	165198	6.55
1960-1964	80	0.10883	0.10321	0.5	22923	2366	21740	141120	6.16
1960-1964	81	0.11618	0.10980	0.5	20557	2257	19428	119380	5.81
1960-1964	82	0.13022	0.12226	0.5	18300	2237	17181	99952	5.46
1960-1964	83	0.14367	0.13404	0.5	16062	2153	14986	82771	5.15
1960-1964	84	0.15819	0.14659	0.5	13909	2039	12890	67785	4.87
1960-1964	85	0.17050	0.15710	0.5	11870	1865	10938	54895	4.62
1960-1964	86	0.18558	0.16982	0.5	10006	1699	9156	43957	4.39
1960-1964	87	0.19828	0.18040	0.5	8306	1498	7557	34801	4.19
1960-1964	88	0.20237	0.18377	0.5	6808	1251	6182	27244	4.00
1960-1964	89	0.21002	0.19006	0.5	5557	1056	5029	21062	3.79
1960-1964	90	0.24759	0.22031	0.5	4501	992	4005	16033	3.56
1960-1964	91	0.24756	0.22029	0.5	3509	773	3123	12028	3.43
1960-1964	92	0.26402	0.23323	0.5	2736	638	2417	8906	3.25
1960-1964	93	0.28115	0.24650	0.5	2098	517	1839	6489	3.09
1960-1964	94	0.29895	0.26008	0.5	1581	411	1375	4649	2.94
1960-1964	95	0.31738	0.27391	0.5	1170	320	1009	3274	2.80
1960-1964	96	0.33640	0.28797	0.5	849	245	727	2265	2.67
1960-1964	97	0.35597	0.30218	0.5	605	183	513	1538	2.54
1960-1964	98	0.37602	0.31651	0.5	422	134	355	1024	2.43
1960-1964	99	0.39651	0.33091	0.5	288	95	241	669	2.32
1960-1964	100	0.41738	0.34531	0.5	193	67	160	428	2.22
1960-1964	101	0.43854	0.35967	0.5	126	45	104	269	2.13
1960-1964	102	0.45993	0.37393	0.5	81	30	66	165	2.04
1960-1964	103	0.48146	0.38805	0.5	51	20	41	99	1.96
1960-1964	104	0.50307	0.40196	0.5	31	12	25	58	1.89
1960-1964	105	0.52466	0.41563	0.5	19	8	15	34	1.82
1960-1964	106	0.54616	0.42901	0.5	11	5	9	19	1.76
1960-1964	107	0.56749	0.44206	0.5	6	3	5	11	1.70
1960-1964	108	0.58858	0.45475	0.5	3	2	3	6	1.65
1960-1964	109	0.60934	0.46705	0.5	2	1	1	3	1.61
1960-1964	110+	0.62972	1.00000	1.59	1	1	2	2	1.59
1965-1969	0	0.03083	0.03002	0.13	100000	3002	97381	6467225	64.67
1965-1969	1	0.00184	0.00184	0.5	96998	178	96909	6369843	65.67
1965-1969	2	0.00125	0.00125	0.5	96820	121	96759	6272935	64.79
1965-1969	3	0.00086	0.00086	0.5	96698	83	96657	6176176	63.87
1965-1969	4	0.00071	0.00071	0.5	96615	69	96581	6079519	62.93
1965-1969	5	0.00067	0.00067	0.5	96546	65	96514	5982938	61.97
1965-1969	6	0.00065	0.00065	0.5	96482	63	96450	5886425	61.01
1965-1969	7	0.00067	0.00067	0.5	96419	65	96387	5789974	60.05
1965-1969	8	0.00051	0.00051	0.5	96354	49	96330	5693588	59.09
1965-1969	9	0.00057	0.00057	0.5	96305	55	96277	5597258	58.12
1965-1969	10	0.00055	0.00055	0.5	96250	53	96224	5500980	57.15
1965-1969	11	0.00053	0.00053	0.5	96197	51	96171	5404757	56.18
1965-1969	12	0.00060	0.00060	0.5	96146	58	96117	5308586	55.21
1965-1969	13	0.00066	0.00066	0.5	96088	64	96056	5212469	54.25
1965-1969	14	0.00081	0.00081	0.5	96024	77	95985	5116413	53.28
1965-1969	15	0.00099	0.00099	0.5	95946	95	95899	5020428	52.33
1965-1969	16	0.00138	0.00137	0.5	95851	132	95785	4924529	51.38
1965-1969	17	0.00180	0.00180	0.5	95719	172	95633	4828744	50.45
1965-1969	18	0.00231	0.00230	0.5	95547	220	95437	4733110	49.54
1965-1969	19	0.00233	0.00233	0.5	95327	222	95216	4637673	48.65
1965-1969	20	0.00243	0.00243	0.5	95105	231	94990	4542457	47.76
1965-1969	21	0.00257	0.00256	0.5	94874	243	94753	4447467	46.88
1965-1969	22	0.00251	0.00251	0.5	94631	237	94512	4352714	46.00
1965-1969	23	0.00239	0.00239	0.5	94394	225	94281	4258202	45.11
1965-1969	24	0.00238	0.00238	0.5	94168	224	94056	4163921	44.22
1965-1969	25	0.00230	0.00230	0.5	93944	216	93836	4069865	43.32
1965-1969	26	0.00233	0.00232	0.5	93728	218	93619	3976029	42.42
1965-1969	27	0.00240	0.00240	0.5	93510	225	93398	3882410	41.52
1965-1969	28	0.00261	0.00261	0.5	93285	243	93164	3789013	40.62
1965-1969	29	0.00262	0.00262	0.5	93042	244	92920	3695849	39.72
1965-1969	30	0.00300	0.00300	0.5	92798	278	92659	3602929	38.83
1965-1969	31	0.00272	0.00271	0.5	92520	251	92395	3510269	37.94
1965-1969	32	0.00292	0.00292	0.5	92269	269	92134	3417875	37.04
1965-1969	33	0.00301	0.00301	0.5	92000	277	91861	3325741	36.15
1965-1969	34	0.00314	0.00314	0.5	91723	288	91579	3233879	35.26
1965-1969	35	0.00375	0.00374	0.5	91435	342	91264	3142300	34.37
1965-1969	36	0.00365	0.00364	0.5	91093	331	90927	3051037	33.49
1965-1969	37	0.00379	0.00378	0.5	90761	343	90590	2960109	32.61
1965-1969	38	0.00438	0.00437	0.5	90418	395	90221	2869520	31.74
1965-1969	39	0.00484	0.00483	0.5	90023	434	89806	2779299	30.87
1965-1969	40	0.00541	0.00540	0.5	89589	484	89347	2689493	30.02
1965-1969	41	0.00616	0.00614	0.5	89105	547	88831	2600146	29.18
1965-1969	42	0.00647	0.00645	0.5	88558	571	88272	2511315	28.36
1965-1969	43	0.00692	0.00690	0.5	87987	607	87683	2423043	27.54
1965-1969	44	0.00745	0.00742	0.5	87380	648	87056	2335359	26.73
1965-1969	45	0.00784	0.00781	0.5	86732	678	86393	2248303	25.92
1965-1969	46	0.00872	0.00868	0.5	86054	747	85680	2161911	25.12
1965-1969	47	0.00932	0.00927	0.5	85307	791	84911	2076230	24.34
1965-1969	48	0.01047	0.01042	0.5	84516	881	84075	1991319	23.56
1965-1969	49	0.01212	0.01205	0.5	83635	1008	83131	1907244	22.80
1965-1969	50	0.01219	0.01212	0.5	82627	1001	82127	1824113	22.08
1965-1969	51	0.01360	0.01351	0.5	81626	1103	81075	1741986	21.34
1965-1969	52	0.01498	0.01487	0.5	80524	1197	79925	1660911	20.63
1965-1969	53	0.01577	0.01565	0.5	79326	1241	78705	1580987	19.93
1965-1969	54	0.01751	0.01736	0.5	78085	1355	77407	1502281	19.24
1965-1969	55	0.01847	0.01830	0.5	76729	1404	76027	1424874	18.57
1965-1969	56	0.01990	0.01970	0.5	75325	1484	74583	1348847	17.91
1965-1969	57	0.02157	0.02134	0.5	73841	1576	73053	1274264	17.26
1965-1969	58	0.02371	0.02343	0.5	72265	1693	71418	1201211	16.62
1965-1969	59	0.02526	0.02494	0.5	70572	1760	69691	1129792	16.01
1965-1969	60	0.02709	0.02673	0.5	68811	1839	67892	1060101	15.41
1965-1969	61	0.02833	0.02793	0.5	66972	1871	66036	992209	14.82
1965-1969	62	0.03156	0.03107	0.5	65101	2023	64090	926173	14.23
1965-1969	63	0.03391	0.03335	0.5	63078	2103	62027	862083	13.67
1965-1969	64	0.03602	0.03538	0.5	60975	2158	59896	800057	13.12
1965-1969	65	0.03894	0.03819	0.5	58817	2246	57694	740160	12.58
1965-1969	66	0.04117	0.04034	0.5	56571	2282	55430	682466	12.06
1965-1969	67	0.04664	0.04558	0.5	54289	2474	53051	627036	11.55
1965-1969	68	0.04959	0.04839	0.5	51814	2508	50560	573985	11.08
1965-1969	69	0.05132	0.05004	0.5	49307	2467	48073	523424	10.62
1965-1969	70	0.05448	0.05303	0.5	46840	2484	45598	475351	10.15
1965-1969	71	0.05783	0.05620	0.5	44356	2493	43109	429754	9.69
1965-1969	72	0.06584	0.06374	0.5	41863	2668	40529	386645	9.24
1965-1969	73	0.06732	0.06513	0.5	39194	2553	37918	346116	8.83
1965-1969	74	0.07411	0.07146	0.5	36642	2619	35332	308198	8.41
1965-1969	75	0.07884	0.07585	0.5	34023	2581	32733	272865	8.02
1965-1969	76	0.08166	0.07846	0.5	31443	2467	30209	240132	7.64
1965-1969	77	0.08548	0.08198	0.5	28976	2375	27788	209923	7.24
1965-1969	78	0.09386	0.08965	0.5	26600	2385	25408	182135	6.85
1965-1969	79	0.09843	0.09381	0.5	24216	2272	23080	156727	6.47
1965-1969	80	0.11412	0.10796	0.5	21944	2369	20759	133648	6.09
1965-1969	81	0.11119	0.10534	0.5	19575	2062	18544	112889	5.77
1965-1969	82	0.13069	0.12268	0.5	17513	2148	16439	94345	5.39
1965-1969	83	0.14232	0.13286	0.5	15364	2041	14344	77906	5.07
1965-1969	84	0.16118	0.14916	0.5	13323	1987	12329	63563	4.77
1965-1969	85	0.17125	0.15774	0.5	11336	1788	10442	51233	4.52
1965-1969	86	0.18782	0.17170	0.5	9548	1639	8728	40791	4.27
1965-1969	87	0.20587	0.18665	0.5	7908	1476	7170	32063	4.05
1965-1969	88	0.20566	0.18648	0.5	6432	1199	5832	24893	3.87
1965-1969	89	0.23127	0.20730	0.5	5233	1085	4690	19061	3.64
1965-1969	90	0.24168	0.21562	0.5	4148	894	3701	14370	3.46
1965-1969	91	0.25902	0.22932	0.5	3254	746	2881	10669	3.28
1965-1969	92	0.27714	0.24341	0.5	2508	610	2202	7789	3.11
1965-1969	93	0.29603	0.25786	0.5	1897	489	1653	5587	2.94
1965-1969	94	0.31564	0.27262	0.5	1408	384	1216	3934	2.79
1965-1969	95	0.33593	0.28762	0.5	1024	295	877	2718	2.65
1965-1969	96	0.35685	0.30282	0.5	730	221	619	1841	2.52
1965-1969	97	0.37832	0.31814	0.5	509	162	428	1222	2.40
1965-1969	98	0.40029	0.33353	0.5	347	116	289	794	2.29
1965-1969	99	0.42266	0.34892	0.5	231	81	191	505	2.19
1965-1969	100	0.44536	0.36425	0.5	150	55	123	315	2.09
1965-1969	101	0.46828	0.37944	0.5	96	36	78	191	2.00
1965-1969	102	0.49134	0.39444	0.5	59	23	48	114	1.92
1965-1969	103	0.51443	0.40919	0.5	36	15	29	66	1.84
1965-1969	104	0.53747	0.42363	0.5	21	9	17	38	1.77
1965-1969	105	0.56035	0.43771	0.5	12	5	10	21	1.71
1965-1969	106	0.58297	0.45139	0.5	7	3	5	11	1.65
1965-1969	107	0.60525	0.46464	0.5	4	2	3	6	1.60
1965-1969	108	0.62709	0.47741	0.5	2	1	2	3	1.55
1965-1969	109	0.64844	0.48968	0.5	1	1	1	2	1.52
1965-1969	110+	0.66920	1.00000	1.49	1	1	1	1	1.49
1970-1974	0	0.02560	0.02504	0.11	100000	2504	97781	6545092	65.45
1970-1974	1	0.00132	0.00132	0.5	97496	129	97432	6447311	66.13
1970-1974	2	0.00108	0.00108	0.5	97368	105	97315	6349879	65.22
1970-1974	3	0.00073	0.00073	0.5	97262	71	97227	6252564	64.29
1970-1974	4	0.00081	0.00081	0.5	97191	79	97152	6155337	63.33
1970-1974	5	0.00071	0.00071	0.5	97112	69	97078	6058185	62.38
1970-1974	6	0.00053	0.00053	0.5	97044	51	97018	5961107	61.43
1970-1974	7	0.00060	0.00060	0.5	96993	59	96963	5864089	60.46
1970-1974	8	0.00057	0.00057	0.5	96934	55	96906	5767126	59.50
1970-1974	9	0.00047	0.00047	0.5	96879	45	96856	5670219	58.53
1970-1974	10	0.00040	0.00040	0.5	96834	39	96814	5573363	57.56
1970-1974	11	0.00052	0.00052	0.5	96795	50	96770	5476548	56.58
1970-1974	12	0.00047	0.00047	0.5	96745	45	96722	5379779	55.61
1970-1974	13	0.00070	0.00070	0.5	96700	67	96666	5283056	54.63
1970-1974	14	0.00086	0.00086	0.5	96632	83	96591	5186390	53.67
1970-1974	15	0.00105	0.00105	0.5	96549	101	96499	5089800	52.72
1970-1974	16	0.00153	0.00152	0.5	96448	147	96375	4993301	51.77
1970-1974	17	0.00194	0.00194	0.5	96301	187	96208	4896926	50.85
1970-1974	18	0.00223	0.00223	0.5	96115	214	96007	4800718	49.95
1970-1974	19	0.00227	0.00227	0.5	95900	217	95792	4704711	49.06
1970-1974	20	0.00232	0.00232	0.5	95683	222	95572	4608919	48.17
1970-1974	21	0.00228	0.00228	0.5	95461	217	95352	4513347	47.28
1970-1974	22	0.00226	0.00226	0.5	95244	215	95136	4417995	46.39
1970-1974	23	0.00236	0.00235	0.5	95029	224	94917	4322859	45.49
1970-1974	24	0.00242	0.00242	0.5	94805	229	94690	4227942	44.60
1970-1974	25	0.00243	0.00243	0.5	94576	230	94461	4133252	43.70
1970-1974	26	0.00225	0.00225	0.5	94346	212	94240	4038791	42.81
1970-1974	27	0.00235	0.00235	0.5	94134	221	94023	3944551	41.90
1970-1974	28	0.00261	0.00261	0.5	93913	245	93790	3850528	41.00
1970-1974	29	0.00246	0.00245	0.5	93668	230	93553	3756737	40.11
1970-1974	30	0.00240	0.00240	0.5	93438	224	93326	3663184	39.20
1970-1974	31	0.00279	0.00278	0.5	93214	260	93085	3569858	38.30
1970-1974	32	0.00288	0.00288	0.5	92955	268	92821	3476773	37.40
1970-1974	33	0.00306	0.00305	0.5	92687	283	92546	3383952	36.51
1970-1974	34	0.00330	0.00330	0.5	92404	305	92252	3291407	35.62
1970-1974	35	0.00299	0.00299	0.5	92099	275	91962	3199155	34.74
1970-1974	36	0.00386	0.00385	0.5	91824	354	91647	3107193	33.84
1970-1974	37	0.00406	0.00406	0.5	91470	371	91285	3015546	32.97
1970-1974	38	0.00432	0.00431	0.5	91099	393	90903	2924261	32.10
1970-1974	39	0.00462	0.00461	0.5	90707	418	90498	2833358	31.24
1970-1974	40	0.00473	0.00472	0.5	90289	426	90076	2742860	30.38
1970-1974	41	0.00545	0.00544	0.5	89862	488	89618	2652785	29.52
1970-1974	42	0.00601	0.00600	0.5	89374	536	89106	2563166	28.68
1970-1974	43	0.00674	0.00672	0.5	88838	597	88540	2474060	27.85
1970-1974	44	0.00698	0.00695	0.5	88241	614	87934	2385521	27.03
1970-1974	45	0.00762	0.00759	0.5	87628	665	87295	2297586	26.22
1970-1974	46	0.00902	0.00898	0.5	86962	781	86572	2210291	25.42
1970-1974	47	0.00958	0.00953	0.5	86181	821	85771	2123719	24.64
1970-1974	48	0.00975	0.00971	0.5	85360	828	84946	2037948	23.87
1970-1974	49	0.01110	0.01104	0.5	84532	933	84065	1953003	23.10
1970-1974	50	0.01254	0.01247	0.5	83598	1042	83077	1868937	22.36
1970-1974	51	0.01336	0.01328	0.5	82556	1096	82008	1785860	21.63
1970-1974	52	0.01432	0.01422	0.5	81460	1158	80881	1703852	20.92
1970-1974	53	0.01496	0.01485	0.5	80302	1193	79706	1622971	20.21
1970-1974	54	0.01639	0.01626	0.5	79109	1286	78466	1543265	19.51
1970-1974	55	0.01779	0.01763	0.5	77823	1372	77137	1464798	18.82
1970-1974	56	0.01976	0.01956	0.5	76452	1496	75704	1387661	18.15
1970-1974	57	0.02126	0.02103	0.5	74956	1577	74168	1311957	17.50
1970-1974	58	0.02169	0.02145	0.5	73379	1574	72592	1237789	16.87
1970-1974	59	0.02395	0.02367	0.5	71805	1700	70955	1165197	16.23
1970-1974	60	0.02718	0.02681	0.5	70106	1880	69166	1094242	15.61
1970-1974	61	0.02764	0.02726	0.5	68226	1860	67296	1025076	15.02
1970-1974	62	0.03116	0.03068	0.5	66366	2036	65348	957780	14.43
1970-1974	63	0.03373	0.03317	0.5	64330	2134	63263	892433	13.87
1970-1974	64	0.03604	0.03540	0.5	62196	2202	61095	829170	13.33
1970-1974	65	0.03801	0.03730	0.5	59994	2238	58875	768075	12.80
1970-1974	66	0.03947	0.03871	0.5	57756	2236	56638	709201	12.28
1970-1974	67	0.04489	0.04391	0.5	55520	2438	54302	652562	11.75
1970-1974	68	0.04705	0.04597	0.5	53083	2440	51863	598261	11.27
1970-1974	69	0.04996	0.04874	0.5	50642	2468	49408	546398	10.79
1970-1974	70	0.05356	0.05216	0.5	48174	2513	46918	496990	10.32
1970-1974	71	0.05727	0.05567	0.5	45661	2542	44390	450072	9.86
1970-1974	72	0.06588	0.06378	0.5	43119	2750	41744	405682	9.41
1970-1974	73	0.06752	0.06531	0.5	40369	2637	39051	363938	9.02
1970-1974	74	0.07113	0.06869	0.5	37732	2592	36437	324887	8.61
1970-1974	75	0.07467	0.07198	0.5	35141	2530	33876	288450	8.21
1970-1974	76	0.08119	0.07802	0.5	32611	2544	31339	254574	7.81
1970-1974	77	0.08460	0.08116	0.5	30067	2440	28847	223235	7.42
1970-1974	78	0.09369	0.08950	0.5	27626	2473	26390	194388	7.04
1970-1974	79	0.10199	0.09704	0.5	25154	2441	23933	167998	6.68
1970-1974	80	0.10882	0.10320	0.5	22713	2344	21541	144065	6.34
1970-1974	81	0.11377	0.10765	0.5	20369	2193	19273	122524	6.02
1970-1974	82	0.12712	0.11952	0.5	18176	2173	17090	103251	5.68
1970-1974	83	0.13353	0.12518	0.5	16004	2003	15002	86161	5.38
1970-1974	84	0.15098	0.14038	0.5	14000	1965	13018	71159	5.08
1970-1974	85	0.15610	0.14479	0.5	12035	1743	11164	58141	4.83
1970-1974	86	0.17563	0.16145	0.5	10292	1662	9462	46978	4.56
1970-1974	87	0.18757	0.17148	0.5	8631	1480	7891	37516	4.35
1970-1974	88	0.20082	0.18250	0.5	7151	1305	6498	29625	4.14
1970-1974	89	0.21254	0.19212	0.5	5846	1123	5284	23127	3.96
1970-1974	90	0.22046	0.19857	0.5	4723	938	4254	17843	3.78
1970-1974	91	0.23507	0.21035	0.5	3785	796	3387	13589	3.59
1970-1974	92	0.25033	0.22249	0.5	2989	665	2656	10203	3.41
1970-1974	93	0.26624	0.23496	0.5	2324	546	2051	7546	3.25
1970-1974	94	0.28278	0.24775	0.5	1778	440	1558	5496	3.09
1970-1974	95	0.29993	0.26081	0.5	1337	349	1163	3938	2.94
1970-1974	96	0.31765	0.27412	0.5	989	271	853	2775	2.81
1970-1974	97	0.33592	0.28761	0.5	718	206	614	1922	2.68
1970-1974	98	0.35470	0.30127	0.5	511	154	434	1308	2.56
1970-1974	99	0.37393	0.31503	0.5	357	113	301	874	2.45
1970-1974	100	0.39357	0.32886	0.5	245	80	204	573	2.34
1970-1974	101	0.41356	0.34270	0.5	164	56	136	368	2.24
1970-1974	102	0.43384	0.35651	0.5	108	38	89	232	2.15
1970-1974	103	0.45434	0.37024	0.5	69	26	57	144	2.07
1970-1974	104	0.47500	0.38384	0.5	44	17	35	87	1.99
1970-1974	105	0.49575	0.39727	0.5	27	11	22	52	1.92
1970-1974	106	0.51651	0.41050	0.5	16	7	13	30	1.85
1970-1974	107	0.53721	0.42347	0.5	10	4	8	17	1.79
1970-1974	108	0.55779	0.43615	0.5	6	2	4	10	1.74
1970-1974	109	0.57817	0.44851	0.5	3	1	2	5	1.70
1970-1974	110+	0.59828	1.00000	1.67	2	2	3	3	1.67
1975-1979	0	0.01917	0.01884	0.1	100000	1884	98298	6757586	67.58
1975-1979	1	0.00119	0.00119	0.5	98116	116	98058	6659289	67.87
1975-1979	2	0.00091	0.00091	0.5	97999	89	97955	6561231	66.95
1975-1979	3	0.00066	0.00066	0.5	97910	65	97878	6463276	66.01
1975-1979	4	0.00063	0.00063	0.5	97845	62	97814	6365399	65.06
1975-1979	5	0.00056	0.00056	0.5	97784	55	97756	6267584	64.10
1975-1979	6	0.00049	0.00049	0.5	97728	48	97705	6169828	63.13
1975-1979	7	0.00041	0.00041	0.5	97681	40	97661	6072124	62.16
1975-1979	8	0.00040	0.00040	0.5	97640	40	97621	5974463	61.19
1975-1979	9	0.00036	0.00036	0.5	97601	35	97583	5876842	60.21
1975-1979	10	0.00037	0.00037	0.5	97566	37	97548	5779259	59.23
1975-1979	11	0.00040	0.00040	0.5	97529	39	97510	5681712	58.26
1975-1979	12	0.00051	0.00051	0.5	97490	49	97465	5584202	57.28
1975-1979	13	0.00054	0.00054	0.5	97441	53	97414	5486737	56.31
1975-1979	14	0.00063	0.00063	0.5	97388	61	97357	5389322	55.34
1975-1979	15	0.00080	0.00080	0.5	97327	77	97288	5291965	54.37
1975-1979	16	0.00122	0.00122	0.5	97249	118	97190	5194677	53.42
1975-1979	17	0.00153	0.00153	0.5	97131	149	97057	5097487	52.48
1975-1979	18	0.00189	0.00189	0.5	96982	183	96891	5000430	51.56
1975-1979	19	0.00204	0.00204	0.5	96799	198	96700	4903539	50.66
1975-1979	20	0.00195	0.00195	0.5	96602	188	96508	4806839	49.76
1975-1979	21	0.00194	0.00194	0.5	96414	187	96320	4710331	48.86
1975-1979	22	0.00205	0.00204	0.5	96227	197	96128	4614011	47.95
1975-1979	23	0.00189	0.00189	0.5	96030	182	95939	4517882	47.05
1975-1979	24	0.00182	0.00182	0.5	95848	174	95761	4421943	46.13
1975-1979	25	0.00197	0.00197	0.5	95674	188	95580	4326182	45.22
1975-1979	26	0.00207	0.00207	0.5	95486	197	95387	4230602	44.31
1975-1979	27	0.00213	0.00213	0.5	95288	203	95187	4135215	43.40
1975-1979	28	0.00200	0.00199	0.5	95085	190	94991	4040029	42.49
1975-1979	29	0.00214	0.00214	0.5	94896	203	94794	3945038	41.57
1975-1979	30	0.00211	0.00211	0.5	94693	200	94593	3850244	40.66
1975-1979	31	0.00214	0.00214	0.5	94493	202	94392	3755651	39.75
1975-1979	32	0.00227	0.00227	0.5	94291	214	94184	3661259	38.83
1975-1979	33	0.00227	0.00226	0.5	94077	213	93970	3567075	37.92
1975-1979	34	0.00258	0.00257	0.5	93864	241	93743	3473105	37.00
1975-1979	35	0.00272	0.00272	0.5	93622	255	93495	3379362	36.10
1975-1979	36	0.00297	0.00296	0.5	93368	277	93229	3285867	35.19
1975-1979	37	0.00317	0.00317	0.5	93091	295	92944	3192637	34.30
1975-1979	38	0.00363	0.00362	0.5	92796	336	92628	3099694	33.40
1975-1979	39	0.00375	0.00374	0.5	92460	346	92287	3007066	32.52
1975-1979	40	0.00408	0.00407	0.5	92114	375	91926	2914779	31.64
1975-1979	41	0.00465	0.00463	0.5	91739	425	91527	2822852	30.77
1975-1979	42	0.00543	0.00542	0.5	91314	495	91067	2731326	29.91
1975-1979	43	0.00568	0.00566	0.5	90819	514	90562	2640259	29.07
1975-1979	44	0.00576	0.00574	0.5	90305	519	90046	2549697	28.23
1975-1979	45	0.00648	0.00646	0.5	89787	580	89497	2459651	27.39
1975-1979	46	0.00720	0.00718	0.5	89207	640	88887	2370154	26.57
1975-1979	47	0.00767	0.00764	0.5	88567	677	88228	2281267	25.76
1975-1979	48	0.00869	0.00865	0.5	87890	760	87510	2193038	24.95
1975-1979	49	0.00921	0.00917	0.5	87130	799	86730	2105528	24.17
1975-1979	50	0.01065	0.01060	0.5	86331	915	85874	2018798	23.38
1975-1979	51	0.01098	0.01092	0.5	85416	933	84950	1932924	22.63
1975-1979	52	0.01234	0.01226	0.5	84483	1036	83965	1847975	21.87
1975-1979	53	0.01351	0.01342	0.5	83447	1120	82887	1764010	21.14
1975-1979	54	0.01457	0.01446	0.5	82327	1190	81732	1681123	20.42
1975-1979	55	0.01580	0.01568	0.5	81137	1272	80501	1599391	19.71
1975-1979	56	0.01727	0.01712	0.5	79865	1367	79181	1518890	19.02
1975-1979	57	0.01872	0.01855	0.5	78497	1456	77769	1439709	18.34
1975-1979	58	0.02021	0.02001	0.5	77041	1542	76270	1361940	17.68
1975-1979	59	0.02186	0.02162	0.5	75499	1633	74683	1285670	17.03
1975-1979	60	0.02277	0.02252	0.5	73867	1663	73035	1210987	16.39
1975-1979	61	0.02608	0.02574	0.5	72203	1859	71274	1137952	15.76
1975-1979	62	0.02837	0.02797	0.5	70345	1968	69361	1066677	15.16
1975-1979	63	0.03076	0.03029	0.5	68377	2071	67341	997317	14.59
1975-1979	64	0.03316	0.03262	0.5	66306	2163	65224	929975	14.03
1975-1979	65	0.03460	0.03401	0.5	64143	2181	63052	864751	13.48
1975-1979	66	0.03659	0.03593	0.5	61961	2226	60848	801699	12.94
1975-1979	67	0.04051	0.03971	0.5	59735	2372	58549	740850	12.40
1975-1979	68	0.04286	0.04196	0.5	57363	2407	56160	682301	11.89
1975-1979	69	0.04443	0.04346	0.5	54956	2388	53762	626142	11.39
1975-1979	70	0.04960	0.04840	0.5	52568	2544	51296	572379	10.89
1975-1979	71	0.05139	0.05010	0.5	50024	2506	48771	521084	10.42
1975-1979	72	0.05767	0.05606	0.5	47518	2664	46186	472313	9.94
1975-1979	73	0.06076	0.05897	0.5	44854	2645	43531	426127	9.50
1975-1979	74	0.06607	0.06396	0.5	42209	2700	40859	382596	9.06
1975-1979	75	0.07060	0.06820	0.5	39509	2694	38162	341737	8.65
1975-1979	76	0.07333	0.07074	0.5	36815	2604	35513	303575	8.25
1975-1979	77	0.08041	0.07730	0.5	34211	2645	32888	268062	7.84
1975-1979	78	0.08594	0.08240	0.5	31566	2601	30266	235174	7.45
1975-1979	79	0.09178	0.08775	0.5	28965	2542	27694	204908	7.07
1975-1979	80	0.10249	0.09749	0.5	26423	2576	25135	177214	6.71
1975-1979	81	0.10791	0.10239	0.5	23847	2442	22626	152079	6.38
1975-1979	82	0.11897	0.11229	0.5	21405	2404	20204	129452	6.05
1975-1979	83	0.12284	0.11573	0.5	19002	2199	17902	109249	5.75
1975-1979	84	0.13836	0.12941	0.5	16803	2174	15715	91347	5.44
1975-1979	85	0.14250	0.13302	0.5	14628	1946	13655	75631	5.17
1975-1979	86	0.16305	0.15076	0.5	12682	1912	11726	61976	4.89
1975-1979	87	0.16599	0.15327	0.5	10770	1651	9945	50249	4.67
1975-1979	88	0.18218	0.16697	0.5	9120	1523	8358	40304	4.42
1975-1979	89	0.19675	0.17913	0.5	7597	1361	6916	31946	4.21
1975-1979	90	0.20573	0.18654	0.5	6236	1163	5654	25030	4.01
1975-1979	91	0.21810	0.19665	0.5	5073	998	4574	19375	3.82
1975-1979	92	0.23234	0.20816	0.5	4075	848	3651	14801	3.63
1975-1979	93	0.24722	0.22003	0.5	3227	710	2872	11150	3.46
1975-1979	94	0.26273	0.23223	0.5	2517	584	2225	8278	3.29
1975-1979	95	0.27886	0.24473	0.5	1932	473	1696	6054	3.13
1975-1979	96	0.29557	0.25751	0.5	1459	376	1272	4358	2.99
1975-1979	97	0.31285	0.27053	0.5	1084	293	937	3086	2.85
1975-1979	98	0.33067	0.28376	0.5	790	224	678	2149	2.72
1975-1979	99	0.34899	0.29714	0.5	566	168	482	1471	2.60
1975-1979	100	0.36776	0.31064	0.5	398	124	336	989	2.48
1975-1979	101	0.38695	0.32422	0.5	274	89	230	653	2.38
1975-1979	102	0.40649	0.33783	0.5	185	63	154	423	2.28
1975-1979	103	0.42633	0.35142	0.5	123	43	101	269	2.19
1975-1979	104	0.44642	0.36496	0.5	80	29	65	167	2.10
1975-1979	105	0.46668	0.37838	0.5	51	19	41	102	2.02
1975-1979	106	0.48705	0.39167	0.5	31	12	25	61	1.95
1975-1979	107	0.50746	0.40476	0.5	19	8	15	36	1.89
1975-1979	108	0.52785	0.41762	0.5	11	5	9	21	1.83
1975-1979	109	0.54814	0.43023	0.5	7	3	5	12	1.79
1975-1979	110+	0.56828	1.00000	1.76	4	4	7	7	1.76
1980-1984	0	0.01485	0.01465	0.08	100000	1465	98659	6935166	69.35
1980-1984	1	0.00107	0.00106	0.5	98535	105	98483	6836506	69.38
1980-1984	2	0.00060	0.00060	0.5	98430	59	98401	6738023	68.45
1980-1984	3	0.00056	0.00056	0.5	98371	55	98344	6639623	67.50
1980-1984	4	0.00039	0.00039	0.5	98316	38	98297	6541279	66.53
1980-1984	5	0.00033	0.00033	0.5	98278	33	98262	6442982	65.56
1980-1984	6	0.00034	0.00034	0.5	98245	33	98229	6344720	64.58
1980-1984	7	0.00032	0.00032	0.5	98212	32	98196	6246492	63.60
1980-1984	8	0.00038	0.00038	0.5	98180	37	98162	6148296	62.62
1980-1984	9	0.00031	0.00031	0.5	98143	30	98128	6050134	61.65
1980-1984	10	0.00036	0.00036	0.5	98113	35	98095	5952006	60.66
1980-1984	11	0.00032	0.00032	0.5	98078	31	98062	5853911	59.69
1980-1984	12	0.00041	0.00041	0.5	98046	40	98026	5755848	58.71
1980-1984	13	0.00045	0.00045	0.5	98006	44	97984	5657822	57.73
1980-1984	14	0.00044	0.00044	0.5	97962	43	97940	5559838	56.76
1980-1984	15	0.00068	0.00068	0.5	97919	66	97886	5461898	55.78
1980-1984	16	0.00121	0.00121	0.5	97853	118	97793	5364012	54.82
1980-1984	17	0.00132	0.00132	0.5	97734	129	97670	5266219	53.88
1980-1984	18	0.00158	0.00158	0.5	97605	154	97529	5168549	52.95
1980-1984	19	0.00147	0.00147	0.5	97452	143	97380	5071020	52.04
1980-1984	20	0.00156	0.00156	0.5	97308	152	97233	4973640	51.11
1980-1984	21	0.00155	0.00155	0.5	97157	150	97082	4876408	50.19
1980-1984	22	0.00166	0.00166	0.5	97006	161	96926	4779326	49.27
1980-1984	23	0.00162	0.00162	0.5	96846	157	96767	4682400	48.35
1980-1984	24	0.00172	0.00172	0.5	96689	166	96606	4585633	47.43
1980-1984	25	0.00171	0.00171	0.5	96523	165	96440	4489027	46.51
1980-1984	26	0.00164	0.00163	0.5	96358	157	96279	4392587	45.59
1980-1984	27	0.00174	0.00174	0.5	96200	167	96117	4296308	44.66
1980-1984	28	0.00176	0.00175	0.5	96033	168	95949	4200191	43.74
1980-1984	29	0.00181	0.00181	0.5	95864	173	95778	4104242	42.81
1980-1984	30	0.00191	0.00191	0.5	95691	183	95600	4008465	41.89
1980-1984	31	0.00193	0.00193	0.5	95508	184	95416	3912865	40.97
1980-1984	32	0.00194	0.00194	0.5	95324	185	95232	3817449	40.05
1980-1984	33	0.00212	0.00212	0.5	95140	202	95039	3722217	39.12
1980-1984	34	0.00201	0.00201	0.5	94938	191	94843	3627178	38.21
1980-1984	35	0.00222	0.00221	0.5	94747	210	94642	3532335	37.28
1980-1984	36	0.00258	0.00258	0.5	94538	244	94416	3437693	36.36
1980-1984	37	0.00265	0.00265	0.5	94294	250	94169	3343277	35.46
1980-1984	38	0.00301	0.00301	0.5	94044	283	93903	3249108	34.55
1980-1984	39	0.00306	0.00305	0.5	93761	286	93618	3155205	33.65
1980-1984	40	0.00342	0.00341	0.5	93475	319	93316	3061587	32.75
1980-1984	41	0.00367	0.00367	0.5	93156	341	92985	2968271	31.86
1980-1984	42	0.00403	0.00402	0.5	92815	373	92628	2875286	30.98
1980-1984	43	0.00447	0.00446	0.5	92442	412	92236	2782657	30.10
1980-1984	44	0.00491	0.00490	0.5	92030	451	91804	2690421	29.23
1980-1984	45	0.00535	0.00533	0.5	91579	488	91335	2598617	28.38
1980-1984	46	0.00577	0.00575	0.5	91091	524	90829	2507282	27.53
1980-1984	47	0.00689	0.00687	0.5	90567	622	90256	2416453	26.68
1980-1984	48	0.00769	0.00766	0.5	89945	689	89600	2326197	25.86
1980-1984	49	0.00762	0.00759	0.5	89256	677	88917	2236597	25.06
1980-1984	50	0.00861	0.00857	0.5	88579	759	88199	2147679	24.25
1980-1984	51	0.00982	0.00977	0.5	87820	858	87391	2059480	23.45
1980-1984	52	0.01048	0.01042	0.5	86962	906	86508	1972090	22.68
1980-1984	53	0.01150	0.01144	0.5	86055	984	85563	1885581	21.91
1980-1984	54	0.01224	0.01216	0.5	85071	1035	84554	1800018	21.16
1980-1984	55	0.01374	0.01364	0.5	84036	1147	83463	1715465	20.41
1980-1984	56	0.01486	0.01475	0.5	82890	1222	82278	1632002	19.69
1980-1984	57	0.01659	0.01645	0.5	81667	1343	80995	1549724	18.98
1980-1984	58	0.01870	0.01852	0.5	80324	1488	79580	1468728	18.29
1980-1984	59	0.01960	0.01941	0.5	78836	1530	78071	1389148	17.62
1980-1984	60	0.02194	0.02171	0.5	77306	1678	76467	1311078	16.96
1980-1984	61	0.02298	0.02272	0.5	75628	1718	74769	1234611	16.32
1980-1984	62	0.02609	0.02575	0.5	73910	1903	72958	1159842	15.69
1980-1984	63	0.02795	0.02756	0.5	72007	1985	71014	1086884	15.09
1980-1984	64	0.02911	0.02869	0.5	70022	2009	69017	1015870	14.51
1980-1984	65	0.03150	0.03101	0.5	68013	2109	66958	946853	13.92
1980-1984	66	0.03471	0.03412	0.5	65903	2248	64779	879894	13.35
1980-1984	67	0.03516	0.03455	0.5	63655	2199	62555	815115	12.81
1980-1984	68	0.03883	0.03809	0.5	61456	2341	60285	752560	12.25
1980-1984	69	0.04250	0.04162	0.5	59115	2460	57885	692275	11.71
1980-1984	70	0.04611	0.04508	0.5	56655	2554	55378	634390	11.20
1980-1984	71	0.04929	0.04810	0.5	54101	2602	52800	579012	10.70
1980-1984	72	0.05461	0.05316	0.5	51499	2738	50130	526212	10.22
1980-1984	73	0.05959	0.05786	0.5	48761	2822	47350	476083	9.76
1980-1984	74	0.06010	0.05835	0.5	45939	2680	44599	428733	9.33
1980-1984	75	0.06750	0.06529	0.5	43259	2824	41847	384134	8.88
1980-1984	76	0.07367	0.07106	0.5	40434	2873	38998	342287	8.47
1980-1984	77	0.07427	0.07161	0.5	37561	2690	36216	303290	8.07
1980-1984	78	0.08068	0.07755	0.5	34871	2704	33519	267073	7.66
1980-1984	79	0.08455	0.08112	0.5	32167	2610	30862	233554	7.26
1980-1984	80	0.09687	0.09240	0.5	29558	2731	28192	202692	6.86
1980-1984	81	0.10472	0.09951	0.5	26827	2669	25492	174500	6.50
1980-1984	82	0.11424	0.10807	0.5	24157	2611	22852	149008	6.17
1980-1984	83	0.11942	0.11269	0.5	21546	2428	20332	126156	5.86
1980-1984	84	0.13413	0.12570	0.5	19118	2403	17917	105824	5.54
1980-1984	85	0.14011	0.13094	0.5	16715	2189	15621	87907	5.26
1980-1984	86	0.15150	0.14083	0.5	14527	2046	13504	72286	4.98
1980-1984	87	0.17067	0.15725	0.5	12481	1963	11499	58782	4.71
1980-1984	88	0.16338	0.15104	0.5	10518	1589	9724	47283	4.50
1980-1984	89	0.18617	0.17032	0.5	8929	1521	8169	37559	4.21
1980-1984	90	0.20861	0.18891	0.5	7409	1400	6709	29390	3.97
1980-1984	91	0.21867	0.19712	0.5	6009	1185	5417	22681	3.77
1980-1984	92	0.23402	0.20950	0.5	4825	1011	4319	17264	3.58
1980-1984	93	0.25009	0.22230	0.5	3814	848	3390	12945	3.39
1980-1984	94	0.26689	0.23547	0.5	2966	698	2617	9555	3.22
1980-1984	95	0.28439	0.24898	0.5	2268	565	1985	6938	3.06
1980-1984	96	0.30256	0.26280	0.5	1703	448	1479	4953	2.91
1980-1984	97	0.32137	0.27688	0.5	1255	348	1082	3474	2.77
1980-1984	98	0.34078	0.29117	0.5	908	264	776	2392	2.63
1980-1984	99	0.36074	0.30561	0.5	644	197	545	1616	2.51
1980-1984	100	0.38119	0.32016	0.5	447	143	375	1071	2.40
1980-1984	101	0.40207	0.33477	0.5	304	102	253	696	2.29
1980-1984	102	0.42331	0.34936	0.5	202	71	167	443	2.19
1980-1984	103	0.44484	0.36390	0.5	131	48	108	276	2.10
1980-1984	104	0.46658	0.37832	0.5	84	32	68	169	2.02
1980-1984	105	0.48844	0.39257	0.5	52	20	42	101	1.94
1980-1984	106	0.51035	0.40660	0.5	32	13	25	59	1.87
1980-1984	107	0.53222	0.42036	0.5	19	8	15	34	1.80
1980-1984	108	0.55397	0.43381	0.5	11	5	9	19	1.75
1980-1984	109	0.57551	0.44691	0.5	6	3	5	10	1.70
1980-1984	110+	0.59677	1.00000	1.68	3	3	6	6	1.68
1985-1989	0	0.01347	0.01331	0.08	100000	1331	98777	7008067	70.08
1985-1989	1	0.00096	0.00096	0.5	98669	95	98622	6909290	70.02
1985-1989	2	0.00070	0.00070	0.5	98574	69	98540	6810669	69.09
1985-1989	3	0.00052	0.00052	0.5	98505	51	98480	6712129	68.14
1985-1989	4	0.00049	0.00049	0.5	98454	48	98430	6613650	67.18
1985-1989	5	0.00038	0.00038	0.5	98406	37	98388	6515220	66.21
1985-1989	6	0.00034	0.00034	0.5	98369	34	98352	6416832	65.23
1985-1989	7	0.00035	0.00035	0.5	98335	34	98318	6318480	64.25
1985-1989	8	0.00033	0.00033	0.5	98301	33	98285	6220162	63.28
1985-1989	9	0.00035	0.00035	0.5	98268	34	98251	6121877	62.30
1985-1989	10	0.00032	0.00032	0.5	98235	31	98219	6023626	61.32
1985-1989	11	0.00030	0.00030	0.5	98203	30	98188	5925407	60.34
1985-1989	12	0.00042	0.00042	0.5	98174	41	98153	5827218	59.36
1985-1989	13	0.00044	0.00044	0.5	98132	43	98111	5729065	58.38
1985-1989	14	0.00053	0.00053	0.5	98089	52	98063	5630955	57.41
1985-1989	15	0.00069	0.00069	0.5	98038	68	98004	5532891	56.44
1985-1989	16	0.00111	0.00111	0.5	97970	109	97916	5434888	55.48
1985-1989	17	0.00128	0.00128	0.5	97861	125	97799	5336972	54.54
1985-1989	18	0.00145	0.00145	0.5	97736	142	97665	5239173	53.61
1985-1989	19	0.00146	0.00146	0.5	97594	143	97523	5141508	52.68
1985-1989	20	0.00152	0.00152	0.5	97452	148	97378	5043985	51.76
1985-1989	21	0.00170	0.00170	0.5	97304	165	97221	4946607	50.84
1985-1989	22	0.00167	0.00167	0.5	97139	162	97058	4849386	49.92
1985-1989	23	0.00154	0.00153	0.5	96977	149	96902	4752328	49.00
1985-1989	24	0.00166	0.00166	0.5	96828	161	96747	4655426	48.08
1985-1989	25	0.00151	0.00151	0.5	96667	146	96594	4558679	47.16
1985-1989	26	0.00152	0.00151	0.5	96521	146	96448	4462085	46.23
1985-1989	27	0.00155	0.00155	0.5	96375	149	96300	4365636	45.30
1985-1989	28	0.00192	0.00192	0.5	96226	184	96134	4269336	44.37
1985-1989	29	0.00184	0.00183	0.5	96042	176	95953	4173202	43.45
1985-1989	30	0.00197	0.00197	0.5	95865	188	95771	4077249	42.53
1985-1989	31	0.00214	0.00214	0.5	95677	205	95575	3981478	41.61
1985-1989	32	0.00210	0.00210	0.5	95472	200	95372	3885903	40.70
1985-1989	33	0.00208	0.00208	0.5	95272	198	95173	3790531	39.79
1985-1989	34	0.00233	0.00233	0.5	95074	221	94964	3695358	38.87
1985-1989	35	0.00225	0.00225	0.5	94853	213	94746	3600394	37.96
1985-1989	36	0.00250	0.00250	0.5	94640	236	94522	3505648	37.04
1985-1989	37	0.00271	0.00271	0.5	94403	256	94276	3411126	36.13
1985-1989	38	0.00279	0.00278	0.5	94148	262	94017	3316851	35.23
1985-1989	39	0.00276	0.00275	0.5	93886	259	93757	3222834	34.33
1985-1989	40	0.00315	0.00314	0.5	93627	294	93480	3129077	33.42
1985-1989	41	0.00334	0.00333	0.5	93333	311	93178	3035597	32.52
1985-1989	42	0.00382	0.00382	0.5	93022	355	92845	2942419	31.63
1985-1989	43	0.00377	0.00377	0.5	92667	349	92493	2849575	30.75
1985-1989	44	0.00460	0.00459	0.5	92318	424	92106	2757082	29.87
1985-1989	45	0.00481	0.00480	0.5	91894	441	91674	2664976	29.00
1985-1989	46	0.00521	0.00520	0.5	91453	475	91216	2573303	28.14
1985-1989	47	0.00565	0.00563	0.5	90978	512	90722	2482087	27.28
1985-1989	48	0.00674	0.00672	0.5	90466	608	90162	2391365	26.43
1985-1989	49	0.00671	0.00669	0.5	89858	601	89557	2301203	25.61
1985-1989	50	0.00819	0.00816	0.5	89257	728	88893	2211646	24.78
1985-1989	51	0.00840	0.00836	0.5	88529	740	88159	2122753	23.98
1985-1989	52	0.00924	0.00920	0.5	87789	808	87385	2034594	23.18
1985-1989	53	0.01046	0.01041	0.5	86981	905	86529	1947209	22.39
1985-1989	54	0.01159	0.01153	0.5	86076	992	85580	1860681	21.62
1985-1989	55	0.01219	0.01211	0.5	85084	1031	84569	1775101	20.86
1985-1989	56	0.01332	0.01323	0.5	84053	1112	83497	1690532	20.11
1985-1989	57	0.01454	0.01444	0.5	82942	1197	82343	1607035	19.38
1985-1989	58	0.01684	0.01670	0.5	81744	1365	81062	1524692	18.65
1985-1989	59	0.01751	0.01736	0.5	80380	1395	79682	1443630	17.96
1985-1989	60	0.01935	0.01917	0.5	78984	1514	78227	1363948	17.27
1985-1989	61	0.02122	0.02099	0.5	77470	1626	76657	1285721	16.60
1985-1989	62	0.02356	0.02329	0.5	75844	1766	74961	1209064	15.94
1985-1989	63	0.02522	0.02491	0.5	74078	1845	73155	1134103	15.31
1985-1989	64	0.02651	0.02617	0.5	72232	1890	71287	1060948	14.69
1985-1989	65	0.02960	0.02917	0.5	70342	2052	69316	989661	14.07
1985-1989	66	0.03161	0.03112	0.5	68290	2125	67227	920345	13.48
1985-1989	67	0.03305	0.03252	0.5	66165	2151	65089	853117	12.89
1985-1989	68	0.03771	0.03701	0.5	64013	2369	62829	788028	12.31
1985-1989	69	0.04115	0.04032	0.5	61644	2486	60401	725199	11.76
1985-1989	70	0.04513	0.04414	0.5	59159	2611	57853	664798	11.24
1985-1989	71	0.04629	0.04525	0.5	56547	2559	55268	606945	10.73
1985-1989	72	0.05358	0.05219	0.5	53989	2817	52580	551677	10.22
1985-1989	73	0.05676	0.05519	0.5	51171	2824	49759	499096	9.75
1985-1989	74	0.06206	0.06020	0.5	48347	2910	46892	449337	9.29
1985-1989	75	0.06383	0.06186	0.5	45437	2811	44032	402445	8.86
1985-1989	76	0.07059	0.06818	0.5	42626	2906	41173	358413	8.41
1985-1989	77	0.07724	0.07437	0.5	39720	2954	38243	317240	7.99
1985-1989	78	0.08334	0.08001	0.5	36766	2942	35295	278997	7.59
1985-1989	79	0.08918	0.08537	0.5	33824	2888	32381	243702	7.20
1985-1989	80	0.09546	0.09111	0.5	30937	2819	29528	211322	6.83
1985-1989	81	0.10305	0.09800	0.5	28118	2756	26740	181794	6.47
1985-1989	82	0.11101	0.10517	0.5	25363	2667	24029	155054	6.11
1985-1989	83	0.12418	0.11692	0.5	22695	2654	21368	131025	5.77
1985-1989	84	0.13344	0.12509	0.5	20042	2507	18788	109657	5.47
1985-1989	85	0.14625	0.13628	0.5	17534	2390	16340	90869	5.18
1985-1989	86	0.15070	0.14014	0.5	15145	2122	14084	74529	4.92
1985-1989	87	0.17014	0.15680	0.5	13022	2042	12001	60445	4.64
1985-1989	88	0.17586	0.16165	0.5	10981	1775	10093	48444	4.41
1985-1989	89	0.18443	0.16886	0.5	9206	1554	8428	38351	4.17
1985-1989	90	0.20595	0.18672	0.5	7651	1429	6937	29922	3.91
1985-1989	91	0.22332	0.20089	0.5	6223	1250	5598	22986	3.69
1985-1989	92	0.23948	0.21387	0.5	4972	1063	4441	17388	3.50
1985-1989	93	0.25643	0.22729	0.5	3909	888	3465	12947	3.31
1985-1989	94	0.27415	0.24110	0.5	3021	728	2656	9483	3.14
1985-1989	95	0.29261	0.25526	0.5	2292	585	2000	6826	2.98
1985-1989	96	0.31177	0.26973	0.5	1707	460	1477	4826	2.83
1985-1989	97	0.33161	0.28444	0.5	1247	355	1069	3350	2.69
1985-1989	98	0.35206	0.29936	0.5	892	267	759	2280	2.56
1985-1989	99	0.37306	0.31442	0.5	625	197	527	1522	2.43
1985-1989	100	0.39456	0.32955	0.5	429	141	358	995	2.32
1985-1989	101	0.41647	0.34470	0.5	287	99	238	637	2.22
1985-1989	102	0.43872	0.35980	0.5	188	68	154	399	2.12
1985-1989	103	0.46122	0.37479	0.5	121	45	98	245	2.03
1985-1989	104	0.48388	0.38961	0.5	75	29	61	147	1.95
1985-1989	105	0.50660	0.40421	0.5	46	19	37	86	1.87
1985-1989	106	0.52930	0.41853	0.5	27	11	22	49	1.80
1985-1989	107	0.55187	0.43252	0.5	16	7	12	28	1.74
1985-1989	108	0.57424	0.44614	0.5	9	4	7	15	1.69
1985-1989	109	0.59630	0.45935	0.5	5	2	4	8	1.65
1985-1989	110+	0.61798	1.00000	1.62	3	3	4	4	1.62
1990-1994	0	0.01201	0.01188	0.08	100000	1188	98904	7099883	71.00
1990-1994	1	0.00090	0.00090	0.5	98812	89	98768	7000979	70.85
1990-1994	2	0.00056	0.00055	0.5	98723	55	98696	6902211	69.91
1990-1994	3	0.00038	0.00038	0.5	98668	37	98650	6803515	68.95
1990-1994	4	0.00029	0.00029	0.5	98631	28	98617	6704866	67.98
1990-1994	5	0.00029	0.00029	0.5	98603	29	98588	6606249	67.00
1990-1994	6	0.00025	0.00025	0.5	98574	25	98562	6507660	66.02
1990-1994	7	0.00023	0.00023	0.5	98550	22	98538	6409098	65.03
1990-1994	8	0.00025	0.00025	0.5	98527	25	98515	6310560	64.05
1990-1994	9	0.00022	0.00022	0.5	98502	22	98491	6212045	63.07
1990-1994	10	0.00021	0.00021	0.5	98480	21	98470	6113554	62.08
1990-1994	11	0.00028	0.00028	0.5	98460	27	98446	6015084	61.09
1990-1994	12	0.00034	0.00034	0.5	98432	33	98415	5916638	60.11
1990-1994	13	0.00042	0.00042	0.5	98399	41	98378	5818223	59.13
1990-1994	14	0.00050	0.00050	0.5	98357	49	98333	5719845	58.15
1990-1994	15	0.00065	0.00065	0.5	98308	64	98276	5621512	57.18
1990-1994	16	0.00116	0.00116	0.5	98244	114	98187	5523236	56.22
1990-1994	17	0.00129	0.00128	0.5	98130	126	98067	5425049	55.28
1990-1994	18	0.00166	0.00166	0.5	98004	163	97922	5326983	54.35
1990-1994	19	0.00169	0.00169	0.5	97841	166	97758	5229060	53.44
1990-1994	20	0.00153	0.00153	0.5	97675	149	97601	5131302	52.53
1990-1994	21	0.00148	0.00148	0.5	97526	144	97454	5033702	51.61
1990-1994	22	0.00160	0.00160	0.5	97382	156	97304	4936248	50.69
1990-1994	23	0.00163	0.00163	0.5	97226	158	97147	4838944	49.77
1990-1994	24	0.00154	0.00153	0.5	97068	149	96993	4741797	48.85
1990-1994	25	0.00151	0.00151	0.5	96919	146	96845	4644804	47.92
1990-1994	26	0.00171	0.00171	0.5	96772	165	96690	4547958	47.00
1990-1994	27	0.00193	0.00193	0.5	96607	186	96514	4451269	46.08
1990-1994	28	0.00197	0.00197	0.5	96421	190	96326	4354755	45.16
1990-1994	29	0.00200	0.00200	0.5	96231	192	96135	4258429	44.25
1990-1994	30	0.00192	0.00192	0.5	96039	184	95947	4162294	43.34
1990-1994	31	0.00232	0.00232	0.5	95855	223	95744	4066347	42.42
1990-1994	32	0.00234	0.00233	0.5	95632	223	95521	3970604	41.52
1990-1994	33	0.00239	0.00238	0.5	95409	227	95295	3875083	40.62
1990-1994	34	0.00253	0.00252	0.5	95182	240	95062	3779787	39.71
1990-1994	35	0.00262	0.00262	0.5	94942	249	94817	3684726	38.81
1990-1994	36	0.00286	0.00286	0.5	94693	271	94558	3589908	37.91
1990-1994	37	0.00290	0.00289	0.5	94422	273	94286	3495351	37.02
1990-1994	38	0.00309	0.00309	0.5	94149	291	94004	3401065	36.12
1990-1994	39	0.00310	0.00310	0.5	93859	291	93713	3307061	35.23
1990-1994	40	0.00313	0.00312	0.5	93568	292	93422	3213348	34.34
1990-1994	41	0.00350	0.00349	0.5	93275	326	93113	3119926	33.45
1990-1994	42	0.00385	0.00384	0.5	92950	357	92771	3026814	32.56
1990-1994	43	0.00399	0.00399	0.5	92592	369	92408	2934043	31.69
1990-1994	44	0.00415	0.00414	0.5	92223	382	92033	2841635	30.81
1990-1994	45	0.00459	0.00458	0.5	91842	421	91631	2749602	29.94
1990-1994	46	0.00524	0.00522	0.5	91421	478	91182	2657971	29.07
1990-1994	47	0.00557	0.00555	0.5	90944	505	90691	2566788	28.22
1990-1994	48	0.00600	0.00598	0.5	90439	541	90168	2476097	27.38
1990-1994	49	0.00617	0.00615	0.5	89898	553	89622	2385929	26.54
1990-1994	50	0.00690	0.00688	0.5	89345	614	89038	2296307	25.70
1990-1994	51	0.00765	0.00762	0.5	88731	676	88393	2207269	24.88
1990-1994	52	0.00834	0.00831	0.5	88055	732	87689	2118876	24.06
1990-1994	53	0.00934	0.00929	0.5	87323	811	86918	2031187	23.26
1990-1994	54	0.01006	0.01001	0.5	86512	866	86079	1944270	22.47
1990-1994	55	0.01093	0.01087	0.5	85646	931	85180	1858191	21.70
1990-1994	56	0.01189	0.01182	0.5	84715	1001	84214	1773011	20.93
1990-1994	57	0.01355	0.01346	0.5	83713	1127	83150	1688797	20.17
1990-1994	58	0.01540	0.01528	0.5	82586	1262	81956	1605647	19.44
1990-1994	59	0.01561	0.01549	0.5	81325	1260	80695	1523691	18.74
1990-1994	60	0.01744	0.01729	0.5	80065	1384	79373	1442996	18.02
1990-1994	61	0.01875	0.01857	0.5	78681	1461	77950	1363624	17.33
1990-1994	62	0.02130	0.02107	0.5	77219	1627	76406	1285674	16.65
1990-1994	63	0.02188	0.02165	0.5	75592	1636	74774	1209268	16.00
1990-1994	64	0.02365	0.02337	0.5	73956	1729	73092	1134494	15.34
1990-1994	65	0.02548	0.02516	0.5	72227	1817	71319	1061402	14.70
1990-1994	66	0.02835	0.02795	0.5	70410	1968	69426	990083	14.06
1990-1994	67	0.03093	0.03046	0.5	68442	2085	67400	920657	13.45
1990-1994	68	0.03443	0.03385	0.5	66358	2246	65235	853257	12.86
1990-1994	69	0.03681	0.03614	0.5	64112	2317	62953	788022	12.29
1990-1994	70	0.03970	0.03893	0.5	61794	2406	60592	725069	11.73
1990-1994	71	0.04331	0.04239	0.5	59389	2518	58130	664478	11.19
1990-1994	72	0.04541	0.04440	0.5	56871	2525	55609	606348	10.66
1990-1994	73	0.05046	0.04922	0.5	54346	2675	53009	550739	10.13
1990-1994	74	0.05377	0.05236	0.5	51671	2705	50319	497730	9.63
1990-1994	75	0.05848	0.05681	0.5	48966	2782	47575	447412	9.14
1990-1994	76	0.06473	0.06271	0.5	46184	2896	44736	399837	8.66
1990-1994	77	0.07046	0.06806	0.5	43288	2946	41815	355101	8.20
1990-1994	78	0.07593	0.07315	0.5	40342	2951	38866	313286	7.77
1990-1994	79	0.08120	0.07803	0.5	37391	2918	35932	274420	7.34
1990-1994	80	0.08979	0.08593	0.5	34473	2962	32992	238488	6.92
1990-1994	81	0.10206	0.09710	0.5	31511	3060	29981	205496	6.52
1990-1994	82	0.11031	0.10455	0.5	28451	2974	26964	175515	6.17
1990-1994	83	0.11590	0.10955	0.5	25476	2791	24081	148551	5.83
1990-1994	84	0.12742	0.11979	0.5	22685	2717	21327	124471	5.49
1990-1994	85	0.13915	0.13010	0.5	19968	2598	18669	103144	5.17
1990-1994	86	0.15489	0.14376	0.5	17370	2497	16122	84475	4.86
1990-1994	87	0.16438	0.15189	0.5	14873	2259	13743	68353	4.60
1990-1994	88	0.17813	0.16356	0.5	12614	2063	11582	54610	4.33
1990-1994	89	0.19905	0.18103	0.5	10551	1910	9596	43027	4.08
1990-1994	90	0.20654	0.18720	0.5	8641	1618	7832	33432	3.87
1990-1994	91	0.22485	0.20213	0.5	7023	1420	6313	25600	3.65
1990-1994	92	0.24206	0.21592	0.5	5604	1210	4999	19286	3.44
1990-1994	93	0.26014	0.23020	0.5	4394	1011	3888	14288	3.25
1990-1994	94	0.27908	0.24490	0.5	3382	828	2968	10400	3.07
1990-1994	95	0.29883	0.25999	0.5	2554	664	2222	7432	2.91
1990-1994	96	0.31937	0.27540	0.5	1890	520	1630	5210	2.76
1990-1994	97	0.34063	0.29106	0.5	1369	399	1170	3580	2.61
1990-1994	98	0.36256	0.30692	0.5	971	298	822	2410	2.48
1990-1994	99	0.38507	0.32290	0.5	673	217	564	1588	2.36
1990-1994	100	0.40808	0.33893	0.5	456	154	378	1024	2.25
1990-1994	101	0.43151	0.35493	0.5	301	107	248	645	2.14
1990-1994	102	0.45524	0.37083	0.5	194	72	158	398	2.05
1990-1994	103	0.47918	0.38657	0.5	122	47	99	239	1.96
1990-1994	104	0.50322	0.40206	0.5	75	30	60	141	1.88
1990-1994	105	0.52724	0.41725	0.5	45	19	35	81	1.80
1990-1994	106	0.55114	0.43207	0.5	26	11	20	45	1.74
1990-1994	107	0.57480	0.44648	0.5	15	7	12	25	1.67
1990-1994	108	0.59812	0.46043	0.5	8	4	6	13	1.62
1990-1994	109	0.62101	0.47387	0.5	4	2	3	7	1.58
1990-1994	110+	0.64337	1.00000	1.55	2	2	4	4	1.55
1995-1999	0	0.01069	0.01059	0.07	100000	1059	99019	7211342	72.11
1995-1999	1	0.00059	0.00059	0.5	98941	59	98912	7112323	71.88
1995-1999	2	0.00039	0.00039	0.5	98882	39	98863	7013411	70.93
1995-1999	3	0.00034	0.00034	0.5	98843	34	98827	6914549	69.95
1995-1999	4	0.00026	0.00026	0.5	98810	26	98797	6815722	68.98
1995-1999	5	0.00026	0.00026	0.5	98784	26	98771	6716925	68.00
1995-1999	6	0.00019	0.00019	0.5	98758	19	98749	6618154	67.01
1995-1999	7	0.00026	0.00026	0.5	98739	25	98727	6519406	66.03
1995-1999	8	0.00026	0.00026	0.5	98714	25	98701	6420679	65.04
1995-1999	9	0.00025	0.00025	0.5	98689	25	98676	6321978	64.06
1995-1999	10	0.00020	0.00020	0.5	98664	19	98654	6223301	63.08
1995-1999	11	0.00026	0.00026	0.5	98645	26	98632	6124647	62.09
1995-1999	12	0.00028	0.00028	0.5	98619	27	98606	6026015	61.10
1995-1999	13	0.00036	0.00036	0.5	98592	35	98574	5927410	60.12
1995-1999	14	0.00050	0.00050	0.5	98557	50	98532	5828835	59.14
1995-1999	15	0.00061	0.00061	0.5	98507	60	98477	5730303	58.17
1995-1999	16	0.00102	0.00102	0.5	98447	101	98397	5631826	57.21
1995-1999	17	0.00120	0.00120	0.5	98347	118	98288	5533429	56.26
1995-1999	18	0.00144	0.00144	0.5	98228	141	98158	5435141	55.33
1995-1999	19	0.00147	0.00147	0.5	98087	144	98015	5336984	54.41
1995-1999	20	0.00157	0.00157	0.5	97943	154	97866	5238968	53.49
1995-1999	21	0.00162	0.00162	0.5	97789	158	97711	5141102	52.57
1995-1999	22	0.00149	0.00149	0.5	97632	145	97559	5043392	51.66
1995-1999	23	0.00138	0.00138	0.5	97486	135	97419	4945833	50.73
1995-1999	24	0.00152	0.00151	0.5	97351	147	97278	4848414	49.80
1995-1999	25	0.00140	0.00140	0.5	97204	136	97136	4751136	48.88
1995-1999	26	0.00131	0.00131	0.5	97068	127	97005	4654001	47.95
1995-1999	27	0.00138	0.00138	0.5	96941	134	96874	4556996	47.01
1995-1999	28	0.00144	0.00144	0.5	96807	140	96737	4460122	46.07
1995-1999	29	0.00152	0.00152	0.5	96668	147	96594	4363384	45.14
1995-1999	30	0.00168	0.00168	0.5	96521	162	96440	4266790	44.21
1995-1999	31	0.00179	0.00179	0.5	96359	172	96273	4170350	43.28
1995-1999	32	0.00184	0.00184	0.5	96186	177	96098	4074078	42.36
1995-1999	33	0.00205	0.00205	0.5	96010	197	95911	3977980	41.43
1995-1999	34	0.00215	0.00215	0.5	95813	206	95710	3882068	40.52
1995-1999	35	0.00227	0.00227	0.5	95607	217	95499	3786358	39.60
1995-1999	36	0.00238	0.00238	0.5	95390	227	95277	3690859	38.69
1995-1999	37	0.00250	0.00249	0.5	95163	237	95045	3595583	37.78
1995-1999	38	0.00284	0.00283	0.5	94926	269	94792	3500538	36.88
1995-1999	39	0.00272	0.00272	0.5	94657	258	94528	3405746	35.98
1995-1999	40	0.00298	0.00297	0.5	94400	281	94259	3311218	35.08
1995-1999	41	0.00326	0.00325	0.5	94119	306	93966	3216958	34.18
1995-1999	42	0.00348	0.00347	0.5	93813	326	93650	3122992	33.29
1995-1999	43	0.00373	0.00373	0.5	93487	348	93313	3029342	32.40
1995-1999	44	0.00399	0.00398	0.5	93139	371	92953	2936029	31.52
1995-1999	45	0.00453	0.00452	0.5	92768	419	92558	2843075	30.65
1995-1999	46	0.00468	0.00467	0.5	92349	431	92133	2750517	29.78
1995-1999	47	0.00538	0.00536	0.5	91918	493	91671	2658384	28.92
1995-1999	48	0.00552	0.00551	0.5	91425	503	91173	2566712	28.07
1995-1999	49	0.00560	0.00558	0.5	90922	507	90668	2475539	27.23
1995-1999	50	0.00653	0.00651	0.5	90414	589	90120	2384871	26.38
1995-1999	51	0.00699	0.00697	0.5	89825	626	89512	2294751	25.55
1995-1999	52	0.00753	0.00750	0.5	89199	669	88865	2205238	24.72
1995-1999	53	0.00839	0.00836	0.5	88531	740	88161	2116374	23.91
1995-1999	54	0.00888	0.00884	0.5	87790	776	87402	2028213	23.10
1995-1999	55	0.00954	0.00949	0.5	87014	826	86602	1940811	22.30
1995-1999	56	0.01072	0.01066	0.5	86189	919	85729	1854209	21.51
1995-1999	57	0.01166	0.01159	0.5	85270	988	84775	1768480	20.74
1995-1999	58	0.01314	0.01305	0.5	84281	1100	83731	1683704	19.98
1995-1999	59	0.01401	0.01391	0.5	83181	1157	82603	1599973	19.23
1995-1999	60	0.01512	0.01501	0.5	82024	1231	81408	1517371	18.50
1995-1999	61	0.01783	0.01768	0.5	80793	1428	80079	1435962	17.77
1995-1999	62	0.01939	0.01921	0.5	79365	1524	78603	1355883	17.08
1995-1999	63	0.02053	0.02032	0.5	77840	1582	77049	1277281	16.41
1995-1999	64	0.02148	0.02125	0.5	76258	1621	75448	1200232	15.74
1995-1999	65	0.02387	0.02359	0.5	74638	1761	73757	1124784	15.07
1995-1999	66	0.02568	0.02536	0.5	72877	1848	71953	1051026	14.42
1995-1999	67	0.02728	0.02692	0.5	71029	1912	70073	979073	13.78
1995-1999	68	0.03100	0.03053	0.5	69117	2110	68062	909000	13.15
1995-1999	69	0.03413	0.03356	0.5	67007	2249	65883	840938	12.55
1995-1999	70	0.03663	0.03597	0.5	64759	2329	63594	775055	11.97
1995-1999	71	0.04001	0.03923	0.5	62429	2449	61205	711461	11.40
1995-1999	72	0.04344	0.04251	0.5	59980	2550	58705	650256	10.84
1995-1999	73	0.04571	0.04468	0.5	57430	2566	56147	591551	10.30
1995-1999	74	0.05191	0.05060	0.5	54864	2776	53476	535404	9.76
1995-1999	75	0.05474	0.05328	0.5	52088	2775	50701	481928	9.25
1995-1999	76	0.06227	0.06039	0.5	49313	2978	47824	431227	8.74
1995-1999	77	0.06804	0.06581	0.5	46335	3049	44810	383403	8.27
1995-1999	78	0.07303	0.07046	0.5	43286	3050	41761	338593	7.82
1995-1999	79	0.07641	0.07360	0.5	40236	2961	38755	296832	7.38
1995-1999	80	0.08783	0.08413	0.5	37275	3136	35707	258077	6.92
1995-1999	81	0.09718	0.09268	0.5	34139	3164	32557	222370	6.51
1995-1999	82	0.10373	0.09861	0.5	30975	3055	29448	189813	6.13
1995-1999	83	0.11630	0.10991	0.5	27920	3069	26386	160366	5.74
1995-1999	84	0.13079	0.12277	0.5	24851	3051	23326	133980	5.39
1995-1999	85	0.14403	0.13435	0.5	21801	2929	20336	110654	5.08
1995-1999	86	0.14875	0.13845	0.5	18872	2613	17565	90318	4.79
1995-1999	87	0.16667	0.15385	0.5	16259	2501	15008	72753	4.47
1995-1999	88	0.18215	0.16694	0.5	13757	2297	12609	57745	4.20
1995-1999	89	0.19168	0.17492	0.5	11461	2005	10458	45136	3.94
1995-1999	90	0.22105	0.19905	0.5	9456	1882	8515	34677	3.67
1995-1999	91	0.23645	0.21145	0.5	7574	1601	6773	26163	3.45
1995-1999	92	0.25626	0.22716	0.5	5972	1357	5294	19390	3.25
1995-1999	93	0.27713	0.24340	0.5	4616	1123	4054	14096	3.05
1995-1999	94	0.29901	0.26012	0.5	3492	908	3038	10042	2.88
1995-1999	95	0.32186	0.27724	0.5	2584	716	2226	7004	2.71
1995-1999	96	0.34559	0.29467	0.5	1867	550	1592	4778	2.56
1995-1999	97	0.37011	0.31231	0.5	1317	411	1111	3186	2.42
1995-1999	98	0.39532	0.33008	0.5	906	299	756	2074	2.29
1995-1999	99	0.42110	0.34786	0.5	607	211	501	1318	2.17
1995-1999	100	0.44732	0.36556	0.5	396	145	323	817	2.06
1995-1999	101	0.47383	0.38308	0.5	251	96	203	493	1.97
1995-1999	102	0.50050	0.40032	0.5	155	62	124	290	1.87
1995-1999	103	0.52716	0.41719	0.5	93	39	74	166	1.79
1995-1999	104	0.55366	0.43362	0.5	54	23	42	93	1.72
1995-1999	105	0.57987	0.44953	0.5	31	14	24	51	1.65
1995-1999	106	0.60563	0.46486	0.5	17	8	13	27	1.59
1995-1999	107	0.63082	0.47956	0.5	9	4	7	14	1.53
1995-1999	108	0.65531	0.49359	0.5	5	2	4	7	1.49
1995-1999	109	0.67901	0.50691	0.5	2	1	2	3	1.45
1995-1999	110+	0.70182	1.00000	1.42	1	1	2	2	1.42
2000-2004	0	0.00957	0.00948	0.07	100000	948	99119	7318318	73.18
2000-2004	1	0.00053	0.00053	0.5	99052	53	99025	7219200	72.88
2000-2004	2	0.00036	0.00036	0.5	98999	36	98981	7120174	71.92
2000-2004	3	0.00026	0.00026	0.5	98963	25	98950	7021193	70.95
2000-2004	4	0.00023	0.00023	0.5	98937	23	98926	6922243	69.97
2000-2004	5	0.00019	0.00019	0.5	98914	18	98905	6823317	68.98
2000-2004	6	0.00020	0.00020	0.5	98896	20	98886	6724412	67.99
2000-2004	7	0.00015	0.00015	0.5	98876	15	98869	6625526	67.01
2000-2004	8	0.00017	0.00017	0.5	98861	17	98853	6526657	66.02
2000-2004	9	0.00020	0.00020	0.5	98845	20	98835	6427804	65.03
2000-2004	10	0.00017	0.00017	0.5	98824	16	98816	6328970	64.04
2000-2004	11	0.00024	0.00024	0.5	98808	23	98796	6230154	63.05
2000-2004	12	0.00027	0.00027	0.5	98784	26	98771	6131357	62.07
2000-2004	13	0.00023	0.00023	0.5	98758	23	98747	6032586	61.08
2000-2004	14	0.00038	0.00038	0.5	98735	38	98716	5933840	60.10
2000-2004	15	0.00045	0.00045	0.5	98697	45	98675	5835124	59.12
2000-2004	16	0.00072	0.00072	0.5	98652	71	98617	5736449	58.15
2000-2004	17	0.00105	0.00105	0.5	98581	104	98529	5637832	57.19
2000-2004	18	0.00116	0.00116	0.5	98478	114	98420	5539303	56.25
2000-2004	19	0.00154	0.00154	0.5	98363	151	98288	5440882	55.31
2000-2004	20	0.00150	0.00150	0.5	98212	147	98139	5342594	54.40
2000-2004	21	0.00154	0.00154	0.5	98065	151	97990	5244456	53.48
2000-2004	22	0.00168	0.00168	0.5	97914	165	97832	5146466	52.56
2000-2004	23	0.00171	0.00171	0.5	97750	167	97666	5048634	51.65
2000-2004	24	0.00151	0.00151	0.5	97582	148	97509	4950968	50.74
2000-2004	25	0.00155	0.00155	0.5	97435	151	97359	4853460	49.81
2000-2004	26	0.00158	0.00158	0.5	97283	154	97206	4756101	48.89
2000-2004	27	0.00155	0.00155	0.5	97129	150	97054	4658894	47.97
2000-2004	28	0.00149	0.00149	0.5	96979	144	96907	4561840	47.04
2000-2004	29	0.00154	0.00154	0.5	96835	149	96760	4464933	46.11
2000-2004	30	0.00142	0.00142	0.5	96685	137	96617	4368173	45.18
2000-2004	31	0.00155	0.00154	0.5	96548	149	96473	4271557	44.24
2000-2004	32	0.00157	0.00157	0.5	96399	151	96323	4175083	43.31
2000-2004	33	0.00163	0.00163	0.5	96248	157	96169	4078760	42.38
2000-2004	34	0.00193	0.00192	0.5	96091	185	95999	3982591	41.45
2000-2004	35	0.00195	0.00195	0.5	95906	187	95813	3886592	40.52
2000-2004	36	0.00212	0.00212	0.5	95719	203	95618	3790779	39.60
2000-2004	37	0.00213	0.00213	0.5	95516	203	95414	3695162	38.69
2000-2004	38	0.00266	0.00266	0.5	95313	254	95186	3599747	37.77
2000-2004	39	0.00267	0.00266	0.5	95059	253	94933	3504561	36.87
2000-2004	40	0.00278	0.00277	0.5	94806	263	94675	3409629	35.96
2000-2004	41	0.00310	0.00310	0.5	94543	293	94397	3314954	35.06
2000-2004	42	0.00333	0.00332	0.5	94250	313	94094	3220557	34.17
2000-2004	43	0.00364	0.00363	0.5	93938	341	93767	3126463	33.28
2000-2004	44	0.00381	0.00380	0.5	93596	356	93418	3032697	32.40
2000-2004	45	0.00412	0.00411	0.5	93240	383	93049	2939278	31.52
2000-2004	46	0.00457	0.00456	0.5	92857	423	92646	2846229	30.65
2000-2004	47	0.00483	0.00482	0.5	92434	445	92212	2753584	29.79
2000-2004	48	0.00547	0.00545	0.5	91989	502	91738	2661372	28.93
2000-2004	49	0.00599	0.00598	0.5	91488	547	91214	2569633	28.09
2000-2004	50	0.00626	0.00624	0.5	90941	568	90657	2478419	27.25
2000-2004	51	0.00711	0.00708	0.5	90373	640	90053	2387762	26.42
2000-2004	52	0.00739	0.00737	0.5	89733	661	89403	2297709	25.61
2000-2004	53	0.00774	0.00771	0.5	89072	687	88728	2208306	24.79
2000-2004	54	0.00830	0.00827	0.5	88385	731	88020	2119578	23.98
2000-2004	55	0.00908	0.00904	0.5	87654	793	87258	2031558	23.18
2000-2004	56	0.00963	0.00958	0.5	86862	832	86445	1944300	22.38
2000-2004	57	0.01087	0.01081	0.5	86029	930	85564	1857855	21.60
2000-2004	58	0.01140	0.01133	0.5	85099	964	84617	1772291	20.83
2000-2004	59	0.01231	0.01223	0.5	84135	1029	83620	1687674	20.06
2000-2004	60	0.01356	0.01347	0.5	83106	1119	82546	1604054	19.30
2000-2004	61	0.01473	0.01462	0.5	81987	1199	81387	1521507	18.56
2000-2004	62	0.01650	0.01637	0.5	80788	1322	80127	1440120	17.83
2000-2004	63	0.01805	0.01789	0.5	79466	1422	78755	1359993	17.11
2000-2004	64	0.01941	0.01922	0.5	78044	1500	77294	1281239	16.42
2000-2004	65	0.02109	0.02087	0.5	76544	1598	75745	1203945	15.73
2000-2004	66	0.02371	0.02343	0.5	74946	1756	74068	1128200	15.05
2000-2004	67	0.02570	0.02537	0.5	73190	1857	72261	1054133	14.40
2000-2004	68	0.02665	0.02630	0.5	71333	1876	70394	981872	13.76
2000-2004	69	0.02995	0.02951	0.5	69456	2049	68432	911477	13.12
2000-2004	70	0.03222	0.03171	0.5	67407	2137	66338	843045	12.51
2000-2004	71	0.03544	0.03482	0.5	65270	2273	64134	776707	11.90
2000-2004	72	0.03933	0.03857	0.5	62997	2430	61782	712573	11.31
2000-2004	73	0.04173	0.04087	0.5	60567	2476	59330	650791	10.74
2000-2004	74	0.04488	0.04389	0.5	58092	2550	56817	591462	10.18
2000-2004	75	0.05044	0.04920	0.5	55542	2733	54176	534645	9.63
2000-2004	76	0.05528	0.05379	0.5	52809	2841	51389	480469	9.10
2000-2004	77	0.06218	0.06030	0.5	49968	3013	48462	429080	8.59
2000-2004	78	0.06548	0.06340	0.5	46955	2977	45467	380618	8.11
2000-2004	79	0.07424	0.07158	0.5	43978	3148	42404	335152	7.62
2000-2004	80	0.08085	0.07771	0.5	40830	3173	39244	292747	7.17
2000-2004	81	0.08834	0.08460	0.5	37657	3186	36065	253504	6.73
2000-2004	82	0.09865	0.09401	0.5	34472	3241	32851	217439	6.31
2000-2004	83	0.10873	0.10312	0.5	31231	3221	29621	184588	5.91
2000-2004	84	0.11791	0.11134	0.5	28010	3119	26451	154967	5.53
2000-2004	85	0.13024	0.12227	0.5	24892	3044	23370	128516	5.16
2000-2004	86	0.14580	0.13589	0.5	21848	2969	20364	105146	4.81
2000-2004	87	0.16547	0.15282	0.5	18879	2885	17436	84783	4.49
2000-2004	88	0.17366	0.15979	0.5	15994	2556	14716	67346	4.21
2000-2004	89	0.19249	0.17559	0.5	13438	2360	12258	52630	3.92
2000-2004	90	0.21943	0.19774	0.5	11079	2191	9983	40372	3.64
2000-2004	91	0.23576	0.21090	0.5	8888	1874	7951	30388	3.42
2000-2004	92	0.25733	0.22799	0.5	7014	1599	6214	22438	3.20
2000-2004	93	0.28015	0.24573	0.5	5415	1330	4749	16224	3.00
2000-2004	94	0.30416	0.26401	0.5	4084	1078	3545	11474	2.81
2000-2004	95	0.32929	0.28274	0.5	3006	850	2581	7930	2.64
2000-2004	96	0.35544	0.30180	0.5	2156	651	1831	5349	2.48
2000-2004	97	0.38248	0.32107	0.5	1505	483	1264	3518	2.34
2000-2004	98	0.41026	0.34043	0.5	1022	348	848	2254	2.21
2000-2004	99	0.43863	0.35974	0.5	674	242	553	1406	2.09
2000-2004	100	0.46741	0.37887	0.5	432	164	350	854	1.98
2000-2004	101	0.49641	0.39770	0.5	268	107	215	504	1.88
2000-2004	102	0.52543	0.41611	0.5	161	67	128	289	1.79
2000-2004	103	0.55428	0.43400	0.5	94	41	74	161	1.71
2000-2004	104	0.58277	0.45127	0.5	53	24	41	87	1.64
2000-2004	105	0.61071	0.46785	0.5	29	14	22	46	1.57
2000-2004	106	0.63795	0.48367	0.5	16	8	12	24	1.51
2000-2004	107	0.66433	0.49868	0.5	8	4	6	12	1.46
2000-2004	108	0.68972	0.51286	0.5	4	2	3	6	1.42
2000-2004	109	0.71402	0.52617	0.5	2	1	1	3	1.38
2000-2004	110+	0.73714	1.00000	1.36	1	1	1	1	1.36
2005-2009	0	0.00933	0.00925	0.07	100000	925	99140	7431040	74.31
2005-2009	1	0.00048	0.00048	0.5	99075	48	99052	7331899	74.00
2005-2009	2	0.00034	0.00034	0.5	99028	34	99011	7232848	73.04
2005-2009	3	0.00024	0.00024	0.5	98994	23	98982	7133837	72.06
2005-2009	4	0.00020	0.00020	0.5	98971	20	98961	7034855	71.08
2005-2009	5	0.00018	0.00018	0.5	98951	18	98942	6935894	70.09
2005-2009	6	0.00017	0.00017	0.5	98933	16	98925	6836952	69.11
2005-2009	7	0.00017	0.00017	0.5	98916	17	98908	6738027	68.12
2005-2009	8	0.00016	0.00016	0.5	98900	16	98892	6639119	67.13
2005-2009	9	0.00015	0.00015	0.5	98884	15	98876	6540227	66.14
2005-2009	10	0.00014	0.00014	0.5	98869	14	98862	6441351	65.15
2005-2009	11	0.00011	0.00011	0.5	98855	11	98849	6342489	64.16
2005-2009	12	0.00015	0.00015	0.5	98844	15	98836	6243640	63.17
2005-2009	13	0.00026	0.00026	0.5	98829	26	98816	6144804	62.18
2005-2009	14	0.00034	0.00034	0.5	98803	33	98786	6045988	61.19
2005-2009	15	0.00040	0.00040	0.5	98770	39	98750	5947202	60.21
2005-2009	16	0.00070	0.00070	0.5	98730	69	98696	5848452	59.24
2005-2009	17	0.00091	0.00091	0.5	98661	90	98616	5749756	58.28
2005-2009	18	0.00116	0.00116	0.5	98571	115	98514	5651140	57.33
2005-2009	19	0.00136	0.00136	0.5	98457	134	98390	5552626	56.40
2005-2009	20	0.00132	0.00132	0.5	98323	130	98258	5454236	55.47
2005-2009	21	0.00155	0.00155	0.5	98193	152	98117	5355979	54.55
2005-2009	22	0.00169	0.00169	0.5	98040	166	97958	5257862	53.63
2005-2009	23	0.00164	0.00164	0.5	97875	160	97795	5159904	52.72
2005-2009	24	0.00180	0.00180	0.5	97715	176	97627	5062110	51.81
2005-2009	25	0.00156	0.00156	0.5	97539	152	97463	4964483	50.90
2005-2009	26	0.00180	0.00179	0.5	97387	175	97300	4867020	49.98
2005-2009	27	0.00164	0.00164	0.5	97212	160	97133	4769720	49.06
2005-2009	28	0.00177	0.00177	0.5	97053	172	96967	4672587	48.14
2005-2009	29	0.00151	0.00150	0.5	96881	146	96808	4575620	47.23
2005-2009	30	0.00152	0.00152	0.5	96735	147	96662	4478812	46.30
2005-2009	31	0.00167	0.00167	0.5	96588	161	96507	4382151	45.37
2005-2009	32	0.00165	0.00165	0.5	96427	159	96347	4285644	44.44
2005-2009	33	0.00165	0.00165	0.5	96268	159	96188	4189296	43.52
2005-2009	34	0.00175	0.00175	0.5	96109	168	96025	4093108	42.59
2005-2009	35	0.00182	0.00182	0.5	95941	175	95853	3997083	41.66
2005-2009	36	0.00188	0.00188	0.5	95766	180	95676	3901230	40.74
2005-2009	37	0.00199	0.00199	0.5	95586	190	95491	3805554	39.81
2005-2009	38	0.00212	0.00212	0.5	95396	202	95294	3710063	38.89
2005-2009	39	0.00227	0.00226	0.5	95193	216	95085	3614769	37.97
2005-2009	40	0.00251	0.00250	0.5	94978	238	94859	3519684	37.06
2005-2009	41	0.00280	0.00280	0.5	94740	265	94607	3424825	36.15
2005-2009	42	0.00307	0.00307	0.5	94475	290	94330	3330217	35.25
2005-2009	43	0.00319	0.00318	0.5	94185	300	94035	3235887	34.36
2005-2009	44	0.00356	0.00356	0.5	93885	334	93718	3141852	33.46
2005-2009	45	0.00391	0.00390	0.5	93551	365	93369	3048134	32.58
2005-2009	46	0.00435	0.00434	0.5	93186	405	92984	2954765	31.71
2005-2009	47	0.00482	0.00481	0.5	92781	447	92558	2861781	30.84
2005-2009	48	0.00514	0.00512	0.5	92335	473	92098	2769223	29.99
2005-2009	49	0.00571	0.00569	0.5	91862	523	91600	2677124	29.14
2005-2009	50	0.00615	0.00613	0.5	91339	560	91059	2585524	28.31
2005-2009	51	0.00669	0.00667	0.5	90779	605	90476	2494465	27.48
2005-2009	52	0.00742	0.00739	0.5	90174	666	89840	2403989	26.66
2005-2009	53	0.00804	0.00801	0.5	89507	717	89149	2314149	25.85
2005-2009	54	0.00834	0.00830	0.5	88791	737	88422	2225000	25.06
2005-2009	55	0.00910	0.00905	0.5	88054	797	87655	2136577	24.26
2005-2009	56	0.00931	0.00926	0.5	87256	808	86852	2048922	23.48
2005-2009	57	0.00992	0.00987	0.5	86448	854	86021	1962070	22.70
2005-2009	58	0.01084	0.01078	0.5	85594	923	85133	1876049	21.92
2005-2009	59	0.01168	0.01161	0.5	84672	983	84180	1790916	21.15
2005-2009	60	0.01254	0.01247	0.5	83689	1043	83167	1706736	20.39
2005-2009	61	0.01335	0.01326	0.5	82645	1096	82097	1623569	19.65
2005-2009	62	0.01482	0.01471	0.5	81549	1199	80950	1541471	18.90
2005-2009	63	0.01589	0.01576	0.5	80350	1266	79717	1460522	18.18
2005-2009	64	0.01692	0.01678	0.5	79083	1327	78420	1380805	17.46
2005-2009	65	0.01821	0.01805	0.5	77757	1403	77055	1302385	16.75
2005-2009	66	0.02033	0.02012	0.5	76353	1536	75585	1225330	16.05
2005-2009	67	0.02191	0.02167	0.5	74817	1622	74006	1149745	15.37
2005-2009	68	0.02307	0.02281	0.5	73195	1670	72361	1075739	14.70
2005-2009	69	0.02443	0.02413	0.5	71526	1726	70663	1003379	14.03
2005-2009	70	0.02819	0.02780	0.5	69800	1941	68830	932716	13.36
2005-2009	71	0.03068	0.03022	0.5	67859	2050	66834	863886	12.73
2005-2009	72	0.03294	0.03241	0.5	65809	2133	64743	797052	12.11
2005-2009	73	0.03678	0.03612	0.5	63676	2300	62526	732310	11.50
2005-2009	74	0.03961	0.03884	0.5	61376	2384	60184	669784	10.91
2005-2009	75	0.04480	0.04382	0.5	58992	2585	57700	609599	10.33
2005-2009	76	0.04622	0.04517	0.5	56407	2548	55133	551899	9.78
2005-2009	77	0.05264	0.05129	0.5	53859	2762	52478	496766	9.22
2005-2009	78	0.05798	0.05635	0.5	51097	2879	49657	444288	8.70
2005-2009	79	0.06313	0.06120	0.5	48217	2951	46742	394631	8.18
2005-2009	80	0.07000	0.06763	0.5	45266	3061	43736	347890	7.69
2005-2009	81	0.07714	0.07427	0.5	42205	3135	40638	304154	7.21
2005-2009	82	0.08727	0.08362	0.5	39070	3267	37437	263516	6.74
2005-2009	83	0.09287	0.08875	0.5	35803	3178	34214	226080	6.31
2005-2009	84	0.10949	0.10380	0.5	32625	3387	30932	191865	5.88
2005-2009	85	0.11670	0.11026	0.5	29239	3224	27627	160933	5.50
2005-2009	86	0.13088	0.12284	0.5	26015	3196	24417	133306	5.12
2005-2009	87	0.14341	0.13382	0.5	22819	3054	21292	108889	4.77
2005-2009	88	0.16004	0.14818	0.5	19766	2929	18301	87597	4.43
2005-2009	89	0.18203	0.16684	0.5	16837	2809	15432	69296	4.12
2005-2009	90	0.20073	0.18242	0.5	14028	2559	12748	53864	3.84
2005-2009	91	0.21487	0.19403	0.5	11469	2225	10356	41115	3.58
2005-2009	92	0.24982	0.22208	0.5	9243	2053	8217	30759	3.33
2005-2009	93	0.26234	0.23192	0.5	7191	1668	6357	22542	3.13
2005-2009	94	0.28641	0.25053	0.5	5523	1384	4831	16185	2.93
2005-2009	95	0.31174	0.26970	0.5	4139	1116	3581	11354	2.74
2005-2009	96	0.33826	0.28933	0.5	3023	875	2586	7773	2.57
2005-2009	97	0.36584	0.30927	0.5	2148	664	1816	5187	2.41
2005-2009	98	0.39432	0.32938	0.5	1484	489	1240	3371	2.27
2005-2009	99	0.42354	0.34952	0.5	995	348	821	2132	2.14
2005-2009	100	0.45330	0.36954	0.5	647	239	528	1310	2.02
2005-2009	101	0.48340	0.38931	0.5	408	159	329	783	1.92
2005-2009	102	0.51363	0.40867	0.5	249	102	198	454	1.82
2005-2009	103	0.54375	0.42752	0.5	147	63	116	256	1.73
2005-2009	104	0.57356	0.44573	0.5	84	38	66	140	1.66
2005-2009	105	0.60284	0.46322	0.5	47	22	36	74	1.59
2005-2009	106	0.63140	0.47990	0.5	25	12	19	38	1.52
2005-2009	107	0.65907	0.49572	0.5	13	6	10	19	1.47
2005-2009	108	0.68570	0.51063	0.5	7	3	5	9	1.42
2005-2009	109	0.71116	0.52462	0.5	3	2	2	4	1.38
2005-2009	110+	0.73535	1.00000	1.36	2	2	2	2	1.36
2010-2014	0	0.00786	0.00780	0.07	100000	780	99271	7541290	75.41
2010-2014	1	0.00048	0.00048	0.5	99220	47	99196	7442019	75.01
2010-2014	2	0.00034	0.00034	0.5	99173	34	99156	7342823	74.04
2010-2014	3	0.00026	0.00026	0.5	99139	25	99126	7243667	73.07
2010-2014	4	0.00017	0.00017	0.5	99113	17	99105	7144541	72.08
2010-2014	5	0.00018	0.00018	0.5	99096	17	99088	7045436	71.10
2010-2014	6	0.00013	0.00013	0.5	99079	13	99073	6946348	70.11
2010-2014	7	0.00014	0.00014	0.5	99066	14	99059	6847275	69.12
2010-2014	8	0.00012	0.00012	0.5	99052	12	99046	6748216	68.13
2010-2014	9	0.00013	0.00013	0.5	99041	13	99034	6649170	67.14
2010-2014	10	0.00013	0.00013	0.5	99028	13	99021	6550136	66.14
2010-2014	11	0.00016	0.00016	0.5	99015	16	99007	6451114	65.15
2010-2014	12	0.00015	0.00015	0.5	98999	15	98991	6352108	64.16
2010-2014	13	0.00019	0.00019	0.5	98984	19	98975	6253116	63.17
2010-2014	14	0.00028	0.00028	0.5	98965	28	98951	6154142	62.18
2010-2014	15	0.00030	0.00030	0.5	98937	30	98922	6055191	61.20
2010-2014	16	0.00057	0.00057	0.5	98908	56	98880	5956268	60.22
2010-2014	17	0.00073	0.00073	0.5	98852	72	98816	5857389	59.25
2010-2014	18	0.00101	0.00101	0.5	98780	100	98730	5758573	58.30
2010-2014	19	0.00100	0.00100	0.5	98680	99	98630	5659843	57.36
2010-2014	20	0.00110	0.00109	0.5	98581	108	98527	5561213	56.41
2010-2014	21	0.00126	0.00126	0.5	98473	124	98411	5462686	55.47
2010-2014	22	0.00131	0.00131	0.5	98349	129	98284	5364275	54.54
2010-2014	23	0.00129	0.00129	0.5	98220	127	98157	5265991	53.61
2010-2014	24	0.00135	0.00135	0.5	98093	132	98027	5167834	52.68
2010-2014	25	0.00138	0.00138	0.5	97961	135	97893	5069807	51.75
2010-2014	26	0.00155	0.00155	0.5	97826	151	97750	4971914	50.82
2010-2014	27	0.00140	0.00140	0.5	97675	137	97606	4874164	49.90
2010-2014	28	0.00145	0.00145	0.5	97538	141	97467	4776558	48.97
2010-2014	29	0.00157	0.00157	0.5	97396	153	97320	4679090	48.04
2010-2014	30	0.00148	0.00148	0.5	97244	144	97172	4581770	47.12
2010-2014	31	0.00169	0.00168	0.5	97100	164	97018	4484599	46.19
2010-2014	32	0.00155	0.00154	0.5	96936	150	96861	4387581	45.26
2010-2014	33	0.00170	0.00170	0.5	96787	164	96704	4290719	44.33
2010-2014	34	0.00162	0.00162	0.5	96622	157	96544	4194015	43.41
2010-2014	35	0.00164	0.00164	0.5	96466	158	96387	4097471	42.48
2010-2014	36	0.00165	0.00164	0.5	96307	158	96228	4001084	41.54
2010-2014	37	0.00191	0.00191	0.5	96149	183	96057	3904856	40.61
2010-2014	38	0.00184	0.00184	0.5	95966	177	95877	3808798	39.69
2010-2014	39	0.00203	0.00202	0.5	95789	194	95692	3712921	38.76
2010-2014	40	0.00216	0.00216	0.5	95595	206	95492	3617229	37.84
2010-2014	41	0.00238	0.00238	0.5	95389	227	95275	3521737	36.92
2010-2014	42	0.00255	0.00254	0.5	95162	242	95041	3426462	36.01
2010-2014	43	0.00283	0.00283	0.5	94920	269	94785	3331421	35.10
2010-2014	44	0.00310	0.00310	0.5	94651	293	94505	3236635	34.20
2010-2014	45	0.00328	0.00328	0.5	94358	309	94204	3142131	33.30
2010-2014	46	0.00400	0.00399	0.5	94049	375	93861	3047927	32.41
2010-2014	47	0.00421	0.00420	0.5	93673	393	93477	2954066	31.54
2010-2014	48	0.00457	0.00456	0.5	93280	426	93068	2860589	30.67
2010-2014	49	0.00502	0.00500	0.5	92855	465	92622	2767521	29.80
2010-2014	50	0.00585	0.00584	0.5	92390	539	92120	2674899	28.95
2010-2014	51	0.00624	0.00622	0.5	91851	571	91565	2582779	28.12
2010-2014	52	0.00667	0.00665	0.5	91279	607	90976	2491213	27.29
2010-2014	53	0.00751	0.00748	0.5	90673	678	90334	2400237	26.47
2010-2014	54	0.00780	0.00777	0.5	89994	699	89645	2309904	25.67
2010-2014	55	0.00842	0.00839	0.5	89295	749	88921	2220259	24.86
2010-2014	56	0.00951	0.00946	0.5	88546	838	88127	2131338	24.07
2010-2014	57	0.01007	0.01002	0.5	87709	879	87269	2043211	23.30
2010-2014	58	0.01093	0.01087	0.5	86829	944	86358	1955942	22.53
2010-2014	59	0.01162	0.01155	0.5	85886	992	85390	1869584	21.77
2010-2014	60	0.01237	0.01229	0.5	84894	1043	84372	1784194	21.02
2010-2014	61	0.01322	0.01313	0.5	83850	1101	83300	1699822	20.27
2010-2014	62	0.01386	0.01376	0.5	82749	1139	82180	1616522	19.54
2010-2014	63	0.01515	0.01504	0.5	81610	1227	80996	1534342	18.80
2010-2014	64	0.01626	0.01613	0.5	80383	1297	79734	1453346	18.08
2010-2014	65	0.01740	0.01725	0.5	79086	1364	78404	1373612	17.37
2010-2014	66	0.01869	0.01851	0.5	77722	1439	77003	1295208	16.66
2010-2014	67	0.02031	0.02010	0.5	76283	1533	75516	1218205	15.97
2010-2014	68	0.02169	0.02146	0.5	74750	1604	73948	1142689	15.29
2010-2014	69	0.02386	0.02358	0.5	73146	1725	72283	1068741	14.61
2010-2014	70	0.02529	0.02498	0.5	71421	1784	70529	996458	13.95
2010-2014	71	0.02802	0.02764	0.5	69637	1924	68675	925929	13.30
2010-2014	72	0.03098	0.03051	0.5	67712	2066	66680	857254	12.66
2010-2014	73	0.03428	0.03370	0.5	65647	2212	64541	790574	12.04
2010-2014	74	0.03601	0.03537	0.5	63434	2244	62313	726034	11.45
2010-2014	75	0.04002	0.03923	0.5	61191	2401	59990	663721	10.85
2010-2014	76	0.04379	0.04285	0.5	58790	2519	57530	603731	10.27
2010-2014	77	0.04768	0.04657	0.5	56271	2620	54961	546200	9.71
2010-2014	78	0.05280	0.05145	0.5	53651	2760	52270	491240	9.16
2010-2014	79	0.05769	0.05608	0.5	50890	2854	49464	438969	8.63
2010-2014	80	0.06289	0.06098	0.5	48037	2929	46572	389506	8.11
2010-2014	81	0.06898	0.06668	0.5	45108	3008	43604	342934	7.60
2010-2014	82	0.07885	0.07586	0.5	42100	3194	40503	299330	7.11
2010-2014	83	0.08378	0.08041	0.5	38906	3128	37342	258827	6.65
2010-2014	84	0.09738	0.09286	0.5	35778	3322	34117	221485	6.19
2010-2014	85	0.10655	0.10116	0.5	32455	3283	30814	187368	5.77
2010-2014	86	0.12012	0.11331	0.5	29172	3306	27519	156554	5.37
2010-2014	87	0.13469	0.12619	0.5	25867	3264	24235	129035	4.99
2010-2014	88	0.14888	0.13857	0.5	22603	3132	21037	104800	4.64
2010-2014	89	0.16347	0.15112	0.5	19471	2942	17999	83764	4.30
2010-2014	90	0.18354	0.16811	0.5	16528	2779	15139	65764	3.98
2010-2014	91	0.21204	0.19171	0.5	13750	2636	12432	50625	3.68
2010-2014	92	0.23386	0.20938	0.5	11114	2327	9950	38194	3.44
2010-2014	93	0.25157	0.22346	0.5	8787	1964	7805	28243	3.21
2010-2014	94	0.27617	0.24266	0.5	6823	1656	5995	20438	3.00
2010-2014	95	0.30219	0.26253	0.5	5167	1357	4489	14443	2.79
2010-2014	96	0.32956	0.28293	0.5	3811	1078	3272	9954	2.61
2010-2014	97	0.35812	0.30374	0.5	2733	830	2318	6682	2.45
2010-2014	98	0.38774	0.32477	0.5	1903	618	1594	4364	2.29
2010-2014	99	0.41820	0.34588	0.5	1285	444	1063	2771	2.16
2010-2014	100	0.44931	0.36689	0.5	840	308	686	1708	2.03
2010-2014	101	0.48081	0.38763	0.5	532	206	429	1022	1.92
2010-2014	102	0.51247	0.40794	0.5	326	133	259	593	1.82
2010-2014	103	0.54403	0.42769	0.5	193	83	152	334	1.73
2010-2014	104	0.57524	0.44675	0.5	110	49	86	182	1.65
2010-2014	105	0.60586	0.46500	0.5	61	28	47	96	1.58
2010-2014	106	0.63567	0.48236	0.5	33	16	25	49	1.51
2010-2014	107	0.66448	0.49877	0.5	17	8	13	25	1.46
2010-2014	108	0.69211	0.51418	0.5	8	4	6	12	1.41
2010-2014	109	0.71843	0.52856	0.5	4	2	3	6	1.37
2010-2014	110+	0.74333	1.00000	1.35	2	2	3	3	1.35
2015-2019	0	0.00757	0.00751	0.07	100000	751	99298	7535800	75.36
2015-2019	1	0.00047	0.00047	0.5	99249	47	99225	7436503	74.93
2015-2019	2	0.00032	0.00032	0.5	99202	32	99186	7337277	73.96
2015-2019	3	0.00022	0.00022	0.5	99170	22	99159	7238091	72.99
2015-2019	4	0.00021	0.00021	0.5	99149	21	99138	7138932	72.00
2015-2019	5	0.00018	0.00018	0.5	99128	18	99119	7039794	71.02
2015-2019	6	0.00014	0.00014	0.5	99109	14	99102	6940675	70.03
2015-2019	7	0.00015	0.00015	0.5	99095	15	99088	6841573	69.04
2015-2019	8	0.00011	0.00011	0.5	99080	11	99075	6742485	68.05
2015-2019	9	0.00013	0.00013	0.5	99069	13	99063	6643410	67.06
2015-2019	10	0.00016	0.00016	0.5	99057	16	99049	6544347	66.07
2015-2019	11	0.00013	0.00013	0.5	99041	13	99035	6445298	65.08
2015-2019	12	0.00015	0.00015	0.5	99028	15	99021	6346264	64.09
2015-2019	13	0.00023	0.00023	0.5	99013	22	99002	6247243	63.09
2015-2019	14	0.00025	0.00025	0.5	98991	25	98979	6148241	62.11
2015-2019	15	0.00033	0.00033	0.5	98966	32	98950	6049262	61.12
2015-2019	16	0.00052	0.00052	0.5	98934	51	98908	5950312	60.14
2015-2019	17	0.00065	0.00065	0.5	98883	65	98851	5851403	59.18
2015-2019	18	0.00103	0.00103	0.5	98818	101	98768	5752553	58.21
2015-2019	19	0.00107	0.00107	0.5	98717	106	98664	5653785	57.27
2015-2019	20	0.00111	0.00111	0.5	98611	109	98557	5555121	56.33
2015-2019	21	0.00141	0.00141	0.5	98502	139	98433	5456565	55.40
2015-2019	22	0.00155	0.00155	0.5	98364	153	98287	5358132	54.47
2015-2019	23	0.00145	0.00145	0.5	98211	142	98140	5259844	53.56
2015-2019	24	0.00168	0.00168	0.5	98069	164	97987	5161704	52.63
2015-2019	25	0.00164	0.00164	0.5	97904	161	97824	5063718	51.72
2015-2019	26	0.00176	0.00176	0.5	97744	172	97658	4965893	50.81
2015-2019	27	0.00184	0.00183	0.5	97572	179	97482	4868236	49.89
2015-2019	28	0.00196	0.00195	0.5	97393	190	97298	4770753	48.98
2015-2019	29	0.00191	0.00191	0.5	97202	185	97110	4673456	48.08
2015-2019	30	0.00195	0.00194	0.5	97017	189	96923	4576346	47.17
2015-2019	31	0.00210	0.00210	0.5	96829	203	96727	4479423	46.26
2015-2019	32	0.00202	0.00201	0.5	96625	195	96528	4382696	45.36
2015-2019	33	0.00217	0.00217	0.5	96431	209	96326	4286168	44.45
2015-2019	34	0.00215	0.00215	0.5	96222	207	96118	4189842	43.54
2015-2019	35	0.00222	0.00222	0.5	96015	213	95908	4093723	42.64
2015-2019	36	0.00239	0.00238	0.5	95802	228	95688	3997815	41.73
2015-2019	37	0.00249	0.00249	0.5	95573	238	95455	3902128	40.83
2015-2019	38	0.00253	0.00253	0.5	95336	241	95215	3806673	39.93
2015-2019	39	0.00258	0.00258	0.5	95095	245	94972	3711458	39.03
2015-2019	40	0.00282	0.00282	0.5	94850	267	94716	3616486	38.13
2015-2019	41	0.00268	0.00268	0.5	94583	253	94456	3521769	37.23
2015-2019	42	0.00280	0.00280	0.5	94329	264	94197	3427314	36.33
2015-2019	43	0.00302	0.00302	0.5	94065	284	93924	3333116	35.43
2015-2019	44	0.00325	0.00324	0.5	93782	304	93630	3239193	34.54
2015-2019	45	0.00321	0.00321	0.5	93478	300	93328	3145563	33.65
2015-2019	46	0.00369	0.00368	0.5	93178	343	93007	3052235	32.76
2015-2019	47	0.00405	0.00404	0.5	92835	375	92647	2959229	31.88
2015-2019	48	0.00431	0.00430	0.5	92460	397	92261	2866581	31.00
2015-2019	49	0.00474	0.00473	0.5	92062	435	91845	2774320	30.14
2015-2019	50	0.00534	0.00532	0.5	91627	488	91383	2682476	29.28
2015-2019	51	0.00579	0.00577	0.5	91140	526	90877	2591092	28.43
2015-2019	52	0.00642	0.00640	0.5	90613	580	90323	2500216	27.59
2015-2019	53	0.00686	0.00683	0.5	90033	615	89726	2409892	26.77
2015-2019	54	0.00790	0.00787	0.5	89418	704	89066	2320166	25.95
2015-2019	55	0.00859	0.00855	0.5	88714	759	88335	2231100	25.15
2015-2019	56	0.00935	0.00931	0.5	87956	818	87547	2142764	24.36
2015-2019	57	0.01007	0.01002	0.5	87137	873	86701	2055218	23.59
2015-2019	58	0.01100	0.01094	0.5	86264	944	85792	1968517	22.82
2015-2019	59	0.01171	0.01164	0.5	85321	993	84824	1882724	22.07
2015-2019	60	0.01291	0.01283	0.5	84327	1082	83786	1797900	21.32
2015-2019	61	0.01363	0.01354	0.5	83246	1127	82682	1714114	20.59
2015-2019	62	0.01476	0.01465	0.5	82119	1203	81517	1631432	19.87
2015-2019	63	0.01574	0.01562	0.5	80915	1264	80284	1549915	19.15
2015-2019	64	0.01692	0.01678	0.5	79652	1336	78984	1469631	18.45
2015-2019	65	0.01712	0.01697	0.5	78316	1329	77651	1390648	17.76
2015-2019	66	0.01847	0.01830	0.5	76987	1409	76282	1312996	17.05
2015-2019	67	0.02009	0.01989	0.5	75578	1503	74826	1236714	16.36
2015-2019	68	0.02136	0.02113	0.5	74075	1565	73292	1161888	15.69
2015-2019	69	0.02245	0.02220	0.5	72509	1610	71704	1088596	15.01
2015-2019	70	0.02438	0.02409	0.5	70899	1708	70045	1016892	14.34
2015-2019	71	0.02646	0.02612	0.5	69191	1807	68288	946847	13.68
2015-2019	72	0.02908	0.02866	0.5	67384	1931	66419	878559	13.04
2015-2019	73	0.03155	0.03106	0.5	65453	2033	64436	812141	12.41
2015-2019	74	0.03532	0.03471	0.5	63420	2201	62319	747704	11.79
2015-2019	75	0.03818	0.03747	0.5	61219	2294	60072	685385	11.20
2015-2019	76	0.04122	0.04039	0.5	58925	2380	57735	625313	10.61
2015-2019	77	0.04531	0.04430	0.5	56545	2505	55293	567578	10.04
2015-2019	78	0.04935	0.04816	0.5	54040	2603	52739	512285	9.48
2015-2019	79	0.05448	0.05304	0.5	51437	2728	50073	459547	8.93
2015-2019	80	0.06165	0.05981	0.5	48709	2913	47253	409473	8.41
2015-2019	81	0.06664	0.06449	0.5	45796	2953	44319	362221	7.91
2015-2019	82	0.07201	0.06951	0.5	42843	2978	41354	317902	7.42
2015-2019	83	0.08025	0.07715	0.5	39865	3076	38327	276548	6.94
2015-2019	84	0.08817	0.08444	0.5	36789	3107	35236	238221	6.48
2015-2019	85	0.09896	0.09429	0.5	33682	3176	32094	202985	6.03
2015-2019	86	0.11141	0.10553	0.5	30506	3219	28897	170891	5.60
2015-2019	87	0.12476	0.11743	0.5	27287	3204	25685	141994	5.20
2015-2019	88	0.14256	0.13307	0.5	24083	3205	22480	116309	4.83
2015-2019	89	0.15586	0.14459	0.5	20878	3019	19369	93829	4.49
2015-2019	90	0.17588	0.16166	0.5	17859	2887	16416	74460	4.17
2015-2019	91	0.19354	0.17646	0.5	14972	2642	13651	58045	3.88
2015-2019	92	0.21606	0.19499	0.5	12330	2404	11128	44394	3.60
2015-2019	93	0.23815	0.21281	0.5	9926	2112	8870	33266	3.35
2015-2019	94	0.26175	0.23146	0.5	7813	1808	6909	24396	3.12
2015-2019	95	0.28681	0.25084	0.5	6005	1506	5252	17487	2.91
2015-2019	96	0.31325	0.27083	0.5	4499	1218	3889	12235	2.72
2015-2019	97	0.34096	0.29130	0.5	3280	956	2803	8346	2.54
2015-2019	98	0.36980	0.31210	0.5	2325	726	1962	5543	2.38
2015-2019	99	0.39961	0.33306	0.5	1599	533	1333	3581	2.24
2015-2019	100	0.43017	0.35403	0.5	1067	378	878	2248	2.11
2015-2019	101	0.46128	0.37483	0.5	689	258	560	1371	1.99
2015-2019	102	0.49269	0.39531	0.5	431	170	346	811	1.88
2015-2019	103	0.52416	0.41531	0.5	260	108	206	465	1.79
2015-2019	104	0.55544	0.43471	0.5	152	66	119	259	1.70
2015-2019	105	0.58628	0.45338	0.5	86	39	67	140	1.62
2015-2019	106	0.61647	0.47122	0.5	47	22	36	73	1.55
2015-2019	107	0.64578	0.48816	0.5	25	12	19	37	1.49
2015-2019	108	0.67403	0.50413	0.5	13	6	10	18	1.44
2015-2019	109	0.70108	0.51911	0.5	6	3	5	9	1.40
2015-2019	110+	0.72679	1.00000	1.38	3	3	4	4	1.38
