IN: Indiana, Lifetables (period 5x1), Males Last modified: 20 Dec 2020, MPv5 (May07) 

Year	Age	mx	qx	ax	lx	dx	Lx	Tx	ex
1959	0	0.02718	0.02655	0.12	100000	2655	97658	6744990	67.45
1959	1-4	0.00097	0.00388	1.59	97345	377	388471	6647331	68.29
1959	5-9	0.00051	0.00253	2.35	96968	246	484190	6258861	64.55
1959	10-14	0.00057	0.00285	2.65	96722	276	482965	5774670	59.70
1959	15-19	0.00140	0.00697	2.9	96447	672	480823	5291705	54.87
1959	20-24	0.00170	0.00846	2.63	95774	811	476947	4810882	50.23
1959	25-29	0.00154	0.00766	2.45	94964	727	472967	4333935	45.64
1959	30-34	0.00176	0.00875	2.67	94237	825	469264	3860969	40.97
1959	35-39	0.00245	0.01216	2.64	93412	1136	464383	3391705	36.31
1959	40-44	0.00444	0.02197	2.77	92276	2027	456852	2927322	31.72
1959	45-49	0.00707	0.03480	2.69	90249	3141	443991	2470470	27.37
1959	50-54	0.01170	0.05697	2.68	87108	4962	424044	2026479	23.26
1959	55-59	0.01757	0.08438	2.64	82146	6931	394388	1602435	19.51
1959	60-64	0.02720	0.12777	2.63	75215	9610	353303	1208047	16.06
1959	65-69	0.03924	0.17965	2.65	65604	11786	300364	854745	13.03
1959	70-74	0.05809	0.25389	2.52	53819	13664	235234	554380	10.30
1959	75-79	0.08814	0.36100	2.5	40155	14496	164467	319146	7.95
1959	80-84	0.12855	0.48237	2.41	25659	12377	96282	154679	6.03
1959	85-89	0.20113	0.64961	2.27	13282	8628	42896	58397	4.40
1959	90-94	0.27842	0.76991	2.1	4654	3583	12869	15500	3.33
1959	95-99	0.39480	0.87748	1.83	1071	940	2380	2631	2.46
1959	100-104	0.51562	0.93734	1.61	131	123	238	251	1.92
1959	105-109	0.63541	0.96787	1.41	8	8	13	13	1.57
1959	110+	0.72726	1.00000	1.38	0	0	0	0	1.38
1960	0	0.02810	0.02742	0.12	100000	2742	97588	6712228	67.12
1960	1-4	0.00104	0.00415	1.6	97258	403	388063	6614640	68.01
1960	5-9	0.00062	0.00311	2.41	96854	301	483491	6226577	64.29
1960	10-14	0.00056	0.00280	2.49	96553	270	482087	5743086	59.48
1960	15-19	0.00130	0.00647	2.89	96283	623	480102	5260999	54.64
1960	20-24	0.00183	0.00910	2.44	95660	870	476066	4780897	49.98
1960	25-29	0.00156	0.00775	2.45	94789	735	472076	4304831	45.41
1960	30-34	0.00173	0.00863	2.63	94055	812	468347	3832755	40.75
1960	35-39	0.00280	0.01392	2.66	93243	1298	463178	3364408	36.08
1960	40-44	0.00422	0.02089	2.7	91944	1921	455297	2901230	31.55
1960	45-49	0.00698	0.03434	2.74	90023	3091	443141	2445933	27.17
1960	50-54	0.01195	0.05812	2.67	86932	5053	422878	2002792	23.04
1960	55-59	0.01806	0.08655	2.59	81879	7087	392332	1579914	19.30
1960	60-64	0.02680	0.12595	2.61	74792	9420	351442	1187582	15.88
1960	65-69	0.04081	0.18584	2.6	65372	12149	297667	836141	12.79
1960	70-74	0.06170	0.26720	2.5	53223	14221	230507	538473	10.12
1960	75-79	0.08819	0.36172	2.52	39002	14108	159968	307966	7.90
1960	80-84	0.13215	0.49129	2.39	24894	12230	92551	147998	5.95
1960	85-89	0.20571	0.65915	2.28	12664	8347	40579	55447	4.38
1960	90-94	0.26659	0.75781	2.15	4316	3271	12270	14868	3.44
1960	95-99	0.39021	0.87385	1.84	1045	914	2341	2598	2.49
1960	100-104	0.50640	0.93372	1.62	132	123	243	257	1.95
1960	105-109	0.62256	0.96529	1.43	9	8	14	14	1.60
1960	110+	0.71255	1.00000	1.4	0	0	0	0	1.40
1961	0	0.02839	0.02770	0.12	100000	2770	97566	6745412	67.45
1961	1-4	0.00104	0.00414	1.63	97230	403	387967	6647846	68.37
1961	5-9	0.00042	0.00207	2.54	96827	201	483643	6259878	64.65
1961	10-14	0.00056	0.00280	2.66	96627	270	482502	5776235	59.78
1961	15-19	0.00121	0.00605	2.72	96356	583	480451	5293733	54.94
1961	20-24	0.00189	0.00941	2.5	95774	901	476616	4813282	50.26
1961	25-29	0.00131	0.00654	2.35	94873	621	472720	4336666	45.71
1961	30-34	0.00185	0.00923	2.65	94252	870	469213	3863946	41.00
1961	35-39	0.00269	0.01339	2.76	93382	1250	464113	3394733	36.35
1961	40-44	0.00407	0.02014	2.55	92132	1855	456119	2930620	31.81
1961	45-49	0.00676	0.03328	2.73	90276	3005	444573	2474501	27.41
1961	50-54	0.01157	0.05633	2.67	87272	4916	424927	2029928	23.26
1961	55-59	0.01784	0.08548	2.57	82356	7040	394693	1605001	19.49
1961	60-64	0.02636	0.12399	2.61	75316	9339	354243	1210309	16.07
1961	65-69	0.03954	0.18064	2.61	65978	11918	301415	856065	12.98
1961	70-74	0.05970	0.26015	2.53	54059	14063	235578	554650	10.26
1961	75-79	0.08560	0.35235	2.49	39996	14092	164631	319073	7.98
1961	80-84	0.13144	0.48793	2.36	25904	12639	96157	154442	5.96
1961	85-89	0.20202	0.65046	2.26	13264	8628	42709	58284	4.39
1961	90-94	0.27662	0.77177	2.14	4636	3578	12936	15575	3.36
1961	95-99	0.38864	0.87275	1.84	1058	924	2376	2640	2.49
1961	100-104	0.50470	0.93308	1.62	135	126	249	263	1.96
1961	105-109	0.62091	0.96497	1.43	9	9	14	14	1.60
1961	110+	0.71103	1.00000	1.41	0	0	0	0	1.41
1962	0	0.02663	0.02602	0.12	100000	2602	97701	6735276	67.35
1962	1-4	0.00092	0.00367	1.51	97398	357	388702	6637575	68.15
1962	5-9	0.00052	0.00260	2.3	97041	252	484524	6248873	64.39
1962	10-14	0.00064	0.00317	2.76	96789	307	483255	5764349	59.56
1962	15-19	0.00122	0.00609	2.7	96482	588	481055	5281094	54.74
1962	20-24	0.00190	0.00944	2.45	95894	906	477162	4800039	50.06
1962	25-29	0.00145	0.00725	2.58	94988	688	473279	4322877	45.51
1962	30-34	0.00180	0.00896	2.7	94300	845	469556	3849598	40.82
1962	35-39	0.00236	0.01173	2.73	93455	1097	464786	3380042	36.17
1962	40-44	0.00419	0.02075	2.79	92358	1916	457553	2915256	31.56
1962	45-49	0.00674	0.03318	2.67	90442	3001	445209	2457703	27.17
1962	50-54	0.01180	0.05741	2.66	87441	5020	425457	2012494	23.02
1962	55-59	0.01796	0.08625	2.71	82421	7109	395859	1587037	19.26
1962	60-64	0.02774	0.13007	2.61	75312	9796	353114	1191178	15.82
1962	65-69	0.04109	0.18689	2.59	65516	12244	298010	838064	12.79
1962	70-74	0.06019	0.26155	2.5	53272	13933	231475	540054	10.14
1962	75-79	0.08747	0.35857	2.49	39339	14106	161263	308579	7.84
1962	80-84	0.13451	0.49743	2.38	25233	12552	93312	147316	5.84
1962	85-89	0.20493	0.65456	2.24	12681	8301	40505	54004	4.26
1962	90-94	0.30844	0.80078	2	4381	3508	11373	13499	3.08
1962	95-99	0.39876	0.87981	1.82	873	768	1925	2126	2.44
1962	100-104	0.51672	0.93751	1.6	105	98	190	201	1.91
1962	105-109	0.63356	0.96741	1.41	7	6	10	10	1.57
1962	110+	0.72339	1.00000	1.38	0	0	0	0	1.38
1963	0	0.02593	0.02535	0.11	100000	2535	97756	6683793	66.84
1963	1-4	0.00107	0.00429	1.58	97465	418	388849	6586037	67.57
1963	5-9	0.00059	0.00294	2.3	97047	286	484465	6197188	63.86
1963	10-14	0.00055	0.00277	2.81	96762	268	483224	5712723	59.04
1963	15-19	0.00140	0.00696	2.78	96494	672	480979	5229499	54.20
1963	20-24	0.00197	0.00983	2.48	95822	941	476741	4748520	49.56
1963	25-29	0.00165	0.00820	2.48	94881	778	472439	4271779	45.02
1963	30-34	0.00192	0.00957	2.5	94103	901	468265	3799340	40.37
1963	35-39	0.00266	0.01320	2.66	93202	1230	463124	3331075	35.74
1963	40-44	0.00417	0.02062	2.63	91971	1897	455364	2867952	31.18
1963	45-49	0.00741	0.03645	2.69	90075	3283	442785	2412588	26.78
1963	50-54	0.01210	0.05879	2.6	86792	5102	421721	1969803	22.70
1963	55-59	0.01884	0.09024	2.66	81689	7371	391218	1548082	18.95
1963	60-64	0.02803	0.13135	2.62	74318	9762	348316	1156864	15.57
1963	65-69	0.04268	0.19303	2.53	64556	12461	291950	808548	12.52
1963	70-74	0.06349	0.27366	2.48	52095	14256	224563	516598	9.92
1963	75-79	0.08971	0.36465	2.43	37839	13798	153801	292035	7.72
1963	80-84	0.13855	0.50822	2.38	24041	12218	88188	138234	5.75
1963	85-89	0.21035	0.66768	2.27	11823	7894	37528	50046	4.23
1963	90-94	0.29527	0.78547	2.02	3929	3086	10452	12519	3.19
1963	95-99	0.39619	0.87771	1.83	843	740	1867	2067	2.45
1963	100-104	0.51048	0.93504	1.61	103	96	189	199	1.94
1963	105-109	0.62431	0.96554	1.42	7	6	10	11	1.59
1963	110+	0.71248	1.00000	1.4	0	0	0	0	1.40
1964	0	0.02685	0.02623	0.12	100000	2623	97684	6720184	67.20
1964	1-4	0.00100	0.00401	1.83	97377	390	388661	6622500	68.01
1964	5-9	0.00055	0.00277	2.35	96987	268	484223	6233839	64.28
1964	10-14	0.00060	0.00298	2.73	96719	288	482938	5749616	59.45
1964	15-19	0.00153	0.00763	2.79	96430	736	480527	5266678	54.62
1964	20-24	0.00164	0.00814	2.51	95694	779	476528	4786151	50.01
1964	25-29	0.00174	0.00864	2.53	94915	820	472545	4309623	45.41
1964	30-34	0.00175	0.00873	2.78	94095	822	468651	3837078	40.78
1964	35-39	0.00271	0.01346	2.67	93273	1255	463439	3368427	36.11
1964	40-44	0.00433	0.02141	2.62	92018	1971	455396	2904988	31.57
1964	45-49	0.00714	0.03512	2.72	90047	3163	443023	2449592	27.20
1964	50-54	0.01125	0.05484	2.68	86885	4765	423374	2006569	23.09
1964	55-59	0.01818	0.08729	2.72	82120	7168	394239	1583195	19.28
1964	60-64	0.02754	0.12917	2.6	74951	9682	351568	1188957	15.86
1964	65-69	0.03962	0.18080	2.58	65270	11801	297824	837389	12.83
1964	70-74	0.06186	0.26846	2.54	53469	14354	232032	539564	10.09
1964	75-79	0.08662	0.35354	2.4	39114	13828	159649	307532	7.86
1964	80-84	0.13431	0.49970	2.44	25286	12635	94075	147884	5.85
1964	85-89	0.21086	0.66346	2.21	12650	8393	39804	53809	4.25
1964	90-94	0.28170	0.77373	2.09	4257	3294	11694	14005	3.29
1964	95-99	0.40536	0.88439	1.81	963	852	2102	2311	2.40
1964	100-104	0.52629	0.94093	1.59	111	105	199	209	1.88
1964	105-109	0.64501	0.96953	1.39	7	6	10	10	1.54
1964	110+	0.73546	1.00000	1.36	0	0	0	0	1.36
1965	0	0.02676	0.02614	0.12	100000	2614	97691	6702968	67.03
1965	1-4	0.00096	0.00384	1.51	97386	374	388611	6605277	67.83
1965	5-9	0.00054	0.00270	2.33	97012	262	484359	6216666	64.08
1965	10-14	0.00053	0.00263	2.72	96750	255	483170	5732307	59.25
1965	15-19	0.00152	0.00759	2.79	96496	733	480859	5249137	54.40
1965	20-24	0.00177	0.00878	2.37	95763	841	476604	4768278	49.79
1965	25-29	0.00169	0.00841	2.67	94922	798	472747	4291673	45.21
1965	30-34	0.00218	0.01087	2.64	94123	1023	468199	3818926	40.57
1965	35-39	0.00279	0.01388	2.65	93101	1292	462463	3350727	35.99
1965	40-44	0.00437	0.02162	2.66	91809	1985	454392	2888264	31.46
1965	45-49	0.00677	0.03334	2.75	89824	2995	442370	2433872	27.10
1965	50-54	0.01180	0.05745	2.71	86830	4989	422730	1991502	22.94
1965	55-59	0.01848	0.08857	2.65	81841	7249	392155	1568772	19.17
1965	60-64	0.02822	0.13217	2.61	74592	9859	349351	1176617	15.77
1965	65-69	0.04114	0.18696	2.57	64733	12102	294200	827266	12.78
1965	70-74	0.06060	0.26426	2.58	52631	13908	229506	533066	10.13
1965	75-79	0.08928	0.36493	2.5	38723	14131	158285	303559	7.84
1965	80-84	0.13043	0.48732	2.41	24591	11984	91881	145274	5.91
1965	85-89	0.20892	0.66354	2.25	12608	8366	40042	53393	4.23
1965	90-94	0.29760	0.79285	2.05	4242	3363	11301	13351	3.15
1965	95-99	0.41756	0.89261	1.79	879	784	1878	2050	2.33
1965	100-104	0.54544	0.94733	1.56	94	89	164	171	1.82
1965	105-109	0.66860	0.97351	1.36	5	5	7	7	1.49
1965	110+	0.76042	1.00000	1.32	0	0	0	0	1.32
1966	0	0.02617	0.02557	0.12	100000	2557	97737	6684722	66.85
1966	1-4	0.00091	0.00362	1.76	97443	353	388979	6586985	67.60
1966	5-9	0.00050	0.00251	2.22	97090	244	484771	6198006	63.84
1966	10-14	0.00050	0.00249	2.61	96846	241	483654	5713235	58.99
1966	15-19	0.00173	0.00862	2.75	96605	833	481154	5229581	54.13
1966	20-24	0.00201	0.01000	2.54	95772	957	476508	4748427	49.58
1966	25-29	0.00183	0.00911	2.38	94815	864	471815	4271919	45.06
1966	30-34	0.00216	0.01074	2.66	93951	1009	467396	3800104	40.45
1966	35-39	0.00300	0.01489	2.76	92942	1384	461611	3332708	35.86
1966	40-44	0.00401	0.01984	2.71	91557	1817	453620	2871097	31.36
1966	45-49	0.00702	0.03453	2.64	89741	3099	441383	2417477	26.94
1966	50-54	0.01183	0.05758	2.67	86642	4988	421567	1976094	22.81
1966	55-59	0.01797	0.08627	2.7	81653	7044	392033	1554527	19.04
1966	60-64	0.02880	0.13481	2.63	74609	10058	349177	1162495	15.58
1966	65-69	0.04319	0.19558	2.59	64551	12625	292311	813318	12.60
1966	70-74	0.06129	0.26633	2.54	51926	13829	225646	521007	10.03
1966	75-79	0.09074	0.36864	2.46	38097	14044	154774	295361	7.75
1966	80-84	0.13326	0.49503	2.4	24053	11907	89351	140586	5.84
1966	85-89	0.20786	0.65637	2.19	12146	7972	38355	51235	4.22
1966	90-94	0.30585	0.79605	1.99	4174	3323	10863	12880	3.09
1966	95-99	0.41067	0.88796	1.8	851	756	1841	2017	2.37
1966	100-104	0.53391	0.94353	1.57	95	90	169	177	1.85
1966	105-109	0.65400	0.97110	1.38	5	5	8	8	1.52
1966	110+	0.74480	1.00000	1.34	0	0	0	0	1.34
1967	0	0.02525	0.02470	0.11	100000	2470	97809	6710359	67.10
1967	1-4	0.00094	0.00377	1.73	97530	368	389284	6612550	67.80
1967	5-9	0.00047	0.00236	2.29	97162	229	485191	6223266	64.05
1967	10-14	0.00056	0.00282	2.84	96933	273	484074	5738075	59.20
1967	15-19	0.00166	0.00828	2.9	96660	800	481618	5254001	54.36
1967	20-24	0.00175	0.00871	2.59	95859	835	477284	4772384	49.79
1967	25-29	0.00172	0.00856	2.4	95025	813	473005	4295100	45.20
1967	30-34	0.00205	0.01019	2.49	94211	960	468642	3822095	40.57
1967	35-39	0.00278	0.01380	2.66	93251	1287	463250	3353452	35.96
1967	40-44	0.00434	0.02149	2.67	91964	1976	455215	2890203	31.43
1967	45-49	0.00719	0.03534	2.68	89988	3180	442556	2434987	27.06
1967	50-54	0.01102	0.05377	2.74	86808	4668	423486	1992431	22.95
1967	55-59	0.01847	0.08850	2.63	82140	7269	393482	1568945	19.10
1967	60-64	0.02856	0.13364	2.6	74871	10005	350334	1175463	15.70
1967	65-69	0.04171	0.18910	2.53	64866	12266	294075	825128	12.72
1967	70-74	0.06060	0.26430	2.59	52600	13902	229425	531054	10.10
1967	75-79	0.09304	0.37510	2.42	38698	14516	156019	301628	7.79
1967	80-84	0.13092	0.48993	2.43	24182	11847	90494	145610	6.02
1967	85-89	0.19641	0.63611	2.23	12334	7846	39948	55116	4.47
1967	90-94	0.27543	0.76948	2.13	4488	3454	12539	15168	3.38
1967	95-99	0.38105	0.86715	1.86	1035	897	2355	2628	2.54
1967	100-104	0.49516	0.92932	1.64	137	128	258	274	1.99
1967	105-109	0.61037	0.96278	1.45	10	9	15	16	1.63
1967	110+	0.70033	1.00000	1.43	0	0	1	1	1.43
1968	0	0.02415	0.02364	0.11	100000	2364	97896	6690271	66.90
1968	1-4	0.00089	0.00357	1.56	97636	349	389695	6592375	67.52
1968	5-9	0.00047	0.00237	2.11	97287	230	485772	6202680	63.76
1968	10-14	0.00054	0.00271	2.73	97057	263	484688	5716908	58.90
1968	15-19	0.00170	0.00846	3.02	96794	819	482347	5232221	54.06
1968	20-24	0.00192	0.00955	2.49	95975	916	477579	4749874	49.49
1968	25-29	0.00185	0.00919	2.51	95059	873	473119	4272295	44.94
1968	30-34	0.00204	0.01015	2.55	94186	956	468591	3799176	40.34
1968	35-39	0.00303	0.01505	2.65	93230	1403	462854	3330585	35.72
1968	40-44	0.00465	0.02302	2.74	91827	2114	454360	2867731	31.23
1968	45-49	0.00687	0.03382	2.64	89713	3034	441400	2413371	26.90
1968	50-54	0.01182	0.05755	2.7	86679	4988	421907	1971972	22.75
1968	55-59	0.01885	0.09020	2.61	81690	7368	390853	1550065	18.97
1968	60-64	0.02882	0.13465	2.57	74322	10007	347290	1159212	15.60
1968	65-69	0.04181	0.18988	2.59	64315	12212	292116	811921	12.62
1968	70-74	0.06294	0.27236	2.53	52102	14190	225454	519805	9.98
1968	75-79	0.09120	0.37111	2.49	37912	14069	154264	294352	7.76
1968	80-84	0.13286	0.49261	2.38	23843	11745	88402	140088	5.88
1968	85-89	0.20625	0.65647	2.23	12097	7942	38505	51686	4.27
1968	90-94	0.29600	0.78831	2.04	4156	3276	11068	13180	3.17
1968	95-99	0.40495	0.88418	1.81	880	778	1921	2112	2.40
1968	100-104	0.52636	0.94099	1.59	102	96	182	191	1.88
1968	105-109	0.64553	0.96964	1.39	6	6	9	9	1.54
1968	110+	0.73627	1.00000	1.36	0	0	0	0	1.36
1969	0	0.02415	0.02364	0.11	100000	2364	97896	6680352	66.80
1969	1-4	0.00100	0.00397	1.66	97636	388	389639	6582456	67.42
1969	5-9	0.00049	0.00244	2.57	97248	237	485665	6192817	63.68
1969	10-14	0.00060	0.00298	2.78	97011	290	484412	5707152	58.83
1969	15-19	0.00158	0.00788	3	96722	762	482081	5222740	54.00
1969	20-24	0.00213	0.01060	2.44	95960	1017	477193	4740659	49.40
1969	25-29	0.00209	0.01041	2.55	94943	989	472289	4263466	44.91
1969	30-34	0.00199	0.00991	2.54	93954	931	467487	3791177	40.35
1969	35-39	0.00306	0.01518	2.75	93024	1412	461944	3323689	35.73
1969	40-44	0.00464	0.02298	2.7	91612	2105	453224	2861745	31.24
1969	45-49	0.00709	0.03488	2.68	89506	3122	440303	2408522	26.91
1969	50-54	0.01189	0.05784	2.65	86384	4997	420187	1968219	22.78
1969	55-59	0.01755	0.08430	2.66	81388	6861	390880	1548032	19.02
1969	60-64	0.02887	0.13521	2.66	74527	10077	349006	1157152	15.53
1969	65-69	0.04273	0.19366	2.58	64450	12482	292072	808146	12.54
1969	70-74	0.06303	0.27294	2.55	51968	14184	225047	516074	9.93
1969	75-79	0.09147	0.37079	2.45	37784	14010	153166	291027	7.70
1969	80-84	0.13958	0.51097	2.38	23774	12148	87034	137861	5.80
1969	85-89	0.20172	0.64936	2.26	11626	7550	37426	50827	4.37
1969	90-94	0.28519	0.77967	2.09	4077	3178	11145	13401	3.29
1969	95-99	0.38615	0.87042	1.85	898	782	2025	2256	2.51
1969	100-104	0.49684	0.92969	1.63	116	108	218	231	1.99
1969	105-109	0.60838	0.96219	1.45	8	8	13	13	1.64
1969	110+	0.69567	1.00000	1.44	0	0	0	0	1.44
1970	0	0.02300	0.02253	0.11	100000	2253	97987	6735876	67.36
1970	1-4	0.00097	0.00386	1.72	97747	377	390128	6637889	67.91
1970	5-9	0.00050	0.00248	2.35	97370	241	486209	6247761	64.17
1970	10-14	0.00046	0.00231	2.8	97129	225	485148	5761552	59.32
1970	15-19	0.00180	0.00897	2.88	96904	869	482674	5276403	54.45
1970	20-24	0.00208	0.01033	2.64	96035	992	477837	4793730	49.92
1970	25-29	0.00164	0.00815	2.47	95043	775	473252	4315893	45.41
1970	30-34	0.00216	0.01073	2.53	94268	1012	468842	3842640	40.76
1970	35-39	0.00255	0.01268	2.68	93256	1183	463535	3373799	36.18
1970	40-44	0.00443	0.02193	2.74	92074	2019	455811	2910263	31.61
1970	45-49	0.00666	0.03281	2.74	90054	2954	443591	2454453	27.26
1970	50-54	0.01100	0.05362	2.7	87100	4670	424740	2010861	23.09
1970	55-59	0.01830	0.08767	2.62	82429	7227	394954	1586121	19.24
1970	60-64	0.02743	0.12875	2.62	75202	9682	352949	1191167	15.84
1970	65-69	0.04224	0.19178	2.6	65520	12565	297446	838218	12.79
1970	70-74	0.06141	0.26728	2.58	52955	14154	230483	540772	10.21
1970	75-79	0.08897	0.36401	2.5	38801	14124	158761	310289	8.00
1970	80-84	0.12788	0.47979	2.4	24677	11840	92585	151528	6.14
1970	85-89	0.19129	0.62901	2.28	12837	8075	42211	58942	4.59
1970	90-94	0.26269	0.74690	2.11	4762	3557	13541	16731	3.51
1970	95-99	0.36449	0.85403	1.89	1205	1029	2824	3190	2.65
1970	100-104	0.47342	0.91992	1.68	176	162	342	366	2.08
1970	105-109	0.58538	0.95700	1.48	14	13	23	24	1.70
1970	110+	0.67411	1.00000	1.48	1	1	1	1	1.48
1971	0	0.02184	0.02142	0.1	100000	2142	98080	6756389	67.56
1971	1-4	0.00085	0.00338	1.69	97858	331	390669	6658310	68.04
1971	5-9	0.00045	0.00224	2.3	97527	219	487046	6267641	64.27
1971	10-14	0.00053	0.00264	2.8	97308	257	485978	5780594	59.40
1971	15-19	0.00148	0.00739	2.97	97052	717	483801	5294617	54.55
1971	20-24	0.00196	0.00975	2.59	96334	940	479412	4810816	49.94
1971	25-29	0.00178	0.00887	2.49	95395	846	474853	4331404	45.41
1971	30-34	0.00184	0.00913	2.53	94548	864	470609	3856551	40.79
1971	35-39	0.00269	0.01335	2.54	93685	1251	465349	3385942	36.14
1971	40-44	0.00427	0.02116	2.78	92434	1956	457818	2920592	31.60
1971	45-49	0.00722	0.03550	2.63	90478	3212	444768	2462774	27.22
1971	50-54	0.01103	0.05378	2.66	87266	4693	425363	2018006	23.12
1971	55-59	0.01802	0.08640	2.63	82572	7135	395930	1592643	19.29
1971	60-64	0.02797	0.13118	2.64	75438	9896	353837	1196713	15.86
1971	65-69	0.04034	0.18375	2.58	65542	12043	298566	842876	12.86
1971	70-74	0.06026	0.26243	2.54	53499	14040	232978	544310	10.17
1971	75-79	0.09131	0.37114	2.48	39459	14645	160390	311332	7.89
1971	80-84	0.12607	0.47560	2.42	24814	11802	93612	150941	6.08
1971	85-89	0.20008	0.64612	2.26	13013	8408	42023	57330	4.41
1971	90-94	0.27907	0.77024	2.09	4605	3547	12710	15307	3.32
1971	95-99	0.39514	0.87788	1.84	1058	929	2351	2597	2.45
1971	100-104	0.51755	0.93813	1.6	129	121	234	247	1.91
1971	105-109	0.63870	0.96852	1.4	8	8	12	12	1.56
1971	110+	0.73130	1.00000	1.37	0	0	0	0	1.37
1972	0	0.02115	0.02076	0.1	100000	2076	98136	6763442	67.63
1972	1-4	0.00093	0.00371	1.87	97924	364	390924	6665307	68.07
1972	5-9	0.00051	0.00253	2.58	97561	247	487208	6274383	64.31
1972	10-14	0.00056	0.00278	2.76	97314	270	485965	5787175	59.47
1972	15-19	0.00141	0.00701	2.7	97044	680	483651	5301211	54.63
1972	20-24	0.00168	0.00835	2.54	96363	804	479837	4817559	49.99
1972	25-29	0.00188	0.00934	2.54	95559	893	475596	4337723	45.39
1972	30-34	0.00186	0.00926	2.55	94666	877	471181	3862127	40.80
1972	35-39	0.00292	0.01448	2.67	93789	1358	465780	3390946	36.15
1972	40-44	0.00409	0.02026	2.63	92431	1873	457717	2925166	31.65
1972	45-49	0.00706	0.03476	2.75	90558	3148	445694	2467449	27.25
1972	50-54	0.01129	0.05500	2.64	87410	4807	425723	2021755	23.13
1972	55-59	0.01754	0.08431	2.71	82603	6964	397070	1596033	19.32
1972	60-64	0.02704	0.12707	2.63	75639	9611	355420	1198963	15.85
1972	65-69	0.04019	0.18274	2.52	66027	12066	300256	843543	12.78
1972	70-74	0.06224	0.26992	2.54	53962	14565	234019	543287	10.07
1972	75-79	0.09225	0.37307	2.44	39396	14698	159323	309268	7.85
1972	80-84	0.12792	0.48132	2.43	24699	11888	92936	149945	6.07
1972	85-89	0.19931	0.63948	2.2	12811	8192	41103	57009	4.45
1972	90-94	0.27023	0.77156	2.22	4619	3563	13187	15906	3.44
1972	95-99	0.37513	0.86263	1.87	1055	910	2426	2719	2.58
1972	100-104	0.48778	0.92628	1.65	145	134	275	293	2.02
1972	105-109	0.60222	0.96100	1.46	11	10	17	18	1.65
1972	110+	0.69204	1.00000	1.45	0	0	1	1	1.45
1973	0	0.02084	0.02045	0.1	100000	2045	98161	6764001	67.64
1973	1-4	0.00079	0.00316	1.71	97955	309	391110	6665840	68.05
1973	5-9	0.00051	0.00257	2.34	97645	251	487561	6274729	64.26
1973	10-14	0.00056	0.00279	2.97	97395	272	486421	5787168	59.42
1973	15-19	0.00159	0.00793	2.85	97123	771	483961	5300747	54.58
1973	20-24	0.00202	0.01005	2.56	96352	968	479397	4816786	49.99
1973	25-29	0.00187	0.00929	2.47	95384	886	474678	4337389	45.47
1973	30-34	0.00207	0.01028	2.62	94498	971	470173	3862712	40.88
1973	35-39	0.00285	0.01413	2.63	93527	1322	464496	3392538	36.27
1973	40-44	0.00420	0.02078	2.68	92205	1916	456582	2928042	31.76
1973	45-49	0.00700	0.03443	2.71	90289	3109	444312	2471461	27.37
1973	50-54	0.01107	0.05395	2.69	87180	4704	425032	2027148	23.25
1973	55-59	0.01685	0.08105	2.67	82476	6684	396781	1602116	19.43
1973	60-64	0.02674	0.12563	2.6	75792	9522	356102	1205335	15.90
1973	65-69	0.04174	0.18913	2.52	66270	12533	300292	849233	12.81
1973	70-74	0.05954	0.25927	2.51	53737	13932	234011	548940	10.22
1973	75-79	0.08952	0.36541	2.49	39805	14545	162477	314929	7.91
1973	80-84	0.13368	0.49327	2.34	25260	12460	93205	152453	6.04
1973	85-89	0.18381	0.61360	2.29	12800	7854	42728	59248	4.63
1973	90-94	0.28413	0.77484	2.07	4946	3832	13488	16520	3.34
1973	95-99	0.35385	0.84445	1.91	1114	940	2658	3032	2.72
1973	100-104	0.45495	0.91067	1.71	173	158	347	374	2.16
1973	105-109	0.56020	0.95011	1.52	15	15	26	27	1.77
1973	110+	0.64465	1.00000	1.55	1	1	1	1	1.55
1974	0	0.01822	0.01793	0.09	100000	1793	98376	6834700	68.35
1974	1-4	0.00077	0.00306	1.59	98207	300	392107	6736325	68.59
1974	5-9	0.00042	0.00211	2.55	97907	207	489028	6344218	64.80
1974	10-14	0.00049	0.00243	2.54	97700	238	487917	5855190	59.93
1974	15-19	0.00128	0.00636	2.81	97462	620	485957	5367273	55.07
1974	20-24	0.00196	0.00973	2.44	96843	942	481798	4881317	50.40
1974	25-29	0.00176	0.00877	2.48	95900	841	477386	4399518	45.88
1974	30-34	0.00170	0.00847	2.55	95060	805	473326	3922133	41.26
1974	35-39	0.00267	0.01327	2.73	94255	1251	468432	3448806	36.59
1974	40-44	0.00412	0.02038	2.63	93004	1895	460520	2980375	32.05
1974	45-49	0.00668	0.03288	2.64	91109	2996	448461	2519855	27.66
1974	50-54	0.01050	0.05124	2.65	88113	4515	429942	2071394	23.51
1974	55-59	0.01621	0.07813	2.69	83598	6531	402909	1641451	19.63
1974	60-64	0.02667	0.12538	2.62	77067	9663	362349	1238543	16.07
1974	65-69	0.03988	0.18198	2.6	67404	12266	307598	876194	13.00
1974	70-74	0.05883	0.25664	2.52	55138	14151	240533	568596	10.31
1974	75-79	0.08861	0.36201	2.47	40987	14838	167445	328063	8.00
1974	80-84	0.12885	0.48362	2.42	26149	12646	98148	160618	6.14
1974	85-89	0.18889	0.62500	2.29	13503	8439	44679	62469	4.63
1974	90-94	0.26319	0.74985	2.13	5064	3797	14427	17791	3.51
1974	95-99	0.36311	0.85286	1.89	1267	1080	2975	3364	2.66
1974	100-104	0.47140	0.91897	1.68	186	171	363	389	2.09
1974	105-109	0.58288	0.95637	1.49	15	14	25	26	1.71
1974	110+	0.67135	1.00000	1.49	1	1	1	1	1.49
1975	0	0.01673	0.01648	0.09	100000	1648	98500	6891886	68.92
1975	1-4	0.00067	0.00266	1.59	98352	261	392776	6793386	69.07
1975	5-9	0.00045	0.00227	2.15	98090	222	489816	6400610	65.25
1975	10-14	0.00043	0.00215	2.71	97868	210	488857	5910794	60.40
1975	15-19	0.00146	0.00729	2.84	97658	712	486754	5421937	55.52
1975	20-24	0.00187	0.00932	2.47	96946	903	482445	4935183	50.91
1975	25-29	0.00161	0.00801	2.38	96042	769	478198	4452738	46.36
1975	30-34	0.00169	0.00841	2.41	95273	801	474287	3974540	41.72
1975	35-39	0.00247	0.01228	2.58	94472	1160	469551	3500253	37.05
1975	40-44	0.00377	0.01868	2.65	93312	1744	462458	3030702	32.48
1975	45-49	0.00634	0.03126	2.68	91569	2862	451194	2568244	28.05
1975	50-54	0.01034	0.05048	2.64	88707	4478	432956	2117050	23.87
1975	55-59	0.01563	0.07541	2.68	84229	6352	406398	1684094	19.99
1975	60-64	0.02559	0.12052	2.59	77877	9386	366792	1277696	16.41
1975	65-69	0.03848	0.17572	2.53	68491	12035	312772	910904	13.30
1975	70-74	0.05667	0.24933	2.59	56456	14076	248402	598132	10.59
1975	75-79	0.08536	0.35137	2.48	42380	14891	174447	349731	8.25
1975	80-84	0.12397	0.46891	2.4	27489	12890	103980	175284	6.38
1975	85-89	0.17528	0.59885	2.36	14599	8743	49879	71304	4.88
1975	90-94	0.24984	0.72890	2.14	5856	4269	17086	21425	3.66
1975	95-99	0.35163	0.84339	1.92	1588	1339	3808	4340	2.73
1975	100-104	0.45958	0.91355	1.7	249	227	494	532	2.14
1975	105-109	0.57185	0.95364	1.51	21	20	36	37	1.74
1975	110+	0.66145	1.00000	1.51	1	1	2	2	1.51
1976	0	0.01602	0.01579	0.09	100000	1579	98560	6920211	69.20
1976	1-4	0.00075	0.00299	1.69	98421	294	393004	6821651	69.31
1976	5-9	0.00040	0.00201	2.48	98127	197	490138	6428647	65.51
1976	10-14	0.00045	0.00224	3.01	97930	220	489211	5938510	60.64
1976	15-19	0.00135	0.00674	3	97710	658	487232	5449298	55.77
1976	20-24	0.00191	0.00951	2.48	97052	923	482934	4962066	51.13
1976	25-29	0.00173	0.00861	2.38	96128	828	478475	4479132	46.60
1976	30-34	0.00172	0.00858	2.56	95301	817	474506	4000657	41.98
1976	35-39	0.00212	0.01054	2.75	94483	996	470177	3526152	37.32
1976	40-44	0.00379	0.01878	2.64	93487	1756	463297	3055974	32.69
1976	45-49	0.00617	0.03043	2.68	91731	2792	452171	2592677	28.26
1976	50-54	0.00966	0.04718	2.6	88940	4196	434630	2140506	24.07
1976	55-59	0.01588	0.07659	2.71	84743	6490	408835	1705876	20.13
1976	60-64	0.02498	0.11800	2.65	78253	9234	369597	1297041	16.58
1976	65-69	0.03825	0.17526	2.62	69019	12096	316277	927444	13.44
1976	70-74	0.05464	0.24095	2.55	56923	13715	250997	611167	10.74
1976	75-79	0.08455	0.34827	2.47	43207	15048	177971	360170	8.34
1976	80-84	0.11710	0.44959	2.42	28159	12660	108118	182199	6.47
1976	85-89	0.17511	0.59490	2.31	15499	9220	52656	74081	4.78
1976	90-94	0.27292	0.75605	2.05	6279	4747	17394	21425	3.41
1976	95-99	0.36604	0.85632	1.89	1532	1312	3583	4031	2.63
1976	100-104	0.48429	0.92535	1.66	220	204	421	448	2.03
1976	105-109	0.60495	0.96188	1.45	16	16	26	27	1.64
1976	110+	0.69936	1.00000	1.43	1	1	1	1	1.43
1977	0	0.01681	0.01656	0.09	100000	1656	98493	6915981	69.16
1977	1-4	0.00078	0.00313	1.64	98344	308	392649	6817488	69.32
1977	5-9	0.00038	0.00192	2.41	98036	188	489694	6424839	65.54
1977	10-14	0.00048	0.00242	2.86	97848	237	488734	5935145	60.66
1977	15-19	0.00138	0.00688	2.87	97611	672	486627	5446411	55.80
1977	20-24	0.00197	0.00979	2.45	96940	950	482278	4959784	51.16
1977	25-29	0.00163	0.00814	2.48	95990	781	477981	4477506	46.65
1977	30-34	0.00176	0.00878	2.65	95209	836	474078	3999525	42.01
1977	35-39	0.00235	0.01167	2.58	94373	1101	469204	3525447	37.36
1977	40-44	0.00360	0.01785	2.71	93272	1665	462544	3056243	32.77
1977	45-49	0.00585	0.02886	2.68	91607	2644	451894	2593698	28.31
1977	50-54	0.00999	0.04878	2.64	88963	4340	434584	2141805	24.08
1977	55-59	0.01598	0.07701	2.65	84623	6517	407813	1707220	20.17
1977	60-64	0.02487	0.11746	2.64	78106	9174	368916	1299407	16.64
1977	65-69	0.03848	0.17614	2.6	68932	12142	315560	930491	13.50
1977	70-74	0.05360	0.23680	2.54	56790	13448	250882	614931	10.83
1977	75-79	0.08251	0.34250	2.52	43342	14845	179924	364048	8.40
1977	80-84	0.12051	0.46019	2.43	28498	13114	108825	184125	6.46
1977	85-89	0.17454	0.59352	2.31	15383	9130	52312	75300	4.89
1977	90-94	0.25069	0.73323	2.17	6253	4585	18289	22988	3.68
1977	95-99	0.34023	0.83301	1.94	1668	1390	4084	4699	2.82
1977	100-104	0.44455	0.90582	1.73	279	252	568	615	2.21
1977	105-109	0.55428	0.94872	1.53	26	25	45	47	1.79
1977	110+	0.64261	1.00000	1.56	1	1	2	2	1.56
1978	0	0.01489	0.01469	0.08	100000	1469	98655	6944597	69.45
1978	1-4	0.00071	0.00285	1.7	98531	281	393475	6845942	69.48
1978	5-9	0.00037	0.00184	2.45	98249	180	490787	6452467	65.67
1978	10-14	0.00042	0.00208	3.23	98069	204	489983	5961679	60.79
1978	15-19	0.00136	0.00679	2.93	97865	665	487950	5471697	55.91
1978	20-24	0.00200	0.00994	2.46	97200	966	483546	4983747	51.27
1978	25-29	0.00163	0.00812	2.5	96234	781	479219	4500201	46.76
1978	30-34	0.00171	0.00850	2.52	95453	811	475253	4020982	42.13
1978	35-39	0.00228	0.01135	2.72	94642	1074	470759	3545729	37.46
1978	40-44	0.00368	0.01827	2.72	93568	1709	463939	3074971	32.86
1978	45-49	0.00606	0.02987	2.76	91859	2744	453140	2611031	28.42
1978	50-54	0.00964	0.04718	2.72	89115	4205	435982	2157891	24.21
1978	55-59	0.01568	0.07562	2.66	84910	6421	409557	1721909	20.28
1978	60-64	0.02414	0.11415	2.63	78489	8960	371192	1312352	16.72
1978	65-69	0.03647	0.16770	2.6	69530	11660	319713	941161	13.54
1978	70-74	0.05595	0.24641	2.58	57869	14260	254880	621448	10.74
1978	75-79	0.08072	0.33591	2.5	43609	14649	181478	366568	8.41
1978	80-84	0.12270	0.46614	2.42	28961	13500	110023	185089	6.39
1978	85-89	0.17726	0.59661	2.26	15461	9224	52036	75066	4.86
1978	90-94	0.24848	0.72162	2.1	6237	4501	18113	23030	3.69
1978	95-99	0.33845	0.83106	1.94	1736	1443	4263	4917	2.83
1978	100-104	0.43994	0.90314	1.74	293	265	602	654	2.23
1978	105-109	0.54696	0.94643	1.55	28	27	49	52	1.81
1978	110+	0.63336	1.00000	1.58	2	2	2	2	1.58
1979	0	0.01562	0.01540	0.09	100000	1540	98594	6981663	69.82
1979	1-4	0.00071	0.00283	1.78	98460	279	393220	6883070	69.91
1979	5-9	0.00033	0.00162	2.3	98181	160	490473	6489850	66.10
1979	10-14	0.00041	0.00205	2.59	98021	200	489623	5999376	61.20
1979	15-19	0.00148	0.00737	2.98	97821	721	487648	5509754	56.33
1979	20-24	0.00203	0.01010	2.56	97100	981	483107	5022105	51.72
1979	25-29	0.00178	0.00887	2.57	96119	853	478521	4538999	47.22
1979	30-34	0.00179	0.00890	2.47	95266	848	474182	4060477	42.62
1979	35-39	0.00229	0.01139	2.54	94418	1075	469445	3586295	37.98
1979	40-44	0.00326	0.01621	2.78	93343	1513	463351	3116850	33.39
1979	45-49	0.00579	0.02859	2.73	91830	2626	453202	2653499	28.90
1979	50-54	0.00881	0.04318	2.69	89205	3852	437142	2200298	24.67
1979	55-59	0.01481	0.07159	2.7	85353	6111	412708	1763156	20.66
1979	60-64	0.02314	0.10974	2.64	79242	8696	375731	1350447	17.04
1979	65-69	0.03643	0.16758	2.61	70546	11822	324508	974717	13.82
1979	70-74	0.05240	0.23228	2.56	58724	13640	260328	650208	11.07
1979	75-79	0.07883	0.32854	2.47	45084	14812	187897	389880	8.65
1979	80-84	0.11275	0.43608	2.4	30272	13201	117083	201983	6.67
1979	85-89	0.16905	0.58425	2.36	17071	9974	58999	84899	4.97
1979	90-94	0.25403	0.73456	2.13	7097	5213	20523	25901	3.65
1979	95-99	0.33489	0.82844	1.95	1884	1561	4660	5377	2.85
1979	100-104	0.44171	0.90463	1.74	323	292	662	717	2.22
1979	105-109	0.55453	0.94898	1.53	31	29	53	55	1.79
1979	110+	0.64536	1.00000	1.55	2	2	2	2	1.55
1980	0	0.01328	0.01312	0.08	100000	1312	98794	7022570	70.23
1980	1-4	0.00067	0.00266	1.71	98688	262	394152	6923777	70.16
1980	5-9	0.00035	0.00177	2.47	98426	174	491688	6529625	66.34
1980	10-14	0.00036	0.00178	3.05	98252	175	490919	6037937	61.45
1980	15-19	0.00123	0.00616	2.93	98077	604	489136	5547019	56.56
1980	20-24	0.00182	0.00903	2.46	97473	881	485133	5057883	51.89
1980	25-29	0.00190	0.00945	2.43	96593	913	480615	4572750	47.34
1980	30-34	0.00167	0.00834	2.66	95680	798	476534	4092136	42.77
1980	35-39	0.00230	0.01142	2.76	94882	1084	471980	3615601	38.11
1980	40-44	0.00313	0.01551	2.68	93798	1455	465608	3143621	33.51
1980	45-49	0.00551	0.02720	2.74	92343	2512	456029	2678013	29.00
1980	50-54	0.00942	0.04608	2.65	89831	4140	439436	2221985	24.74
1980	55-59	0.01466	0.07091	2.67	85692	6076	414324	1782549	20.80
1980	60-64	0.02251	0.10688	2.64	79616	8509	377988	1368225	17.19
1980	65-69	0.03412	0.15768	2.6	71106	11212	328622	990237	13.93
1980	70-74	0.05335	0.23622	2.58	59894	14148	265209	661615	11.05
1980	75-79	0.07699	0.32302	2.51	45746	14777	191941	396406	8.67
1980	80-84	0.11498	0.44333	2.42	30969	13729	119412	204465	6.60
1980	85-89	0.17168	0.58397	2.26	17239	10067	58640	85053	4.93
1980	90-94	0.24782	0.72678	2.16	7172	5213	21034	26414	3.68
1980	95-99	0.34947	0.84209	1.92	1960	1650	4722	5380	2.75
1980	100-104	0.46202	0.91514	1.7	309	283	613	658	2.13
1980	105-109	0.57904	0.95572	1.5	26	25	43	45	1.72
1980	110+	0.67206	1.00000	1.49	1	1	2	2	1.49
1981	0	0.01252	0.01237	0.08	100000	1237	98860	7048598	70.49
1981	1-4	0.00071	0.00285	1.84	98763	281	394445	6949738	70.37
1981	5-9	0.00031	0.00156	2.02	98481	153	491951	6555293	66.56
1981	10-14	0.00032	0.00158	2.92	98328	156	491317	6063343	61.66
1981	15-19	0.00124	0.00620	2.83	98173	609	489543	5572026	56.76
1981	20-24	0.00177	0.00881	2.63	97564	860	485780	5082483	52.09
1981	25-29	0.00160	0.00797	2.6	96704	771	481671	4596703	47.53
1981	30-34	0.00173	0.00861	2.45	95934	826	477558	4115032	42.89
1981	35-39	0.00210	0.01043	2.62	95107	992	473172	3637474	38.25
1981	40-44	0.00312	0.01551	2.65	94115	1459	467147	3164302	33.62
1981	45-49	0.00497	0.02460	2.76	92656	2279	458173	2697156	29.11
1981	50-54	0.00879	0.04307	2.65	90376	3892	442740	2238982	24.77
1981	55-59	0.01418	0.06857	2.58	86484	5930	418077	1796242	20.77
1981	60-64	0.02252	0.10693	2.65	80554	8613	382523	1378165	17.11
1981	65-69	0.03432	0.15855	2.6	71941	11406	332299	995643	13.84
1981	70-74	0.05333	0.23543	2.51	60535	14252	267239	663343	10.96
1981	75-79	0.07870	0.32860	2.49	46283	15208	193239	396104	8.56
1981	80-84	0.12226	0.46432	2.41	31074	14429	118017	202865	6.53
1981	85-89	0.16377	0.56929	2.32	16646	9476	57863	84848	5.10
1981	90-94	0.24562	0.72144	2.14	7169	5172	21058	26985	3.76
1981	95-99	0.32154	0.81426	1.97	1997	1626	5057	5927	2.97
1981	100-104	0.41701	0.88967	1.78	371	330	791	870	2.34
1981	105-109	0.51926	0.93721	1.59	41	38	74	78	1.91
1981	110+	0.60262	1.00000	1.66	3	3	4	4	1.66
1982	0	0.01259	0.01245	0.08	100000	1245	98853	7102003	71.02
1982	1-4	0.00058	0.00231	1.77	98755	228	394511	7003150	70.91
1982	5-9	0.00032	0.00158	2.52	98527	156	492248	6608638	67.07
1982	10-14	0.00029	0.00142	2.77	98371	140	491543	6116390	62.18
1982	15-19	0.00110	0.00551	3.04	98231	541	490093	5624848	57.26
1982	20-24	0.00149	0.00744	2.67	97690	727	486754	5134754	52.56
1982	25-29	0.00128	0.00638	2.44	96963	618	483233	4648001	47.94
1982	30-34	0.00160	0.00799	2.4	96345	770	479724	4164768	43.23
1982	35-39	0.00194	0.00964	2.65	95575	921	475714	3685044	38.56
1982	40-44	0.00294	0.01460	2.73	94654	1382	470138	3209330	33.91
1982	45-49	0.00526	0.02601	2.73	93272	2426	460860	2739192	29.37
1982	50-54	0.00821	0.04030	2.69	90846	3661	445777	2278332	25.08
1982	55-59	0.01418	0.06861	2.64	87184	5982	421778	1832555	21.02
1982	60-64	0.02228	0.10581	2.62	81203	8592	385581	1410777	17.37
1982	65-69	0.03366	0.15608	2.67	72610	11333	336642	1025197	14.12
1982	70-74	0.05114	0.22708	2.54	61278	13915	272110	688555	11.24
1982	75-79	0.07726	0.32428	2.52	47363	15359	198800	416445	8.79
1982	80-84	0.11149	0.43352	2.44	32004	13874	124446	217645	6.80
1982	85-89	0.16211	0.56107	2.26	18130	10172	62749	93199	5.14
1982	90-94	0.23977	0.72438	2.27	7958	5764	24041	30450	3.83
1982	95-99	0.32627	0.82002	1.97	2193	1798	5512	6409	2.92
1982	100-104	0.43093	0.89866	1.76	395	355	823	896	2.27
1982	105-109	0.54240	0.94534	1.55	40	38	70	73	1.83
1982	110+	0.63265	1.00000	1.58	2	2	3	3	1.58
1983	0	0.01254	0.01240	0.08	100000	1240	98857	7093715	70.94
1983	1-4	0.00069	0.00274	1.71	98760	271	394421	6994857	70.83
1983	5-9	0.00026	0.00130	1.94	98489	128	492055	6600436	67.02
1983	10-14	0.00032	0.00158	2.85	98361	155	491473	6108381	62.10
1983	15-19	0.00103	0.00512	2.93	98206	503	489990	5616908	57.20
1983	20-24	0.00152	0.00758	2.4	97703	740	486594	5126918	52.47
1983	25-29	0.00142	0.00709	2.67	96963	688	483212	4640324	47.86
1983	30-34	0.00156	0.00779	2.51	96275	750	479508	4157112	43.18
1983	35-39	0.00210	0.01046	2.65	95525	1000	475281	3677604	38.50
1983	40-44	0.00314	0.01560	2.59	94526	1475	469076	3202323	33.88
1983	45-49	0.00533	0.02632	2.77	93051	2449	459783	2733247	29.37
1983	50-54	0.00842	0.04132	2.7	90602	3744	444380	2273464	25.09
1983	55-59	0.01329	0.06443	2.62	86858	5596	420968	1829084	21.06
1983	60-64	0.02186	0.10402	2.67	81262	8453	386593	1408116	17.33
1983	65-69	0.03244	0.15063	2.63	72809	10967	338033	1021523	14.03
1983	70-74	0.05117	0.22713	2.53	61842	14046	274511	683490	11.05
1983	75-79	0.08008	0.33368	2.5	47796	15949	199166	408979	8.56
1983	80-84	0.11652	0.44893	2.44	31847	14297	122698	209813	6.59
1983	85-89	0.17191	0.58925	2.33	17550	10341	60155	87115	4.96
1983	90-94	0.24455	0.72739	2.22	7209	5244	21441	26960	3.74
1983	95-99	0.34107	0.83419	1.94	1965	1639	4806	5518	2.81
1983	100-104	0.44899	0.90843	1.72	326	296	659	712	2.19
1983	105-109	0.56228	0.95116	1.52	30	28	50	53	1.77
1983	110+	0.65315	1.00000	1.53	1	1	2	2	1.53
1984	0	0.01265	0.01250	0.08	100000	1250	98849	7117829	71.18
1984	1-4	0.00050	0.00201	1.78	98750	199	394557	7018980	71.08
1984	5-9	0.00028	0.00141	2.18	98551	139	492365	6624422	67.22
1984	10-14	0.00033	0.00163	2.76	98413	160	491704	6132057	62.31
1984	15-19	0.00104	0.00517	2.76	98253	508	490126	5640353	57.41
1984	20-24	0.00135	0.00674	2.65	97745	658	487180	5150228	52.69
1984	25-29	0.00142	0.00706	2.34	97086	686	483607	4663048	48.03
1984	30-34	0.00142	0.00707	2.45	96400	682	480266	4179441	43.35
1984	35-39	0.00187	0.00931	2.56	95718	891	476416	3699175	38.65
1984	40-44	0.00286	0.01421	2.77	94828	1348	471135	3222759	33.99
1984	45-49	0.00492	0.02432	2.68	93480	2273	462130	2751624	29.44
1984	50-54	0.00828	0.04062	2.72	91207	3705	447582	2289494	25.10
1984	55-59	0.01453	0.07024	2.64	87502	6146	423029	1841912	21.05
1984	60-64	0.02209	0.10496	2.63	81356	8539	386546	1418884	17.44
1984	65-69	0.03335	0.15441	2.6	72817	11244	337143	1032338	14.18
1984	70-74	0.05076	0.22553	2.53	61573	13886	273551	695195	11.29
1984	75-79	0.07507	0.31668	2.53	47686	15101	201156	421644	8.84
1984	80-84	0.11106	0.43247	2.44	32585	14092	126884	220488	6.77
1984	85-89	0.16561	0.57303	2.31	18493	10597	63987	93604	5.06
1984	90-94	0.24508	0.72862	2.22	7896	5753	23475	29617	3.75
1984	95-99	0.33318	0.82699	1.96	2143	1772	5319	6142	2.87
1984	100-104	0.44112	0.90444	1.74	371	335	760	823	2.22
1984	105-109	0.55523	0.94926	1.53	35	34	61	63	1.79
1984	110+	0.64709	1.00000	1.55	2	2	3	3	1.55
1985	0	0.01258	0.01243	0.08	100000	1243	98855	7123812	71.24
1985	1-4	0.00047	0.00186	1.62	98757	184	394589	7024957	71.13
1985	5-9	0.00025	0.00124	2.57	98573	122	492567	6630368	67.26
1985	10-14	0.00034	0.00167	2.91	98451	165	491910	6137801	62.34
1985	15-19	0.00114	0.00567	2.79	98286	557	490197	5645890	57.44
1985	20-24	0.00149	0.00743	2.57	97729	726	486883	5155693	52.75
1985	25-29	0.00136	0.00676	2.51	97003	655	483386	4668811	48.13
1985	30-34	0.00168	0.00837	2.53	96348	807	479750	4185425	43.44
1985	35-39	0.00190	0.00948	2.58	95542	906	475516	3705674	38.79
1985	40-44	0.00284	0.01410	2.66	94636	1335	470055	3230158	34.13
1985	45-49	0.00477	0.02358	2.67	93301	2200	461369	2760103	29.58
1985	50-54	0.00778	0.03820	2.67	91101	3480	447396	2298735	25.23
1985	55-59	0.01348	0.06537	2.7	87620	5728	424910	1851339	21.13
1985	60-64	0.02131	0.10140	2.62	81892	8304	389731	1426429	17.42
1985	65-69	0.03385	0.15651	2.6	73589	11517	340286	1036698	14.09
1985	70-74	0.05063	0.22514	2.54	62072	13975	276031	696412	11.22
1985	75-79	0.07668	0.32277	2.55	48097	15524	202457	420381	8.74
1985	80-84	0.11386	0.44093	2.44	32573	14362	126143	217924	6.69
1985	85-89	0.16807	0.57934	2.32	18211	10550	62771	91781	5.04
1985	90-94	0.24155	0.72258	2.22	7661	5535	22916	29010	3.79
1985	95-99	0.33320	0.82678	1.95	2125	1757	5273	6094	2.87
1985	100-104	0.43925	0.90327	1.74	368	333	757	821	2.23
1985	105-109	0.55144	0.94806	1.54	36	34	61	64	1.80
1985	110+	0.64189	1.00000	1.56	2	2	3	3	1.56
1986	0	0.01266	0.01251	0.08	100000	1251	98848	7093267	70.93
1986	1-4	0.00067	0.00267	1.69	98749	264	394385	6994419	70.83
1986	5-9	0.00030	0.00149	2.37	98485	146	492040	6600034	67.02
1986	10-14	0.00031	0.00155	3.08	98339	153	491400	6107994	62.11
1986	15-19	0.00123	0.00614	2.79	98186	603	489597	5616594	57.20
1986	20-24	0.00153	0.00762	2.57	97583	744	486105	5126997	52.54
1986	25-29	0.00160	0.00795	2.53	96839	770	482292	4640892	47.92
1986	30-34	0.00171	0.00852	2.46	96069	818	478269	4158600	43.29
1986	35-39	0.00215	0.01067	2.54	95250	1017	473748	3680331	38.64
1986	40-44	0.00297	0.01475	2.68	94234	1390	467946	3206584	34.03
1986	45-49	0.00472	0.02333	2.66	92844	2166	459144	2738638	29.50
1986	50-54	0.00834	0.04090	2.7	90678	3709	444847	2279493	25.14
1986	55-59	0.01331	0.06454	2.66	86969	5613	421725	1834646	21.10
1986	60-64	0.02213	0.10512	2.63	81356	8553	386532	1412922	17.37
1986	65-69	0.03327	0.15410	2.62	72804	11219	337266	1026390	14.10
1986	70-74	0.05070	0.22575	2.58	61585	13903	274215	689124	11.19
1986	75-79	0.07677	0.32194	2.5	47682	15351	199961	414909	8.70
1986	80-84	0.11477	0.44223	2.41	32331	14298	124574	214948	6.65
1986	85-89	0.16763	0.57757	2.31	18033	10416	62135	90374	5.01
1986	90-94	0.24749	0.73368	2.23	7618	5589	22583	28239	3.71
1986	95-99	0.34361	0.83676	1.93	2029	1698	4941	5656	2.79
1986	100-104	0.45409	0.91119	1.71	331	302	665	716	2.16
1986	105-109	0.56967	0.95327	1.51	29	28	49	51	1.74
1986	110+	0.66204	1.00000	1.51	1	1	2	2	1.51
1987	0	0.01159	0.01147	0.08	100000	1147	98940	7146280	71.46
1987	1-4	0.00039	0.00156	2.16	98853	154	395126	7047340	71.29
1987	5-9	0.00032	0.00159	2.43	98698	157	493090	6652213	67.40
1987	10-14	0.00044	0.00220	2.82	98542	216	492238	6159123	62.50
1987	15-19	0.00111	0.00551	2.73	98325	542	490394	5666885	57.63
1987	20-24	0.00146	0.00729	2.52	97783	713	487152	5176491	52.94
1987	25-29	0.00151	0.00751	2.62	97071	729	483619	4689339	48.31
1987	30-34	0.00159	0.00793	2.5	96342	764	479799	4205720	43.65
1987	35-39	0.00212	0.01054	2.59	95578	1007	475459	3725920	38.98
1987	40-44	0.00284	0.01413	2.68	94571	1336	469750	3250461	34.37
1987	45-49	0.00452	0.02234	2.65	93235	2083	461276	2780711	29.82
1987	50-54	0.00756	0.03713	2.66	91152	3384	447850	2319435	25.45
1987	55-59	0.01267	0.06160	2.75	87768	5406	426671	1871585	21.32
1987	60-64	0.02115	0.10075	2.65	82362	8298	392286	1444914	17.54
1987	65-69	0.03266	0.15149	2.61	74063	11220	343514	1052628	14.21
1987	70-74	0.05143	0.22872	2.58	62843	14373	279484	709114	11.28
1987	75-79	0.07460	0.31515	2.54	48470	15275	204762	429630	8.86
1987	80-84	0.11156	0.43548	2.48	33195	14455	129579	224868	6.77
1987	85-89	0.16365	0.56648	2.28	18739	10615	64866	95289	5.09
1987	90-94	0.24362	0.71842	2.14	8124	5836	23956	30423	3.74
1987	95-99	0.33818	0.83193	1.95	2288	1903	5627	6467	2.83
1987	100-104	0.44890	0.90868	1.73	384	349	778	840	2.18
1987	105-109	0.56530	0.95216	1.52	35	33	59	62	1.76
1987	110+	0.65854	1.00000	1.52	2	2	3	3	1.52
1988	0	0.01241	0.01227	0.08	100000	1227	98869	7138758	71.39
1988	1-4	0.00055	0.00221	1.65	98773	218	394579	7039889	71.27
1988	5-9	0.00030	0.00151	2.42	98555	149	492388	6645310	67.43
1988	10-14	0.00036	0.00178	3	98406	175	491677	6152922	62.53
1988	15-19	0.00130	0.00647	2.78	98230	635	489740	5661245	57.63
1988	20-24	0.00156	0.00777	2.51	97595	759	486088	5171505	52.99
1988	25-29	0.00150	0.00747	2.39	96836	723	482295	4685417	48.38
1988	30-34	0.00164	0.00819	2.59	96113	787	478664	4203122	43.73
1988	35-39	0.00203	0.01011	2.57	95326	964	474290	3724458	39.07
1988	40-44	0.00274	0.01364	2.67	94362	1287	468820	3250168	34.44
1988	45-49	0.00441	0.02185	2.69	93076	2034	460682	2781347	29.88
1988	50-54	0.00745	0.03660	2.69	91042	3332	447507	2320665	25.49
1988	55-59	0.01295	0.06285	2.68	87710	5512	425765	1873158	21.36
1988	60-64	0.02065	0.09841	2.63	82198	8089	391798	1447393	17.61
1988	65-69	0.03188	0.14779	2.54	74109	10953	343552	1055595	14.24
1988	70-74	0.04989	0.22348	2.67	63156	14114	282920	712042	11.27
1988	75-79	0.07560	0.31809	2.51	49042	15600	206337	429122	8.75
1988	80-84	0.11384	0.43986	2.42	33442	14710	129215	222785	6.66
1988	85-89	0.17164	0.58597	2.29	18732	10976	63949	93570	5.00
1988	90-94	0.23610	0.70405	2.13	7756	5460	23128	29621	3.82
1988	95-99	0.33822	0.83161	1.94	2295	1909	5644	6493	2.83
1988	100-104	0.44604	0.90694	1.73	387	351	786	850	2.20
1988	105-109	0.55952	0.95042	1.53	36	34	61	64	1.77
1988	110+	0.65066	1.00000	1.54	2	2	3	3	1.54
1989	0	0.01178	0.01165	0.08	100000	1165	98924	7196889	71.97
1989	1-4	0.00050	0.00198	1.63	98835	196	394875	7097965	71.82
1989	5-9	0.00031	0.00157	2.39	98639	155	492791	6703089	67.96
1989	10-14	0.00034	0.00171	2.65	98484	168	492024	6210298	63.06
1989	15-19	0.00105	0.00523	2.64	98316	514	490364	5718274	58.16
1989	20-24	0.00142	0.00708	2.45	97801	693	487242	5227909	53.45
1989	25-29	0.00161	0.00800	2.48	97109	777	483584	4740667	48.82
1989	30-34	0.00168	0.00837	2.55	96332	806	479686	4257083	44.19
1989	35-39	0.00208	0.01034	2.61	95525	988	475267	3777397	39.54
1989	40-44	0.00284	0.01413	2.69	94537	1335	469596	3302130	34.93
1989	45-49	0.00412	0.02041	2.73	93202	1903	461683	2832533	30.39
1989	50-54	0.00665	0.03274	2.77	91299	2989	449819	2370851	25.97
1989	55-59	0.01233	0.05993	2.66	88310	5292	429156	1921032	21.75
1989	60-64	0.02022	0.09644	2.6	83018	8007	395894	1491876	17.97
1989	65-69	0.03083	0.14343	2.57	75011	10759	348938	1095982	14.61
1989	70-74	0.04660	0.20931	2.57	64252	13448	288613	747044	11.63
1989	75-79	0.07149	0.30316	2.49	50804	15402	215426	458430	9.02
1989	80-84	0.10781	0.42161	2.42	35402	14926	138449	243004	6.86
1989	85-89	0.16237	0.56708	2.34	20476	11612	71516	104555	5.11
1989	90-94	0.24518	0.72307	2.16	8864	6410	26143	33039	3.73
1989	95-99	0.34030	0.83424	1.95	2455	2048	6018	6897	2.81
1989	100-104	0.45437	0.91169	1.72	407	371	816	879	2.16
1989	105-109	0.57389	0.95457	1.5	36	34	60	62	1.73
1989	110+	0.66918	1.00000	1.49	2	2	2	2	1.49
1990	0	0.01160	0.01147	0.08	100000	1147	98940	7195939	71.96
1990	1-4	0.00055	0.00222	1.54	98853	219	394872	7096999	71.79
1990	5-9	0.00020	0.00101	2.28	98634	100	492896	6702127	67.95
1990	10-14	0.00032	0.00158	2.78	98534	155	492323	6209231	63.02
1990	15-19	0.00108	0.00541	2.93	98378	532	490787	5716907	58.11
1990	20-24	0.00141	0.00701	2.38	97846	686	487433	5226120	53.41
1990	25-29	0.00169	0.00841	2.58	97160	818	483825	4738688	48.77
1990	30-34	0.00186	0.00928	2.57	96343	894	479541	4254863	44.16
1990	35-39	0.00224	0.01112	2.59	95449	1061	474683	3775322	39.55
1990	40-44	0.00275	0.01364	2.6	94388	1288	468851	3300639	34.97
1990	45-49	0.00431	0.02134	2.68	93100	1987	460890	2831787	30.42
1990	50-54	0.00692	0.03406	2.7	91113	3104	448424	2370897	26.02
1990	55-59	0.01138	0.05548	2.73	88010	4883	428981	1922474	21.84
1990	60-64	0.01993	0.09526	2.69	83127	7918	397321	1493493	17.97
1990	65-69	0.03104	0.14428	2.56	75208	10851	349543	1096172	14.58
1990	70-74	0.04806	0.21518	2.57	64357	13848	288161	746629	11.60
1990	75-79	0.07120	0.30300	2.54	50509	15304	214944	458467	9.08
1990	80-84	0.10844	0.42411	2.43	35205	14931	137690	243523	6.92
1990	85-89	0.15821	0.55422	2.3	20274	11236	71021	105833	5.22
1990	90-94	0.23589	0.71439	2.24	9038	6457	27372	34812	3.85
1990	95-99	0.33088	0.82506	1.96	2581	2130	6437	7440	2.88
1990	100-104	0.44068	0.90442	1.74	452	408	927	1004	2.22
1990	105-109	0.55695	0.94988	1.53	43	41	74	77	1.78
1990	110+	0.65049	1.00000	1.54	2	2	3	3	1.54
1991	0	0.01058	0.01048	0.07	100000	1048	99029	7217193	72.17
1991	1-4	0.00056	0.00225	1.86	98952	223	395333	7118164	71.94
1991	5-9	0.00033	0.00163	2.19	98730	161	493197	6722831	68.09
1991	10-14	0.00033	0.00165	2.88	98569	163	492500	6229634	63.20
1991	15-19	0.00134	0.00669	2.85	98406	658	490617	5737134	58.30
1991	20-24	0.00128	0.00640	2.59	97748	625	487232	5246517	53.67
1991	25-29	0.00155	0.00771	2.6	97123	749	483816	4759285	49.00
1991	30-34	0.00201	0.01000	2.59	96374	963	479549	4275469	44.36
1991	35-39	0.00222	0.01104	2.55	95410	1053	474476	3795920	39.79
1991	40-44	0.00312	0.01550	2.59	94357	1463	468257	3321443	35.20
1991	45-49	0.00413	0.02047	2.62	92894	1902	459951	2853186	30.71
1991	50-54	0.00682	0.03359	2.67	90992	3056	447827	2393236	26.30
1991	55-59	0.01157	0.05633	2.65	87936	4954	428059	1945408	22.12
1991	60-64	0.01903	0.09109	2.65	82982	7559	397168	1517349	18.29
1991	65-69	0.02941	0.13738	2.61	75423	10362	352315	1120181	14.85
1991	70-74	0.04605	0.20721	2.59	65062	13482	292763	767867	11.80
1991	75-79	0.06814	0.29204	2.55	51580	15063	221060	475103	9.21
1991	80-84	0.10723	0.42098	2.45	36517	15373	143363	254044	6.96
1991	85-89	0.15900	0.55748	2.32	21144	11787	74135	110681	5.23
1991	90-94	0.22967	0.69681	2.18	9356	6520	28387	36546	3.91
1991	95-99	0.33161	0.82589	1.96	2837	2343	7065	8158	2.88
1991	100-104	0.44260	0.90553	1.74	494	447	1011	1093	2.21
1991	105-109	0.55999	0.95079	1.53	47	44	79	83	1.77
1991	110+	0.65430	1.00000	1.53	2	2	4	4	1.53
1992	0	0.01136	0.01124	0.08	100000	1124	98961	7238049	72.38
1992	1-4	0.00050	0.00198	1.73	98876	196	395060	7139089	72.20
1992	5-9	0.00022	0.00110	2.49	98680	109	493126	6744029	68.34
1992	10-14	0.00032	0.00157	2.91	98571	155	492532	6250902	63.42
1992	15-19	0.00120	0.00597	2.77	98416	587	490774	5758370	58.51
1992	20-24	0.00142	0.00710	2.54	97829	694	487436	5267597	53.84
1992	25-29	0.00171	0.00853	2.53	97135	829	483628	4780160	49.21
1992	30-34	0.00188	0.00933	2.48	96306	899	479259	4296532	44.61
1992	35-39	0.00213	0.01060	2.61	95407	1011	474620	3817273	40.01
1992	40-44	0.00281	0.01393	2.43	94396	1315	468595	3342653	35.41
1992	45-49	0.00419	0.02072	2.6	93081	1929	460766	2874058	30.88
1992	50-54	0.00633	0.03118	2.7	91152	2842	449225	2413292	26.48
1992	55-59	0.01101	0.05370	2.7	88310	4742	430644	1964068	22.24
1992	60-64	0.01800	0.08622	2.57	83568	7205	400365	1533424	18.35
1992	65-69	0.02953	0.13821	2.68	76362	10554	357357	1133058	14.84
1992	70-74	0.04522	0.20357	2.55	65809	13397	296269	775701	11.79
1992	75-79	0.06923	0.29522	2.51	52412	15473	223494	479432	9.15
1992	80-84	0.10708	0.42065	2.45	36939	15538	145108	255938	6.93
1992	85-89	0.15962	0.56384	2.4	21401	12066	75596	110830	5.18
1992	90-94	0.24013	0.71220	2.14	9334	6648	27685	35234	3.77
1992	95-99	0.34005	0.83417	1.95	2686	2241	6590	7550	2.81
1992	100-104	0.45540	0.91231	1.72	445	406	892	960	2.15
1992	105-109	0.57621	0.95523	1.5	39	37	65	67	1.72
1992	110+	0.67239	1.00000	1.49	2	2	3	3	1.49
1993	0	0.01093	0.01082	0.07	100000	1082	98998	7223110	72.23
1993	1-4	0.00048	0.00191	1.78	98918	189	395251	7124112	72.02
1993	5-9	0.00020	0.00100	2.27	98729	99	493373	6728860	68.16
1993	10-14	0.00028	0.00141	3.03	98630	139	492875	6235487	63.22
1993	15-19	0.00106	0.00529	2.84	98491	521	491325	5742611	58.31
1993	20-24	0.00135	0.00670	2.47	97970	657	488185	5251286	53.60
1993	25-29	0.00150	0.00748	2.56	97313	728	484789	4763101	48.95
1993	30-34	0.00183	0.00913	2.44	96585	881	480669	4278312	44.30
1993	35-39	0.00226	0.01123	2.65	95704	1075	475995	3797644	39.68
1993	40-44	0.00302	0.01499	2.54	94629	1419	469650	3321649	35.10
1993	45-49	0.00426	0.02110	2.65	93210	1967	461427	2851998	30.60
1993	50-54	0.00727	0.03573	2.66	91244	3260	448587	2390572	26.20
1993	55-59	0.01135	0.05530	2.7	87983	4866	428702	1941985	22.07
1993	60-64	0.01879	0.09003	2.67	83117	7483	398162	1513283	18.21
1993	65-69	0.02972	0.13883	2.63	75634	10500	353298	1115121	14.74
1993	70-74	0.04556	0.20539	2.61	65134	13378	293645	761823	11.70
1993	75-79	0.06923	0.29545	2.52	51756	15291	220879	468178	9.05
1993	80-84	0.10778	0.42332	2.47	36465	15436	143218	247299	6.78
1993	85-89	0.17081	0.58578	2.32	21028	12318	72117	104081	4.95
1993	90-94	0.24765	0.72719	2.16	8710	6334	25577	31964	3.67
1993	95-99	0.35714	0.84955	1.91	2376	2019	5653	6388	2.69
1993	100-104	0.47851	0.92324	1.67	358	330	690	735	2.06
1993	105-109	0.60314	0.96168	1.46	27	26	44	45	1.65
1993	110+	0.70067	1.00000	1.43	1	1	2	2	1.43
1994	0	0.00990	0.00981	0.07	100000	981	99089	7243302	72.43
1994	1-4	0.00056	0.00223	1.54	99019	221	395532	7144213	72.15
1994	5-9	0.00020	0.00099	2.08	98798	98	493705	6748680	68.31
1994	10-14	0.00032	0.00160	2.83	98700	158	493159	6254975	63.37
1994	15-19	0.00117	0.00583	2.72	98542	575	491399	5761816	58.47
1994	20-24	0.00157	0.00779	2.4	97967	764	487854	5270416	53.80
1994	25-29	0.00150	0.00747	2.51	97204	726	484214	4782562	49.20
1994	30-34	0.00189	0.00940	2.59	96478	907	480202	4298348	44.55
1994	35-39	0.00232	0.01154	2.52	95571	1103	475122	3818146	39.95
1994	40-44	0.00319	0.01585	2.65	94468	1497	468814	3343025	35.39
1994	45-49	0.00431	0.02132	2.7	92971	1982	460288	2874210	30.92
1994	50-54	0.00692	0.03406	2.64	90988	3099	447624	2413922	26.53
1994	55-59	0.01079	0.05263	2.66	87890	4625	428612	1966299	22.37
1994	60-64	0.01768	0.08490	2.68	83264	7069	399945	1537687	18.47
1994	65-69	0.02878	0.13488	2.67	76195	10277	357063	1137742	14.93
1994	70-74	0.04434	0.19999	2.55	65918	13183	297302	780679	11.84
1994	75-79	0.06658	0.28584	2.53	52734	15074	226395	483378	9.17
1994	80-84	0.10735	0.42323	2.5	37661	15939	148482	256983	6.82
1994	85-89	0.16580	0.57684	2.36	21722	12530	75574	108501	5.00
1994	90-94	0.25475	0.73207	2.1	9192	6729	26414	32927	3.58
1994	95-99	0.36344	0.85513	1.9	2463	2106	5794	6513	2.64
1994	100-104	0.48911	0.92794	1.66	357	331	677	718	2.01
1994	105-109	0.61695	0.96469	1.44	26	25	40	41	1.61
1994	110+	0.71595	1.00000	1.4	1	1	1	1	1.40
1995	0	0.00944	0.00936	0.07	100000	936	99130	7248121	72.48
1995	1-4	0.00053	0.00213	1.8	99064	211	395792	7148991	72.17
1995	5-9	0.00028	0.00142	2.27	98853	141	493882	6753199	68.32
1995	10-14	0.00029	0.00146	2.92	98713	144	493263	6259316	63.41
1995	15-19	0.00116	0.00577	2.73	98568	569	491550	5766053	58.50
1995	20-24	0.00168	0.00836	2.34	98000	819	487822	5274503	53.82
1995	25-29	0.00137	0.00683	2.53	97180	664	484259	4786681	49.26
1995	30-34	0.00189	0.00943	2.57	96516	910	480372	4302422	44.58
1995	35-39	0.00228	0.01132	2.57	95606	1082	475401	3822050	39.98
1995	40-44	0.00318	0.01579	2.59	94524	1493	469029	3346649	35.41
1995	45-49	0.00437	0.02164	2.67	93032	2014	460468	2877620	30.93
1995	50-54	0.00686	0.03377	2.7	91018	3074	448026	2417152	26.56
1995	55-59	0.01081	0.05273	2.72	87944	4637	429145	1969126	22.39
1995	60-64	0.01763	0.08457	2.61	83307	7045	399675	1539982	18.49
1995	65-69	0.02938	0.13729	2.62	76262	10470	356393	1140307	14.95
1995	70-74	0.04335	0.19594	2.55	65792	12891	297375	783914	11.92
1995	75-79	0.06666	0.28736	2.6	52901	15201	228051	486539	9.20
1995	80-84	0.10698	0.42121	2.48	37699	15879	148433	258488	6.86
1995	85-89	0.16645	0.58134	2.41	21820	12685	76210	110055	5.04
1995	90-94	0.24533	0.72364	2.17	9135	6611	26945	33845	3.70
1995	95-99	0.35063	0.84394	1.93	2525	2131	6076	6899	2.73
1995	100-104	0.47043	0.91962	1.69	394	362	770	823	2.09
1995	105-109	0.59432	0.95970	1.47	32	30	51	53	1.67
1995	110+	0.69185	1.00000	1.45	1	1	2	2	1.45
1996	0	0.00964	0.00955	0.07	100000	955	99112	7291948	72.92
1996	1-4	0.00045	0.00180	1.74	99045	178	395775	7192836	72.62
1996	5-9	0.00021	0.00103	2.44	98867	102	494073	6797061	68.75
1996	10-14	0.00029	0.00144	2.81	98765	142	493513	6302988	63.82
1996	15-19	0.00113	0.00562	2.98	98623	554	491993	5809475	58.91
1996	20-24	0.00145	0.00722	2.43	98069	708	488523	5317482	54.22
1996	25-29	0.00126	0.00630	2.47	97361	613	485254	4828959	49.60
1996	30-34	0.00176	0.00876	2.5	96747	848	481619	4343705	44.90
1996	35-39	0.00196	0.00973	2.52	95900	933	477181	3862086	40.27
1996	40-44	0.00298	0.01479	2.59	94966	1405	471452	3384905	35.64
1996	45-49	0.00415	0.02055	2.66	93561	1923	463312	2913453	31.14
1996	50-54	0.00657	0.03236	2.69	91639	2965	451330	2450141	26.74
1996	55-59	0.01049	0.05122	2.68	88674	4542	432825	1998811	22.54
1996	60-64	0.01746	0.08386	2.64	84132	7055	404003	1565986	18.61
1996	65-69	0.02780	0.13049	2.66	77077	10058	361827	1161983	15.08
1996	70-74	0.04492	0.20217	2.53	67019	13549	301626	800156	11.94
1996	75-79	0.06495	0.28036	2.56	53469	14991	230802	498529	9.32
1996	80-84	0.10419	0.41262	2.48	38479	15877	152389	267727	6.96
1996	85-89	0.16399	0.56931	2.32	22602	12867	78464	115338	5.10
1996	90-94	0.23897	0.71674	2.21	9734	6977	29196	36874	3.79
1996	95-99	0.34342	0.83752	1.94	2757	2309	6725	7677	2.78
1996	100-104	0.46166	0.91554	1.7	448	410	888	953	2.13
1996	105-109	0.58492	0.95749	1.49	38	36	62	64	1.70
1996	110+	0.68253	1.00000	1.47	2	2	2	2	1.47
1997	0	0.00903	0.00896	0.07	100000	896	99166	7310755	73.11
1997	1-4	0.00040	0.00160	1.66	99104	159	396045	7211589	72.77
1997	5-9	0.00024	0.00121	2.24	98945	120	494394	6815544	68.88
1997	10-14	0.00031	0.00154	3.22	98825	152	493854	6321150	63.96
1997	15-19	0.00110	0.00547	2.74	98673	540	492144	5827296	59.06
1997	20-24	0.00151	0.00754	2.49	98133	740	488806	5335152	54.37
1997	25-29	0.00149	0.00743	2.52	97393	724	485167	4846346	49.76
1997	30-34	0.00174	0.00864	2.48	96669	836	481237	4361180	45.11
1997	35-39	0.00202	0.01005	2.59	95833	963	476846	3879943	40.49
1997	40-44	0.00292	0.01449	2.65	94870	1375	471115	3403097	35.87
1997	45-49	0.00418	0.02067	2.61	93495	1933	462861	2931982	31.36
1997	50-54	0.00615	0.03033	2.7	91563	2777	451423	2469121	26.97
1997	55-59	0.00955	0.04671	2.67	88786	4147	434254	2017698	22.73
1997	60-64	0.01716	0.08246	2.66	84638	6979	406825	1583445	18.71
1997	65-69	0.02758	0.12944	2.63	77659	10052	364441	1176620	15.15
1997	70-74	0.04345	0.19603	2.51	67607	13253	304992	812179	12.01
1997	75-79	0.06418	0.27612	2.47	54354	15008	233856	507186	9.33
1997	80-84	0.10484	0.41388	2.46	39346	16284	155326	273330	6.95
1997	85-89	0.16315	0.56888	2.34	23061	13119	80412	118004	5.12
1997	90-94	0.23826	0.70642	2.12	9942	7023	29478	37592	3.78
1997	95-99	0.34404	0.83804	1.94	2919	2446	7110	8114	2.78
1997	100-104	0.46210	0.91572	1.7	473	433	937	1004	2.12
1997	105-109	0.58511	0.95752	1.49	40	38	65	68	1.70
1997	110+	0.68252	1.00000	1.47	2	2	2	2	1.47
1998	0	0.00845	0.00839	0.07	100000	839	99218	7328996	73.29
1998	1-4	0.00040	0.00162	1.61	99161	160	396262	7229778	72.91
1998	5-9	0.00021	0.00106	2.31	99001	105	494725	6833516	69.02
1998	10-14	0.00029	0.00144	2.68	98897	142	494152	6338791	64.10
1998	15-19	0.00094	0.00469	2.94	98754	463	492817	5844639	59.18
1998	20-24	0.00145	0.00724	2.43	98291	711	489623	5351823	54.45
1998	25-29	0.00124	0.00616	2.46	97580	601	486373	4862199	49.83
1998	30-34	0.00159	0.00792	2.45	96978	768	482935	4375826	45.12
1998	35-39	0.00190	0.00946	2.7	96210	910	478957	3892891	40.46
1998	40-44	0.00294	0.01460	2.67	95301	1392	473266	3413934	35.82
1998	45-49	0.00409	0.02027	2.65	93909	1903	465077	2940668	31.31
1998	50-54	0.00590	0.02911	2.6	92006	2678	453604	2475591	26.91
1998	55-59	0.01117	0.05437	2.57	89328	4856	434838	2021987	22.64
1998	60-64	0.01753	0.08422	2.67	84471	7115	405766	1587149	18.79
1998	65-69	0.02697	0.12669	2.62	77357	9800	363438	1181383	15.27
1998	70-74	0.04255	0.19290	2.58	67556	13032	306267	817945	12.11
1998	75-79	0.06452	0.27849	2.54	54525	15185	235343	511678	9.38
1998	80-84	0.10156	0.40398	2.47	39340	15892	156477	276336	7.02
1998	85-89	0.16086	0.56228	2.32	23448	13184	81960	119858	5.11
1998	90-94	0.24700	0.72707	2.17	10263	7462	30212	37898	3.69
1998	95-99	0.34879	0.84272	1.93	2801	2361	6768	7686	2.74
1998	100-104	0.47160	0.92042	1.69	441	406	860	918	2.08
1998	105-109	0.59860	0.96081	1.47	35	34	56	58	1.66
1998	110+	0.69825	1.00000	1.43	1	1	2	2	1.43
1999	0	0.00948	0.00939	0.07	100000	939	99127	7323967	73.24
1999	1-4	0.00049	0.00195	1.55	99061	193	395768	7224840	72.93
1999	5-9	0.00020	0.00100	2.34	98867	99	494072	6829072	69.07
1999	10-14	0.00027	0.00134	3.06	98768	132	493585	6334999	64.14
1999	15-19	0.00102	0.00510	3.02	98636	503	492184	5841415	59.22
1999	20-24	0.00128	0.00636	2.73	98133	624	489248	5349231	54.51
1999	25-29	0.00136	0.00676	2.53	97509	660	485918	4859982	49.84
1999	30-34	0.00161	0.00804	2.63	96850	779	482401	4374064	45.16
1999	35-39	0.00199	0.00988	2.61	96071	949	478089	3891663	40.51
1999	40-44	0.00281	0.01398	2.6	95122	1329	472416	3413574	35.89
1999	45-49	0.00437	0.02165	2.78	93792	2031	464457	2941158	31.36
1999	50-54	0.00668	0.03289	2.69	91761	3018	451845	2476700	26.99
1999	55-59	0.01029	0.05024	2.64	88743	4459	433203	2024855	22.82
1999	60-64	0.01625	0.07827	2.66	84285	6597	406012	1591652	18.88
1999	65-69	0.02722	0.12800	2.67	77687	9944	365252	1185640	15.26
1999	70-74	0.04227	0.19174	2.58	67744	12989	307267	820388	12.11
1999	75-79	0.06386	0.27610	2.55	54755	15118	236717	513122	9.37
1999	80-84	0.10179	0.40502	2.48	39637	16054	157718	276405	6.97
1999	85-89	0.16278	0.56878	2.35	23583	13414	82407	118687	5.03
1999	90-94	0.25508	0.73311	2.1	10170	7455	29228	36280	3.57
1999	95-99	0.37020	0.86120	1.9	2714	2337	6314	7052	2.60
1999	100-104	0.50300	0.93381	1.63	377	352	699	738	1.96
1999	105-109	0.63637	0.96858	1.41	25	24	38	39	1.56
1999	110+	0.73789	1.00000	1.36	1	1	1	1	1.36
2000	0	0.00849	0.00842	0.07	100000	842	99215	7332452	73.32
2000	1-4	0.00051	0.00204	1.4	99158	202	396107	7233238	72.95
2000	5-9	0.00020	0.00102	2.3	98956	101	494507	6837131	69.09
2000	10-14	0.00026	0.00128	2.85	98855	127	494003	6342623	64.16
2000	15-19	0.00105	0.00526	2.9	98729	520	492551	5848620	59.24
2000	20-24	0.00142	0.00706	2.44	98209	693	489274	5356069	54.54
2000	25-29	0.00139	0.00693	2.6	97516	676	485961	4866795	49.91
2000	30-34	0.00139	0.00695	2.55	96840	673	482551	4380834	45.24
2000	35-39	0.00204	0.01014	2.63	96167	975	478526	3898283	40.54
2000	40-44	0.00288	0.01429	2.67	95192	1360	472792	3419757	35.92
2000	45-49	0.00463	0.02292	2.62	93832	2151	464036	2946964	31.41
2000	50-54	0.00648	0.03191	2.67	91681	2925	451579	2482928	27.08
2000	55-59	0.01028	0.05017	2.64	88756	4453	433271	2031349	22.89
2000	60-64	0.01642	0.07916	2.73	84303	6673	406359	1598078	18.96
2000	65-69	0.02644	0.12431	2.61	77629	9650	365037	1191719	15.35
2000	70-74	0.04079	0.18538	2.54	67979	12602	308918	826682	12.16
2000	75-79	0.06379	0.27588	2.55	55378	15277	239505	517764	9.35
2000	80-84	0.10175	0.40538	2.49	40100	16256	159756	278259	6.94
2000	85-89	0.16258	0.56666	2.33	23845	13512	83109	118502	4.97
2000	90-94	0.26853	0.75243	2.08	10333	7775	28953	35394	3.43
2000	95-99	0.38312	0.87135	1.87	2558	2229	5818	6441	2.52
2000	100-104	0.52165	0.94071	1.6	329	310	593	623	1.89
2000	105-109	0.65814	0.97234	1.38	20	19	29	30	1.51
2000	110+	0.75990	1.00000	1.32	1	1	1	1	1.32
2001	0	0.00826	0.00820	0.07	100000	820	99235	7349513	73.50
2001	1-4	0.00037	0.00150	1.69	99180	148	396379	7250277	73.10
2001	5-9	0.00017	0.00087	2.32	99032	86	494930	6853899	69.21
2001	10-14	0.00026	0.00129	2.86	98946	127	494459	6358969	64.27
2001	15-19	0.00103	0.00512	2.87	98819	506	493019	5864510	59.35
2001	20-24	0.00158	0.00789	2.55	98313	776	489661	5371491	54.64
2001	25-29	0.00141	0.00700	2.52	97537	683	485993	4881830	50.05
2001	30-34	0.00142	0.00707	2.54	96854	684	482584	4395838	45.39
2001	35-39	0.00220	0.01094	2.7	96170	1052	478433	3913253	40.69
2001	40-44	0.00294	0.01460	2.64	95118	1389	472305	3434820	36.11
2001	45-49	0.00459	0.02271	2.61	93729	2129	463550	2962515	31.61
2001	50-54	0.00659	0.03247	2.74	91600	2974	451290	2498964	27.28
2001	55-59	0.00964	0.04715	2.69	88626	4179	433475	2047674	23.10
2001	60-64	0.01631	0.07861	2.72	84447	6638	407095	1614199	19.12
2001	65-69	0.02630	0.12371	2.61	77808	9626	366019	1207104	15.51
2001	70-74	0.03972	0.18094	2.55	68182	12337	310629	841086	12.34
2001	75-79	0.06169	0.26851	2.59	55845	14995	243064	530456	9.50
2001	80-84	0.09972	0.39836	2.48	40850	16273	163182	287392	7.04
2001	85-89	0.16588	0.57598	2.35	24577	14156	85340	124210	5.05
2001	90-94	0.23977	0.71564	2.18	10421	7458	31104	38870	3.73
2001	95-99	0.36672	0.85846	1.9	2963	2544	6937	7765	2.62
2001	100-104	0.49898	0.93229	1.64	419	391	784	828	1.98
2001	105-109	0.63235	0.96785	1.42	28	27	43	45	1.57
2001	110+	0.73420	1.00000	1.36	1	1	1	1	1.36
2002	0	0.00835	0.00828	0.07	100000	828	99228	7374930	73.75
2002	1-4	0.00046	0.00183	1.46	99172	182	396225	7275702	73.36
2002	5-9	0.00015	0.00074	2.26	98990	73	494750	6879477	69.50
2002	10-14	0.00023	0.00114	2.67	98917	113	494321	6384727	64.55
2002	15-19	0.00102	0.00509	3.02	98804	503	493026	5890406	59.62
2002	20-24	0.00141	0.00705	2.56	98301	693	489816	5397380	54.91
2002	25-29	0.00138	0.00688	2.62	97608	672	486446	4907564	50.28
2002	30-34	0.00141	0.00702	2.47	96937	681	482961	4421118	45.61
2002	35-39	0.00203	0.01010	2.61	96256	972	478958	3938157	40.91
2002	40-44	0.00302	0.01500	2.65	95284	1429	473057	3459199	36.30
2002	45-49	0.00460	0.02276	2.59	93854	2136	464123	2986142	31.82
2002	50-54	0.00659	0.03244	2.58	91718	2975	451382	2522019	27.50
2002	55-59	0.00991	0.04844	2.67	88742	4299	433676	2070637	23.33
2002	60-64	0.01616	0.07788	2.68	84444	6576	406978	1636961	19.39
2002	65-69	0.02458	0.11604	2.6	77867	9035	367656	1229983	15.80
2002	70-74	0.03881	0.17747	2.59	68832	12216	314761	862327	12.53
2002	75-79	0.05965	0.25997	2.53	56616	14718	246735	547567	9.67
2002	80-84	0.09455	0.38249	2.5	41898	16026	169497	300832	7.18
2002	85-89	0.16051	0.56767	2.42	25872	14687	91505	131335	5.08
2002	90-94	0.25448	0.74126	2.18	11185	8291	32581	39830	3.56
2002	95-99	0.38491	0.87341	1.87	2894	2528	6567	7249	2.50
2002	100-104	0.53046	0.94403	1.59	366	346	652	682	1.86
2002	105-109	0.67245	0.97468	1.36	21	20	30	30	1.48
2002	110+	0.77643	1.00000	1.29	1	1	1	1	1.29
2003	0	0.00921	0.00913	0.07	100000	913	99151	7369582	73.70
2003	1-4	0.00036	0.00142	1.95	99087	141	396061	7270431	73.37
2003	5-9	0.00015	0.00075	2.27	98947	74	494531	6874370	69.48
2003	10-14	0.00019	0.00096	2.94	98873	95	494168	6379839	64.53
2003	15-19	0.00081	0.00403	3.06	98778	398	493115	5885671	59.59
2003	20-24	0.00156	0.00775	2.67	98379	763	490120	5392556	54.81
2003	25-29	0.00140	0.00695	2.46	97616	679	486355	4902436	50.22
2003	30-34	0.00170	0.00847	2.45	96938	821	482594	4416081	45.56
2003	35-39	0.00205	0.01018	2.55	96117	978	478189	3933487	40.92
2003	40-44	0.00304	0.01509	2.63	95139	1436	472295	3455298	36.32
2003	45-49	0.00466	0.02305	2.61	93703	2160	463353	2983003	31.83
2003	50-54	0.00676	0.03328	2.68	91543	3046	450654	2519650	27.52
2003	55-59	0.00976	0.04772	2.68	88497	4223	432688	2068997	23.38
2003	60-64	0.01594	0.07679	2.61	84274	6471	405900	1636308	19.42
2003	65-69	0.02457	0.11611	2.63	77803	9034	367631	1230409	15.81
2003	70-74	0.03784	0.17325	2.57	68769	11914	314836	862777	12.55
2003	75-79	0.06070	0.26420	2.55	56855	15021	247456	547941	9.64
2003	80-84	0.09428	0.38242	2.53	41833	15998	169678	300485	7.18
2003	85-89	0.15701	0.55715	2.39	25835	14394	91678	130807	5.06
2003	90-94	0.26807	0.75607	2.12	11441	8650	32269	39129	3.42
2003	95-99	0.39287	0.87932	1.86	2791	2454	6247	6861	2.46
2003	100-104	0.54246	0.94790	1.57	337	319	589	614	1.82
2003	105-109	0.68639	0.97667	1.34	18	17	25	25	1.45
2003	110+	0.79005	1.00000	1.27	0	0	1	1	1.27
2004	0	0.00850	0.00843	0.07	100000	843	99214	7429548	74.30
2004	1-4	0.00038	0.00151	1.7	99157	150	396284	7330334	73.93
2004	5-9	0.00021	0.00104	2.85	99007	103	494815	6934050	70.04
2004	10-14	0.00024	0.00121	3.07	98904	119	494289	6439236	65.11
2004	15-19	0.00092	0.00460	2.69	98785	455	492875	5944946	60.18
2004	20-24	0.00143	0.00712	2.72	98330	700	490050	5452072	55.45
2004	25-29	0.00143	0.00711	2.5	97630	694	486414	4962022	50.83
2004	30-34	0.00152	0.00758	2.58	96935	735	482898	4475607	46.17
2004	35-39	0.00182	0.00905	2.61	96200	870	478923	3992709	41.50
2004	40-44	0.00303	0.01505	2.64	95330	1435	473261	3513786	36.86
2004	45-49	0.00461	0.02280	2.64	93895	2141	464416	3040525	32.38
2004	50-54	0.00642	0.03162	2.57	91754	2901	451728	2576110	28.08
2004	55-59	0.00922	0.04512	2.63	88853	4009	434771	2124382	23.91
2004	60-64	0.01541	0.07437	2.66	84844	6310	409427	1689611	19.91
2004	65-69	0.02253	0.10689	2.61	78534	8394	372594	1280184	16.30
2004	70-74	0.03578	0.16475	2.6	70139	11555	322961	907590	12.94
2004	75-79	0.05616	0.24753	2.61	58584	14501	258216	584629	9.98
2004	80-84	0.09196	0.37389	2.5	44083	16482	179226	326414	7.40
2004	85-89	0.14777	0.53470	2.42	27600	14758	99874	147188	5.33
2004	90-94	0.24618	0.72918	2.21	12842	9364	38039	47314	3.68
2004	95-99	0.35910	0.85305	1.92	3478	2967	8262	9275	2.67
2004	100-104	0.49673	0.93190	1.65	511	476	959	1013	1.98
2004	105-109	0.63595	0.96873	1.41	35	34	53	54	1.57
2004	110+	0.74167	1.00000	1.35	1	1	1	1	1.35
2005	0	0.00903	0.00895	0.07	100000	895	99167	7414447	74.14
2005	1-4	0.00040	0.00162	1.56	99105	160	396028	7315280	73.81
2005	5-9	0.00019	0.00097	2.57	98944	96	494488	6919252	69.93
2005	10-14	0.00023	0.00117	2.86	98848	116	493994	6424764	65.00
2005	15-19	0.00087	0.00432	2.84	98732	427	492741	5930770	60.07
2005	20-24	0.00166	0.00828	2.52	98306	814	489509	5438029	55.32
2005	25-29	0.00155	0.00772	2.52	97492	752	485597	4948520	50.76
2005	30-34	0.00163	0.00813	2.58	96740	787	481795	4462923	46.13
2005	35-39	0.00185	0.00920	2.66	95953	883	477702	3981128	41.49
2005	40-44	0.00281	0.01397	2.61	95070	1328	472182	3503426	36.85
2005	45-49	0.00452	0.02235	2.64	93742	2095	463777	3031245	32.34
2005	50-54	0.00669	0.03291	2.62	91647	3017	451062	2567468	28.01
2005	55-59	0.00959	0.04689	2.65	88631	4156	433391	2116406	23.88
2005	60-64	0.01508	0.07290	2.71	84475	6158	408287	1683015	19.92
2005	65-69	0.02284	0.10842	2.67	78317	8491	371799	1274729	16.28
2005	70-74	0.03610	0.16618	2.61	69826	11604	321444	902929	12.93
2005	75-79	0.05610	0.24710	2.59	58222	14386	256443	581485	9.99
2005	80-84	0.09004	0.36782	2.51	43835	16124	179074	325042	7.42
2005	85-89	0.15174	0.54360	2.39	27712	15064	99272	145968	5.27
2005	90-94	0.24421	0.73171	2.26	12648	9254	37896	46696	3.69
2005	95-99	0.37025	0.86251	1.9	3393	2927	7905	8800	2.59
2005	100-104	0.51405	0.93858	1.62	467	438	852	895	1.92
2005	105-109	0.65690	0.97236	1.38	29	28	42	43	1.52
2005	110+	0.76309	1.00000	1.31	1	1	1	1	1.31
2006	0	0.00860	0.00854	0.07	100000	854	99205	7416107	74.16
2006	1-4	0.00033	0.00132	1.57	99146	131	396268	7316902	73.80
2006	5-9	0.00022	0.00108	2.49	99016	106	494812	6920635	69.89
2006	10-14	0.00022	0.00111	2.74	98909	110	494297	6425823	64.97
2006	15-19	0.00087	0.00432	3	98799	427	493142	5931526	60.04
2006	20-24	0.00148	0.00738	2.54	98372	726	490074	5438384	55.28
2006	25-29	0.00179	0.00889	2.53	97646	868	486086	4948310	50.68
2006	30-34	0.00163	0.00813	2.45	96778	787	481882	4462224	46.11
2006	35-39	0.00210	0.01046	2.51	95991	1004	477456	3980342	41.47
2006	40-44	0.00315	0.01566	2.64	94987	1487	471430	3502886	36.88
2006	45-49	0.00475	0.02350	2.71	93500	2197	462461	3031457	32.42
2006	50-54	0.00680	0.03344	2.59	91303	3053	449157	2568995	28.14
2006	55-59	0.00966	0.04719	2.59	88250	4165	431201	2119839	24.02
2006	60-64	0.01465	0.07086	2.71	84085	5958	406803	1688638	20.08
2006	65-69	0.02312	0.10955	2.61	78126	8559	370208	1281835	16.41
2006	70-74	0.03526	0.16247	2.59	69568	11303	320588	911626	13.10
2006	75-79	0.05435	0.23987	2.55	58265	13976	257129	591038	10.14
2006	80-84	0.08743	0.35954	2.53	44289	15924	182138	333909	7.54
2006	85-89	0.14752	0.53192	2.38	28365	15088	102275	151770	5.35
2006	90-94	0.24038	0.71343	2.15	13277	9472	39405	49495	3.73
2006	95-99	0.36108	0.85516	1.92	3805	3254	9011	10090	2.65
2006	100-104	0.50312	0.93462	1.64	551	515	1024	1079	1.96
2006	105-109	0.64590	0.97058	1.4	36	35	54	56	1.54
2006	110+	0.75316	1.00000	1.33	1	1	1	1	1.33
2007	0	0.00844	0.00837	0.07	100000	837	99219	7485948	74.86
2007	1-4	0.00031	0.00124	1.61	99163	123	396356	7386729	74.49
2007	5-9	0.00016	0.00082	2.29	99039	81	494976	6990373	70.58
2007	10-14	0.00022	0.00112	2.61	98958	111	494524	6495397	65.64
2007	15-19	0.00093	0.00464	3.09	98847	459	493360	6000873	60.71
2007	20-24	0.00146	0.00729	2.54	98388	717	490180	5507513	55.98
2007	25-29	0.00165	0.00823	2.45	97671	804	486308	5017333	51.37
2007	30-34	0.00171	0.00851	2.56	96868	824	482328	4531024	46.78
2007	35-39	0.00197	0.00980	2.66	96043	942	478014	4048697	42.15
2007	40-44	0.00291	0.01445	2.67	95102	1374	472302	3570683	37.55
2007	45-49	0.00448	0.02218	2.61	93727	2079	463671	3098380	33.06
2007	50-54	0.00647	0.03188	2.65	91649	2921	451363	2634709	28.75
2007	55-59	0.00918	0.04492	2.6	88727	3986	434090	2183346	24.61
2007	60-64	0.01397	0.06763	2.68	84741	5731	410388	1749256	20.64
2007	65-69	0.02069	0.09867	2.65	79010	7796	376751	1338868	16.95
2007	70-74	0.03450	0.15939	2.61	71214	11351	328983	962117	13.51
2007	75-79	0.04948	0.22137	2.62	59863	13252	267807	633134	10.58
2007	80-84	0.08267	0.34354	2.54	46611	16013	193690	365327	7.84
2007	85-89	0.14028	0.51427	2.41	30599	15736	112170	171636	5.61
2007	90-94	0.22098	0.68561	2.23	14863	10190	46114	59466	4.00
2007	95-99	0.33204	0.82896	1.98	4673	3874	11666	13352	2.86
2007	100-104	0.46479	0.91839	1.71	799	734	1579	1687	2.11
2007	105-109	0.60354	0.96244	1.46	65	63	104	107	1.65
2007	110+	0.71176	1.00000	1.4	2	2	3	3	1.40
2008	0	0.00792	0.00787	0.07	100000	787	99265	7460770	74.61
2008	1-4	0.00039	0.00155	1.69	99213	154	396498	7361505	74.20
2008	5-9	0.00018	0.00091	2.65	99060	90	495087	6965007	70.31
2008	10-14	0.00020	0.00099	2.73	98970	98	494626	6469920	65.37
2008	15-19	0.00091	0.00455	2.97	98871	450	493445	5975293	60.43
2008	20-24	0.00126	0.00629	2.59	98422	619	490614	5481848	55.70
2008	25-29	0.00163	0.00809	2.65	97803	792	487153	4991235	51.03
2008	30-34	0.00177	0.00881	2.44	97011	854	482863	4504082	46.43
2008	35-39	0.00193	0.00958	2.47	96157	921	478451	4021218	41.82
2008	40-44	0.00292	0.01451	2.72	95235	1382	473020	3542767	37.20
2008	45-49	0.00435	0.02157	2.8	93853	2024	464808	3069747	32.71
2008	50-54	0.00618	0.03049	2.7	91829	2800	452702	2604939	28.37
2008	55-59	0.00999	0.04877	2.61	89029	4342	434779	2152237	24.17
2008	60-64	0.01502	0.07251	2.61	84687	6141	408739	1717459	20.28
2008	65-69	0.02211	0.10508	2.64	78546	8253	373227	1308720	16.66
2008	70-74	0.03357	0.15533	2.6	70293	10919	325265	935493	13.31
2008	75-79	0.05322	0.23517	2.53	59374	13963	262337	610227	10.28
2008	80-84	0.08620	0.35518	2.52	45411	16129	187115	347890	7.66
2008	85-89	0.14141	0.51618	2.39	29282	15115	106888	160775	5.49
2008	90-94	0.23640	0.71618	2.25	14168	10146	42920	53887	3.80
2008	95-99	0.34993	0.84562	1.94	4021	3400	9717	10966	2.73
2008	100-104	0.48881	0.92899	1.66	621	577	1180	1249	2.01
2008	105-109	0.63054	0.96786	1.42	44	43	68	70	1.58
2008	110+	0.73855	1.00000	1.35	1	1	2	2	1.35
2009	0	0.00816	0.00810	0.07	100000	810	99244	7492599	74.93
2009	1-4	0.00030	0.00119	1.38	99190	118	396451	7393355	74.54
2009	5-9	0.00014	0.00072	2.62	99072	72	495189	6996904	70.62
2009	10-14	0.00022	0.00108	2.7	99000	107	494755	6501715	65.67
2009	15-19	0.00061	0.00305	3.22	98893	301	493929	6006961	60.74
2009	20-24	0.00137	0.00684	2.64	98592	675	491367	5513031	55.92
2009	25-29	0.00144	0.00717	2.42	97917	703	487774	5021665	51.28
2009	30-34	0.00170	0.00847	2.56	97215	824	484061	4533890	46.64
2009	35-39	0.00206	0.01025	2.55	96391	988	479534	4049830	42.01
2009	40-44	0.00298	0.01479	2.57	95403	1411	473588	3570295	37.42
2009	45-49	0.00468	0.02317	2.7	93992	2178	464952	3096707	32.95
2009	50-54	0.00688	0.03386	2.65	91814	3109	451757	2631755	28.66
2009	55-59	0.00957	0.04679	2.62	88705	4151	433629	2179998	24.58
2009	60-64	0.01429	0.06909	2.61	84554	5842	408817	1746369	20.65
2009	65-69	0.02157	0.10246	2.56	78713	8065	373888	1337552	16.99
2009	70-74	0.03225	0.14964	2.6	70648	10572	327827	963664	13.64
2009	75-79	0.05059	0.22512	2.56	60076	13524	267325	635837	10.58
2009	80-84	0.08121	0.33820	2.53	46552	15744	193873	368512	7.92
2009	85-89	0.13419	0.49974	2.45	30808	15396	114735	174640	5.67
2009	90-94	0.23028	0.70404	2.24	15412	10851	47119	59905	3.89
2009	95-99	0.33901	0.83609	1.97	4561	3814	11249	12786	2.80
2009	100-104	0.47787	0.92460	1.68	748	691	1447	1537	2.06
2009	105-109	0.62127	0.96621	1.43	56	54	88	90	1.60
2009	110+	0.73137	1.00000	1.37	2	2	3	3	1.37
2010	0	0.00859	0.00852	0.07	100000	852	99206	7497830	74.98
2010	1-4	0.00029	0.00115	1.65	99148	114	396323	7398624	74.62
2010	5-9	0.00015	0.00073	2.5	99034	72	494989	7002302	70.71
2010	10-14	0.00017	0.00084	3.15	98962	84	494655	6507313	65.76
2010	15-19	0.00081	0.00403	3.08	98878	398	493627	6012657	60.81
2010	20-24	0.00139	0.00691	2.63	98480	680	490790	5519031	56.04
2010	25-29	0.00154	0.00767	2.67	97800	750	487249	5028240	51.41
2010	30-34	0.00153	0.00760	2.73	97050	738	483578	4540991	46.79
2010	35-39	0.00189	0.00939	2.53	96312	904	479331	4057413	42.13
2010	40-44	0.00262	0.01300	2.62	95408	1241	474081	3578082	37.50
2010	45-49	0.00456	0.02257	2.6	94167	2125	465746	3104001	32.96
2010	50-54	0.00665	0.03276	2.72	92042	3015	453333	2638255	28.66
2010	55-59	0.00998	0.04877	2.63	89027	4342	434836	2184922	24.54
2010	60-64	0.01451	0.07016	2.65	84685	5941	409476	1750086	20.67
2010	65-69	0.02107	0.10038	2.66	78744	7905	375196	1340609	17.02
2010	70-74	0.03309	0.15328	2.6	70840	10858	328141	965414	13.63
2010	75-79	0.05027	0.22366	2.54	59981	13416	266852	637272	10.62
2010	80-84	0.07971	0.33416	2.58	46566	15561	195223	370421	7.95
2010	85-89	0.13343	0.49522	2.4	31005	15354	115078	175197	5.65
2010	90-94	0.23139	0.69861	2.16	15651	10934	47253	60119	3.84
2010	95-99	0.34936	0.84594	1.95	4717	3990	11422	12867	2.73
2010	100-104	0.49496	0.93193	1.66	727	677	1368	1445	1.99
2010	105-109	0.64275	0.97023	1.4	49	48	75	77	1.55
2010	110+	0.75381	1.00000	1.33	1	1	2	2	1.33
2011	0	0.00851	0.00844	0.07	100000	844	99213	7492194	74.92
2011	1-4	0.00033	0.00132	1.6	99156	131	396309	7392981	74.56
2011	5-9	0.00019	0.00095	2.36	99025	94	494877	6996672	70.66
2011	10-14	0.00018	0.00089	2.43	98931	88	494430	6501795	65.72
2011	15-19	0.00073	0.00364	3.16	98843	360	493555	6007365	60.78
2011	20-24	0.00125	0.00622	2.49	98484	612	490884	5513809	55.99
2011	25-29	0.00153	0.00764	2.49	97871	748	487478	5022925	51.32
2011	30-34	0.00182	0.00906	2.5	97124	880	483420	4535447	46.70
2011	35-39	0.00204	0.01017	2.58	96243	978	478845	4052027	42.10
2011	40-44	0.00284	0.01411	2.64	95265	1344	473152	3573182	37.51
2011	45-49	0.00432	0.02136	2.64	93921	2006	464866	3100030	33.01
2011	50-54	0.00666	0.03279	2.7	91915	3014	452634	2635164	28.67
2011	55-59	0.01035	0.05054	2.65	88900	4493	433960	2182530	24.55
2011	60-64	0.01440	0.06962	2.64	84408	5877	408171	1748570	20.72
2011	65-69	0.02013	0.09610	2.66	78531	7547	374962	1340399	17.07
2011	70-74	0.03239	0.15017	2.58	70984	10660	329137	965437	13.60
2011	75-79	0.05148	0.22857	2.55	60324	13788	267828	636300	10.55
2011	80-84	0.08003	0.33414	2.53	46536	15550	194294	368472	7.92
2011	85-89	0.13685	0.50618	2.43	30986	15685	114609	174178	5.62
2011	90-94	0.22765	0.69621	2.21	15302	10653	46795	59570	3.89
2011	95-99	0.34656	0.84326	1.96	4649	3920	11311	12774	2.75
2011	100-104	0.48974	0.92973	1.66	729	677	1383	1463	2.01
2011	105-109	0.63584	0.96898	1.41	51	50	78	80	1.57
2011	110+	0.74645	1.00000	1.34	2	2	2	2	1.34
2012	0	0.00749	0.00744	0.07	100000	744	99305	7491931	74.92
2012	1-4	0.00037	0.00149	1.71	99256	148	396686	7392626	74.48
2012	5-9	0.00014	0.00071	2.75	99108	70	495383	6995940	70.59
2012	10-14	0.00014	0.00069	3.06	99038	69	495058	6500557	65.64
2012	15-19	0.00070	0.00350	3.09	98970	346	494185	6005499	60.68
2012	20-24	0.00136	0.00678	2.52	98623	669	491458	5511314	55.88
2012	25-29	0.00174	0.00868	2.43	97954	850	487581	5019855	51.25
2012	30-34	0.00187	0.00930	2.55	97103	904	483305	4532274	46.67
2012	35-39	0.00209	0.01039	2.58	96200	999	478581	4048969	42.09
2012	40-44	0.00284	0.01412	2.63	95201	1344	472815	3570388	37.50
2012	45-49	0.00446	0.02207	2.62	93857	2072	464355	3097574	33.00
2012	50-54	0.00714	0.03512	2.63	91785	3224	451284	2633219	28.69
2012	55-59	0.01017	0.04963	2.6	88561	4395	432255	2181935	24.64
2012	60-64	0.01406	0.06801	2.62	84166	5724	407179	1749680	20.79
2012	65-69	0.02177	0.10367	2.71	78442	8132	373591	1342501	17.11
2012	70-74	0.03129	0.14562	2.62	70310	10239	327183	968910	13.78
2012	75-79	0.04876	0.21793	2.57	60071	13091	268494	641727	10.68
2012	80-84	0.07999	0.33440	2.55	46980	15710	196408	373233	7.94
2012	85-89	0.13394	0.50033	2.47	31270	15645	116804	176825	5.65
2012	90-94	0.23011	0.69992	2.2	15625	10936	47525	60021	3.84
2012	95-99	0.35847	0.85405	1.94	4689	4004	11171	12496	2.67
2012	100-104	0.50883	0.93732	1.63	684	641	1261	1325	1.94
2012	105-109	0.65914	0.97296	1.38	43	42	63	65	1.51
2012	110+	0.77010	1.00000	1.3	1	1	2	2	1.30
2013	0	0.00746	0.00741	0.07	100000	741	99307	7480026	74.80
2013	1-4	0.00027	0.00107	1.58	99259	106	396778	7380719	74.36
2013	5-9	0.00015	0.00075	2.02	99153	74	495542	6983941	70.44
2013	10-14	0.00022	0.00112	2.93	99078	111	495161	6488398	65.49
2013	15-19	0.00088	0.00439	3.02	98967	435	493974	5993237	60.56
2013	20-24	0.00142	0.00706	2.55	98533	696	490959	5499264	55.81
2013	25-29	0.00183	0.00909	2.54	97837	889	486993	5008305	51.19
2013	30-34	0.00191	0.00950	2.58	96947	921	482509	4521312	46.64
2013	35-39	0.00205	0.01021	2.68	96026	981	477853	4038803	42.06
2013	40-44	0.00284	0.01413	2.67	95046	1343	472105	3560951	37.47
2013	45-49	0.00435	0.02156	2.7	93703	2020	463872	3088846	32.96
2013	50-54	0.00683	0.03360	2.62	91683	3081	451075	2624974	28.63
2013	55-59	0.01013	0.04948	2.66	88602	4384	432748	2173899	24.54
2013	60-64	0.01423	0.06882	2.62	84219	5796	407305	1741151	20.67
2013	65-69	0.02077	0.09893	2.61	78423	7758	373550	1333845	17.01
2013	70-74	0.03307	0.15332	2.63	70665	10834	327655	960296	13.59
2013	75-79	0.05085	0.22630	2.57	59831	13540	266287	632641	10.57
2013	80-84	0.08334	0.34619	2.56	46291	16025	192283	366353	7.91
2013	85-89	0.13288	0.49578	2.44	30266	15005	112923	174071	5.75
2013	90-94	0.22117	0.68615	2.23	15261	10471	47343	61148	4.01
2013	95-99	0.32875	0.82583	1.99	4790	3955	12032	13805	2.88
2013	100-104	0.46124	0.91677	1.71	834	765	1658	1773	2.13
2013	105-109	0.60023	0.96174	1.47	69	67	111	115	1.66
2013	110+	0.70892	1.00000	1.41	3	3	4	4	1.41
2014	0	0.00809	0.00803	0.07	100000	803	99251	7493000	74.93
2014	1-4	0.00024	0.00097	1.75	99197	97	396571	7393749	74.54
2014	5-9	0.00018	0.00089	1.93	99100	88	495232	6997178	70.61
2014	10-14	0.00016	0.00082	2.93	99012	82	494892	6501946	65.67
2014	15-19	0.00074	0.00368	3.04	98931	364	493938	6007054	60.72
2014	20-24	0.00128	0.00640	2.6	98566	631	491316	5513115	55.93
2014	25-29	0.00178	0.00886	2.48	97936	868	487497	5021799	51.28
2014	30-34	0.00189	0.00942	2.55	97068	914	483101	4534302	46.71
2014	35-39	0.00229	0.01141	2.58	96154	1097	478114	4051201	42.13
2014	40-44	0.00290	0.01438	2.6	95057	1367	472009	3573088	37.59
2014	45-49	0.00423	0.02093	2.67	93690	1960	463871	3101079	33.10
2014	50-54	0.00676	0.03327	2.64	91729	3052	451430	2637208	28.75
2014	55-59	0.01020	0.04981	2.64	88677	4417	432964	2185778	24.65
2014	60-64	0.01475	0.07123	2.6	84261	6002	406879	1752815	20.80
2014	65-69	0.02075	0.09885	2.62	78258	7736	372853	1345935	17.20
2014	70-74	0.03163	0.14703	2.61	70522	10369	327857	973083	13.80
2014	75-79	0.05039	0.22423	2.55	60153	13488	267664	645225	10.73
2014	80-84	0.07707	0.32480	2.58	46665	15157	196655	377562	8.09
2014	85-89	0.13109	0.49073	2.44	31508	15462	117945	180907	5.74
2014	90-94	0.22556	0.69667	2.26	16046	11179	49562	62962	3.92
2014	95-99	0.34554	0.84283	1.96	4867	4102	11872	13400	2.75
2014	100-104	0.49244	0.93110	1.66	765	712	1446	1528	2.00
2014	105-109	0.64199	0.97017	1.4	53	51	80	82	1.55
2014	110+	0.75437	1.00000	1.33	2	2	2	2	1.33
2015	0	0.00815	0.00809	0.07	100000	809	99245	7475683	74.76
2015	1-4	0.00027	0.00107	1.63	99191	106	396513	7376437	74.37
2015	5-9	0.00013	0.00063	2.52	99085	62	495272	6979925	70.44
2015	10-14	0.00023	0.00116	2.76	99023	114	494859	6484652	65.49
2015	15-19	0.00081	0.00406	3.07	98909	402	493768	5989793	60.56
2015	20-24	0.00137	0.00684	2.66	98507	673	490963	5496025	55.79
2015	25-29	0.00184	0.00918	2.61	97834	898	487026	5005062	51.16
2015	30-34	0.00224	0.01116	2.65	96936	1082	482133	4518036	46.61
2015	35-39	0.00214	0.01064	2.51	95854	1020	476733	4035903	42.10
2015	40-44	0.00306	0.01517	2.6	94834	1438	470726	3559170	37.53
2015	45-49	0.00436	0.02160	2.67	93396	2018	462278	3088444	33.07
2015	50-54	0.00691	0.03400	2.69	91378	3106	449713	2626167	28.74
2015	55-59	0.01025	0.04999	2.59	88272	4413	430711	2176453	24.66
2015	60-64	0.01495	0.07214	2.59	83859	6049	404742	1745742	20.82
2015	65-69	0.02035	0.09695	2.58	77810	7543	370759	1341000	17.23
2015	70-74	0.03193	0.14818	2.58	70267	10412	326141	970241	13.81
2015	75-79	0.04959	0.22107	2.55	59854	13232	266835	644100	10.76
2015	80-84	0.07827	0.32755	2.51	46622	15271	195119	377265	8.09
2015	85-89	0.12983	0.48735	2.44	31351	15279	117681	182146	5.81
2015	90-94	0.21923	0.68369	2.25	16072	10988	50121	64465	4.01
2015	95-99	0.33628	0.83391	1.98	5084	4239	12607	14343	2.82
2015	100-104	0.47744	0.92464	1.69	844	781	1635	1737	2.06
2015	105-109	0.62338	0.96671	1.43	64	62	99	102	1.60
2015	110+	0.73513	1.00000	1.36	2	2	3	3	1.36
2016	0	0.00809	0.00802	0.07	100000	802	99251	7439783	74.40
2016	1-4	0.00027	0.00106	1.71	99198	105	396549	7340532	74.00
2016	5-9	0.00012	0.00059	2.44	99092	58	495313	6943983	70.08
2016	10-14	0.00021	0.00105	2.67	99034	104	494928	6448670	65.12
2016	15-19	0.00086	0.00427	3.06	98930	422	493830	5953742	60.18
2016	20-24	0.00164	0.00817	2.66	98508	805	490657	5459912	55.43
2016	25-29	0.00216	0.01073	2.58	97703	1048	485977	4969256	50.86
2016	30-34	0.00232	0.01153	2.47	96655	1115	480456	4483278	46.38
2016	35-39	0.00270	0.01339	2.58	95540	1279	474603	4002823	41.90
2016	40-44	0.00311	0.01543	2.6	94261	1454	467819	3528219	37.43
2016	45-49	0.00472	0.02333	2.57	92807	2165	458774	3060400	32.98
2016	50-54	0.00696	0.03426	2.7	90641	3106	446061	2601626	28.70
2016	55-59	0.01047	0.05106	2.62	87536	4470	427022	2155565	24.63
2016	60-64	0.01524	0.07354	2.63	83066	6108	400845	1728544	20.81
2016	65-69	0.02112	0.10063	2.65	76957	7744	366624	1327699	17.25
2016	70-74	0.03058	0.14252	2.62	69213	9864	322607	961075	13.89
2016	75-79	0.05018	0.22410	2.62	59349	13300	265025	638468	10.76
2016	80-84	0.07780	0.32644	2.54	46048	15032	193207	373442	8.11
2016	85-89	0.13033	0.48919	2.45	31016	15173	116417	180236	5.81
2016	90-94	0.21633	0.67735	2.24	15843	10732	49607	63818	4.03
2016	95-99	0.34182	0.83932	1.97	5112	4290	12552	14211	2.78
2016	100-104	0.48657	0.92864	1.67	821	763	1568	1660	2.02
2016	105-109	0.63485	0.96889	1.41	59	57	89	92	1.57
2016	110+	0.74710	1.00000	1.34	2	2	2	2	1.34
2017	0	0.00812	0.00806	0.07	100000	806	99248	7414914	74.15
2017	1-4	0.00034	0.00136	1.58	99194	135	396451	7315666	73.75
2017	5-9	0.00019	0.00095	2.56	99060	94	495068	6919215	69.85
2017	10-14	0.00026	0.00129	2.79	98966	127	494546	6424147	64.91
2017	15-19	0.00088	0.00439	3.04	98838	434	493339	5929601	59.99
2017	20-24	0.00165	0.00821	2.68	98404	808	490145	5436262	55.24
2017	25-29	0.00232	0.01155	2.6	97597	1128	485278	4946117	50.68
2017	30-34	0.00241	0.01199	2.58	96469	1157	479551	4460840	46.24
2017	35-39	0.00306	0.01521	2.57	95313	1449	473039	3981289	41.77
2017	40-44	0.00330	0.01639	2.48	93863	1538	465442	3508250	37.38
2017	45-49	0.00462	0.02283	2.6	92325	2108	456562	3042808	32.96
2017	50-54	0.00722	0.03550	2.67	90217	3203	443633	2586246	28.67
2017	55-59	0.01034	0.05049	2.65	87014	4393	424726	2142613	24.62
2017	60-64	0.01493	0.07208	2.6	82621	5956	398811	1717886	20.79
2017	65-69	0.02026	0.09661	2.6	76666	7407	365529	1319075	17.21
2017	70-74	0.03168	0.14730	2.62	69259	10202	322030	953546	13.77
2017	75-79	0.05048	0.22460	2.55	59057	13264	262746	631516	10.69
2017	80-84	0.08089	0.33676	2.51	45793	15421	190633	368770	8.05
2017	85-89	0.12862	0.48406	2.45	30372	14702	114307	178137	5.87
2017	90-94	0.21580	0.67939	2.27	15670	10646	49331	63830	4.07
2017	95-99	0.32801	0.82546	1.99	5024	4147	12643	14499	2.89
2017	100-104	0.46314	0.91790	1.71	877	805	1738	1856	2.12
2017	105-109	0.60478	0.96283	1.46	72	69	115	118	1.64
2017	110+	0.71507	1.00000	1.4	3	3	4	4	1.40
2018	0	0.00780	0.00774	0.07	100000	774	99277	7458533	74.59
2018	1-4	0.00028	0.00113	1.55	99226	112	396628	7359256	74.17
2018	5-9	0.00014	0.00070	2.49	99114	70	495394	6962627	70.25
2018	10-14	0.00013	0.00063	3.05	99044	62	495099	6467233	65.30
2018	15-19	0.00093	0.00466	2.97	98982	462	493970	5972135	60.34
2018	20-24	0.00138	0.00688	2.7	98520	678	491040	5478164	55.60
2018	25-29	0.00186	0.00925	2.63	97842	905	487066	4987124	50.97
2018	30-34	0.00219	0.01091	2.5	96938	1057	482045	4500058	46.42
2018	35-39	0.00265	0.01314	2.41	95881	1259	476138	4018013	41.91
2018	40-44	0.00328	0.01625	2.54	94621	1538	469319	3541875	37.43
2018	45-49	0.00451	0.02229	2.63	93083	2075	460494	3072556	33.01
2018	50-54	0.00692	0.03406	2.71	91008	3100	447928	2612062	28.70
2018	55-59	0.01044	0.05096	2.65	87908	4480	429019	2164134	24.62
2018	60-64	0.01547	0.07461	2.62	83428	6224	402344	1735115	20.80
2018	65-69	0.02134	0.10140	2.56	77204	7828	366912	1332771	17.26
2018	70-74	0.03150	0.14641	2.6	69376	10158	322474	965859	13.92
2018	75-79	0.04913	0.21903	2.53	59218	12970	264021	643385	10.86
2018	80-84	0.07721	0.32351	2.5	46248	14961	193771	379364	8.20
2018	85-89	0.12566	0.47583	2.45	31286	14887	118467	185592	5.93
2018	90-94	0.21457	0.67503	2.25	16399	11070	51591	67126	4.09
2018	95-99	0.32412	0.82185	2	5329	4380	13514	15534	2.91
2018	100-104	0.46037	0.91676	1.72	949	870	1891	2021	2.13
2018	105-109	0.60369	0.96269	1.46	79	76	126	130	1.65
2018	110+	0.71537	1.00000	1.4	3	3	4	4	1.40
2019	0	0.00707	0.00702	0.06	100000	702	99342	7467840	74.68
2019	1-4	0.00029	0.00114	1.4	99298	113	396895	7368498	74.21
2019	5-9	0.00012	0.00061	2.2	99184	60	495752	6971602	70.29
2019	10-14	0.00020	0.00100	3.14	99124	99	495434	6475851	65.33
2019	15-19	0.00082	0.00411	2.98	99024	407	494300	5980417	60.39
2019	20-24	0.00142	0.00705	2.79	98618	696	491548	5486117	55.63
2019	25-29	0.00198	0.00984	2.5	97922	963	487202	4994568	51.01
2019	30-34	0.00244	0.01214	2.59	96959	1177	481958	4507366	46.49
2019	35-39	0.00261	0.01297	2.6	95782	1242	475925	4025408	42.03
2019	40-44	0.00316	0.01570	2.65	94539	1484	469211	3549483	37.55
2019	45-49	0.00457	0.02263	2.69	93055	2106	460406	3080272	33.10
2019	50-54	0.00676	0.03326	2.65	90949	3025	447650	2619865	28.81
2019	55-59	0.01027	0.05012	2.64	87925	4407	429218	2172215	24.71
2019	60-64	0.01510	0.07289	2.62	83518	6088	403077	1742997	20.87
2019	65-69	0.02123	0.10086	2.54	77430	7810	367951	1339920	17.30
2019	70-74	0.03182	0.14773	2.58	69620	10285	323259	971969	13.96
2019	75-79	0.04833	0.21601	2.54	59335	12817	265198	648710	10.93
2019	80-84	0.07661	0.32194	2.52	46518	14976	195486	383512	8.24
2019	85-89	0.12576	0.47780	2.49	31542	15071	119834	188026	5.96
2019	90-94	0.21042	0.67370	2.33	16471	11097	52736	68192	4.14
2019	95-99	0.32896	0.82699	1.99	5375	4445	13511	15456	2.88
2019	100-104	0.46915	0.92105	1.7	930	856	1826	1944	2.09
2019	105-109	0.61541	0.96520	1.44	73	71	115	119	1.62
2019	110+	0.72817	1.00000	1.37	3	3	4	4	1.37
