Gender,Age,2011,2012,2013,2014,2015,2016,2017,2018,2019,2020
F,0,10658,10490,10321,10329,10447,10294,9867,9399,9247,8723
F,1,754,727,728,663,678,694,658,617,649,579
F,2,444,459,426,425,442,474,405,435,401,377
F,3,345,359,320,312,316,323,312,291,320,309
F,4,298,278,271,258,248,298,273,244,265,238
F,5,245,248,250,241,222,256,211,230,245,210
F,6,219,203,226,202,233,206,213,212,224,198
F,7,202,173,190,188,207,240,219,176,196,201
F,8,210,188,195,188,195,194,206,221,184,192
F,9,195,202,183,181,168,217,206,205,194,164
F,10,202,191,194,165,167,189,200,222,189,181
F,11,177,200,198,189,198,227,218,247,212,203
F,12,205,209,232,222,225,221,218,252,250,264
F,13,237,243,293,259,291,258,274,283,293,303
F,14,330,307,302,287,352,354,337,321,324,345
F,15,361,392,348,367,368,399,423,397,383,433
F,16,497,497,422,439,486,507,512,472,445,524
F,17,618,520,539,544,569,613,551,594,533,593
F,18,694,701,655,645,743,776,744,730,760,831
F,19,806,740,757,763,833,804,807,807,776,946
F,20,837,856,861,819,866,901,904,890,861,974
F,21,987,938,894,975,993,1032,1028,946,950,1163
F,22,959,1009,976,1039,1021,1107,1087,1010,973,1168
F,23,1011,1009,1067,1012,1088,1198,1207,1110,1167,1338
F,24,973,1064,1103,1071,1181,1225,1259,1190,1175,1362
F,25,1108,1066,1050,1139,1285,1379,1413,1298,1271,1563
F,26,1154,1144,1170,1242,1260,1476,1413,1458,1390,1613
F,27,1113,1167,1234,1201,1327,1536,1665,1582,1519,1819
F,28,1172,1294,1279,1312,1386,1564,1745,1687,1628,1951
F,29,1333,1370,1300,1412,1467,1587,1655,1807,1719,2196
F,30,1417,1497,1404,1367,1601,1725,1786,1902,1882,2336
F,31,1544,1486,1502,1518,1641,1907,1916,1870,1943,2307
F,32,1552,1507,1614,1651,1848,1977,2028,2064,1994,2527
F,33,1565,1639,1664,1779,1926,2022,2166,2140,2273,2653
F,34,1705,1638,1784,1859,1995,2186,2279,2172,2208,2689
F,35,1696,1783,1898,2027,2064,2318,2385,2393,2327,2860
F,36,1902,1833,1893,1978,2243,2461,2460,2509,2472,2980
F,37,1936,1923,2007,2191,2206,2441,2662,2584,2626,3282
F,38,2194,2096,2163,2243,2387,2606,2519,2711,2896,3342
F,39,2397,2369,2316,2386,2327,2642,2770,2897,3076,3551
F,40,2821,2654,2596,2530,2602,2739,2898,2867,3011,3714
F,41,2960,3036,2890,2930,2833,2863,2956,2987,3071,3947
F,42,3327,3295,3337,3306,3182,3134,3277,3097,3136,3867
F,43,3531,3508,3622,3658,3488,3495,3436,3413,3370,4143
F,44,3914,3736,3779,4054,4086,3878,3641,3546,3565,4310
F,45,4324,4176,4126,4180,4386,4549,4140,4032,3861,4725
F,46,5123,4666,4486,4501,4655,4860,4863,4615,4261,4986
F,47,5592,5404,5151,4929,4891,4931,5251,5077,4786,5510
F,48,6209,6159,5756,5640,5534,5386,5441,5463,5542,6121
F,49,6912,6687,6783,6485,6104,6090,5780,5717,5931,6935
F,50,7584,7385,7282,7206,7051,6721,6490,6122,6211,7503
F,51,8140,8173,8081,8153,7852,7660,7200,6938,6545,7879
F,52,8730,8648,8749,8708,8731,8543,8160,7568,7183,8378
F,53,9094,9119,9353,9584,9482,9477,9047,8559,8043,9133
F,54,9830,9832,9960,10154,10261,10213,9966,9716,9183,10128
F,55,10212,10465,10694,11028,10922,11212,10959,10576,10259,11416
F,56,10407,11110,11397,11703,11834,11931,11882,11699,11173,12646
F,57,11308,11452,11907,12409,12584,12662,12929,12654,12317,14072
F,58,11376,11875,12323,12721,13361,13403,13554,13478,13439,14885
F,59,11840,12333,12664,13317,13716,14288,14387,14295,14210,16549
F,60,12231,12860,13300,13950,14201,14892,15369,15164,15391,17950
F,61,12871,13443,13757,14487,14911,15278,15902,16209,16341,18791
F,62,14066,13856,14272,15106,15645,16291,16467,16737,17321,19903
F,63,15372,15102,15109,15636,16212,16695,17301,17658,17837,21307
F,64,16991,16159,16379,16253,16773,17409,17921,18093,18724,21903
F,65,14478,17897,17798,17247,17507,17934,18620,18893,19046,23040
F,66,14986,15381,19252,18776,18684,18641,19061,19488,19793,23754
F,67,16541,15983,16422,20820,20246,20160,19936,20398,20479,24675
F,68,18091,17908,17386,17638,22174,21599,21697,21238,21517,25638
F,69,18006,19406,19327,18551,19241,23932,23515,22681,22639,26545
F,70,18205,19152,21123,20463,20339,20393,25874,24851,24422,28093
F,71,18554,19421,20607,22721,22047,21484,21865,27574,26607,30411
F,72,19650,19729,20718,22015,24821,23542,23530,23635,29424,32904
F,73,20698,20487,21322,22035,23855,26233,25389,24854,25287,36024
F,74,21567,22047,22576,22627,23755,25420,28192,27255,26098,31424
F,75,22953,22852,23565,24000,24903,25708,27378,30233,28571,32471
F,76,24646,24558,24641,25278,25854,25901,27440,29114,31604,35223
F,77,25388,26267,26270,26054,27548,27585,28187,29172,30493,38868
F,78,27299,26622,28026,27740,28172,28945,29753,29931,30611,37865
F,79,29619,29213,28646,29741,30209,29905,31235,31323,31718,38013
F,80,32159,31478,31091,30461,32182,31952,32267,32969,33085,39250
F,81,34935,33702,33263,32751,32253,33568,33792,33960,34649,40652
F,82,36429,36596,35797,34962,35303,34222,35949,35918,35705,42717
F,83,39109,37835,38500,37073,37496,36058,36345,37682,37703,43079
F,84,40995,40624,39874,40014,39800,38253,38742,37715,38788,45088
F,85,42802,42498,42949,40829,42054,41051,40257,39910,38617,47065
F,86,44784,43897,43693,42888,43027,42459,42520,41504,40701,46597
F,87,45626,45483,45237,44472,45252,43269,44273,43316,42209,47976
F,88,45059,45966,46317,44108,45915,44814,44242,44841,43076,49222
F,89,45776,45092,45776,44633,45567,44823,44878,44546,44433,50496
F,90,43922,44870,44039,44337,45974,44061,45156,44795,43295,50353
F,91,40280,41546,42634,41927,43774,43368,43444,43599,42575,47827
F,92,35454,37422,39388,39888,40511,40362,41763,40559,40611,46246
F,93,32438,31890,34835,35792,37836,36549,37919,38039,37326,43524
F,94,27745,29296,29241,31035,33025,33094,33888,34273,34401,38592
F,95,24108,24426,25327,24839,28012,28427,30096,29842,29725,34265
F,96,20197,20095,20696,21551,21971,23356,24926,25380,25132,29225
F,97,16270,16581,16709,16782,18143,17890,19849,20824,20719,23833
F,98,12398,12816,13496,13130,14032,14343,14709,15743,16217,18959
F,99,9190,9456,9757,9879,10313,10451,11323,11237,11769,14392
F,100,19071,19870,20642,21351,22591,22790,23926,24554,24775,29313
M,0,13327,13139,13119,12886,13008,12867,12468,12068,11674,10859
M,1,918,900,929,793,913,874,859,831,825,785
M,2,619,620,589,566,565,572,587,612,515,512
M,3,492,461,431,429,462,468,461,454,390,416
M,4,376,414,374,384,341,342,325,346,311,313
M,5,326,299,315,292,321,290,300,294,291,306
M,6,283,243,275,271,283,282,242,248,266,252
M,7,256,288,252,273,241,271,267,243,243,240
M,8,273,239,260,254,269,289,248,236,251,213
M,9,242,251,281,267,263,245,242,265,239,234
M,10,255,249,232,256,274,276,294,249,291,275
M,11,301,271,259,279,266,279,304,247,324,323
M,12,326,301,324,310,293,313,383,337,351,353
M,13,397,379,381,421,394,387,428,393,394,497
M,14,520,516,498,505,549,509,561,569,536,669
M,15,654,696,698,654,723,771,796,789,754,899
M,16,1039,962,931,995,988,1073,1169,1021,1040,1269
M,17,1392,1319,1301,1258,1409,1442,1411,1434,1353,1636
M,18,2049,1971,1729,1800,1841,2040,2018,1971,1972,2328
M,19,2484,2276,2100,2121,2226,2387,2455,2165,2242,2819
M,20,2567,2553,2411,2370,2500,2602,2633,2383,2452,3009
M,21,2875,2857,2787,2722,2851,3150,2864,2775,2871,3413
M,22,3021,3086,2933,2987,3134,3275,3115,2950,2909,3517
M,23,2965,2830,3025,3058,3251,3524,3387,3142,2979,3694
M,24,2878,2906,2949,3152,3423,3749,3655,3378,3176,3900
M,25,2904,2891,2913,3112,3471,3924,3851,3546,3481,4143
M,26,2946,2983,2986,3099,3296,3798,4102,3772,3696,4349
M,27,2875,2948,3056,3034,3412,3927,4147,4117,3864,4714
M,28,2942,2990,3014,3165,3364,4030,4170,4142,4129,5019
M,29,3025,3139,3054,3209,3630,3832,4115,4052,4272,5329
M,30,3037,3089,3203,3153,3506,3960,4033,4198,4301,5570
M,31,3107,3208,3221,3423,3575,4011,4244,4089,4282,5637
M,32,3111,3159,3208,3368,3738,4147,4432,4235,4269,5522
M,33,3062,3189,3400,3441,3832,4219,4453,4338,4410,5692
M,34,3076,3187,3407,3693,3957,4409,4602,4375,4647,5857
M,35,3061,3228,3363,3592,4026,4468,4661,4697,4671,5925
M,36,3181,3339,3386,3658,3949,4564,4809,4696,4854,6071
M,37,3345,3481,3435,3653,4015,4560,4920,4879,5066,6489
M,38,3653,3526,3576,3640,4058,4567,4831,5124,5281,6530
M,39,4113,3794,3784,3957,4142,4650,4884,5127,5369,7051
M,40,4632,4355,4146,4093,4282,4597,5074,5040,5628,7231
M,41,4856,4888,4564,4623,4547,4927,5045,5198,5385,7171
M,42,5114,5142,5329,4938,4933,4954,5236,5196,5655,7124
M,43,5460,5398,5597,5576,5401,5708,5464,5489,5558,7395
M,44,5800,5778,5892,5963,6317,6220,5868,5930,5969,7507
M,45,6735,6260,6220,6376,6635,6937,6870,6477,6309,8018
M,46,7611,7167,7100,6863,7135,7499,7680,7310,6937,8443
M,47,8896,8320,7960,7625,7407,7800,8282,8172,7793,9253
M,48,9657,9404,9052,8591,8202,8380,8450,8719,8843,10562
M,49,10615,10236,10199,9826,9428,9153,8941,9291,9476,11878
M,50,11747,11516,11307,11064,10767,10279,9935,9701,9940,12657
M,51,12603,12718,12453,12268,12164,11557,11297,10605,10653,13097
M,52,13678,13670,13472,13248,13209,13268,12566,11936,11605,14021
M,53,14602,14419,14622,14762,14524,14413,14244,13554,12550,15089
M,54,15565,15504,15612,15754,16076,15800,15539,15265,14741,16826
M,55,16365,16982,16879,17023,17123,17335,17001,16734,16534,19091
M,56,17542,17497,18074,18230,18224,18283,18374,18158,17793,21168
M,57,17791,18287,18656,19492,19693,19808,19776,19889,19341,22489
M,58,18349,19214,19912,20199,20611,20868,20854,21133,20908,24355
M,59,19082,19763,20475,21048,21521,22356,22382,22347,22479,26557
M,60,19768,20375,21148,21923,22515,22875,23683,23537,23299,28354
M,61,20051,20848,21784,22921,23323,24337,24309,25083,25181,30080
M,62,20897,21706,22432,23310,24065,24890,25388,26097,26654,31422
M,63,22472,22438,23058,23948,25306,25337,26512,27437,27524,33504
M,64,24324,23841,23907,24104,25245,26295,27056,27858,28212,34107
M,65,20066,25435,25036,25236,25976,26756,27527,28364,29113,34987
M,66,20755,21560,27466,26739,26986,27052,27805,29154,29767,36153
M,67,22425,22227,22837,28743,28284,28132,28708,29459,30240,36489
M,68,24757,23802,23613,24301,30528,29863,29696,29869,30695,37251
M,69,23370,25891,25372,24783,25856,32586,31522,31702,31123,37856
M,70,23568,24721,27596,26678,26504,26854,34188,33290,32921,39186
M,71,23663,24478,26559,29102,28756,28167,28792,36251,34789,40638
M,72,24589,24875,25971,27953,30898,29906,29455,30308,37706,43199
M,73,25556,25535,26303,27479,29580,32437,31658,31179,31566,46529
M,74,25527,26411,27145,27634,28979,30989,34580,33335,32327,39711
M,75,26695,26619,27945,28656,29511,30756,32363,36291,34576,39754
M,76,28124,27670,28156,29307,30203,30677,31884,34251,37415,42877
M,77,27726,29068,29587,29653,31079,31459,32283,33845,35401,46442
M,78,29262,28667,30527,30434,31046,31783,32945,33257,34513,44183
M,79,30564,30400,29951,31209,31880,32176,34030,34328,34591,42495
M,80,32434,31593,31636,31140,33120,33035,33752,35018,35264,42411
M,81,33738,33010,33025,32497,32996,33672,34438,34624,35972,42685
M,82,34067,34147,34661,33631,33750,32898,35325,35372,35419,42913
M,83,35081,34486,34784,34540,34644,33700,34510,35491,35821,42570
M,84,35002,35021,35068,35363,35617,34663,35141,34711,36128,42528
M,85,34405,34609,35041,34341,35498,34866,35384,35113,34590,42593
M,86,33626,33604,34794,34590,34676,35058,35686,35139,34592,39831
M,87,32653,32911,33487,33579,34900,33753,35162,34673,34712,39480
M,88,30358,31445,31927,31952,33152,32916,33508,34258,33815,38795
M,89,28823,28757,30037,30147,30706,31470,32211,31816,32171,37196
M,90,26069,27030,27340,27636,28690,28742,29853,29999,29487,34852
M,91,22511,23789,24468,24624,25871,26088,26409,27236,27308,31528
M,92,18351,19602,21530,21966,22541,22897,24090,23641,24250,28214
M,93,15295,15708,17525,18714,19604,19433,20246,20766,20790,24433
M,94,12148,13120,13187,14447,15970,16177,16675,17162,17440,20117
M,95,9303,9970,10726,10651,12316,12795,13694,13731,14151,16436
M,96,7136,7545,7783,8462,8722,9608,10480,10958,10902,12916
M,97,5147,5457,5662,6070,6574,6496,7532,8084,8259,9535
M,98,3460,3907,3943,4258,4474,4867,4971,5564,5978,6880
M,99,2401,2556,2665,2785,3071,3143,3528,3483,3764,4795
M,100,3739,4093,4347,4563,4939,5046,5437,5695,5956,7319
