gender,age,2011,2012,2013,2014,2015,2016,2017,2018,2019,2020
F,0,970364.837708549,963236.790076258,959950.867058093,962653.06121849,962957.711247035,954337.717872111,921010.549303236,904447.800584341,886419.917093594,881985.371744699
F,1,971671.522472919,971386.263448154,963975.367654665,961082.93287419,963631.877322637,963820.730580998,955459.472639383,921994.772362246,905094.372859225,887144.790674116
F,2,979228.687575107,970223.345433791,973767.456110718,966235.404549415,960682.524329758,964675.675780327,965989.246240196,956166.481667125,922881.665068064,904068.15601219
F,3,1011814.41789287,986956.899409438,969034.226543384,969975.449642391,970515.141953022,964363.696110324,963224.519686075,965934.806172378,957086.042546275,928112.599256205
F,4,1023962.7382389,1005923.16674207,986345.552593458,976260.101321516,970781.628128587,967127.76609374,966454.05644717,966683.386918733,967626.110498642,952344.080785623
F,5,1026008.56790919,1022119.63935447,1011964.32568359,987902.445757922,972461.530419828,972323.4811107,971531.513927243,966121.961256296,964496.686786461,968232.842257528
F,6,1038531.99697516,1033830.97013566,1023388.10317092,1006007.69442201,990285.261136993,978835.596577905,971302.164246342,968631.377811743,967539.861664809,969784.158330556
F,7,1052277.03752935,1041102.04914823,1028522.08536203,1024489.9886029,1012815.48542339,989669.083018167,974924.824895955,973690.068185325,972716.377202952,966122.775290254
F,8,1054181.24136657,1045359.75680482,1040704.63596597,1036314.4634572,1024305.69821872,1007446.87602694,992435.076330427,980143.056286868,972348.863140888,968254.764907357
F,9,1058389.98179055,1052050.81614807,1052673.35492788,1042266.68395921,1030784.40044955,1026096.43125071,1013791.19107823,990817.302785167,975556.469151292,974654.398339352
F,10,1081441.54295591,1066289.32810617,1054658.0405575,1046040.53599076,1042472.8446851,1037969.09319189,1025390.24981786,1008338.18485816,992925.189429761,981278.516783014
F,11,1106019.19938339,1084301.96188409,1059520.00019254,1052893.00649102,1053393.59691264,1043718.61108727,1032350.35814735,1026932.23004255,1014556.47076131,991262.070138431
F,12,1108666.42124693,1099574.11563626,1082300.30647015,1067223.80050496,1055489.83023795,1047210.05473263,1043812.0750692,1039024.77013889,1026296.70762258,1008548.76985839
F,13,1103437.91631642,1108116.85386482,1106579.58602523,1085225.6171497,1060713.51573954,1053859.2210204,1054413.58903357,1044884.80958177,1032989.85680719,1027378.79093255
F,14,1112969.06567063,1108828.75966421,1109459.08433106,1100424.67789571,1083316.95741894,1068289.21506142,1056635.06963189,1048096.04347994,1044159.74019213,1039555.76134674
F,15,1131971.79870136,1112139.31881653,1104462.50755349,1109137.30570437,1107691.59872766,1086631.23076468,1061968.85158619,1054484.4933362,1054923.35477108,1045345.03869973
F,16,1147340.07062201,1129628.10284669,1114364.12656932,1110491.94864452,1111208.12809452,1102101.469331,1084645.39191831,1069313.45184769,1057694.34003211,1048662.3044191
F,17,1164083.46800437,1152479.13819883,1134010.54947036,1114397.69740739,1106716.11164652,1111186.27387095,1109619.20205166,1088413.79773175,1063344.74287993,1055311.97279272
F,18,1192877.70435586,1167083.01950594,1149688.74104467,1132170.41704392,1117065.72843784,1113229.70250027,1113959.38595365,1104201.57059727,1086055.97500943,1070516.38245886
F,19,1230589.76656437,1187090.86246493,1166380.21305476,1155313.70606991,1137242.26110626,1117572.69324563,1109703.84275541,1113284.82048428,1111266.2789301,1089912.74055039
F,20,1266248.61298101,1232533.52203688,1195450.51487341,1170040.69227549,1152939.71133705,1135208.55156668,1119867.48947455,1115439.24766909,1115736.06619665,1105478.85049757
F,21,1278775.98153257,1276878.41060171,1233635.07724886,1189760.80021214,1169307.36873961,1158307.80970419,1140007.99695188,1119732.67907965,1111114.43858525,1114160.85904741
F,22,1249730.97950039,1276010.60627881,1269298.33599024,1235284.96273772,1198705.34194382,1173399.19053961,1155739.42020119,1137067.53556237,1121059.75561886,1116359.21858251
F,23,1211295.08999752,1244464.14617287,1282054.54577152,1280731.63361475,1237785.99232676,1193412.79829927,1172202.39771651,1160297.56043258,1141582.25932534,1120895.42195268
F,24,1207658.57589124,1220523.9748916,1253956.89525558,1280798.10934223,1274039.27364364,1239411.30031821,1202321.52881975,1176178.9948522,1157802.42503253,1138450.69497335
F,25,1224531.69734764,1213490.3085753,1215810.55393417,1249101.3780768,1287233.20949073,1285908.41382216,1242299.69068058,1196626.28929311,1174400.39987232,1162053.53868692
F,26,1224576.01821598,1218938.38515106,1211589.33503896,1224954.93686432,1259462.55867362,1286295.76253959,1278372.9645275,1242281.71638154,1204528.64523005,1178118.16976367
F,27,1212434.26718368,1225443.1787855,1228169.86754747,1217897.81574049,1220760.30543546,1253713.20122737,1291020.95618723,1288656.53898321,1244464.06317061,1198107.78770747
F,28,1211827.29379281,1220085.99038797,1228144.07852689,1222777.70111503,1215679.06593416,1229145.32870692,1263450.35629048,1289124.72089578,1280029.01619005,1243207.25373226
F,29,1221124.96815205,1212041.67973495,1215423.98767056,1228570.62597376,1232080.63559011,1222217.11889724,1224547.71934894,1255956.36309327,1292120.20622068,1289615.57560074
F,30,1225210.78971672,1219159.91527896,1214066.47532346,1222939.39502215,1231912.39761274,1226480.86705087,1218466.29599271,1230742.2888835,1264334.7733587,1289748.32555158
F,31,1211858.12677105,1228261.69195494,1222882.92964719,1214521.63050747,1218377.84155189,1231283.32633542,1234245.79994172,1223501.76874357,1224812.55876506,1255406.48560346
F,32,1174098.54753285,1211067.00407545,1226510.78111766,1220927.38413718,1216213.92594819,1225213.76360365,1233934.60568126,1227282.82629967,1218026.44547417,1229796.68020591
F,33,1132577.12704944,1172985.85280446,1212768.74696721,1229557.55488031,1224651.25374808,1216455.05386986,1219933.06795317,1231611.59446717,1233847.72448102,1222978.58086406
F,34,1117628.97796748,1137644.91654814,1174792.80133534,1212017.27640736,1227822.73419727,1222237.40807159,1217142.57002722,1225367.17204046,1233534.36282657,1226429.19041407
F,35,1119509.84878004,1115901.63186079,1132759.07447169,1173334.80272907,1213552.42117572,1230410.30626001,1225114.46629307,1216185.69277011,1218728.53175026,1229865.77788413
F,36,1108316.23371544,1110442.11934712,1117308.53806362,1137673.42624526,1175229.38762853,1212374.21672951,1227577.76267418,1221111.71632303,1215136.54286736,1223198.84821123
F,37,1101343.59975003,1113816.78064755,1119322.17393565,1115830.22717687,1132637.37350751,1172954.62741099,1212629.80160218,1228757.16187731,1222880.13917794,1213785.35672801
F,38,1143778.54943858,1114243.69938143,1108122.12219059,1109835.41031965,1116721.7316872,1137171.68838446,1174281.42574016,1210678.69505325,1225216.83559085,1218359.51890945
F,39,1229864.72219432,1133191.91280641,1100187.00004946,1112703.54559772,1118901.8055574,1115536.09567569,1131601.95629323,1171087.09376295,1210112.09525664,1225942.56934228
F,40,1310436.2933885,1213926.46097879,1141827.09483863,1113253.60549296,1107561.4870732,1108834.05773801,1115181.76565957,1135135.66710819,1171715.64656844,1207775.83124195
F,41,1347059.01191973,1323753.68640787,1228112.35049222,1131850.89446883,1098431.35361332,1110711.27804762,1117199.97620916,1113376.7175748,1128665.40098744,1167693.10935437
F,42,1321616.78327632,1354850.26270725,1308118.53338166,1211106.82341274,1139229.7215458,1111366.38464267,1105846.54911718,1106162.71480426,1111825.78163887,1131654.2966137
F,43,1276455.72483064,1306713.66017252,1343292.64987094,1320243.84296721,1225892.31886733,1130024.05287679,1095918.60831208,1107580.47071566,1114053.68907107,1110150.82950982
F,44,1288832.59261815,1273515.23499928,1317794.62233112,1351780.50715695,1305373.13218066,1207878.08797579,1135814.75573174,1108446.83098274,1102786.80499759,1102454.25417025
F,45,1363266.16080789,1292043.20250385,1272746.95619595,1302871.83190448,1338807.33205918,1315923.18474896,1222415.28585061,1126838.21675578,1091810.87715129,1103030.61197825
F,46,1443471.17855846,1356431.96903261,1284089.42645208,1268642.17392467,1312995.2053389,1347655.05267005,1301192.18598481,1202928.70737981,1130539.87886771,1103806.01218611
F,47,1501311.74323144,1442460.43518674,1357598.1104218,1286872.0058258,1268050.09638145,1298021.07348055,1332964.72698266,1309628.63851849,1216993.8175399,1121916.14493498
F,48,1542455.63924096,1504257.38850781,1437030.00563997,1350358.16285294,1278378.52161715,1262684.66963398,1306764.66586561,1341519.60430675,1295131.85379426,1196331.00691988
F,49,1572044.94896342,1532686.82315738,1493534.90408599,1435035.6887111,1350857.43822631,1280415.72670668,1261748.92675776,1291289.83449578,1325308.21837852,1301742.87403206
F,50,1592667.06173985,1560306.7039189,1533461.64763987,1495925.40019524,1429247.96149757,1342856.21096389,1270955.06893635,1254940.4259885,1298821.75317775,1333834.38481079
F,51,1604547.92047893,1592611.44994419,1562230.62192726,1523194.35957584,1484058.61436149,1426074.04678052,1342362.4326279,1272197.26132087,1253894.31681873,1283029.97448176
F,52,1605708.0611088,1605209.36494179,1581901.79758704,1549263.51295459,1522579.66814213,1485906.3469942,1419692.34908402,1333506.23949283,1261965.2093545,1245645.453644
F,53,1598152.79993579,1596176.4871191,1592665.78214741,1580485.13677883,1550567.68671762,1511841.34096117,1472724.75200419,1415042.54325888,1332066.6693493,1262351.06784233
F,54,1587699.0883192,1588168.66332934,1592934.98463629,1592537.6275098,1569276.39012238,1536205.59331653,1509660.95354385,1473649.65011953,1408102.4461985,1322252.45089628
F,55,1572452.82225115,1583771.31415019,1584630.64264019,1582675.07195666,1578726.57945336,1566206.36572313,1536668.40627842,1498218.25121471,1459211.73540288,1401643.14428977
F,56,1542865.20419508,1563793.43241919,1573215.48697355,1573346.29595369,1577845.32002177,1577554.68846117,1554248.87576725,1520815.34132706,1494468.80380076,1458825.91331703
F,57,1504582.451862,1529540.93565972,1557078.22978901,1567849.52520644,1568618.37979907,1566715.02253092,1562266.82231765,1549441.35961007,1520454.19044272,1482192.96174108
F,58,1478413.15001357,1504525.52765374,1527135.49309119,1547347.69438361,1556250.24341116,1556019.95421831,1560219.04934731,1559924.2017206,1536847.88344335,1503018.89776554
F,59,1455596.63181864,1483654.96091632,1488375.10747385,1512480.94133559,1539303.8762833,1549435.9683434,1550094.05882722,1547965.21813069,1543264.82438538,1529936.82687837
F,60,1396097.57121933,1430459.1557021,1460746.10260435,1486391.87103908,1508893.18926907,1528314.95232668,1536589.89676375,1535717.30630616,1539760.73352398,1539269.11473497
F,61,1328573.622054,1360867.51760205,1436742.15487976,1464792.00203857,1469369.42675569,1492629.33079022,1518465.88202094,1527822.95838368,1528440.95046613,1526121.7099034
F,62,1354057.98989476,1346874.65836922,1377949.68519227,1411370.39311864,1440071.53741973,1465291.84533896,1487431.74476094,1505947.72320095,1513671.73710626,1512283.24672949
F,63,1440192.06470293,1387551.21586472,1310134.19974359,1340568.60541652,1414750.54276593,1442828.5909291,1447241.36609813,1469365.09319983,1494352.09790456,1502931.36122618
F,64,1356731.71898949,1384292.68012048,1330983.83762497,1324441.96001635,1356527.39367803,1389007.99774688,1416131.73209209,1440491.27432075,1462524.55895931,1480026.78807201
F,65,1121803.75454346,1292732.7862682,1412706.30862697,1363757.84985093,1288359.67590876,1316775.85916234,1389011.0544415,1416741.42022276,1421369.97677032,1442237.60555255
F,66,1013861.02252376,1161177.66462034,1331821.82496049,1358587.56045829,1304452.21256048,1298240.62023814,1331165.60924413,1362553.551922,1388287.54995527,1411628.98463643
F,67,1067278.54800404,1048032.74531463,1099391.11075337,1263914.72453996,1381307.55388008,1335954.6777225,1262928.45315554,1289275.23738953,1359306.98265266,1386451.6074573
F,68,1080855.0186223,1009511.18685084,988615.654291574,1132864.06969296,1302603.88636195,1328932.05814064,1274174.68551958,1268035.74092828,1301690.42940872,1331615.15530109
F,69,969957.886623562,1030134.56720207,1038186.02628813,1022551.17677817,1072985.34634273,1231292.14815428,1345267.456607,1303099.15056429,1233211.74469007,1256885.27223314
F,70,869513.140833423,993412.423529899,1051520.54375188,982388.723185473,959846.598214347,1100532.09977261,1268309.18926729,1293963.79380444,1239272.08787577,1232481.54458918
F,71,831559.66638884,875932.310227326,941087.1772539,997827.66427588,1005584.48431391,992772.321973761,1042307.9020404,1194061.4148559,1303919.25461028,1264344.6471004
F,72,805202.969237334,792645.240274675,839543.312681493,960036.963494119,1018090.81865067,950954.84955673,927305.524206147,1063388.97272432,1228640.59337819,1252622.7654181
F,73,764825.353304498,777042.818943709,800279.901242041,845023.932168144,907519.577520378,961026.149263221,968647.650959779,957271.367240777,1007111.38577222,1150249.16491921
F,74,729448.227951438,764252.244893298,773038.878715886,761240.31366523,805016.360015418,921283.124631445,979437.111099559,914062.291534817,890045.672976498,1019773.19088655
F,75,705894.07132112,721082.138637917,731278.260719522,742166.841348466,764859.719924869,807992.5925516,868543.351538478,919896.841755847,925222.411492459,915530.937687906
F,76,677185.022131844,677867.540385454,693226.84813495,726770.782234569,736034.493336962,724218.120653898,765445.490177205,877149.852585911,933985.285872902,870519.330114363
F,77,640086.164310507,650768.338985693,666488.176653716,682575.461339203,691353.607283105,702668.077538093,724654.923569736,763129.930095387,824768.199941591,870871.704492213
F,78,616735.13567125,626485.309664335,636252.122051412,637507.712321762,651068.390667914,683724.180194651,693686.481901433,680544.280829983,720392.131022344,824872.645933369
F,79,613993.696548244,599830.401023422,598658.324587465,607263.86380304,623316.01428639,636021.561550634,645023.010566561,660412.927297359,675575.718145741,711369.348205607
F,80,608116.425633277,584095.472590712,571362.886570178,580277.123794674,590171.80285699,589950.732126583,602847.519240213,635796.461694806,643637.657179798,629894.187616534
F,81,585154.595999881,580362.835105395,561034.52301875,551349.96622525,547492.970151687,560262.598350878,575495.394759373,577119.092794673,596678.316269033,609187.32387668
F,82,558468.793853364,561888.780672072,551708.200669474,530910.513539271,518506.748607286,527868.853488364,537615.685704289,534879.658523079,548994.329265407,578202.615646587
F,83,536025.87212768,522924.384452701,529265.645749949,520137.857057208,508323.243453884,489510.36685949,486864.99821061,518000.172163814,511563.234234083,511738.380829631
F,84,509629.911827197,504660.288459824,489319.43190343,498597.434441378,484095.90548778,476007.522327045,465291.988750735,453158.404865919,483846.315192838,479837.296230089
F,85,480079.976981427,528510.414965386,443093.740691939,463115.927957265,438153.46392549,503080.44413047,493336.905930004,341289.171184597,467950.566099972,515482.415881141
F,86,469832.022270044,566314.328952343,425814.384086414,449732.890707787,418842.545104311,546801.798448373,542847.429459967,282924.845600378,474933.901729267,572773.064686356
F,87,486442.356198005,579862.891938335,452211.913517703,475245.949192668,450141.867409342,573171.342962212,574633.372031184,306868.753305726,505298.194919758,592615.197212678
F,88,494312.513089491,538090.005566593,486864.650427045,501738.811068474,493690.17149227,549796.977912244,554110.635241582,383486.121792674,521534.722551599,546874.314948322
F,89,455457.425919382,433992.306828139,483223.467364204,482825.956529221,496716.200699698,462428.587770188,466349.07099187,472070.771233007,482964.39079599,438064.328279406
F,90,361792.787958664,298769.01889675,414617.100021865,400936.687077433,430052.12884105,333943.045855683,335782.859333495,513978.327526813,382943.877447915,301389.023180764
F,91,239057.544655909,173949.921314054,293286.861388043,276455.837828937,306133.571094093,204565.163282669,204581.174738772,455103.246756841,251736.503869644,177365.171618328
F,92,130424.238507368,86088.628209447,168672.483574958,156795.985223439,176857.159886706,106637.043048178,105877.54448431,315141.838762169,136439.844713024,89862.6421729617
F,93,58863.1369749288,36555.9199968584,78681.6367340364,73173.6908740258,82772.3686763983,47681.5852043589,46939.7770481341,167137.385539637,61164.342419547,39579.5652796723
F,94,22302.6185747084,13514.8915050128,30205.750081842,28506.9040146217,31851.0507687467,18547.2509589825,18085.0093561234,68606.3804353988,23026.028560007,15363.4416891439
F,95,7224.09768938346,4420.31782523786,9727.48680057547,9441.56759852815,10273.6659411786,6375.56197416305,6152.53676145718,22229.3057054227,7414.72365631781,5333.69683919698
F,96,2043.60413298384,1301.13074492689,2690.66560114788,2717.48015557682,2844.44970460993,1970.25666320063,1880.46563389742,5859.37829096081,2086.40126449127,1682.21564199428
F,97,516.179143974734,350.731773704614,655.229030890415,695.40574216156,692.974440071438,557.06044435166,525.553207550636,1298.25114060324,524.456062397185,489.706882754509
F,98,119.066465211295,88.1134089392434,144.078504745686,161.961569687889,152.37960886009,146.675686916621,136.728141974771,250.243575392618,120.443699634626,133.701608285693
F,99,25.654660192671,20.9958908072743,29.3426000826106,35.1443795011265,31.0236804155588,36.6086772576719,33.7077632879108,43.4396881973394,25.8453307800988,34.7868414744287
F,100,5.27973548943779,4.8279678043486,5.67518192773049,7.27136636354767,5.9972165494695,8.81404581886732,8.01444995527423,7.02739633133415,5.29834785082277,8.76218468952939
M,0,1024313.49430079,1014410.47047958,1010295.68614049,1016980.16189161,1014933.37558055,1005319.3688077,970837.551668788,951950.341522571,932045.888699876,924896.508697812
M,1,1021543.4325652,1025016.13807047,1015176.41589084,1011416.76708436,1018223.8220552,1016335.2276498,1006562.99122645,971883.125587514,952518.172117381,932724.886336587
M,2,1028201.36991164,1020255.1888346,1027418.01910546,1017790.60910392,1010779.23983361,1018396.48224855,1018462.71680527,1006665.95138234,972524.512946454,951565.481491932
M,3,1062601.57481311,1035659.51498361,1018801.20938148,1023036.57761791,1023184.42856913,1015486.7056419,1015936.94658509,1019185.7343319,1008235.00128806,977105.449515584
M,4,1077212.78406265,1056465.26529624,1035075.92348266,1027005.3750237,1023105.37064036,1018873.85942226,1019108.80752953,1019647.05792659,1019978.22175478,1003746.36961992
M,5,1081408.69811186,1075760.24731653,1062512.63039076,1036125.91637298,1022503.31974092,1025215.779079,1023834.76626683,1017786.64445513,1017525.68515317,1021463.15589396
M,6,1095278.08423434,1089430.30348737,1076429.94468594,1055913.84483695,1039441.34888318,1029511.65364233,1022824.62087306,1020927.49888837,1020471.60782766,1022577.16286686
M,7,1109170.61515331,1097378.7752855,1083742.0407997,1078047.68178907,1062960.27520014,1037991.18312357,1025489.70351331,1026487.58365686,1025027.44668449,1018006.44572156
M,8,1110059.87297191,1101623.62164245,1097279.62876738,1091811.83345928,1076875.206965,1057406.65805446,1042269.88527767,1030814.66354861,1023871.32585798,1020764.62845921
M,9,1114242.01121251,1108278.50004428,1109434.56670112,1098174.78225926,1085952.29757706,1079609.20856656,1063985.69788593,1039458.65635905,1026227.64514723,1027466.69544639
M,10,1140215.47347291,1123096.62986736,1110511.21874898,1102146.92046015,1099121.16826048,1093385.49448659,1077767.56377193,1058462.66155995,1042804.44084692,1031890.71526201
M,11,1168060.91656244,1142691.7201045,1115456.60093773,1109357.83817441,1110152.97977595,1099528.30921401,1087406.95176901,1080258.25672072,1064601.65884942,1039782.88382307
M,12,1170769.55752872,1160540.49576804,1141263.81374501,1124323.96245958,1111371.83135857,1103211.40638903,1100304.59872218,1094113.66772436,1078371.16068976,1058431.17535067
M,13,1164137.72324291,1170755.39834116,1168823.77254686,1143696.17011135,1116702.46117853,1110240.0231724,1110928.79157559,1100400.77306356,1087723.9615581,1080426.36345134
M,14,1174041.69746397,1170407.42288565,1171487.51565642,1161260.664348,1142216.74920983,1125346.03480081,1112362.77836734,1103899.20009435,1100430.97402898,1094471.1003509
M,15,1196270.57467373,1172768.91995122,1164754.93199046,1171508.51611054,1169712.02195018,1145040.78692392,1117933.41068918,1110752.35265733,1111325.48433885,1100761.57579246
M,16,1217459.61209643,1193195.66230049,1175044.94456873,1171680.25081667,1172873.10872604,1162760.24729539,1143538.8948311,1126272.03853893,1113313.9243938,1104280.30029949
M,17,1238470.50068458,1221694.25948149,1198042.69913828,1174639.18103529,1166704.33341438,1173386.71605794,1171634.53203792,1146725.14751849,1119172.73043711,1111327.18870166
M,18,1264957.83700578,1241162.65281137,1219399.66101569,1195728.95996916,1177975.61813227,1174548.82332437,1175616.84560765,1164821.4889239,1144901.98336899,1127369.85156619
M,19,1294217.61412658,1261151.59360023,1240524.82828017,1224930.08523124,1202137.57442811,1178287.42882069,1169508.13496077,1175259.57563044,1173184.18484239,1148126.48251503
M,20,1318443.20115977,1298182.90178649,1268475.25330442,1244353.96172018,1223623.38043375,1199410.2717695,1180192.44334341,1175665.21160464,1176612.28903792,1165401.8591335
M,21,1321114.74475824,1329949.21813034,1299840.68309841,1263866.34890452,1244198.08381426,1228614.24127936,1203841.23087105,1178174.94477277,1169093.86347595,1174625.84177562
M,22,1288330.61763985,1321022.71600121,1325140.80408663,1301620.56519046,1272334.72413946,1248339.15881804,1224983.26244818,1198239.21010091,1178794.79686894,1174659.19654471
M,23,1249669.18377407,1286533.82940326,1328144.77879654,1335178.4270158,1304423.38236677,1267915.70800468,1245392.81969798,1227244.14820214,1202398.85445091,1177218.50242451
M,24,1244290.4248764,1260853.73443645,1295542.22834394,1326759.65385531,1329887.51555314,1305640.22872895,1273977.2718359,1247468.70748448,1223748.97138381,1197223.69476828
M,25,1257326.26628441,1251545.87824818,1256415.3436402,1291347.25689294,1332861.02499344,1339575.49302314,1306739.57728449,1267369.97406277,1244221.53146738,1226396.86280688
M,26,1253026.5336774,1253574.76217768,1250440.7121464,1265507.29047955,1300530.09161286,1331138.91148039,1332098.53784585,1305142.8289786,1273021.38630076,1246872.7223827
M,27,1236788.64059643,1255485.76286458,1263352.10553523,1256646.56717712,1261184.13653046,1294951.09586484,1334684.3422311,1339431.83640767,1305999.19813031,1266483.81693593
M,28,1232458.01669248,1244943.77979034,1258389.40329823,1258064.59139325,1254684.88707042,1268904.51151614,1302424.07442466,1331043.53348918,1330900.44941899,1303637.29499346
M,29,1240249.91927234,1233164.64287289,1240671.69038089,1258780.30132135,1267505.43414497,1260279.41488399,1262714.63210847,1294058.25293298,1332833.40284779,1337669.40976509
M,30,1247435.44562171,1240191.61127395,1235358.54013161,1247615.14263884,1262144.48376731,1260971.52647712,1255318.88862824,1267501.28855637,1300397.7915073,1328843.95103144
M,31,1237704.10253325,1251527.8945072,1242825.14619404,1235308.16995799,1243261.53575242,1260520.12680086,1267739.07068855,1258942.3032864,1260297.26492371,1290895.22228896
M,32,1197269.579035,1235608.73295778,1249310.65178558,1241498.63738068,1237058.79928278,1248955.86755014,1262276.16886956,1259387.79117499,1252383.53558605,1264190.44243525
M,33,1150142.10878201,1196341.56720472,1238736.01044576,1252229.85827049,1244129.80790127,1236374.47861943,1242772.71479544,1258433.69374335,1264870.04817255,1256161.30577357
M,34,1134141.35282897,1157416.398928,1197900.69551259,1235764.41481896,1249802.68858005,1241682.85132152,1235768.76830898,1246493.61044155,1259280.60485369,1256131.3793405
M,35,1137940.88084328,1132279.25933939,1150184.42784254,1195728.37476088,1238338.39695951,1251615.30119364,1242264.79498803,1233308.8234955,1238863.81588645,1254064.21747437
M,36,1125307.5418961,1127056.5283886,1133555.91492052,1156532.95582926,1197298.01362165,1234707.29329002,1247257.63074731,1237841.78653676,1231188.08611264,1241775.59450245
M,37,1114069.16279732,1131835.20542726,1137468.36545282,1131394.69136226,1149312.84607452,1194221.59631948,1235299.44551356,1247465.65134764,1237613.4796416,1228542.48376307
M,38,1153873.2424006,1129020.48134053,1124926.91011866,1125570.54796075,1132215.21319153,1154954.39914499,1194351.74694109,1230433.35229994,1242253.35083434,1232565.92843402
M,39,1240307.65171481,1142506.33833271,1112767.80247814,1129809.67977807,1136195.69219094,1129822.28888977,1146194.79975891,1189544.06956694,1229833.41421286,1241789.31955135
M,40,1323666.76657738,1223085.63340788,1151734.85089484,1127310.60126834,1123575.81188998,1123203.34961801,1128550.65679094,1150242.71200811,1188994.25759602,1224612.06990001
M,41,1362544.4179835,1337710.61923625,1238166.51219515,1140530.46691191,1110298.08716563,1126633.05407001,1132533.14422537,1125306.29654652,1140788.42424517,1183462.59135355
M,42,1334228.49853058,1370249.38797687,1320380.02523721,1219281.98311077,1148360.7483181,1124441.66088947,1120055.38161929,1118220.1695354,1122770.99064862,1144324.0653549
M,43,1282842.04942985,1317984.63302576,1357079.87597659,1332594.81842921,1234911.55138593,1137593.32249096,1105931.45350249,1121081.71434042,1126879.20568216,1119693.14216296
M,44,1290800.37776751,1279313.69817566,1328373.14731574,1365042.32305743,1316065.86709097,1214425.83029293,1142940.35987761,1119113.69781236,1114482.71338928,1111913.36351922
M,45,1362529.38021801,1293034.66468049,1277020.52092161,1311641.76880629,1350380.27708971,1325970.60465659,1229167.45841908,1131931.10851417,1099258.33388888,1113715.29076611
M,46,1438391.33215552,1353973.07287747,1283700.09631574,1271692.13777283,1320920.01632401,1358056.01206205,1309035.40132592,1206642.3696724,1134886.16818786,1111676.55445021
M,47,1489606.0323072,1436439.40772981,1354023.96880008,1284838.19369193,1269368.16192531,1303569.9559256,1341014.15237968,1316371.32299377,1220590.48750607,1124156.39528661
M,48,1523917.72911327,1491088.67921957,1428445.22623095,1344376.66646945,1274668.31909056,1262353.70271748,1310984.54102928,1348282.21856462,1299291.31461271,1196628.18493577
M,49,1548676.44996175,1510665.60659308,1477543.25308879,1424817.48539405,1343486.46643533,1274810.82324095,1259432.42184343,1292947.86194482,1329150.49306109,1304193.39938743
M,50,1568425.13719093,1534224.24662907,1509922.52356272,1477887.40283731,1416234.52873254,1332678.90401455,1263247.10897303,1250429.75403337,1298542.93863128,1335773.49057696
M,51,1581038.39170228,1567032.87592613,1533170.27857296,1495580.61283326,1462854.21733947,1410674.6321307,1330147.36579523,1261987.13404942,1246862.22769405,1279715.91962006
M,52,1578158.10738508,1577879.70063358,1551065.12760349,1516717.42829272,1493041.88954604,1461888.69466063,1400938.08882922,1318079.09443282,1249076.56986342,1235924.9581321
M,53,1562091.27901625,1562984.3047881,1561632.01205239,1547578.17437534,1514711.50249594,1477647.31002431,1445002.60521605,1393569.82534167,1313915.43860516,1246377.32919662
M,54,1545602.00063386,1548614.27560456,1557300.76763752,1557163.31849396,1530674.34318528,1496223.65657627,1472807.46080058,1442662.17982732,1382533.71494675,1300198.26700467
M,55,1527505.52418138,1538708.01824176,1540071.13614682,1540784.87985197,1538971.96573579,1524834.16970912,1492643.03202459,1456111.16120077,1423785.75031141,1372529.14874528
M,56,1492562.85791167,1513211.21265376,1521863.69543147,1524428.87871716,1532897.27096138,1532944.79829209,1506701.81250405,1472004.4165693,1449065.05450531,1419304.37633658
M,57,1446278.08200918,1473045.93459697,1501988.11955272,1512756.15454224,1514289.5459559,1515051.65593147,1512946.39877033,1498466.12676214,1467020.717757,1430742.54115524
M,58,1414848.23007555,1441571.67159923,1466272.28915304,1486081.37571901,1494314.01465669,1496698.96890247,1505034.73142207,1504999.91333328,1478891.27794147,1443874.81461071
M,59,1390654.41953277,1414858.89956142,1419404.77768032,1444704.89289764,1472635.13721611,1483167.63577559,1484635.10041534,1485206.35130549,1482567.50353562,1467562.6515736
M,60,1330510.74816015,1359619.29858868,1386065.03212293,1411654.73384675,1435896.30426511,1455163.35117812,1462623.7845257,1464505.63921774,1472592.35771029,1472128.21939804
M,61,1261123.18215415,1290710.86401018,1359998.87723292,1383766.16502262,1388058.13289918,1412394.34532012,1439123.26411296,1448932.62968181,1450537.79182036,1450495.42643535
M,62,1282170.21956305,1273812.94534533,1300458.48552887,1327975.31631429,1352554.12489142,1377527.5101573,1401353.9199268,1419545.07077916,1426437.12707537,1427346.59261723
M,63,1362357.5716532,1307399.630052,1231229.18023727,1257839.45747244,1324536.59585073,1348262.32307859,1352529.05883087,1375403.07360574,1400744.56141238,1409313.67050552
M,64,1278155.05117671,1301129.33243306,1247637.16125877,1238983.39067022,1265764.07149704,1292089.83873301,1314949.58014852,1338691.83714833,1361771.36120405,1378320.36012181
M,65,1048108.62959884,1212590.2989348,1322833.62858165,1271333.56087423,1197103.90858013,1221114.00951924,1285082.70296164,1308007.28430116,1312177.8840225,1332982.18521343
M,66,939371.238758038,1081737.47282519,1241524.00568588,1263324.58783115,1208993.78165215,1200145.72843753,1227108.27582331,1251704.8086174,1272745.50563555,1294674.6021764
M,67,981667.493813808,964571.186345332,1015498.30373053,1172170.18421821,1278596.6407904,1230490.45506231,1159018.73059975,1180264.03674803,1240945.29700133,1262629.35100993
M,68,984175.97933694,919619.244922787,904722.859911782,1042523.71588143,1199583.55101271,1220339.12781559,1165982.18155989,1156808.51651757,1183470.79343529,1206046.06456407
M,69,871408.045558616,932162.933795078,942533.351515729,928697.931138384,977975.969960433,1126803.25915998,1228937.1157496,1184058.23409575,1115787.74536881,1133915.13766481
M,70,772115.983275278,889500.900533292,944407.290767242,882217.236712556,865759.932345102,998530.555652681,1151949.19678966,1171673.53282684,1117770.31877965,1107698.10272187
M,71,732513.062948776,771845.502103448,833112.297787682,889465.318692151,899087.120145378,888132.545789435,935988.814627012,1076833.31366062,1173848.40178149,1131418.60275162
M,72,703107.337774481,690022.09881308,733746.161790017,846069.749671817,899774.383744963,840259.049056771,823121.25827561,949978.841598332,1098952.23614757,1116328.57759872
M,73,659473.003685002,672544.868735026,693028.464227569,731856.397487208,789600.797817505,841996.637372008,851471.637709627,842142.815670386,889368.781748709,1019927.69402829
M,74,618743.990292333,654543.228749567,662676.412949208,650341.967175617,690494.193651536,797167.664173103,850137.601845626,793080.653197892,775861.55646839,894587.830873522
M,75,587546.685172709,605146.287926945,617952.315164275,629633.664743291,649145.663300109,686107.668377495,741122.176431968,790358.703403214,797958.997282043,789649.880703787
M,76,553223.509659725,556815.767343267,575325.699243738,609235.72797164,617507.693622823,605563.527369272,642816.577548289,743336.458527375,794298.319026542,739366.954266041
M,77,513628.338648592,525261.756955171,541912.543071993,559444.083694262,570804.990003081,582433.527798018,601126.205373584,633597.050875439,687946.146740881,731462.775305589
M,78,484447.853585114,496334.689109133,506553.704015644,510231.322372077,526755.543053947,558955.832105687,567746.596285091,555104.067977466,590119.84620226,681912.402571105
M,79,469491.999573439,464112.67063471,466651.917321726,476597.159464017,492697.256435734,507164.922061635,518317.84837167,532610.322829107,545839.037472111,574280.414971161
M,80,451492.19886711,439389.197969609,434845.902279188,445765.327510366,455530.115554126,458021.323392874,473397.904340422,504487.799775848,511746.499016712,498379.321039919
M,81,421298.180047951,423066.873961827,414856.067678822,412014.509809503,412679.067924486,425171.359573251,440132.476802798,445531.224172688,463797.027856661,476022.612826434
M,82,387989.275901957,396247.055042519,394430.113009046,384456.51980455,380204.252330482,390764.052109699,400089.814165929,400719.836811911,415850.954919111,442469.205190864
M,83,357189.964181919,355803.074080562,364635.526330408,364070.651087361,360422.316978453,351231.430941457,352571.899143957,377779.332161822,376946.650835425,378121.979015792
M,84,325906.772908549,328159.638293853,325332.485985278,335477.649603938,330920.697356798,329898.89308893,326832.310624694,320910.97956985,344378.585752635,345727.31020592
M,85,294924.263855141,323512.150500252,284435.755794395,296762.472603611,287882.250952602,335146.28191182,333084.464626726,232716.954387275,318007.332754253,368256.822218856
M,86,272902.937400647,321296.188944644,259886.85180106,270757.916147682,261205.536009617,343528.474886006,345310.994153797,183712.034639076,304449.630245484,394420.67662002
M,87,260174.348243861,301390.630821973,255812.011237938,265117.443817903,261673.014083868,330733.984446338,336169.213479572,187790.899138915,302582.743564041,371032.659276163
M,88,239962.430986048,256549.524584428,251455.643894683,258418.223114035,264878.207411486,288189.614638122,295471.393023058,220668.306465789,291308.768463403,301778.473021417
M,89,200859.779153941,192425.607769996,227560.60880075,231317.996946675,246141.276903168,221486.759063829,228291.930929711,257017.6550399,253453.794855291,213146.968723344
M,90,147179.786852351,125793.049712143,180286.212958392,181621.956094256,199159.375580492,148637.746476937,153540.596126552,268107.89506947,191584.676529494,131700.635521072
M,91,92171.1901456634,71365.6375021205,120659.712792324,121209.366536767,135335.003936496,86752.6983709879,89565.5165897272,231505.410916549,122536.299551296,71796.388229162
M,92,49203.6588129153,35344.3850154314,67646.5220732856,68294.4175549047,76571.7719892508,44288.6148533501,45588.9345172685,159563.224418635,66082.8458158867,34887.7945411487
M,93,22482.0017859607,15417.3935704186,31788.3197888072,32532.8487960792,36092.6362784816,19948.2081650494,20429.1463318877,86103.3905518213,30164.1801747027,15274.5613270404
M,94,8906.83740020527,5997.54293334125,12686.4125611123,13270.2169563597,14366.3850579904,8024.52645841474,8160.68782119714,36718.857771565,11814.2034036698,6094.03889579886
M,95,3106.70102439945,2108.73323747953,4371.68158404361,4708.9694090568,4912.2271327021,2921.10603775608,2945.14473463679,12597.4948319984,4035.5128637215,2241.1139232427
M,96,970.822502490676,679.692208138142,1326.81982720845,1481.31297305661,1472.73795648229,975.794113213636,974.012147232799,3574.18138894344,1224.90503052484,768.563693306697
M,97,276.727881524185,203.744374722548,362.072418990636,421.256350572041,395.52080138621,303.39759175519,299.476377064279,864.161412742996,336.823419509597,248.657365839356
M,98,73.280304889857,57.6277621110197,90.7359917951761,110.493047750652,97.2553388117315,89.0687046423372,86.8596899333937,183.764118301652,85.5734926179862,76.786505274908
M,99,18.3609441428405,15.6037490026514,21.3285539241865,27.2733640609713,22.3809450835907,25.0439752565082,24.112253218473,35.481983196922,20.4860742592158,22.8965475620079
M,100,4.43231901115233,4.10273188361178,4.80208051109703,6.46223201880965,4.92574787278456,6.84025368085348,6.4989832727287,6.41999531409978,4.71195570493058,6.66847949931542
