QLD, Exposure to risk (period 5x1), 	Last modified: 02 Jul 2018;  Methods Protocol: v6 (2017)

  Year          Age             Female            Male           Total
  1971           0             18839.28        19627.62        38466.90
  1971         1-4             71414.75        74449.32       145864.06
  1971         5-9             89875.70        94320.85       184196.54
  1971        10-14            91329.10        95960.82       187289.92
  1971        15-19            82320.86        84337.55       166658.42
  1971        20-24            75766.61        79826.16       155592.77
  1971        25-29            65074.85        68986.02       134060.87
  1971        30-34            54446.63        57682.04       112128.68
  1971        35-39            50301.52        52691.41       102992.94
  1971        40-44            52464.27        55326.98       107791.25
  1971        45-49            52723.96        55351.48       108075.44
  1971        50-54            48543.39        49039.01        97582.41
  1971        55-59            44740.12        44573.73        89313.85
  1971        60-64            38152.94        37420.93        75573.87
  1971        65-69            30566.89        29090.41        59657.30
  1971        70-74            25337.25        20637.13        45974.38
  1971        75-79            17980.67        12565.82        30546.49
  1971        80-84            11497.10         7444.53        18941.62
  1971        85-89             4925.74         2783.08         7708.82
  1971        90-94             1475.14          641.23         2116.36
  1971        95-99              235.75           78.61          314.35
  1971       100-104              26.36            4.80           31.16
  1971       105-109               0.16            0.00            0.16
  1971       110+                  0.00            0.00            0.00
  1972           0             19133.14        19889.61        39022.75
  1972         1-4             74517.94        77561.53       152079.47
  1972         5-9             89216.71        93841.25       183057.96
  1972        10-14            94008.56        98650.67       192659.23
  1972        15-19            85204.63        87725.16       172929.79
  1972        20-24            77705.78        81789.43       159495.21
  1972        25-29            70588.86        74883.73       145472.59
  1972        30-34            57200.82        60663.84       117864.66
  1972        35-39            51476.82        54215.67       105692.49
  1972        40-44            52168.76        55121.67       107290.43
  1972        45-49            52983.73        55776.36       108760.09
  1972        50-54            50251.76        51333.91       101585.67
  1972        55-59            45961.38        45086.50        91047.87
  1972        60-64            39848.23        38717.42        78565.65
  1972        65-69            31768.53        30176.20        61944.72
  1972        70-74            25929.79        21433.90        47363.70
  1972        75-79            18578.65        12723.50        31302.15
  1972        80-84            11854.12         7482.89        19337.01
  1972        85-89             5187.23         2945.18         8132.41
  1972        90-94             1550.07          670.42         2220.49
  1972        95-99              251.85           93.36          345.21
  1972       100-104              23.44            8.13           31.57
  1972       105-109               0.05            0.00            0.05
  1972       110+                  0.00            0.00            0.00
  1973           0             18574.50        19475.04        38049.54
  1973         1-4             77390.43        80464.53       157854.97
  1973         5-9             89982.72        94697.82       184680.54
  1973        10-14            95760.52       100732.23       196492.76
  1973        15-19            87947.18        90845.76       178792.94
  1973        20-24            80407.78        84359.64       164767.42
  1973        25-29            75086.74        79812.31       154899.04
  1973        30-34            60413.42        64037.01       124450.43
  1973        35-39            53471.91        56334.73       109806.64
  1973        40-44            51779.22        54922.57       106701.79
  1973        45-49            53665.76        56638.49       110304.25
  1973        50-54            51626.45        53157.35       104783.80
  1973        55-59            46577.01        45391.22        91968.24
  1973        60-64            41715.98        40066.67        81782.65
  1973        65-69            33037.55        31155.83        64193.38
  1973        70-74            26416.83        22173.05        48589.88
  1973        75-79            18902.19        12906.60        31808.79
  1973        80-84            12171.54         7525.55        19697.08
  1973        85-89             5497.78         3104.37         8602.15
  1973        90-94             1632.04          725.32         2357.36
  1973        95-99              281.46          104.23          385.68
  1973       100-104              21.95            8.46           30.41
  1973       105-109               0.05            0.00            0.05
  1973       110+                  0.00            0.00            0.00
  1974           0             18078.39        19049.78        37128.16
  1974         1-4             78694.72        81822.54       160517.27
  1974         5-9             91813.82        96800.33       188614.15
  1974        10-14            96571.55       101633.13       198204.67
  1974        15-19            90345.25        93781.89       184127.14
  1974        20-24            82814.79        86499.03       169313.82
  1974        25-29            78834.30        83277.46       162111.76
  1974        30-34            64051.82        67937.57       131989.39
  1974        35-39            55910.43        58872.43       114782.86
  1974        40-44            51639.38        54747.90       106387.28
  1974        45-49            54102.79        57254.40       111357.19
  1974        50-54            52832.85        54667.19       107500.03
  1974        55-59            47117.50        45732.52        92850.02
  1974        60-64            43523.23        41432.57        84955.80
  1974        65-69            34211.96        32245.49        66457.45
  1974        70-74            26762.85        22631.67        49394.52
  1974        75-79            19579.73        13459.73        33039.46
  1974        80-84            12389.57         7487.76        19877.33
  1974        85-89             5769.47         3167.79         8937.25
  1974        90-94             1715.10          771.41         2486.51
  1974        95-99              299.93          103.76          403.69
  1974       100-104              21.14            5.52           26.66
  1974       105-109               0.00            0.00            0.00
  1974       110+                  0.00            0.00            0.00
  1975           0             17662.32        18446.53        36108.85
  1975         1-4             78310.65        81287.33       159597.98
  1975         5-9             94754.73        99943.43       194698.15
  1975        10-14            96129.03       101113.17       197242.20
  1975        15-19            92610.17        96429.28       189039.45
  1975        20-24            84615.23        88347.00       172962.23
  1975        25-29            82075.25        85951.51       168026.77
  1975        30-34            67439.48        71431.44       138870.93
  1975        35-39            58018.49        61168.98       119187.47
  1975        40-44            51837.43        54785.42       106622.85
  1975        45-49            54163.67        57455.44       111619.10
  1975        50-54            53711.28        55806.36       109517.64
  1975        55-59            48221.28        46883.38        95104.66
  1975        60-64            44802.03        42286.16        87088.18
  1975        65-69            35500.50        33510.34        69010.83
  1975        70-74            27132.45        22977.10        50109.55
  1975        75-79            20440.01        14265.68        34705.69
  1975        80-84            12675.67         7433.70        20109.37
  1975        85-89             6057.02         3220.21         9277.23
  1975        90-94             1829.08          807.97         2637.05
  1975        95-99              325.42          102.11          427.53
  1975       100-104              21.88            3.37           25.25
  1975       105-109               0.00            0.00            0.00
  1975       110+                  0.00            0.00            0.00
  1976           0             17302.45        17985.75        35288.20
  1976         1-4             76306.06        79217.10       155523.15
  1976         5-9             98374.37       103198.93       201573.30
  1976        10-14            95537.50       100315.11       195852.61
  1976        15-19            95578.20        99472.94       195051.13
  1976        20-24            86136.77        90188.40       176325.16
  1976        25-29            83772.23        87527.81       171300.03
  1976        30-34            71943.98        75680.46       147624.44
  1976        35-39            59936.45        63142.86       123079.31
  1976        40-44            52679.02        55627.13       108306.15
  1976        45-49            53947.00        57212.30       111159.30
  1976        50-54            54041.94        56526.77       110568.71
  1976        55-59            49654.84        48620.35        98275.19
  1976        60-64            45825.35        42761.56        88586.91
  1976        65-69            37000.29        34567.53        71567.82
  1976        70-74            27760.68        23781.22        51541.90
  1976        75-79            21039.08        14780.15        35819.24
  1976        80-84            13134.67         7442.06        20576.73
  1976        85-89             6337.92         3283.69         9621.61
  1976        90-94             1962.23          862.06         2824.29
  1976        95-99              362.37          107.68          470.05
  1976       100-104              23.31            4.93           28.24
  1976       105-109               0.00            0.00            0.00
  1976       110+                  0.00            0.00            0.00
  1977           0             17106.03        17944.32        35050.35
  1977         1-4             73797.48        76904.57       150702.05
  1977         5-9            101702.67       105753.89       207456.56
  1977        10-14            95512.53        99887.63       195400.17
  1977        15-19            98406.68       102489.92       200896.61
  1977        20-24            88090.73        92161.65       180252.38
  1977        25-29            84690.31        88551.46       173241.77
  1977        30-34            77280.51        80856.42       158136.92
  1977        35-39            62063.44        65301.85       127365.29
  1977        40-44            53959.56        56965.79       110925.34
  1977        45-49            53650.06        56674.68       110324.75
  1977        50-54            54219.13        56853.50       111072.62
  1977        55-59            51126.81        50359.32       101486.12
  1977        60-64            46580.12        43306.90        89887.03
  1977        65-69            38580.80        35382.99        73963.79
  1977        70-74            28707.11        24756.38        53463.49
  1977        75-79            21416.67        15192.87        36609.54
  1977        80-84            13574.55         7526.10        21100.65
  1977        85-89             6572.10         3317.31         9889.41
  1977        90-94             2108.50          920.63         3029.13
  1977        95-99              392.86          116.20          509.06
  1977       100-104              29.69            5.79           35.48
  1977       105-109               0.00            0.00            0.00
  1977       110+                  0.00            0.00            0.00
  1978           0             17055.94        18026.16        35082.10
  1978         1-4             72220.45        75374.06       147594.50
  1978         5-9            103357.76       107294.70       210652.46
  1978        10-14            96152.07       100313.64       196465.71
  1978        15-19           100520.22       104667.37       205187.59
  1978        20-24            90927.90        95165.88       186093.78
  1978        25-29            86366.82        90167.43       176534.25
  1978        30-34            81393.40        85025.97       166419.37
  1978        35-39            64694.56        68041.45       132736.01
  1978        40-44            55694.61        58658.42       114353.03
  1978        45-49            53310.52        56090.57       109401.09
  1978        50-54            54680.72        57253.73       111934.45
  1978        55-59            52426.69        52192.30       104618.99
  1978        60-64            46817.31        43569.29        90386.60
  1978        65-69            40375.46        36511.50        76886.96
  1978        70-74            29981.91        25664.06        55645.97
  1978        75-79            21829.57        15759.51        37589.07
  1978        80-84            13959.90         7687.52        21647.42
  1978        85-89             6834.50         3400.41        10234.91
  1978        90-94             2281.57          981.08         3262.65
  1978        95-99              430.75          128.18          558.92
  1978       100-104              41.26            5.03           46.29
  1978       105-109               0.18            0.00            0.18
  1978       110+                  0.00            0.00            0.00
  1979           0             17028.16        18127.38        35155.53
  1979         1-4             71331.06        74559.02       145890.07
  1979         5-9            103409.75       107571.77       210981.53
  1979        10-14            98106.56       102244.66       200351.22
  1979        15-19           101826.17       105387.81       207213.98
  1979        20-24            94286.40        99063.06       193349.46
  1979        25-29            88340.82        92323.00       180663.82
  1979        30-34            84912.45        88431.93       173344.38
  1979        35-39            68401.57        71851.48       140253.05
  1979        40-44            57745.14        60926.64       118671.78
  1979        45-49            53183.63        55831.14       109014.77
  1979        50-54            55008.38        57497.30       112505.68
  1979        55-59            53749.36        53936.63       107685.99
  1979        60-64            47293.43        43916.45        91209.88
  1979        65-69            42072.82        37982.49        80055.31
  1979        70-74            31289.54        26668.04        57957.58
  1979        75-79            22296.25        16290.93        38587.18
  1979        80-84            14417.13         7961.00        22378.14
  1979        85-89             7108.27         3458.91        10567.18
  1979        90-94             2446.12         1031.70         3477.81
  1979        95-99              473.25          145.42          618.67
  1979       100-104              47.91            7.31           55.22
  1979       105-109               0.49            0.00            0.49
  1979       110+                  0.00            0.00            0.00
  1980           0             17699.81        18832.73        36532.53
  1980         1-4             71691.00        75227.59       146918.59
  1980         5-9            102755.65       107094.20       209849.85
  1980        10-14           102354.08       106572.70       208926.78
  1980        15-19           102655.11       105426.34       208081.44
  1980        20-24            98753.33       103769.58       202522.91
  1980        25-29            91057.82        95730.72       186788.53
  1980        30-34            89443.95        93069.24       182513.19
  1980        35-39            73054.63        76559.83       149614.46
  1980        40-44            60102.09        63869.60       123971.69
  1980        45-49            53427.47        56231.07       109658.54
  1980        50-54            55684.29        57914.66       113598.95
  1980        55-59            54639.94        55273.67       109913.60
  1980        60-64            48949.71        45369.11        94318.82
  1980        65-69            43341.14        39241.56        82582.70
  1980        70-74            32946.32        27782.32        60728.64
  1980        75-79            22726.95        16800.11        39527.06
  1980        80-84            15060.39         8423.91        23484.30
  1980        85-89             7431.68         3521.32        10953.00
  1980        90-94             2618.43         1077.05         3695.48
  1980        95-99              517.29          172.95          690.24
  1980       100-104              52.03            9.43           61.47
  1980       105-109               0.97            0.00            0.97
  1980       110+                  0.00            0.00            0.00
  1981           0             18784.55        19940.91        38725.46
  1981         1-4             73318.50        77346.63       150665.13
  1981         5-9            101827.65       106458.80       208286.45
  1981        10-14           107755.65       112239.75       219995.40
  1981        15-19           103315.58       106166.59       209482.18
  1981        20-24           103676.35       108610.82       212287.17
  1981        25-29            94652.34        99562.99       194215.33
  1981        30-34            93269.31        97122.32       190391.64
  1981        35-39            79250.57        82946.14       162196.72
  1981        40-44            63352.16        67649.00       131001.16
  1981        45-49            54477.88        57642.36       112120.23
  1981        50-54            56377.25        58561.32       114938.57
  1981        55-59            55062.08        56289.12       111351.20
  1981        60-64            50952.89        47634.73        98587.62
  1981        65-69            44584.75        40126.44        84711.19
  1981        70-74            34678.32        28948.96        63627.28
  1981        75-79            23549.50        17504.22        41053.72
  1981        80-84            15700.70         8898.90        24599.60
  1981        85-89             7806.09         3603.68        11409.76
  1981        90-94             2776.93         1110.39         3887.32
  1981        95-99              562.95          199.26          762.21
  1981       100-104              55.53            9.78           65.31
  1981       105-109               1.05            0.00            1.05
  1981       110+                  0.00            0.00            0.00
  1982           0             19697.90        21011.80        40709.70
  1982         1-4             75002.22        79615.16       154617.38
  1982         5-9            100608.13       105561.85       206169.98
  1982        10-14           111832.62       116627.82       228460.44
  1982        15-19           103600.07       107048.23       210648.29
  1982        20-24           106986.36       111757.05       218743.41
  1982        25-29            97966.39       102487.78       200454.17
  1982        30-34            95423.89        98931.50       194355.39
  1982        35-39            86001.03        90220.85       176221.88
  1982        40-44            66805.58        71314.65       138120.23
  1982        45-49            56182.34        59812.09       115994.42
  1982        50-54            56200.32        58631.05       114831.36
  1982        55-59            55814.56        57175.63       112990.19
  1982        60-64            52607.20        49940.18       102547.38
  1982        65-69            45686.77        40823.84        86510.61
  1982        70-74            36224.67        30093.88        66318.54
  1982        75-79            24711.93        18326.43        43038.36
  1982        80-84            16132.89         9232.07        25364.97
  1982        85-89             8137.67         3675.25        11812.92
  1982        90-94             2914.07         1123.17         4037.24
  1982        95-99              599.89          202.52          802.42
  1982       100-104              56.33           10.12           66.46
  1982       105-109               0.56            0.00            0.56
  1982       110+                  0.00            0.00            0.00
  1983           0             19907.75        21230.81        41138.56
  1983         1-4             76763.92        81738.19       158502.12
  1983         5-9             98960.12       104151.74       203111.86
  1983        10-14           113542.07       118670.73       232212.80
  1983        15-19           104100.61       107899.63       212000.24
  1983        20-24           108184.46       112781.72       220966.19
  1983        25-29           100429.49       104752.66       205182.15
  1983        30-34            97037.54        99923.82       196961.37
  1983        35-39            90990.63        95419.98       186410.61
  1983        40-44            70284.51        74814.54       145099.06
  1983        45-49            58306.48        62359.05       120665.54
  1983        50-54            55628.91        58211.45       113840.37
  1983        55-59            56593.08        57933.25       114526.33
  1983        60-64            54108.07        52182.72       106290.79
  1983        65-69            46129.95        41194.44        87324.39
  1983        70-74            37924.98        31412.06        69337.04
  1983        75-79            25929.13        19196.77        45125.90
  1983        80-84            16551.73         9591.39        26143.12
  1983        85-89             8425.30         3771.53        12196.83
  1983        90-94             3067.01         1150.79         4217.79
  1983        95-99              634.43          196.48          830.91
  1983       100-104              63.30           10.74           74.04
  1983       105-109               0.77            0.00            0.77
  1983       110+                  0.00            0.00            0.00
  1984           0             19572.79        20828.36        40401.14
  1984         1-4             78548.64        83568.13       162116.77
  1984         5-9             97545.13       102937.65       200482.78
  1984        10-14           113502.12       118994.29       232496.41
  1984        15-19           105609.70       109763.24       215372.94
  1984        20-24           108474.78       112799.47       221274.25
  1984        25-29           102915.94       107362.09       210278.03
  1984        30-34            98205.14       100677.98       198883.12
  1984        35-39            94956.73        98848.58       193805.31
  1984        40-44            74435.32        79080.29       153515.60
  1984        45-49            60873.75        65416.32       126290.07
  1984        50-54            55373.65        57948.47       113322.12
  1984        55-59            57051.04        58469.88       115520.92
  1984        60-64            55454.15        54101.25       109555.40
  1984        65-69            46474.17        41666.66        88140.83
  1984        70-74            39493.32        32790.36        72283.68
  1984        75-79            27180.51        20189.37        47369.88
  1984        80-84            17095.20        10070.41        27165.62
  1984        85-89             8794.27         3935.34        12729.61
  1984        90-94             3251.20         1184.36         4435.55
  1984        95-99              685.80          198.48          884.28
  1984       100-104              75.49           14.21           89.70
  1984       105-109               1.33            0.00            1.33
  1984       110+                  0.00            0.00            0.00
  1985           0             19458.35        20676.08        40134.43
  1985         1-4             79773.54        84812.10       164585.64
  1985         5-9             97288.70       103002.26       200290.95
  1985        10-14           111848.05       117713.16       229561.21
  1985        15-19           109058.26       113696.44       222754.70
  1985        20-24           108381.37       112716.56       221097.93
  1985        25-29           105787.91       110004.80       215792.72
  1985        30-34            99718.43       101785.32       201503.74
  1985        35-39            98836.51       102081.57       200918.08
  1985        40-44            79062.50        83736.90       162799.40
  1985        45-49            63493.60        68583.64       132077.24
  1985        50-54            55629.92        58475.20       114105.13
  1985        55-59            57302.98        59033.95       116336.93
  1985        60-64            56503.54        55479.20       111982.75
  1985        65-69            47829.52        43264.47        91093.99
  1985        70-74            40700.58        33826.31        74526.89
  1985        75-79            28471.14        21297.75        49768.89
  1985        80-84            17621.71        10498.46        28120.17
  1985        85-89             9220.56         4146.59        13367.15
  1985        90-94             3433.57         1202.84         4636.40
  1985        95-99              739.04          212.40          951.44
  1985       100-104              86.12           17.55          103.67
  1985       105-109               2.04            0.00            2.04
  1985       110+                  0.00            0.00            0.00
  1986           0             19405.03        20586.40        39991.43
  1986         1-4             80557.46        85433.60       165991.06
  1986         5-9             98319.68       104502.64       202822.32
  1986        10-14           109217.55       115064.15       224281.70
  1986        15-19           113414.28       118070.07       231484.35
  1986        20-24           107740.85       112083.77       219824.62
  1986        25-29           108859.01       112253.35       221112.36
  1986        30-34           101793.55       103390.06       205183.61
  1986        35-39           101039.98       103696.72       204736.70
  1986        40-44            85111.11        89585.06       174696.17
  1986        45-49            66418.66        71767.28       138185.94
  1986        50-54            56786.85        59993.37       116780.23
  1986        55-59            57432.99        59373.11       116806.10
  1986        60-64            56911.88        56284.84       113196.72
  1986        65-69            49756.91        45605.94        95362.85
  1986        70-74            41791.69        34704.82        76496.51
  1986        75-79            29786.57        22314.55        52101.12
  1986        80-84            18209.82        11025.35        29235.18
  1986        85-89             9651.62         4369.79        14021.41
  1986        90-94             3622.37         1228.25         4850.63
  1986        95-99              805.37          236.24         1041.62
  1986       100-104              97.59           18.65          116.23
  1986       105-109               3.12            0.00            3.12
  1986       110+                  0.00            0.00            0.00
  1987           0             19421.07        20512.58        39933.65
  1987         1-4             81044.43        85562.14       166606.58
  1987         5-9            100685.13       107442.74       208127.87
  1987        10-14           107428.04       112952.12       220380.16
  1987        15-19           117204.28       121290.41       238494.69
  1987        20-24           107588.39       111536.43       219124.82
  1987        25-29           112172.93       114422.13       226595.06
  1987        30-34           104663.97       105852.81       210516.78
  1987        35-39           102631.11       104384.72       207015.83
  1987        40-44            92049.19        96554.60       188603.78
  1987        45-49            69936.53        75175.14       145111.67
  1987        50-54            58729.02        62194.24       120923.26
  1987        55-59            57412.16        59337.72       116749.88
  1987        60-64            57451.17        56960.31       114411.48
  1987        65-69            51621.09        47767.12        99388.21
  1987        70-74            42644.88        35380.25        78025.13
  1987        75-79            31186.63        23227.86        54414.50
  1987        80-84            19028.49        11705.59        30734.08
  1987        85-89            10011.41         4575.71        14587.12
  1987        90-94             3774.50         1245.44         5019.94
  1987        95-99              872.16          250.66         1122.82
  1987       100-104             101.53           20.64          122.17
  1987       105-109               3.36            0.00            3.36
  1987       110+                  0.00            0.00            0.00
  1988           0             19840.59        20902.60        40743.19
  1988         1-4             81702.93        86110.42       167813.36
  1988         5-9            103982.87       111078.91       215061.77
  1988        10-14           107056.08       112609.16       219665.24
  1988        15-19           120387.21       124543.08       244930.28
  1988        20-24           109229.34       112819.04       222048.38
  1988        25-29           115645.37       117105.77       232751.14
  1988        30-34           108574.56       109641.06       218215.62
  1988        35-39           105554.63       106504.75       212059.37
  1988        40-44            98276.42       102792.45       201068.86
  1988        45-49            74367.87        79537.34       153905.21
  1988        50-54            61417.43        65219.79       126637.22
  1988        55-59            57508.68        59446.54       116955.22
  1988        60-64            58482.76        58108.34       116591.10
  1988        65-69            53556.98        50015.26       103572.24
  1988        70-74            43150.37        35906.76        79057.13
  1988        75-79            32855.16        24301.12        57156.27
  1988        80-84            20047.05        12362.74        32409.79
  1988        85-89            10342.46         4786.73        15129.19
  1988        90-94             3884.69         1265.63         5150.31
  1988        95-99              922.16          260.97         1183.14
  1988       100-104             103.61           21.24          124.84
  1988       105-109               3.27            0.05            3.32
  1988       110+                  0.00            0.00            0.00
  1989           0             20942.28        22010.31        42952.59
  1989         1-4             82620.91        87294.56       169915.47
  1989         5-9            107168.17       114310.71       221478.88
  1989        10-14           107387.03       113343.67       220730.70
  1989        15-19           122081.17       126789.07       248870.25
  1989        20-24           112305.30       115640.12       227945.41
  1989        25-29           117870.40       118813.30       236683.70
  1989        30-34           112923.43       113898.83       226822.26
  1989        35-39           108507.12       109009.01       217516.12
  1989        40-44           103543.79       107773.64       211317.43
  1989        45-49            79501.77        84704.19       164205.96
  1989        50-54            64656.64        68891.89       133548.53
  1989        55-59            57952.32        59734.43       117686.74
  1989        60-64            59274.83        59304.97       118579.80
  1989        65-69            55105.48        51884.95       106990.43
  1989        70-74            43784.87        36747.43        80532.30
  1989        75-79            34370.33        25319.03        59689.36
  1989        80-84            21107.81        12960.71        34068.52
  1989        85-89            10716.59         5000.86        15717.45
  1989        90-94             4018.03         1310.67         5328.70
  1989        95-99              951.66          247.58         1199.24
  1989       100-104             115.10           19.55          134.65
  1989       105-109               4.44            0.00            4.44
  1989       110+                  0.00            0.00            0.00
  1990           0             21840.86        22950.64        44791.51
  1990         1-4             83938.40        88841.97       172780.37
  1990         5-9            109433.67       116497.43       225931.10
  1990        10-14           108088.54       114639.17       222727.71
  1990        15-19           121360.66       126541.87       247902.54
  1990        20-24           116290.34       119292.44       235582.79
  1990        25-29           117624.29       118164.99       235789.28
  1990        30-34           117233.01       117345.07       234578.08
  1990        35-39           110898.78       111177.27       222076.05
  1990        40-44           107902.51       111676.20       219578.71
  1990        45-49            84776.36        89754.37       174530.73
  1990        50-54            67831.86        72526.59       140358.46
  1990        55-59            58373.84        60435.64       118809.48
  1990        60-64            59863.99        60067.05       119931.04
  1990        65-69            55949.91        53040.71       108990.62
  1990        70-74            45304.76        38329.23        83633.99
  1990        75-79            35457.49        26122.55        61580.04
  1990        80-84            22198.59        13585.54        35784.13
  1990        85-89            11140.21         5200.60        16340.81
  1990        90-94             4233.49         1410.14         5643.63
  1990        95-99              992.55          222.02         1214.57
  1990       100-104             121.88           20.78          142.67
  1990       105-109               5.05            0.00            5.05
  1990       110+                  0.00            0.00            0.00
  1991           0             22187.03        23224.82        45411.86
  1991         1-4             86014.87        90790.51       176805.38
  1991         5-9            110716.70       117625.26       228341.96
  1991        10-14           109346.07       116385.69       225731.76
  1991        15-19           119131.15       124543.16       243674.31
  1991        20-24           121046.44       123978.22       245024.66
  1991        25-29           116728.43       117384.12       234112.55
  1991        30-34           121159.17       120494.91       241654.08
  1991        35-39           113501.09       113599.91       227101.00
  1991        40-44           110584.88       113828.21       224413.09
  1991        45-49            90866.63        95785.25       186651.88
  1991        50-54            70879.27        75940.17       146819.44
  1991        55-59            59454.23        61976.85       121431.08
  1991        60-64            60051.62        60222.25       120273.88
  1991        65-69            56390.19        53911.16       110301.35
  1991        70-74            47124.43        40278.89        87403.32
  1991        75-79            36460.02        26893.35        63353.38
  1991        80-84            23345.93        14226.51        37572.44
  1991        85-89            11692.27         5557.71        17249.97
  1991        90-94             4519.40         1533.28         6052.67
  1991        95-99             1066.81          224.45         1291.25
  1991       100-104             128.74           22.94          151.69
  1991       105-109               5.03            0.05            5.09
  1991       110+                  0.00            0.00            0.00
  1992           0             22313.50        23546.95        45860.45
  1992         1-4             88518.00        92979.05       181497.04
  1992         5-9            111406.19       118138.73       229544.92
  1992        10-14           111530.61       118953.71       230484.32
  1992        15-19           117194.65       122481.65       239676.30
  1992        20-24           125866.94       128994.76       254861.70
  1992        25-29           116873.54       118048.42       234921.96
  1992        30-34           124476.51       123622.21       248098.72
  1992        35-39           116885.68       116579.67       233465.35
  1992        40-44           112293.94       115053.72       227347.66
  1992        45-49            97793.31       103014.96       200808.28
  1992        50-54            73920.08        79134.38       153054.46
  1992        55-59            61464.67        64271.19       125735.86
  1992        60-64            59643.48        60102.04       119745.52
  1992        65-69            57134.57        54726.78       111861.35
  1992        70-74            48655.48        42124.79        90780.27
  1992        75-79            37303.73        27597.87        64901.60
  1992        80-84            24561.01        14918.58        39479.59
  1992        85-89            12341.06         6037.29        18378.35
  1992        90-94             4711.90         1617.73         6329.62
  1992        95-99             1132.28          247.99         1380.27
  1992       100-104             142.90           23.92          166.82
  1992       105-109               6.10            0.00            6.10
  1992       110+                  0.00            0.00            0.00
  1993           0             22580.82        23971.40        46552.22
  1993         1-4             90828.85        95340.12       186168.97
  1993         5-9            112160.17       118750.66       230910.84
  1993        10-14           114262.16       121904.72       236166.89
  1993        15-19           116196.66       121342.67       237539.33
  1993        20-24           129371.34       132925.25       262296.58
  1993        25-29           118100.79       119749.04       237849.83
  1993        30-34           127263.08       126323.11       253586.19
  1993        35-39           120313.20       119806.86       240120.06
  1993        40-44           114710.55       116856.94       231567.50
  1993        45-49           103835.15       109119.95       212955.09
  1993        50-54            77703.26        82995.00       160698.26
  1993        55-59            63913.28        67061.23       130974.51
  1993        60-64            59229.96        60044.22       119274.18
  1993        65-69            57930.92        55629.08       113560.00
  1993        70-74            50433.22        44081.91        94515.13
  1993        75-79            37656.04        28090.20        65746.24
  1993        80-84            26010.20        15738.78        41748.98
  1993        85-89            13087.73         6489.47        19577.19
  1993        90-94             4891.89         1711.83         6603.72
  1993        95-99             1190.27          266.34         1456.61
  1993       100-104             157.52           23.05          180.57
  1993       105-109               7.81            0.05            7.85
  1993       110+                  0.00            0.00            0.00
  1994           0             22858.63        24302.65        47161.27
  1994         1-4             92535.50        97286.98       189822.48
  1994         5-9            113656.19       120237.20       233893.38
  1994        10-14           116843.14       124333.22       241176.36
  1994        15-19           115920.73       121067.19       236987.92
  1994        20-24           130982.46       134950.83       265933.29
  1994        25-29           120693.49       122652.89       243346.38
  1994        30-34           129010.52       127965.23       256975.75
  1994        35-39           123814.41       123394.59       247209.00
  1994        40-44           117299.28       118976.56       236275.84
  1994        45-49           108568.82       113533.24       222102.06
  1994        50-54            82566.45        87967.60       170534.05
  1994        55-59            66598.99        70273.45       136872.44
  1994        60-64            59363.27        60229.10       119592.37
  1994        65-69            58291.61        56417.35       114708.96
  1994        70-74            52097.60        45620.67        97718.27
  1994        75-79            38151.23        28882.77        67034.01
  1994        80-84            27495.34        16511.71        44007.04
  1994        85-89            13846.31         6883.91        20730.22
  1994        90-94             5125.50         1835.10         6960.59
  1994        95-99             1244.89          276.43         1521.32
  1994       100-104             166.15           19.50          185.65
  1994       105-109               8.83            0.04            8.87
  1994       110+                  0.00            0.00            0.00
  1995           0             23042.10        24420.99        47463.09
  1995         1-4             93592.91        98678.07       192270.98
  1995         5-9            115851.33       122240.25       238091.59
  1995        10-14           119040.15       126363.18       245403.33
  1995        15-19           116542.73       121981.31       238524.04
  1995        20-24           130216.95       134202.40       264419.35
  1995        25-29           124925.05       127024.65       251949.71
  1995        30-34           129213.13       128084.40       257297.53
  1995        35-39           127873.37       127390.26       255263.64
  1995        40-44           119864.44       121140.92       241005.36
  1995        45-49           113097.63       117820.12       230917.75
  1995        50-54            87624.63        92916.56       180541.20
  1995        55-59            69432.41        73680.98       143113.39
  1995        60-64            59577.72        60846.72       120424.44
  1995        65-69            58700.88        57107.43       115808.31
  1995        70-74            53075.22        46655.97        99731.19
  1995        75-79            39649.16        30455.68        70104.84
  1995        80-84            28787.86        17371.95        46159.81
  1995        85-89            14638.31         7265.81        21904.12
  1995        90-94             5346.13         1983.12         7329.25
  1995        95-99             1313.88          304.31         1618.19
  1995       100-104             166.95           20.21          187.16
  1995       105-109               7.89            0.00            7.89
  1995       110+                  0.00            0.00            0.00
  1996           0             23148.21        24287.80        47436.01
  1996         1-4             94087.43        99614.57       193702.00
  1996         5-9            118267.71       124246.30       242514.01
  1996        10-14           120074.63       127208.72       247283.35
  1996        15-19           117422.24       123182.54       240604.78
  1996        20-24           127538.75       130952.60       258491.35
  1996        25-29           129646.66       131153.56       260800.22
  1996        30-34           128388.98       127144.29       255533.27
  1996        35-39           131742.88       130751.78       262494.66
  1996        40-44           122504.61       123019.24       245523.85
  1996        45-49           115965.05       120103.62       236068.68
  1996        50-54            93860.01        99166.75       193026.76
  1996        55-59            72626.77        77183.97       149810.73
  1996        60-64            60474.23        62303.61       122777.83
  1996        65-69            59019.55        57657.28       116676.83
  1996        70-74            53560.16        47721.58       101281.74
  1996        75-79            41665.86        32292.85        73958.72
  1996        80-84            29790.39        18165.09        47955.48
  1996        85-89            15434.74         7618.05        23052.79
  1996        90-94             5600.12         2139.21         7739.32
  1996        95-99             1375.27          338.29         1713.56
  1996       100-104             173.22           24.09          197.30
  1996       105-109               7.92            0.00            7.92
  1996       110+                  0.00            0.00            0.00
  1997           0             23051.04        24151.44        47202.49
  1997         1-4             94448.66        99974.52       194423.18
  1997         5-9            120592.19       126582.73       247174.92
  1997        10-14           120090.62       127044.64       247135.25
  1997        15-19           118743.32       124397.07       243140.39
  1997        20-24           124370.50       127022.54       251393.04
  1997        25-29           133081.72       133626.29       266708.01
  1997        30-34           127508.64       125960.59       253469.23
  1997        35-39           134798.41       133017.73       267816.14
  1997        40-44           125171.70       124625.07       249796.77
  1997        45-49           117603.78       120616.71       238220.49
  1997        50-54           101157.84       106584.15       207741.99
  1997        55-59            75956.95        80641.82       156598.77
  1997        60-64            62405.97        64671.43       127077.40
  1997        65-69            58845.41        57916.23       116761.64
  1997        70-74            54125.18        48771.01       102896.19
  1997        75-79            43543.69        34012.61        77556.30
  1997        80-84            30624.23        18810.29        49434.52
  1997        85-89            16265.28         8011.12        24276.40
  1997        90-94             5926.73         2302.10         8228.84
  1997        95-99             1402.00          362.86         1764.86
  1997       100-104             179.83           26.58          206.41
  1997       105-109               8.51            0.05            8.56
  1997       110+                  0.00            0.00            0.00
  1998           0             22976.32        24127.73        47104.05
  1998         1-4             94694.87        99958.44       194653.31
  1998         5-9            122576.69       129017.85       251594.54
  1998        10-14           120452.60       127387.64       247840.24
  1998        15-19           120807.46       126330.44       247137.90
  1998        20-24           121651.83       123580.39       245232.22
  1998        25-29           134228.55       134406.18       268634.73
  1998        30-34           127410.54       125353.93       252764.47
  1998        35-39           136997.86       134287.66       271285.51
  1998        40-44           127941.29       126596.58       254537.87
  1998        45-49           119951.70       121553.71       241505.41
  1998        50-54           107205.08       112393.57       219598.65
  1998        55-59            79820.92        84606.98       164427.90
  1998        60-64            64875.48        67601.11       132476.59
  1998        65-69            58456.57        57990.50       116447.07
  1998        70-74            54884.31        49965.87       104850.17
  1998        75-79            45232.89        35701.85        80934.74
  1998        80-84            31359.36        19425.92        50785.28
  1998        85-89            17315.81         8552.29        25868.10
  1998        90-94             6349.62         2466.01         8815.63
  1998        95-99             1443.04          392.75         1835.79
  1998       100-104             181.86           26.86          208.72
  1998       105-109               8.17            0.05            8.22
  1998       110+                  0.00            0.00            0.00
  1999           0             22997.93        24390.32        47388.25
  1999         1-4             94740.37        99765.79       194506.16
  1999         5-9            124196.68       131123.66       255320.35
  1999        10-14           121877.08       128873.65       250750.74
  1999        15-19           122971.81       128335.16       251306.98
  1999        20-24           120153.85       121516.97       241670.82
  1999        25-29           133827.56       133521.22       267348.78
  1999        30-34           128724.65       126029.31       254753.96
  1999        35-39           138160.38       134321.83       272482.21
  1999        40-44           131140.86       129254.69       260395.56
  1999        45-49           122038.85       122532.33       244571.17
  1999        50-54           112293.52       116566.48       228859.99
  1999        55-59            84562.58        89477.91       174040.49
  1999        60-64            67973.69        71193.66       139167.35
  1999        65-69            58447.42        58236.37       116683.79
  1999        70-74            55405.98        51073.60       106479.58
  1999        75-79            46685.36        37229.90        83915.26
  1999        80-84            31818.59        19984.16        51802.75
  1999        85-89            18376.71         9105.84        27482.55
  1999        90-94             6774.25         2636.24         9410.49
  1999        95-99             1501.61          422.66         1924.27
  1999       100-104             189.24           28.21          217.45
  1999       105-109               8.66            0.00            8.66
  1999       110+                  0.00            0.00            0.00
  2000           0             23387.78        24730.64        48118.42
  2000         1-4             94815.64        99978.80       194794.45
  2000         5-9            125475.65       132705.26       258180.91
  2000        10-14           124028.55       131056.61       255085.16
  2000        15-19           125178.80       130414.62       255593.42
  2000        20-24           120283.24       121537.81       241821.05
  2000        25-29           131819.05       130307.04       262126.09
  2000        30-34           132012.06       128604.41       260616.47
  2000        35-39           138117.15       133298.89       271416.04
  2000        40-44           134859.10       132167.63       267026.73
  2000        45-49           124153.92       123717.89       247871.81
  2000        50-54           117345.11       120250.29       237595.39
  2000        55-59            89691.80        94558.97       184250.76
  2000        60-64            71292.82        74950.64       146243.46
  2000        65-69            58947.40        59186.28       118133.68
  2000        70-74            55906.83        52037.93       107944.76
  2000        75-79            47771.39        38594.80        86366.19
  2000        80-84            32718.06        20887.84        53605.90
  2000        85-89            19337.11         9633.71        28970.82
  2000        90-94             7151.22         2825.83         9977.05
  2000        95-99             1565.89          448.20         2014.09
  2000       100-104             200.88           32.77          233.65
  2000       105-109               9.04            0.04            9.08
  2000       110+                  0.00            0.00            0.00
  2001           0             23617.06        24930.06        48547.12
  2001         1-4             95536.70       100963.39       196500.09
  2001         5-9            126434.70       133840.25       260274.95
  2001        10-14           127035.10       133667.25       260702.35
  2001        15-19           127118.68       132316.93       259435.61
  2001        20-24           122038.48       124504.23       246542.70
  2001        25-29           128683.81       127429.27       256113.08
  2001        30-34           136419.77       132930.39       269350.17
  2001        35-39           137655.16       132861.56       270516.72
  2001        40-44           139151.99       135901.30       275053.29
  2001        45-49           126958.92       125593.78       252552.70
  2001        50-54           120516.84       122529.63       243046.47
  2001        55-59            96577.11       101171.08       197748.19
  2001        60-64            74836.57        78607.81       153444.37
  2001        65-69            60502.78        61272.66       121775.43
  2001        70-74            56406.58        52974.76       109381.34
  2001        75-79            48528.66        39920.87        88449.53
  2001        80-84            34434.70        22307.63        56742.33
  2001        85-89            20165.78        10132.94        30298.71
  2001        90-94             7537.68         2988.73        10526.41
  2001        95-99             1670.95          491.43         2162.38
  2001       100-104             211.02           37.27          248.29
  2001       105-109               9.19            0.05            9.24
  2001       110+                  0.00            0.00            0.00
  2002           0             23512.99        24882.73        48395.72
  2002         1-4             96887.76       102433.86       199321.61
  2002         5-9            127520.68       134701.24       262221.92
  2002        10-14           130432.13       137039.67       267471.80
  2002        15-19           128582.72       133475.35       262058.07
  2002        20-24           125722.42       129474.75       255197.17
  2002        25-29           127115.91       126860.04       253975.95
  2002        30-34           140760.19       137622.99       278383.18
  2002        35-39           137674.12       133583.74       271257.87
  2002        40-44           143544.68       139907.99       283452.67
  2002        45-49           130663.34       128596.82       259260.15
  2002        50-54           122443.07       123715.47       246158.54
  2002        55-59           104849.90       109216.79       214066.69
  2002        60-64            78684.43        82237.37       160921.80
  2002        65-69            62996.64        64158.72       127155.36
  2002        70-74            56551.57        53709.37       110260.94
  2002        75-79            49345.81        41195.44        90541.25
  2002        80-84            36170.40        23840.88        60011.28
  2002        85-89            20800.21        10568.22        31368.43
  2002        90-94             7979.79         3134.14        11113.93
  2002        95-99             1775.65          538.11         2313.76
  2002       100-104             212.68           41.83          254.52
  2002       105-109               8.90            0.22            9.11
  2002       110+                  0.00            0.00            0.00
  2003           0             23918.85        25164.98        49083.83
  2003         1-4             98172.29       103680.89       201853.18
  2003         5-9            128661.13       135292.69       263953.82
  2003        10-14           133417.65       140624.17       274041.82
  2003        15-19           129969.20       134742.78       264711.98
  2003        20-24           130401.49       134784.52       265186.00
  2003        25-29           127090.93       127194.63       254285.56
  2003        30-34           144051.67       141257.25       285308.93
  2003        35-39           138645.36       135053.47       273698.83
  2003        40-44           147053.50       143056.73       290110.23
  2003        45-49           134881.56       132441.15       267322.72
  2003        50-54           125024.32       125418.28       250442.59
  2003        55-59           111715.69       115765.07       227480.76
  2003        60-64            83072.77        86354.68       169427.45
  2003        65-69            65944.65        67310.99       133255.65
  2003        70-74            56529.97        54255.27       110785.24
  2003        75-79            50320.35        42522.35        92842.70
  2003        80-84            37759.97        25269.13        63029.10
  2003        85-89            21330.89        10982.00        32312.89
  2003        90-94             8555.90         3337.13        11893.03
  2003        95-99             1899.86          565.70         2465.56
  2003       100-104             210.56           45.42          255.98
  2003       105-109               7.60            0.30            7.90
  2003       110+                  0.00            0.00            0.00
  2004           0             24796.74        26242.74        51039.49
  2004         1-4             99504.38       104798.42       204302.80
  2004         5-9            129581.65       136121.16       265702.80
  2004        10-14           135994.07       143445.73       279439.80
  2004        15-19           131727.23       136994.28       268721.51
  2004        20-24           135048.89       139773.13       274822.02
  2004        25-29           128027.89       128886.58       256914.46
  2004        30-34           145494.54       143308.57       288803.11
  2004        35-39           141070.85       137984.31       279055.16
  2004        40-44           149351.25       145223.54       294574.79
  2004        45-49           138990.73       136380.36       275371.10
  2004        50-54           127521.07       127468.49       254989.55
  2004        55-59           117012.05       120310.27       237322.31
  2004        60-64            88184.51        91353.23       179537.74
  2004        65-69            69154.14        70625.63       139779.77
  2004        70-74            56767.95        54746.01       111513.96
  2004        75-79            50972.36        43622.44        94594.80
  2004        80-84            39357.03        26682.07        66039.11
  2004        85-89            21770.87        11410.96        33181.83
  2004        90-94             9151.05         3599.10        12750.15
  2004        95-99             2049.43          596.41         2645.83
  2004       100-104             226.16           48.81          274.96
  2004       105-109               7.93            0.31            8.24
  2004       110+                  0.00            0.00            0.00
  2005           0             25761.09        27393.31        53154.41
  2005         1-4            100952.76       106403.81       207356.57
  2005         5-9            130969.20       137615.73       268584.93
  2005        10-14           137823.06       145278.12       283101.18
  2005        15-19           133899.70       139970.33       273870.03
  2005        20-24           139809.39       143922.83       283732.22
  2005        25-29           130701.36       132519.51       263220.88
  2005        30-34           145113.57       143599.70       288713.27
  2005        35-39           145492.29       142916.28       288408.56
  2005        40-44           150214.64       146066.34       296280.98
  2005        45-49           143190.20       140164.54       283354.74
  2005        50-54           130204.35       129947.77       260152.13
  2005        55-59           121454.39       124014.18       245468.57
  2005        60-64            93520.32        96472.87       189993.19
  2005        65-69            72077.09        73664.19       145741.28
  2005        70-74            57373.06        55631.44       113004.50
  2005        75-79            51443.10        44518.26        95961.36
  2005        80-84            40740.65        28050.53        68791.17
  2005        85-89            22620.89        12157.97        34778.85
  2005        90-94             9726.11         3871.19        13597.30
  2005        95-99             2201.78          645.86         2847.63
  2005       100-104             251.18           53.32          304.50
  2005       105-109               9.95            0.50           10.45
  2005       110+                  0.00            0.00            0.00
  2006           0             27100.64        28923.25        56023.88
  2006         1-4            103376.43       109157.38       212533.81
  2006         5-9            132746.68       139574.16       272320.84
  2006        10-14           138812.10       146299.67       285111.76
  2006        15-19           137328.75       143577.35       280906.10
  2006        20-24           143801.50       147738.80       291540.30
  2006        25-29           135376.52       138185.05       273561.56
  2006        30-34           144040.97       143140.29       287181.26
  2006        35-39           151570.99       149126.05       300697.04
  2006        40-44           150046.45       146364.46       296410.91
  2006        45-49           147786.74       144395.99       292182.73
  2006        50-54           133191.16       132440.59       265631.75
  2006        55-59           123659.56       125634.07       249293.63
  2006        60-64           100031.21       102947.42       202978.63
  2006        65-69            75178.23        76854.19       152032.41
  2006        70-74            58696.26        57163.30       115859.56
  2006        75-79            51870.77        45274.95        97145.72
  2006        80-84            41702.85        29295.42        70998.27
  2006        85-89            24062.09        13245.48        37307.56
  2006        90-94            10209.08         4132.40        14341.48
  2006        95-99             2362.69          698.34         3061.03
  2006       100-104             273.86           57.70          331.56
  2006       105-109              11.33            0.73           12.06
  2006       110+                  0.00            0.00            0.00
  2007           0             28787.48        30729.67        59517.15
  2007         1-4            107538.30       113727.41       221265.71
  2007         5-9            134274.17       141472.70       275746.87
  2007        10-14           139938.13       147261.10       287199.23
  2007        15-19           141554.33       147740.04       289294.37
  2007        20-24           147313.30       151666.55       298979.85
  2007        25-29           141810.00       145683.02       287493.03
  2007        30-34           143972.52       143092.46       287064.98
  2007        35-39           157423.98       154980.84       312404.82
  2007        40-44           150070.57       147080.21       297150.78
  2007        45-49           152217.79       148694.54       300912.33
  2007        50-54           136413.89       134778.84       271192.73
  2007        55-59           124798.76       126130.29       250929.05
  2007        60-64           107058.19       110212.56       217270.75
  2007        65-69            78645.50        80271.45       158916.95
  2007        70-74            60511.92        59199.68       119711.60
  2007        75-79            51998.59        45714.17        97712.76
  2007        80-84            42347.41        30433.94        72781.35
  2007        85-89            25458.35        14254.68        39713.02
  2007        90-94            10566.81         4387.82        14954.64
  2007        95-99             2528.92          739.90         3268.82
  2007       100-104             295.37           62.54          357.91
  2007       105-109              12.48            1.05           13.53
  2007       110+                  0.00            0.00            0.00
  2008           0             29888.03        31743.42        61631.45
  2008         1-4            112392.87       119272.03       231664.90
  2008         5-9            136188.66       143568.20       279756.87
  2008        10-14           141336.59       148292.63       289629.22
  2008        15-19           145018.27       151680.99       296699.26
  2008        20-24           151674.81       156413.77       308088.58
  2008        25-29           149353.06       154368.06       303721.12
  2008        30-34           145150.61       143975.39       289126.00
  2008        35-39           161309.47       159181.91       320491.39
  2008        40-44           151311.96       148568.47       299880.43
  2008        45-49           155544.95       152082.49       307627.44
  2008        50-54           139996.65       137797.17       277793.82
  2008        55-59           126813.47       127349.26       254162.73
  2008        60-64           112380.76       115592.04       227972.79
  2008        65-69            82612.68        84123.02       166735.70
  2008        70-74            62735.05        61779.51       124514.56
  2008        75-79            51975.54        45974.37        97949.91
  2008        80-84            42915.27        31470.54        74385.80
  2008        85-89            26614.74        15111.73        41726.47
  2008        90-94            10864.91         4600.31        15465.22
  2008        95-99             2684.92          776.24         3461.16
  2008       100-104             308.99           61.36          370.36
  2008       105-109              13.15            0.90           14.05
  2008       110+                  0.00            0.00            0.00
  2009           0             30083.96        31939.85        62023.81
  2009         1-4            116131.92       123513.43       239645.34
  2009         5-9            138551.69       146084.22       284635.91
  2009        10-14           142078.09       148859.12       290937.21
  2009        15-19           147136.30       153909.36       301045.66
  2009        20-24           155534.95       160408.14       315943.09
  2009        25-29           155789.57       161137.33       316926.91
  2009        30-34           147069.36       145499.09       292568.44
  2009        35-39           162479.03       160506.56       322985.59
  2009        40-44           153887.10       151130.09       305017.19
  2009        45-49           157166.79       153561.54       310728.33
  2009        50-54           143643.22       141216.19       284859.41
  2009        55-59           128800.90       128666.13       257467.03
  2009        60-64           116459.94       119249.94       235709.88
  2009        65-69            87387.64        88858.32       176245.96
  2009        70-74            65408.70        64969.54       130378.24
  2009        75-79            52281.64        46347.51        98629.15
  2009        80-84            43541.80        32505.43        76047.22
  2009        85-89            27808.77        16034.75        43843.52
  2009        90-94            11142.53         4791.62        15934.15
  2009        95-99             2833.96          841.54         3675.50
  2009       100-104             328.31           59.83          388.14
  2009       105-109              14.01            0.56           14.57
  2009       110+                  0.00            0.00            0.00
  2010           0             29763.49        31248.58        61012.07
  2010         1-4            117948.33       125341.88       243290.21
  2010         5-9            141282.14       149136.75       290418.90
  2010        10-14           142820.06       149643.71       292463.76
  2010        15-19           147860.25       154631.86       302492.11
  2010        20-24           157887.16       162259.37       320146.53
  2010        25-29           159932.48       164396.41       324328.90
  2010        30-34           149526.58       148133.86       297660.44
  2010        35-39           161169.38       158894.09       320063.47
  2010        40-44           158439.58       155709.81       314149.39
  2010        45-49           157013.38       153211.14       310224.52
  2010        50-54           147494.39       144696.82       292191.21
  2010        55-59           131101.69       130529.70       261631.39
  2010        60-64           120070.24       122216.84       242287.08
  2010        65-69            92507.28        93746.04       186253.32
  2010        70-74            68086.58        68336.38       136422.96
  2010        75-79            53007.31        47237.49       100244.80
  2010        80-84            44126.14        33496.81        77622.95
  2010        85-89            28943.10        17022.86        45965.97
  2010        90-94            11696.78         5123.95        16820.73
  2010        95-99             3042.48          911.99         3954.47
  2010       100-104             354.20           61.96          416.16
  2010       105-109              14.46            0.61           15.07
  2010       110+                  0.00            0.00            0.00
  2011           0             30169.44        31485.01        61654.45
  2011         1-4            119999.88       126789.68       246789.56
  2011         5-9            144529.22       152850.21       297379.43
  2011        10-14           143878.56       150961.12       294839.68
  2011        15-19           148497.30       155544.44       304041.73
  2011        20-24           160809.48       164305.93       325115.40
  2011        25-29           163699.56       167071.32       330770.88
  2011        30-34           153192.14       152612.30       305804.44
  2011        35-39           159027.22       156678.30       315705.52
  2011        40-44           164487.06       161154.60       325641.66
  2011        45-49           156510.76       152689.43       309200.20
  2011        50-54           151869.34       148493.59       300362.92
  2011        55-59           134080.10       132720.14       266800.24
  2011        60-64           122091.15       123534.88       245626.03
  2011        65-69            98563.88        99600.03       198163.90
  2011        70-74            71287.66        71594.51       142882.17
  2011        75-79            54135.91        48793.35       102929.26
  2011        80-84            44386.30        34179.43        78565.73
  2011        85-89            29739.00        17935.77        47674.77
  2011        90-94            12518.03         5606.32        18124.36
  2011        95-99             3191.70          977.83         4169.52
  2011       100-104             366.49           65.40          431.88
  2011       105-109              13.24            0.51           13.74
  2011       110+                  0.00            0.00            0.00
  2012           0             30793.29        32559.92        63353.21
  2012         1-4            122715.84       128835.22       251551.06
  2012         5-9            148430.19       157202.16       305632.35
  2012        10-14           144467.07       152079.67       296546.74
  2012        15-19           149797.24       156533.89       306331.13
  2012        20-24           164050.53       166994.51       331045.04
  2012        25-29           167345.07       169665.48       337010.55
  2012        30-34           158216.39       157935.23       316151.62
  2012        35-39           157487.18       154968.31       312455.49
  2012        40-44           169472.44       165163.00       334635.44
  2012        45-49           156629.35       152638.73       309268.09
  2012        50-54           155885.79       151872.49       307758.29
  2012        55-59           137481.60       134778.30       272259.90
  2012        60-64           123646.94       124055.46       247702.41
  2012        65-69           105012.45       105999.11       211011.56
  2012        70-74            75026.93        74679.79       149706.72
  2012        75-79            55628.94        50843.94       106472.88
  2012        80-84            44393.52        34747.89        79141.41
  2012        85-89            30430.89        18834.67        49265.56
  2012        90-94            13326.30         6100.83        19427.13
  2012        95-99             3298.22         1039.64         4337.85
  2012       100-104             381.32           72.44          453.77
  2012       105-109              13.63            0.59           14.21
  2012       110+                  0.00            0.00            0.00
  2013           0             30670.40        32637.07        63307.48
  2013         1-4            124319.23       130375.78       254695.01
  2013         5-9            152593.77       161706.25       314300.02
  2013        10-14           145231.05       153203.67       298434.72
  2013        15-19           150632.74       156868.37       307501.11
  2013        20-24           166431.43       170025.56       336456.99
  2013        25-29           169824.40       170652.10       340476.51
  2013        30-34           163380.85       162611.28       325992.14
  2013        35-39           156446.22       153192.38       309638.60
  2013        40-44           171979.51       167162.13       339141.63
  2013        45-49           157679.67       152828.77       310508.45
  2013        50-54           158733.66       154206.75       312940.41
  2013        55-59           141015.51       137224.31       278239.81
  2013        60-64           126326.22       125065.74       251391.96
  2013        65-69           110122.68       111126.88       221249.56
  2013        70-74            79079.56        78093.54       157173.10
  2013        75-79            57711.48        53294.02       111005.50
  2013        80-84            44400.09        35381.80        79781.88
  2013        85-89            31126.14        19702.89        50829.03
  2013        90-94            14141.24         6619.20        20760.43
  2013        95-99             3473.51         1102.31         4575.81
  2013       100-104             411.04           80.92          491.96
  2013       105-109              16.06            0.67           16.73
  2013       110+                  0.00            0.00            0.00
  2014           0             30481.90        32087.71        62569.62
  2014         1-4            124735.20       130953.73       255688.93
  2014         5-9            156338.72       165539.67       321878.39
  2014        10-14           146538.57       154529.60       301068.18
  2014        15-19           150394.25       156434.22       306828.47
  2014        20-24           168009.88       172235.44       340245.32
  2014        25-29           171810.12       171430.60       343240.72
  2014        30-34           167831.37       165712.05       333543.42
  2014        35-39           156410.75       152383.77       308794.52
  2014        40-44           172006.25       166977.45       338983.70
  2014        45-49           160264.75       154079.26       314344.01
  2014        50-54           160118.38       154936.69       315055.07
  2014        55-59           144594.42       140128.43       284722.86
  2014        60-64           128875.02       125999.93       254874.95
  2014        65-69           114456.45       115051.74       229508.19
  2014        70-74            83549.27        82257.27       165806.54
  2014        75-79            60320.93        56092.22       116413.16
  2014        80-84            44638.20        35964.16        80602.36
  2014        85-89            31744.53        20558.68        52303.21
  2014        90-94            14961.82         7203.68        22165.51
  2014        95-99             3627.26         1186.06         4813.31
  2014       100-104             447.27           93.45          540.72
  2014       105-109              17.73            1.30           19.02
  2014       110+                  0.00            0.00            0.00
  2015           0             30460.88        31836.96        62297.84
  2015         1-4            124559.20       130799.36       255358.56
  2015         5-9            159610.25       168385.76       327996.01
  2015        10-14           148250.62       156234.20       304484.82
  2015        15-19           150386.23       156369.82       306756.06
  2015        20-24           168890.92       172673.73       341564.65
  2015        25-29           173868.49       172846.90       346715.39
  2015        30-34           171510.55       167815.85       339326.40
  2015        35-39           157920.32       153348.26       311268.58
  2015        40-44           169792.97       164801.85       334594.82
  2015        45-49           164824.25       157397.45       322221.70
  2015        50-54           160118.79       154093.34       314212.13
  2015        55-59           148391.10       143314.21       291705.31
  2015        60-64           131292.98       127184.88       258477.86
  2015        65-69           118890.86       118557.48       237448.34
  2015        70-74            88166.02        86810.50       174976.52
  2015        75-79            63115.31        59013.62       122128.93
  2015        80-84            45036.71        36814.18        81850.88
  2015        85-89            32243.83        21366.12        53609.95
  2015        90-94            15661.48         7784.19        23445.67
  2015        95-99             3840.56         1309.97         5150.53
  2015       100-104             479.86          106.28          586.14
  2015       105-109              17.95            1.56           19.50
  2015       110+                  0.00            0.00            0.00
  2016           0             30462.09        31791.72        62253.81
  2016         1-4            124118.23       130287.91       254406.14
  2016         5-9            161020.62       169285.87       330306.50
  2016        10-14           149884.95       158049.28       307934.23
  2016        15-19           150264.45       156562.81       306827.26
  2016        20-24           168192.00       171714.11       339906.11
  2016        25-29           175044.00       173913.95       348957.95
  2016        30-34           173372.80       168897.89       342270.69
  2016        35-39           159476.59       154840.30       314316.89
  2016        40-44           166966.16       162219.95       329186.11
  2016        45-49           168619.57       160576.81       329196.38
  2016        50-54           159567.46       153029.42       312596.88
  2016        55-59           151339.03       145791.77       297130.80
  2016        60-64           133152.76       128201.92       261354.68
  2016        65-69           121287.21       120130.25       241417.46
  2016        70-74            92207.94        90896.19       183104.13
  2016        75-79            65437.60        61305.71       126743.31
  2016        80-84            45657.60        37815.72        83473.32
  2016        85-89            32451.03        21818.36        54269.38
  2016        90-94            16274.88         8367.71        24642.58
  2016        95-99             4213.82         1490.93         5704.74
  2016       100-104             510.66          117.16          627.82
  2016       105-109              18.24            1.25           19.49
  2016       110+                  0.00            0.00            0.00
