SA, Exposure to risk (period 5x1), 	Last modified: 02 Jul 2018;  Methods Protocol: v6 (2017)

  Year          Age             Female            Male           Total
  1971           0             10807.13        11367.06        22174.19
  1971         1-4             43143.53        45045.66        88189.18
  1971         5-9             55940.46        58843.64       114784.10
  1971        10-14            59174.34        61148.85       120323.19
  1971        15-19            54241.88        55010.75       109252.63
  1971        20-24            50287.87        50686.76       100974.63
  1971        25-29            42024.79        43225.73        85250.52
  1971        30-34            35397.37        36165.52        71562.88
  1971        35-39            33263.95        34281.56        67545.51
  1971        40-44            35669.87        38222.67        73892.54
  1971        45-49            37263.29        38308.84        75572.13
  1971        50-54            32306.77        32464.44        64771.22
  1971        55-59            29429.27        29342.55        58771.82
  1971        60-64            25100.47        23182.63        48283.09
  1971        65-69            19381.54        17155.26        36536.79
  1971        70-74            15927.10        11416.02        27343.11
  1971        75-79            12441.04         7356.99        19798.02
  1971        80-84             7941.47         4474.60        12416.06
  1971        85-89             3630.41         1676.48         5306.89
  1971        90-94             1045.97          401.14         1447.12
  1971        95-99              172.38           47.19          219.57
  1971       100-104              15.60            2.50           18.10
  1971       105-109               0.18            0.00            0.18
  1971       110+                  0.00            0.00            0.00
  1972           0             10525.26        11068.20        21593.46
  1972         1-4             43576.37        45616.55        89192.92
  1972         5-9             54456.10        57478.64       111934.74
  1972        10-14            59709.56        61839.14       121548.70
  1972        15-19            55013.58        56357.12       111370.70
  1972        20-24            50504.11        50865.62       101369.73
  1972        25-29            45640.75        46608.12        92248.87
  1972        30-34            36247.20        37364.98        73612.18
  1972        35-39            33448.64        34300.27        67748.91
  1972        40-44            34680.53        36957.89        71638.41
  1972        45-49            37002.85        38656.68        75659.53
  1972        50-54            33947.12        34138.78        68085.90
  1972        55-59            29604.66        29369.44        58974.10
  1972        60-64            26339.72        24243.34        50583.06
  1972        65-69            20325.13        17877.31        38202.44
  1972        70-74            16157.26        11968.37        28125.63
  1972        75-79            12541.52         7215.79        19757.31
  1972        80-84             8218.71         4477.51        12696.22
  1972        85-89             3792.68         1739.67         5532.35
  1972        90-94             1098.87          410.71         1509.58
  1972        95-99              187.66           49.88          237.53
  1972       100-104              13.97            1.10           15.07
  1972       105-109               0.00            0.00            0.00
  1972       110+                  0.00            0.00            0.00
  1973           0              9936.77        10524.03        20460.80
  1973         1-4             43486.81        45659.99        89146.80
  1973         5-9             53983.10        56862.12       110845.22
  1973        10-14            59517.54        62049.06       121566.61
  1973        15-19            55664.12        57381.67       113045.79
  1973        20-24            50993.62        51502.15       102495.77
  1973        25-29            47877.69        48780.11        96657.80
  1973        30-34            37451.66        38663.48        76115.14
  1973        35-39            33956.16        34677.78        68633.94
  1973        40-44            33861.64        35854.98        69716.63
  1973        45-49            36736.55        38862.80        75599.35
  1973        50-54            35149.84        35504.19        70654.03
  1973        55-59            29556.66        29042.17        58598.83
  1973        60-64            27274.34        25235.29        52509.63
  1973        65-69            21308.12        18457.06        39765.18
  1973        70-74            16445.91        12469.61        28915.52
  1973        75-79            12529.38         7208.04        19737.42
  1973        80-84             8473.86         4443.39        12917.25
  1973        85-89             3943.46         1816.56         5760.02
  1973        90-94             1173.54          418.93         1592.47
  1973        95-99              203.90           57.89          261.78
  1973       100-104              16.76            0.18           16.94
  1973       105-109               0.00            0.00            0.00
  1973       110+                  0.00            0.00            0.00
  1974           0              9639.06        10176.57        19815.63
  1974         1-4             42966.72        45329.33        88296.05
  1974         5-9             54457.08        57034.18       111491.26
  1974        10-14            58820.01        61925.06       120745.07
  1974        15-19            57022.07        58649.20       115671.27
  1974        20-24            52050.20        52475.76       104525.96
  1974        25-29            49925.65        51139.71       101065.36
  1974        30-34            39293.85        40541.00        79834.85
  1974        35-39            34963.17        35658.51        70621.69
  1974        40-44            33345.56        34752.90        68098.46
  1974        45-49            36338.34        38989.22        75327.56
  1974        50-54            36098.31        36465.15        72563.46
  1974        55-59            29778.31        29220.46        58998.77
  1974        60-64            28126.21        26216.44        54342.65
  1974        65-69            22123.80        19032.35        41156.15
  1974        70-74            16756.48        12927.88        29684.37
  1974        75-79            12715.30         7371.34        20086.64
  1974        80-84             8683.87         4379.02        13062.88
  1974        85-89             4063.70         1855.19         5918.88
  1974        90-94             1260.36          437.44         1697.80
  1974        95-99              210.63           67.45          278.07
  1974       100-104              16.29            0.48           16.77
  1974       105-109               0.00            0.00            0.00
  1974       110+                  0.00            0.00            0.00
  1975           0              9458.89         9932.95        19391.84
  1975         1-4             41903.75        44083.90        85987.65
  1975         5-9             55174.64        57687.17       112861.81
  1975        10-14            57566.03        61185.60       118751.63
  1975        15-19            58628.15        59942.30       118570.45
  1975        20-24            52919.61        53737.25       106656.86
  1975        25-29            51888.16        52931.88       104820.04
  1975        30-34            41139.74        42543.26        83683.00
  1975        35-39            35809.24        36619.47        72428.71
  1975        40-44            32865.66        34056.16        66921.82
  1975        45-49            35867.45        38617.82        74485.27
  1975        50-54            36476.76        36945.16        73421.92
  1975        55-59            30715.05        30317.12        61032.18
  1975        60-64            28606.27        26787.61        55393.87
  1975        65-69            22960.23        19585.63        42545.86
  1975        70-74            17117.52        13403.17        30520.69
  1975        75-79            13020.07         7653.55        20673.62
  1975        80-84             8843.45         4326.02        13169.47
  1975        85-89             4206.57         1876.99         6083.56
  1975        90-94             1336.27          463.87         1800.14
  1975        95-99              227.82           73.41          301.23
  1975       100-104              14.21            1.32           15.52
  1975       105-109               0.00            0.00            0.00
  1975       110+                  0.00            0.00            0.00
  1976           0              9195.33         9775.79        18971.11
  1976         1-4             40309.18        42195.24        82504.43
  1976         5-9             55628.13        58364.70       113992.83
  1976        10-14            56315.00        60028.56       116343.56
  1976        15-19            59505.63        60768.19       120273.82
  1976        20-24            53545.65        54778.79       108324.43
  1976        25-29            52373.62        53009.58       105383.20
  1976        30-34            43831.77        45153.46        88985.23
  1976        35-39            36251.21        37209.94        73461.15
  1976        40-44            32855.21        34114.19        66969.40
  1976        45-49            35147.21        37484.87        72632.08
  1976        50-54            36499.03        37316.93        73815.96
  1976        55-59            32004.98        31493.19        63498.17
  1976        60-64            28813.47        27032.11        55845.58
  1976        65-69            24021.94        20394.47        44416.41
  1976        70-74            17550.61        13889.02        31439.63
  1976        75-79            13214.49         8078.44        21292.93
  1976        80-84             8943.91         4264.37        13208.27
  1976        85-89             4376.88         1900.56         6277.44
  1976        90-94             1399.95          494.14         1894.09
  1976        95-99              260.01           73.44          333.45
  1976       100-104              14.41            3.28           17.69
  1976       105-109               0.00            0.00            0.00
  1976       110+                  0.00            0.00            0.00
  1977           0              9177.36         9668.02        18845.38
  1977         1-4             38733.10        40797.74        79530.84
  1977         5-9             55781.71        58556.66       114338.37
  1977        10-14            55567.02        59051.08       114618.10
  1977        15-19            59847.63        61187.33       121034.96
  1977        20-24            54429.70        55608.39       110038.09
  1977        25-29            52392.09        52982.92       105375.01
  1977        30-34            47126.33        47896.09        95022.43
  1977        35-39            36922.23        37942.05        74864.28
  1977        40-44            33437.82        34318.88        67756.70
  1977        45-49            34205.13        36248.92        70454.05
  1977        50-54            36405.59        37653.65        74059.24
  1977        55-59            33296.34        32570.60        65866.94
  1977        60-64            28989.59        27124.60        56114.19
  1977        65-69            25023.89        21345.57        46369.46
  1977        70-74            18260.22        14382.37        32642.59
  1977        75-79            13398.64         8522.75        21921.39
  1977        80-84             8987.40         4217.03        13204.43
  1977        85-89             4559.24         1911.94         6471.19
  1977        90-94             1468.95          531.32         2000.28
  1977        95-99              287.84           73.06          360.90
  1977       100-104              19.29            5.12           24.41
  1977       105-109               0.00            0.00            0.00
  1977       110+                  0.00            0.00            0.00
  1978           0              9022.43         9472.39        18494.82
  1978         1-4             37603.15        39655.29        77258.44
  1978         5-9             54852.54        57712.12       112564.65
  1978        10-14            55026.54        58312.55       113339.10
  1978        15-19            59788.14        61217.23       121005.37
  1978        20-24            55148.16        56279.28       111427.44
  1978        25-29            52868.73        53399.29       106268.02
  1978        30-34            49304.68        49670.67        98975.35
  1978        35-39            37878.78        38764.10        76642.88
  1978        40-44            33979.30        34488.80        68468.11
  1978        45-49            33463.09        35088.32        68551.41
  1978        50-54            36219.70        37728.02        73947.71
  1978        55-59            34467.43        33758.66        68226.08
  1978        60-64            28954.57        26875.73        55830.30
  1978        65-69            25945.20        22344.24        48289.44
  1978        70-74            19174.07        14951.92        34125.99
  1978        75-79            13653.58         8891.78        22545.36
  1978        80-84             9021.78         4241.38        13263.16
  1978        85-89             4739.62         1914.04         6653.66
  1978        90-94             1554.76          566.80         2121.56
  1978        95-99              309.68           77.91          387.59
  1978       100-104              22.80            6.44           29.24
  1978       105-109               0.05            0.00            0.05
  1978       110+                  0.00            0.00            0.00
  1979           0              8852.67         9360.62        18213.28
  1979         1-4             36808.21        38812.25        75620.46
  1979         5-9             53344.09        56391.63       109735.73
  1979        10-14            54871.05        57898.07       112769.12
  1979        15-19            59068.11        60770.83       119838.95
  1979        20-24            55990.18        57053.85       113044.03
  1979        25-29            52998.26        53753.11       106751.37
  1979        30-34            50638.85        51214.32       101853.17
  1979        35-39            39237.31        39886.09        79123.40
  1979        40-44            34581.30        34888.48        69469.79
  1979        45-49            32864.68        33932.57        66797.24
  1979        50-54            35740.14        37528.76        73268.90
  1979        55-59            35326.18        34642.25        69968.43
  1979        60-64            29072.84        26811.89        55884.73
  1979        65-69            26828.55        23376.83        50205.38
  1979        70-74            19982.70        15571.93        35554.63
  1979        75-79            13986.22         9249.16        23235.38
  1979        80-84             9145.44         4361.74        13507.18
  1979        85-89             4937.48         1937.43         6874.91
  1979        90-94             1640.98          590.05         2231.03
  1979        95-99              332.89           84.21          417.10
  1979       100-104              26.41            5.50           31.91
  1979       105-109               0.11            0.00            0.11
  1979       110+                  0.00            0.00            0.00
  1980           0              9114.26         9488.02        18602.28
  1980         1-4             36244.67        38244.69        74489.36
  1980         5-9             51653.07        54686.60       106339.67
  1980        10-14            55327.06        58142.61       113469.67
  1980        15-19            58128.11        59898.18       118026.29
  1980        20-24            56822.77        57934.34       114757.10
  1980        25-29            53162.64        54079.69       107242.33
  1980        30-34            52074.68        52779.65       104854.33
  1980        35-39            40961.33        41373.05        82334.38
  1980        40-44            35219.90        35357.12        70577.03
  1980        45-49            32233.21        33092.05        65325.26
  1980        50-54            35303.52        37017.44        72320.96
  1980        55-59            35585.85        35076.09        70661.94
  1980        60-64            30078.05        27512.53        57590.58
  1980        65-69            27355.23        24095.05        51450.28
  1980        70-74            20917.17        16245.34        37162.50
  1980        75-79            14359.69         9657.72        24017.42
  1980        80-84             9374.70         4569.90        13944.60
  1980        85-89             5128.77         1989.45         7118.22
  1980        90-94             1743.64          604.17         2347.81
  1980        95-99              352.19           93.99          446.17
  1980       100-104              32.61            5.34           37.95
  1980       105-109               0.26            0.00            0.26
  1980       110+                  0.00            0.00            0.00
  1981           0              9348.84         9632.68        18981.52
  1981         1-4             36284.12        38002.13        74286.25
  1981         5-9             49774.59        52761.11       102535.70
  1981        10-14            56002.05        58848.60       114850.64
  1981        15-19            57001.61        58932.11       115933.72
  1981        20-24            57573.68        58533.24       116106.92
  1981        25-29            53668.64        54428.32       108096.96
  1981        30-34            52720.66        53299.11       106019.78
  1981        35-39            43828.84        44048.76        87877.59
  1981        40-44            35904.85        36135.05        72039.90
  1981        45-49            32118.97        32973.39        65092.36
  1981        50-54            34707.42        36080.20        70787.62
  1981        55-59            35604.61        35392.75        70997.36
  1981        60-64            31440.40        28624.38        60064.78
  1981        65-69            27586.29        24424.02        52010.31
  1981        70-74            21963.91        17025.78        38989.69
  1981        75-79            14876.02        10128.53        25004.54
  1981        80-84             9624.19         4823.52        14447.71
  1981        85-89             5303.10         2021.59         7324.69
  1981        90-94             1852.32          615.81         2468.12
  1981        95-99              375.22          109.50          484.72
  1981       100-104              35.52            6.02           41.54
  1981       105-109               0.33            0.00            0.33
  1981       110+                  0.00            0.00            0.00
  1982           0              9360.26         9892.23        19252.49
  1982         1-4             36661.20        38311.17        74972.38
  1982         5-9             48336.56        51209.17        99545.73
  1982        10-14            56216.04        59161.64       115377.69
  1982        15-19            55933.55        58322.04       114255.59
  1982        20-24            58260.62        59100.72       117361.34
  1982        25-29            54199.67        55103.24       109302.91
  1982        30-34            52820.16        53250.11       106070.28
  1982        35-39            47060.38        47397.61        94457.99
  1982        40-44            36781.53        37351.41        74132.94
  1982        45-49            32640.34        33261.45        65901.79
  1982        50-54            33769.17        35021.80        68790.97
  1982        55-59            35596.80        35786.84        71383.64
  1982        60-64            32553.18        29883.15        62436.34
  1982        65-69            27765.55        24432.54        52198.09
  1982        70-74            22852.64        17852.22        40704.85
  1982        75-79            15620.68        10595.35        26216.03
  1982        80-84             9852.46         5083.46        14935.92
  1982        85-89             5404.21         2032.65         7436.86
  1982        90-94             1942.15          615.44         2557.59
  1982        95-99              396.26          119.60          515.86
  1982       100-104              34.93            5.64           40.57
  1982       105-109               0.20            0.00            0.20
  1982       110+                  0.00            0.00            0.00
  1983           0              9628.05        10192.64        19820.70
  1983         1-4             37169.25        38972.72        76141.97
  1983         5-9             47317.09        50077.60        97394.69
  1983        10-14            55601.04        58654.56       114255.60
  1983        15-19            55454.10        57987.61       113441.71
  1983        20-24            58540.68        59732.91       118273.59
  1983        25-29            54890.24        55997.38       110887.62
  1983        30-34            53463.27        53679.71       107142.97
  1983        35-39            49299.40        49844.92        99144.32
  1983        40-44            37905.90        38700.17        76606.07
  1983        45-49            33376.46        33806.44        67182.91
  1983        50-54            33012.77        34128.97        67141.74
  1983        55-59            35464.93        36004.24        71469.17
  1983        60-64            33683.72        31272.64        64956.36
  1983        65-69            27720.00        24214.03        51934.02
  1983        70-74            23791.62        18733.98        42525.60
  1983        75-79            16424.52        11122.37        27546.89
  1983        80-84            10116.94         5319.20        15436.13
  1983        85-89             5462.88         2073.95         7536.82
  1983        90-94             2071.77          632.00         2703.77
  1983        95-99              415.33          123.50          538.84
  1983       100-104              34.67            5.76           40.43
  1983       105-109               0.05            0.00            0.05
  1983       110+                  0.00            0.00            0.00
  1984           0              9769.29        10247.88        20017.17
  1984         1-4             37939.11        39714.78        77653.89
  1984         5-9             46553.62        49240.11        95793.74
  1984        10-14            54270.01        57542.62       111812.63
  1984        15-19            55350.62        57906.61       113257.22
  1984        20-24            58074.71        59859.88       117934.59
  1984        25-29            55946.13        57010.66       112956.79
  1984        30-34            53726.78        53827.36       107554.14
  1984        35-39            51078.80        51867.59       102946.39
  1984        40-44            39316.96        40239.12        79556.08
  1984        45-49            34330.58        34632.49        68963.07
  1984        50-54            32298.92        33266.07        65564.99
  1984        55-59            35139.48        36032.67        71172.14
  1984        60-64            34574.72        32411.55        66986.27
  1984        65-69            27771.56        24208.37        51979.92
  1984        70-74            24717.92        19589.45        44307.37
  1984        75-79            17185.13        11695.31        28880.44
  1984        80-84            10425.97         5556.46        15982.44
  1984        85-89             5600.08         2149.04         7749.12
  1984        90-94             2204.55          674.52         2879.07
  1984        95-99              444.42          126.54          570.95
  1984       100-104              40.52            6.97           47.49
  1984       105-109               0.17            0.00            0.17
  1984       110+                  0.00            0.00            0.00
  1985           0              9626.36        10080.80        19707.16
  1985         1-4             38511.20        40385.79        78896.99
  1985         5-9             46200.58        48735.13        94935.71
  1985        10-14            52440.01        55777.56       108217.57
  1985        15-19            55654.09        58449.73       114103.82
  1985        20-24            57197.71        59497.84       116695.55
  1985        25-29            56925.24        58301.41       115226.65
  1985        30-34            53943.23        53993.09       107936.32
  1985        35-39            52767.21        53636.09       106403.30
  1985        40-44            41019.92        42007.76        83027.69
  1985        45-49            35019.78        35469.61        70489.39
  1985        50-54            31742.33        32683.65        64425.98
  1985        55-59            34553.98        35707.98        70261.96
  1985        60-64            34924.23        33007.34        67931.57
  1985        65-69            28547.68        24922.00        53469.69
  1985        70-74            25230.66        20164.91        45395.57
  1985        75-79            17960.45        12272.81        30233.26
  1985        80-84            10750.97         5818.65        16569.62
  1985        85-89             5750.13         2242.00         7992.13
  1985        90-94             2289.94          702.75         2992.69
  1985        95-99              470.75          125.95          596.70
  1985       100-104              49.97           11.90           61.86
  1985       105-109               0.77            0.00            0.77
  1985       110+                  0.00            0.00            0.00
  1986           0              9584.37         9904.83        19489.21
  1986         1-4             38759.21        40787.73        79546.94
  1986         5-9             46386.15        48770.59        95156.74
  1986        10-14            50423.04        53744.54       104167.58
  1986        15-19            56222.72        59172.27       115394.99
  1986        20-24            56057.13        58616.17       114673.29
  1986        25-29            57605.83        59241.48       116847.31
  1986        30-34            54423.27        54614.76       109038.03
  1986        35-39            53363.37        53870.59       107233.96
  1986        40-44            43798.14        44848.34        88646.48
  1986        45-49            35540.55        36307.14        71847.69
  1986        50-54            31885.67        32766.15        64651.82
  1986        55-59            33761.28        34808.44        68569.71
  1986        60-64            34989.34        33347.98        68337.32
  1986        65-69            29755.09        26079.06        55834.14
  1986        70-74            25440.71        20486.38        45927.09
  1986        75-79            18676.94        12847.36        31524.30
  1986        80-84            11143.38         6088.85        17232.23
  1986        85-89             5924.06         2358.48         8282.54
  1986        90-94             2378.40          732.75         3111.15
  1986        95-99              507.46          126.59          634.05
  1986       100-104              55.55           15.46           71.01
  1986       105-109               0.81            0.00            0.81
  1986       110+                  0.00            0.00            0.00
  1987           0              9454.77         9907.57        19362.34
  1987         1-4             39001.72        40802.70        79804.42
  1987         5-9             46923.07        49352.63        96275.69
  1987        10-14            48870.51        52100.55       100971.05
  1987        15-19            56411.14        59228.31       115639.45
  1987        20-24            55100.15        57560.64       112660.80
  1987        25-29            58161.18        59621.76       117782.94
  1987        30-34            55071.77        55458.10       110529.87
  1987        35-39            53467.31        53505.96       106973.27
  1987        40-44            46967.09        48000.18        94967.27
  1987        45-49            36366.20        37325.68        73691.88
  1987        50-54            32453.23        33081.20        65534.44
  1987        55-59            32961.92        33787.55        66749.47
  1987        60-64            34916.02        33714.17        68630.19
  1987        65-69            30954.75        27275.07        58229.82
  1987        70-74            25576.34        20574.74        46151.08
  1987        75-79            19405.75        13435.65        32841.39
  1987        80-84            11635.97         6401.03        18037.00
  1987        85-89             6151.17         2468.17         8619.33
  1987        90-94             2437.74          746.47         3184.21
  1987        95-99              558.17          132.41          690.58
  1987       100-104              61.51           15.93           77.43
  1987       105-109               0.78            0.00            0.78
  1987       110+                  0.00            0.00            0.00
  1988           0              9317.85        10015.42        19333.27
  1988         1-4             38929.71        40675.67        79605.38
  1988         5-9             47876.11        50274.60        98150.71
  1988        10-14            47956.54        51059.58        99016.12
  1988        15-19            55932.63        58735.19       114667.81
  1988        20-24            54757.66        56971.80       111729.46
  1988        25-29            58520.18        59919.41       118439.59
  1988        30-34            55930.20        56380.71       112310.90
  1988        35-39            54165.88        53898.48       108064.37
  1988        40-44            49366.48        50250.16        99616.64
  1988        45-49            37484.26        38542.37        76026.64
  1988        50-54            33122.08        33558.68        66680.76
  1988        55-59            32338.53        33004.54        65343.07
  1988        60-64            34765.37        33901.16        68666.53
  1988        65-69            32090.59        28530.37        60620.95
  1988        70-74            25522.80        20447.23        45970.03
  1988        75-79            20291.30        14084.92        34376.22
  1988        80-84            12211.07         6788.66        18999.72
  1988        85-89             6351.68         2588.27         8939.95
  1988        90-94             2487.86          747.25         3235.11
  1988        95-99              613.40          136.67          750.07
  1988       100-104              68.98           14.75           83.73
  1988       105-109               1.35            0.05            1.40
  1988       110+                  0.00            0.00            0.00
  1989           0              9451.22        10112.66        19563.88
  1989         1-4             38582.20        40641.67        79223.87
  1989         5-9             48999.09        51273.16       100272.25
  1989        10-14            47422.52        50454.05        97876.57
  1989        15-19            54915.08        57830.14       112745.22
  1989        20-24            54836.72        57021.79       111858.50
  1989        25-29            58380.74        59698.41       118079.15
  1989        30-34            57113.81        57424.79       114538.60
  1989        35-39            54694.41        54246.66       108941.06
  1989        40-44            51323.47        52211.60       103535.07
  1989        45-49            39056.80        40066.49        79123.30
  1989        50-54            33951.83        34294.97        68246.80
  1989        55-59            31828.50        32251.27        64079.77
  1989        60-64            34486.10        33904.97        68391.07
  1989        65-69            32906.30        29475.45        62381.75
  1989        70-74            25590.93        20600.89        46191.82
  1989        75-79            21098.39        14723.63        35822.02
  1989        80-84            12829.05         7167.67        19996.72
  1989        85-89             6510.04         2722.25         9232.29
  1989        90-94             2571.37          743.25         3314.62
  1989        95-99              647.20          143.52          790.71
  1989       100-104              74.16           12.52           86.68
  1989       105-109               1.98            0.00            1.98
  1989       110+                  0.00            0.00            0.00
  1990           0              9562.77        10208.73        19771.50
  1990         1-4             38461.16        40790.68        79251.85
  1990         5-9             49677.62        52068.12       101745.74
  1990        10-14            47374.02        50193.06        97567.08
  1990        15-19            53476.53        56409.56       109886.09
  1990        20-24            55512.20        57860.98       113373.17
  1990        25-29            57548.68        58686.56       116235.24
  1990        30-34            58418.30        58510.44       116928.74
  1990        35-39            55035.80        54716.02       109751.82
  1990        40-44            53076.43        53844.72       106921.15
  1990        45-49            41087.19        41878.85        82966.04
  1990        50-54            34722.73        35125.11        69847.85
  1990        55-59            31469.90        31716.88        63186.78
  1990        60-64            34086.19        33680.49        67766.68
  1990        65-69            33289.92        29964.86        63254.78
  1990        70-74            26409.62        21394.17        47803.79
  1990        75-79            21614.20        15227.32        36841.52
  1990        80-84            13433.76         7571.44        21005.20
  1990        85-89             6765.57         2865.98         9631.55
  1990        90-94             2670.38          751.39         3421.76
  1990        95-99              670.70          155.37          826.08
  1990       100-104              79.78           14.22           94.00
  1990       105-109               2.31            0.30            2.61
  1990       110+                  0.00            0.00            0.00
  1991           0              9568.66        10173.65        19742.31
  1991         1-4             38504.07        41037.53        79541.60
  1991         5-9             49912.14        52419.58       102331.72
  1991        10-14            47709.52        50278.04        97987.56
  1991        15-19            51763.57        54593.56       106357.13
  1991        20-24            56343.76        58825.62       115169.39
  1991        25-29            56279.26        57507.77       113787.03
  1991        30-34            59288.42        59343.41       118631.83
  1991        35-39            55595.87        55414.34       111010.21
  1991        40-44            53831.66        54180.12       108011.78
  1991        45-49            43768.34        44410.14        88178.48
  1991        50-54            35418.56        35895.31        71313.87
  1991        55-59            31605.48        31804.61        63410.09
  1991        60-64            33420.41        32986.33        66406.74
  1991        65-69            33441.79        30373.74        63815.53
  1991        70-74            27580.34        22403.85        49984.19
  1991        75-79            21915.23        15553.22        37468.45
  1991        80-84            13977.75         7942.86        21920.61
  1991        85-89             7093.28         3043.05        10136.33
  1991        90-94             2766.36          795.45         3561.80
  1991        95-99              707.94          158.15          866.10
  1991       100-104              86.60           13.99          100.59
  1991       105-109               2.80            0.37            3.17
  1991       110+                  0.00            0.00            0.00
  1992           0              9610.38        10105.02        19715.40
  1992         1-4             38516.19        41071.65        79587.83
  1992         5-9             49760.65        52289.59       102050.24
  1992        10-14            48078.07        50567.06        98645.13
  1992        15-19            50098.60        52803.56       102902.16
  1992        20-24            56360.22        58823.32       115183.53
  1992        25-29            54967.71        56419.86       111387.57
  1992        30-34            59550.38        59517.68       119068.07
  1992        35-39            56124.78        55964.67       112089.45
  1992        40-44            53798.99        53784.07       107583.06
  1992        45-49            46702.02        47183.19        93885.21
  1992        50-54            36043.14        36656.77        72699.91
  1992        55-59            32181.59        32125.84        64307.43
  1992        60-64            32491.99        32115.89        64607.88
  1992        65-69            33338.90        30647.53        63986.43
  1992        70-74            28623.84        23346.97        51970.81
  1992        75-79            22021.68        15703.70        37725.38
  1992        80-84            14585.55         8298.13        22883.68
  1992        85-89             7443.01         3242.67        10685.68
  1992        90-94             2877.06          861.35         3738.41
  1992        95-99              726.75          158.02          884.77
  1992       100-104              98.03           13.02          111.05
  1992       105-109               4.53            0.00            4.53
  1992       110+                  0.00            0.00            0.00
  1993           0              9537.49        10027.38        19564.86
  1993         1-4             38560.13        40888.73        79448.86
  1993         5-9             49280.08        51908.15       101188.23
  1993        10-14            48682.06        51076.08        99758.14
  1993        15-19            48837.61        51540.63       100378.23
  1993        20-24            55455.68        57833.24       113288.91
  1993        25-29            53935.22        55488.41       109423.63
  1993        30-34            59284.83        59262.10       118546.94
  1993        35-39            56485.58        56360.23       112845.81
  1993        40-44            54085.98        53733.14       107819.12
  1993        45-49            48958.23        49273.35        98231.58
  1993        50-54            36954.82        37647.40        74602.22
  1993        55-59            32819.76        32472.48        65292.24
  1993        60-64            31817.61        31416.52        63234.13
  1993        65-69            33083.32        30741.65        63824.97
  1993        70-74            29692.44        24352.34        54044.78
  1993        75-79            21895.37        15680.53        37575.90
  1993        80-84            15304.21         8741.96        24046.17
  1993        85-89             7857.50         3452.30        11309.81
  1993        90-94             2987.12          926.98         3914.10
  1993        95-99              748.87          156.90          905.77
  1993       100-104             105.28           16.19          121.47
  1993       105-109               5.22            0.00            5.22
  1993       110+                  0.00            0.00            0.00
  1994           0              9432.23         9950.64        19382.87
  1994         1-4             38445.63        40584.63        79030.26
  1994         5-9             48821.60        51567.60       100389.20
  1994        10-14            49328.60        51579.10       100907.70
  1994        15-19            47960.08        50643.08        98603.16
  1994        20-24            54029.10        56388.17       110417.27
  1994        25-29            53278.79        54908.76       108187.56
  1994        30-34            58415.31        58495.03       116910.34
  1994        35-39            57155.89        56887.23       114043.12
  1994        40-44            54402.61        53671.27       108073.88
  1994        45-49            50516.91        50870.07       101386.98
  1994        50-54            38502.44        39037.68        77540.11
  1994        55-59            33431.73        32954.58        66386.31
  1994        60-64            31410.76        30763.20        62173.95
  1994        65-69            32724.27        30758.34        63482.61
  1994        70-74            30509.06        25145.64        55654.71
  1994        75-79            21996.45        15844.57        37841.01
  1994        80-84            16027.50         9234.67        25262.17
  1994        85-89             8293.25         3631.57        11924.82
  1994        90-94             3067.65          957.46         4025.11
  1994        95-99              774.13          156.53          930.66
  1994       100-104             105.28           15.70          120.98
  1994       105-109               4.63            0.06            4.68
  1994       110+                  0.00            0.00            0.00
  1995           0              9345.07         9897.87        19242.94
  1995         1-4             38209.08        40262.62        78471.70
  1995         5-9             48411.08        51291.13        99702.21
  1995        10-14            49665.08        51970.52       101635.60
  1995        15-19            47619.60        50013.12        97632.72
  1995        20-24            52177.10        54638.02       106815.12
  1995        25-29            53046.82        54719.92       107766.74
  1995        30-34            57017.27        56986.22       114003.49
  1995        35-39            57874.93        57593.84       115468.77
  1995        40-44            54599.63        53784.63       108384.27
  1995        45-49            51986.41        52173.93       104160.35
  1995        50-54            40345.28        40593.38        80938.66
  1995        55-59            33988.99        33572.02        67561.01
  1995        60-64            31041.79        30222.59        61264.38
  1995        65-69            32296.26        30582.25        62878.52
  1995        70-74            30838.63        25565.07        56403.70
  1995        75-79            22796.12        16546.59        39342.71
  1995        80-84            16610.99         9691.30        26302.29
  1995        85-89             8727.84         3833.07        12560.90
  1995        90-94             3211.24          994.88         4206.13
  1995        95-99              789.06          168.95          958.01
  1995       100-104             102.34           14.23          116.57
  1995       105-109               4.11            0.00            4.11
  1995       110+                  0.00            0.00            0.00
  1996           0              9182.34         9650.46        18832.80
  1996         1-4             38056.07        40119.13        78175.20
  1996         5-9             48126.55        51173.62        99300.18
  1996        10-14            49695.07        52079.62       101774.68
  1996        15-19            47509.12        49739.63        97248.75
  1996        20-24            50365.64        52856.53       103222.17
  1996        25-29            53358.70        55061.73       108420.43
  1996        30-34            55487.66        55631.81       111119.47
  1996        35-39            58395.09        58096.38       116491.47
  1996        40-44            54941.49        54180.31       109121.80
  1996        45-49            52704.39        52391.86       105096.25
  1996        50-54            42920.34        43031.53        85951.88
  1996        55-59            34652.10        34348.92        69001.01
  1996        60-64            31072.32        30268.51        61340.83
  1996        65-69            31738.51        30041.35        61779.85
  1996        70-74            30933.74        26002.47        56936.21
  1996        75-79            23936.41        17431.53        41367.94
  1996        80-84            17030.03        10060.40        27090.43
  1996        85-89             9119.73         4067.98        13187.71
  1996        90-94             3411.48         1063.82         4475.30
  1996        95-99              807.83          183.46          991.28
  1996       100-104             101.37           15.09          116.46
  1996       105-109               3.82            0.00            3.82
  1996       110+                  0.00            0.00            0.00
  1997           0              9031.40         9426.43        18457.82
  1997         1-4             37758.62        39806.71        77565.33
  1997         5-9             48194.62        51235.63        99430.25
  1997        10-14            49518.04        51930.08       101448.12
  1997        15-19            47456.58        49805.16        97261.74
  1997        20-24            48924.68        51240.93       100165.61
  1997        25-29            53608.75        55185.26       108794.00
  1997        30-34            54335.86        54856.39       109192.25
  1997        35-39            58757.46        58322.68       117080.14
  1997        40-44            55308.48        54664.66       109973.14
  1997        45-49            52921.24        52156.75       105077.99
  1997        50-54            45977.30        45898.89        91876.20
  1997        55-59            35486.89        35392.76        70879.65
  1997        60-64            31550.36        30668.37        62218.73
  1997        65-69            31076.19        29426.84        60503.03
  1997        70-74            30876.31        26485.94        57362.25
  1997        75-79            25108.28        18316.18        43424.47
  1997        80-84            17274.70        10285.51        27560.21
  1997        85-89             9538.96         4313.22        13852.17
  1997        90-94             3607.09         1158.09         4765.18
  1997        95-99              839.67          190.32         1029.99
  1997       100-104             105.47           13.79          119.26
  1997       105-109               4.61            0.00            4.61
  1997       110+                  0.00            0.00            0.00
  1998           0              9003.99         9336.14        18340.13
  1998         1-4             37334.57        39258.66        76593.22
  1998         5-9             48370.10        51167.64        99537.74
  1998        10-14            49225.05        51781.55       101006.60
  1998        15-19            48081.71        50368.20        98449.91
  1998        20-24            47612.66        49926.76        97539.42
  1998        25-29            53042.74        54530.43       107573.18
  1998        30-34            53626.76        54253.48       107880.24
  1998        35-39            58722.03        58404.23       117126.26
  1998        40-44            55804.65        55272.82       111077.47
  1998        45-49            53504.45        52459.97       105964.41
  1998        50-54            48415.92        48057.05        96472.97
  1998        55-59            36551.78        36656.23        73208.01
  1998        60-64            32217.12        31202.38        63419.50
  1998        65-69            30547.67        28924.27        59471.94
  1998        70-74            30824.41        26877.66        57702.07
  1998        75-79            26212.95        19283.97        45496.92
  1998        80-84            17333.07        10403.78        27736.85
  1998        85-89            10060.41         4600.41        14660.82
  1998        90-94             3825.61         1254.49         5080.10
  1998        95-99              885.97          194.01         1079.97
  1998       100-104             106.81           13.69          120.50
  1998       105-109               4.08            0.00            4.08
  1998       110+                  0.00            0.00            0.00
  1999           0              8884.72         9273.13        18157.85
  1999         1-4             36859.62        38591.14        75450.76
  1999         5-9             48442.08        51000.10        99442.19
  1999        10-14            48950.59        51631.10       100581.69
  1999        15-19            48978.17        51169.68       100147.85
  1999        20-24            46552.16        48974.59        95526.75
  1999        25-29            51816.15        53352.93       105169.07
  1999        30-34            53194.94        53933.33       107128.27
  1999        35-39            58112.78        58060.25       116173.03
  1999        40-44            56757.77        56041.32       112799.09
  1999        45-49            53808.49        52607.83       106416.31
  1999        50-54            50393.80        49920.24       100314.04
  1999        55-59            38024.94        38151.97        76176.92
  1999        60-64            33047.82        32038.96        65086.78
  1999        65-69            30111.32        28369.48        58480.80
  1999        70-74            30682.19        27146.11        57828.30
  1999        75-79            27043.81        20085.93        47129.74
  1999        80-84            17399.71        10620.52        28020.23
  1999        85-89            10637.91         4935.86        15573.77
  1999        90-94             4060.99         1346.85         5407.84
  1999        95-99              928.74          203.08         1131.82
  1999       100-104             110.69           15.08          125.77
  1999       105-109               2.97            0.00            2.97
  1999       110+                  0.00            0.00            0.00
  2000           0              8700.75         9058.72        17759.47
  2000         1-4             36318.58        37917.70        74236.28
  2000         5-9             48343.06        50821.55        99164.61
  2000        10-14            48665.53        51530.60       100196.14
  2000        15-19            49757.63        51942.20       101699.84
  2000        20-24            46055.19        48578.56        94633.75
  2000        25-29            49964.74        51502.84       101467.58
  2000        30-34            53189.86        54226.36       107416.22
  2000        35-39            57115.88        57175.69       114291.57
  2000        40-44            57633.73        56908.80       114542.53
  2000        45-49            54003.05        52822.73       106825.78
  2000        50-54            52142.48        51375.76       103518.23
  2000        55-59            39896.69        39866.25        79762.94
  2000        60-64            33714.24        32865.68        66579.92
  2000        65-69            29768.96        28105.28        57874.25
  2000        70-74            30350.23        27110.43        57460.66
  2000        75-79            27483.52        20615.75        48099.27
  2000        80-84            17924.86        11122.50        29047.36
  2000        85-89            11112.39         5233.57        16345.95
  2000        90-94             4280.80         1451.86         5732.66
  2000        95-99              970.32          225.90         1196.22
  2000       100-104             119.16           17.92          137.08
  2000       105-109               3.39            0.00            3.39
  2000       110+                  0.00            0.00            0.00
  2001           0              8626.66         8941.67        17568.33
  2001         1-4             35912.10        37423.10        73335.20
  2001         5-9             47984.10        50424.62        98408.71
  2001        10-14            48594.53        51596.12       100190.66
  2001        15-19            50296.05        52485.14       102781.19
  2001        20-24            46403.64        48864.57        95268.21
  2001        25-29            48044.62        49765.09        97809.71
  2001        30-34            53580.23        54724.49       108304.72
  2001        35-39            55930.83        56149.27       112080.10
  2001        40-44            58289.73        57634.34       115924.06
  2001        45-49            54388.27        53294.89       107683.15
  2001        50-54            52706.93        51585.79       104292.72
  2001        55-59            42586.87        42268.12        84854.98
  2001        60-64            34274.47        33506.28        67780.75
  2001        65-69            29884.58        28409.82        58294.40
  2001        70-74            29862.05        26683.30        56545.36
  2001        75-79            27651.46        21146.08        48797.54
  2001        80-84            18814.29        11832.78        30647.07
  2001        85-89            11405.47         5454.80        16860.27
  2001        90-94             4485.32         1558.95         6044.27
  2001        95-99             1034.21          245.72         1279.93
  2001       100-104             128.39           20.44          148.83
  2001       105-109               4.33            0.05            4.38
  2001       110+                  0.00            0.00            0.00
  2002           0              8538.83         8927.80        17466.62
  2002         1-4             35629.57        37123.59        72753.16
  2002         5-9             47486.55        49837.09        97323.64
  2002        10-14            48818.05        51768.53       100586.58
  2002        15-19            50578.05        52775.15       103353.20
  2002        20-24            47371.62        49726.47        97098.10
  2002        25-29            46846.61        48744.52        95591.12
  2002        30-34            53702.23        54662.77       108365.00
  2002        35-39            54860.30        55285.06       110145.37
  2002        40-44            58794.13        58108.68       116902.81
  2002        45-49            54961.88        53940.20       108902.08
  2002        50-54            52569.31        51290.18       103859.49
  2002        55-59            45615.95        44909.15        90525.10
  2002        60-64            34978.75        34276.33        69255.08
  2002        65-69            30444.46        28851.65        59296.11
  2002        70-74            29226.04        26117.43        55343.47
  2002        75-79            27685.61        21675.92        49361.53
  2002        80-84            19717.99        12577.45        32295.44
  2002        85-89            11578.41         5601.93        17180.35
  2002        90-94             4732.45         1661.92         6394.36
  2002        95-99             1121.12          264.01         1385.14
  2002       100-104             140.53           19.62          160.15
  2002       105-109               4.99            0.00            4.99
  2002       110+                  0.00            0.00            0.00
  2003           0              8446.25         8930.84        17377.09
  2003         1-4             35269.61        36785.61        72055.22
  2003         5-9             47119.56        49355.71        96475.27
  2003        10-14            48980.04        51735.59       100715.63
  2003        15-19            50556.62        52904.74       103461.37
  2003        20-24            48624.66        51018.69        99643.35
  2003        25-29            46128.69        48163.78        94292.46
  2003        30-34            53172.78        53918.89       107091.67
  2003        35-39            54136.34        54643.28       108779.63
  2003        40-44            58826.63        58229.41       117056.04
  2003        45-49            55697.95        54762.71       110460.66
  2003        50-54            52886.12        51394.70       104280.82
  2003        55-59            47868.22        46811.62        94679.84
  2003        60-64            35970.41        35245.83        71216.24
  2003        65-69            31168.61        29334.20        60502.81
  2003        70-74            28648.25        25710.35        54358.60
  2003        75-79            27717.07        22060.00        49777.07
  2003        80-84            20662.01        13283.49        33945.50
  2003        85-89            11677.67         5733.47        17411.14
  2003        90-94             5023.87         1747.39         6771.25
  2003        95-99             1185.80          284.81         1470.61
  2003       100-104             149.37           21.06          170.43
  2003       105-109               5.68            0.00            5.68
  2003       110+                  0.00            0.00            0.00
  2004           0              8494.55         8987.21        17481.76
  2004         1-4             34930.60        36363.07        71293.66
  2004         5-9             46764.06        48915.60        95679.66
  2004        10-14            49050.05        51653.56       100703.60
  2004        15-19            50414.09        52965.61       103379.70
  2004        20-24            50091.81        52492.10       102583.91
  2004        25-29            45950.20        48087.22        94037.42
  2004        30-34            52181.69        52897.80       105079.49
  2004        35-39            53916.25        54475.59       108391.84
  2004        40-44            58388.08        57861.34       116249.43
  2004        45-49            56658.63        55540.61       112199.24
  2004        50-54            53161.37        51604.67       104766.04
  2004        55-59            49484.03        48326.94        97810.96
  2004        60-64            37455.86        36442.03        73897.89
  2004        65-69            31984.69        29914.77        61899.46
  2004        70-74            28255.09        25399.83        53654.92
  2004        75-79            27597.81        22344.59        49942.40
  2004        80-84            21554.54        13991.37        35545.91
  2004        85-89            11847.61         5968.46        17816.06
  2004        90-94             5349.02         1857.40         7206.42
  2004        95-99             1244.90          315.21         1560.12
  2004       100-104             155.81           21.83          177.64
  2004       105-109               6.46            0.05            6.51
  2004       110+                  0.00            0.00            0.00
  2005           0              8637.91         9068.43        17706.34
  2005         1-4             34806.62        36280.14        71086.76
  2005         5-9             46483.58        48430.59        94914.17
  2005        10-14            49119.53        51679.57       100799.11
  2005        15-19            50299.08        53080.14       103379.22
  2005        20-24            51618.68        53899.63       105518.31
  2005        25-29            46401.09        48419.22        94820.31
  2005        30-34            50988.16        51739.26       102727.41
  2005        35-39            54393.33        54994.15       109387.48
  2005        40-44            57720.47        57241.35       114961.82
  2005        45-49            57606.43        56320.45       113926.89
  2005        50-54            53567.05        52143.19       105710.25
  2005        55-59            50850.11        49480.88       100330.99
  2005        60-64            39353.23        37989.43        77342.66
  2005        65-69            32660.73        30414.89        63075.62
  2005        70-74            28037.85        25274.70        53312.55
  2005        75-79            27298.73        22413.41        49712.13
  2005        80-84            22211.24        14620.44        36831.68
  2005        85-89            12330.82         6406.63        18737.45
  2005        90-94             5641.85         1975.03         7616.88
  2005        95-99             1328.50          359.36         1687.87
  2005       100-104             163.34           23.39          186.73
  2005       105-109               6.50            0.14            6.64
  2005       110+                  0.00            0.00            0.00
  2006           0              9015.55         9359.88        18375.43
  2006         1-4             34980.66        36633.55        71614.21
  2006         5-9             46351.59        48158.17        94509.75
  2006        10-14            49045.56        51550.52       100596.08
  2006        15-19            50560.05        53562.68       104122.73
  2006        20-24            52801.64        55054.00       107855.64
  2006        25-29            47396.12        49248.20        96644.32
  2006        30-34            49976.13        50671.65       100647.78
  2006        35-39            55340.44        55806.29       111146.74
  2006        40-44            56972.42        56616.81       113589.23
  2006        45-49            58256.99        57079.80       115336.79
  2006        50-54            54205.53        52840.50       107046.03
  2006        55-59            51289.24        49635.85       100925.10
  2006        60-64            42014.70        40424.50        82439.20
  2006        65-69            33266.38        31120.35        64386.73
  2006        70-74            28225.56        25551.08        53776.65
  2006        75-79            26898.61        22215.25        49113.86
  2006        80-84            22605.96        15200.92        37806.88
  2006        85-89            13067.88         6976.09        20043.97
  2006        90-94             5840.58         2099.29         7939.87
  2006        95-99             1427.70          378.01         1805.71
  2006       100-104             172.26           25.82          198.08
  2006       105-109               6.27            0.15            6.42
  2006       110+                  0.00            0.00            0.00
  2007           0              9494.15         9737.31        19231.46
  2007         1-4             35619.06        37343.11        72962.18
  2007         5-9             46166.53        48013.58        94180.11
  2007        10-14            48815.53        51274.07       100089.60
  2007        15-19            51280.08        54287.60       105567.68
  2007        20-24            53575.61        55974.50       109550.12
  2007        25-29            48891.73        50839.60        99731.34
  2007        30-34            49289.71        49985.59        99275.29
  2007        35-39            55990.84        56143.76       112134.60
  2007        40-44            56310.53        56126.58       112437.11
  2007        45-49            58778.31        57626.89       116405.20
  2007        50-54            54742.24        53475.29       108217.53
  2007        55-59            51273.99        49554.23       100828.21
  2007        60-64            44803.75        43091.37        87895.13
  2007        65-69            34021.33        32161.19        66182.52
  2007        70-74            28770.28        25993.37        54763.65
  2007        75-79            26444.62        21948.59        48393.22
  2007        80-84            22840.01        15804.44        38644.45
  2007        85-89            13879.02         7509.32        21388.34
  2007        90-94             5948.34         2232.33         8180.66
  2007        95-99             1538.42          383.53         1921.94
  2007       100-104             183.65           27.40          211.05
  2007       105-109               7.00            0.00            7.00
  2007       110+                  0.00            0.00            0.00
  2008           0              9628.70        10005.58        19634.28
  2008         1-4             36655.18        38206.15        74861.33
  2008         5-9             45882.09        47918.61        93800.71
  2008        10-14            48709.00        51106.05        99815.05
  2008        15-19            51831.60        54605.19       106436.79
  2008        20-24            54403.14        57211.53       111614.67
  2008        25-29            51046.66        53107.14       104153.80
  2008        30-34            49033.16        49863.78        98896.94
  2008        35-39            55858.90        55879.63       111738.53
  2008        40-44            56028.04        55940.20       111968.24
  2008        45-49            59000.56        58003.50       117004.06
  2008        50-54            55369.32        54228.00       109597.32
  2008        55-59            51717.31        49895.87       101613.17
  2008        60-64            46720.62        44978.04        91698.66
  2008        65-69            35017.32        33310.55        68327.87
  2008        70-74            29433.39        26594.71        56028.10
  2008        75-79            26076.20        21766.98        47843.18
  2008        80-84            22957.40        16319.46        39276.86
  2008        85-89            14648.86         7982.83        22631.69
  2008        90-94             6009.84         2359.74         8369.58
  2008        95-99             1637.87          404.18         2042.05
  2008       100-104             192.48           29.57          222.05
  2008       105-109               8.17            0.05            8.22
  2008       110+                  0.00            0.00            0.00
  2009           0              9560.35        10141.00        19701.35
  2009         1-4             37644.09        39088.13        76732.22
  2009         5-9             45803.56        47937.52        93741.08
  2009        10-14            48575.07        50913.56        99488.64
  2009        15-19            51930.03        54576.15       106506.18
  2009        20-24            55418.14        58520.93       113939.07
  2009        25-29            53309.22        55399.78       108709.00
  2009        30-34            49376.72        50273.61        99650.33
  2009        35-39            55192.31        55279.58       110471.89
  2009        40-44            56158.12        56177.75       112335.87
  2009        45-49            58754.49        58039.98       116794.47
  2009        50-54            56265.59        55042.53       111308.12
  2009        55-59            52118.12        50274.24       102392.36
  2009        60-64            48100.03        46498.66        94598.69
  2009        65-69            36454.81        34716.33        71171.14
  2009        70-74            30177.98        27419.88        57597.86
  2009        75-79            25795.89        21616.46        47412.35
  2009        80-84            23014.54        16756.53        39771.07
  2009        85-89            15303.14         8473.76        23776.90
  2009        90-94             6118.30         2511.32         8629.62
  2009        95-99             1730.16          436.11         2166.27
  2009       100-104             202.35           29.60          231.95
  2009       105-109               9.41            0.05            9.46
  2009       110+                  0.00            0.00            0.00
  2010           0              9492.11        10006.40        19498.50
  2010         1-4             38172.04        39689.12        77861.16
  2010         5-9             46099.68        48312.06        94411.74
  2010        10-14            48286.06        50439.54        98725.60
  2010        15-19            51679.61        54404.60       106084.21
  2010        20-24            55943.62        59069.30       115012.93
  2010        25-29            54819.23        56913.40       111732.63
  2010        30-34            50098.17        50983.94       101082.11
  2010        35-39            53941.85        54082.54       108024.39
  2010        40-44            56733.80        56928.16       113661.96
  2010        45-49            58113.55        57509.37       115622.92
  2010        50-54            57221.07        55927.37       113148.44
  2010        55-59            52518.17        50817.82       103335.99
  2010        60-64            49281.44        47737.93        97019.37
  2010        65-69            38313.85        36429.97        74743.82
  2010        70-74            30758.49        28248.54        59007.03
  2010        75-79            25644.79        21631.47        47276.26
  2010        80-84            22996.55        16997.77        39994.32
  2010        85-89            15806.62         8966.18        24772.79
  2010        90-94             6417.06         2711.42         9128.48
  2010        95-99             1814.00          481.44         2295.44
  2010       100-104             206.87           35.72          242.59
  2010       105-109               8.95            0.14            9.08
  2010       110+                  0.00            0.00            0.00
  2011           0              9631.58        10150.73        19782.31
  2011         1-4             38564.11        40168.13        78732.24
  2011         5-9             46726.60        48988.68        95715.28
  2011        10-14            47959.05        50103.54        98062.59
  2011        15-19            51476.11        54140.16       105616.27
  2011        20-24            56009.62        59125.04       115134.65
  2011        25-29            55747.17        57778.76       113525.93
  2011        30-34            51115.26        52035.74       103151.00
  2011        35-39            52540.21        52791.09       105331.30
  2011        40-44            57680.11        57814.52       115494.63
  2011        45-49            57314.65        56779.86       114094.51
  2011        50-54            58012.96        56743.00       114755.96
  2011        55-59            53231.17        51451.47       104682.65
  2011        60-64            49759.75        48009.87        97769.62
  2011        65-69            40797.04        38805.60        79602.64
  2011        70-74            31411.58        29024.33        60435.91
  2011        75-79            25762.85        22061.55        47824.39
  2011        80-84            22733.24        17011.68        39744.92
  2011        85-89            16154.33         9457.20        25611.53
  2011        90-94             6870.24         2969.99         9840.22
  2011        95-99             1857.12          533.12         2390.24
  2011       100-104             208.63           41.18          249.81
  2011       105-109               7.12            0.16            7.28
  2011       110+                  0.00            0.00            0.00
  2012           0              9838.33        10506.68        20345.00
  2012         1-4             39047.66        40979.59        80027.25
  2012         5-9             47585.06        49772.65        97357.71
  2012        10-14            47669.06        49943.09        97612.15
  2012        15-19            51300.06        53922.66       105222.72
  2012        20-24            56057.62        59103.82       115161.44
  2012        25-29            56410.65        58198.66       114609.31
  2012        30-34            52575.25        53466.11       106041.36
  2012        35-39            51571.82        52056.54       103628.36
  2012        40-44            58190.61        57952.95       116143.56
  2012        45-49            56822.71        56272.96       113095.66
  2012        50-54            58570.69        57187.89       115758.58
  2012        55-59            54025.19        52104.70       106129.89
  2012        60-64            50003.03        48032.28        98035.31
  2012        65-69            43341.84        41285.16        84627.00
  2012        70-74            32358.40        29870.82        62229.22
  2012        75-79            26165.42        22655.56        48820.98
  2012        80-84            22330.92        16941.14        39272.07
  2012        85-89            16390.67         9904.60        26295.27
  2012        90-94             7304.79         3253.67        10558.46
  2012        95-99             1874.88          564.00         2438.88
  2012       100-104             224.27           43.89          268.15
  2012       105-109               7.18            0.43            7.61
  2012       110+                  0.00            0.00            0.00
  2013           0              9876.84        10451.14        20327.98
  2013         1-4             39492.59        41832.60        81325.18
  2013         5-9             48513.60        50754.56        99268.17
  2013        10-14            47389.07        49827.57        97216.63
  2013        15-19            51288.56        53947.57       105236.13
  2013        20-24            56125.19        58991.37       115116.55
  2013        25-29            56888.15        58229.06       115117.21
  2013        30-34            54346.39        54998.22       109344.61
  2013        35-39            51178.31        51811.41       102989.73
  2013        40-44            57779.74        57294.67       115074.41
  2013        45-49            56706.73        55961.40       112668.14
  2013        50-54            58787.36        57406.86       116194.22
  2013        55-59            54795.21        52870.73       107665.94
  2013        60-64            50755.96        48404.55        99160.51
  2013        65-69            45192.73        43180.63        88373.36
  2013        70-74            33442.29        30873.47        64315.76
  2013        75-79            26772.04        23258.77        50030.81
  2013        80-84            22005.47        16960.98        38966.45
  2013        85-89            16505.55        10295.54        26801.09
  2013        90-94             7759.05         3534.21        11293.25
  2013        95-99             1906.50          588.41         2494.91
  2013       100-104             250.33           44.73          295.06
  2013       105-109               8.20            0.46            8.66
  2013       110+                  0.00            0.00            0.00
  2014           0              9836.88        10287.49        20124.37
  2014         1-4             39863.10        42324.60        82187.70
  2014         5-9             49541.09        51847.21       101388.30
  2014        10-14            47218.52        49703.03        96921.55
  2014        15-19            51238.03        53917.10       105155.13
  2014        20-24            56307.12        59127.40       115434.52
  2014        25-29            57417.27        58318.83       115736.11
  2014        30-34            56074.36        56279.12       112353.48
  2014        35-39            51381.75        51894.63       103276.38
  2014        40-44            56696.17        56359.78       113055.95
  2014        45-49            56927.56        55943.48       112871.05
  2014        50-54            58565.76        57328.64       115894.40
  2014        55-59            55802.33        53659.94       109462.27
  2014        60-64            51361.54        48702.25       100063.80
  2014        65-69            46670.36        44801.79        91472.14
  2014        70-74            34783.39        32161.46        66944.85
  2014        75-79            27474.67        23886.48        51361.14
  2014        80-84            21733.32        16977.95        38711.27
  2014        85-89            16535.17        10666.41        27201.58
  2014        90-94             8190.15         3811.08        12001.22
  2014        95-99             1975.06          641.24         2616.30
  2014       100-104             270.42           46.20          316.62
  2014       105-109               9.27            0.19            9.46
  2014       110+                  0.00            0.00            0.00
  2015           0              9949.38        10365.44        20314.82
  2015         1-4             40061.11        42397.08        82458.20
  2015         5-9             50455.06        52789.13       103244.19
  2015        10-14            47271.56        49749.62        97021.19
  2015        15-19            50938.07        53443.08       104381.15
  2015        20-24            56425.63        59451.94       115877.57
  2015        25-29            57664.23        58330.59       115994.82
  2015        30-34            57319.27        57079.06       114398.33
  2015        35-39            51918.29        52121.42       104039.72
  2015        40-44            55017.45        55127.65       110145.11
  2015        45-49            57483.03        56260.43       113743.46
  2015        50-54            58005.35        56733.51       114738.86
  2015        55-59            56807.88        54521.68       111329.56
  2015        60-64            51749.19        49095.03       100844.22
  2015        65-69            48080.48        46125.15        94205.63
  2015        70-74            36383.32        33766.93        70150.26
  2015        75-79            28147.76        24486.59        52634.35
  2015        80-84            21543.97        17050.22        38594.19
  2015        85-89            16485.79        10894.51        27380.30
  2015        90-94             8489.37         4082.55        12571.93
  2015        95-99             2118.96          720.74         2839.71
  2015       100-104             278.55           54.82          333.37
  2015       105-109               9.60            0.35            9.95
  2015       110+                  0.00            0.00            0.00
  2016           0              9929.92        10439.91        20369.82
  2016         1-4             40084.71        42284.00        82368.71
  2016         5-9             50842.79        53231.61       104074.40
  2016        10-14            47546.60        50047.67        97594.27
  2016        15-19            50480.02        52816.69       103296.70
  2016        20-24            56254.28        59340.45       115594.73
  2016        25-29            57558.76        58380.82       115939.58
  2016        30-34            57842.28        57379.18       115221.46
  2016        35-39            52464.07        52468.37       104932.44
  2016        40-44            53678.16        54057.11       107735.27
  2016        45-49            57973.93        56675.23       114649.15
  2016        50-54            57429.83        56074.28       113504.12
  2016        55-59            57369.78        55194.71       112564.50
  2016        60-64            52142.50        49418.99       101561.49
  2016        65-69            48763.92        46585.31        95349.23
  2016        70-74            37953.38        35304.60        73257.98
  2016        75-79            28716.37        25008.47        53724.84
  2016        80-84            21549.51        17294.81        38844.32
  2016        85-89            16369.44        10927.95        27297.39
  2016        90-94             8758.04         4382.85        13140.89
  2016        95-99             2317.52          815.16         3132.67
  2016       100-104             289.44           62.99          352.43
  2016       105-109               9.97            0.20           10.17
  2016       110+                  0.00            0.00            0.00
