TAS, Death rates (period 5x1), 	Last modified: 02 Jul 2018;  Methods Protocol: v6 (2017)

  Year          Age             Female            Male           Total
  1971           0             0.010624        0.017834        0.014292
  1971         1-4             0.000386        0.000986        0.000692
  1971         5-9             0.000656        0.000580        0.000617
  1971        10-14            0.000387        0.000648        0.000521
  1971        15-19            0.000775        0.002504        0.001647
  1971        20-24            0.000817        0.002376        0.001609
  1971        25-29            0.000819        0.001614        0.001228
  1971        30-34            0.000688        0.001224        0.000963
  1971        35-39            0.001309        0.002158        0.001741
  1971        40-44            0.001086        0.003565        0.002366
  1971        45-49            0.003420        0.006175        0.004823
  1971        50-54            0.005603        0.010416        0.008010
  1971        55-59            0.007493        0.015686        0.011608
  1971        60-64            0.013010        0.024389        0.018608
  1971        65-69            0.020802        0.037453        0.028819
  1971        70-74            0.037016        0.064165        0.048838
  1971        75-79            0.065039        0.091074        0.074911
  1971        80-84            0.103336        0.123378        0.110636
  1971        85-89            0.196487        0.158205        0.183189
  1971        90-94            0.261632        0.475270        0.326191
  1971        95-99            0.221723        0.265223        0.236500
  1971       100-104           0.633166        0.000000        0.531174
  1971       105-109                 .              .              .
  1971       110+                    .              .              .
  1972           0             0.012565        0.020356        0.016475
  1972         1-4             0.001270        0.001156        0.001212
  1972         5-9             0.000836        0.000451        0.000640
  1972        10-14            0.000430        0.000458        0.000444
  1972        15-19            0.000487        0.002340        0.001421
  1972        20-24            0.000441        0.001778        0.001119
  1972        25-29            0.000701        0.001782        0.001258
  1972        30-34            0.000508        0.002074        0.001314
  1972        35-39            0.001299        0.001437        0.001369
  1972        40-44            0.002495        0.003048        0.002779
  1972        45-49            0.003212        0.004435        0.003838
  1972        50-54            0.004539        0.008641        0.006586
  1972        55-59            0.008378        0.015137        0.011752
  1972        60-64            0.011949        0.025691        0.018726
  1972        65-69            0.018294        0.040851        0.029140
  1972        70-74            0.037524        0.061544        0.048142
  1972        75-79            0.056070        0.088526        0.068282
  1972        80-84            0.094748        0.138024        0.110246
  1972        85-89            0.161433        0.185475        0.169970
  1972        90-94            0.268201        0.244519        0.261299
  1972        95-99            0.314700        0.532446        0.387061
  1972       100-104           0.766080        1.844262        1.022677
  1972       105-109                 .              .              .
  1972       110+                    .              .              .
  1973           0             0.018221        0.019063        0.018648
  1973         1-4             0.000444        0.000921        0.000686
  1973         5-9             0.000688        0.000456        0.000569
  1973        10-14            0.000335        0.000367        0.000351
  1973        15-19            0.000800        0.001621        0.001215
  1973        20-24            0.000932        0.001887        0.001414
  1973        25-29            0.000806        0.001411        0.001115
  1973        30-34            0.000912        0.000621        0.000762
  1973        35-39            0.001282        0.003001        0.002157
  1973        40-44            0.001970        0.003571        0.002790
  1973        45-49            0.002904        0.006213        0.004600
  1973        50-54            0.004488        0.010228        0.007349
  1973        55-59            0.008975        0.018352        0.013625
  1973        60-64            0.011002        0.024037        0.017452
  1973        65-69            0.016966        0.041981        0.029026
  1973        70-74            0.037778        0.059641        0.047422
  1973        75-79            0.060402        0.095291        0.073675
  1973        80-84            0.098689        0.136020        0.111706
  1973        85-89            0.163560        0.229442        0.186596
  1973        90-94            0.220528        0.257207        0.231865
  1973        95-99            0.239661        0.069172        0.185789
  1973       100-104           0.367872        2.797203        0.650230
  1973       105-109                 .              .              .
  1973       110+                    .              .              .
  1974           0             0.016741        0.020222        0.018515
  1974         1-4             0.001089        0.000813        0.000949
  1974         5-9             0.000582        0.000554        0.000568
  1974        10-14            0.000436        0.000555        0.000497
  1974        15-19            0.000737        0.002416        0.001586
  1974        20-24            0.000548        0.002396        0.001479
  1974        25-29            0.000902        0.001186        0.001046
  1974        30-34            0.001043        0.001205        0.001126
  1974        35-39            0.001978        0.002410        0.002199
  1974        40-44            0.001616        0.003831        0.002746
  1974        45-49            0.003955        0.006346        0.005184
  1974        50-54            0.004779        0.009969        0.007367
  1974        55-59            0.007463        0.016697        0.012009
  1974        60-64            0.014055        0.026004        0.019980
  1974        65-69            0.020744        0.034665        0.027441
  1974        70-74            0.034687        0.064779        0.048023
  1974        75-79            0.057180        0.098408        0.073155
  1974        80-84            0.090591        0.135874        0.106048
  1974        85-89            0.178803        0.232958        0.196842
  1974        90-94            0.228758        0.285285        0.246680
  1974        95-99            0.523432        0.455156        0.501691
  1974       100-104           1.918465        0.000000        1.678909
  1974       105-109                 .              .              .
  1974       110+                    .              .              .
  1975           0             0.017143        0.021209        0.019208
  1975         1-4             0.000852        0.000963        0.000908
  1975         5-9             0.000470        0.000746        0.000612
  1975        10-14            0.000649        0.000380        0.000511
  1975        15-19            0.000621        0.001925        0.001280
  1975        20-24            0.000179        0.002348        0.001273
  1975        25-29            0.000557        0.001444        0.001007
  1975        30-34            0.000779        0.001248        0.001020
  1975        35-39            0.001314        0.002092        0.001712
  1975        40-44            0.001746        0.002710        0.002237
  1975        45-49            0.004000        0.006754        0.005417
  1975        50-54            0.005198        0.008334        0.006766
  1975        55-59            0.009181        0.016647        0.012851
  1975        60-64            0.010983        0.023947        0.017380
  1975        65-69            0.018236        0.038146        0.027831
  1975        70-74            0.037638        0.057071        0.046279
  1975        75-79            0.053955        0.086776        0.066831
  1975        80-84            0.086685        0.136125        0.103297
  1975        85-89            0.163174        0.187300        0.170941
  1975        90-94            0.194382        0.270818        0.218005
  1975        95-99            0.354400        0.452954        0.383050
  1975       100-104           0.876652        1.295896        1.046329
  1975       105-109                 .              .              .
  1975       110+                    .              .              .
  1976           0             0.010209        0.013423        0.011863
  1976         1-4             0.000547        0.001267        0.000911
  1976         5-9             0.000715        0.000589        0.000651
  1976        10-14            0.000671        0.000493        0.000580
  1976        15-19            0.000609        0.002177        0.001403
  1976        20-24            0.000588        0.001742        0.001168
  1976        25-29            0.000798        0.001134        0.000969
  1976        30-34            0.001107        0.001111        0.001109
  1976        35-39            0.001206        0.001967        0.001596
  1976        40-44            0.001557        0.003661        0.002628
  1976        45-49            0.004631        0.006180        0.005426
  1976        50-54            0.005441        0.008566        0.007016
  1976        55-59            0.010352        0.013577        0.011933
  1976        60-64            0.011576        0.023508        0.017410
  1976        65-69            0.018808        0.033909        0.026106
  1976        70-74            0.033326        0.062866        0.046477
  1976        75-79            0.049228        0.094420        0.067147
  1976        80-84            0.097458        0.134023        0.109536
  1976        85-89            0.158798        0.222874        0.178980
  1976        90-94            0.270073        0.244228        0.262286
  1976        95-99            0.357309        0.147647        0.295206
  1976       100-104           0.260870        2.270886        0.774757
  1976       105-109                 .              .              .
  1976       110+                    .              .              .
  1977           0             0.013173        0.016879        0.015074
  1977         1-4             0.000718        0.000829        0.000775
  1977         5-9             0.000000        0.000831        0.000422
  1977        10-14            0.000579        0.000405        0.000490
  1977        15-19            0.000503        0.002437        0.001486
  1977        20-24            0.000465        0.001954        0.001215
  1977        25-29            0.000992        0.000840        0.000915
  1977        30-34            0.000896        0.001502        0.001207
  1977        35-39            0.000511        0.002181        0.001369
  1977        40-44            0.001726        0.002856        0.002303
  1977        45-49            0.002116        0.005582        0.003893
  1977        50-54            0.005575        0.009919        0.007780
  1977        55-59            0.007146        0.013917        0.010456
  1977        60-64            0.011458        0.022294        0.016735
  1977        65-69            0.015645        0.038606        0.026652
  1977        70-74            0.027889        0.057940        0.041456
  1977        75-79            0.054110        0.094944        0.070440
  1977        80-84            0.078985        0.125554        0.094059
  1977        85-89            0.146913        0.178279        0.156585
  1977        90-94            0.237607        0.333651        0.265984
  1977        95-99            0.387671        0.329424        0.368804
  1977       100-104           1.076040        1.081081        1.076877
  1977       105-109                 .              .              .
  1977       110+                    .              .              .
  1978           0             0.015170        0.014845        0.015006
  1978         1-4             0.000817        0.000282        0.000543
  1978         5-9             0.000355        0.000395        0.000375
  1978        10-14            0.000318        0.000560        0.000441
  1978        15-19            0.000453        0.002050        0.001263
  1978        20-24            0.000689        0.002240        0.001473
  1978        25-29            0.000800        0.001306        0.001057
  1978        30-34            0.000794        0.001453        0.001131
  1978        35-39            0.001247        0.002195        0.001734
  1978        40-44            0.002178        0.002534        0.002360
  1978        45-49            0.002831        0.006127        0.004519
  1978        50-54            0.005861        0.009469        0.007697
  1978        55-59            0.007957        0.014750        0.011285
  1978        60-64            0.009830        0.020880        0.015186
  1978        65-69            0.019332        0.036187        0.027370
  1978        70-74            0.030071        0.053746        0.040921
  1978        75-79            0.052362        0.088670        0.066860
  1978        80-84            0.082558        0.123268        0.095695
  1978        85-89            0.127706        0.171319        0.140979
  1978        90-94            0.246428        0.309898        0.264336
  1978        95-99            0.283953        0.232318        0.266756
  1978       100-104           0.676946        2.649007        0.964010
  1978       105-109                 .              .              .
  1978       110+                    .              .              .
  1979           0             0.011161        0.017963        0.014631
  1979         1-4             0.000753        0.000860        0.000808
  1979         5-9             0.000312        0.000455        0.000384
  1979        10-14            0.000422        0.001019        0.000726
  1979        15-19            0.000504        0.001131        0.000822
  1979        20-24            0.000722        0.002126        0.001430
  1979        25-29            0.000786        0.001943        0.001372
  1979        30-34            0.000447        0.002104        0.001288
  1979        35-39            0.001037        0.001369        0.001207
  1979        40-44            0.001208        0.003115        0.002182
  1979        45-49            0.003150        0.005402        0.004297
  1979        50-54            0.005658        0.008494        0.007111
  1979        55-59            0.006142        0.013523        0.009765
  1979        60-64            0.009871        0.019709        0.014595
  1979        65-69            0.015224        0.033584        0.023954
  1979        70-74            0.026222        0.053901        0.038887
  1979        75-79            0.042123        0.076498        0.056000
  1979        80-84            0.085944        0.114913        0.095555
  1979        85-89            0.131977        0.196642        0.151299
  1979        90-94            0.247996        0.263976        0.252346
  1979        95-99            0.292614        0.205714        0.263185
  1979       100-104           0.730594        0.000000        0.672269
  1979       105-109                 .              .              .
  1979       110+                    .              .              .
  1980           0             0.009887        0.015403        0.012713
  1980         1-4             0.000529        0.000290        0.000407
  1980         5-9             0.000215        0.000573        0.000397
  1980        10-14            0.000366        0.000251        0.000307
  1980        15-19            0.000612        0.001656        0.001139
  1980        20-24            0.000703        0.001450        0.001078
  1980        25-29            0.000592        0.001219        0.000909
  1980        30-34            0.000616        0.001320        0.000973
  1980        35-39            0.000846        0.002090        0.001477
  1980        40-44            0.001898        0.003115        0.002520
  1980        45-49            0.003505        0.004461        0.003991
  1980        50-54            0.003671        0.009227        0.006526
  1980        55-59            0.005687        0.013883        0.009736
  1980        60-64            0.010745        0.023469        0.016811
  1980        65-69            0.019332        0.035654        0.027070
  1980        70-74            0.028462        0.059386        0.042371
  1980        75-79            0.047134        0.092068        0.065582
  1980        80-84            0.084152        0.135022        0.101521
  1980        85-89            0.153019        0.181392        0.161357
  1980        90-94            0.184817        0.170934        0.181019
  1980        95-99            0.267987        0.463189        0.329308
  1980       100-104           0.761228        2.321083        0.942127
  1980       105-109                 .              .              .
  1980       110+                    .              .              .
  1981           0             0.010391        0.014777        0.012623
  1981         1-4             0.000825        0.000725        0.000774
  1981         5-9             0.000281        0.000270        0.000275
  1981        10-14            0.000256        0.000593        0.000428
  1981        15-19            0.001102        0.002019        0.001564
  1981        20-24            0.000959        0.002288        0.001624
  1981        25-29            0.000699        0.001265        0.000984
  1981        30-34            0.000795        0.001068        0.000934
  1981        35-39            0.001168        0.001423        0.001297
  1981        40-44            0.001578        0.003028        0.002318
  1981        45-49            0.002820        0.005096        0.003974
  1981        50-54            0.004274        0.010234        0.007333
  1981        55-59            0.007101        0.013450        0.010275
  1981        60-64            0.010316        0.021122        0.015443
  1981        65-69            0.016354        0.034069        0.024755
  1981        70-74            0.023793        0.060025        0.039853
  1981        75-79            0.045576        0.079912        0.059827
  1981        80-84            0.076946        0.118584        0.091442
  1981        85-89            0.127119        0.163373        0.137505
  1981        90-94            0.189589        0.270407        0.211637
  1981        95-99            0.256375        0.414564        0.299249
  1981       100-104           0.348012        0.988468        0.415481
  1981       105-109                 .              .              .
  1981       110+                    .              .              .
  1982           0             0.008485        0.008336        0.008409
  1982         1-4             0.000519        0.001077        0.000803
  1982         5-9             0.000291        0.000278        0.000284
  1982        10-14            0.000304        0.000344        0.000324
  1982        15-19            0.000540        0.000901        0.000722
  1982        20-24            0.000528        0.001799        0.001163
  1982        25-29            0.000461        0.001259        0.000862
  1982        30-34            0.000979        0.001548        0.001268
  1982        35-39            0.001305        0.001665        0.001488
  1982        40-44            0.001199        0.002963        0.002099
  1982        45-49            0.003960        0.004044        0.004003
  1982        50-54            0.004818        0.007413        0.006146
  1982        55-59            0.007757        0.014428        0.011117
  1982        60-64            0.010898        0.020153        0.015303
  1982        65-69            0.017821        0.034831        0.025873
  1982        70-74            0.027740        0.055089        0.039805
  1982        75-79            0.050886        0.080977        0.063490
  1982        80-84            0.075092        0.126677        0.093253
  1982        85-89            0.132692        0.181887        0.146383
  1982        90-94            0.203683        0.269950        0.221143
  1982        95-99            0.277047        0.228949        0.264237
  1982       100-104           0.545124        0.000000        0.449046
  1982       105-109                 .              .              .
  1982       110+                    .              .              .
  1983           0             0.007798        0.014824        0.011367
  1983         1-4             0.000958        0.000636        0.000794
  1983         5-9             0.000059        0.000397        0.000232
  1983        10-14            0.000563        0.000346        0.000453
  1983        15-19            0.000327        0.000854        0.000593
  1983        20-24            0.000684        0.001160        0.000922
  1983        25-29            0.000397        0.001293        0.000847
  1983        30-34            0.000725        0.000771        0.000748
  1983        35-39            0.000919        0.001471        0.001198
  1983        40-44            0.001000        0.002879        0.001958
  1983        45-49            0.002415        0.004594        0.003521
  1983        50-54            0.004372        0.008891        0.006675
  1983        55-59            0.007230        0.011570        0.009423
  1983        60-64            0.010900        0.020466        0.015493
  1983        65-69            0.015857        0.033318        0.024054
  1983        70-74            0.022096        0.048712        0.033916
  1983        75-79            0.043415        0.073521        0.056060
  1983        80-84            0.077737        0.113511        0.090358
  1983        85-89            0.134648        0.183830        0.148314
  1983        90-94            0.183755        0.239667        0.197989
  1983        95-99            0.310514        0.311111        0.310681
  1983       100-104           0.390862        1.445783        0.578755
  1983       105-109                 .              .              .
  1983       110+                    .              .              .
  1984           0             0.009224        0.014164        0.011699
  1984         1-4             0.000727        0.000627        0.000676
  1984         5-9             0.000239        0.000459        0.000351
  1984        10-14            0.000470        0.000656        0.000564
  1984        15-19            0.000217        0.001219        0.000724
  1984        20-24            0.000424        0.001526        0.000976
  1984        25-29            0.000831        0.000878        0.000855
  1984        30-34            0.000837        0.001590        0.001216
  1984        35-39            0.001201        0.001794        0.001501
  1984        40-44            0.001449        0.003167        0.002325
  1984        45-49            0.002633        0.004182        0.003420
  1984        50-54            0.004531        0.007594        0.006086
  1984        55-59            0.007180        0.014337        0.010817
  1984        60-64            0.011507        0.020789        0.015990
  1984        65-69            0.019628        0.036010        0.027261
  1984        70-74            0.022482        0.055207        0.037079
  1984        75-79            0.046775        0.076590        0.059188
  1984        80-84            0.087211        0.110713        0.095595
  1984        85-89            0.127293        0.157326        0.135928
  1984        90-94            0.211893        0.296594        0.232736
  1984        95-99            0.317863        0.409013        0.342394
  1984       100-104           0.507358        0.000000        0.418716
  1984       105-109           0.000000              .        0.000000
  1984       110+                    .              .              .
  1985           0             0.010264        0.015815        0.013077
  1985         1-4             0.000640        0.000758        0.000700
  1985         5-9             0.000179        0.000744        0.000468
  1985        10-14            0.000641        0.000621        0.000631
  1985        15-19            0.000481        0.001821        0.001160
  1985        20-24            0.000651        0.001510        0.001082
  1985        25-29            0.000758        0.001725        0.001243
  1985        30-34            0.000821        0.001336        0.001080
  1985        35-39            0.001399        0.001374        0.001386
  1985        40-44            0.001317        0.002693        0.002017
  1985        45-49            0.002086        0.003679        0.002896
  1985        50-54            0.004261        0.008519        0.006415
  1985        55-59            0.007184        0.012502        0.009894
  1985        60-64            0.007770        0.019838        0.013633
  1985        65-69            0.015096        0.031735        0.022827
  1985        70-74            0.027718        0.049227        0.037317
  1985        75-79            0.046349        0.070280        0.056237
  1985        80-84            0.095427        0.120633        0.104572
  1985        85-89            0.166939        0.198958        0.176546
  1985        90-94            0.205587        0.354534        0.240437
  1985        95-99            0.293939        0.230166        0.277955
  1985       100-104           1.337573        1.353307        1.341242
  1985       105-109           2.783784              .        2.783784
  1985       110+                    .              .              .
  1986           0             0.010062        0.012559        0.011347
  1986         1-4             0.000354        0.000755        0.000558
  1986         5-9             0.000177        0.000566        0.000376
  1986        10-14            0.000000        0.000693        0.000354
  1986        15-19            0.000524        0.001122        0.000827
  1986        20-24            0.000676        0.001523        0.001099
  1986        25-29            0.000375        0.001122        0.000749
  1986        30-34            0.001035        0.000748        0.000891
  1986        35-39            0.000901        0.001065        0.000983
  1986        40-44            0.002196        0.001903        0.002047
  1986        45-49            0.001411        0.003822        0.002639
  1986        50-54            0.003822        0.007417        0.005635
  1986        55-59            0.005738        0.011115        0.008469
  1986        60-64            0.009435        0.018171        0.013722
  1986        65-69            0.017590        0.024723        0.020890
  1986        70-74            0.027967        0.049455        0.037611
  1986        75-79            0.043005        0.075481        0.056363
  1986        80-84            0.082324        0.110521        0.092732
  1986        85-89            0.122659        0.160029        0.134288
  1986        90-94            0.230881        0.190850        0.221775
  1986        95-99            0.309116        0.400347        0.330978
  1986       100-104           0.242473        1.721640        0.501167
  1986       105-109                 .              .              .
  1986       110+                    .              .              .
  1987           0             0.008052        0.011729        0.009929
  1987         1-4             0.000499        0.000414        0.000456
  1987         5-9             0.000291        0.000112        0.000199
  1987        10-14            0.000116        0.000329        0.000225
  1987        15-19            0.000312        0.001215        0.000770
  1987        20-24            0.000641        0.001171        0.000905
  1987        25-29            0.000481        0.001719        0.001098
  1987        30-34            0.000736        0.001314        0.001023
  1987        35-39            0.001082        0.001956        0.001522
  1987        40-44            0.001781        0.002043        0.001915
  1987        45-49            0.002935        0.003821        0.003386
  1987        50-54            0.004922        0.006680        0.005808
  1987        55-59            0.005797        0.013064        0.009476
  1987        60-64            0.008251        0.018381        0.013259
  1987        65-69            0.015811        0.027244        0.021106
  1987        70-74            0.026816        0.052038        0.038132
  1987        75-79            0.044185        0.074274        0.056529
  1987        80-84            0.081505        0.119647        0.095891
  1987        85-89            0.135783        0.174746        0.148124
  1987        90-94            0.193672        0.282776        0.213733
  1987        95-99            0.388066        0.379107        0.386013
  1987       100-104           0.619349        0.367872        0.570648
  1987       105-109                 .              .              .
  1987       110+                    .              .              .
  1988           0             0.007762        0.011270        0.009545
  1988         1-4             0.000287        0.000484        0.000388
  1988         5-9             0.000459        0.000386        0.000422
  1988        10-14            0.000176        0.000613        0.000400
  1988        15-19            0.000316        0.001376        0.000855
  1988        20-24            0.000771        0.001550        0.001159
  1988        25-29            0.000643        0.001470        0.001053
  1988        30-34            0.000723        0.001348        0.001034
  1988        35-39            0.000950        0.001997        0.001477
  1988        40-44            0.001824        0.001456        0.001637
  1988        45-49            0.001678        0.002821        0.002261
  1988        50-54            0.003949        0.006509        0.005243
  1988        55-59            0.005939        0.011472        0.008730
  1988        60-64            0.009314        0.016170        0.012719
  1988        65-69            0.016179        0.027814        0.021595
  1988        70-74            0.024155        0.049589        0.035484
  1988        75-79            0.043215        0.065497        0.052448
  1988        80-84            0.063907        0.114378        0.083124
  1988        85-89            0.144010        0.179503        0.155211
  1988        90-94            0.200475        0.270031        0.216489
  1988        95-99            0.362675        0.475020        0.385789
  1988       100-104           0.793884        0.686237        0.763926
  1988       105-109                 .              .              .
  1988       110+                    .              .              .
  1989           0             0.008621        0.012030        0.010377
  1989         1-4             0.000361        0.000415        0.000389
  1989         5-9             0.000281        0.000271        0.000276
  1989        10-14            0.000294        0.000503        0.000401
  1989        15-19            0.000322        0.001186        0.000762
  1989        20-24            0.000769        0.001124        0.000946
  1989        25-29            0.000593        0.001263        0.000925
  1989        30-34            0.000703        0.001042        0.000871
  1989        35-39            0.000874        0.001100        0.000988
  1989        40-44            0.001502        0.002567        0.002041
  1989        45-49            0.002418        0.003494        0.002966
  1989        50-54            0.004395        0.005750        0.005081
  1989        55-59            0.005254        0.011835        0.008557
  1989        60-64            0.009829        0.016723        0.013271
  1989        65-69            0.016630        0.028789        0.022318
  1989        70-74            0.028848        0.045850        0.036403
  1989        75-79            0.042361        0.074776        0.055888
  1989        80-84            0.076826        0.100256        0.085716
  1989        85-89            0.147885        0.179076        0.157768
  1989        90-94            0.240513        0.216724        0.234471
  1989        95-99            0.282790        0.267046        0.279844
  1989       100-104           0.598972        1.015190        0.704225
  1989       105-109                 .              .              .
  1989       110+                    .              .              .
  1990           0             0.008125        0.009611        0.008889
  1990         1-4             0.001157        0.000482        0.000811
  1990         5-9             0.000332        0.000481        0.000408
  1990        10-14            0.000175        0.000443        0.000312
  1990        15-19            0.000660        0.001003        0.000835
  1990        20-24            0.000466        0.001269        0.000870
  1990        25-29            0.000441        0.001460        0.000946
  1990        30-34            0.000525        0.001932        0.001220
  1990        35-39            0.000571        0.001656        0.001113
  1990        40-44            0.001271        0.001705        0.001491
  1990        45-49            0.002162        0.003148        0.002662
  1990        50-54            0.002708        0.006762        0.004763
  1990        55-59            0.006397        0.010039        0.008219
  1990        60-64            0.009537        0.017974        0.013756
  1990        65-69            0.013600        0.029019        0.020884
  1990        70-74            0.022057        0.049423        0.034231
  1990        75-79            0.042915        0.072155        0.055131
  1990        80-84            0.071015        0.114456        0.087394
  1990        85-89            0.124248        0.174396        0.140259
  1990        90-94            0.236640        0.227199        0.234029
  1990        95-99            0.357782        0.624566        0.406203
  1990       100-104           0.180632        1.897233        0.373998
  1990       105-109                 .              .              .
  1990       110+                    .              .              .
  1991           0             0.007475        0.010075        0.008793
  1991         1-4             0.000288        0.000274        0.000281
  1991         5-9             0.000222        0.000374        0.000299
  1991        10-14            0.000459        0.000274        0.000365
  1991        15-19            0.000513        0.001143        0.000835
  1991        20-24            0.000229        0.002020        0.001133
  1991        25-29            0.000741        0.001457        0.001095
  1991        30-34            0.000515        0.001591        0.001046
  1991        35-39            0.000392        0.001358        0.000872
  1991        40-44            0.001308        0.002082        0.001701
  1991        45-49            0.001829        0.002984        0.002415
  1991        50-54            0.003251        0.005098        0.004190
  1991        55-59            0.005737        0.008882        0.007307
  1991        60-64            0.009811        0.016474        0.013137
  1991        65-69            0.014552        0.026247        0.020140
  1991        70-74            0.024280        0.048676        0.035108
  1991        75-79            0.037378        0.067635        0.050032
  1991        80-84            0.071623        0.114511        0.087647
  1991        85-89            0.120420        0.192470        0.143324
  1991        90-94            0.224124        0.320137        0.251111
  1991        95-99            0.312198        0.289258        0.308126
  1991       100-104           0.346528        1.431981        0.408377
  1991       105-109           0.000000              .        0.000000
  1991       110+                    .              .              .
  1992           0             0.006224        0.007156        0.006698
  1992         1-4             0.000432        0.000207        0.000317
  1992         5-9             0.000223        0.000269        0.000247
  1992        10-14            0.000456        0.000218        0.000334
  1992        15-19            0.000469        0.000780        0.000628
  1992        20-24            0.000681        0.001940        0.001318
  1992        25-29            0.000585        0.001507        0.001038
  1992        30-34            0.000669        0.001487        0.001071
  1992        35-39            0.000772        0.001064        0.000917
  1992        40-44            0.001243        0.001680        0.001463
  1992        45-49            0.001583        0.002994        0.002300
  1992        50-54            0.004142        0.005058        0.004609
  1992        55-59            0.005336        0.007832        0.006581
  1992        60-64            0.008996        0.016287        0.012627
  1992        65-69            0.015088        0.025321        0.020023
  1992        70-74            0.022422        0.035859        0.028403
  1992        75-79            0.043776        0.075848        0.057144
  1992        80-84            0.084420        0.119106        0.097309
  1992        85-89            0.126188        0.172464        0.141078
  1992        90-94            0.208548        0.253608        0.220975
  1992        95-99            0.356372        0.260027        0.337547
  1992       100-104           0.392180        0.523560        0.401310
  1992       105-109           0.000000              .        0.000000
  1992       110+                    .              .              .
  1993           0             0.004534        0.007042        0.005832
  1993         1-4             0.000072        0.000486        0.000284
  1993         5-9             0.000225        0.000708        0.000470
  1993        10-14            0.000226        0.000270        0.000249
  1993        15-19            0.000653        0.000795        0.000725
  1993        20-24            0.000515        0.001176        0.000849
  1993        25-29            0.000596        0.001293        0.000939
  1993        30-34            0.000621        0.001936        0.001266
  1993        35-39            0.000652        0.001933        0.001287
  1993        40-44            0.001461        0.002196        0.001831
  1993        45-49            0.002159        0.002801        0.002485
  1993        50-54            0.003112        0.004855        0.004000
  1993        55-59            0.005228        0.009685        0.007456
  1993        60-64            0.008228        0.014988        0.011590
  1993        65-69            0.013347        0.027533        0.020233
  1993        70-74            0.024134        0.038589        0.030608
  1993        75-79            0.036138        0.063410        0.047456
  1993        80-84            0.060842        0.112013        0.079792
  1993        85-89            0.126312        0.173373        0.141697
  1993        90-94            0.194477        0.222160        0.201919
  1993        95-99            0.338540        0.549350        0.383396
  1993       100-104           0.715445        2.437500        0.802613
  1993       105-109           2.835366              .        2.835366
  1993       110+                    .              .              .
  1994           0             0.006352        0.008410        0.007420
  1994         1-4             0.000586        0.000420        0.000501
  1994         5-9             0.000342        0.000219        0.000279
  1994        10-14            0.000000        0.000323        0.000165
  1994        15-19            0.000600        0.001322        0.000969
  1994        20-24            0.000526        0.001953        0.001245
  1994        25-29            0.000604        0.001118        0.000857
  1994        30-34            0.000529        0.001097        0.000807
  1994        35-39            0.000695        0.001634        0.001160
  1994        40-44            0.001558        0.001440        0.001499
  1994        45-49            0.002407        0.004022        0.003224
  1994        50-54            0.002274        0.005183        0.003753
  1994        55-59            0.005287        0.009983        0.007638
  1994        60-64            0.008866        0.016769        0.012786
  1994        65-69            0.014092        0.026296        0.020046
  1994        70-74            0.024974        0.041297        0.032319
  1994        75-79            0.040728        0.075347        0.055119
  1994        80-84            0.067598        0.111544        0.083857
  1994        85-89            0.121455        0.202878        0.147682
  1994        90-94            0.202156        0.255811        0.216273
  1994        95-99            0.351494        0.383296        0.358939
  1994       100-104           0.527578        0.000000        0.509613
  1994       105-109           0.000000              .        0.000000
  1994       110+                    .              .              .
  1995           0             0.003339        0.007745        0.005604
  1995         1-4             0.000000        0.000492        0.000253
  1995         5-9             0.000173        0.000220        0.000197
  1995        10-14            0.000223        0.000592        0.000411
  1995        15-19            0.000241        0.000811        0.000532
  1995        20-24            0.000723        0.001189        0.000958
  1995        25-29            0.000181        0.001668        0.000916
  1995        30-34            0.000492        0.001135        0.000807
  1995        35-39            0.000841        0.001026        0.000932
  1995        40-44            0.001768        0.001426        0.001597
  1995        45-49            0.002091        0.003247        0.002675
  1995        50-54            0.003372        0.004127        0.003754
  1995        55-59            0.005862        0.007461        0.006664
  1995        60-64            0.008086        0.013950        0.010982
  1995        65-69            0.015112        0.027131        0.020997
  1995        70-74            0.022150        0.039319        0.029934
  1995        75-79            0.039965        0.060053        0.048368
  1995        80-84            0.066136        0.102290        0.079571
  1995        85-89            0.129291        0.184045        0.146626
  1995        90-94            0.195104        0.283269        0.217689
  1995        95-99            0.316501        0.361011        0.327725
  1995       100-104           0.335570        1.019442        0.387809
  1995       105-109           0.000000              .        0.000000
  1995       110+                    .              .              .
  1996           0             0.003158        0.005729        0.004473
  1996         1-4             0.000375        0.000565        0.000473
  1996         5-9             0.000348        0.000000        0.000170
  1996        10-14            0.000394        0.000054        0.000221
  1996        15-19            0.000362        0.000986        0.000680
  1996        20-24            0.000566        0.000989        0.000779
  1996        25-29            0.000660        0.000796        0.000727
  1996        30-34            0.000680        0.001725        0.001190
  1996        35-39            0.000678        0.001343        0.001005
  1996        40-44            0.001240        0.001867        0.001553
  1996        45-49            0.002187        0.003166        0.002680
  1996        50-54            0.003500        0.005086        0.004303
  1996        55-59            0.005712        0.008194        0.006961
  1996        60-64            0.009188        0.013393        0.011265
  1996        65-69            0.013353        0.025450        0.019274
  1996        70-74            0.022202        0.045130        0.032735
  1996        75-79            0.038000        0.061640        0.047896
  1996        80-84            0.062387        0.106816        0.078962
  1996        85-89            0.115808        0.182899        0.136908
  1996        90-94            0.220677        0.299441        0.240382
  1996        95-99            0.259652        0.351729        0.282490
  1996       100-104           0.956885        0.349040        0.886725
  1996       105-109           2.857820              .        2.857820
  1996       110+                    .              .              .
  1997           0             0.004416        0.008334        0.006432
  1997         1-4             0.000688        0.000646        0.000666
  1997         5-9             0.000351        0.000225        0.000287
  1997        10-14            0.000228        0.000496        0.000365
  1997        15-19            0.000603        0.001156        0.000885
  1997        20-24            0.000592        0.000965        0.000780
  1997        25-29            0.000723        0.000983        0.000852
  1997        30-34            0.000411        0.000806        0.000603
  1997        35-39            0.000732        0.001297        0.001010
  1997        40-44            0.000894        0.001188        0.001040
  1997        45-49            0.001393        0.002523        0.001960
  1997        50-54            0.002732        0.004902        0.003833
  1997        55-59            0.006388        0.008229        0.007318
  1997        60-64            0.008957        0.013527        0.011222
  1997        65-69            0.012432        0.021443        0.016829
  1997        70-74            0.023961        0.036852        0.029962
  1997        75-79            0.036802        0.064346        0.048319
  1997        80-84            0.065836        0.101791        0.079239
  1997        85-89            0.113219        0.175376        0.132656
  1997        90-94            0.210463        0.280276        0.228161
  1997        95-99            0.312744        0.432713        0.339817
  1997       100-104           0.537683        1.672474        0.666984
  1997       105-109                 .              .              .
  1997       110+                    .              .              .
  1998           0             0.003342        0.007622        0.005537
  1998         1-4             0.000315        0.000891        0.000612
  1998         5-9             0.000119        0.000226        0.000173
  1998        10-14            0.000405        0.000168        0.000284
  1998        15-19            0.000361        0.000985        0.000679
  1998        20-24            0.000614        0.000867        0.000742
  1998        25-29            0.000123        0.001578        0.000841
  1998        30-34            0.000666        0.001403        0.001025
  1998        35-39            0.000949        0.001211        0.001077
  1998        40-44            0.001000        0.001407        0.001202
  1998        45-49            0.001973        0.001613        0.001793
  1998        50-54            0.003480        0.005177        0.004338
  1998        55-59            0.003574        0.008043        0.005839
  1998        60-64            0.006899        0.011652        0.009264
  1998        65-69            0.010516        0.020990        0.015638
  1998        70-74            0.020013        0.034294        0.026727
  1998        75-79            0.033881        0.058929        0.044411
  1998        80-84            0.057680        0.094608        0.071414
  1998        85-89            0.111440        0.155856        0.125451
  1998        90-94            0.188950        0.268780        0.209230
  1998        95-99            0.301714        0.372162        0.315954
  1998       100-104           0.620262        0.000000        0.545909
  1998       105-109                 .              .              .
  1998       110+                    .              .              .
  1999           0             0.006302        0.008563        0.007459
  1999         1-4             0.000643        0.000384        0.000511
  1999         5-9             0.000478        0.000227        0.000349
  1999        10-14            0.000294        0.000619        0.000460
  1999        15-19            0.000539        0.000985        0.000766
  1999        20-24            0.000561        0.001166        0.000867
  1999        25-29            0.000696        0.000920        0.000806
  1999        30-34            0.000553        0.001362        0.000947
  1999        35-39            0.001022        0.001628        0.001319
  1999        40-44            0.001046        0.001844        0.001443
  1999        45-49            0.002661        0.002918        0.002789
  1999        50-54            0.003219        0.003955        0.003589
  1999        55-59            0.003446        0.005922        0.004700
  1999        60-64            0.007259        0.011329        0.009290
  1999        65-69            0.013181        0.021603        0.017315
  1999        70-74            0.019488        0.032051        0.025461
  1999        75-79            0.035836        0.060966        0.046498
  1999        80-84            0.060021        0.102304        0.075701
  1999        85-89            0.110767        0.159458        0.126318
  1999        90-94            0.191173        0.224235        0.199529
  1999        95-99            0.311545        0.452612        0.339100
  1999       100-104           0.310291        0.963855        0.411717
  1999       105-109           0.000000              .        0.000000
  1999       110+                    .              .              .
  2000           0             0.005481        0.005400        0.005439
  2000         1-4             0.000162        0.000156        0.000159
  2000         5-9             0.000362        0.000115        0.000235
  2000        10-14            0.000237        0.000169        0.000202
  2000        15-19            0.000659        0.001100        0.000883
  2000        20-24            0.000569        0.001118        0.000846
  2000        25-29            0.000330        0.000826        0.000572
  2000        30-34            0.000737        0.001292        0.001007
  2000        35-39            0.001002        0.001570        0.001279
  2000        40-44            0.000761        0.002498        0.001621
  2000        45-49            0.001758        0.002724        0.002238
  2000        50-54            0.002791        0.003825        0.003310
  2000        55-59            0.004194        0.006335        0.005277
  2000        60-64            0.006632        0.010782        0.008706
  2000        65-69            0.011617        0.020782        0.016125
  2000        70-74            0.018986        0.035150        0.026725
  2000        75-79            0.034768        0.055925        0.043912
  2000        80-84            0.057177        0.095096        0.071186
  2000        85-89            0.111546        0.145267        0.122428
  2000        90-94            0.169050        0.220408        0.182217
  2000        95-99            0.251525        0.281854        0.257411
  2000       100-104           0.609872        0.652928        0.616202
  2000       105-109           4.242424              .        4.242424
  2000       110+                    .              .              .
  2001           0             0.006195        0.007109        0.006666
  2001         1-4             0.000000        0.000235        0.000120
  2001         5-9             0.000431        0.000233        0.000329
  2001        10-14            0.000000        0.000341        0.000175
  2001        15-19            0.000541        0.000987        0.000768
  2001        20-24            0.000142        0.000698        0.000422
  2001        25-29            0.000557        0.000795        0.000674
  2001        30-34            0.000736        0.002114        0.001409
  2001        35-39            0.000405        0.001280        0.000831
  2001        40-44            0.001348        0.001771        0.001556
  2001        45-49            0.001627        0.003245        0.002429
  2001        50-54            0.003434        0.003860        0.003647
  2001        55-59            0.004933        0.007420        0.006187
  2001        60-64            0.006744        0.010787        0.008774
  2001        65-69            0.011111        0.018274        0.014638
  2001        70-74            0.022084        0.031972        0.026817
  2001        75-79            0.035663        0.048261        0.041230
  2001        80-84            0.058307        0.105925        0.075887
  2001        85-89            0.112788        0.155734        0.126779
  2001        90-94            0.185443        0.236225        0.198612
  2001        95-99            0.319858        0.292626        0.314394
  2001       100-104           0.475513        0.821355        0.524509
  2001       105-109                 .              .              .
  2001       110+                    .              .              .
  2002           0             0.005319        0.007470        0.006417
  2002         1-4             0.000167        0.000627        0.000403
  2002         5-9             0.000000        0.000766        0.000394
  2002        10-14            0.000180        0.000571        0.000380
  2002        15-19            0.000359        0.000814        0.000590
  2002        20-24            0.000630        0.000950        0.000793
  2002        25-29            0.000506        0.001255        0.000877
  2002        30-34            0.000793        0.001214        0.000998
  2002        35-39            0.001246        0.001443        0.001342
  2002        40-44            0.001227        0.001762        0.001490
  2002        45-49            0.001890        0.002388        0.002137
  2002        50-54            0.002801        0.003975        0.003386
  2002        55-59            0.004518        0.007195        0.005865
  2002        60-64            0.007628        0.010566        0.009105
  2002        65-69            0.010964        0.018312        0.014590
  2002        70-74            0.018346        0.034742        0.026191
  2002        75-79            0.035254        0.058204        0.045512
  2002        80-84            0.060276        0.080506        0.067853
  2002        85-89            0.111703        0.166784        0.129552
  2002        90-94            0.184520        0.269633        0.206660
  2002        95-99            0.287179        0.588691        0.345109
  2002       100-104           0.385321        1.588142        0.487840
  2002       105-109           0.000000              .        0.000000
  2002       110+                    .              .              .
  2003           0             0.005748        0.008161        0.006987
  2003         1-4             0.000252        0.000079        0.000163
  2003         5-9             0.000440        0.000416        0.000428
  2003        10-14            0.000239        0.000113        0.000174
  2003        15-19            0.000180        0.000582        0.000384
  2003        20-24            0.000137        0.000996        0.000573
  2003        25-29            0.000512        0.001559        0.001032
  2003        30-34            0.000672        0.001804        0.001223
  2003        35-39            0.000659        0.001457        0.001047
  2003        40-44            0.000793        0.002422        0.001591
  2003        45-49            0.001741        0.002675        0.002205
  2003        50-54            0.002560        0.003191        0.002873
  2003        55-59            0.003998        0.006477        0.005238
  2003        60-64            0.006087        0.011920        0.009024
  2003        65-69            0.011651        0.016723        0.014164
  2003        70-74            0.019253        0.035871        0.027231
  2003        75-79            0.034298        0.050503        0.041592
  2003        80-84            0.056856        0.086894        0.068288
  2003        85-89            0.109222        0.160138        0.125515
  2003        90-94            0.170041        0.265303        0.194884
  2003        95-99            0.339557        0.375045        0.346006
  2003       100-104           0.599283        0.357356        0.581305
  2003       105-109           2.055556              .        2.055556
  2003       110+                    .              .              .
  2004           0             0.003196        0.003961        0.003592
  2004         1-4             0.000343        0.000322        0.000332
  2004         5-9             0.000000        0.000120        0.000061
  2004        10-14            0.000596        0.000394        0.000492
  2004        15-19            0.000363        0.000640        0.000504
  2004        20-24            0.000400        0.001310        0.000859
  2004        25-29            0.000587        0.000965        0.000775
  2004        30-34            0.000928        0.001705        0.001305
  2004        35-39            0.001203        0.000943        0.001076
  2004        40-44            0.000960        0.001833        0.001388
  2004        45-49            0.002311        0.002123        0.002218
  2004        50-54            0.002522        0.003814        0.003163
  2004        55-59            0.002888        0.006279        0.004575
  2004        60-64            0.005594        0.010419        0.008021
  2004        65-69            0.009225        0.015985        0.012575
  2004        70-74            0.016114        0.032588        0.024048
  2004        75-79            0.034960        0.054655        0.043903
  2004        80-84            0.052832        0.086957        0.065920
  2004        85-89            0.103541        0.141847        0.115781
  2004        90-94            0.182856        0.253465        0.201472
  2004        95-99            0.274007        0.467128        0.310059
  2004       100-104           0.637062        1.371115        0.709312
  2004       105-109           4.260000              .        4.260000
  2004       110+                    .              .              .
  2005           0             0.002371        0.004687        0.003575
  2005         1-4             0.000261        0.000245        0.000252
  2005         5-9             0.000449        0.000000        0.000219
  2005        10-14            0.000120        0.000283        0.000204
  2005        15-19            0.000245        0.000290        0.000268
  2005        20-24            0.000460        0.001620        0.001043
  2005        25-29            0.000146        0.000821        0.000480
  2005        30-34            0.000702        0.000944        0.000819
  2005        35-39            0.001134        0.001733        0.001428
  2005        40-44            0.000992        0.002050        0.001512
  2005        45-49            0.001949        0.002999        0.002467
  2005        50-54            0.002795        0.003897        0.003342
  2005        55-59            0.003609        0.006223        0.004910
  2005        60-64            0.007016        0.009773        0.008397
  2005        65-69            0.009841        0.017672        0.013710
  2005        70-74            0.016780        0.028016        0.022199
  2005        75-79            0.031199        0.045989        0.037948
  2005        80-84            0.053434        0.082922        0.064934
  2005        85-89            0.102080        0.127959        0.110450
  2005        90-94            0.187691        0.224896        0.197690
  2005        95-99            0.281443        0.340734        0.292922
  2005       100-104           0.478015        0.229973        0.450647
  2005       105-109           6.000000              .        6.000000
  2005       110+                    .              .              .
  2006           0             0.002838        0.004781        0.003836
  2006         1-4             0.000000        0.000727        0.000376
  2006         5-9             0.000129        0.000123        0.000126
  2006        10-14            0.000302        0.000114        0.000205
  2006        15-19            0.001154        0.001037        0.001094
  2006        20-24            0.000847        0.001275        0.001063
  2006        25-29            0.000719        0.000888        0.000802
  2006        30-34            0.001058        0.001385        0.001217
  2006        35-39            0.000758        0.001516        0.001130
  2006        40-44            0.001018        0.001409        0.001210
  2006        45-49            0.001486        0.003064        0.002263
  2006        50-54            0.002736        0.003949        0.003337
  2006        55-59            0.004349        0.006072        0.005208
  2006        60-64            0.005253        0.007911        0.006585
  2006        65-69            0.008250        0.018186        0.013177
  2006        70-74            0.015321        0.025268        0.020114
  2006        75-79            0.028022        0.048408        0.037348
  2006        80-84            0.054128        0.080181        0.064574
  2006        85-89            0.099936        0.141298        0.113585
  2006        90-94            0.194800        0.233001        0.205262
  2006        95-99            0.314255        0.267014        0.304493
  2006       100-104           0.585010        0.835189        0.619832
  2006       105-109           0.913043              .        0.913043
  2006       110+                    .              .              .
  2007           0             0.004324        0.004098        0.004208
  2007         1-4             0.000589        0.000392        0.000487
  2007         5-9             0.000457        0.000494        0.000476
  2007        10-14            0.000000        0.000172        0.000089
  2007        15-19            0.000363        0.001087        0.000735
  2007        20-24            0.000520        0.001382        0.000958
  2007        25-29            0.000564        0.001733        0.001142
  2007        30-34            0.000682        0.001277        0.000974
  2007        35-39            0.000519        0.002351        0.001415
  2007        40-44            0.000867        0.001444        0.001150
  2007        45-49            0.001789        0.002600        0.002189
  2007        50-54            0.002362        0.004416        0.003379
  2007        55-59            0.004459        0.006106        0.005281
  2007        60-64            0.006619        0.009669        0.008151
  2007        65-69            0.011478        0.014660        0.013073
  2007        70-74            0.016024        0.025502        0.020595
  2007        75-79            0.030773        0.045774        0.037669
  2007        80-84            0.059206        0.076128        0.066177
  2007        85-89            0.115117        0.122336        0.117575
  2007        90-94            0.192988        0.204791        0.196269
  2007        95-99            0.344215        0.306873        0.336084
  2007       100-104           0.676415        0.780171        0.692372
  2007       105-109           2.857143              .        2.857143
  2007       110+                    .              .              .
  2008           0             0.003418        0.004367        0.003908
  2008         1-4             0.000325        0.000076        0.000196
  2008         5-9             0.000264        0.000311        0.000288
  2008        10-14            0.000246        0.000288        0.000268
  2008        15-19            0.000363        0.000794        0.000586
  2008        20-24            0.000513        0.000741        0.000629
  2008        25-29            0.000554        0.001258        0.000904
  2008        30-34            0.000623        0.000858        0.000738
  2008        35-39            0.000636        0.001395        0.001006
  2008        40-44            0.000642        0.001333        0.000981
  2008        45-49            0.001414        0.002917        0.002154
  2008        50-54            0.002779        0.003937        0.003355
  2008        55-59            0.003265        0.005190        0.004225
  2008        60-64            0.006857        0.009222        0.008043
  2008        65-69            0.009480        0.014372        0.011946
  2008        70-74            0.016747        0.027469        0.021965
  2008        75-79            0.030635        0.040939        0.035390
  2008        80-84            0.062112        0.084408        0.071522
  2008        85-89            0.104421        0.142107        0.117504
  2008        90-94            0.191248        0.262714        0.211186
  2008        95-99            0.317209        0.422852        0.340262
  2008       100-104           0.493606        0.742942        0.533025
  2008       105-109           6.000000              .        6.000000
  2008       110+                    .              .              .
  2009           0             0.002535        0.004754        0.003682
  2009         1-4             0.000318        0.000598        0.000463
  2009         5-9             0.000401        0.000564        0.000485
  2009        10-14            0.000247        0.000000        0.000120
  2009        15-19            0.000364        0.000849        0.000615
  2009        20-24            0.000700        0.000849        0.000776
  2009        25-29            0.000941        0.001083        0.001012
  2009        30-34            0.000696        0.001288        0.000988
  2009        35-39            0.000878        0.001298        0.001082
  2009        40-44            0.001397        0.001870        0.001630
  2009        45-49            0.002219        0.003370        0.002787
  2009        50-54            0.002290        0.003359        0.002822
  2009        55-59            0.004272        0.005418        0.004844
  2009        60-64            0.005769        0.009786        0.007783
  2009        65-69            0.010524        0.014141        0.012346
  2009        70-74            0.016019        0.024961        0.020418
  2009        75-79            0.027630        0.045321        0.035823
  2009        80-84            0.049721        0.078064        0.061928
  2009        85-89            0.100714        0.134879        0.112649
  2009        90-94            0.191706        0.214579        0.198141
  2009        95-99            0.357808        0.386859        0.364225
  2009       100-104           0.478522        0.823045        0.530396
  2009       105-109           1.398496              .        1.398496
  2009       110+                    .              .              .
  2010           0             0.003658        0.004579        0.004138
  2010         1-4             0.000480        0.000374        0.000425
  2010         5-9             0.000201        0.000373        0.000290
  2010        10-14            0.000311        0.000644        0.000483
  2010        15-19            0.000855        0.000679        0.000764
  2010        20-24            0.000509        0.000720        0.000618
  2010        25-29            0.000660        0.000527        0.000594
  2010        30-34            0.000833        0.000998        0.000914
  2010        35-39            0.000482        0.001965        0.001204
  2010        40-44            0.000802        0.001596        0.001193
  2010        45-49            0.001465        0.003222        0.002333
  2010        50-54            0.002929        0.003626        0.003274
  2010        55-59            0.004153        0.005322        0.004737
  2010        60-64            0.004822        0.009207        0.007030
  2010        65-69            0.010200        0.014501        0.012366
  2010        70-74            0.016484        0.022368        0.019409
  2010        75-79            0.029996        0.042156        0.035645
  2010        80-84            0.054762        0.077882        0.064844
  2010        85-89            0.102011        0.136450        0.114301
  2010        90-94            0.199037        0.229802        0.207905
  2010        95-99            0.308301        0.322184        0.311500
  2010       100-104           0.563136        0.554426        0.561674
  2010       105-109           4.210526              .        4.210526
  2010       110+                    .              .              .
  2011           0             0.003997        0.005605        0.004828
  2011         1-4             0.000244        0.000226        0.000235
  2011         5-9             0.000067        0.000000        0.000032
  2011        10-14            0.000000        0.000474        0.000245
  2011        15-19            0.000494        0.000683        0.000592
  2011        20-24            0.000574        0.000845        0.000713
  2011        25-29            0.000529        0.001111        0.000822
  2011        30-34            0.000959        0.000922        0.000941
  2011        35-39            0.000694        0.001053        0.000870
  2011        40-44            0.001238        0.001628        0.001430
  2011        45-49            0.001564        0.002362        0.001957
  2011        50-54            0.001731        0.003002        0.002360
  2011        55-59            0.002889        0.006595        0.004731
  2011        60-64            0.005991        0.008768        0.007392
  2011        65-69            0.010315        0.013902        0.012123
  2011        70-74            0.014956        0.023695        0.019323
  2011        75-79            0.027138        0.040101        0.033181
  2011        80-84            0.055375        0.073595        0.063371
  2011        85-89            0.100674        0.126277        0.110133
  2011        90-94            0.181157        0.242651        0.199284
  2011        95-99            0.335622        0.424893        0.356193
  2011       100-104           0.451172        0.684708        0.492172
  2011       105-109           1.680000              .        1.680000
  2011       110+                    .              .              .
  2012           0             0.002977        0.004140        0.003570
  2012         1-4             0.000164        0.000381        0.000277
  2012         5-9             0.000132        0.000000        0.000064
  2012        10-14            0.000450        0.000242        0.000343
  2012        15-19            0.000249        0.000633        0.000449
  2012        20-24            0.000257        0.000424        0.000343
  2012        25-29            0.000132        0.000723        0.000429
  2012        30-34            0.000542        0.000910        0.000723
  2012        35-39            0.000593        0.001771        0.001173
  2012        40-44            0.001345        0.001927        0.001630
  2012        45-49            0.001936        0.002503        0.002213
  2012        50-54            0.002559        0.003655        0.003100
  2012        55-59            0.003797        0.005377        0.004578
  2012        60-64            0.005214        0.008776        0.007004
  2012        65-69            0.009713        0.014587        0.012168
  2012        70-74            0.015606        0.022525        0.019059
  2012        75-79            0.028643        0.041629        0.034747
  2012        80-84            0.060125        0.070598        0.064735
  2012        85-89            0.102198        0.140770        0.116874
  2012        90-94            0.201281        0.258346        0.218430
  2012        95-99            0.299109        0.368465        0.314995
  2012       100-104           0.411708        0.817811        0.473100
  2012       105-109           0.397590              .        0.397590
  2012       110+                    .              .              .
  2013           0             0.002710        0.004564        0.003655
  2013         1-4             0.000249        0.000386        0.000320
  2013         5-9             0.000195        0.000606        0.000408
  2013        10-14            0.000131        0.000248        0.000191
  2013        15-19            0.000314        0.000586        0.000455
  2013        20-24            0.000519        0.000606        0.000564
  2013        25-29            0.000793        0.000793        0.000793
  2013        30-34            0.000806        0.001041        0.000922
  2013        35-39            0.000542        0.001465        0.000996
  2013        40-44            0.001305        0.002501        0.001889
  2013        45-49            0.001383        0.002614        0.001982
  2013        50-54            0.002665        0.004321        0.003479
  2013        55-59            0.004038        0.006483        0.005248
  2013        60-64            0.005242        0.009283        0.007256
  2013        65-69            0.008619        0.013442        0.011038
  2013        70-74            0.016130        0.021890        0.019000
  2013        75-79            0.027722        0.040948        0.034001
  2013        80-84            0.052920        0.070825        0.060835
  2013        85-89            0.103893        0.128410        0.113469
  2013        90-94            0.173695        0.224969        0.189162
  2013        95-99            0.320774        0.397352        0.338729
  2013       100-104           0.596829        0.467800        0.576480
  2013       105-109           1.976471              .        1.976471
  2013       110+                    .              .              .
  2014           0             0.004179        0.006339        0.005282
  2014         1-4             0.000083        0.000472        0.000284
  2014         5-9             0.000447        0.000419        0.000433
  2014        10-14            0.000334        0.000188        0.000259
  2014        15-19            0.000633        0.000358        0.000492
  2014        20-24            0.000259        0.000724        0.000500
  2014        25-29            0.000330        0.000854        0.000592
  2014        30-34            0.000858        0.001446        0.001146
  2014        35-39            0.000959        0.001491        0.001220
  2014        40-44            0.000579        0.001839        0.001191
  2014        45-49            0.001787        0.002632        0.002197
  2014        50-54            0.003473        0.003443        0.003458
  2014        55-59            0.004622        0.006156        0.005381
  2014        60-64            0.005853        0.008118        0.006974
  2014        65-69            0.010113        0.013442        0.011775
  2014        70-74            0.013848        0.021729        0.017756
  2014        75-79            0.026817        0.040018        0.033120
  2014        80-84            0.055300        0.067936        0.060916
  2014        85-89            0.095018        0.136551        0.111613
  2014        90-94            0.178384        0.204222        0.186279
  2014        95-99            0.292021        0.373701        0.311311
  2014       100-104           0.457246        0.866417        0.526035
  2014       105-109           0.867110              .        0.867110
  2014       110+                    .              .              .
  2015           0             0.003172        0.003923        0.003562
  2015         1-4             0.000253        0.000321        0.000288
  2015         5-9             0.000191        0.000060        0.000123
  2015        10-14            0.000402        0.000126        0.000260
  2015        15-19            0.000321        0.001026        0.000684
  2015        20-24            0.000649        0.001089        0.000877
  2015        25-29            0.000393        0.000588        0.000491
  2015        30-34            0.000717        0.001085        0.000898
  2015        35-39            0.001296        0.001222        0.001260
  2015        40-44            0.000774        0.001521        0.001136
  2015        45-49            0.001650        0.002116        0.001876
  2015        50-54            0.002155        0.004562        0.003332
  2015        55-59            0.004360        0.005654        0.004996
  2015        60-64            0.006009        0.008478        0.007228
  2015        65-69            0.009136        0.013647        0.011386
  2015        70-74            0.014068        0.024039        0.018992
  2015        75-79            0.026309        0.038856        0.032296
  2015        80-84            0.054683        0.071066        0.061997
  2015        85-89            0.100003        0.133414        0.113505
  2015        90-94            0.183720        0.230569        0.198546
  2015        95-99            0.335368        0.311724        0.329710
  2015       100-104           0.588794        0.813376        0.624089
  2015       105-109           1.983713              .        1.983713
  2015       110+                    .              .              .
  2016           0             0.004881        0.004152        0.004501
  2016         1-4             0.000340        0.000325        0.000332
  2016         5-9             0.000191        0.000239        0.000216
  2016        10-14            0.000335        0.000000        0.000163
  2016        15-19            0.000258        0.000667        0.000469
  2016        20-24            0.000653        0.000668        0.000661
  2016        25-29            0.000195        0.000718        0.000456
  2016        30-34            0.000716        0.000873        0.000793
  2016        35-39            0.001080        0.001585        0.001324
  2016        40-44            0.000800        0.002152        0.001457
  2016        45-49            0.001573        0.003282        0.002402
  2016        50-54            0.003086        0.003885        0.003476
  2016        55-59            0.003623        0.006000        0.004788
  2016        60-64            0.006013        0.010093        0.008022
  2016        65-69            0.009548        0.013349        0.011440
  2016        70-74            0.014190        0.024245        0.019160
  2016        75-79            0.023004        0.038869        0.030562
  2016        80-84            0.054693        0.067441        0.060400
  2016        85-89            0.093748        0.122689        0.105491
  2016        90-94            0.178487        0.191190        0.182720
  2016        95-99            0.300665        0.325481        0.306940
  2016       100-104           0.468559        0.656994        0.498771
  2016       105-109           1.537079              .        1.537079
  2016       110+                    .              .              .
