RI: Rhode Island, Lifetables (period 5x1), Both sexes Last modified: 20 Dec 2020, MPv5 (May07) 

Year	Age	mx	qx	ax	lx	dx	Lx	Tx	ex
1959	0	0.02431	0.02380	0.12	100000	2380	97895	7048439	70.48
1959	1-4	0.00079	0.00315	1.61	97620	308	389743	6950544	71.20
1959	5-9	0.00041	0.00204	2.57	97312	198	486080	6560801	67.42
1959	10-14	0.00035	0.00174	2.42	97114	169	485135	6074722	62.55
1959	15-19	0.00064	0.00322	2.93	96945	312	484081	5589587	57.66
1959	20-24	0.00086	0.00430	2.73	96633	415	482224	5105506	52.83
1959	25-29	0.00083	0.00412	2.41	96218	397	480066	4623281	48.05
1959	30-34	0.00095	0.00472	2.77	95822	453	478101	4143216	43.24
1959	35-39	0.00197	0.00983	2.91	95369	938	474882	3665115	38.43
1959	40-44	0.00292	0.01450	2.71	94431	1369	469020	3190233	33.78
1959	45-49	0.00562	0.02773	2.75	93062	2581	459510	2721214	29.24
1959	50-54	0.00891	0.04362	2.64	90481	3947	443098	2261704	25.00
1959	55-59	0.01388	0.06710	2.55	86534	5806	418443	1818606	21.02
1959	60-64	0.02210	0.10493	2.61	80728	8471	383354	1400163	17.34
1959	65-69	0.03355	0.15531	2.61	72257	11222	334498	1016809	14.07
1959	70-74	0.04891	0.21845	2.56	61035	13333	272630	682311	11.18
1959	75-79	0.07940	0.33270	2.57	47702	15870	199888	409680	8.59
1959	80-84	0.11323	0.43836	2.43	31832	13954	123236	209792	6.59
1959	85-89	0.17369	0.59277	2.32	17878	10597	61014	86557	4.84
1959	90-94	0.26141	0.74640	2.13	7280	5434	20787	25543	3.51
1959	95-99	0.37412	0.86373	1.88	1846	1595	4263	4755	2.58
1959	100-104	0.50361	0.93382	1.63	252	235	467	493	1.96
1959	105-109	0.63439	0.96814	1.41	17	16	25	26	1.57
1959	110+	0.73460	1.00000	1.36	1	1	1	1	1.36
1960	0	0.02345	0.02297	0.11	100000	2297	97963	7057553	70.58
1960	1-4	0.00107	0.00429	1.85	97703	419	389908	6959590	71.23
1960	5-9	0.00032	0.00160	2.49	97284	156	486028	6569682	67.53
1960	10-14	0.00032	0.00160	3.01	97128	156	485329	6083654	62.64
1960	15-19	0.00051	0.00255	2.53	96972	247	484252	5598325	57.73
1960	20-24	0.00057	0.00284	2.55	96725	275	482954	5114073	52.87
1960	25-29	0.00109	0.00546	2.86	96451	526	481130	4631118	48.02
1960	30-34	0.00095	0.00475	2.34	95925	455	478409	4149988	43.26
1960	35-39	0.00177	0.00883	2.83	95469	843	475518	3671579	38.46
1960	40-44	0.00267	0.01325	2.7	94626	1253	470254	3196062	33.78
1960	45-49	0.00535	0.02640	2.63	93373	2465	461015	2725808	29.19
1960	50-54	0.00897	0.04390	2.6	90908	3991	444959	2264793	24.91
1960	55-59	0.01392	0.06734	2.61	86917	5853	420576	1819834	20.94
1960	60-64	0.02188	0.10429	2.76	81064	8454	386354	1399258	17.26
1960	65-69	0.03373	0.15588	2.57	72610	11318	335585	1012904	13.95
1960	70-74	0.05095	0.22679	2.58	61292	13900	272810	677319	11.05
1960	75-79	0.07965	0.33334	2.56	47392	15798	198338	404509	8.54
1960	80-84	0.11675	0.44906	2.43	31594	14188	121525	206171	6.53
1960	85-89	0.17488	0.59431	2.31	17406	10345	59154	84646	4.86
1960	90-94	0.25420	0.73479	2.13	7062	5189	20412	25492	3.61
1960	95-99	0.35404	0.84620	1.92	1873	1585	4476	5080	2.71
1960	100-104	0.46901	0.91858	1.69	288	265	564	604	2.10
1960	105-109	0.58859	0.95818	1.48	23	22	38	40	1.69
1960	110+	0.68356	1.00000	1.46	1	1	1	1	1.46
1961	0	0.02289	0.02243	0.11	100000	2243	98007	7109946	71.10
1961	1-4	0.00066	0.00265	1.68	97757	259	390425	7011939	71.73
1961	5-9	0.00044	0.00222	2.68	97498	217	486984	6621514	67.91
1961	10-14	0.00038	0.00191	2.59	97281	186	485958	6134530	63.06
1961	15-19	0.00047	0.00235	2.95	97095	229	485007	5648572	58.18
1961	20-24	0.00055	0.00274	2.65	96867	266	483710	5163565	53.31
1961	25-29	0.00077	0.00383	2.69	96601	370	482152	4679855	48.45
1961	30-34	0.00106	0.00529	2.4	96231	509	479832	4197702	43.62
1961	35-39	0.00177	0.00879	2.81	95722	842	476765	3717870	38.84
1961	40-44	0.00264	0.01313	2.91	94880	1246	471801	3241105	34.16
1961	45-49	0.00489	0.02417	2.66	93634	2263	462876	2769304	29.58
1961	50-54	0.00892	0.04374	2.76	91371	3997	447904	2306428	25.24
1961	55-59	0.01423	0.06889	2.7	87374	6019	423057	1858524	21.27
1961	60-64	0.02014	0.09633	2.74	81355	7837	389069	1435467	17.64
1961	65-69	0.03187	0.14774	2.54	73518	10862	340819	1046397	14.23
1961	70-74	0.04955	0.22033	2.49	62657	13805	278607	705578	11.26
1961	75-79	0.07497	0.31637	2.53	48852	15455	206160	426971	8.74
1961	80-84	0.11257	0.43753	2.46	33396	14612	129805	220811	6.61
1961	85-89	0.17416	0.59352	2.32	18784	11149	64015	91007	4.84
1961	90-94	0.25954	0.74335	2.13	7635	5676	21869	26992	3.54
1961	95-99	0.36822	0.85872	1.89	1960	1683	4570	5123	2.61
1961	100-104	0.49292	0.92938	1.65	277	257	522	553	2.00
1961	105-109	0.61989	0.96525	1.43	20	19	30	31	1.61
1961	110+	0.71830	1.00000	1.39	1	1	1	1	1.39
1962	0	0.02601	0.02543	0.12	100000	2543	97763	7087581	70.88
1962	1-4	0.00065	0.00260	1.64	97457	254	389231	6989818	71.72
1962	5-9	0.00048	0.00239	2.22	97203	232	485371	6600587	67.90
1962	10-14	0.00035	0.00174	2.51	96971	168	484438	6115216	63.06
1962	15-19	0.00045	0.00226	2.99	96803	219	483575	5630779	58.17
1962	20-24	0.00062	0.00311	2.86	96584	301	482278	5147204	53.29
1962	25-29	0.00072	0.00359	2.39	96283	346	480514	4664926	48.45
1962	30-34	0.00088	0.00438	2.46	95937	420	478618	4184412	43.62
1962	35-39	0.00197	0.00980	2.67	95517	936	475406	3705794	38.80
1962	40-44	0.00294	0.01460	2.75	94581	1381	469799	3230388	34.15
1962	45-49	0.00480	0.02372	2.66	93200	2210	460837	2760589	29.62
1962	50-54	0.00838	0.04108	2.58	90990	3738	445905	2299752	25.27
1962	55-59	0.01300	0.06314	2.72	87252	5509	423682	1853847	21.25
1962	60-64	0.02062	0.09840	2.69	81744	8044	390127	1430165	17.50
1962	65-69	0.03309	0.15304	2.55	73700	11279	340822	1040038	14.11
1962	70-74	0.05071	0.22517	2.51	62421	14055	277167	699216	11.20
1962	75-79	0.07295	0.30872	2.51	48366	14931	204671	422048	8.73
1962	80-84	0.11410	0.44302	2.48	33434	14812	129812	217377	6.50
1962	85-89	0.18072	0.60771	2.31	18622	11317	62621	87565	4.70
1962	90-94	0.27024	0.75822	2.11	7305	5539	20496	24944	3.41
1962	95-99	0.38371	0.87063	1.86	1766	1538	4008	4448	2.52
1962	100-104	0.51208	0.93670	1.61	228	214	418	440	1.93
1962	105-109	0.63972	0.96893	1.4	14	14	22	23	1.56
1962	110+	0.73646	1.00000	1.36	0	0	1	1	1.36
1963	0	0.02435	0.02384	0.12	100000	2384	97892	7052977	70.53
1963	1-4	0.00098	0.00390	1.48	97616	381	389504	6955085	71.25
1963	5-9	0.00049	0.00246	2.33	97235	239	485536	6565581	67.52
1963	10-14	0.00027	0.00135	2.53	96996	131	484656	6080045	62.68
1963	15-19	0.00069	0.00345	2.78	96865	334	483585	5595389	57.76
1963	20-24	0.00073	0.00364	2.47	96531	351	481767	5111804	52.96
1963	25-29	0.00097	0.00486	2.32	96180	467	479647	4630038	48.14
1963	30-34	0.00084	0.00421	2.74	95713	403	477655	4150391	43.36
1963	35-39	0.00166	0.00828	2.8	95310	790	474816	3672736	38.53
1963	40-44	0.00287	0.01426	2.61	94521	1348	469385	3197920	33.83
1963	45-49	0.00528	0.02609	2.65	93173	2431	460152	2728535	29.28
1963	50-54	0.00864	0.04236	2.76	90742	3844	445097	2268383	25.00
1963	55-59	0.01407	0.06818	2.76	86897	5924	421190	1823286	20.98
1963	60-64	0.02081	0.09905	2.59	80973	8021	385517	1402096	17.32
1963	65-69	0.03396	0.15680	2.56	72952	11439	336855	1016580	13.93
1963	70-74	0.05189	0.23048	2.58	61514	14178	273240	679725	11.05
1963	75-79	0.07745	0.32409	2.48	47336	15341	198068	406484	8.59
1963	80-84	0.11346	0.44076	2.47	31995	14102	124290	208417	6.51
1963	85-89	0.18010	0.60684	2.31	17893	10858	60287	84126	4.70
1963	90-94	0.27238	0.76139	2.1	7035	5356	19665	23839	3.39
1963	95-99	0.38891	0.87459	1.85	1679	1468	3775	4174	2.49
1963	100-104	0.52019	0.93970	1.6	211	198	380	400	1.90
1963	105-109	0.65013	0.97082	1.39	13	12	19	19	1.53
1963	110+	0.74830	1.00000	1.34	0	0	0	0	1.34
1964	0	0.02532	0.02477	0.12	100000	2477	97816	7087607	70.88
1964	1-4	0.00069	0.00275	1.6	97523	269	389446	6989790	71.67
1964	5-9	0.00029	0.00147	2.36	97254	143	485894	6600345	67.87
1964	10-14	0.00035	0.00175	2.52	97111	170	485135	6114450	62.96
1964	15-19	0.00075	0.00373	2.95	96941	362	483964	5629316	58.07
1964	20-24	0.00077	0.00382	2.31	96579	369	481903	5145352	53.28
1964	25-29	0.00079	0.00395	2.69	96210	380	480175	4663449	48.47
1964	30-34	0.00148	0.00736	2.6	95831	705	477458	4183274	43.65
1964	35-39	0.00170	0.00847	2.87	95125	806	473912	3705817	38.96
1964	40-44	0.00282	0.01401	2.64	94320	1322	468481	3231904	34.27
1964	45-49	0.00482	0.02383	2.77	92998	2216	460049	2763423	29.71
1964	50-54	0.00862	0.04222	2.58	90782	3832	444652	2303374	25.37
1964	55-59	0.01262	0.06121	2.54	86950	5323	421676	1858722	21.38
1964	60-64	0.02157	0.10249	2.58	81627	8366	387865	1437046	17.61
1964	65-69	0.03125	0.14511	2.55	73261	10631	340238	1049182	14.32
1964	70-74	0.05030	0.22416	2.58	62630	14039	279127	708944	11.32
1964	75-79	0.07130	0.30206	2.47	48591	14678	205861	429816	8.85
1964	80-84	0.11592	0.44682	2.44	33913	15153	130726	223955	6.60
1964	85-89	0.17204	0.58722	2.3	18760	11016	64035	93229	4.97
1964	90-94	0.24283	0.71677	2.14	7744	5550	22858	29195	3.77
1964	95-99	0.33081	0.82399	1.95	2193	1807	5463	6337	2.89
1964	100-104	0.43252	0.89922	1.75	386	347	803	874	2.26
1964	105-109	0.54081	0.94467	1.56	39	37	68	71	1.83
1964	110+	0.62873	1.00000	1.59	2	2	3	3	1.59
1965	0	0.02256	0.02212	0.11	100000	2212	98035	7084256	70.84
1965	1-4	0.00068	0.00272	1.62	97788	266	390518	6986221	71.44
1965	5-9	0.00035	0.00174	2.33	97522	170	487154	6595703	67.63
1965	10-14	0.00029	0.00144	3.22	97352	140	486510	6108549	62.75
1965	15-19	0.00055	0.00274	2.98	97212	266	485520	5622039	57.83
1965	20-24	0.00087	0.00435	2.31	96945	422	483592	5136519	52.98
1965	25-29	0.00077	0.00385	2.67	96524	372	481753	4652927	48.21
1965	30-34	0.00125	0.00622	2.44	96152	598	479229	4171174	43.38
1965	35-39	0.00186	0.00924	2.53	95554	883	475589	3691945	38.64
1965	40-44	0.00283	0.01409	2.84	94671	1334	470471	3216356	33.97
1965	45-49	0.00489	0.02418	2.81	93337	2257	461753	2745884	29.42
1965	50-54	0.00879	0.04314	2.82	91080	3929	446829	2284132	25.08
1965	55-59	0.01354	0.06566	2.71	87152	5723	422632	1837302	21.08
1965	60-64	0.02160	0.10273	2.63	81429	8365	387351	1414670	17.37
1965	65-69	0.03259	0.15111	2.6	73063	11041	338790	1027319	14.06
1965	70-74	0.05055	0.22506	2.56	62023	13959	276116	688529	11.10
1965	75-79	0.07341	0.31062	2.53	48064	14930	203383	412413	8.58
1965	80-84	0.11887	0.45646	2.46	33134	15124	127233	209030	6.31
1965	85-89	0.18885	0.62462	2.29	18010	11249	59567	81797	4.54
1965	90-94	0.28251	0.77409	2.08	6760	5233	18523	22229	3.29
1965	95-99	0.39967	0.88175	1.83	1527	1347	3369	3706	2.43
1965	100-104	0.53051	0.94303	1.58	181	170	321	337	1.86
1965	105-109	0.65897	0.97221	1.37	10	10	15	16	1.51
1965	110+	0.75557	1.00000	1.32	0	0	0	0	1.32
1966	0	0.02178	0.02136	0.11	100000	2136	98096	7118447	71.18
1966	1-4	0.00056	0.00225	1.67	97864	220	390942	7020351	71.74
1966	5-9	0.00039	0.00196	2.56	97644	192	487750	6629409	67.89
1966	10-14	0.00019	0.00095	2.53	97452	93	487031	6141659	63.02
1966	15-19	0.00056	0.00282	2.48	97359	274	486105	5654628	58.08
1966	20-24	0.00078	0.00391	2.97	97085	379	484658	5168523	53.24
1966	25-29	0.00087	0.00432	2.7	96706	418	482568	4683865	48.43
1966	30-34	0.00100	0.00500	2.76	96288	482	480362	4201297	43.63
1966	35-39	0.00195	0.00969	2.76	95807	928	476951	3720934	38.84
1966	40-44	0.00295	0.01466	2.62	94878	1391	471075	3243984	34.19
1966	45-49	0.00502	0.02482	2.65	93487	2321	461984	2772909	29.66
1966	50-54	0.00840	0.04118	2.71	91167	3755	447222	2310925	25.35
1966	55-59	0.01343	0.06514	2.71	87412	5694	424031	1863703	21.32
1966	60-64	0.02177	0.10341	2.58	81718	8451	388098	1439672	17.62
1966	65-69	0.03228	0.14992	2.63	73267	10984	340252	1051574	14.35
1966	70-74	0.04904	0.21930	2.59	62283	13659	278534	711322	11.42
1966	75-79	0.07145	0.30329	2.51	48625	14747	206401	432788	8.90
1966	80-84	0.11248	0.43612	2.43	33877	14775	131349	226387	6.68
1966	85-89	0.17006	0.58377	2.32	19103	11152	65576	95039	4.98
1966	90-94	0.24685	0.72374	2.14	7951	5755	23312	29463	3.71
1966	95-99	0.34212	0.83526	1.94	2197	1835	5363	6150	2.80
1966	100-104	0.45082	0.90937	1.72	362	329	730	788	2.18
1966	105-109	0.56415	0.95166	1.52	33	31	55	58	1.76
1966	110+	0.65481	1.00000	1.53	2	2	2	2	1.53
1967	0	0.01950	0.01917	0.1	100000	1917	98282	7153422	71.53
1967	1-4	0.00067	0.00267	1.58	98083	262	391701	7055140	71.93
1967	5-9	0.00031	0.00152	1.86	97821	149	488639	6663439	68.12
1967	10-14	0.00031	0.00153	2.78	97672	150	488029	6174800	63.22
1967	15-19	0.00069	0.00343	2.81	97522	334	486879	5686771	58.31
1967	20-24	0.00090	0.00450	2.63	97188	438	484901	5199892	53.50
1967	25-29	0.00098	0.00491	2.55	96750	475	482590	4714991	48.73
1967	30-34	0.00082	0.00407	2.4	96275	392	480358	4232401	43.96
1967	35-39	0.00179	0.00890	2.58	95884	853	477358	3752043	39.13
1967	40-44	0.00312	0.01549	2.73	95031	1472	471804	3274685	34.46
1967	45-49	0.00456	0.02257	2.68	93558	2112	462887	2802882	29.96
1967	50-54	0.00802	0.03934	2.64	91447	3598	448750	2339995	25.59
1967	55-59	0.01343	0.06504	2.61	87849	5714	425611	1891245	21.53
1967	60-64	0.01975	0.09449	2.73	82135	7761	393031	1465633	17.84
1967	65-69	0.03181	0.14809	2.67	74374	11014	346207	1072603	14.42
1967	70-74	0.04634	0.20809	2.55	63360	13184	284514	726395	11.46
1967	75-79	0.07391	0.31281	2.55	50176	15696	212351	441881	8.81
1967	80-84	0.11087	0.43137	2.43	34480	14874	134154	229531	6.66
1967	85-89	0.17210	0.58961	2.33	19606	11560	67170	95376	4.86
1967	90-94	0.26142	0.74669	2.13	8046	6008	22982	28206	3.51
1967	95-99	0.37604	0.86538	1.88	2038	1764	4690	5224	2.56
1967	100-104	0.50741	0.93533	1.63	274	257	506	533	1.94
1967	105-109	0.63959	0.96912	1.4	18	17	27	28	1.56
1967	110+	0.74048	1.00000	1.35	1	1	1	1	1.35
1968	0	0.02145	0.02104	0.11	100000	2104	98122	7106912	71.07
1968	1-4	0.00059	0.00238	2.07	97896	233	391134	7008790	71.59
1968	5-9	0.00031	0.00154	2.07	97663	151	487874	6617655	67.76
1968	10-14	0.00031	0.00157	3.08	97512	153	487268	6129781	62.86
1968	15-19	0.00062	0.00309	2.76	97359	301	486123	5642514	57.96
1968	20-24	0.00092	0.00461	2.16	97059	448	484023	5156390	53.13
1968	25-29	0.00106	0.00531	2.38	96611	513	481714	4672367	48.36
1968	30-34	0.00133	0.00663	2.52	96098	637	478914	4190653	43.61
1968	35-39	0.00191	0.00950	2.77	95461	907	475285	3711738	38.88
1968	40-44	0.00303	0.01506	2.75	94555	1424	469575	3236453	34.23
1968	45-49	0.00525	0.02595	2.7	93131	2416	460083	2766878	29.71
1968	50-54	0.00908	0.04447	2.65	90714	4034	444105	2306795	25.43
1968	55-59	0.01263	0.06133	2.64	86680	5316	420877	1862690	21.49
1968	60-64	0.02100	0.10011	2.68	81364	8145	387900	1441812	17.72
1968	65-69	0.03005	0.14019	2.61	73219	10264	341544	1053913	14.39
1968	70-74	0.04834	0.21620	2.56	62954	13610	281535	712369	11.32
1968	75-79	0.07458	0.31401	2.49	49344	15494	207767	430834	8.73
1968	80-84	0.11308	0.43848	2.44	33850	14842	131259	223067	6.59
1968	85-89	0.17404	0.59365	2.32	19007	11284	64835	91809	4.83
1968	90-94	0.26276	0.74837	2.12	7724	5780	21997	26973	3.49
1968	95-99	0.37655	0.86565	1.88	1943	1682	4468	4976	2.56
1968	100-104	0.50707	0.93516	1.63	261	244	482	508	1.95
1968	105-109	0.63864	0.96894	1.41	17	16	26	26	1.56
1968	110+	0.73929	1.00000	1.35	1	1	1	1	1.35
1969	0	0.02036	0.01999	0.1	100000	1999	98210	7174105	71.74
1969	1-4	0.00075	0.00298	2.13	98001	292	391458	7075895	72.20
1969	5-9	0.00046	0.00231	2.55	97709	225	487992	6684437	68.41
1969	10-14	0.00032	0.00160	2.88	97483	156	487084	6196446	63.56
1969	15-19	0.00067	0.00333	2.61	97327	324	485861	5709362	58.66
1969	20-24	0.00079	0.00393	2.44	97002	381	484035	5223501	53.85
1969	25-29	0.00093	0.00463	2.37	96621	447	481931	4739466	49.05
1969	30-34	0.00129	0.00645	2.31	96174	620	479202	4257535	44.27
1969	35-39	0.00201	0.01002	2.88	95554	957	475742	3778333	39.54
1969	40-44	0.00259	0.01286	2.72	94596	1217	470202	3302592	34.91
1969	45-49	0.00504	0.02492	2.62	93379	2327	461356	2832390	30.33
1969	50-54	0.00757	0.03719	2.67	91053	3386	447373	2371034	26.04
1969	55-59	0.01339	0.06493	2.65	87666	5692	424963	1923662	21.94
1969	60-64	0.01946	0.09301	2.64	81975	7624	391873	1498698	18.28
1969	65-69	0.03020	0.14094	2.63	74350	10479	346957	1106825	14.89
1969	70-74	0.04431	0.20026	2.6	63872	12791	288651	759868	11.90
1969	75-79	0.07018	0.29878	2.51	51081	15262	217476	471217	9.22
1969	80-84	0.09972	0.39869	2.49	35819	14281	143203	253741	7.08
1969	85-89	0.15966	0.56156	2.36	21538	12095	75755	110538	5.13
1969	90-94	0.24565	0.72426	2.17	9443	6839	27842	34784	3.68
1969	95-99	0.35950	0.85287	1.92	2604	2221	6177	6942	2.67
1969	100-104	0.49334	0.93036	1.65	383	356	722	765	2.00
1969	105-109	0.63012	0.96760	1.42	27	26	41	42	1.58
1969	110+	0.73497	1.00000	1.36	1	1	1	1	1.36
1970	0	0.02034	0.01997	0.1	100000	1997	98212	7173296	71.73
1970	1-4	0.00061	0.00243	1.85	98003	238	391499	7075084	72.19
1970	5-9	0.00033	0.00165	1.9	97764	161	488323	6683585	68.36
1970	10-14	0.00023	0.00113	2.82	97603	110	487777	6195261	63.47
1970	15-19	0.00063	0.00315	3.06	97493	307	486873	5707484	58.54
1970	20-24	0.00069	0.00345	2.63	97187	335	485137	5220611	53.72
1970	25-29	0.00096	0.00481	2.58	96851	465	483131	4735474	48.89
1970	30-34	0.00123	0.00613	2.46	96386	591	480429	4252343	44.12
1970	35-39	0.00205	0.01022	2.65	95795	979	476672	3771914	39.37
1970	40-44	0.00342	0.01698	2.73	94816	1610	470424	3295242	34.75
1970	45-49	0.00494	0.02440	2.6	93207	2275	460572	2824818	30.31
1970	50-54	0.00834	0.04088	2.63	90932	3718	445843	2364246	26.00
1970	55-59	0.01293	0.06278	2.7	87214	5476	423469	1918403	22.00
1970	60-64	0.01929	0.09232	2.69	81739	7546	391250	1494934	18.29
1970	65-69	0.03050	0.14207	2.6	74192	10541	345614	1103684	14.88
1970	70-74	0.04377	0.19776	2.57	63651	12588	287616	758071	11.91
1970	75-79	0.07087	0.30125	2.51	51063	15383	217056	470455	9.21
1970	80-84	0.10012	0.40031	2.5	35680	14283	142658	253398	7.10
1970	85-89	0.15895	0.55942	2.35	21397	11970	75308	110741	5.18
1970	90-94	0.24043	0.71560	2.17	9427	6746	28058	35433	3.76
1970	95-99	0.34748	0.84197	1.94	2681	2257	6497	7375	2.75
1970	100-104	0.47400	0.92189	1.69	424	391	824	878	2.07
1970	105-109	0.60591	0.96264	1.46	33	32	53	54	1.64
1970	110+	0.70931	1.00000	1.41	1	1	2	2	1.41
1971	0	0.01927	0.01894	0.1	100000	1894	98303	7231204	72.31
1971	1-4	0.00043	0.00172	2	98106	169	392085	7132901	72.71
1971	5-9	0.00038	0.00192	2.2	97937	188	489160	6740815	68.83
1971	10-14	0.00037	0.00183	2.69	97749	179	488335	6251655	63.96
1971	15-19	0.00083	0.00417	2.9	97571	406	487000	5763321	59.07
1971	20-24	0.00090	0.00447	2.3	97164	434	484648	5276321	54.30
1971	25-29	0.00090	0.00450	2.67	96730	436	482638	4791673	49.54
1971	30-34	0.00095	0.00476	2.82	96295	458	480476	4309035	44.75
1971	35-39	0.00194	0.00966	2.74	95837	925	477095	3828559	39.95
1971	40-44	0.00282	0.01402	2.59	94911	1330	471351	3351464	35.31
1971	45-49	0.00484	0.02390	2.62	93581	2237	462585	2880113	30.78
1971	50-54	0.00714	0.03512	2.61	91344	3208	449056	2417528	26.47
1971	55-59	0.01177	0.05729	2.68	88136	5049	428966	1968472	22.33
1971	60-64	0.01941	0.09280	2.63	83087	7711	397150	1539506	18.53
1971	65-69	0.02726	0.12794	2.6	75376	9644	353764	1142356	15.16
1971	70-74	0.04317	0.19533	2.57	65733	12840	297452	788592	12.00
1971	75-79	0.06715	0.28777	2.52	52893	15221	226685	491140	9.29
1971	80-84	0.10579	0.41779	2.49	37672	15739	148779	264455	7.02
1971	85-89	0.15816	0.55624	2.33	21933	12200	77139	115676	5.27
1971	90-94	0.22793	0.69382	2.18	9733	6753	29628	38537	3.96
1971	95-99	0.31757	0.81159	1.99	2980	2419	7616	8909	2.99
1971	100-104	0.42405	0.89511	1.77	561	503	1185	1293	2.30
1971	105-109	0.53934	0.94470	1.56	59	56	103	108	1.84
1971	110+	0.63344	1.00000	1.58	3	3	5	5	1.58
1972	0	0.01835	0.01805	0.1	100000	1805	98374	7216213	72.16
1972	1-4	0.00077	0.00307	1.63	98195	301	392067	7117840	72.49
1972	5-9	0.00029	0.00146	2.59	97894	143	489125	6725773	68.70
1972	10-14	0.00024	0.00121	2.31	97751	118	488437	6236647	63.80
1972	15-19	0.00103	0.00514	2.63	97633	502	486976	5748210	58.88
1972	20-24	0.00065	0.00323	2.46	97131	313	484862	5261234	54.17
1972	25-29	0.00095	0.00475	2.53	96818	460	482952	4776373	49.33
1972	30-34	0.00126	0.00630	2.69	96358	607	480385	4293420	44.56
1972	35-39	0.00182	0.00905	2.84	95750	867	476877	3813035	39.82
1972	40-44	0.00325	0.01614	2.65	94884	1531	470824	3336158	35.16
1972	45-49	0.00454	0.02244	2.65	93353	2095	461843	2865334	30.69
1972	50-54	0.00806	0.03953	2.59	91257	3608	447589	2403491	26.34
1972	55-59	0.01267	0.06149	2.58	87650	5389	425223	1955902	22.31
1972	60-64	0.01810	0.08663	2.52	82260	7126	393657	1530679	18.61
1972	65-69	0.02884	0.13471	2.56	75134	10122	351015	1137022	15.13
1972	70-74	0.04448	0.20053	2.55	65012	13037	293089	786007	12.09
1972	75-79	0.06608	0.28538	2.61	51976	14833	224468	492918	9.48
1972	80-84	0.10022	0.39994	2.48	37143	14855	148220	268450	7.23
1972	85-89	0.15225	0.54271	2.36	22288	12096	79445	120230	5.39
1972	90-94	0.22409	0.68808	2.2	10192	7013	31295	40785	4.00
1972	95-99	0.31758	0.81225	1.99	3179	2582	8131	9490	2.99
1972	100-104	0.42924	0.89858	1.77	597	536	1250	1359	2.28
1972	105-109	0.54977	0.94814	1.55	61	57	104	109	1.80
1972	110+	0.64765	1.00000	1.54	3	3	5	5	1.54
1973	0	0.01655	0.01631	0.1	100000	1631	98525	7242545	72.43
1973	1-4	0.00065	0.00259	1.46	98369	255	392832	7144020	72.62
1973	5-9	0.00033	0.00164	2.53	98115	161	490176	6751189	68.81
1973	10-14	0.00023	0.00117	2.46	97954	115	489476	6261013	63.92
1973	15-19	0.00083	0.00416	2.68	97839	407	488249	5771537	58.99
1973	20-24	0.00094	0.00467	2.45	97432	455	486000	5283288	54.23
1973	25-29	0.00110	0.00548	2.45	96977	532	483525	4797288	49.47
1973	30-34	0.00124	0.00617	2.87	96445	596	480957	4313763	44.73
1973	35-39	0.00196	0.00976	2.69	95849	936	477088	3832806	39.99
1973	40-44	0.00322	0.01596	2.62	94914	1515	470961	3355719	35.36
1973	45-49	0.00487	0.02406	2.7	93399	2247	461817	2884758	30.89
1973	50-54	0.00725	0.03564	2.64	91152	3249	448077	2422941	26.58
1973	55-59	0.01211	0.05894	2.72	87903	5181	427677	1974863	22.47
1973	60-64	0.01914	0.09151	2.6	82722	7569	395427	1547187	18.70
1973	65-69	0.02804	0.13108	2.53	75153	9851	351383	1151760	15.33
1973	70-74	0.04135	0.18800	2.59	65301	12277	296898	800377	12.26
1973	75-79	0.06605	0.28277	2.46	53024	14994	226993	503479	9.50
1973	80-84	0.09837	0.39373	2.47	38031	14974	152227	276486	7.27
1973	85-89	0.15066	0.53942	2.37	23057	12437	82554	124259	5.39
1973	90-94	0.22776	0.69529	2.2	10619	7384	32418	41705	3.93
1973	95-99	0.33113	0.82700	1.97	3236	2676	8082	9287	2.87
1973	100-104	0.45530	0.91321	1.72	560	511	1123	1205	2.15
1973	105-109	0.58622	0.95817	1.49	49	47	79	82	1.70
1973	110+	0.68916	1.00000	1.45	2	2	3	3	1.45
1974	0	0.01522	0.01501	0.09	100000	1501	98634	7319521	73.20
1974	1-4	0.00070	0.00278	1.44	98499	274	393295	7220886	73.31
1974	5-9	0.00031	0.00157	2.64	98225	155	490761	6827591	69.51
1974	10-14	0.00032	0.00159	2.48	98071	156	489960	6336830	64.62
1974	15-19	0.00059	0.00296	2.92	97915	290	488972	5846870	59.71
1974	20-24	0.00095	0.00472	2.31	97625	461	486885	5357898	54.88
1974	25-29	0.00077	0.00383	2.61	97164	372	484932	4871013	50.13
1974	30-34	0.00141	0.00703	2.68	96792	680	482383	4386081	45.31
1974	35-39	0.00186	0.00927	2.56	96112	891	478389	3903698	40.62
1974	40-44	0.00236	0.01171	2.7	95221	1115	473541	3425309	35.97
1974	45-49	0.00493	0.02441	2.82	94106	2297	465529	2951767	31.37
1974	50-54	0.00797	0.03913	2.67	91809	3592	450678	2486238	27.08
1974	55-59	0.01133	0.05521	2.71	88217	4871	429945	2035560	23.07
1974	60-64	0.01793	0.08602	2.65	83346	7169	399909	1605615	19.26
1974	65-69	0.02618	0.12336	2.66	76177	9397	358899	1205706	15.83
1974	70-74	0.04025	0.18375	2.64	66780	12271	304886	846808	12.68
1974	75-79	0.05925	0.25884	2.56	54509	14109	238127	541922	9.94
1974	80-84	0.09201	0.37538	2.55	40400	15165	164831	303795	7.52
1974	85-89	0.14526	0.52660	2.39	25234	13288	91477	138963	5.51
1974	90-94	0.22382	0.68917	2.21	11946	8233	36783	47486	3.98
1974	95-99	0.32918	0.82550	1.98	3713	3065	9312	10703	2.88
1974	100-104	0.45626	0.91401	1.72	648	592	1298	1392	2.15
1974	105-109	0.59128	0.95961	1.48	56	53	90	94	1.68
1974	110+	0.69832	1.00000	1.43	2	2	3	3	1.43
1975	0	0.01415	0.01397	0.09	100000	1397	98725	7389161	73.89
1975	1-4	0.00028	0.00111	1.5	98603	110	394139	7290435	73.94
1975	5-9	0.00022	0.00109	1.85	98494	108	492128	6896296	70.02
1975	10-14	0.00023	0.00114	3.16	98386	112	491722	6404168	65.09
1975	15-19	0.00086	0.00431	2.63	98273	423	490364	5912446	60.16
1975	20-24	0.00083	0.00414	2.62	97850	405	488289	5422081	55.41
1975	25-29	0.00114	0.00566	2.47	97445	552	485830	4933792	50.63
1975	30-34	0.00119	0.00593	2.7	96894	575	483144	4447962	45.91
1975	35-39	0.00120	0.00597	2.77	96319	575	480314	3964817	41.16
1975	40-44	0.00239	0.01191	2.98	95744	1140	476418	3484504	36.39
1975	45-49	0.00456	0.02259	2.71	94604	2137	468126	3008086	31.80
1975	50-54	0.00725	0.03560	2.54	92467	3292	454230	2539961	27.47
1975	55-59	0.01110	0.05407	2.66	89175	4822	434569	2085731	23.39
1975	60-64	0.01806	0.08659	2.64	84353	7304	404494	1651162	19.57
1975	65-69	0.02525	0.11909	2.61	77049	9176	363336	1246668	16.18
1975	70-74	0.03632	0.16722	2.63	67873	11349	312451	883332	13.01
1975	75-79	0.05742	0.25163	2.55	56524	14223	247722	570881	10.10
1975	80-84	0.09102	0.37078	2.5	42300	15684	172313	323159	7.64
1975	85-89	0.14107	0.51545	2.39	26616	13719	97250	150846	5.67
1975	90-94	0.21285	0.66933	2.23	12897	8632	40555	53596	4.16
1975	95-99	0.30830	0.80318	2.02	4265	3425	11110	13040	3.06
1975	100-104	0.42424	0.89632	1.78	839	752	1773	1930	2.30
1975	105-109	0.55064	0.94877	1.55	87	83	150	157	1.80
1975	110+	0.65358	1.00000	1.53	4	4	7	7	1.53
1976	0	0.01416	0.01398	0.09	100000	1398	98725	7372229	73.72
1976	1-4	0.00044	0.00177	1.39	98602	174	393954	7273504	73.77
1976	5-9	0.00033	0.00166	2.23	98428	163	491685	6879550	69.89
1976	10-14	0.00026	0.00130	2.72	98264	128	491029	6387865	65.01
1976	15-19	0.00063	0.00312	3.16	98136	306	490115	5896837	60.09
1976	20-24	0.00088	0.00439	2.55	97830	430	488094	5406721	55.27
1976	25-29	0.00088	0.00438	2.57	97400	427	485963	4918628	50.50
1976	30-34	0.00104	0.00517	2.44	96973	502	483579	4432665	45.71
1976	35-39	0.00185	0.00921	2.7	96471	889	480311	3949086	40.94
1976	40-44	0.00267	0.01324	2.59	95583	1266	474867	3468776	36.29
1976	45-49	0.00422	0.02090	2.66	94317	1972	466976	2993909	31.74
1976	50-54	0.00704	0.03463	2.67	92345	3198	454264	2526933	27.36
1976	55-59	0.01135	0.05529	2.68	89147	4929	434323	2072668	23.25
1976	60-64	0.01668	0.08029	2.69	84218	6762	405458	1638346	19.45
1976	65-69	0.02638	0.12432	2.69	77457	9629	365021	1232887	15.92
1976	70-74	0.03851	0.17662	2.66	67827	11980	311082	867866	12.80
1976	75-79	0.05984	0.26102	2.56	55848	14577	243616	556785	9.97
1976	80-84	0.09083	0.37115	2.54	41270	15318	168647	313168	7.59
1976	85-89	0.14389	0.52228	2.38	25953	13555	94201	144521	5.57
1976	90-94	0.21848	0.67973	2.22	12398	8427	38572	50321	4.06
1976	95-99	0.31971	0.81575	2	3971	3239	10132	11749	2.96
1976	100-104	0.44251	0.90686	1.75	732	663	1499	1617	2.21
1976	105-109	0.57477	0.95556	1.51	68	65	113	118	1.73
1976	110+	0.68108	1.00000	1.47	3	3	4	4	1.47
1977	0	0.01218	0.01204	0.08	100000	1204	98896	7395597	73.96
1977	1-4	0.00074	0.00297	2.03	98796	293	394606	7296701	73.86
1977	5-9	0.00026	0.00129	2.27	98503	127	492167	6902095	70.07
1977	10-14	0.00033	0.00166	2.49	98376	164	491469	6409928	65.16
1977	15-19	0.00072	0.00360	2.85	98212	354	490299	5918459	60.26
1977	20-24	0.00098	0.00489	2.54	97858	478	488115	5428160	55.47
1977	25-29	0.00120	0.00600	2.53	97380	584	485459	4940045	50.73
1977	30-34	0.00121	0.00602	2.47	96796	582	482505	4454585	46.02
1977	35-39	0.00154	0.00768	2.57	96213	739	479275	3972080	41.28
1977	40-44	0.00301	0.01494	2.75	95475	1427	474168	3492806	36.58
1977	45-49	0.00464	0.02293	2.63	94048	2156	465136	3018637	32.10
1977	50-54	0.00694	0.03412	2.61	91892	3136	451949	2553502	27.79
1977	55-59	0.01095	0.05339	2.71	88756	4739	432909	2101552	23.68
1977	60-64	0.01679	0.08081	2.69	84017	6790	404430	1668643	19.86
1977	65-69	0.02447	0.11557	2.6	77227	8925	364728	1264213	16.37
1977	70-74	0.03798	0.17399	2.59	68302	11884	312927	899485	13.17
1977	75-79	0.05606	0.24580	2.5	56418	13868	247352	586558	10.40
1977	80-84	0.08581	0.35341	2.51	42550	15038	175240	339206	7.97
1977	85-89	0.13186	0.49127	2.41	27513	13516	102506	163966	5.96
1977	90-94	0.19879	0.64319	2.26	13997	9002	45287	61459	4.39
1977	95-99	0.28858	0.78048	2.06	4994	3898	13507	16172	3.24
1977	100-104	0.39939	0.88077	1.83	1096	966	2418	2665	2.43
1977	105-109	0.52300	0.94010	1.59	131	123	235	247	1.89
1977	110+	0.62535	1.00000	1.6	8	8	13	13	1.60
1978	0	0.01316	0.01300	0.08	100000	1300	98810	7476417	74.76
1978	1-4	0.00024	0.00095	2.03	98700	93	394614	7377607	74.75
1978	5-9	0.00015	0.00076	1.8	98606	75	492790	6982993	70.82
1978	10-14	0.00026	0.00129	2.1	98531	127	492287	6490203	65.87
1978	15-19	0.00057	0.00283	2.99	98404	279	491459	5997916	60.95
1978	20-24	0.00083	0.00412	2.62	98126	404	489664	5506457	56.12
1978	25-29	0.00078	0.00391	2.11	97721	382	487500	5016792	51.34
1978	30-34	0.00095	0.00476	2.47	97339	464	485519	4529292	46.53
1978	35-39	0.00141	0.00704	2.44	96875	682	482632	4043773	41.74
1978	40-44	0.00280	0.01393	2.7	96193	1340	477882	3561141	37.02
1978	45-49	0.00432	0.02136	2.66	94854	2026	469524	3083259	32.51
1978	50-54	0.00712	0.03499	2.63	92827	3248	456453	2613735	28.16
1978	55-59	0.00924	0.04525	2.74	89579	4054	438746	2157282	24.08
1978	60-64	0.01617	0.07790	2.65	85525	6662	411942	1718535	20.09
1978	65-69	0.02355	0.11147	2.6	78863	8791	373244	1306594	16.57
1978	70-74	0.03742	0.17145	2.56	70072	12014	321033	933349	13.32
1978	75-79	0.05430	0.23968	2.55	58058	13915	256258	612316	10.55
1978	80-84	0.08432	0.34809	2.5	44143	15366	182239	356058	8.07
1978	85-89	0.12942	0.48467	2.41	28777	13948	107769	173819	6.04
1978	90-94	0.19511	0.63612	2.27	14830	9433	48349	66051	4.45
1978	95-99	0.28412	0.77516	2.07	5396	4183	14723	17702	3.28
1978	100-104	0.39501	0.87797	1.84	1213	1065	2697	2979	2.46
1978	105-109	0.51960	0.93905	1.6	148	139	268	282	1.91
1978	110+	0.62311	1.00000	1.6	9	9	14	14	1.60
1979	0	0.01406	0.01388	0.09	100000	1388	98733	7459833	74.60
1979	1-4	0.00035	0.00141	1.96	98612	139	394163	7361100	74.65
1979	5-9	0.00030	0.00149	2.32	98473	147	491970	6966937	70.75
1979	10-14	0.00018	0.00089	3.53	98326	87	491502	6474967	65.85
1979	15-19	0.00076	0.00381	2.66	98239	374	490319	5983465	60.91
1979	20-24	0.00096	0.00480	2.69	97865	470	488236	5493146	56.13
1979	25-29	0.00076	0.00381	2.4	97395	371	486009	5004911	51.39
1979	30-34	0.00114	0.00567	2.4	97023	550	483689	4518902	46.58
1979	35-39	0.00154	0.00770	2.6	96474	742	480588	4035213	41.83
1979	40-44	0.00260	0.01294	2.79	95731	1239	475921	3554624	37.13
1979	45-49	0.00378	0.01873	2.72	94493	1770	468422	3078704	32.58
1979	50-54	0.00673	0.03311	2.64	92723	3070	456362	2610282	28.15
1979	55-59	0.01002	0.04898	2.7	89652	4391	438171	2153920	24.03
1979	60-64	0.01548	0.07478	2.72	85261	6376	411797	1715749	20.12
1979	65-69	0.02451	0.11574	2.6	78885	9130	372548	1303951	16.53
1979	70-74	0.03697	0.16964	2.57	69755	11833	320079	931403	13.35
1979	75-79	0.05361	0.23733	2.58	57922	13746	256401	611324	10.55
1979	80-84	0.08666	0.35556	2.48	44176	15707	181244	354924	8.03
1979	85-89	0.12896	0.48310	2.4	28469	13753	106645	173680	6.10
1979	90-94	0.19088	0.62713	2.27	14715	9229	48347	67035	4.56
1979	95-99	0.27285	0.75994	2.09	5487	4170	15282	18688	3.41
1979	100-104	0.37376	0.86171	1.87	1317	1135	3037	3406	2.59
1979	105-109	0.48769	0.92640	1.65	182	169	346	369	2.03
1979	110+	0.58301	1.00000	1.72	13	13	23	23	1.72
1980	0	0.01113	0.01101	0.08	100000	1101	98986	7462932	74.63
1980	1-4	0.00040	0.00158	1.23	98899	156	395161	7363946	74.46
1980	5-9	0.00032	0.00158	2.29	98742	156	493289	6968785	70.58
1980	10-14	0.00029	0.00147	2.96	98586	145	492634	6475496	65.68
1980	15-19	0.00073	0.00366	2.99	98441	360	491481	5982862	60.78
1980	20-24	0.00103	0.00514	2.69	98081	504	489240	5491381	55.99
1980	25-29	0.00106	0.00531	2.69	97576	518	486683	5002141	51.26
1980	30-34	0.00113	0.00565	2.59	97058	549	483970	4515459	46.52
1980	35-39	0.00153	0.00762	2.75	96509	736	480890	4031489	41.77
1980	40-44	0.00252	0.01252	2.65	95774	1199	476049	3550599	37.07
1980	45-49	0.00360	0.01784	2.63	94575	1688	468874	3074550	32.51
1980	50-54	0.00667	0.03281	2.46	92887	3048	456692	2605676	28.05
1980	55-59	0.01043	0.05089	2.65	89839	4572	438472	2148984	23.92
1980	60-64	0.01653	0.07955	2.65	85268	6783	410410	1710512	20.06
1980	65-69	0.02304	0.10936	2.68	78485	8583	372472	1300102	16.57
1980	70-74	0.03599	0.16566	2.6	69901	11580	321755	927630	13.27
1980	75-79	0.05460	0.24041	2.52	58321	14021	256773	605875	10.39
1980	80-84	0.08554	0.35290	2.52	44300	15634	182774	349102	7.88
1980	85-89	0.13452	0.49917	2.42	28667	14309	106378	166328	5.80
1980	90-94	0.21015	0.66549	2.25	14357	9554	45466	59950	4.18
1980	95-99	0.31240	0.80860	2.02	4803	3883	12431	14485	3.02
1980	100-104	0.43716	0.90430	1.76	919	831	1901	2054	2.23
1980	105-109	0.57193	0.95497	1.51	88	84	147	153	1.74
1980	110+	0.68024	1.00000	1.47	4	4	6	6	1.47
1981	0	0.01191	0.01178	0.08	100000	1178	98917	7505278	75.05
1981	1-4	0.00048	0.00192	1.87	98822	189	394884	7406361	74.95
1981	5-9	0.00017	0.00086	1.99	98632	85	492906	7011477	71.09
1981	10-14	0.00019	0.00096	2.82	98547	95	492531	6518572	66.15
1981	15-19	0.00047	0.00235	2.83	98453	231	491762	6026041	61.21
1981	20-24	0.00083	0.00415	2.32	98222	408	490012	5534279	56.34
1981	25-29	0.00106	0.00527	2.44	97814	515	487747	5044267	51.57
1981	30-34	0.00107	0.00534	2.51	97298	519	485198	4556519	46.83
1981	35-39	0.00135	0.00672	2.75	96779	650	482429	4071321	42.07
1981	40-44	0.00246	0.01221	2.65	96129	1174	477891	3588892	37.33
1981	45-49	0.00460	0.02277	2.76	94955	2163	469927	3111002	32.76
1981	50-54	0.00620	0.03061	2.92	92793	2840	458059	2641075	28.46
1981	55-59	0.00943	0.04610	2.6	89952	4147	439826	2183016	24.27
1981	60-64	0.01501	0.07251	2.65	85806	6222	414414	1743189	20.32
1981	65-69	0.02316	0.10979	2.64	79584	8737	377312	1328775	16.70
1981	70-74	0.03530	0.16255	2.57	70846	11516	326221	951463	13.43
1981	75-79	0.05530	0.24392	2.58	59330	14472	261696	625242	10.54
1981	80-84	0.08317	0.34430	2.5	44859	15445	185706	363546	8.10
1981	85-89	0.12817	0.48157	2.42	29414	14165	110517	177840	6.05
1981	90-94	0.19637	0.63909	2.27	15249	9746	49628	67323	4.41
1981	95-99	0.29022	0.78324	2.06	5503	4311	14853	17695	3.22
1981	100-104	0.40789	0.88703	1.81	1193	1058	2594	2842	2.38
1981	105-109	0.53939	0.94584	1.57	135	127	236	248	1.84
1981	110+	0.64771	1.00000	1.54	7	7	11	11	1.54
1982	0	0.00995	0.00986	0.08	100000	986	99089	7561341	75.61
1982	1-4	0.00040	0.00162	1.72	99014	160	395692	7462252	75.37
1982	5-9	0.00023	0.00113	3.08	98854	112	494056	7066560	71.48
1982	10-14	0.00026	0.00129	2.18	98742	127	493352	6572504	66.56
1982	15-19	0.00062	0.00308	2.9	98615	304	492435	6079152	61.65
1982	20-24	0.00074	0.00370	2.72	98311	363	490727	5586716	56.83
1982	25-29	0.00092	0.00459	2.47	97948	449	488601	5095990	52.03
1982	30-34	0.00098	0.00491	2.63	97499	479	486358	4607388	47.26
1982	35-39	0.00132	0.00656	2.5	97020	636	483506	4121030	42.48
1982	40-44	0.00212	0.01055	2.43	96384	1017	479308	3637524	37.74
1982	45-49	0.00370	0.01836	2.68	95367	1751	472770	3158216	33.12
1982	50-54	0.00621	0.03060	2.75	93616	2864	461624	2685446	28.69
1982	55-59	0.00993	0.04851	2.65	90751	4402	443427	2223822	24.50
1982	60-64	0.01495	0.07230	2.74	86349	6243	417609	1780395	20.62
1982	65-69	0.02362	0.11185	2.64	80106	8960	379417	1362786	17.01
1982	70-74	0.03425	0.15823	2.6	71146	11257	328664	983369	13.82
1982	75-79	0.05266	0.23398	2.62	59888	14013	266084	654705	10.93
1982	80-84	0.07957	0.33200	2.51	45875	15231	191417	388621	8.47
1982	85-89	0.12010	0.45847	2.42	30645	14050	116984	197204	6.44
1982	90-94	0.17726	0.59893	2.29	16595	9939	56072	80219	4.83
1982	95-99	0.25345	0.73310	2.13	6656	4879	19252	24147	3.63
1982	100-104	0.34843	0.84078	1.92	1776	1494	4287	4896	2.76
1982	105-109	0.45768	0.91283	1.71	283	258	564	609	2.15
1982	110+	0.54994	1.00000	1.82	25	25	45	45	1.82
1983	0	0.01161	0.01149	0.08	100000	1149	98944	7550448	75.50
1983	1-4	0.00029	0.00117	1.87	98851	116	395158	7451505	75.38
1983	5-9	0.00018	0.00089	2.21	98735	88	493432	7056347	71.47
1983	10-14	0.00021	0.00103	2.69	98648	102	493003	6562915	66.53
1983	15-19	0.00044	0.00222	2.43	98546	219	492165	6069912	61.59
1983	20-24	0.00082	0.00407	2.62	98327	401	490680	5577747	56.73
1983	25-29	0.00077	0.00382	2.84	97926	374	488822	5087068	51.95
1983	30-34	0.00109	0.00544	2.62	97552	531	486496	4598245	47.14
1983	35-39	0.00151	0.00751	2.75	97021	728	483471	4111749	42.38
1983	40-44	0.00218	0.01083	2.89	96293	1043	479266	3628278	37.68
1983	45-49	0.00388	0.01922	2.73	95250	1831	472095	3149012	33.06
1983	50-54	0.00585	0.02886	2.68	93419	2696	460831	2676916	28.65
1983	55-59	0.00948	0.04638	2.73	90723	4208	444047	2216085	24.43
1983	60-64	0.01496	0.07230	2.68	86515	6255	418078	1772039	20.48
1983	65-69	0.02272	0.10789	2.67	80261	8660	381145	1353961	16.87
1983	70-74	0.03507	0.16164	2.58	71601	11574	330037	972816	13.59
1983	75-79	0.05295	0.23466	2.58	60027	14086	266044	642779	10.71
1983	80-84	0.07985	0.33271	2.49	45941	15285	191410	376735	8.20
1983	85-89	0.12820	0.48170	2.42	30656	14767	115190	185325	6.05
1983	90-94	0.19657	0.63944	2.27	15889	10160	51687	70135	4.41
1983	95-99	0.28986	0.78266	2.06	5729	4484	15469	18448	3.22
1983	100-104	0.40609	0.88571	1.82	1245	1103	2716	2979	2.39
1983	105-109	0.53566	0.94457	1.57	142	134	251	263	1.85
1983	110+	0.64245	1.00000	1.56	8	8	12	12	1.56
1984	0	0.00980	0.00972	0.08	100000	972	99102	7565646	75.66
1984	1-4	0.00033	0.00133	1.63	99028	132	395802	7466544	75.40
1984	5-9	0.00016	0.00079	2.2	98897	78	494266	7070742	71.50
1984	10-14	0.00017	0.00083	3.16	98819	82	493944	6576476	66.55
1984	15-19	0.00058	0.00289	2.83	98737	286	493065	6082533	61.60
1984	20-24	0.00080	0.00397	2.37	98452	391	491229	5589468	56.77
1984	25-29	0.00070	0.00350	2.47	98061	343	489436	5098239	51.99
1984	30-34	0.00094	0.00467	2.35	97717	457	487378	4608803	47.16
1984	35-39	0.00137	0.00684	2.76	97261	666	484814	4121425	42.38
1984	40-44	0.00206	0.01027	2.79	96595	993	480781	3636611	37.65
1984	45-49	0.00377	0.01870	2.8	95603	1787	474073	3155830	33.01
1984	50-54	0.00618	0.03050	2.77	93815	2862	462683	2681757	28.59
1984	55-59	0.00945	0.04622	2.68	90954	4203	445034	2219074	24.40
1984	60-64	0.01596	0.07691	2.64	86750	6672	417996	1774040	20.45
1984	65-69	0.02252	0.10691	2.64	80078	8561	380223	1356044	16.93
1984	70-74	0.03340	0.15473	2.62	71517	11066	331282	975821	13.64
1984	75-79	0.05229	0.23153	2.53	60451	13996	267681	644539	10.66
1984	80-84	0.08130	0.33782	2.5	46455	15693	193035	376858	8.11
1984	85-89	0.12968	0.48585	2.42	30761	14945	115249	183823	5.98
1984	90-94	0.20044	0.64722	2.26	15816	10236	51071	68574	4.34
1984	95-99	0.29834	0.79313	2.05	5580	4425	14833	17503	3.14
1984	100-104	0.42099	0.89537	1.79	1154	1033	2455	2670	2.31
1984	105-109	0.55679	0.95110	1.54	121	115	206	215	1.78
1984	110+	0.66754	1.00000	1.5	6	6	9	9	1.50
1985	0	0.00820	0.00814	0.07	100000	814	99244	7561331	75.61
1985	1-4	0.00029	0.00115	1.86	99186	114	396502	7462087	75.23
1985	5-9	0.00024	0.00120	2.47	99073	119	495062	7065585	71.32
1985	10-14	0.00020	0.00098	2.5	98954	97	494524	6570523	66.40
1985	15-19	0.00055	0.00275	2.75	98856	272	493670	6075999	61.46
1985	20-24	0.00090	0.00450	2.48	98585	443	491805	5582328	56.62
1985	25-29	0.00066	0.00332	2.57	98141	325	489915	5090523	51.87
1985	30-34	0.00119	0.00595	2.57	97816	582	487665	4600608	47.03
1985	35-39	0.00136	0.00676	2.68	97234	657	484647	4112943	42.30
1985	40-44	0.00207	0.01029	2.57	96577	994	480468	3628297	37.57
1985	45-49	0.00331	0.01644	2.83	95584	1571	474502	3147828	32.93
1985	50-54	0.00646	0.03181	2.68	94013	2991	463137	2673326	28.44
1985	55-59	0.00976	0.04773	2.65	91022	4344	444879	2210189	24.28
1985	60-64	0.01575	0.07597	2.66	86678	6585	418005	1765310	20.37
1985	65-69	0.02343	0.11094	2.62	80093	8886	379316	1347305	16.82
1985	70-74	0.03424	0.15785	2.53	71207	11240	328283	967989	13.59
1985	75-79	0.04920	0.21962	2.56	59967	13170	267665	639707	10.67
1985	80-84	0.08409	0.34813	2.53	46797	16292	193740	372042	7.95
1985	85-89	0.13537	0.49899	2.37	30506	15222	112446	178302	5.84
1985	90-94	0.20260	0.65098	2.26	15284	9949	49108	65856	4.31
1985	95-99	0.29842	0.79279	2.04	5334	4229	14171	16748	3.14
1985	100-104	0.41758	0.89297	1.8	1105	987	2364	2577	2.33
1985	105-109	0.54945	0.94881	1.55	118	112	204	214	1.80
1985	110+	0.65738	1.00000	1.52	6	6	9	9	1.52
1986	0	0.00934	0.00926	0.07	100000	926	99142	7558582	75.59
1986	1-4	0.00032	0.00129	2.5	99074	128	396102	7459440	75.29
1986	5-9	0.00013	0.00067	2.53	98946	67	494564	7063337	71.39
1986	10-14	0.00019	0.00093	2.33	98879	92	494151	6568774	66.43
1986	15-19	0.00051	0.00255	3.18	98787	252	493479	6074623	61.49
1986	20-24	0.00067	0.00332	2.29	98535	327	491790	5581144	56.64
1986	25-29	0.00105	0.00526	2.58	98208	517	489792	5089354	51.82
1986	30-34	0.00131	0.00652	2.65	97691	637	486962	4599561	47.08
1986	35-39	0.00152	0.00756	2.58	97054	734	483496	4112599	42.37
1986	40-44	0.00219	0.01088	2.61	96320	1048	479094	3629103	37.68
1986	45-49	0.00318	0.01579	2.69	95272	1504	472882	3150009	33.06
1986	50-54	0.00681	0.03353	2.67	93768	3144	461500	2677127	28.55
1986	55-59	0.00933	0.04570	2.76	90624	4142	443835	2215627	24.45
1986	60-64	0.01498	0.07232	2.63	86482	6255	417593	1771792	20.49
1986	65-69	0.02279	0.10818	2.65	80228	8679	380757	1354199	16.88
1986	70-74	0.03467	0.16021	2.64	71549	11463	330644	973442	13.61
1986	75-79	0.05165	0.22985	2.61	60086	13811	267388	642797	10.70
1986	80-84	0.08085	0.33761	2.56	46275	15623	193231	375410	8.11
1986	85-89	0.12992	0.48685	2.43	30652	14923	114859	182179	5.94
1986	90-94	0.20344	0.65321	2.26	15729	10274	50504	67320	4.28
1986	95-99	0.30438	0.80011	2.04	5455	4364	14339	16815	3.08
1986	100-104	0.42942	0.90027	1.77	1090	982	2286	2476	2.27
1986	105-109	0.56612	0.95361	1.52	109	104	183	191	1.75
1986	110+	0.67661	1.00000	1.48	5	5	7	7	1.48
1987	0	0.00847	0.00840	0.07	100000	840	99220	7572492	75.72
1987	1-4	0.00039	0.00157	1.52	99160	155	396254	7473271	75.37
1987	5-9	0.00021	0.00106	2.22	99005	105	494731	7077017	71.48
1987	10-14	0.00031	0.00153	2.32	98900	152	494091	6582286	66.56
1987	15-19	0.00054	0.00271	2.81	98748	268	493153	6088194	61.65
1987	20-24	0.00086	0.00428	2.47	98480	422	491334	5595041	56.81
1987	25-29	0.00097	0.00484	2.48	98058	474	489094	5103707	52.05
1987	30-34	0.00145	0.00723	2.65	97584	706	486263	4614612	47.29
1987	35-39	0.00128	0.00639	2.6	96878	619	482903	4128350	42.61
1987	40-44	0.00225	0.01121	2.79	96259	1079	478909	3645446	37.87
1987	45-49	0.00364	0.01803	2.66	95180	1716	471876	3166537	33.27
1987	50-54	0.00642	0.03164	2.64	93463	2957	460348	2694661	28.83
1987	55-59	0.00833	0.04082	2.57	90507	3694	443542	2234313	24.69
1987	60-64	0.01478	0.07144	2.65	86812	6202	419516	1790771	20.63
1987	65-69	0.02169	0.10310	2.61	80610	8311	383221	1371255	17.01
1987	70-74	0.03447	0.15956	2.68	72299	11536	334718	988034	13.67
1987	75-79	0.05165	0.22950	2.58	60763	13945	270017	653316	10.75
1987	80-84	0.08117	0.33816	2.53	46818	15832	195048	383299	8.19
1987	85-89	0.12802	0.48064	2.41	30986	14893	116331	188251	6.08
1987	90-94	0.19391	0.63401	2.27	16093	10203	52618	71920	4.47
1987	95-99	0.28426	0.77555	2.07	5890	4568	16069	19302	3.28
1987	100-104	0.39671	0.87926	1.83	1322	1162	2930	3232	2.45
1987	105-109	0.52270	0.94018	1.6	160	150	287	302	1.89
1987	110+	0.62712	1.00000	1.59	10	10	15	15	1.59
1988	0	0.00812	0.00806	0.07	100000	806	99252	7605813	76.06
1988	1-4	0.00027	0.00108	2.03	99194	107	396566	7506561	75.68
1988	5-9	0.00018	0.00088	2.61	99087	88	495227	7109995	71.75
1988	10-14	0.00020	0.00102	2.13	99000	101	494709	6614767	66.82
1988	15-19	0.00046	0.00228	2.67	98899	225	493969	6120059	61.88
1988	20-24	0.00066	0.00330	2.28	98673	325	492479	5626090	57.02
1988	25-29	0.00088	0.00438	2.62	98348	431	490714	5133610	52.20
1988	30-34	0.00123	0.00612	2.62	97917	600	488158	4642896	47.42
1988	35-39	0.00123	0.00612	2.46	97317	595	485073	4154738	42.69
1988	40-44	0.00233	0.01158	2.68	96722	1120	481007	3669665	37.94
1988	45-49	0.00336	0.01669	2.68	95602	1596	474313	3188658	33.35
1988	50-54	0.00600	0.02958	2.72	94006	2781	463699	2714345	28.87
1988	55-59	0.01017	0.04957	2.49	91225	4522	444781	2250646	24.67
1988	60-64	0.01427	0.06903	2.62	86703	5985	419283	1805865	20.83
1988	65-69	0.02085	0.09921	2.56	80718	8008	384071	1386582	17.18
1988	70-74	0.03339	0.15464	2.61	72710	11244	336722	1002511	13.79
1988	75-79	0.04893	0.21878	2.59	61466	13448	274863	665790	10.83
1988	80-84	0.07899	0.33087	2.55	48018	15888	201142	390926	8.14
1988	85-89	0.13017	0.48765	2.43	32131	15668	120365	189784	5.91
1988	90-94	0.20643	0.65934	2.26	16462	10854	52580	69419	4.22
1988	95-99	0.31322	0.81042	2.02	5608	4545	14510	16839	3.00
1988	100-104	0.44623	0.90988	1.75	1063	967	2168	2329	2.19
1988	105-109	0.59018	0.95984	1.49	96	92	156	161	1.68
1988	110+	0.70463	1.00000	1.42	4	4	5	5	1.42
1989	0	0.01066	0.01055	0.08	100000	1055	99028	7621800	76.22
1989	1-4	0.00034	0.00135	1.58	98945	133	395455	7522772	76.03
1989	5-9	0.00021	0.00103	2.2	98811	102	493772	7127316	72.13
1989	10-14	0.00024	0.00120	2.54	98710	119	493256	6633545	67.20
1989	15-19	0.00052	0.00261	2.61	98591	257	492340	6140289	62.28
1989	20-24	0.00082	0.00410	2.72	98334	403	490751	5647948	57.44
1989	25-29	0.00106	0.00529	2.4	97931	518	488307	5157198	52.66
1989	30-34	0.00104	0.00519	2.54	97412	506	485817	4668890	47.93
1989	35-39	0.00151	0.00752	2.39	96906	729	482629	4183073	43.17
1989	40-44	0.00181	0.00901	2.61	96177	867	478811	3700444	38.48
1989	45-49	0.00323	0.01601	2.78	95310	1526	473158	3221634	33.80
1989	50-54	0.00560	0.02765	2.65	93784	2593	462837	2748475	29.31
1989	55-59	0.00888	0.04353	2.82	91191	3970	447304	2285638	25.06
1989	60-64	0.01408	0.06812	2.62	87221	5941	421952	1838334	21.08
1989	65-69	0.01937	0.09255	2.6	81279	7522	388334	1416382	17.43
1989	70-74	0.03159	0.14677	2.59	73757	10826	342661	1028048	13.94
1989	75-79	0.04876	0.21772	2.54	62932	13701	281011	685387	10.89
1989	80-84	0.08209	0.33966	2.46	49230	16722	203688	404376	8.21
1989	85-89	0.12565	0.47428	2.42	32509	15418	122712	200688	6.17
1989	90-94	0.18917	0.62432	2.28	17090	10670	56403	77976	4.56
1989	95-99	0.27614	0.76517	2.09	6421	4913	17791	21573	3.36
1989	100-104	0.38574	0.87158	1.86	1508	1314	3407	3782	2.51
1989	105-109	0.51027	0.93584	1.62	194	181	355	375	1.94
1989	110+	0.61438	1.00000	1.63	12	12	20	20	1.63
1990	0	0.00851	0.00844	0.07	100000	844	99217	7639034	76.39
1990	1-4	0.00034	0.00138	1.1	99156	137	396226	7539817	76.04
1990	5-9	0.00016	0.00079	2.32	99019	79	494885	7143591	72.14
1990	10-14	0.00022	0.00110	2.7	98941	109	494452	6648706	67.20
1990	15-19	0.00050	0.00249	2.51	98831	246	493544	6154254	62.27
1990	20-24	0.00084	0.00421	2.57	98585	415	491917	5660710	57.42
1990	25-29	0.00103	0.00516	2.57	98170	506	489618	5168793	52.65
1990	30-34	0.00104	0.00520	2.31	97663	508	486952	4679175	47.91
1990	35-39	0.00157	0.00781	2.47	97156	759	483859	4192224	43.15
1990	40-44	0.00205	0.01021	2.69	96397	984	479715	3708365	38.47
1990	45-49	0.00333	0.01651	2.73	95413	1575	473495	3228649	33.84
1990	50-54	0.00534	0.02641	2.85	93838	2478	463859	2755154	29.36
1990	55-59	0.00912	0.04469	2.76	91360	4083	447660	2291295	25.08
1990	60-64	0.01427	0.06899	2.62	87277	6021	422079	1843635	21.12
1990	65-69	0.02117	0.10077	2.62	81256	8188	386756	1421556	17.49
1990	70-74	0.03208	0.14897	2.61	73067	10885	339315	1034800	14.16
1990	75-79	0.04628	0.20809	2.58	62182	12939	279598	695485	11.18
1990	80-84	0.07727	0.32541	2.58	49243	16024	207384	415887	8.45
1990	85-89	0.12194	0.46434	2.43	33219	15425	126494	208504	6.28
1990	90-94	0.18648	0.61915	2.29	17794	11017	59080	82010	4.61
1990	95-99	0.27391	0.76234	2.09	6777	5166	18861	22930	3.38
1990	100-104	0.38285	0.86939	1.86	1611	1400	3657	4069	2.53
1990	105-109	0.50574	0.93405	1.62	210	196	389	411	1.96
1990	110+	0.60814	1.00000	1.64	14	14	23	23	1.64
1991	0	0.00855	0.00849	0.07	100000	849	99213	7686823	76.87
1991	1-4	0.00035	0.00141	1.33	99151	140	396231	7587611	76.53
1991	5-9	0.00020	0.00101	3.2	99011	100	494875	7191379	72.63
1991	10-14	0.00023	0.00116	2.61	98911	115	494281	6696504	67.70
1991	15-19	0.00046	0.00232	2.82	98796	229	493483	6202224	62.78
1991	20-24	0.00069	0.00342	2.9	98567	338	492127	5708741	57.92
1991	25-29	0.00077	0.00385	2.63	98230	378	490254	5216613	53.11
1991	30-34	0.00113	0.00562	2.83	97852	550	488065	4726360	48.30
1991	35-39	0.00196	0.00976	2.66	97301	950	484287	4238295	43.56
1991	40-44	0.00210	0.01044	2.6	96352	1006	479343	3754008	38.96
1991	45-49	0.00298	0.01482	2.72	95346	1413	473505	3274665	34.35
1991	50-54	0.00467	0.02313	2.72	93932	2173	464719	2801160	29.82
1991	55-59	0.00924	0.04523	2.7	91760	4150	449268	2336441	25.46
1991	60-64	0.01318	0.06386	2.58	87609	5595	424512	1887173	21.54
1991	65-69	0.01883	0.09003	2.58	82015	7384	392231	1462661	17.83
1991	70-74	0.02910	0.13613	2.63	74631	10160	349075	1070430	14.34
1991	75-79	0.04637	0.20784	2.51	64471	13399	288980	721355	11.19
1991	80-84	0.07463	0.31471	2.51	51072	16073	215359	432375	8.47
1991	85-89	0.12171	0.46382	2.44	34999	16233	133371	217016	6.20
1991	90-94	0.19218	0.63195	2.29	18766	11859	61708	83645	4.46
1991	95-99	0.29328	0.78817	2.07	6907	5444	18562	21937	3.18
1991	100-104	0.42194	0.89664	1.79	1463	1312	3109	3375	2.31
1991	105-109	0.56488	0.95368	1.53	151	144	255	266	1.76
1991	110+	0.68087	1.00000	1.47	7	7	10	10	1.47
1992	0	0.00778	0.00773	0.07	100000	773	99282	7701381	77.01
1992	1-4	0.00025	0.00098	1.59	99227	97	396676	7602100	76.61
1992	5-9	0.00011	0.00054	2.11	99130	54	495496	7205424	72.69
1992	10-14	0.00011	0.00057	2.96	99076	56	495267	6709929	67.72
1992	15-19	0.00051	0.00255	2.5	99020	253	494469	6214662	62.76
1992	20-24	0.00052	0.00261	2.24	98767	258	493123	5720193	57.92
1992	25-29	0.00094	0.00471	2.58	98509	464	491420	5227069	53.06
1992	30-34	0.00134	0.00667	2.68	98045	654	488709	4735649	48.30
1992	35-39	0.00157	0.00784	2.57	97391	763	485102	4246940	43.61
1992	40-44	0.00234	0.01164	2.62	96628	1125	480457	3761839	38.93
1992	45-49	0.00334	0.01657	2.58	95503	1583	473675	3281382	34.36
1992	50-54	0.00444	0.02197	2.69	93920	2063	464839	2807706	29.89
1992	55-59	0.00818	0.04011	2.68	91857	3685	450728	2342868	25.51
1992	60-64	0.01303	0.06315	2.59	88172	5568	427419	1892140	21.46
1992	65-69	0.02051	0.09771	2.6	82604	8071	393615	1464720	17.73
1992	70-74	0.02996	0.13990	2.64	74533	10427	348065	1071105	14.37
1992	75-79	0.04700	0.21063	2.54	64105	13503	287292	723039	11.28
1992	80-84	0.07602	0.32027	2.54	50602	16207	213190	435748	8.61
1992	85-89	0.11641	0.44852	2.44	34396	15427	132523	222558	6.47
1992	90-94	0.17873	0.60328	2.31	18969	11443	64028	90035	4.75
1992	95-99	0.26634	0.75294	2.11	7525	5666	21274	26007	3.46
1992	100-104	0.37906	0.86737	1.87	1859	1613	4254	4733	2.55
1992	105-109	0.50874	0.93571	1.62	247	231	454	479	1.94
1992	110+	0.61758	1.00000	1.62	16	16	26	26	1.62
1993	0	0.00733	0.00728	0.07	100000	728	99322	7668857	76.69
1993	1-4	0.00019	0.00076	1.96	99272	76	396933	7569535	76.25
1993	5-9	0.00021	0.00106	2.61	99196	105	495729	7172602	72.31
1993	10-14	0.00032	0.00159	2.93	99091	157	495128	6676873	67.38
1993	15-19	0.00049	0.00245	2.68	98934	242	494106	6181745	62.48
1993	20-24	0.00064	0.00320	2.45	98692	316	492653	5687639	57.63
1993	25-29	0.00078	0.00390	2.99	98376	384	491108	5194985	52.81
1993	30-34	0.00137	0.00685	2.81	97992	671	488496	4703877	48.00
1993	35-39	0.00195	0.00969	2.6	97322	943	484343	4215381	43.31
1993	40-44	0.00256	0.01269	2.38	96378	1223	478691	3731038	38.71
1993	45-49	0.00316	0.01568	2.67	95155	1492	472293	3252347	34.18
1993	50-54	0.00527	0.02602	2.57	93662	2437	462397	2780054	29.68
1993	55-59	0.00812	0.03990	2.78	91226	3640	448033	2317657	25.41
1993	60-64	0.01356	0.06564	2.59	87586	5749	424053	1869624	21.35
1993	65-69	0.02062	0.09839	2.68	81837	8052	390492	1445571	17.66
1993	70-74	0.03087	0.14364	2.58	73785	10599	343290	1055079	14.30
1993	75-79	0.04468	0.20150	2.57	63187	12732	284950	711789	11.26
1993	80-84	0.07501	0.31706	2.56	50455	15997	213259	426839	8.46
1993	85-89	0.12164	0.46432	2.45	34458	15999	131527	213581	6.20
1993	90-94	0.19319	0.63378	2.29	18458	11698	60554	82053	4.45
1993	95-99	0.29305	0.78762	2.06	6760	5324	18168	21499	3.18
1993	100-104	0.41928	0.89482	1.8	1436	1285	3064	3332	2.32
1993	105-109	0.55941	0.95207	1.54	151	144	257	268	1.77
1993	110+	0.67344	1.00000	1.48	7	7	11	11	1.48
1994	0	0.00499	0.00497	0.06	100000	497	99535	7745311	77.45
1994	1-4	0.00037	0.00146	2.01	99503	146	397722	7645777	76.84
1994	5-9	0.00021	0.00104	2.61	99357	103	496540	7248054	72.95
1994	10-14	0.00022	0.00110	3.16	99254	109	496071	6751514	68.02
1994	15-19	0.00040	0.00199	2.93	99145	197	495320	6255442	63.09
1994	20-24	0.00066	0.00328	3.02	98948	325	494101	5760123	58.21
1994	25-29	0.00105	0.00526	2.86	98624	518	492007	5266022	53.40
1994	30-34	0.00117	0.00584	2.46	98105	573	489071	4774015	48.66
1994	35-39	0.00166	0.00826	2.66	97533	805	485782	4284944	43.93
1994	40-44	0.00226	0.01123	2.61	96727	1086	481041	3799162	39.28
1994	45-49	0.00342	0.01697	2.58	95641	1623	474285	3318121	34.69
1994	50-54	0.00472	0.02333	2.57	94018	2194	464768	2843836	30.25
1994	55-59	0.00788	0.03867	2.63	91825	3551	450691	2379067	25.91
1994	60-64	0.01216	0.05908	2.59	88274	5215	428801	1928376	21.85
1994	65-69	0.01959	0.09359	2.63	83058	7773	396853	1499575	18.05
1994	70-74	0.02792	0.13106	2.66	75285	9867	353380	1102722	14.65
1994	75-79	0.04393	0.19875	2.61	65418	13002	295985	749342	11.45
1994	80-84	0.07123	0.30339	2.56	52416	15903	223260	453357	8.65
1994	85-89	0.11859	0.45447	2.43	36514	16594	139927	230098	6.30
1994	90-94	0.18791	0.62366	2.3	19919	12423	66110	90171	4.53
1994	95-99	0.28944	0.78389	2.08	7496	5876	20302	24061	3.21
1994	100-104	0.41920	0.89522	1.8	1620	1450	3460	3758	2.32
1994	105-109	0.56369	0.95346	1.53	170	162	287	299	1.76
1994	110+	0.68095	1.00000	1.47	8	8	12	12	1.47
1995	0	0.00692	0.00687	0.07	100000	687	99359	7738689	77.39
1995	1-4	0.00034	0.00135	1.94	99313	135	396974	7639329	76.92
1995	5-9	0.00012	0.00058	2.45	99178	57	495744	7242355	73.02
1995	10-14	0.00020	0.00101	2.6	99121	100	495364	6746611	68.06
1995	15-19	0.00040	0.00199	3.11	99021	197	494731	6251246	63.13
1995	20-24	0.00056	0.00279	2.4	98824	276	493403	5756515	58.25
1995	25-29	0.00066	0.00328	2.7	98548	324	491995	5263113	53.41
1995	30-34	0.00108	0.00538	2.45	98225	529	489775	4771117	48.57
1995	35-39	0.00141	0.00701	2.49	97696	685	486759	4281343	43.82
1995	40-44	0.00240	0.01194	2.68	97011	1158	482371	3794583	39.11
1995	45-49	0.00301	0.01493	2.67	95853	1432	475928	3312212	34.56
1995	50-54	0.00517	0.02553	2.55	94422	2411	466198	2836284	30.04
1995	55-59	0.00726	0.03574	2.78	92011	3289	452765	2370085	25.76
1995	60-64	0.01265	0.06142	2.63	88722	5449	430693	1917320	21.61
1995	65-69	0.01994	0.09510	2.59	83273	7920	397275	1486627	17.85
1995	70-74	0.02962	0.13850	2.66	75353	10437	352390	1089352	14.46
1995	75-79	0.04532	0.20440	2.6	64917	13269	292794	736962	11.35
1995	80-84	0.07415	0.31323	2.52	51648	16177	218182	444168	8.60
1995	85-89	0.11607	0.44952	2.49	35470	15945	137375	225987	6.37
1995	90-94	0.18794	0.62336	2.3	19526	12171	64762	88611	4.54
1995	95-99	0.28636	0.77967	2.08	7354	5734	20022	23849	3.24
1995	100-104	0.41134	0.89002	1.81	1620	1442	3506	3827	2.36
1995	105-109	0.55094	0.94972	1.55	178	169	307	321	1.80
1995	110+	0.66512	1.00000	1.5	9	9	13	13	1.50
1996	0	0.00505	0.00503	0.06	100000	503	99529	7795824	77.96
1996	1-4	0.00024	0.00096	1.48	99497	96	397748	7696295	77.35
1996	5-9	0.00012	0.00058	3.04	99401	58	496894	7298547	73.42
1996	10-14	0.00012	0.00062	3.14	99344	61	496605	6801653	68.47
1996	15-19	0.00030	0.00149	2.58	99282	148	496054	6305048	63.51
1996	20-24	0.00057	0.00282	2.56	99134	280	494989	5808994	58.60
1996	25-29	0.00057	0.00287	2.98	98854	284	493698	5314005	53.76
1996	30-34	0.00104	0.00521	2.75	98571	514	491699	4820307	48.90
1996	35-39	0.00124	0.00619	2.22	98057	607	488599	4328609	44.14
1996	40-44	0.00211	0.01052	2.69	97450	1025	484879	3840010	39.40
1996	45-49	0.00320	0.01589	2.63	96425	1533	478499	3355131	34.80
1996	50-54	0.00468	0.02315	2.71	94893	2196	469429	2876632	30.31
1996	55-59	0.00740	0.03641	2.79	92696	3375	456026	2407203	25.97
1996	60-64	0.01197	0.05816	2.58	89321	5195	434008	1951178	21.84
1996	65-69	0.01897	0.09088	2.69	84126	7645	402957	1517170	18.03
1996	70-74	0.02967	0.13863	2.64	76481	10602	357341	1114213	14.57
1996	75-79	0.04280	0.19335	2.5	65879	12738	297598	756873	11.49
1996	80-84	0.07107	0.30248	2.54	53141	16074	226175	459274	8.64
1996	85-89	0.11584	0.44948	2.51	37067	16661	143825	233100	6.29
1996	90-94	0.19542	0.63944	2.3	20406	13048	66771	89275	4.37
1996	95-99	0.30583	0.80348	2.05	7358	5912	19330	22504	3.06
1996	100-104	0.44500	0.90992	1.75	1446	1316	2957	3174	2.19
1996	105-109	0.59580	0.96141	1.48	130	125	210	217	1.67
1996	110+	0.71488	1.00000	1.4	5	5	7	7	1.40
1997	0	0.00680	0.00675	0.07	100000	675	99370	7753327	77.53
1997	1-4	0.00017	0.00068	1.59	99325	67	397136	7653957	77.06
1997	5-9	0.00012	0.00062	1.39	99257	61	496064	7256821	73.11
1997	10-14	0.00015	0.00077	3.42	99196	76	495859	6760757	68.16
1997	15-19	0.00065	0.00323	2.8	99120	321	494893	6264898	63.21
1997	20-24	0.00076	0.00377	2.8	98799	373	493173	5770004	58.40
1997	25-29	0.00058	0.00289	2.7	98426	284	491478	5276832	53.61
1997	30-34	0.00100	0.00498	2.61	98142	489	489541	4785354	48.76
1997	35-39	0.00144	0.00718	2.6	97653	701	486582	4295812	43.99
1997	40-44	0.00175	0.00873	2.83	96953	846	482926	3809231	39.29
1997	45-49	0.00333	0.01651	2.6	96107	1586	476728	3326304	34.61
1997	50-54	0.00469	0.02323	2.79	94520	2195	467757	2849576	30.15
1997	55-59	0.00779	0.03825	2.63	92325	3531	453260	2381819	25.80
1997	60-64	0.01285	0.06238	2.69	88794	5539	431173	1928558	21.72
1997	65-69	0.01877	0.08989	2.66	83254	7484	398794	1497386	17.99
1997	70-74	0.02811	0.13177	2.63	75771	9985	355155	1098592	14.50
1997	75-79	0.04626	0.20811	2.59	65786	13691	295964	743437	11.30
1997	80-84	0.07075	0.30222	2.59	52095	15744	222544	447473	8.59
1997	85-89	0.11887	0.45841	2.51	36351	16664	140181	224929	6.19
1997	90-94	0.19895	0.64671	2.3	19687	12732	63997	84748	4.30
1997	95-99	0.31446	0.81330	2.03	6955	5657	17989	20751	2.98
1997	100-104	0.46017	0.91779	1.73	1299	1192	2590	2762	2.13
1997	105-109	0.61610	0.96580	1.45	107	103	167	172	1.61
1997	110+	0.73692	1.00000	1.36	4	4	5	5	1.36
1998	0	0.00817	0.00810	0.07	100000	810	99247	7795384	77.95
1998	1-4	0.00023	0.00092	1.41	99190	92	396521	7696136	77.59
1998	5-9	0.00014	0.00070	2.3	99098	69	495304	7299615	73.66
1998	10-14	0.00013	0.00066	1.96	99029	66	494945	6804312	68.71
1998	15-19	0.00039	0.00196	3.08	98963	194	494443	6309367	63.75
1998	20-24	0.00070	0.00348	2.79	98770	344	493088	5814924	58.87
1998	25-29	0.00050	0.00249	2.49	98426	245	491511	5321836	54.07
1998	30-34	0.00070	0.00349	2.68	98180	343	490105	4830324	49.20
1998	35-39	0.00116	0.00576	2.49	97837	564	487773	4340220	44.36
1998	40-44	0.00203	0.01011	2.45	97274	983	483860	3852447	39.60
1998	45-49	0.00305	0.01513	2.53	96290	1457	477859	3368587	34.98
1998	50-54	0.00420	0.02078	2.58	94834	1970	469400	2890728	30.48
1998	55-59	0.00726	0.03573	2.74	92863	3318	456828	2421328	26.07
1998	60-64	0.01255	0.06094	2.64	89545	5457	434872	1964501	21.94
1998	65-69	0.01929	0.09226	2.66	84088	7758	402263	1529628	18.19
1998	70-74	0.02667	0.12519	2.55	76330	9556	358272	1127365	14.77
1998	75-79	0.04237	0.19246	2.62	66774	12851	303297	769093	11.52
1998	80-84	0.07168	0.30472	2.54	53923	16431	229240	465797	8.64
1998	85-89	0.11570	0.44762	2.47	37491	16782	145051	236557	6.31
1998	90-94	0.19279	0.63420	2.3	20710	13134	68125	91506	4.42
1998	95-99	0.30242	0.79986	2.06	7576	6059	20036	23381	3.09
1998	100-104	0.44247	0.90883	1.76	1516	1378	3114	3345	2.21
1998	105-109	0.59541	0.96145	1.48	138	133	223	231	1.67
1998	110+	0.71637	1.00000	1.4	5	5	7	7	1.40
1999	0	0.00578	0.00575	0.06	100000	575	99462	7815851	78.16
1999	1-4	0.00023	0.00093	1.66	99425	92	397485	7716388	77.61
1999	5-9	0.00021	0.00104	2.67	99333	103	496424	7318904	73.68
1999	10-14	0.00014	0.00072	2.37	99230	71	495961	6822479	68.75
1999	15-19	0.00040	0.00197	3.08	99159	196	495416	6326518	63.80
1999	20-24	0.00059	0.00295	2.81	98963	292	494174	5831101	58.92
1999	25-29	0.00057	0.00286	2.92	98670	283	492764	5336927	54.09
1999	30-34	0.00084	0.00417	2.81	98388	410	491041	4844163	49.24
1999	35-39	0.00166	0.00828	2.81	97978	811	488109	4353122	44.43
1999	40-44	0.00196	0.00974	2.84	97166	947	483783	3865014	39.78
1999	45-49	0.00271	0.01349	2.73	96219	1298	478157	3381230	35.14
1999	50-54	0.00446	0.02205	2.55	94921	2093	469489	2903074	30.58
1999	55-59	0.00714	0.03510	2.63	92828	3258	456435	2433585	26.22
1999	60-64	0.01180	0.05737	2.58	89570	5139	435393	1977150	22.07
1999	65-69	0.01734	0.08336	2.7	84432	7038	405968	1541757	18.26
1999	70-74	0.02814	0.13183	2.61	77394	10203	362616	1135789	14.68
1999	75-79	0.04203	0.19115	2.63	67191	12843	305554	773172	11.51
1999	80-84	0.07073	0.30189	2.58	54348	16407	231978	467618	8.60
1999	85-89	0.12048	0.46003	2.43	37941	17454	144875	235640	6.21
1999	90-94	0.19308	0.63427	2.3	20487	12994	67298	90765	4.43
1999	95-99	0.29794	0.79392	2.06	7493	5948	19966	23467	3.13
1999	100-104	0.42978	0.90125	1.78	1544	1392	3238	3501	2.27
1999	105-109	0.57423	0.95610	1.51	152	146	254	264	1.73
1999	110+	0.69021	1.00000	1.45	7	7	10	10	1.45
2000	0	0.00652	0.00648	0.07	100000	648	99395	7796965	77.97
2000	1-4	0.00014	0.00054	1.78	99352	54	397288	7697570	77.48
2000	5-9	0.00018	0.00092	1.85	99298	91	496203	7300282	73.52
2000	10-14	0.00017	0.00084	2.21	99207	83	495803	6804079	68.58
2000	15-19	0.00051	0.00255	2.6	99124	253	495013	6308276	63.64
2000	20-24	0.00073	0.00365	3.01	98871	361	493634	5813263	58.80
2000	25-29	0.00063	0.00316	2.68	98510	311	491827	5319629	54.00
2000	30-34	0.00075	0.00374	2.31	98198	367	490005	4827802	49.16
2000	35-39	0.00150	0.00748	2.67	97831	732	487449	4337797	44.34
2000	40-44	0.00214	0.01063	2.58	97099	1032	482995	3850348	39.65
2000	45-49	0.00295	0.01464	2.69	96067	1407	477081	3367354	35.05
2000	50-54	0.00444	0.02199	2.65	94661	2082	468403	2890272	30.53
2000	55-59	0.00731	0.03593	2.7	92579	3327	455227	2421869	26.16
2000	60-64	0.01069	0.05217	2.68	89252	4656	435440	1966642	22.03
2000	65-69	0.01794	0.08609	2.66	84596	7283	405976	1531202	18.10
2000	70-74	0.02678	0.12584	2.61	77314	9729	363290	1125226	14.55
2000	75-79	0.04456	0.20120	2.59	67585	13598	305126	761937	11.27
2000	80-84	0.07227	0.30640	2.52	53987	16542	228885	456810	8.46
2000	85-89	0.12280	0.47042	2.51	37445	17615	143442	227925	6.09
2000	90-94	0.20267	0.65324	2.28	19830	12954	63916	84482	4.26
2000	95-99	0.31426	0.81218	2.03	6876	5585	17771	20566	2.99
2000	100-104	0.45202	0.91309	1.74	1291	1179	2609	2795	2.16
2000	105-109	0.59906	0.96191	1.47	112	108	180	186	1.66
2000	110+	0.71455	1.00000	1.4	4	4	6	6	1.40
2001	0	0.00696	0.00691	0.07	100000	691	99357	7794000	77.94
2001	1-4	0.00031	0.00126	1.61	99309	125	396937	7694643	77.48
2001	5-9	0.00010	0.00049	2.77	99184	49	495812	7297705	73.58
2001	10-14	0.00008	0.00042	3.2	99135	41	495601	6801894	68.61
2001	15-19	0.00044	0.00219	2.85	99094	217	495004	6306292	63.64
2001	20-24	0.00067	0.00332	2.41	98877	329	493535	5811288	58.77
2001	25-29	0.00093	0.00464	2.59	98548	458	491638	5317753	53.96
2001	30-34	0.00086	0.00430	2.26	98091	422	489297	4826116	49.20
2001	35-39	0.00137	0.00681	2.87	97669	665	486927	4336819	44.40
2001	40-44	0.00221	0.01098	2.88	97004	1065	482760	3849892	39.69
2001	45-49	0.00333	0.01654	2.69	95939	1587	476023	3367132	35.10
2001	50-54	0.00445	0.02202	2.66	94352	2078	466899	2891109	30.64
2001	55-59	0.00644	0.03176	2.86	92274	2930	455090	2424210	26.27
2001	60-64	0.01156	0.05631	2.73	89344	5031	435276	1969120	22.04
2001	65-69	0.01829	0.08749	2.52	84313	7376	403255	1533844	18.19
2001	70-74	0.02715	0.12750	2.62	76937	9809	361340	1130590	14.70
2001	75-79	0.04246	0.19230	2.55	67128	12909	304013	769250	11.46
2001	80-84	0.07148	0.30475	2.58	54219	16523	231162	465236	8.58
2001	85-89	0.11781	0.45617	2.53	37696	17196	145962	234075	6.21
2001	90-94	0.19952	0.64772	2.29	20500	13278	66552	88112	4.30
2001	95-99	0.31435	0.81303	2.03	7222	5872	18678	21560	2.99
2001	100-104	0.45859	0.91690	1.73	1350	1238	2700	2882	2.13
2001	105-109	0.61281	0.96508	1.45	112	108	177	182	1.62
2001	110+	0.73261	1.00000	1.36	4	4	5	5	1.36
2002	0	0.00723	0.00718	0.07	100000	718	99332	7785124	77.85
2002	1-4	0.00010	0.00039	1.88	99282	39	397046	7685792	77.41
2002	5-9	0.00016	0.00079	2.73	99243	79	496038	7288745	73.44
2002	10-14	0.00013	0.00067	2.92	99165	67	495683	6792708	68.50
2002	15-19	0.00046	0.00230	2.68	99098	228	494958	6297024	63.54
2002	20-24	0.00063	0.00313	2.92	98869	310	493702	5802066	58.68
2002	25-29	0.00081	0.00403	2.65	98560	397	491865	5308365	53.86
2002	30-34	0.00076	0.00380	2.7	98163	373	489954	4816500	49.07
2002	35-39	0.00153	0.00760	2.53	97789	743	487106	4326545	44.24
2002	40-44	0.00214	0.01064	2.53	97046	1032	482682	3839439	39.56
2002	45-49	0.00337	0.01674	2.78	96014	1608	476501	3356756	34.96
2002	50-54	0.00411	0.02034	2.46	94406	1920	467154	2880256	30.51
2002	55-59	0.00781	0.03836	2.73	92486	3548	454361	2413101	26.09
2002	60-64	0.01159	0.05647	2.72	88937	5022	433263	1958741	22.02
2002	65-69	0.01651	0.07949	2.68	83916	6671	404072	1525478	18.18
2002	70-74	0.02776	0.13026	2.64	77245	10062	362439	1121406	14.52
2002	75-79	0.04512	0.20359	2.61	67183	13678	303180	758967	11.30
2002	80-84	0.07025	0.30126	2.64	53505	16119	229432	455787	8.52
2002	85-89	0.12302	0.46952	2.48	37386	17553	142682	226355	6.05
2002	90-94	0.20435	0.65707	2.28	19833	13031	63771	83673	4.22
2002	95-99	0.32186	0.82072	2.01	6801	5582	17342	19902	2.93
2002	100-104	0.46685	0.92056	1.71	1219	1122	2404	2560	2.10
2002	105-109	0.61936	0.96625	1.44	97	94	151	156	1.61
2002	110+	0.73672	1.00000	1.36	3	3	4	4	1.36
2003	0	0.00695	0.00690	0.07	100000	690	99356	7805745	78.06
2003	1-4	0.00020	0.00080	1.19	99310	79	397017	7706388	77.60
2003	5-9	0.00012	0.00059	2.72	99231	59	496019	7309372	73.66
2003	10-14	0.00011	0.00054	2.61	99172	54	495731	6813353	68.70
2003	15-19	0.00057	0.00285	2.89	99118	282	494995	6317622	63.74
2003	20-24	0.00074	0.00367	2.74	98836	363	493357	5822627	58.91
2003	25-29	0.00099	0.00496	2.65	98473	489	491212	5329270	54.12
2003	30-34	0.00128	0.00638	2.45	97984	625	488323	4838057	49.38
2003	35-39	0.00149	0.00741	2.78	97359	721	485197	4349734	44.68
2003	40-44	0.00224	0.01117	2.68	96638	1079	480691	3864537	39.99
2003	45-49	0.00309	0.01536	2.53	95559	1467	474175	3383846	35.41
2003	50-54	0.00477	0.02360	2.59	94092	2220	465107	2909670	30.92
2003	55-59	0.00684	0.03365	2.7	91871	3091	452251	2444564	26.61
2003	60-64	0.01036	0.05057	2.65	88780	4489	433346	1992312	22.44
2003	65-69	0.01695	0.08133	2.51	84291	6856	404412	1558966	18.50
2003	70-74	0.02569	0.12112	2.64	77435	9379	365072	1154555	14.91
2003	75-79	0.03977	0.18207	2.68	68056	12391	311528	789483	11.60
2003	80-84	0.07017	0.29970	2.57	55665	16683	237754	477954	8.59
2003	85-89	0.12050	0.45820	2.39	38982	17862	148229	240201	6.16
2003	90-94	0.19696	0.64228	2.29	21121	13565	68873	91972	4.35
2003	95-99	0.30627	0.80363	2.04	7555	6072	19824	23098	3.06
2003	100-104	0.44257	0.90834	1.75	1484	1348	3045	3274	2.21
2003	105-109	0.58961	0.95984	1.49	136	131	221	229	1.68
2003	110+	0.70596	1.00000	1.42	5	5	8	8	1.42
2004	0	0.00537	0.00534	0.06	100000	534	99500	7872662	78.73
2004	1-4	0.00026	0.00104	1.65	99466	104	397620	7773162	78.15
2004	5-9	0.00003	0.00015	2.99	99362	15	496781	7375542	74.23
2004	10-14	0.00008	0.00042	1.48	99347	41	496590	6878761	69.24
2004	15-19	0.00049	0.00244	2.66	99306	242	495961	6382171	64.27
2004	20-24	0.00066	0.00329	2.39	99064	326	494467	5886211	59.42
2004	25-29	0.00064	0.00318	2.59	98737	314	492932	5391744	54.61
2004	30-34	0.00079	0.00393	2.96	98424	387	491329	4898812	49.77
2004	35-39	0.00122	0.00607	2.42	98037	595	488649	4407483	44.96
2004	40-44	0.00182	0.00906	2.74	97442	883	485213	3918834	40.22
2004	45-49	0.00337	0.01674	2.72	96559	1616	479116	3433621	35.56
2004	50-54	0.00458	0.02267	2.68	94943	2152	469720	2954506	31.12
2004	55-59	0.00662	0.03258	2.63	92791	3023	456800	2484786	26.78
2004	60-64	0.01011	0.04936	2.65	89768	4431	438406	2027986	22.59
2004	65-69	0.01659	0.07986	2.67	85336	6815	410771	1589580	18.63
2004	70-74	0.02632	0.12393	2.64	78522	9731	369689	1178809	15.01
2004	75-79	0.03914	0.17866	2.57	68791	12290	314029	809121	11.76
2004	80-84	0.06700	0.28900	2.63	56501	16329	243727	495092	8.76
2004	85-89	0.11718	0.45303	2.5	40172	18199	155311	251365	6.26
2004	90-94	0.19517	0.63938	2.3	21973	14049	71983	96054	4.37
2004	95-99	0.30820	0.80630	2.04	7924	6389	20730	24071	3.04
2004	100-104	0.44916	0.91206	1.74	1535	1400	3117	3340	2.18
2004	105-109	0.60007	0.96230	1.47	135	130	216	224	1.66
2004	110+	0.71824	1.00000	1.39	5	5	7	7	1.39
2005	0	0.00671	0.00666	0.07	100000	666	99379	7865356	78.65
2005	1-4	0.00030	0.00121	1.76	99334	120	397066	7765977	78.18
2005	5-9	0.00014	0.00070	2.37	99213	70	495883	7368912	74.27
2005	10-14	0.00018	0.00090	2.91	99144	89	495532	6873028	69.32
2005	15-19	0.00036	0.00178	2.72	99054	176	494870	6377497	64.38
2005	20-24	0.00061	0.00305	2.55	98878	302	493651	5882627	59.49
2005	25-29	0.00055	0.00272	2.73	98576	269	492272	5388976	54.67
2005	30-34	0.00070	0.00350	2.6	98308	344	490713	4896704	49.81
2005	35-39	0.00126	0.00628	2.64	97964	615	488365	4405991	44.98
2005	40-44	0.00202	0.01004	2.72	97349	977	484521	3917627	40.24
2005	45-49	0.00283	0.01408	2.58	96372	1356	478569	3433106	35.62
2005	50-54	0.00456	0.02256	2.58	95015	2144	469884	2954536	31.10
2005	55-59	0.00649	0.03197	2.59	92871	2969	457211	2484653	26.75
2005	60-64	0.01054	0.05147	2.73	89902	4627	439017	2027441	22.55
2005	65-69	0.01559	0.07522	2.69	85275	6414	411548	1588425	18.63
2005	70-74	0.02636	0.12412	2.66	78861	9788	371379	1176877	14.92
2005	75-79	0.03952	0.18076	2.64	69073	12485	315945	805498	11.66
2005	80-84	0.06624	0.28528	2.57	56587	16143	243721	489553	8.65
2005	85-89	0.12005	0.45869	2.43	40444	18551	154538	245831	6.08
2005	90-94	0.20686	0.66084	2.27	21893	14468	69939	91294	4.17
2005	95-99	0.32782	0.82752	2.01	7425	6145	18744	21354	2.88
2005	100-104	0.48158	0.92760	1.69	1281	1188	2467	2611	2.04
2005	105-109	0.64180	0.97057	1.41	93	90	140	144	1.55
2005	110+	0.76234	1.00000	1.31	3	3	4	4	1.31
2006	0	0.00635	0.00631	0.07	100000	631	99411	7898062	78.98
2006	1-4	0.00023	0.00091	1.58	99369	90	397258	7798651	78.48
2006	5-9	0.00010	0.00048	2.82	99279	47	496291	7401394	74.55
2006	10-14	0.00017	0.00086	2.78	99231	85	495968	6905103	69.59
2006	15-19	0.00035	0.00174	2.77	99146	172	495348	6409135	64.64
2006	20-24	0.00072	0.00358	2.69	98974	354	494051	5913788	59.75
2006	25-29	0.00082	0.00411	2.6	98620	405	492125	5419737	54.96
2006	30-34	0.00072	0.00359	2.64	98215	352	490243	4927612	50.17
2006	35-39	0.00109	0.00544	2.84	97862	533	488164	4437369	45.34
2006	40-44	0.00192	0.00957	2.47	97330	931	484292	3949205	40.58
2006	45-49	0.00328	0.01630	2.65	96398	1571	478302	3464913	35.94
2006	50-54	0.00442	0.02186	2.65	94827	2072	469273	2986611	31.50
2006	55-59	0.00663	0.03264	2.72	92755	3028	456882	2517338	27.14
2006	60-64	0.00953	0.04667	2.74	89727	4188	439188	2060456	22.96
2006	65-69	0.01566	0.07547	2.59	85539	6455	412128	1621268	18.95
2006	70-74	0.02392	0.11342	2.72	79084	8970	374960	1209139	15.29
2006	75-79	0.04033	0.18394	2.61	70114	12897	319769	834179	11.90
2006	80-84	0.06241	0.27088	2.57	57217	15499	248355	514411	8.99
2006	85-89	0.11251	0.43954	2.51	41718	18337	162973	266055	6.38
2006	90-94	0.19169	0.63331	2.32	23381	14808	77247	103082	4.41
2006	95-99	0.31034	0.80971	2.05	8574	6942	22370	25835	3.01
2006	100-104	0.46082	0.91853	1.73	1632	1499	3252	3465	2.12
2006	105-109	0.62133	0.96698	1.44	133	129	207	213	1.60
2006	110+	0.74462	1.00000	1.34	4	4	6	6	1.34
2007	0	0.00768	0.00763	0.07	100000	763	99291	7909520	79.10
2007	1-4	0.00011	0.00042	1.1	99237	42	396827	7810230	78.70
2007	5-9	0.00003	0.00016	4	99195	16	495960	7413402	74.74
2007	10-14	0.00013	0.00065	3.11	99179	65	495775	6917442	69.75
2007	15-19	0.00037	0.00187	2.77	99114	185	495160	6421667	64.79
2007	20-24	0.00052	0.00262	2.77	98929	259	494070	5926508	59.91
2007	25-29	0.00065	0.00322	2.44	98670	318	492537	5432438	55.06
2007	30-34	0.00100	0.00499	2.99	98353	491	490774	4939900	50.23
2007	35-39	0.00120	0.00596	2.6	97862	583	487906	4449126	45.46
2007	40-44	0.00189	0.00942	2.56	97278	917	484154	3961219	40.72
2007	45-49	0.00274	0.01362	2.64	96362	1312	478713	3477065	36.08
2007	50-54	0.00449	0.02221	2.68	95049	2111	470355	2998352	31.55
2007	55-59	0.00677	0.03331	2.64	92938	3096	457389	2527997	27.20
2007	60-64	0.01012	0.04948	2.81	89842	4445	439494	2070609	23.05
2007	65-69	0.01511	0.07290	2.61	85397	6225	412115	1631115	19.10
2007	70-74	0.02313	0.10979	2.7	79171	8692	375867	1219000	15.40
2007	75-79	0.03846	0.17563	2.53	70479	12378	321804	843133	11.96
2007	80-84	0.06194	0.26963	2.6	58101	15666	252903	521330	8.97
2007	85-89	0.11323	0.44113	2.5	42435	18719	165320	268427	6.33
2007	90-94	0.19495	0.64005	2.32	23716	15180	77865	103107	4.35
2007	95-99	0.31715	0.81715	2.03	8536	6976	21995	25241	2.96
2007	100-104	0.47120	0.92337	1.71	1561	1441	3059	3247	2.08
2007	105-109	0.63342	0.96922	1.42	120	116	183	188	1.57
2007	110+	0.75629	1.00000	1.32	4	4	5	5	1.32
2008	0	0.00616	0.00612	0.07	100000	612	99428	7918521	79.19
2008	1-4	0.00008	0.00034	0.75	99388	34	397441	7819093	78.67
2008	5-9	0.00013	0.00066	2.5	99354	65	496606	7421653	74.70
2008	10-14	0.00015	0.00076	2.45	99289	76	496250	6925047	69.75
2008	15-19	0.00037	0.00183	2.98	99213	182	495698	6428797	64.80
2008	20-24	0.00060	0.00298	2.7	99031	295	494478	5933099	59.91
2008	25-29	0.00077	0.00382	2.49	98736	378	492733	5438621	55.08
2008	30-34	0.00090	0.00451	2.66	98359	444	490756	4945888	50.28
2008	35-39	0.00110	0.00549	2.45	97915	538	488202	4455132	45.50
2008	40-44	0.00211	0.01050	2.76	97377	1022	484592	3966930	40.74
2008	45-49	0.00320	0.01586	2.71	96355	1528	478277	3482338	36.14
2008	50-54	0.00440	0.02178	2.65	94827	2065	469277	3004061	31.68
2008	55-59	0.00653	0.03216	2.68	92762	2983	456876	2534784	27.33
2008	60-64	0.00968	0.04729	2.58	89778	4245	438606	2077908	23.14
2008	65-69	0.01501	0.07257	2.71	85533	6207	413458	1639302	19.17
2008	70-74	0.02387	0.11284	2.59	79326	8951	375043	1225844	15.45
2008	75-79	0.03788	0.17390	2.65	70375	12238	323055	850801	12.09
2008	80-84	0.06202	0.26948	2.57	58136	15666	252602	527746	9.08
2008	85-89	0.10758	0.42488	2.53	42470	18045	167726	275144	6.48
2008	90-94	0.19175	0.63329	2.32	24425	15468	80667	107418	4.40
2008	95-99	0.31316	0.81335	2.05	8957	7285	23263	26751	2.99
2008	100-104	0.46960	0.92299	1.71	1672	1543	3286	3487	2.09
2008	105-109	0.63553	0.96974	1.42	129	125	196	202	1.57
2008	110+	0.76099	1.00000	1.31	4	4	5	5	1.31
2009	0	0.00633	0.00629	0.07	100000	629	99413	7958744	79.59
2009	1-4	0.00015	0.00060	1.77	99371	59	397352	7859332	79.09
2009	5-9	0.00015	0.00074	2.61	99312	74	496382	7461980	75.14
2009	10-14	0.00017	0.00085	2.28	99238	85	495960	6965598	70.19
2009	15-19	0.00038	0.00187	2.87	99154	186	495373	6469637	65.25
2009	20-24	0.00065	0.00324	2.98	98968	321	494190	5974265	60.37
2009	25-29	0.00077	0.00385	2.62	98647	379	492331	5480075	55.55
2009	30-34	0.00078	0.00392	2.5	98267	385	490376	4987744	50.76
2009	35-39	0.00099	0.00494	2.6	97883	483	488252	4497368	45.95
2009	40-44	0.00207	0.01030	2.57	97399	1004	484556	4009116	41.16
2009	45-49	0.00330	0.01639	2.8	96396	1580	478502	3524560	36.56
2009	50-54	0.00436	0.02156	2.57	94816	2044	469104	3046058	32.13
2009	55-59	0.00662	0.03259	2.65	92772	3024	456763	2576954	27.78
2009	60-64	0.00906	0.04432	2.58	89748	3978	439124	2120191	23.62
2009	65-69	0.01377	0.06677	2.75	85771	5727	415968	1681067	19.60
2009	70-74	0.02257	0.10721	2.68	80044	8581	380276	1265099	15.81
2009	75-79	0.03599	0.16554	2.58	71463	11830	328717	884823	12.38
2009	80-84	0.05955	0.26144	2.67	59632	15590	261822	556106	9.33
2009	85-89	0.10509	0.41697	2.52	44042	18364	174745	294284	6.68
2009	90-94	0.17880	0.60544	2.33	25678	15546	86949	119539	4.66
2009	95-99	0.28736	0.78314	2.1	10132	7934	27611	32590	3.22
2009	100-104	0.42959	0.90239	1.79	2197	1983	4615	4979	2.27
2009	105-109	0.58636	0.95962	1.5	214	206	351	363	1.69
2009	110+	0.71084	1.00000	1.41	9	9	12	12	1.41
2010	0	0.00718	0.00713	0.07	100000	713	99337	7949683	79.50
2010	1-4	0.00022	0.00086	1.99	99287	86	396975	7850346	79.07
2010	5-9	0.00008	0.00041	2.3	99201	41	495895	7453371	75.13
2010	10-14	0.00008	0.00039	3.7	99160	38	495751	6957476	70.16
2010	15-19	0.00027	0.00133	3.1	99122	132	495359	6461725	65.19
2010	20-24	0.00054	0.00268	2.57	98990	265	494304	5966366	60.27
2010	25-29	0.00086	0.00431	2.61	98725	426	492608	5472062	55.43
2010	30-34	0.00088	0.00437	2.37	98299	430	490365	4979454	50.66
2010	35-39	0.00139	0.00695	2.74	97869	680	487808	4489089	45.87
2010	40-44	0.00166	0.00827	2.72	97189	804	484111	4001281	41.17
2010	45-49	0.00317	0.01571	2.56	96385	1514	478231	3517170	36.49
2010	50-54	0.00414	0.02049	2.63	94871	1944	469754	3038939	32.03
2010	55-59	0.00631	0.03106	2.62	92927	2886	457760	2569185	27.65
2010	60-64	0.00931	0.04551	2.57	90041	4098	440249	2111424	23.45
2010	65-69	0.01475	0.07130	2.65	85943	6128	415337	1671176	19.45
2010	70-74	0.02256	0.10723	2.7	79815	8558	379376	1255839	15.73
2010	75-79	0.03667	0.16848	2.59	71257	12005	327344	876463	12.30
2010	80-84	0.06173	0.26908	2.62	59252	15943	258291	549119	9.27
2010	85-89	0.10537	0.41869	2.55	43308	18133	172083	290829	6.72
2010	90-94	0.17679	0.60019	2.33	25175	15110	85469	118746	4.72
2010	95-99	0.27866	0.77157	2.11	10065	7766	27869	33277	3.31
2010	100-104	0.41266	0.89190	1.82	2299	2051	4970	5408	2.35
2010	105-109	0.56232	0.95339	1.53	249	237	421	438	1.76
2010	110+	0.68349	1.00000	1.46	12	12	17	17	1.46
2011	0	0.00636	0.00632	0.07	100000	632	99409	7983206	79.83
2011	1-4	0.00009	0.00035	2.49	99368	35	397419	7883797	79.34
2011	5-9	0.00008	0.00041	2.89	99333	41	496579	7486378	75.37
2011	10-14	0.00013	0.00064	2.11	99292	63	496277	6989799	70.40
2011	15-19	0.00026	0.00131	2.84	99229	130	495863	6493522	65.44
2011	20-24	0.00044	0.00220	2.45	99099	218	494938	5997660	60.52
2011	25-29	0.00088	0.00440	2.52	98881	436	493324	5502722	55.65
2011	30-34	0.00094	0.00468	2.45	98445	461	491052	5009398	50.89
2011	35-39	0.00114	0.00571	2.83	97984	559	488710	4518346	46.11
2011	40-44	0.00182	0.00904	2.5	97425	881	484927	4029636	41.36
2011	45-49	0.00271	0.01345	2.68	96544	1298	479704	3544709	36.72
2011	50-54	0.00424	0.02097	2.58	95246	1998	471401	3065005	32.18
2011	55-59	0.00646	0.03182	2.62	93248	2968	459181	2593604	27.81
2011	60-64	0.01001	0.04891	2.72	90281	4415	441314	2134422	23.64
2011	65-69	0.01342	0.06504	2.62	85865	5585	416035	1693108	19.72
2011	70-74	0.02141	0.10199	2.69	80280	8188	382503	1277074	15.91
2011	75-79	0.03670	0.16910	2.68	72093	12191	332217	894570	12.41
2011	80-84	0.05700	0.25064	2.59	59902	15014	263380	562353	9.39
2011	85-89	0.10365	0.41227	2.52	44888	18506	178544	298973	6.66
2011	90-94	0.18209	0.61330	2.34	26382	16180	88856	120429	4.56
2011	95-99	0.30001	0.79922	2.08	10202	8154	27178	31573	3.09
2011	100-104	0.45546	0.91670	1.74	2048	1878	4123	4395	2.15
2011	105-109	0.62342	0.96769	1.44	171	165	265	272	1.60
2011	110+	0.75206	1.00000	1.33	6	6	7	7	1.33
2012	0	0.00645	0.00642	0.07	100000	642	99401	8016621	80.17
2012	1-4	0.00013	0.00053	1.82	99358	53	397317	7917220	79.68
2012	5-9	0.00018	0.00092	2.47	99305	92	496295	7519902	75.73
2012	10-14	0.00010	0.00049	2.13	99214	48	495929	7023608	70.79
2012	15-19	0.00020	0.00102	3.3	99165	101	495654	6527678	65.83
2012	20-24	0.00050	0.00251	2.62	99064	249	494728	6032024	60.89
2012	25-29	0.00095	0.00472	2.33	98815	466	492833	5537296	56.04
2012	30-34	0.00083	0.00412	2.58	98349	406	490765	5044463	51.29
2012	35-39	0.00108	0.00540	2.6	97944	529	488449	4553697	46.49
2012	40-44	0.00185	0.00923	2.77	97415	899	485071	4065249	41.73
2012	45-49	0.00271	0.01348	2.52	96516	1301	479353	3580177	37.09
2012	50-54	0.00409	0.02026	2.75	95215	1929	471739	3100824	32.57
2012	55-59	0.00695	0.03422	2.7	93286	3192	459081	2629085	28.18
2012	60-64	0.00816	0.04004	2.66	90094	3607	442035	2170004	24.09
2012	65-69	0.01353	0.06560	2.69	86487	5674	419337	1727970	19.98
2012	70-74	0.02133	0.10135	2.56	80813	8191	384071	1308633	16.19
2012	75-79	0.03384	0.15695	2.7	72622	11398	336873	924562	12.73
2012	80-84	0.05426	0.24010	2.61	61224	14700	270923	587688	9.60
2012	85-89	0.09848	0.39561	2.52	46524	18406	186896	316765	6.81
2012	90-94	0.17958	0.60633	2.32	28119	17049	94938	129870	4.62
2012	95-99	0.29305	0.79124	2.09	11069	8759	29888	34931	3.16
2012	100-104	0.44708	0.91262	1.76	2311	2109	4717	5044	2.18
2012	105-109	0.61490	0.96609	1.45	202	195	317	326	1.62
2012	110+	0.74447	1.00000	1.34	7	7	9	9	1.34
2013	0	0.00642	0.00639	0.07	100000	639	99404	7974011	79.74
2013	1-4	0.00011	0.00045	1.9	99361	45	397351	7874608	79.25
2013	5-9	0.00007	0.00034	2.74	99317	34	496507	7477256	75.29
2013	10-14	0.00010	0.00049	1.97	99283	49	496268	6980749	70.31
2013	15-19	0.00031	0.00153	3.19	99234	151	495899	6484481	65.35
2013	20-24	0.00050	0.00252	2.63	99083	250	494823	5988582	60.44
2013	25-29	0.00072	0.00360	2.33	98834	356	493218	5493758	55.59
2013	30-34	0.00109	0.00544	2.84	98478	536	491232	5000540	50.78
2013	35-39	0.00120	0.00600	2.31	97942	588	488133	4509308	46.04
2013	40-44	0.00181	0.00902	2.63	97354	879	484689	4021176	41.30
2013	45-49	0.00329	0.01633	2.58	96476	1576	478560	3536486	36.66
2013	50-54	0.00451	0.02229	2.64	94900	2116	469497	3057927	32.22
2013	55-59	0.00603	0.02974	2.58	92784	2759	457248	2588430	27.90
2013	60-64	0.00991	0.04844	2.72	90025	4361	440188	2131182	23.67
2013	65-69	0.01494	0.07208	2.58	85664	6174	413395	1690994	19.74
2013	70-74	0.02094	0.09960	2.56	79490	7917	378143	1277599	16.07
2013	75-79	0.03472	0.16029	2.61	71573	11473	330433	899456	12.57
2013	80-84	0.05710	0.25167	2.65	60100	15125	264884	569023	9.47
2013	85-89	0.10104	0.40534	2.56	44975	18230	180434	304139	6.76
2013	90-94	0.18048	0.61006	2.34	26745	16316	90403	123705	4.63
2013	95-99	0.28975	0.78627	2.09	10429	8200	28300	33302	3.19
2013	100-104	0.43414	0.90497	1.78	2229	2017	4646	5002	2.24
2013	105-109	0.59181	0.96086	1.49	212	204	344	355	1.68
2013	110+	0.71603	1.00000	1.4	8	8	12	12	1.40
2014	0	0.00444	0.00442	0.06	100000	442	99585	8002045	80.02
2014	1-4	0.00018	0.00073	1.62	99558	72	398060	7902460	79.38
2014	5-9	0.00004	0.00018	0.99	99486	18	497358	7504400	75.43
2014	10-14	0.00016	0.00081	3.49	99468	81	497219	7007041	70.45
2014	15-19	0.00021	0.00103	3.03	99387	102	496736	6509823	65.50
2014	20-24	0.00064	0.00318	2.75	99285	316	495714	6013087	60.56
2014	25-29	0.00085	0.00422	2.64	98969	418	493858	5517372	55.75
2014	30-34	0.00122	0.00609	2.58	98551	600	491304	5023514	50.97
2014	35-39	0.00122	0.00611	2.37	97951	598	488182	4532210	46.27
2014	40-44	0.00182	0.00906	2.79	97353	882	484815	4044028	41.54
2014	45-49	0.00300	0.01491	2.68	96471	1439	479015	3559213	36.89
2014	50-54	0.00449	0.02223	2.83	95033	2112	470587	3080198	32.41
2014	55-59	0.00627	0.03088	2.66	92920	2869	457892	2609611	28.08
2014	60-64	0.00905	0.04429	2.63	90051	3988	440814	2151719	23.89
2014	65-69	0.01320	0.06398	2.6	86063	5506	417082	1710905	19.88
2014	70-74	0.02206	0.10506	2.73	80556	8463	383583	1293823	16.06
2014	75-79	0.03442	0.15895	2.59	72093	11459	332893	910240	12.63
2014	80-84	0.05586	0.24612	2.59	60634	14923	267167	577347	9.52
2014	85-89	0.10055	0.40306	2.54	45711	18424	183242	310179	6.79
2014	90-94	0.17780	0.60485	2.36	27287	16504	92826	126938	4.65
2014	95-99	0.29272	0.79017	2.09	10782	8520	29106	34111	3.16
2014	100-104	0.44081	0.90880	1.77	2262	2056	4664	5005	2.21
2014	105-109	0.60174	0.96314	1.47	206	199	330	341	1.65
2014	110+	0.72740	1.00000	1.37	8	8	10	10	1.37
2015	0	0.00569	0.00566	0.07	100000	566	99470	7958596	79.59
2015	1-4	0.00025	0.00100	1.58	99434	100	397494	7859125	79.04
2015	5-9	0.00007	0.00035	3.24	99334	34	496609	7461632	75.12
2015	10-14	0.00007	0.00033	2.74	99299	33	496423	6965023	70.14
2015	15-19	0.00030	0.00150	2.83	99267	149	496010	6468599	65.16
2015	20-24	0.00076	0.00381	2.83	99117	378	494767	5972589	60.26
2015	25-29	0.00105	0.00523	2.52	98740	517	492419	5477822	55.48
2015	30-34	0.00142	0.00707	2.55	98223	695	489415	4985404	50.76
2015	35-39	0.00147	0.00732	2.52	97529	714	485871	4495989	46.10
2015	40-44	0.00164	0.00817	2.55	96815	791	482135	4010118	41.42
2015	45-49	0.00279	0.01384	2.79	96024	1329	477183	3527982	36.74
2015	50-54	0.00410	0.02033	2.71	94695	1925	469063	3050800	32.22
2015	55-59	0.00672	0.03305	2.63	92770	3066	456570	2581737	27.83
2015	60-64	0.00963	0.04709	2.67	89703	4224	438676	2125167	23.69
2015	65-69	0.01359	0.06589	2.7	85479	5632	414415	1686491	19.73
2015	70-74	0.02126	0.10135	2.7	79847	8093	380604	1272076	15.93
2015	75-79	0.03545	0.16381	2.69	71754	11754	331567	891473	12.42
2015	80-84	0.05854	0.25626	2.57	60000	15376	262659	559905	9.33
2015	85-89	0.10368	0.41429	2.58	44624	18487	178311	297247	6.66
2015	90-94	0.18257	0.61507	2.35	26137	16076	88052	118936	4.55
2015	95-99	0.30333	0.80246	2.07	10061	8073	26616	30884	3.07
2015	100-104	0.45513	0.91607	1.74	1987	1821	4000	4269	2.15
2015	105-109	0.61780	0.96640	1.44	167	161	261	268	1.61
2015	110+	0.74291	1.00000	1.35	6	6	8	8	1.35
2016	0	0.00571	0.00568	0.06	100000	568	99469	7998527	79.99
2016	1-4	0.00014	0.00055	1.17	99432	54	397576	7899058	79.44
2016	5-9	0.00011	0.00053	2.82	99378	53	496774	7501483	75.48
2016	10-14	0.00013	0.00066	2.86	99325	66	496483	7004708	70.52
2016	15-19	0.00021	0.00105	3.03	99259	104	496090	6508225	65.57
2016	20-24	0.00072	0.00359	2.81	99155	356	494993	6012135	60.63
2016	25-29	0.00096	0.00481	2.78	98798	475	492939	5517141	55.84
2016	30-34	0.00136	0.00680	2.65	98323	668	490046	5024202	51.10
2016	35-39	0.00152	0.00759	2.4	97655	741	486350	4534157	46.43
2016	40-44	0.00215	0.01069	2.73	96914	1036	482217	4047807	41.77
2016	45-49	0.00277	0.01377	2.66	95878	1320	476304	3565590	37.19
2016	50-54	0.00429	0.02123	2.45	94557	2007	467675	3089286	32.67
2016	55-59	0.00673	0.03314	2.6	92550	3067	455402	2621611	28.33
2016	60-64	0.00936	0.04583	2.71	89483	4101	438013	2166209	24.21
2016	65-69	0.01271	0.06171	2.63	85382	5269	414424	1728196	20.24
2016	70-74	0.02025	0.09667	2.67	80113	7744	382489	1313772	16.40
2016	75-79	0.03270	0.15163	2.61	72369	10974	335577	931282	12.87
2016	80-84	0.05595	0.24580	2.53	61395	15091	269724	595706	9.70
2016	85-89	0.09392	0.38290	2.59	46305	17730	188770	325982	7.04
2016	90-94	0.17020	0.58815	2.37	28575	16806	98744	137212	4.80
2016	95-99	0.28136	0.77640	2.11	11768	9137	32474	38468	3.27
2016	100-104	0.42694	0.90137	1.8	2631	2372	5556	5994	2.28
2016	105-109	0.58806	0.96022	1.49	260	249	424	438	1.69
2016	110+	0.71564	1.00000	1.4	10	10	14	14	1.40
2017	0	0.00616	0.00612	0.07	100000	612	99428	7966319	79.66
2017	1-4	0.00007	0.00027	1.16	99388	27	397474	7866891	79.15
2017	5-9	0.00009	0.00045	2.5	99361	45	496691	7469417	75.17
2017	10-14	0.00012	0.00059	2.32	99316	59	496423	6972726	70.21
2017	15-19	0.00030	0.00149	2.44	99257	148	495908	6476304	65.25
2017	20-24	0.00065	0.00327	3.07	99109	324	494922	5980396	60.34
2017	25-29	0.00094	0.00470	2.54	98785	465	492784	5485475	55.53
2017	30-34	0.00144	0.00716	2.68	98321	704	489973	4992691	50.78
2017	35-39	0.00156	0.00778	2.55	97617	759	486222	4502718	46.13
2017	40-44	0.00230	0.01141	2.54	96858	1106	481566	4016496	41.47
2017	45-49	0.00278	0.01381	2.69	95752	1323	475700	3534931	36.92
2017	50-54	0.00400	0.01983	2.64	94430	1872	467721	3059230	32.40
2017	55-59	0.00683	0.03362	2.66	92557	3112	455508	2591509	28.00
2017	60-64	0.00883	0.04323	2.6	89446	3867	437932	2136001	23.88
2017	65-69	0.01311	0.06357	2.6	85579	5440	414821	1698069	19.84
2017	70-74	0.02320	0.11009	2.69	80139	8822	380340	1283247	16.01
2017	75-79	0.03403	0.15734	2.61	71316	11221	329758	902907	12.66
2017	80-84	0.05596	0.24655	2.59	60096	14817	264778	573149	9.54
2017	85-89	0.10116	0.40639	2.58	45279	18401	181892	308371	6.81
2017	90-94	0.17462	0.59916	2.38	26878	16104	92224	126479	4.71
2017	95-99	0.29062	0.78808	2.1	10774	8491	29216	34255	3.18
2017	100-104	0.44172	0.90967	1.77	2283	2077	4702	5040	2.21
2017	105-109	0.60702	0.96444	1.46	206	199	328	338	1.64
2017	110+	0.73572	1.00000	1.36	7	7	10	10	1.36
2018	0	0.00499	0.00496	0.06	100000	496	99535	8006344	80.06
2018	1-4	0.00020	0.00082	1.71	99504	81	397829	7906810	79.46
2018	5-9	0.00004	0.00018	0.5	99422	18	497030	7508981	75.53
2018	10-14	0.00014	0.00068	2.85	99404	67	496877	7011950	70.54
2018	15-19	0.00027	0.00134	2.55	99337	133	496358	6515074	65.59
2018	20-24	0.00065	0.00326	3	99204	323	495372	6018716	60.67
2018	25-29	0.00083	0.00414	2.82	98881	409	493513	5523344	55.86
2018	30-34	0.00111	0.00555	2.21	98472	547	490834	5029831	51.08
2018	35-39	0.00167	0.00829	2.27	97925	812	487409	4538997	46.35
2018	40-44	0.00189	0.00939	2.54	97113	911	483321	4051588	41.72
2018	45-49	0.00271	0.01345	2.59	96202	1294	477889	3568268	37.09
2018	50-54	0.00354	0.01758	2.63	94908	1668	470582	3090379	32.56
2018	55-59	0.00625	0.03075	2.46	93240	2867	458916	2619797	28.10
2018	60-64	0.00909	0.04452	2.66	90373	4023	442468	2160881	23.91
2018	65-69	0.01405	0.06797	2.6	86350	5869	417638	1718413	19.90
2018	70-74	0.02130	0.10139	2.64	80480	8160	383108	1300775	16.16
2018	75-79	0.03462	0.15990	2.61	72320	11564	333988	917667	12.69
2018	80-84	0.05551	0.24424	2.54	60756	14839	267328	583679	9.61
2018	85-89	0.10041	0.40321	2.56	45917	18514	184382	316351	6.89
2018	90-94	0.16793	0.58537	2.41	27403	16041	95522	131969	4.82
2018	95-99	0.28756	0.78434	2.1	11362	8912	30990	36447	3.21
2018	100-104	0.43746	0.90742	1.78	2450	2223	5083	5457	2.23
2018	105-109	0.60237	0.96348	1.47	227	219	363	374	1.65
2018	110+	0.73144	1.00000	1.37	8	8	11	11	1.37
2019	0	0.00590	0.00586	0.06	100000	586	99452	7984259	79.84
2019	1-4	0.00016	0.00064	1.62	99414	64	397502	7884808	79.31
2019	5-9	0.00005	0.00027	3.16	99350	27	496699	7487305	75.36
2019	10-14	0.00015	0.00077	3.12	99323	77	496470	6990606	70.38
2019	15-19	0.00021	0.00104	2.77	99246	104	496000	6494137	65.43
2019	20-24	0.00060	0.00301	2.96	99143	298	495103	5998137	60.50
2019	25-29	0.00084	0.00420	2.77	98844	415	493296	5503034	55.67
2019	30-34	0.00138	0.00690	2.56	98429	679	490493	5009737	50.90
2019	35-39	0.00175	0.00874	2.6	97750	854	486698	4519244	46.23
2019	40-44	0.00227	0.01128	2.62	96896	1093	481884	4032546	41.62
2019	45-49	0.00295	0.01466	2.49	95803	1405	475485	3550662	37.06
2019	50-54	0.00433	0.02143	2.61	94398	2023	467166	3075177	32.58
2019	55-59	0.00604	0.02981	2.69	92375	2754	455519	2608011	28.23
2019	60-64	0.00879	0.04302	2.57	89621	3855	438756	2152491	24.02
2019	65-69	0.01342	0.06507	2.67	85766	5581	415841	1713736	19.98
2019	70-74	0.02082	0.09917	2.62	80186	7952	381986	1297894	16.19
2019	75-79	0.03491	0.16115	2.61	72234	11640	333385	915908	12.68
2019	80-84	0.05513	0.24386	2.63	60594	14776	268017	582523	9.61
2019	85-89	0.09977	0.40031	2.53	45817	18341	183832	314505	6.86
2019	90-94	0.17317	0.59430	2.36	27476	16329	94298	130673	4.76
2019	95-99	0.28232	0.77710	2.11	11147	8662	30683	36375	3.26
2019	100-104	0.42440	0.89957	1.8	2485	2235	5267	5692	2.29
2019	105-109	0.58178	0.95859	1.5	250	239	411	426	1.71
2019	110+	0.70710	1.00000	1.41	10	10	15	15	1.41
