RI: Rhode Island, Lifetables (period 1x10), Females Last modified: 20 Dec 2020, MPv5 (May07) 

Year     	Age	mx	qx	ax	lx	dx	Lx	Tx	ex
1960-1969	0	0.01981	0.01947	0.11	100000	1947	98264	7427877	74.28
1960-1969	1	0.00102	0.00101	0.5	98053	99	98004	7329613	74.75
1960-1969	2	0.00064	0.00064	0.5	97954	62	97923	7231609	73.83
1960-1969	3	0.00050	0.00050	0.5	97891	49	97867	7133687	72.87
1960-1969	4	0.00062	0.00062	0.5	97842	60	97812	7035820	71.91
1960-1969	5	0.00031	0.00031	0.5	97782	31	97767	6938007	70.95
1960-1969	6	0.00031	0.00031	0.5	97752	31	97736	6840241	69.98
1960-1969	7	0.00026	0.00026	0.5	97721	25	97708	6742505	69.00
1960-1969	8	0.00028	0.00028	0.5	97696	28	97682	6644796	68.02
1960-1969	9	0.00019	0.00019	0.5	97668	19	97659	6547114	67.03
1960-1969	10	0.00018	0.00018	0.5	97649	18	97640	6449456	66.05
1960-1969	11	0.00016	0.00016	0.5	97631	16	97624	6351815	65.06
1960-1969	12	0.00022	0.00022	0.5	97616	22	97605	6254192	64.07
1960-1969	13	0.00016	0.00016	0.5	97594	16	97586	6156587	63.08
1960-1969	14	0.00027	0.00027	0.5	97578	26	97565	6059001	62.09
1960-1969	15	0.00028	0.00028	0.5	97552	27	97538	5961436	61.11
1960-1969	16	0.00032	0.00032	0.5	97525	32	97509	5863898	60.13
1960-1969	17	0.00032	0.00032	0.5	97493	31	97478	5766389	59.15
1960-1969	18	0.00041	0.00041	0.5	97463	40	97443	5668911	58.17
1960-1969	19	0.00038	0.00038	0.5	97423	37	97404	5571468	57.19
1960-1969	20	0.00035	0.00035	0.5	97386	34	97369	5474064	56.21
1960-1969	21	0.00037	0.00037	0.5	97352	36	97334	5376695	55.23
1960-1969	22	0.00042	0.00042	0.5	97316	41	97296	5279361	54.25
1960-1969	23	0.00048	0.00048	0.5	97275	47	97252	5182065	53.27
1960-1969	24	0.00050	0.00050	0.5	97229	49	97204	5084813	52.30
1960-1969	25	0.00057	0.00057	0.5	97180	56	97152	4987608	51.32
1960-1969	26	0.00057	0.00057	0.5	97125	56	97097	4890456	50.35
1960-1969	27	0.00076	0.00076	0.5	97069	73	97032	4793359	49.38
1960-1969	28	0.00084	0.00084	0.5	96995	81	96955	4696327	48.42
1960-1969	29	0.00073	0.00073	0.5	96914	71	96879	4599372	47.46
1960-1969	30	0.00087	0.00087	0.5	96843	85	96801	4502493	46.49
1960-1969	31	0.00080	0.00080	0.5	96759	77	96720	4405692	45.53
1960-1969	32	0.00072	0.00072	0.5	96682	69	96647	4308972	44.57
1960-1969	33	0.00101	0.00101	0.5	96612	97	96564	4212325	43.60
1960-1969	34	0.00079	0.00079	0.5	96515	76	96477	4115761	42.64
1960-1969	35	0.00119	0.00119	0.5	96439	114	96381	4019284	41.68
1960-1969	36	0.00113	0.00113	0.5	96324	109	96270	3922903	40.73
1960-1969	37	0.00148	0.00148	0.5	96215	143	96144	3826633	39.77
1960-1969	38	0.00199	0.00199	0.5	96072	191	95977	3730490	38.83
1960-1969	39	0.00169	0.00169	0.5	95882	162	95801	3634513	37.91
1960-1969	40	0.00170	0.00170	0.5	95720	163	95639	3538712	36.97
1960-1969	41	0.00151	0.00151	0.5	95557	144	95485	3443073	36.03
1960-1969	42	0.00225	0.00224	0.5	95413	214	95306	3347588	35.09
1960-1969	43	0.00224	0.00223	0.5	95199	213	95093	3252282	34.16
1960-1969	44	0.00254	0.00254	0.5	94986	241	94866	3157190	33.24
1960-1969	45	0.00297	0.00297	0.5	94745	281	94604	3062324	32.32
1960-1969	46	0.00350	0.00349	0.5	94464	330	94299	2967720	31.42
1960-1969	47	0.00365	0.00364	0.5	94134	343	93963	2873421	30.52
1960-1969	48	0.00375	0.00374	0.5	93791	351	93616	2779458	29.63
1960-1969	49	0.00439	0.00438	0.5	93441	409	93236	2685843	28.74
1960-1969	50	0.00537	0.00536	0.5	93032	498	92783	2592606	27.87
1960-1969	51	0.00521	0.00520	0.5	92533	481	92293	2499824	27.02
1960-1969	52	0.00603	0.00601	0.5	92052	554	91775	2407531	26.15
1960-1969	53	0.00668	0.00665	0.5	91499	609	91194	2315756	25.31
1960-1969	54	0.00682	0.00679	0.5	90890	617	90581	2224562	24.48
1960-1969	55	0.00778	0.00775	0.5	90272	700	89922	2133981	23.64
1960-1969	56	0.00775	0.00772	0.5	89572	692	89227	2044058	22.82
1960-1969	57	0.00845	0.00841	0.5	88881	748	88507	1954832	21.99
1960-1969	58	0.00998	0.00993	0.5	88133	875	87695	1866325	21.18
1960-1969	59	0.01013	0.01008	0.5	87258	880	86818	1778630	20.38
1960-1969	60	0.01049	0.01044	0.5	86378	902	85927	1691812	19.59
1960-1969	61	0.01184	0.01177	0.5	85476	1006	84973	1605884	18.79
1960-1969	62	0.01426	0.01416	0.5	84470	1196	83872	1520911	18.01
1960-1969	63	0.01580	0.01568	0.5	83274	1306	82621	1437039	17.26
1960-1969	64	0.01622	0.01609	0.5	81968	1319	81309	1354418	16.52
1960-1969	65	0.01874	0.01857	0.5	80649	1498	79901	1273109	15.79
1960-1969	66	0.02152	0.02129	0.5	79152	1685	78309	1193208	15.07
1960-1969	67	0.02168	0.02145	0.5	77466	1661	76636	1114899	14.39
1960-1969	68	0.02507	0.02476	0.5	75805	1877	74867	1038264	13.70
1960-1969	69	0.02755	0.02717	0.5	73928	2009	72924	963397	13.03
1960-1969	70	0.03164	0.03115	0.5	71919	2240	70799	890473	12.38
1960-1969	71	0.03306	0.03253	0.5	69679	2266	68546	819674	11.76
1960-1969	72	0.04059	0.03979	0.5	67413	2682	66071	751128	11.14
1960-1969	73	0.04056	0.03975	0.5	64730	2573	63444	685057	10.58
1960-1969	74	0.04653	0.04547	0.5	62157	2826	60744	621613	10.00
1960-1969	75	0.05187	0.05056	0.5	59331	3000	57831	560869	9.45
1960-1969	76	0.05553	0.05403	0.5	56331	3044	54810	503037	8.93
1960-1969	77	0.06356	0.06160	0.5	53288	3283	51647	448228	8.41
1960-1969	78	0.07161	0.06913	0.5	50005	3457	48277	396581	7.93
1960-1969	79	0.07671	0.07387	0.5	46548	3439	44829	348304	7.48
1960-1969	80	0.08617	0.08261	0.5	43109	3561	41329	303476	7.04
1960-1969	81	0.09151	0.08751	0.5	39548	3461	37818	262147	6.63
1960-1969	82	0.10124	0.09636	0.5	36088	3478	34349	224329	6.22
1960-1969	83	0.11188	0.10595	0.5	32610	3455	30882	189980	5.83
1960-1969	84	0.12348	0.11630	0.5	29155	3391	27459	159097	5.46
1960-1969	85	0.13611	0.12744	0.5	25764	3283	24122	131638	5.11
1960-1969	86	0.14980	0.13936	0.5	22481	3133	20914	107516	4.78
1960-1969	87	0.16461	0.15209	0.5	19348	2943	17877	86601	4.48
1960-1969	88	0.18057	0.16562	0.5	16405	2717	15047	68725	4.19
1960-1969	89	0.19771	0.17992	0.5	13688	2463	12457	53678	3.92
1960-1969	90	0.21605	0.19499	0.5	11225	2189	10131	41221	3.67
1960-1969	91	0.23559	0.21076	0.5	9037	1905	8084	31090	3.44
1960-1969	92	0.25632	0.22720	0.5	7132	1620	6322	23006	3.23
1960-1969	93	0.27821	0.24424	0.5	5512	1346	4839	16684	3.03
1960-1969	94	0.30122	0.26179	0.5	4165	1090	3620	11845	2.84
1960-1969	95	0.32526	0.27977	0.5	3075	860	2645	8225	2.67
1960-1969	96	0.35027	0.29807	0.5	2215	660	1885	5580	2.52
1960-1969	97	0.37613	0.31659	0.5	1555	492	1309	3696	2.38
1960-1969	98	0.40271	0.33521	0.5	1062	356	884	2387	2.25
1960-1969	99	0.42988	0.35383	0.5	706	250	581	1503	2.13
1960-1969	100	0.45747	0.37231	0.5	456	170	371	921	2.02
1960-1969	101	0.48533	0.39056	0.5	286	112	231	550	1.92
1960-1969	102	0.51328	0.40845	0.5	175	71	139	319	1.83
1960-1969	103	0.54115	0.42591	0.5	103	44	81	181	1.75
1960-1969	104	0.56876	0.44283	0.5	59	26	46	99	1.67
1960-1969	105	0.59595	0.45914	0.5	33	15	25	53	1.61
1960-1969	106	0.62257	0.47478	0.5	18	8	14	28	1.55
1960-1969	107	0.64846	0.48969	0.5	9	5	7	14	1.49
1960-1969	108	0.67352	0.50384	0.5	5	2	4	7	1.45
1960-1969	109	0.69761	0.51721	0.5	2	1	2	3	1.41
1960-1969	110+	0.72067	1.00000	1.39	1	1	2	2	1.39
1970-1979	0	0.01353	0.01337	0.09	100000	1337	98785	7684959	76.85
1970-1979	1	0.00076	0.00076	0.5	98663	75	98626	7586174	76.89
1970-1979	2	0.00045	0.00045	0.5	98588	44	98566	7487548	75.95
1970-1979	3	0.00033	0.00033	0.5	98543	33	98527	7388983	74.98
1970-1979	4	0.00025	0.00025	0.5	98510	25	98498	7290456	74.01
1970-1979	5	0.00032	0.00032	0.5	98486	31	98470	7191958	73.03
1970-1979	6	0.00035	0.00035	0.5	98455	34	98437	7093487	72.05
1970-1979	7	0.00013	0.00013	0.5	98420	13	98414	6995050	71.07
1970-1979	8	0.00022	0.00022	0.5	98407	22	98396	6896636	70.08
1970-1979	9	0.00017	0.00017	0.5	98385	16	98377	6798240	69.10
1970-1979	10	0.00016	0.00016	0.5	98369	16	98361	6699863	68.11
1970-1979	11	0.00017	0.00017	0.5	98353	17	98344	6601503	67.12
1970-1979	12	0.00021	0.00021	0.5	98336	21	98325	6503158	66.13
1970-1979	13	0.00028	0.00028	0.5	98315	28	98301	6404833	65.15
1970-1979	14	0.00024	0.00024	0.5	98287	24	98275	6306532	64.16
1970-1979	15	0.00028	0.00028	0.5	98263	27	98250	6208257	63.18
1970-1979	16	0.00033	0.00033	0.5	98236	32	98220	6110007	62.20
1970-1979	17	0.00036	0.00036	0.5	98204	36	98186	6011787	61.22
1970-1979	18	0.00041	0.00041	0.5	98168	40	98148	5913601	60.24
1970-1979	19	0.00053	0.00053	0.5	98128	52	98102	5815453	59.26
1970-1979	20	0.00048	0.00048	0.5	98076	47	98053	5717350	58.29
1970-1979	21	0.00058	0.00058	0.5	98030	57	98001	5619298	57.32
1970-1979	22	0.00043	0.00043	0.5	97973	42	97952	5521296	56.36
1970-1979	23	0.00054	0.00054	0.5	97931	53	97905	5423344	55.38
1970-1979	24	0.00043	0.00043	0.5	97878	43	97857	5325439	54.41
1970-1979	25	0.00051	0.00051	0.5	97836	50	97811	5227582	53.43
1970-1979	26	0.00053	0.00053	0.5	97786	51	97760	5129771	52.46
1970-1979	27	0.00053	0.00053	0.5	97735	52	97709	5032011	51.49
1970-1979	28	0.00069	0.00069	0.5	97683	68	97649	4934302	50.51
1970-1979	29	0.00058	0.00058	0.5	97615	57	97587	4836653	49.55
1970-1979	30	0.00067	0.00067	0.5	97558	66	97526	4739066	48.58
1970-1979	31	0.00067	0.00067	0.5	97493	66	97460	4641540	47.61
1970-1979	32	0.00071	0.00071	0.5	97427	69	97393	4544080	46.64
1970-1979	33	0.00078	0.00078	0.5	97358	76	97320	4446688	45.67
1970-1979	34	0.00100	0.00100	0.5	97282	98	97233	4349368	44.71
1970-1979	35	0.00083	0.00083	0.5	97184	81	97144	4252134	43.75
1970-1979	36	0.00136	0.00136	0.5	97103	132	97038	4154991	42.79
1970-1979	37	0.00115	0.00115	0.5	96972	111	96916	4057953	41.85
1970-1979	38	0.00137	0.00137	0.5	96861	133	96794	3961037	40.89
1970-1979	39	0.00152	0.00152	0.5	96728	147	96654	3864243	39.95
1970-1979	40	0.00176	0.00176	0.5	96581	170	96496	3767589	39.01
1970-1979	41	0.00197	0.00197	0.5	96411	190	96316	3671093	38.08
1970-1979	42	0.00184	0.00183	0.5	96221	176	96133	3574777	37.15
1970-1979	43	0.00236	0.00235	0.5	96044	226	95931	3478644	36.22
1970-1979	44	0.00247	0.00246	0.5	95818	236	95700	3382713	35.30
1970-1979	45	0.00276	0.00275	0.5	95582	263	95451	3287013	34.39
1970-1979	46	0.00326	0.00325	0.5	95319	310	95164	3191562	33.48
1970-1979	47	0.00316	0.00316	0.5	95009	300	94859	3096398	32.59
1970-1979	48	0.00380	0.00379	0.5	94709	359	94530	3001538	31.69
1970-1979	49	0.00348	0.00347	0.5	94350	328	94186	2907009	30.81
1970-1979	50	0.00478	0.00477	0.5	94023	448	93799	2812822	29.92
1970-1979	51	0.00451	0.00450	0.5	93574	421	93364	2719024	29.06
1970-1979	52	0.00446	0.00445	0.5	93154	415	92946	2625659	28.19
1970-1979	53	0.00518	0.00517	0.5	92739	479	92499	2532713	27.31
1970-1979	54	0.00594	0.00592	0.5	92260	546	91986	2440214	26.45
1970-1979	55	0.00593	0.00591	0.5	91713	542	91442	2348228	25.60
1970-1979	56	0.00722	0.00719	0.5	91171	656	90843	2256785	24.75
1970-1979	57	0.00781	0.00778	0.5	90515	705	90163	2165942	23.93
1970-1979	58	0.00847	0.00844	0.5	89811	758	89432	2075779	23.11
1970-1979	59	0.00951	0.00946	0.5	89053	843	88632	1986347	22.31
1970-1979	60	0.01025	0.01020	0.5	88211	900	87761	1897715	21.51
1970-1979	61	0.01047	0.01042	0.5	87311	910	86856	1809954	20.73
1970-1979	62	0.01231	0.01223	0.5	86401	1057	85873	1723098	19.94
1970-1979	63	0.01332	0.01324	0.5	85344	1130	84780	1637225	19.18
1970-1979	64	0.01340	0.01331	0.5	84215	1121	83654	1552445	18.43
1970-1979	65	0.01489	0.01478	0.5	83094	1228	82480	1468791	17.68
1970-1979	66	0.01691	0.01677	0.5	81866	1373	81179	1386311	16.93
1970-1979	67	0.01702	0.01688	0.5	80493	1359	79814	1305131	16.21
1970-1979	68	0.01828	0.01811	0.5	79134	1433	78418	1225318	15.48
1970-1979	69	0.02182	0.02159	0.5	77701	1677	76862	1146900	14.76
1970-1979	70	0.02324	0.02297	0.5	76024	1746	75151	1070037	14.08
1970-1979	71	0.02699	0.02663	0.5	74277	1978	73288	994887	13.39
1970-1979	72	0.03094	0.03047	0.5	72299	2203	71197	921599	12.75
1970-1979	73	0.03341	0.03286	0.5	70096	2303	68944	850401	12.13
1970-1979	74	0.03525	0.03464	0.5	67793	2348	66619	781457	11.53
1970-1979	75	0.04293	0.04203	0.5	65445	2751	64069	714838	10.92
1970-1979	76	0.04229	0.04142	0.5	62694	2596	61396	650769	10.38
1970-1979	77	0.04820	0.04707	0.5	60097	2829	58683	589373	9.81
1970-1979	78	0.05280	0.05145	0.5	57269	2946	55796	530690	9.27
1970-1979	79	0.05749	0.05588	0.5	54322	3036	52805	474895	8.74
1970-1979	80	0.06440	0.06239	0.5	51287	3200	49687	422090	8.23
1970-1979	81	0.07099	0.06856	0.5	48087	3297	46439	372403	7.74
1970-1979	82	0.07927	0.07624	0.5	44790	3415	43083	325964	7.28
1970-1979	83	0.08769	0.08401	0.5	41375	3476	39637	282882	6.84
1970-1979	84	0.09692	0.09244	0.5	37899	3503	36148	243244	6.42
1970-1979	85	0.10701	0.10157	0.5	34396	3494	32649	207097	6.02
1970-1979	86	0.11800	0.11143	0.5	30902	3443	29180	174448	5.65
1970-1979	87	0.12997	0.12204	0.5	27459	3351	25783	145267	5.29
1970-1979	88	0.14295	0.13341	0.5	24108	3216	22500	119484	4.96
1970-1979	89	0.15699	0.14556	0.5	20892	3041	19371	96984	4.64
1970-1979	90	0.17213	0.15849	0.5	17851	2829	16436	77613	4.35
1970-1979	91	0.18841	0.17219	0.5	15021	2587	13728	61177	4.07
1970-1979	92	0.20585	0.18664	0.5	12435	2321	11274	47449	3.82
1970-1979	93	0.22445	0.20180	0.5	10114	2041	9094	36175	3.58
1970-1979	94	0.24422	0.21764	0.5	8073	1757	7194	27081	3.35
1970-1979	95	0.26513	0.23410	0.5	6316	1479	5577	19887	3.15
1970-1979	96	0.28715	0.25110	0.5	4837	1215	4230	14310	2.96
1970-1979	97	0.31023	0.26857	0.5	3623	973	3136	10080	2.78
1970-1979	98	0.33430	0.28642	0.5	2650	759	2270	6944	2.62
1970-1979	99	0.35925	0.30455	0.5	1891	576	1603	4674	2.47
1970-1979	100	0.38500	0.32285	0.5	1315	425	1103	3071	2.34
1970-1979	101	0.41141	0.34122	0.5	890	304	739	1968	2.21
1970-1979	102	0.43833	0.35953	0.5	587	211	481	1229	2.10
1970-1979	103	0.46562	0.37769	0.5	376	142	305	748	1.99
1970-1979	104	0.49313	0.39559	0.5	234	92	188	443	1.90
1970-1979	105	0.52067	0.41312	0.5	141	58	112	256	1.81
1970-1979	106	0.54809	0.43019	0.5	83	36	65	144	1.73
1970-1979	107	0.57522	0.44673	0.5	47	21	37	79	1.67
1970-1979	108	0.60190	0.46266	0.5	26	12	20	42	1.61
1970-1979	109	0.62799	0.47792	0.5	14	7	11	22	1.56
1970-1979	110+	0.65336	1.00000	1.53	7	7	11	11	1.53
1980-1989	0	0.00868	0.00861	0.08	100000	861	99205	7898483	78.98
1980-1989	1	0.00043	0.00043	0.5	99139	42	99118	7799277	78.67
1980-1989	2	0.00037	0.00037	0.5	99097	37	99078	7700159	77.70
1980-1989	3	0.00022	0.00022	0.5	99060	22	99049	7601081	76.73
1980-1989	4	0.00022	0.00022	0.5	99038	22	99027	7502032	75.75
1980-1989	5	0.00016	0.00015	0.5	99016	15	99009	7403004	74.77
1980-1989	6	0.00026	0.00026	0.5	99001	26	98988	7303996	73.78
1980-1989	7	0.00022	0.00022	0.5	98975	22	98964	7205008	72.80
1980-1989	8	0.00014	0.00014	0.5	98953	14	98945	7106044	71.81
1980-1989	9	0.00015	0.00015	0.5	98938	15	98931	7007099	70.82
1980-1989	10	0.00015	0.00015	0.5	98923	15	98916	6908168	69.83
1980-1989	11	0.00016	0.00016	0.5	98909	16	98901	6809252	68.84
1980-1989	12	0.00018	0.00018	0.5	98893	18	98884	6710351	67.85
1980-1989	13	0.00016	0.00016	0.5	98875	15	98867	6611467	66.87
1980-1989	14	0.00020	0.00020	0.5	98860	19	98850	6512600	65.88
1980-1989	15	0.00024	0.00024	0.5	98840	24	98828	6413750	64.89
1980-1989	16	0.00029	0.00029	0.5	98816	29	98802	6314922	63.91
1980-1989	17	0.00030	0.00030	0.5	98787	30	98772	6216120	62.92
1980-1989	18	0.00034	0.00034	0.5	98757	33	98741	6117348	61.94
1980-1989	19	0.00033	0.00033	0.5	98724	33	98707	6018607	60.96
1980-1989	20	0.00037	0.00037	0.5	98691	37	98673	5919900	59.98
1980-1989	21	0.00031	0.00031	0.5	98654	31	98639	5821227	59.01
1980-1989	22	0.00037	0.00037	0.5	98623	36	98605	5722588	58.02
1980-1989	23	0.00043	0.00043	0.5	98587	42	98566	5623983	57.05
1980-1989	24	0.00044	0.00044	0.5	98545	44	98523	5525417	56.07
1980-1989	25	0.00046	0.00046	0.5	98501	45	98479	5426894	55.09
1980-1989	26	0.00031	0.00031	0.5	98456	31	98441	5328415	54.12
1980-1989	27	0.00054	0.00054	0.5	98426	53	98399	5229974	53.14
1980-1989	28	0.00054	0.00054	0.5	98373	53	98347	5131574	52.16
1980-1989	29	0.00058	0.00058	0.5	98320	57	98292	5033228	51.19
1980-1989	30	0.00045	0.00045	0.5	98263	45	98241	4934936	50.22
1980-1989	31	0.00070	0.00070	0.5	98219	68	98185	4836695	49.24
1980-1989	32	0.00073	0.00073	0.5	98151	72	98115	4738510	48.28
1980-1989	33	0.00069	0.00069	0.5	98079	67	98045	4640395	47.31
1980-1989	34	0.00064	0.00064	0.5	98012	62	97980	4542350	46.35
1980-1989	35	0.00076	0.00076	0.5	97949	75	97912	4444370	45.37
1980-1989	36	0.00062	0.00062	0.5	97875	61	97844	4346458	44.41
1980-1989	37	0.00102	0.00102	0.5	97814	100	97764	4248614	43.44
1980-1989	38	0.00113	0.00113	0.5	97714	110	97658	4150850	42.48
1980-1989	39	0.00110	0.00110	0.5	97603	107	97550	4053192	41.53
1980-1989	40	0.00127	0.00127	0.5	97496	124	97434	3955642	40.57
1980-1989	41	0.00159	0.00159	0.5	97372	155	97294	3858208	39.62
1980-1989	42	0.00146	0.00146	0.5	97217	142	97146	3760914	38.69
1980-1989	43	0.00202	0.00202	0.5	97076	196	96978	3663768	37.74
1980-1989	44	0.00178	0.00178	0.5	96880	172	96794	3566790	36.82
1980-1989	45	0.00229	0.00229	0.5	96708	221	96597	3469996	35.88
1980-1989	46	0.00219	0.00219	0.5	96487	211	96381	3373399	34.96
1980-1989	47	0.00237	0.00236	0.5	96275	228	96162	3277018	34.04
1980-1989	48	0.00298	0.00298	0.5	96048	286	95905	3180857	33.12
1980-1989	49	0.00323	0.00322	0.5	95762	309	95607	3084952	32.21
1980-1989	50	0.00363	0.00362	0.5	95453	345	95280	2989344	31.32
1980-1989	51	0.00418	0.00417	0.5	95108	396	94909	2894064	30.43
1980-1989	52	0.00437	0.00436	0.5	94711	413	94505	2799154	29.55
1980-1989	53	0.00505	0.00504	0.5	94298	475	94061	2704650	28.68
1980-1989	54	0.00527	0.00526	0.5	93823	494	93576	2610589	27.82
1980-1989	55	0.00554	0.00553	0.5	93330	516	93072	2517013	26.97
1980-1989	56	0.00560	0.00559	0.5	92814	519	92554	2423941	26.12
1980-1989	57	0.00601	0.00599	0.5	92295	553	92019	2331387	25.26
1980-1989	58	0.00800	0.00797	0.5	91742	731	91377	2239368	24.41
1980-1989	59	0.00720	0.00717	0.5	91011	653	90685	2147992	23.60
1980-1989	60	0.00796	0.00793	0.5	90359	717	90000	2057307	22.77
1980-1989	61	0.00907	0.00903	0.5	89642	810	89237	1967306	21.95
1980-1989	62	0.01075	0.01069	0.5	88833	950	88358	1878069	21.14
1980-1989	63	0.01192	0.01185	0.5	87883	1042	87362	1789711	20.36
1980-1989	64	0.01273	0.01265	0.5	86841	1098	86292	1702349	19.60
1980-1989	65	0.01325	0.01316	0.5	85743	1129	85178	1616057	18.85
1980-1989	66	0.01471	0.01460	0.5	84614	1235	83996	1530879	18.09
1980-1989	67	0.01596	0.01583	0.5	83379	1320	82718	1446883	17.35
1980-1989	68	0.01659	0.01645	0.5	82058	1350	81383	1364165	16.62
1980-1989	69	0.01958	0.01939	0.5	80708	1565	79926	1282781	15.89
1980-1989	70	0.02038	0.02018	0.5	79144	1597	78345	1202855	15.20
1980-1989	71	0.02115	0.02093	0.5	77547	1623	76735	1124510	14.50
1980-1989	72	0.02432	0.02403	0.5	75923	1825	75011	1047775	13.80
1980-1989	73	0.02770	0.02732	0.5	74099	2024	73087	972764	13.13
1980-1989	74	0.02941	0.02899	0.5	72075	2089	71030	899677	12.48
1980-1989	75	0.03236	0.03185	0.5	69985	2229	68871	828647	11.84
1980-1989	76	0.03529	0.03467	0.5	67757	2349	66582	759776	11.21
1980-1989	77	0.03947	0.03871	0.5	65407	2532	64141	693194	10.60
1980-1989	78	0.04477	0.04379	0.5	62876	2753	61499	629053	10.00
1980-1989	79	0.04709	0.04600	0.5	60122	2766	58739	567554	9.44
1980-1989	80	0.05506	0.05358	0.5	57356	3073	55820	508815	8.87
1980-1989	81	0.06136	0.05953	0.5	54283	3232	52667	452995	8.35
1980-1989	82	0.06833	0.06608	0.5	51052	3373	49365	400327	7.84
1980-1989	83	0.07604	0.07325	0.5	47678	3493	45932	350962	7.36
1980-1989	84	0.08453	0.08110	0.5	44186	3584	42394	305030	6.90
1980-1989	85	0.09388	0.08967	0.5	40602	3641	38782	262637	6.47
1980-1989	86	0.10414	0.09898	0.5	36961	3659	35132	223855	6.06
1980-1989	87	0.11538	0.10908	0.5	33303	3633	31487	188723	5.67
1980-1989	88	0.12765	0.12000	0.5	29670	3560	27890	157236	5.30
1980-1989	89	0.14103	0.13174	0.5	26110	3440	24390	129346	4.95
1980-1989	90	0.15556	0.14434	0.5	22670	3272	21034	104956	4.63
1980-1989	91	0.17129	0.15778	0.5	19398	3061	17868	83922	4.33
1980-1989	92	0.18825	0.17206	0.5	16337	2811	14932	66054	4.04
1980-1989	93	0.20648	0.18716	0.5	13526	2532	12261	51123	3.78
1980-1989	94	0.22598	0.20304	0.5	10995	2232	9879	38862	3.53
1980-1989	95	0.24675	0.21965	0.5	8762	1925	7800	28983	3.31
1980-1989	96	0.26876	0.23692	0.5	6838	1620	6028	21183	3.10
1980-1989	97	0.29198	0.25478	0.5	5218	1329	4553	15155	2.90
1980-1989	98	0.31633	0.27313	0.5	3888	1062	3357	10602	2.73
1980-1989	99	0.34173	0.29186	0.5	2826	825	2414	7245	2.56
1980-1989	100	0.36808	0.31087	0.5	2001	622	1690	4831	2.41
1980-1989	101	0.39524	0.33002	0.5	1379	455	1152	3141	2.28
1980-1989	102	0.42306	0.34920	0.5	924	323	763	1989	2.15
1980-1989	103	0.45138	0.36826	0.5	601	221	491	1226	2.04
1980-1989	104	0.48001	0.38711	0.5	380	147	306	736	1.94
1980-1989	105	0.50878	0.40560	0.5	233	94	186	429	1.84
1980-1989	106	0.53749	0.42364	0.5	138	59	109	244	1.76
1980-1989	107	0.56595	0.44113	0.5	80	35	62	135	1.69
1980-1989	108	0.59399	0.45797	0.5	45	20	34	72	1.62
1980-1989	109	0.62142	0.47411	0.5	24	11	18	38	1.57
1980-1989	110+	0.64810	1.00000	1.54	13	13	20	20	1.54
1990-1999	0	0.00614	0.00611	0.07	100000	611	99432	8020710	80.21
1990-1999	1	0.00034	0.00034	0.5	99389	34	99372	7921278	79.70
1990-1999	2	0.00023	0.00023	0.5	99355	23	99344	7821906	78.73
1990-1999	3	0.00014	0.00014	0.5	99333	13	99326	7722562	77.74
1990-1999	4	0.00018	0.00018	0.5	99319	18	99310	7623236	76.75
1990-1999	5	0.00009	0.00009	0.5	99302	9	99297	7523926	75.77
1990-1999	6	0.00019	0.00019	0.5	99293	19	99283	7424628	74.78
1990-1999	7	0.00021	0.00021	0.5	99274	21	99263	7325345	73.79
1990-1999	8	0.00013	0.00013	0.5	99253	13	99246	7226082	72.80
1990-1999	9	0.00011	0.00011	0.5	99240	11	99235	7126836	71.81
1990-1999	10	0.00015	0.00015	0.5	99229	15	99222	7027601	70.82
1990-1999	11	0.00010	0.00010	0.5	99214	9	99209	6928379	69.83
1990-1999	12	0.00008	0.00008	0.5	99205	8	99201	6829170	68.84
1990-1999	13	0.00016	0.00016	0.5	99197	16	99189	6729969	67.84
1990-1999	14	0.00022	0.00022	0.5	99181	21	99170	6630780	66.86
1990-1999	15	0.00018	0.00018	0.5	99159	18	99150	6531610	65.87
1990-1999	16	0.00020	0.00020	0.5	99141	20	99131	6432460	64.88
1990-1999	17	0.00044	0.00044	0.5	99121	44	99099	6333329	63.89
1990-1999	18	0.00023	0.00023	0.5	99077	23	99066	6234230	62.92
1990-1999	19	0.00021	0.00021	0.5	99054	21	99043	6135164	61.94
1990-1999	20	0.00014	0.00014	0.5	99033	14	99026	6036121	60.95
1990-1999	21	0.00027	0.00027	0.5	99019	27	99006	5937095	59.96
1990-1999	22	0.00034	0.00034	0.5	98993	34	98976	5838089	58.98
1990-1999	23	0.00037	0.00037	0.5	98959	37	98940	5739113	58.00
1990-1999	24	0.00036	0.00036	0.5	98922	36	98904	5640173	57.02
1990-1999	25	0.00027	0.00027	0.5	98886	27	98873	5541269	56.04
1990-1999	26	0.00039	0.00039	0.5	98859	39	98840	5442397	55.05
1990-1999	27	0.00035	0.00035	0.5	98820	34	98803	5343557	54.07
1990-1999	28	0.00052	0.00052	0.5	98786	51	98761	5244753	53.09
1990-1999	29	0.00061	0.00061	0.5	98735	61	98705	5145993	52.12
1990-1999	30	0.00060	0.00060	0.5	98675	59	98645	5047288	51.15
1990-1999	31	0.00061	0.00061	0.5	98615	60	98585	4948643	50.18
1990-1999	32	0.00068	0.00068	0.5	98556	67	98522	4850057	49.21
1990-1999	33	0.00067	0.00067	0.5	98489	66	98456	4751535	48.24
1990-1999	34	0.00083	0.00083	0.5	98423	82	98382	4653079	47.28
1990-1999	35	0.00094	0.00094	0.5	98341	93	98295	4554698	46.32
1990-1999	36	0.00090	0.00090	0.5	98248	88	98204	4456403	45.36
1990-1999	37	0.00107	0.00107	0.5	98160	105	98107	4358199	44.40
1990-1999	38	0.00113	0.00113	0.5	98055	111	97999	4260092	43.45
1990-1999	39	0.00108	0.00108	0.5	97944	106	97891	4162093	42.49
1990-1999	40	0.00107	0.00107	0.5	97838	104	97785	4064202	41.54
1990-1999	41	0.00147	0.00147	0.5	97733	143	97661	3966417	40.58
1990-1999	42	0.00134	0.00134	0.5	97590	131	97524	3868755	39.64
1990-1999	43	0.00158	0.00158	0.5	97459	154	97382	3771231	38.70
1990-1999	44	0.00164	0.00164	0.5	97304	159	97225	3673850	37.76
1990-1999	45	0.00183	0.00182	0.5	97145	177	97057	3576625	36.82
1990-1999	46	0.00209	0.00209	0.5	96968	202	96867	3479568	35.88
1990-1999	47	0.00243	0.00243	0.5	96766	235	96648	3382702	34.96
1990-1999	48	0.00256	0.00256	0.5	96531	247	96408	3286054	34.04
1990-1999	49	0.00263	0.00263	0.5	96284	253	96158	3189646	33.13
1990-1999	50	0.00279	0.00279	0.5	96031	268	95898	3093488	32.21
1990-1999	51	0.00296	0.00295	0.5	95764	283	95622	2997591	31.30
1990-1999	52	0.00396	0.00395	0.5	95481	377	95292	2901969	30.39
1990-1999	53	0.00407	0.00406	0.5	95104	386	94910	2806676	29.51
1990-1999	54	0.00387	0.00386	0.5	94717	366	94534	2711766	28.63
1990-1999	55	0.00507	0.00506	0.5	94352	477	94113	2617232	27.74
1990-1999	56	0.00564	0.00563	0.5	93874	528	93610	2523119	26.88
1990-1999	57	0.00559	0.00557	0.5	93346	520	93086	2429508	26.03
1990-1999	58	0.00739	0.00736	0.5	92826	683	92484	2336422	25.17
1990-1999	59	0.00780	0.00777	0.5	92142	716	91784	2243938	24.35
1990-1999	60	0.00822	0.00818	0.5	91426	748	91052	2152154	23.54
1990-1999	61	0.00992	0.00987	0.5	90678	895	90230	2061102	22.73
1990-1999	62	0.00967	0.00962	0.5	89783	864	89351	1970871	21.95
1990-1999	63	0.01082	0.01076	0.5	88919	957	88440	1881521	21.16
1990-1999	64	0.01032	0.01027	0.5	87962	903	87510	1793080	20.38
1990-1999	65	0.01238	0.01231	0.5	87059	1071	86523	1705570	19.59
1990-1999	66	0.01314	0.01306	0.5	85987	1123	85426	1619047	18.83
1990-1999	67	0.01331	0.01322	0.5	84865	1122	84304	1533621	18.07
1990-1999	68	0.01756	0.01740	0.5	83743	1458	83014	1449317	17.31
1990-1999	69	0.01697	0.01683	0.5	82285	1385	81593	1366304	16.60
1990-1999	70	0.01809	0.01792	0.5	80900	1450	80175	1284711	15.88
1990-1999	71	0.02035	0.02015	0.5	79450	1601	78650	1204535	15.16
1990-1999	72	0.02195	0.02171	0.5	77850	1690	77005	1125885	14.46
1990-1999	73	0.02346	0.02319	0.5	76160	1766	75277	1048881	13.77
1990-1999	74	0.02636	0.02602	0.5	74393	1936	73426	973604	13.09
1990-1999	75	0.02895	0.02854	0.5	72458	2068	71424	900179	12.42
1990-1999	76	0.03198	0.03147	0.5	70390	2215	69282	828755	11.77
1990-1999	77	0.03510	0.03450	0.5	68175	2352	66999	759473	11.14
1990-1999	78	0.03688	0.03621	0.5	65823	2383	64631	692474	10.52
1990-1999	79	0.04282	0.04193	0.5	63439	2660	62110	627843	9.90
1990-1999	80	0.04928	0.04809	0.5	60780	2923	59318	565733	9.31
1990-1999	81	0.05261	0.05126	0.5	57857	2966	56374	506415	8.75
1990-1999	82	0.05994	0.05820	0.5	54891	3195	53293	450042	8.20
1990-1999	83	0.06741	0.06521	0.5	51696	3371	50010	396748	7.67
1990-1999	84	0.07574	0.07297	0.5	48325	3526	46562	346738	7.18
1990-1999	85	0.08499	0.08153	0.5	44798	3652	42972	300176	6.70
1990-1999	86	0.09527	0.09094	0.5	41146	3742	39275	257204	6.25
1990-1999	87	0.10664	0.10124	0.5	37404	3787	35511	217929	5.83
1990-1999	88	0.11919	0.11248	0.5	33618	3781	31727	182418	5.43
1990-1999	89	0.13299	0.12470	0.5	29836	3721	27976	150691	5.05
1990-1999	90	0.14813	0.13792	0.5	26116	3602	24315	122715	4.70
1990-1999	91	0.16466	0.15214	0.5	22514	3425	20801	98400	4.37
1990-1999	92	0.18264	0.16736	0.5	19089	3195	17491	77599	4.07
1990-1999	93	0.20211	0.18356	0.5	15894	2918	14435	60108	3.78
1990-1999	94	0.22309	0.20070	0.5	12976	2604	11674	45673	3.52
1990-1999	95	0.24558	0.21872	0.5	10372	2269	9238	33998	3.28
1990-1999	96	0.26954	0.23753	0.5	8103	1925	7141	24761	3.06
1990-1999	97	0.29494	0.25703	0.5	6179	1588	5385	17620	2.85
1990-1999	98	0.32166	0.27710	0.5	4591	1272	3954	12235	2.67
1990-1999	99	0.34961	0.29759	0.5	3318	988	2825	8281	2.50
1990-1999	100	0.37864	0.31837	0.5	2331	742	1960	5456	2.34
1990-1999	101	0.40856	0.33926	0.5	1589	539	1319	3496	2.20
1990-1999	102	0.43917	0.36010	0.5	1050	378	861	2177	2.07
1990-1999	103	0.47025	0.38073	0.5	672	256	544	1316	1.96
1990-1999	104	0.50157	0.40100	0.5	416	167	333	772	1.86
1990-1999	105	0.53287	0.42076	0.5	249	105	197	439	1.76
1990-1999	106	0.56392	0.43989	0.5	144	63	113	243	1.68
1990-1999	107	0.59447	0.45826	0.5	81	37	62	130	1.61
1990-1999	108	0.62431	0.47579	0.5	44	21	33	68	1.55
1990-1999	109	0.65323	0.49241	0.5	23	11	17	34	1.50
1990-1999	110+	0.68107	1.00000	1.47	12	12	17	17	1.47
2000-2009	0	0.00604	0.00600	0.07	100000	600	99442	8103016	81.03
2000-2009	1	0.00034	0.00034	0.5	99400	33	99383	8003575	80.52
2000-2009	2	0.00010	0.00010	0.5	99366	10	99362	7904192	79.55
2000-2009	3	0.00010	0.00010	0.5	99357	10	99352	7804830	78.55
2000-2009	4	0.00010	0.00010	0.5	99347	10	99342	7705478	77.56
2000-2009	5	0.00008	0.00008	0.5	99337	8	99333	7606137	76.57
2000-2009	6	0.00010	0.00010	0.5	99329	10	99324	7506804	75.58
2000-2009	7	0.00013	0.00013	0.5	99319	12	99313	7407479	74.58
2000-2009	8	0.00008	0.00008	0.5	99307	8	99303	7308166	73.59
2000-2009	9	0.00006	0.00006	0.5	99299	6	99296	7208863	72.60
2000-2009	10	0.00012	0.00012	0.5	99293	12	99287	7109566	71.60
2000-2009	11	0.00012	0.00012	0.5	99282	12	99276	7010279	70.61
2000-2009	12	0.00016	0.00016	0.5	99270	16	99262	6911003	69.62
2000-2009	13	0.00014	0.00014	0.5	99254	14	99247	6811741	68.63
2000-2009	14	0.00013	0.00013	0.5	99240	13	99233	6712494	67.64
2000-2009	15	0.00016	0.00016	0.5	99227	16	99219	6613261	66.65
2000-2009	16	0.00036	0.00036	0.5	99211	36	99193	6514042	65.66
2000-2009	17	0.00026	0.00026	0.5	99176	25	99163	6414848	64.68
2000-2009	18	0.00025	0.00025	0.5	99150	25	99138	6315686	63.70
2000-2009	19	0.00027	0.00027	0.5	99125	26	99112	6216548	62.71
2000-2009	20	0.00029	0.00029	0.5	99099	28	99085	6117436	61.73
2000-2009	21	0.00028	0.00028	0.5	99070	28	99057	6018351	60.75
2000-2009	22	0.00036	0.00036	0.5	99043	36	99025	5919295	59.77
2000-2009	23	0.00029	0.00029	0.5	99007	29	98993	5820270	58.79
2000-2009	24	0.00040	0.00040	0.5	98978	39	98959	5721277	57.80
2000-2009	25	0.00033	0.00033	0.5	98939	33	98923	5622319	56.83
2000-2009	26	0.00045	0.00045	0.5	98906	45	98884	5523396	55.84
2000-2009	27	0.00044	0.00044	0.5	98862	43	98840	5424512	54.87
2000-2009	28	0.00046	0.00046	0.5	98818	45	98796	5325672	53.89
2000-2009	29	0.00059	0.00059	0.5	98773	58	98744	5226876	52.92
2000-2009	30	0.00066	0.00066	0.5	98715	65	98683	5128132	51.95
2000-2009	31	0.00041	0.00041	0.5	98650	41	98630	5029449	50.98
2000-2009	32	0.00046	0.00046	0.5	98609	45	98587	4930820	50.00
2000-2009	33	0.00059	0.00059	0.5	98564	58	98535	4832233	49.03
2000-2009	34	0.00059	0.00059	0.5	98506	58	98477	4733698	48.06
2000-2009	35	0.00068	0.00068	0.5	98447	67	98414	4635222	47.08
2000-2009	36	0.00079	0.00079	0.5	98381	77	98342	4536807	46.11
2000-2009	37	0.00084	0.00084	0.5	98303	83	98262	4438465	45.15
2000-2009	38	0.00093	0.00093	0.5	98221	91	98175	4340203	44.19
2000-2009	39	0.00090	0.00090	0.5	98130	88	98086	4242028	43.23
2000-2009	40	0.00136	0.00136	0.5	98042	134	97975	4143942	42.27
2000-2009	41	0.00126	0.00126	0.5	97908	123	97846	4045967	41.32
2000-2009	42	0.00141	0.00141	0.5	97785	138	97716	3948121	40.38
2000-2009	43	0.00186	0.00185	0.5	97647	181	97556	3850405	39.43
2000-2009	44	0.00163	0.00162	0.5	97465	158	97386	3752849	38.50
2000-2009	45	0.00171	0.00171	0.5	97307	166	97224	3655463	37.57
2000-2009	46	0.00237	0.00237	0.5	97141	230	97026	3558239	36.63
2000-2009	47	0.00240	0.00240	0.5	96911	232	96794	3461213	35.72
2000-2009	48	0.00271	0.00270	0.5	96678	262	96547	3364419	34.80
2000-2009	49	0.00259	0.00259	0.5	96417	249	96292	3267871	33.89
2000-2009	50	0.00251	0.00250	0.5	96167	241	96047	3171579	32.98
2000-2009	51	0.00326	0.00326	0.5	95927	312	95770	3075532	32.06
2000-2009	52	0.00318	0.00318	0.5	95614	304	95462	2979762	31.16
2000-2009	53	0.00367	0.00367	0.5	95310	350	95136	2884299	30.26
2000-2009	54	0.00368	0.00368	0.5	94961	349	94786	2789164	29.37
2000-2009	55	0.00408	0.00407	0.5	94612	385	94419	2694378	28.48
2000-2009	56	0.00404	0.00403	0.5	94227	380	94037	2599959	27.59
2000-2009	57	0.00498	0.00497	0.5	93847	466	93614	2505922	26.70
2000-2009	58	0.00560	0.00558	0.5	93381	521	93120	2412308	25.83
2000-2009	59	0.00652	0.00650	0.5	92860	603	92558	2319188	24.98
2000-2009	60	0.00689	0.00687	0.5	92256	634	91940	2226630	24.14
2000-2009	61	0.00765	0.00762	0.5	91623	699	91273	2134690	23.30
2000-2009	62	0.00789	0.00786	0.5	90924	715	90567	2043417	22.47
2000-2009	63	0.00798	0.00795	0.5	90210	717	89851	1952850	21.65
2000-2009	64	0.01022	0.01017	0.5	89492	910	89037	1862999	20.82
2000-2009	65	0.01016	0.01011	0.5	88582	896	88134	1773962	20.03
2000-2009	66	0.01221	0.01213	0.5	87686	1064	87154	1685828	19.23
2000-2009	67	0.01266	0.01258	0.5	86623	1090	86078	1598673	18.46
2000-2009	68	0.01380	0.01370	0.5	85533	1172	84947	1512596	17.68
2000-2009	69	0.01604	0.01592	0.5	84361	1343	83690	1427649	16.92
2000-2009	70	0.01742	0.01727	0.5	83018	1434	82301	1343959	16.19
2000-2009	71	0.01697	0.01683	0.5	81584	1373	80898	1261658	15.46
2000-2009	72	0.01901	0.01883	0.5	80211	1510	79456	1180760	14.72
2000-2009	73	0.02158	0.02135	0.5	78701	1681	77861	1101304	13.99
2000-2009	74	0.02482	0.02451	0.5	77020	1888	76076	1023443	13.29
2000-2009	75	0.02645	0.02611	0.5	75133	1962	74152	947367	12.61
2000-2009	76	0.02965	0.02921	0.5	73171	2138	72102	873215	11.93
2000-2009	77	0.03397	0.03340	0.5	71033	2373	69847	801113	11.28
2000-2009	78	0.03815	0.03744	0.5	68661	2570	67375	731266	10.65
2000-2009	79	0.03920	0.03845	0.5	66090	2541	64820	663891	10.05
2000-2009	80	0.04434	0.04338	0.5	63549	2757	62171	599071	9.43
2000-2009	81	0.04911	0.04794	0.5	60793	2914	59335	536901	8.83
2000-2009	82	0.05589	0.05437	0.5	57878	3147	56305	477565	8.25
2000-2009	83	0.06355	0.06159	0.5	54731	3371	53046	421260	7.70
2000-2009	84	0.07217	0.06965	0.5	51360	3577	49572	368214	7.17
2000-2009	85	0.08186	0.07864	0.5	47783	3757	45904	318643	6.67
2000-2009	86	0.09271	0.08861	0.5	44025	3901	42075	272738	6.20
2000-2009	87	0.10485	0.09963	0.5	40125	3997	38126	230663	5.75
2000-2009	88	0.11836	0.11175	0.5	36127	4037	34109	192538	5.33
2000-2009	89	0.13336	0.12503	0.5	32090	4012	30084	158429	4.94
2000-2009	90	0.14994	0.13948	0.5	28078	3916	26120	128345	4.57
2000-2009	91	0.16817	0.15513	0.5	24161	3748	22287	102226	4.23
2000-2009	92	0.18814	0.17196	0.5	20413	3510	18658	79938	3.92
2000-2009	93	0.20987	0.18994	0.5	16903	3211	15298	61280	3.63
2000-2009	94	0.23340	0.20901	0.5	13692	2862	12262	45982	3.36
2000-2009	95	0.25869	0.22907	0.5	10831	2481	9590	33721	3.11
2000-2009	96	0.28571	0.25000	0.5	8350	2087	7306	24131	2.89
2000-2009	97	0.31436	0.27166	0.5	6262	1701	5412	16825	2.69
2000-2009	98	0.34449	0.29387	0.5	4561	1340	3891	11413	2.50
2000-2009	99	0.37592	0.31644	0.5	3221	1019	2711	7522	2.34
2000-2009	100	0.40843	0.33917	0.5	2202	747	1828	4811	2.19
2000-2009	101	0.44177	0.36184	0.5	1455	526	1192	2983	2.05
2000-2009	102	0.47564	0.38426	0.5	928	357	750	1791	1.93
2000-2009	103	0.50974	0.40621	0.5	572	232	456	1041	1.82
2000-2009	104	0.54374	0.42751	0.5	339	145	267	585	1.72
2000-2009	105	0.57734	0.44801	0.5	194	87	151	319	1.64
2000-2009	106	0.61025	0.46758	0.5	107	50	82	168	1.56
2000-2009	107	0.64217	0.48609	0.5	57	28	43	86	1.50
2000-2009	108	0.67289	0.50349	0.5	29	15	22	42	1.44
2000-2009	109	0.70219	0.51972	0.5	15	8	11	20	1.40
2000-2009	110+	0.72992	1.00000	1.37	7	7	10	10	1.37
2010-2019	0	0.00552	0.00549	0.07	100000	549	99488	8224761	82.25
2010-2019	1	0.00009	0.00009	0.5	99451	9	99446	8125273	81.70
2010-2019	2	0.00011	0.00011	0.5	99441	11	99436	8025827	80.71
2010-2019	3	0.00018	0.00018	0.5	99430	18	99421	7926391	79.72
2010-2019	4	0.00011	0.00011	0.5	99412	11	99407	7826970	78.73
2010-2019	5	0.00007	0.00007	0.5	99401	7	99398	7727563	77.74
2010-2019	6	0.00007	0.00007	0.5	99394	7	99390	7628166	76.75
2010-2019	7	0.00005	0.00005	0.5	99387	5	99384	7528775	75.75
2010-2019	8	0.00007	0.00007	0.5	99382	7	99378	7429391	74.76
2010-2019	9	0.00009	0.00009	0.5	99375	9	99370	7330013	73.76
2010-2019	10	0.00014	0.00014	0.5	99366	14	99359	7230642	72.77
2010-2019	11	0.00009	0.00009	0.5	99352	8	99348	7131283	71.78
2010-2019	12	0.00003	0.00003	0.5	99344	3	99342	7031935	70.78
2010-2019	13	0.00007	0.00007	0.5	99340	7	99337	6932593	69.79
2010-2019	14	0.00018	0.00018	0.5	99334	18	99325	6833256	68.79
2010-2019	15	0.00015	0.00015	0.5	99316	14	99309	6733931	67.80
2010-2019	16	0.00017	0.00017	0.5	99301	17	99293	6634623	66.81
2010-2019	17	0.00025	0.00025	0.5	99284	24	99272	6535330	65.82
2010-2019	18	0.00022	0.00022	0.5	99260	22	99249	6436058	64.84
2010-2019	19	0.00013	0.00013	0.5	99238	13	99231	6336809	63.85
2010-2019	20	0.00018	0.00018	0.5	99225	18	99216	6237578	62.86
2010-2019	21	0.00030	0.00030	0.5	99207	29	99192	6138362	61.87
2010-2019	22	0.00030	0.00030	0.5	99178	30	99163	6039170	60.89
2010-2019	23	0.00023	0.00023	0.5	99148	23	99137	5940007	59.91
2010-2019	24	0.00038	0.00038	0.5	99125	38	99106	5840870	58.92
2010-2019	25	0.00053	0.00053	0.5	99087	52	99061	5741764	57.95
2010-2019	26	0.00042	0.00042	0.5	99035	42	99014	5642703	56.98
2010-2019	27	0.00038	0.00038	0.5	98994	38	98975	5543688	56.00
2010-2019	28	0.00067	0.00067	0.5	98956	66	98923	5444714	55.02
2010-2019	29	0.00060	0.00060	0.5	98890	60	98860	5345791	54.06
2010-2019	30	0.00060	0.00060	0.5	98830	59	98801	5246931	53.09
2010-2019	31	0.00049	0.00049	0.5	98771	49	98747	5148130	52.12
2010-2019	32	0.00098	0.00098	0.5	98723	97	98675	5049383	51.15
2010-2019	33	0.00061	0.00061	0.5	98626	60	98596	4950708	50.20
2010-2019	34	0.00084	0.00084	0.5	98566	83	98524	4852112	49.23
2010-2019	35	0.00083	0.00083	0.5	98483	82	98442	4753588	48.27
2010-2019	36	0.00092	0.00092	0.5	98401	91	98356	4655146	47.31
2010-2019	37	0.00083	0.00083	0.5	98311	82	98270	4556790	46.35
2010-2019	38	0.00112	0.00112	0.5	98229	110	98174	4458520	45.39
2010-2019	39	0.00089	0.00089	0.5	98119	87	98075	4360346	44.44
2010-2019	40	0.00102	0.00102	0.5	98032	100	97982	4262271	43.48
2010-2019	41	0.00135	0.00135	0.5	97932	132	97866	4164289	42.52
2010-2019	42	0.00145	0.00144	0.5	97800	141	97729	4066423	41.58
2010-2019	43	0.00126	0.00126	0.5	97658	123	97597	3968694	40.64
2010-2019	44	0.00141	0.00140	0.5	97535	137	97466	3871098	39.69
2010-2019	45	0.00186	0.00185	0.5	97398	181	97308	3773631	38.74
2010-2019	46	0.00174	0.00174	0.5	97217	169	97133	3676324	37.82
2010-2019	47	0.00210	0.00210	0.5	97048	204	96947	3579191	36.88
2010-2019	48	0.00213	0.00213	0.5	96845	206	96742	3482244	35.96
2010-2019	49	0.00238	0.00238	0.5	96639	230	96524	3385503	35.03
2010-2019	50	0.00254	0.00254	0.5	96409	244	96287	3288979	34.11
2010-2019	51	0.00310	0.00310	0.5	96164	298	96015	3192692	33.20
2010-2019	52	0.00305	0.00304	0.5	95867	292	95721	3096677	32.30
2010-2019	53	0.00296	0.00296	0.5	95575	283	95433	3000956	31.40
2010-2019	54	0.00341	0.00340	0.5	95292	324	95130	2905523	30.49
2010-2019	55	0.00444	0.00443	0.5	94968	421	94757	2810393	29.59
2010-2019	56	0.00456	0.00455	0.5	94547	430	94332	2715635	28.72
2010-2019	57	0.00522	0.00520	0.5	94117	490	93872	2621303	27.85
2010-2019	58	0.00483	0.00482	0.5	93627	451	93402	2527431	26.99
2010-2019	59	0.00545	0.00544	0.5	93176	507	92923	2434029	26.12
2010-2019	60	0.00567	0.00565	0.5	92670	524	92408	2341106	25.26
2010-2019	61	0.00646	0.00644	0.5	92146	593	91850	2248698	24.40
2010-2019	62	0.00686	0.00684	0.5	91553	626	91240	2156849	23.56
2010-2019	63	0.00773	0.00770	0.5	90927	700	90577	2065609	22.72
2010-2019	64	0.00774	0.00771	0.5	90227	696	89879	1975032	21.89
2010-2019	65	0.00902	0.00898	0.5	89531	804	89129	1885153	21.06
2010-2019	66	0.00953	0.00949	0.5	88727	842	88306	1796024	20.24
2010-2019	67	0.01160	0.01153	0.5	87885	1013	87379	1707718	19.43
2010-2019	68	0.01223	0.01215	0.5	86872	1056	86344	1620339	18.65
2010-2019	69	0.01241	0.01234	0.5	85816	1059	85287	1533995	17.88
2010-2019	70	0.01442	0.01431	0.5	84757	1213	84151	1448708	17.09
2010-2019	71	0.01492	0.01481	0.5	83544	1238	82925	1364558	16.33
2010-2019	72	0.01713	0.01698	0.5	82307	1398	81608	1281632	15.57
2010-2019	73	0.01939	0.01921	0.5	80909	1554	80132	1200024	14.83
2010-2019	74	0.02133	0.02111	0.5	79355	1675	78517	1119893	14.11
2010-2019	75	0.02485	0.02455	0.5	77680	1907	76726	1041375	13.41
2010-2019	76	0.02590	0.02557	0.5	75773	1937	74804	964649	12.73
2010-2019	77	0.02830	0.02791	0.5	73835	2060	72805	889845	12.05
2010-2019	78	0.03162	0.03113	0.5	71775	2234	70658	817040	11.38
2010-2019	79	0.03706	0.03638	0.5	69541	2530	68276	746382	10.73
2010-2019	80	0.03924	0.03848	0.5	67011	2579	65721	678106	10.12
2010-2019	81	0.04164	0.04079	0.5	64432	2628	63118	612385	9.50
2010-2019	82	0.04756	0.04646	0.5	61803	2871	60368	549268	8.89
2010-2019	83	0.05390	0.05248	0.5	58932	3093	57386	488900	8.30
2010-2019	84	0.06158	0.05974	0.5	55839	3336	54171	431514	7.73
2010-2019	85	0.07028	0.06789	0.5	52503	3565	50721	377343	7.19
2010-2019	86	0.08010	0.07701	0.5	48939	3769	47054	326622	6.67
2010-2019	87	0.09115	0.08718	0.5	45170	3938	43201	279567	6.19
2010-2019	88	0.10356	0.09847	0.5	41232	4060	39202	236366	5.73
2010-2019	89	0.11745	0.11093	0.5	37172	4124	35110	197164	5.30
2010-2019	90	0.13291	0.12463	0.5	33049	4119	30989	162054	4.90
2010-2019	91	0.15007	0.13960	0.5	28930	4039	26910	131065	4.53
2010-2019	92	0.16902	0.15585	0.5	24891	3879	22952	104154	4.18
2010-2019	93	0.18981	0.17336	0.5	21012	3643	19191	81203	3.86
2010-2019	94	0.21252	0.19210	0.5	17369	3337	15701	62012	3.57
2010-2019	95	0.23714	0.21200	0.5	14033	2975	12545	46311	3.30
2010-2019	96	0.26366	0.23295	0.5	11058	2576	9770	33766	3.05
2010-2019	97	0.29202	0.25481	0.5	8482	2161	7401	23996	2.83
2010-2019	98	0.32209	0.27741	0.5	6320	1753	5444	16595	2.63
2010-2019	99	0.35370	0.30055	0.5	4567	1373	3881	11152	2.44
2010-2019	100	0.38666	0.32401	0.5	3194	1035	2677	7271	2.28
2010-2019	101	0.42068	0.34757	0.5	2159	751	1784	4594	2.13
2010-2019	102	0.45547	0.37099	0.5	1409	523	1148	2810	1.99
2010-2019	103	0.49071	0.39403	0.5	886	349	712	1662	1.88
2010-2019	104	0.52603	0.41649	0.5	537	224	425	951	1.77
2010-2019	105	0.56110	0.43817	0.5	313	137	245	526	1.68
2010-2019	106	0.59557	0.45891	0.5	176	81	136	281	1.60
2010-2019	107	0.62912	0.47858	0.5	95	46	72	145	1.52
2010-2019	108	0.66147	0.49707	0.5	50	25	37	73	1.46
2010-2019	109	0.69237	0.51432	0.5	25	13	19	35	1.42
2010-2019	110+	0.72165	1.00000	1.39	12	12	17	17	1.39
