TX: Texas, Lifetables (period 1x10), Both sexes Last modified: 20 Dec 2020, MPv5 (May07) 

Year     	Age	mx	qx	ax	lx	dx	Lx	Tx	ex
1960-1969	0	0.02629	0.02569	0.12	100000	2569	97742	7056345	70.56
1960-1969	1	0.00198	0.00197	0.5	97431	192	97334	6958603	71.42
1960-1969	2	0.00109	0.00109	0.5	97238	106	97185	6861268	70.56
1960-1969	3	0.00081	0.00081	0.5	97132	79	97093	6764083	69.64
1960-1969	4	0.00069	0.00069	0.5	97054	67	97020	6666990	68.69
1960-1969	5	0.00057	0.00056	0.5	96987	55	96959	6569970	67.74
1960-1969	6	0.00053	0.00053	0.5	96932	52	96906	6473011	66.78
1960-1969	7	0.00044	0.00044	0.5	96880	43	96859	6376105	65.81
1960-1969	8	0.00043	0.00043	0.5	96837	42	96817	6279246	64.84
1960-1969	9	0.00038	0.00038	0.5	96796	37	96777	6182429	63.87
1960-1969	10	0.00038	0.00038	0.5	96758	37	96740	6085652	62.90
1960-1969	11	0.00038	0.00038	0.5	96722	37	96704	5988912	61.92
1960-1969	12	0.00040	0.00040	0.5	96685	39	96666	5892208	60.94
1960-1969	13	0.00048	0.00048	0.5	96646	46	96623	5795543	59.97
1960-1969	14	0.00059	0.00059	0.5	96600	57	96572	5698919	58.99
1960-1969	15	0.00076	0.00076	0.5	96544	74	96507	5602347	58.03
1960-1969	16	0.00091	0.00090	0.5	96470	87	96426	5505840	57.07
1960-1969	17	0.00106	0.00106	0.5	96383	102	96332	5409414	56.12
1960-1969	18	0.00124	0.00124	0.5	96280	119	96221	5313082	55.18
1960-1969	19	0.00139	0.00139	0.5	96161	134	96094	5216861	54.25
1960-1969	20	0.00138	0.00138	0.5	96028	132	95961	5120767	53.33
1960-1969	21	0.00146	0.00146	0.5	95895	140	95825	5024805	52.40
1960-1969	22	0.00148	0.00148	0.5	95755	141	95684	4928980	51.47
1960-1969	23	0.00142	0.00141	0.5	95614	135	95546	4833296	50.55
1960-1969	24	0.00142	0.00142	0.5	95478	136	95411	4737750	49.62
1960-1969	25	0.00143	0.00143	0.5	95343	136	95275	4642339	48.69
1960-1969	26	0.00139	0.00139	0.5	95206	132	95140	4547064	47.76
1960-1969	27	0.00142	0.00142	0.5	95074	135	95007	4451924	46.83
1960-1969	28	0.00148	0.00148	0.5	94940	140	94870	4356917	45.89
1960-1969	29	0.00148	0.00148	0.5	94799	140	94729	4262047	44.96
1960-1969	30	0.00158	0.00157	0.5	94659	149	94585	4167318	44.02
1960-1969	31	0.00159	0.00158	0.5	94510	150	94436	4072733	43.09
1960-1969	32	0.00173	0.00173	0.5	94361	163	94279	3978298	42.16
1960-1969	33	0.00182	0.00181	0.5	94197	171	94112	3884019	41.23
1960-1969	34	0.00200	0.00200	0.5	94026	188	93932	3789907	40.31
1960-1969	35	0.00211	0.00211	0.5	93838	198	93739	3695975	39.39
1960-1969	36	0.00222	0.00222	0.5	93640	207	93536	3602236	38.47
1960-1969	37	0.00243	0.00243	0.5	93432	227	93319	3508700	37.55
1960-1969	38	0.00265	0.00264	0.5	93206	246	93083	3415381	36.64
1960-1969	39	0.00295	0.00294	0.5	92959	274	92823	3322298	35.74
1960-1969	40	0.00318	0.00318	0.5	92686	295	92538	3229476	34.84
1960-1969	41	0.00331	0.00331	0.5	92391	305	92238	3136937	33.95
1960-1969	42	0.00369	0.00368	0.5	92086	339	91916	3044699	33.06
1960-1969	43	0.00407	0.00406	0.5	91747	372	91561	2952782	32.18
1960-1969	44	0.00431	0.00430	0.5	91374	393	91178	2861222	31.31
1960-1969	45	0.00459	0.00458	0.5	90982	417	90773	2770043	30.45
1960-1969	46	0.00519	0.00517	0.5	90565	469	90330	2679270	29.58
1960-1969	47	0.00556	0.00555	0.5	90096	500	89846	2588940	28.74
1960-1969	48	0.00609	0.00607	0.5	89596	544	89324	2499093	27.89
1960-1969	49	0.00659	0.00657	0.5	89052	585	88760	2409769	27.06
1960-1969	50	0.00718	0.00715	0.5	88468	633	88151	2321009	26.24
1960-1969	51	0.00786	0.00783	0.5	87835	688	87491	2232858	25.42
1960-1969	52	0.00858	0.00855	0.5	87147	745	86774	2145368	24.62
1960-1969	53	0.00935	0.00931	0.5	86402	804	86000	2058593	23.83
1960-1969	54	0.01025	0.01020	0.5	85598	873	85161	1972593	23.04
1960-1969	55	0.01122	0.01116	0.5	84725	946	84252	1887432	22.28
1960-1969	56	0.01202	0.01195	0.5	83779	1001	83278	1803180	21.52
1960-1969	57	0.01257	0.01249	0.5	82778	1034	82261	1719902	20.78
1960-1969	58	0.01385	0.01375	0.5	81744	1124	81182	1637641	20.03
1960-1969	59	0.01516	0.01504	0.5	80620	1213	80013	1556459	19.31
1960-1969	60	0.01644	0.01631	0.5	79407	1295	78760	1476446	18.59
1960-1969	61	0.01739	0.01724	0.5	78112	1347	77439	1397686	17.89
1960-1969	62	0.01964	0.01945	0.5	76765	1493	76019	1320247	17.20
1960-1969	63	0.02034	0.02013	0.5	75272	1515	74515	1244228	16.53
1960-1969	64	0.02240	0.02215	0.5	73757	1634	72940	1169714	15.86
1960-1969	65	0.02510	0.02479	0.5	72123	1788	71229	1096774	15.21
1960-1969	66	0.02614	0.02580	0.5	70335	1815	69428	1025544	14.58
1960-1969	67	0.02884	0.02843	0.5	68520	1948	67547	956117	13.95
1960-1969	68	0.03092	0.03045	0.5	66573	2027	65559	888570	13.35
1960-1969	69	0.03305	0.03251	0.5	64546	2098	63497	823011	12.75
1960-1969	70	0.03587	0.03524	0.5	62448	2200	61347	759514	12.16
1960-1969	71	0.03863	0.03790	0.5	60247	2283	59105	698167	11.59
1960-1969	72	0.04316	0.04225	0.5	57964	2449	56739	639062	11.03
1960-1969	73	0.04622	0.04518	0.5	55515	2508	54261	582322	10.49
1960-1969	74	0.04992	0.04870	0.5	53007	2582	51716	528062	9.96
1960-1969	75	0.05508	0.05360	0.5	50425	2703	49074	476346	9.45
1960-1969	76	0.05939	0.05768	0.5	47722	2753	46346	427272	8.95
1960-1969	77	0.06322	0.06128	0.5	44970	2756	43592	380926	8.47
1960-1969	78	0.06897	0.06667	0.5	42214	2814	40806	337335	7.99
1960-1969	79	0.07444	0.07177	0.5	39399	2828	37985	296528	7.53
1960-1969	80	0.08567	0.08215	0.5	36571	3004	35069	258543	7.07
1960-1969	81	0.09125	0.08727	0.5	33567	2929	32102	223474	6.66
1960-1969	82	0.10205	0.09710	0.5	30638	2975	29150	191371	6.25
1960-1969	83	0.11481	0.10857	0.5	27663	3003	26161	162221	5.86
1960-1969	84	0.12586	0.11841	0.5	24659	2920	23199	136060	5.52
1960-1969	85	0.13568	0.12706	0.5	21739	2762	20358	112860	5.19
1960-1969	86	0.14901	0.13867	0.5	18977	2632	17661	92502	4.87
1960-1969	87	0.16590	0.15319	0.5	16346	2504	15094	74841	4.58
1960-1969	88	0.17604	0.16180	0.5	13842	2240	12722	59747	4.32
1960-1969	89	0.20206	0.18352	0.5	11602	2129	10537	47025	4.05
1960-1969	90	0.21062	0.19056	0.5	9473	1805	8570	36488	3.85
1960-1969	91	0.22114	0.19912	0.5	7668	1527	6904	27918	3.64
1960-1969	92	0.24424	0.21766	0.5	6141	1337	5473	21013	3.42
1960-1969	93	0.25795	0.22848	0.5	4804	1098	4255	15541	3.23
1960-1969	94	0.28014	0.24572	0.5	3707	911	3251	11285	3.04
1960-1969	95	0.30109	0.26169	0.5	2796	732	2430	8034	2.87
1960-1969	96	0.32294	0.27805	0.5	2064	574	1777	5604	2.72
1960-1969	97	0.34565	0.29471	0.5	1490	439	1271	3827	2.57
1960-1969	98	0.36912	0.31161	0.5	1051	328	887	2556	2.43
1960-1969	99	0.39326	0.32864	0.5	724	238	605	1669	2.31
1960-1969	100	0.41799	0.34573	0.5	486	168	402	1064	2.19
1960-1969	101	0.44317	0.36278	0.5	318	115	260	663	2.09
1960-1969	102	0.46869	0.37971	0.5	203	77	164	403	1.99
1960-1969	103	0.49441	0.39642	0.5	126	50	101	238	1.90
1960-1969	104	0.52020	0.41283	0.5	76	31	60	138	1.82
1960-1969	105	0.54592	0.42886	0.5	45	19	35	78	1.74
1960-1969	106	0.57142	0.44444	0.5	25	11	20	43	1.68
1960-1969	107	0.59657	0.45951	0.5	14	6	11	23	1.62
1960-1969	108	0.62126	0.47401	0.5	8	4	6	12	1.56
1960-1969	109	0.64535	0.48791	0.5	4	2	3	6	1.52
1960-1969	110+	0.66875	1.00000	1.5	2	2	3	3	1.50
1970-1979	0	0.01820	0.01790	0.1	100000	1790	98387	7217060	72.17
1970-1979	1	0.00132	0.00132	0.5	98210	130	98145	7118673	72.48
1970-1979	2	0.00082	0.00082	0.5	98080	81	98040	7020528	71.58
1970-1979	3	0.00064	0.00064	0.5	97999	63	97968	6922489	70.64
1970-1979	4	0.00053	0.00053	0.5	97936	51	97911	6824521	69.68
1970-1979	5	0.00045	0.00045	0.5	97885	44	97863	6726610	68.72
1970-1979	6	0.00042	0.00042	0.5	97841	41	97820	6628748	67.75
1970-1979	7	0.00038	0.00038	0.5	97799	37	97781	6530928	66.78
1970-1979	8	0.00035	0.00035	0.5	97763	35	97745	6433147	65.80
1970-1979	9	0.00036	0.00036	0.5	97728	35	97710	6335401	64.83
1970-1979	10	0.00033	0.00033	0.5	97693	32	97677	6237691	63.85
1970-1979	11	0.00034	0.00034	0.5	97661	33	97645	6140014	62.87
1970-1979	12	0.00038	0.00038	0.5	97628	37	97609	6042369	61.89
1970-1979	13	0.00044	0.00044	0.5	97591	43	97569	5944760	60.92
1970-1979	14	0.00054	0.00054	0.5	97548	53	97522	5847191	59.94
1970-1979	15	0.00069	0.00068	0.5	97495	67	97462	5749669	58.97
1970-1979	16	0.00095	0.00095	0.5	97429	92	97382	5652207	58.01
1970-1979	17	0.00114	0.00113	0.5	97336	110	97281	5554825	57.07
1970-1979	18	0.00139	0.00139	0.5	97226	135	97158	5457544	56.13
1970-1979	19	0.00150	0.00150	0.5	97091	146	97018	5360385	55.21
1970-1979	20	0.00142	0.00142	0.5	96945	138	96876	5263367	54.29
1970-1979	21	0.00150	0.00150	0.5	96807	145	96735	5166491	53.37
1970-1979	22	0.00149	0.00149	0.5	96662	144	96591	5069756	52.45
1970-1979	23	0.00148	0.00148	0.5	96519	143	96447	4973166	51.53
1970-1979	24	0.00146	0.00146	0.5	96376	141	96305	4876718	50.60
1970-1979	25	0.00146	0.00146	0.5	96235	140	96165	4780413	49.67
1970-1979	26	0.00141	0.00141	0.5	96094	135	96027	4684248	48.75
1970-1979	27	0.00145	0.00145	0.5	95959	139	95890	4588222	47.81
1970-1979	28	0.00147	0.00147	0.5	95820	141	95750	4492332	46.88
1970-1979	29	0.00149	0.00148	0.5	95679	142	95608	4396583	45.95
1970-1979	30	0.00151	0.00150	0.5	95537	144	95465	4300975	45.02
1970-1979	31	0.00149	0.00149	0.5	95393	142	95322	4205509	44.09
1970-1979	32	0.00160	0.00160	0.5	95252	152	95176	4110187	43.15
1970-1979	33	0.00168	0.00168	0.5	95099	160	95020	4015011	42.22
1970-1979	34	0.00176	0.00176	0.5	94940	167	94856	3919992	41.29
1970-1979	35	0.00196	0.00196	0.5	94773	185	94680	3825135	40.36
1970-1979	36	0.00201	0.00201	0.5	94587	190	94492	3730455	39.44
1970-1979	37	0.00225	0.00225	0.5	94398	212	94291	3635963	38.52
1970-1979	38	0.00243	0.00243	0.5	94185	229	94071	3541671	37.60
1970-1979	39	0.00264	0.00264	0.5	93957	248	93833	3447600	36.69
1970-1979	40	0.00290	0.00289	0.5	93709	271	93573	3353768	35.79
1970-1979	41	0.00303	0.00303	0.5	93438	283	93296	3260194	34.89
1970-1979	42	0.00347	0.00346	0.5	93155	323	92994	3166898	34.00
1970-1979	43	0.00362	0.00362	0.5	92832	336	92664	3073904	33.11
1970-1979	44	0.00406	0.00405	0.5	92497	375	92309	2981240	32.23
1970-1979	45	0.00429	0.00428	0.5	92122	394	91925	2888931	31.36
1970-1979	46	0.00496	0.00495	0.5	91728	454	91501	2797006	30.49
1970-1979	47	0.00529	0.00527	0.5	91274	481	91033	2705505	29.64
1970-1979	48	0.00573	0.00572	0.5	90793	519	90533	2614472	28.80
1970-1979	49	0.00631	0.00629	0.5	90274	568	89989	2523939	27.96
1970-1979	50	0.00703	0.00701	0.5	89705	629	89391	2433949	27.13
1970-1979	51	0.00731	0.00729	0.5	89077	649	88752	2344558	26.32
1970-1979	52	0.00807	0.00804	0.5	88428	711	88072	2255806	25.51
1970-1979	53	0.00867	0.00863	0.5	87717	757	87338	2167733	24.71
1970-1979	54	0.00932	0.00928	0.5	86960	807	86556	2080395	23.92
1970-1979	55	0.01007	0.01002	0.5	86153	864	85721	1993839	23.14
1970-1979	56	0.01098	0.01092	0.5	85289	931	84824	1908117	22.37
1970-1979	57	0.01180	0.01173	0.5	84358	990	83863	1823294	21.61
1970-1979	58	0.01287	0.01279	0.5	83368	1066	82835	1739430	20.86
1970-1979	59	0.01404	0.01394	0.5	82302	1147	81728	1656595	20.13
1970-1979	60	0.01512	0.01500	0.5	81155	1218	80546	1574867	19.41
1970-1979	61	0.01647	0.01634	0.5	79937	1306	79284	1494320	18.69
1970-1979	62	0.01795	0.01780	0.5	78631	1399	77932	1415036	18.00
1970-1979	63	0.01957	0.01938	0.5	77232	1497	76484	1337104	17.31
1970-1979	64	0.02109	0.02087	0.5	75736	1581	74945	1260621	16.65
1970-1979	65	0.02219	0.02195	0.5	74155	1628	73341	1185676	15.99
1970-1979	66	0.02385	0.02357	0.5	72527	1710	71673	1112334	15.34
1970-1979	67	0.02585	0.02552	0.5	70818	1807	69914	1040662	14.69
1970-1979	68	0.02770	0.02732	0.5	69010	1886	68068	970748	14.07
1970-1979	69	0.03017	0.02972	0.5	67125	1995	66127	902680	13.45
1970-1979	70	0.03320	0.03266	0.5	65130	2127	64066	836553	12.84
1970-1979	71	0.03521	0.03460	0.5	63003	2180	61913	772486	12.26
1970-1979	72	0.03862	0.03789	0.5	60823	2305	59671	710573	11.68
1970-1979	73	0.04144	0.04060	0.5	58518	2376	57331	650903	11.12
1970-1979	74	0.04587	0.04484	0.5	56143	2517	54884	593572	10.57
1970-1979	75	0.05037	0.04914	0.5	53625	2635	52308	538688	10.05
1970-1979	76	0.05382	0.05241	0.5	50990	2672	49654	486380	9.54
1970-1979	77	0.05796	0.05633	0.5	48318	2722	46957	436726	9.04
1970-1979	78	0.06440	0.06239	0.5	45596	2845	44174	389769	8.55
1970-1979	79	0.06945	0.06712	0.5	42751	2869	41317	345595	8.08
1970-1979	80	0.07700	0.07414	0.5	39882	2957	38404	304279	7.63
1970-1979	81	0.08330	0.07997	0.5	36925	2953	35449	265875	7.20
1970-1979	82	0.09192	0.08788	0.5	33972	2985	32479	230427	6.78
1970-1979	83	0.10030	0.09551	0.5	30987	2960	29507	197947	6.39
1970-1979	84	0.11136	0.10549	0.5	28027	2957	26549	168440	6.01
1970-1979	85	0.12041	0.11358	0.5	25071	2847	23647	141892	5.66
1970-1979	86	0.13371	0.12533	0.5	22223	2785	20831	118245	5.32
1970-1979	87	0.14302	0.13348	0.5	19438	2595	18141	97414	5.01
1970-1979	88	0.15831	0.14670	0.5	16843	2471	15608	79273	4.71
1970-1979	89	0.16958	0.15633	0.5	14373	2247	13249	63665	4.43
1970-1979	90	0.18804	0.17188	0.5	12126	2084	11084	50416	4.16
1970-1979	91	0.20074	0.18243	0.5	10042	1832	9126	39333	3.92
1970-1979	92	0.22157	0.19947	0.5	8210	1638	7391	30207	3.68
1970-1979	93	0.23982	0.21415	0.5	6572	1407	5868	22816	3.47
1970-1979	94	0.25629	0.22718	0.5	5165	1173	4578	16948	3.28
1970-1979	95	0.27381	0.24084	0.5	3991	961	3511	12370	3.10
1970-1979	96	0.29452	0.25672	0.5	3030	778	2641	8859	2.92
1970-1979	97	0.31618	0.27301	0.5	2252	615	1945	6218	2.76
1970-1979	98	0.33872	0.28966	0.5	1637	474	1400	4273	2.61
1970-1979	99	0.36209	0.30658	0.5	1163	357	985	2873	2.47
1970-1979	100	0.38619	0.32369	0.5	806	261	676	1888	2.34
1970-1979	101	0.41092	0.34088	0.5	545	186	452	1212	2.22
1970-1979	102	0.43616	0.35807	0.5	360	129	295	760	2.11
1970-1979	103	0.46179	0.37517	0.5	231	87	187	465	2.01
1970-1979	104	0.48767	0.39207	0.5	144	57	116	277	1.92
1970-1979	105	0.51367	0.40870	0.5	88	36	70	161	1.84
1970-1979	106	0.53963	0.42497	0.5	52	22	41	91	1.76
1970-1979	107	0.56542	0.44080	0.5	30	13	23	51	1.70
1970-1979	108	0.59089	0.45613	0.5	17	8	13	27	1.64
1970-1979	109	0.61591	0.47090	0.5	9	4	7	14	1.59
1970-1979	110+	0.64036	1.00000	1.56	5	5	7	7	1.56
1980-1989	0	0.01063	0.01053	0.08	100000	1053	99029	7447883	74.48
1980-1989	1	0.00095	0.00095	0.5	98947	94	98900	7348854	74.27
1980-1989	2	0.00064	0.00064	0.5	98853	64	98821	7249954	73.34
1980-1989	3	0.00048	0.00048	0.5	98790	47	98766	7151132	72.39
1980-1989	4	0.00039	0.00039	0.5	98742	39	98723	7052366	71.42
1980-1989	5	0.00032	0.00032	0.5	98704	31	98688	6953643	70.45
1980-1989	6	0.00028	0.00028	0.5	98672	28	98658	6854955	69.47
1980-1989	7	0.00029	0.00029	0.5	98644	28	98630	6756297	68.49
1980-1989	8	0.00027	0.00027	0.5	98616	27	98603	6657666	67.51
1980-1989	9	0.00025	0.00025	0.5	98589	24	98577	6559064	66.53
1980-1989	10	0.00022	0.00022	0.5	98565	22	98554	6460487	65.55
1980-1989	11	0.00025	0.00025	0.5	98543	24	98531	6361932	64.56
1980-1989	12	0.00028	0.00028	0.5	98519	28	98505	6263401	63.58
1980-1989	13	0.00032	0.00032	0.5	98491	32	98475	6164896	62.59
1980-1989	14	0.00040	0.00040	0.5	98459	39	98440	6066421	61.61
1980-1989	15	0.00054	0.00054	0.5	98420	53	98394	5967981	60.64
1980-1989	16	0.00079	0.00079	0.5	98367	77	98328	5869588	59.67
1980-1989	17	0.00100	0.00100	0.5	98290	98	98241	5771259	58.72
1980-1989	18	0.00130	0.00130	0.5	98192	127	98128	5673019	57.77
1980-1989	19	0.00131	0.00131	0.5	98064	128	98000	5574891	56.85
1980-1989	20	0.00140	0.00140	0.5	97936	137	97868	5476891	55.92
1980-1989	21	0.00141	0.00141	0.5	97799	137	97731	5379023	55.00
1980-1989	22	0.00144	0.00144	0.5	97662	141	97592	5281292	54.08
1980-1989	23	0.00143	0.00143	0.5	97521	140	97451	5183701	53.15
1980-1989	24	0.00138	0.00138	0.5	97382	135	97314	5086249	52.23
1980-1989	25	0.00140	0.00140	0.5	97247	136	97179	4988935	51.30
1980-1989	26	0.00139	0.00138	0.5	97111	134	97043	4891756	50.37
1980-1989	27	0.00139	0.00139	0.5	96976	135	96909	4794713	49.44
1980-1989	28	0.00146	0.00146	0.5	96842	142	96771	4697804	48.51
1980-1989	29	0.00138	0.00138	0.5	96700	134	96633	4601033	47.58
1980-1989	30	0.00147	0.00147	0.5	96566	142	96495	4504400	46.65
1980-1989	31	0.00145	0.00145	0.5	96424	139	96355	4407905	45.71
1980-1989	32	0.00151	0.00151	0.5	96285	145	96212	4311550	44.78
1980-1989	33	0.00160	0.00160	0.5	96140	154	96063	4215338	43.85
1980-1989	34	0.00160	0.00160	0.5	95986	153	95909	4119275	42.92
1980-1989	35	0.00166	0.00165	0.5	95833	159	95753	4023366	41.98
1980-1989	36	0.00173	0.00173	0.5	95674	166	95591	3927613	41.05
1980-1989	37	0.00184	0.00184	0.5	95508	176	95420	3832021	40.12
1980-1989	38	0.00207	0.00207	0.5	95333	197	95234	3736601	39.20
1980-1989	39	0.00207	0.00207	0.5	95135	197	95037	3641367	38.28
1980-1989	40	0.00224	0.00224	0.5	94938	213	94832	3546331	37.35
1980-1989	41	0.00235	0.00235	0.5	94726	223	94614	3451499	36.44
1980-1989	42	0.00262	0.00262	0.5	94503	247	94379	3356884	35.52
1980-1989	43	0.00280	0.00279	0.5	94256	263	94124	3262505	34.61
1980-1989	44	0.00303	0.00302	0.5	93993	284	93850	3168381	33.71
1980-1989	45	0.00340	0.00340	0.5	93708	318	93549	3074530	32.81
1980-1989	46	0.00367	0.00367	0.5	93390	342	93219	2980981	31.92
1980-1989	47	0.00391	0.00390	0.5	93047	363	92866	2887763	31.04
1980-1989	48	0.00450	0.00449	0.5	92684	416	92476	2794897	30.16
1980-1989	49	0.00466	0.00465	0.5	92268	429	92054	2702420	29.29
1980-1989	50	0.00524	0.00522	0.5	91839	480	91600	2610367	28.42
1980-1989	51	0.00592	0.00590	0.5	91360	539	91090	2518767	27.57
1980-1989	52	0.00656	0.00654	0.5	90821	594	90523	2427677	26.73
1980-1989	53	0.00718	0.00715	0.5	90226	645	89904	2337153	25.90
1980-1989	54	0.00756	0.00753	0.5	89581	675	89244	2247250	25.09
1980-1989	55	0.00842	0.00838	0.5	88906	745	88534	2158006	24.27
1980-1989	56	0.00913	0.00909	0.5	88161	801	87760	2069473	23.47
1980-1989	57	0.01000	0.00995	0.5	87360	869	86925	1981713	22.68
1980-1989	58	0.01137	0.01130	0.5	86490	977	86002	1894788	21.91
1980-1989	59	0.01197	0.01190	0.5	85513	1017	85004	1808786	21.15
1980-1989	60	0.01307	0.01299	0.5	84496	1097	83947	1723782	20.40
1980-1989	61	0.01425	0.01415	0.5	83398	1180	82808	1639835	19.66
1980-1989	62	0.01554	0.01542	0.5	82218	1268	81584	1557027	18.94
1980-1989	63	0.01668	0.01654	0.5	80950	1339	80281	1475442	18.23
1980-1989	64	0.01785	0.01769	0.5	79611	1408	78907	1395162	17.52
1980-1989	65	0.01998	0.01978	0.5	78203	1547	77430	1316254	16.83
1980-1989	66	0.02128	0.02105	0.5	76656	1614	75849	1238825	16.16
1980-1989	67	0.02294	0.02268	0.5	75042	1702	74192	1162976	15.50
1980-1989	68	0.02532	0.02500	0.5	73341	1834	72424	1088784	14.85
1980-1989	69	0.02695	0.02659	0.5	71507	1902	70556	1016360	14.21
1980-1989	70	0.02955	0.02912	0.5	69605	2027	68592	945804	13.59
1980-1989	71	0.03219	0.03168	0.5	67579	2141	66508	877212	12.98
1980-1989	72	0.03541	0.03479	0.5	65438	2277	64299	810704	12.39
1980-1989	73	0.03843	0.03771	0.5	63161	2382	61970	746405	11.82
1980-1989	74	0.04018	0.03939	0.5	60779	2394	59582	684435	11.26
1980-1989	75	0.04410	0.04315	0.5	58385	2519	57126	624853	10.70
1980-1989	76	0.04812	0.04699	0.5	55866	2625	54554	567727	10.16
1980-1989	77	0.05190	0.05059	0.5	53241	2693	51894	513173	9.64
1980-1989	78	0.05740	0.05580	0.5	50548	2820	49138	461279	9.13
1980-1989	79	0.06139	0.05956	0.5	47727	2843	46306	412141	8.64
1980-1989	80	0.06920	0.06689	0.5	44885	3002	43384	365835	8.15
1980-1989	81	0.07424	0.07158	0.5	41882	2998	40384	322452	7.70
1980-1989	82	0.08243	0.07917	0.5	38885	3078	37345	282068	7.25
1980-1989	83	0.09096	0.08700	0.5	35806	3115	34249	244723	6.83
1980-1989	84	0.09857	0.09394	0.5	32691	3071	31155	210474	6.44
1980-1989	85	0.10806	0.10252	0.5	29620	3037	28102	179319	6.05
1980-1989	86	0.11686	0.11041	0.5	26583	2935	25116	151217	5.69
1980-1989	87	0.13200	0.12383	0.5	23648	2928	22184	126101	5.33
1980-1989	88	0.13987	0.13073	0.5	20720	2709	19366	103917	5.02
1980-1989	89	0.15534	0.14414	0.5	18011	2596	16713	84551	4.69
1980-1989	90	0.17200	0.15838	0.5	15415	2441	14194	67838	4.40
1980-1989	91	0.18621	0.17035	0.5	12974	2210	11869	53644	4.13
1980-1989	92	0.20216	0.18360	0.5	10764	1976	9776	41775	3.88
1980-1989	93	0.22206	0.19987	0.5	8787	1756	7909	32000	3.64
1980-1989	94	0.23891	0.21342	0.5	7031	1501	6281	24090	3.43
1980-1989	95	0.25876	0.22912	0.5	5531	1267	4897	17810	3.22
1980-1989	96	0.27973	0.24541	0.5	4263	1046	3740	12913	3.03
1980-1989	97	0.30179	0.26222	0.5	3217	844	2795	9172	2.85
1980-1989	98	0.32488	0.27948	0.5	2374	663	2042	6377	2.69
1980-1989	99	0.34893	0.29710	0.5	1710	508	1456	4335	2.54
1980-1989	100	0.37386	0.31498	0.5	1202	379	1013	2879	2.40
1980-1989	101	0.39955	0.33302	0.5	823	274	686	1866	2.27
1980-1989	102	0.42589	0.35112	0.5	549	193	453	1180	2.15
1980-1989	103	0.45272	0.36916	0.5	356	132	291	727	2.04
1980-1989	104	0.47991	0.38704	0.5	225	87	181	437	1.94
1980-1989	105	0.50728	0.40464	0.5	138	56	110	255	1.85
1980-1989	106	0.53467	0.42188	0.5	82	35	65	145	1.77
1980-1989	107	0.56191	0.43866	0.5	47	21	37	81	1.70
1980-1989	108	0.58884	0.45490	0.5	27	12	21	44	1.64
1980-1989	109	0.61529	0.47053	0.5	15	7	11	23	1.59
1980-1989	110+	0.64113	1.00000	1.56	8	8	12	12	1.56
1990-1999	0	0.00727	0.00722	0.07	100000	722	99327	7584843	75.85
1990-1999	1	0.00066	0.00066	0.5	99278	66	99245	7485516	75.40
1990-1999	2	0.00045	0.00045	0.5	99212	45	99190	7386271	74.45
1990-1999	3	0.00033	0.00033	0.5	99168	33	99151	7287081	73.48
1990-1999	4	0.00025	0.00025	0.5	99135	25	99123	7187929	72.51
1990-1999	5	0.00025	0.00025	0.5	99110	25	99098	7088806	71.52
1990-1999	6	0.00021	0.00021	0.5	99086	21	99075	6989708	70.54
1990-1999	7	0.00020	0.00020	0.5	99065	20	99055	6890633	69.56
1990-1999	8	0.00020	0.00020	0.5	99045	20	99035	6791578	68.57
1990-1999	9	0.00019	0.00019	0.5	99024	19	99015	6692544	67.58
1990-1999	10	0.00019	0.00019	0.5	99006	19	98996	6593529	66.60
1990-1999	11	0.00018	0.00018	0.5	98987	18	98978	6494532	65.61
1990-1999	12	0.00022	0.00022	0.5	98969	22	98957	6395555	64.62
1990-1999	13	0.00029	0.00029	0.5	98946	29	98932	6296597	63.64
1990-1999	14	0.00038	0.00038	0.5	98917	38	98899	6197665	62.65
1990-1999	15	0.00051	0.00051	0.5	98880	51	98854	6098767	61.68
1990-1999	16	0.00075	0.00075	0.5	98829	74	98792	5999912	60.71
1990-1999	17	0.00091	0.00091	0.5	98755	90	98710	5901120	59.75
1990-1999	18	0.00110	0.00109	0.5	98665	108	98612	5802409	58.81
1990-1999	19	0.00109	0.00109	0.5	98558	108	98504	5703798	57.87
1990-1999	20	0.00111	0.00111	0.5	98450	109	98395	5605294	56.94
1990-1999	21	0.00116	0.00116	0.5	98341	114	98284	5506899	56.00
1990-1999	22	0.00112	0.00112	0.5	98227	110	98172	5408615	55.06
1990-1999	23	0.00110	0.00110	0.5	98118	108	98064	5310442	54.12
1990-1999	24	0.00105	0.00105	0.5	98010	103	97958	5212378	53.18
1990-1999	25	0.00111	0.00111	0.5	97907	109	97852	5114420	52.24
1990-1999	26	0.00111	0.00111	0.5	97798	108	97744	5016568	51.30
1990-1999	27	0.00119	0.00119	0.5	97690	116	97632	4918824	50.35
1990-1999	28	0.00122	0.00122	0.5	97574	119	97514	4821192	49.41
1990-1999	29	0.00123	0.00123	0.5	97455	120	97395	4723678	48.47
1990-1999	30	0.00133	0.00133	0.5	97335	129	97270	4626283	47.53
1990-1999	31	0.00139	0.00139	0.5	97205	135	97138	4529013	46.59
1990-1999	32	0.00143	0.00143	0.5	97070	139	97000	4431876	45.66
1990-1999	33	0.00153	0.00153	0.5	96931	149	96857	4334875	44.72
1990-1999	34	0.00157	0.00157	0.5	96782	152	96706	4238019	43.79
1990-1999	35	0.00167	0.00167	0.5	96630	161	96550	4141313	42.86
1990-1999	36	0.00179	0.00179	0.5	96469	173	96383	4044763	41.93
1990-1999	37	0.00188	0.00187	0.5	96296	181	96206	3948380	41.00
1990-1999	38	0.00210	0.00210	0.5	96116	202	96015	3852174	40.08
1990-1999	39	0.00211	0.00211	0.5	95914	202	95812	3756160	39.16
1990-1999	40	0.00220	0.00219	0.5	95711	210	95606	3660347	38.24
1990-1999	41	0.00236	0.00236	0.5	95501	225	95389	3564741	37.33
1990-1999	42	0.00256	0.00256	0.5	95276	244	95154	3469352	36.41
1990-1999	43	0.00278	0.00278	0.5	95032	264	94900	3374198	35.51
1990-1999	44	0.00283	0.00283	0.5	94768	268	94634	3279298	34.60
1990-1999	45	0.00302	0.00302	0.5	94500	285	94358	3184664	33.70
1990-1999	46	0.00345	0.00344	0.5	94215	324	94053	3090306	32.80
1990-1999	47	0.00364	0.00363	0.5	93891	341	93720	2996253	31.91
1990-1999	48	0.00409	0.00408	0.5	93550	382	93359	2902532	31.03
1990-1999	49	0.00421	0.00420	0.5	93168	391	92972	2809173	30.15
1990-1999	50	0.00459	0.00458	0.5	92777	425	92564	2716201	29.28
1990-1999	51	0.00511	0.00510	0.5	92352	471	92116	2623637	28.41
1990-1999	52	0.00564	0.00562	0.5	91881	516	91623	2531520	27.55
1990-1999	53	0.00614	0.00612	0.5	91364	559	91085	2439898	26.71
1990-1999	54	0.00658	0.00656	0.5	90805	595	90508	2348813	25.87
1990-1999	55	0.00729	0.00726	0.5	90210	655	89882	2258305	25.03
1990-1999	56	0.00806	0.00803	0.5	89555	719	89195	2168423	24.21
1990-1999	57	0.00893	0.00889	0.5	88835	790	88441	2079228	23.41
1990-1999	58	0.00993	0.00988	0.5	88046	870	87611	1990787	22.61
1990-1999	59	0.01026	0.01020	0.5	87176	890	86731	1903176	21.83
1990-1999	60	0.01159	0.01152	0.5	86287	994	85790	1816445	21.05
1990-1999	61	0.01296	0.01288	0.5	85293	1098	84743	1730655	20.29
1990-1999	62	0.01417	0.01407	0.5	84194	1184	83602	1645912	19.55
1990-1999	63	0.01525	0.01514	0.5	83010	1257	82382	1562310	18.82
1990-1999	64	0.01662	0.01649	0.5	81753	1348	81079	1479928	18.10
1990-1999	65	0.01786	0.01770	0.5	80405	1423	79694	1398849	17.40
1990-1999	66	0.01932	0.01913	0.5	78982	1511	78227	1319155	16.70
1990-1999	67	0.02073	0.02052	0.5	77471	1590	76676	1240929	16.02
1990-1999	68	0.02280	0.02254	0.5	75881	1711	75026	1164252	15.34
1990-1999	69	0.02481	0.02450	0.5	74171	1817	73262	1089226	14.69
1990-1999	70	0.02663	0.02628	0.5	72353	1902	71402	1015964	14.04
1990-1999	71	0.02991	0.02947	0.5	70452	2076	69413	944562	13.41
1990-1999	72	0.03268	0.03216	0.5	68375	2199	67276	875149	12.80
1990-1999	73	0.03527	0.03466	0.5	66177	2294	65030	807873	12.21
1990-1999	74	0.03724	0.03656	0.5	63883	2336	62715	742843	11.63
1990-1999	75	0.04008	0.03930	0.5	61547	2419	60338	680128	11.05
1990-1999	76	0.04363	0.04270	0.5	59129	2525	57866	619790	10.48
1990-1999	77	0.04826	0.04712	0.5	56604	2667	55270	561924	9.93
1990-1999	78	0.05238	0.05105	0.5	53937	2753	52560	506653	9.39
1990-1999	79	0.05763	0.05601	0.5	51183	2867	49750	454093	8.87
1990-1999	80	0.06474	0.06271	0.5	48317	3030	46802	404343	8.37
1990-1999	81	0.07012	0.06774	0.5	45287	3068	43753	357541	7.90
1990-1999	82	0.07686	0.07401	0.5	42219	3125	40657	313788	7.43
1990-1999	83	0.08548	0.08197	0.5	39094	3205	37492	273132	6.99
1990-1999	84	0.09384	0.08964	0.5	35890	3217	34281	235640	6.57
1990-1999	85	0.10336	0.09828	0.5	32673	3211	31067	201359	6.16
1990-1999	86	0.11177	0.10586	0.5	29461	3119	27902	170292	5.78
1990-1999	87	0.12515	0.11778	0.5	26343	3103	24791	142389	5.41
1990-1999	88	0.13725	0.12844	0.5	23240	2985	21748	117598	5.06
1990-1999	89	0.15170	0.14101	0.5	20255	2856	18827	95850	4.73
1990-1999	90	0.16467	0.15214	0.5	17399	2647	16076	77023	4.43
1990-1999	91	0.18226	0.16704	0.5	14752	2464	13520	60948	4.13
1990-1999	92	0.20231	0.18373	0.5	12288	2258	11159	47428	3.86
1990-1999	93	0.21957	0.19785	0.5	10030	1985	9038	36269	3.62
1990-1999	94	0.23996	0.21425	0.5	8046	1724	7184	27231	3.38
1990-1999	95	0.26119	0.23102	0.5	6322	1461	5592	20047	3.17
1990-1999	96	0.28368	0.24844	0.5	4861	1208	4258	14455	2.97
1990-1999	97	0.30735	0.26641	0.5	3654	973	3167	10198	2.79
1990-1999	98	0.33216	0.28485	0.5	2680	763	2299	7031	2.62
1990-1999	99	0.35801	0.30366	0.5	1917	582	1626	4732	2.47
1990-1999	100	0.38478	0.32270	0.5	1335	431	1119	3106	2.33
1990-1999	101	0.41234	0.34186	0.5	904	309	749	1987	2.20
1990-1999	102	0.44054	0.36102	0.5	595	215	488	1237	2.08
1990-1999	103	0.46918	0.38003	0.5	380	144	308	750	1.97
1990-1999	104	0.49810	0.39879	0.5	236	94	189	442	1.87
1990-1999	105	0.52710	0.41716	0.5	142	59	112	253	1.79
1990-1999	106	0.55597	0.43504	0.5	83	36	65	141	1.71
1990-1999	107	0.58453	0.45233	0.5	47	21	36	76	1.64
1990-1999	108	0.61258	0.46895	0.5	26	12	20	40	1.58
1990-1999	109	0.63996	0.48482	0.5	14	7	10	21	1.53
1990-1999	110+	0.66649	1.00000	1.5	7	7	10	10	1.50
2000-2009	0	0.00649	0.00645	0.07	100000	645	99398	7727687	77.28
2000-2009	1	0.00054	0.00054	0.5	99355	53	99328	7628289	76.78
2000-2009	2	0.00035	0.00035	0.5	99302	34	99284	7528961	75.82
2000-2009	3	0.00026	0.00026	0.5	99267	25	99254	7429677	74.85
2000-2009	4	0.00021	0.00021	0.5	99242	21	99231	7330422	73.86
2000-2009	5	0.00018	0.00018	0.5	99220	18	99212	7231191	72.88
2000-2009	6	0.00016	0.00016	0.5	99203	16	99195	7131980	71.89
2000-2009	7	0.00014	0.00014	0.5	99187	14	99179	7032785	70.90
2000-2009	8	0.00014	0.00014	0.5	99172	14	99165	6933606	69.91
2000-2009	9	0.00014	0.00014	0.5	99158	14	99151	6834440	68.92
2000-2009	10	0.00014	0.00014	0.5	99144	14	99137	6735289	67.93
2000-2009	11	0.00015	0.00015	0.5	99130	14	99123	6636152	66.94
2000-2009	12	0.00017	0.00017	0.5	99116	17	99107	6537029	65.95
2000-2009	13	0.00022	0.00022	0.5	99099	22	99088	6437922	64.96
2000-2009	14	0.00026	0.00026	0.5	99077	26	99064	6338835	63.98
2000-2009	15	0.00035	0.00035	0.5	99051	35	99033	6239771	63.00
2000-2009	16	0.00050	0.00050	0.5	99016	49	98991	6140738	62.02
2000-2009	17	0.00063	0.00063	0.5	98966	63	98935	6041747	61.05
2000-2009	18	0.00086	0.00086	0.5	98904	85	98861	5942812	60.09
2000-2009	19	0.00093	0.00093	0.5	98819	92	98773	5843950	59.14
2000-2009	20	0.00096	0.00096	0.5	98727	95	98679	5745177	58.19
2000-2009	21	0.00099	0.00099	0.5	98632	98	98583	5646498	57.25
2000-2009	22	0.00097	0.00097	0.5	98534	96	98486	5547916	56.30
2000-2009	23	0.00095	0.00095	0.5	98438	94	98391	5449430	55.36
2000-2009	24	0.00096	0.00096	0.5	98344	94	98297	5351039	54.41
2000-2009	25	0.00096	0.00096	0.5	98250	94	98203	5252741	53.46
2000-2009	26	0.00097	0.00097	0.5	98156	96	98108	5154538	52.51
2000-2009	27	0.00095	0.00095	0.5	98060	93	98013	5056430	51.56
2000-2009	28	0.00098	0.00098	0.5	97967	96	97919	4958417	50.61
2000-2009	29	0.00106	0.00106	0.5	97871	103	97819	4860498	49.66
2000-2009	30	0.00103	0.00103	0.5	97767	101	97717	4762679	48.71
2000-2009	31	0.00108	0.00108	0.5	97666	105	97614	4664962	47.76
2000-2009	32	0.00109	0.00109	0.5	97561	106	97508	4567349	46.82
2000-2009	33	0.00118	0.00117	0.5	97455	114	97398	4469840	45.87
2000-2009	34	0.00121	0.00121	0.5	97341	118	97282	4372442	44.92
2000-2009	35	0.00134	0.00134	0.5	97223	130	97158	4275160	43.97
2000-2009	36	0.00138	0.00138	0.5	97093	134	97026	4178002	43.03
2000-2009	37	0.00154	0.00154	0.5	96959	149	96884	4080976	42.09
2000-2009	38	0.00161	0.00160	0.5	96810	155	96732	3984092	41.15
2000-2009	39	0.00173	0.00173	0.5	96654	167	96571	3887359	40.22
2000-2009	40	0.00199	0.00199	0.5	96488	192	96392	3790788	39.29
2000-2009	41	0.00217	0.00217	0.5	96296	209	96191	3694397	38.37
2000-2009	42	0.00227	0.00227	0.5	96087	218	95978	3598206	37.45
2000-2009	43	0.00254	0.00254	0.5	95869	244	95747	3502228	36.53
2000-2009	44	0.00281	0.00281	0.5	95625	268	95491	3406481	35.62
2000-2009	45	0.00303	0.00303	0.5	95357	289	95212	3310991	34.72
2000-2009	46	0.00322	0.00321	0.5	95068	306	94915	3215778	33.83
2000-2009	47	0.00351	0.00351	0.5	94762	332	94596	3120863	32.93
2000-2009	48	0.00384	0.00383	0.5	94430	362	94249	3026267	32.05
2000-2009	49	0.00423	0.00422	0.5	94068	397	93869	2932018	31.17
2000-2009	50	0.00456	0.00455	0.5	93670	427	93457	2838149	30.30
2000-2009	51	0.00483	0.00482	0.5	93244	450	93019	2744692	29.44
2000-2009	52	0.00529	0.00527	0.5	92794	489	92550	2651673	28.58
2000-2009	53	0.00570	0.00569	0.5	92305	525	92042	2559124	27.72
2000-2009	54	0.00602	0.00600	0.5	91780	551	91504	2467081	26.88
2000-2009	55	0.00662	0.00660	0.5	91229	602	90928	2375577	26.04
2000-2009	56	0.00715	0.00712	0.5	90627	645	90304	2284649	25.21
2000-2009	57	0.00768	0.00765	0.5	89982	688	89637	2194345	24.39
2000-2009	58	0.00840	0.00837	0.5	89293	747	88920	2104707	23.57
2000-2009	59	0.00909	0.00905	0.5	88546	801	88145	2015788	22.77
2000-2009	60	0.01000	0.00995	0.5	87745	873	87308	1927642	21.97
2000-2009	61	0.01070	0.01064	0.5	86872	924	86410	1840334	21.18
2000-2009	62	0.01178	0.01171	0.5	85948	1006	85445	1753924	20.41
2000-2009	63	0.01277	0.01269	0.5	84941	1078	84403	1668480	19.64
2000-2009	64	0.01394	0.01384	0.5	83864	1161	83284	1584077	18.89
2000-2009	65	0.01502	0.01490	0.5	82703	1233	82087	1500793	18.15
2000-2009	66	0.01621	0.01608	0.5	81471	1310	80816	1418706	17.41
2000-2009	67	0.01746	0.01731	0.5	80161	1387	79467	1337891	16.69
2000-2009	68	0.01894	0.01876	0.5	78773	1478	78035	1258423	15.98
2000-2009	69	0.02080	0.02058	0.5	77296	1591	76500	1180389	15.27
2000-2009	70	0.02283	0.02257	0.5	75705	1708	74851	1103889	14.58
2000-2009	71	0.02489	0.02458	0.5	73996	1819	73087	1029038	13.91
2000-2009	72	0.02725	0.02688	0.5	72177	1940	71207	955951	13.24
2000-2009	73	0.02982	0.02938	0.5	70237	2064	69205	884744	12.60
2000-2009	74	0.03255	0.03203	0.5	68173	2184	67082	815539	11.96
2000-2009	75	0.03649	0.03584	0.5	65990	2365	64807	748457	11.34
2000-2009	76	0.03961	0.03884	0.5	63625	2471	62389	683650	10.75
2000-2009	77	0.04360	0.04267	0.5	61154	2609	59849	621261	10.16
2000-2009	78	0.04806	0.04693	0.5	58544	2748	57170	561412	9.59
2000-2009	79	0.05270	0.05135	0.5	55797	2865	54364	504242	9.04
2000-2009	80	0.05872	0.05705	0.5	52931	3020	51422	449878	8.50
2000-2009	81	0.06488	0.06284	0.5	49912	3136	48344	398456	7.98
2000-2009	82	0.07189	0.06940	0.5	46775	3246	45152	350112	7.48
2000-2009	83	0.08009	0.07701	0.5	43529	3352	41853	304960	7.01
2000-2009	84	0.08928	0.08546	0.5	40177	3434	38460	263107	6.55
2000-2009	85	0.09963	0.09490	0.5	36744	3487	35000	224646	6.11
2000-2009	86	0.11022	0.10447	0.5	33257	3474	31520	189646	5.70
2000-2009	87	0.12311	0.11597	0.5	29782	3454	28056	158127	5.31
2000-2009	88	0.13840	0.12944	0.5	26329	3408	24625	130071	4.94
2000-2009	89	0.15329	0.14238	0.5	22921	3263	21289	105446	4.60
2000-2009	90	0.16887	0.15572	0.5	19657	3061	18127	84158	4.28
2000-2009	91	0.18873	0.17245	0.5	16596	2862	15165	66031	3.98
2000-2009	92	0.21020	0.19021	0.5	13734	2612	12428	50866	3.70
2000-2009	93	0.22974	0.20607	0.5	11122	2292	9976	38438	3.46
2000-2009	94	0.25128	0.22323	0.5	8830	1971	7844	28462	3.22
2000-2009	95	0.27546	0.24211	0.5	6859	1661	6028	20618	3.01
2000-2009	96	0.30107	0.26168	0.5	5198	1360	4518	14589	2.81
2000-2009	97	0.32803	0.28181	0.5	3838	1082	3297	10071	2.62
2000-2009	98	0.35621	0.30236	0.5	2756	833	2340	6774	2.46
2000-2009	99	0.38548	0.32319	0.5	1923	621	1612	4435	2.31
2000-2009	100	0.41564	0.34412	0.5	1301	448	1078	2822	2.17
2000-2009	101	0.44649	0.36501	0.5	854	312	698	1745	2.04
2000-2009	102	0.47781	0.38567	0.5	542	209	438	1047	1.93
2000-2009	103	0.50935	0.40596	0.5	333	135	265	609	1.83
2000-2009	104	0.54086	0.42573	0.5	198	84	156	344	1.74
2000-2009	105	0.57209	0.44485	0.5	114	51	88	188	1.66
2000-2009	106	0.60280	0.46319	0.5	63	29	48	100	1.59
2000-2009	107	0.63275	0.48068	0.5	34	16	26	52	1.52
2000-2009	108	0.66175	0.49723	0.5	18	9	13	26	1.47
2000-2009	109	0.68961	0.51280	0.5	9	5	7	13	1.42
2000-2009	110+	0.71619	1.00000	1.4	4	4	6	6	1.40
2010-2019	0	0.00577	0.00574	0.06	100000	574	99463	7865182	78.65
2010-2019	1	0.00043	0.00043	0.5	99426	42	99404	7765720	78.11
2010-2019	2	0.00027	0.00027	0.5	99383	27	99370	7666315	77.14
2010-2019	3	0.00021	0.00021	0.5	99356	21	99346	7566945	76.16
2010-2019	4	0.00018	0.00018	0.5	99335	18	99326	7467600	75.18
2010-2019	5	0.00014	0.00014	0.5	99317	14	99310	7368273	74.19
2010-2019	6	0.00012	0.00012	0.5	99304	12	99297	7268963	73.20
2010-2019	7	0.00012	0.00012	0.5	99291	12	99285	7169666	72.21
2010-2019	8	0.00012	0.00012	0.5	99280	12	99274	7070380	71.22
2010-2019	9	0.00011	0.00011	0.5	99268	10	99263	6971106	70.23
2010-2019	10	0.00011	0.00011	0.5	99257	11	99252	6871844	69.23
2010-2019	11	0.00013	0.00013	0.5	99246	12	99240	6772592	68.24
2010-2019	12	0.00014	0.00014	0.5	99234	14	99227	6673352	67.25
2010-2019	13	0.00017	0.00017	0.5	99220	17	99211	6574125	66.26
2010-2019	14	0.00021	0.00021	0.5	99203	21	99193	6474914	65.27
2010-2019	15	0.00027	0.00027	0.5	99183	27	99169	6375721	64.28
2010-2019	16	0.00037	0.00037	0.5	99156	37	99137	6276552	63.30
2010-2019	17	0.00045	0.00045	0.5	99119	45	99096	6177414	62.32
2010-2019	18	0.00064	0.00064	0.5	99074	63	99042	6078318	61.35
2010-2019	19	0.00076	0.00076	0.5	99011	75	98973	5979276	60.39
2010-2019	20	0.00080	0.00080	0.5	98935	79	98896	5880303	59.44
2010-2019	21	0.00089	0.00089	0.5	98856	88	98812	5781407	58.48
2010-2019	22	0.00091	0.00091	0.5	98768	90	98723	5682595	57.53
2010-2019	23	0.00087	0.00087	0.5	98678	86	98636	5583872	56.59
2010-2019	24	0.00091	0.00091	0.5	98593	90	98548	5485236	55.64
2010-2019	25	0.00092	0.00092	0.5	98503	90	98458	5386688	54.69
2010-2019	26	0.00092	0.00092	0.5	98412	91	98367	5288231	53.74
2010-2019	27	0.00095	0.00095	0.5	98321	94	98275	5189864	52.78
2010-2019	28	0.00098	0.00098	0.5	98228	96	98180	5091589	51.83
2010-2019	29	0.00101	0.00101	0.5	98132	99	98082	4993409	50.88
2010-2019	30	0.00102	0.00102	0.5	98033	100	97982	4895327	49.94
2010-2019	31	0.00106	0.00106	0.5	97932	104	97880	4797345	48.99
2010-2019	32	0.00114	0.00114	0.5	97828	111	97773	4699464	48.04
2010-2019	33	0.00118	0.00118	0.5	97717	116	97659	4601692	47.09
2010-2019	34	0.00122	0.00122	0.5	97601	119	97542	4504032	46.15
2010-2019	35	0.00126	0.00126	0.5	97483	123	97421	4406490	45.20
2010-2019	36	0.00134	0.00134	0.5	97360	131	97295	4309069	44.26
2010-2019	37	0.00141	0.00141	0.5	97229	137	97161	4211775	43.32
2010-2019	38	0.00149	0.00149	0.5	97092	145	97020	4114614	42.38
2010-2019	39	0.00158	0.00158	0.5	96947	154	96871	4017594	41.44
2010-2019	40	0.00167	0.00167	0.5	96794	162	96713	3920724	40.51
2010-2019	41	0.00179	0.00179	0.5	96632	173	96546	3824011	39.57
2010-2019	42	0.00196	0.00196	0.5	96459	189	96365	3727465	38.64
2010-2019	43	0.00211	0.00211	0.5	96270	203	96169	3631100	37.72
2010-2019	44	0.00224	0.00224	0.5	96067	215	95960	3534932	36.80
2010-2019	45	0.00249	0.00249	0.5	95852	239	95733	3438972	35.88
2010-2019	46	0.00280	0.00280	0.5	95613	267	95480	3343239	34.97
2010-2019	47	0.00305	0.00305	0.5	95346	291	95201	3247760	34.06
2010-2019	48	0.00336	0.00336	0.5	95055	319	94896	3152559	33.17
2010-2019	49	0.00369	0.00368	0.5	94736	349	94562	3057663	32.28
2010-2019	50	0.00403	0.00403	0.5	94387	380	94197	2963102	31.39
2010-2019	51	0.00446	0.00445	0.5	94007	418	93798	2868904	30.52
2010-2019	52	0.00492	0.00491	0.5	93589	459	93359	2775106	29.65
2010-2019	53	0.00537	0.00536	0.5	93130	499	92880	2681747	28.80
2010-2019	54	0.00589	0.00587	0.5	92631	544	92359	2588866	27.95
2010-2019	55	0.00636	0.00634	0.5	92087	584	91795	2496508	27.11
2010-2019	56	0.00692	0.00689	0.5	91503	631	91188	2404713	26.28
2010-2019	57	0.00756	0.00754	0.5	90872	685	90530	2313525	25.46
2010-2019	58	0.00811	0.00808	0.5	90187	729	89823	2222995	24.65
2010-2019	59	0.00888	0.00884	0.5	89459	791	89063	2133172	23.85
2010-2019	60	0.00932	0.00927	0.5	88668	822	88257	2044109	23.05
2010-2019	61	0.01015	0.01010	0.5	87846	888	87402	1955852	22.26
2010-2019	62	0.01100	0.01094	0.5	86958	951	86482	1868450	21.49
2010-2019	63	0.01200	0.01193	0.5	86007	1026	85494	1781968	20.72
2010-2019	64	0.01271	0.01263	0.5	84981	1073	84444	1696474	19.96
2010-2019	65	0.01346	0.01337	0.5	83908	1122	83347	1612030	19.21
2010-2019	66	0.01445	0.01435	0.5	82786	1188	82192	1528683	18.47
2010-2019	67	0.01548	0.01536	0.5	81598	1253	80971	1446491	17.73
2010-2019	68	0.01687	0.01673	0.5	80345	1344	79673	1365520	17.00
2010-2019	69	0.01803	0.01787	0.5	79000	1412	78295	1285847	16.28
2010-2019	70	0.01993	0.01974	0.5	77589	1531	76823	1207552	15.56
2010-2019	71	0.02164	0.02140	0.5	76058	1628	75244	1130729	14.87
2010-2019	72	0.02375	0.02347	0.5	74430	1747	73556	1055485	14.18
2010-2019	73	0.02560	0.02528	0.5	72683	1837	71764	981929	13.51
2010-2019	74	0.02828	0.02788	0.5	70845	1975	69857	910165	12.85
2010-2019	75	0.03103	0.03056	0.5	68870	2104	67818	840308	12.20
2010-2019	76	0.03435	0.03377	0.5	66765	2254	65638	772490	11.57
2010-2019	77	0.03713	0.03645	0.5	64511	2352	63335	706852	10.96
2010-2019	78	0.04124	0.04041	0.5	62159	2512	60903	643517	10.35
2010-2019	79	0.04579	0.04476	0.5	59647	2670	58312	582613	9.77
2010-2019	80	0.04991	0.04869	0.5	56978	2774	55590	524301	9.20
2010-2019	81	0.05590	0.05438	0.5	54203	2948	52729	468711	8.65
2010-2019	82	0.06134	0.05951	0.5	51255	3050	49730	415981	8.12
2010-2019	83	0.06802	0.06579	0.5	48205	3171	46619	366251	7.60
2010-2019	84	0.07647	0.07366	0.5	45034	3317	43375	319631	7.10
2010-2019	85	0.08549	0.08198	0.5	41717	3420	40007	276256	6.62
2010-2019	86	0.09611	0.09170	0.5	38297	3512	36541	236249	6.17
2010-2019	87	0.10746	0.10198	0.5	34785	3547	33011	199709	5.74
2010-2019	88	0.12097	0.11407	0.5	31238	3563	29456	166697	5.34
2010-2019	89	0.13475	0.12625	0.5	27674	3494	25927	137242	4.96
2010-2019	90	0.15213	0.14138	0.5	24180	3419	22471	111314	4.60
2010-2019	91	0.17039	0.15701	0.5	20762	3260	19132	88843	4.28
2010-2019	92	0.18822	0.17203	0.5	17502	3011	15997	69711	3.98
2010-2019	93	0.20922	0.18941	0.5	14491	2745	13119	53715	3.71
2010-2019	94	0.22956	0.20592	0.5	11746	2419	10537	40596	3.46
2010-2019	95	0.25025	0.22242	0.5	9328	2075	8290	30059	3.22
2010-2019	96	0.27496	0.24173	0.5	7253	1753	6376	21769	3.00
2010-2019	97	0.30115	0.26174	0.5	5500	1440	4780	15392	2.80
2010-2019	98	0.32874	0.28233	0.5	4060	1146	3487	10612	2.61
2010-2019	99	0.35758	0.30334	0.5	2914	884	2472	7125	2.45
2010-2019	100	0.38752	0.32462	0.5	2030	659	1700	4653	2.29
2010-2019	101	0.41836	0.34599	0.5	1371	474	1134	2953	2.15
2010-2019	102	0.44988	0.36727	0.5	897	329	732	1819	2.03
2010-2019	103	0.48185	0.38830	0.5	567	220	457	1087	1.92
2010-2019	104	0.51399	0.40890	0.5	347	142	276	630	1.81
2010-2019	105	0.54605	0.42894	0.5	205	88	161	354	1.72
2010-2019	106	0.57775	0.44826	0.5	117	53	91	193	1.64
2010-2019	107	0.60886	0.46676	0.5	65	30	50	102	1.57
2010-2019	108	0.63914	0.48435	0.5	34	17	26	52	1.51
2010-2019	109	0.66837	0.50096	0.5	18	9	13	26	1.47
2010-2019	110+	0.69638	1.00000	1.44	9	9	13	13	1.44
