TX: Texas, Lifetables (period 1x10), Males Last modified: 20 Dec 2020, MPv5 (May07) 

Year     	Age	mx	qx	ax	lx	dx	Lx	Tx	ex
1960-1969	0	0.02953	0.02878	0.12	100000	2878	97479	6693114	66.93
1960-1969	1	0.00204	0.00203	0.5	97122	197	97023	6595634	67.91
1960-1969	2	0.00114	0.00114	0.5	96924	111	96869	6498612	67.05
1960-1969	3	0.00088	0.00088	0.5	96813	85	96771	6401743	66.12
1960-1969	4	0.00078	0.00078	0.5	96728	75	96690	6304972	65.18
1960-1969	5	0.00061	0.00061	0.5	96653	59	96623	6208282	64.23
1960-1969	6	0.00062	0.00062	0.5	96593	60	96563	6111659	63.27
1960-1969	7	0.00052	0.00052	0.5	96533	50	96508	6015096	62.31
1960-1969	8	0.00050	0.00050	0.5	96484	49	96459	5918587	61.34
1960-1969	9	0.00046	0.00046	0.5	96435	44	96413	5822128	60.37
1960-1969	10	0.00048	0.00048	0.5	96391	46	96367	5725715	59.40
1960-1969	11	0.00045	0.00045	0.5	96344	44	96322	5629348	58.43
1960-1969	12	0.00046	0.00046	0.5	96301	44	96279	5533025	57.46
1960-1969	13	0.00063	0.00063	0.5	96256	60	96226	5436747	56.48
1960-1969	14	0.00079	0.00079	0.5	96196	76	96158	5340520	55.52
1960-1969	15	0.00102	0.00102	0.5	96120	98	96071	5244362	54.56
1960-1969	16	0.00127	0.00127	0.5	96022	122	95961	5148291	53.62
1960-1969	17	0.00149	0.00149	0.5	95900	143	95829	5052330	52.68
1960-1969	18	0.00180	0.00180	0.5	95757	172	95671	4956501	51.76
1960-1969	19	0.00201	0.00201	0.5	95585	192	95489	4860830	50.85
1960-1969	20	0.00203	0.00202	0.5	95394	193	95297	4765340	49.95
1960-1969	21	0.00213	0.00213	0.5	95201	202	95099	4670043	49.05
1960-1969	22	0.00215	0.00215	0.5	94998	204	94896	4574944	48.16
1960-1969	23	0.00204	0.00204	0.5	94794	193	94697	4480048	47.26
1960-1969	24	0.00195	0.00195	0.5	94601	184	94508	4385351	46.36
1960-1969	25	0.00198	0.00198	0.5	94416	187	94323	4290842	45.45
1960-1969	26	0.00193	0.00192	0.5	94230	181	94139	4196519	44.53
1960-1969	27	0.00201	0.00200	0.5	94049	189	93954	4102380	43.62
1960-1969	28	0.00199	0.00198	0.5	93860	186	93767	4008426	42.71
1960-1969	29	0.00200	0.00200	0.5	93674	187	93580	3914659	41.79
1960-1969	30	0.00216	0.00216	0.5	93487	202	93386	3821078	40.87
1960-1969	31	0.00206	0.00206	0.5	93285	192	93189	3727692	39.96
1960-1969	32	0.00227	0.00227	0.5	93094	211	92988	3634503	39.04
1960-1969	33	0.00234	0.00234	0.5	92882	217	92774	3541515	38.13
1960-1969	34	0.00257	0.00257	0.5	92665	238	92546	3448741	37.22
1960-1969	35	0.00267	0.00267	0.5	92427	247	92304	3356195	36.31
1960-1969	36	0.00283	0.00282	0.5	92180	260	92050	3263891	35.41
1960-1969	37	0.00312	0.00312	0.5	91920	287	91777	3171841	34.51
1960-1969	38	0.00334	0.00333	0.5	91633	305	91481	3080065	33.61
1960-1969	39	0.00374	0.00373	0.5	91328	341	91157	2988584	32.72
1960-1969	40	0.00403	0.00402	0.5	90987	366	90804	2897427	31.84
1960-1969	41	0.00422	0.00421	0.5	90621	382	90430	2806623	30.97
1960-1969	42	0.00456	0.00455	0.5	90239	411	90034	2716193	30.10
1960-1969	43	0.00501	0.00499	0.5	89828	449	89604	2626159	29.24
1960-1969	44	0.00559	0.00557	0.5	89380	498	89131	2536555	28.38
1960-1969	45	0.00595	0.00593	0.5	88882	527	88618	2447424	27.54
1960-1969	46	0.00675	0.00672	0.5	88355	594	88058	2358806	26.70
1960-1969	47	0.00724	0.00721	0.5	87761	633	87444	2270748	25.87
1960-1969	48	0.00800	0.00797	0.5	87128	695	86781	2183304	25.06
1960-1969	49	0.00863	0.00859	0.5	86433	743	86062	2096523	24.26
1960-1969	50	0.00946	0.00942	0.5	85691	807	85287	2010461	23.46
1960-1969	51	0.01049	0.01043	0.5	84884	886	84441	1925174	22.68
1960-1969	52	0.01140	0.01133	0.5	83998	952	83522	1840732	21.91
1960-1969	53	0.01265	0.01257	0.5	83046	1044	82524	1757210	21.16
1960-1969	54	0.01385	0.01375	0.5	82002	1128	81438	1674686	20.42
1960-1969	55	0.01527	0.01516	0.5	80874	1226	80261	1593247	19.70
1960-1969	56	0.01641	0.01628	0.5	79649	1296	79000	1512986	19.00
1960-1969	57	0.01732	0.01718	0.5	78352	1346	77679	1433985	18.30
1960-1969	58	0.01900	0.01882	0.5	77006	1449	76282	1356306	17.61
1960-1969	59	0.02083	0.02062	0.5	75557	1558	74778	1280024	16.94
1960-1969	60	0.02262	0.02236	0.5	73999	1655	73172	1205246	16.29
1960-1969	61	0.02431	0.02402	0.5	72345	1738	71476	1132074	15.65
1960-1969	62	0.02698	0.02662	0.5	70607	1879	69667	1060598	15.02
1960-1969	63	0.02804	0.02765	0.5	68727	1900	67777	990931	14.42
1960-1969	64	0.03099	0.03052	0.5	66827	2040	65807	923154	13.81
1960-1969	65	0.03452	0.03394	0.5	64787	2199	63688	857347	13.23
1960-1969	66	0.03646	0.03581	0.5	62589	2241	61468	793659	12.68
1960-1969	67	0.03953	0.03877	0.5	60347	2340	59178	732191	12.13
1960-1969	68	0.04239	0.04151	0.5	58008	2408	56804	673013	11.60
1960-1969	69	0.04561	0.04460	0.5	55600	2480	54360	616209	11.08
1960-1969	70	0.04866	0.04750	0.5	53121	2523	51859	561849	10.58
1960-1969	71	0.05298	0.05161	0.5	50597	2611	49291	509990	10.08
1960-1969	72	0.05868	0.05701	0.5	47986	2735	46618	460698	9.60
1960-1969	73	0.06252	0.06062	0.5	45250	2743	43879	414080	9.15
1960-1969	74	0.06612	0.06400	0.5	42507	2721	41147	370201	8.71
1960-1969	75	0.07248	0.06994	0.5	39787	2783	38395	329055	8.27
1960-1969	76	0.07726	0.07439	0.5	37004	2753	35627	290659	7.85
1960-1969	77	0.08189	0.07867	0.5	34251	2695	32904	255032	7.45
1960-1969	78	0.08749	0.08382	0.5	31557	2645	30234	222128	7.04
1960-1969	79	0.09357	0.08939	0.5	28911	2584	27619	191894	6.64
1960-1969	80	0.10705	0.10161	0.5	26327	2675	24990	164275	6.24
1960-1969	81	0.11318	0.10712	0.5	23652	2534	22385	139285	5.89
1960-1969	82	0.12709	0.11950	0.5	21119	2524	19857	116900	5.54
1960-1969	83	0.13881	0.12980	0.5	18595	2414	17388	97043	5.22
1960-1969	84	0.15076	0.14020	0.5	16181	2269	15047	79655	4.92
1960-1969	85	0.16242	0.15022	0.5	13913	2090	12868	64608	4.64
1960-1969	86	0.18007	0.16520	0.5	11823	1953	10846	51740	4.38
1960-1969	87	0.19293	0.17596	0.5	9870	1737	9001	40894	4.14
1960-1969	88	0.20543	0.18630	0.5	8133	1515	7375	31892	3.92
1960-1969	89	0.23356	0.20914	0.5	6618	1384	5926	24517	3.70
1960-1969	90	0.23941	0.21382	0.5	5234	1119	4674	18591	3.55
1960-1969	91	0.24343	0.21702	0.5	4115	893	3668	13917	3.38
1960-1969	92	0.27064	0.23838	0.5	3222	768	2838	10249	3.18
1960-1969	93	0.28598	0.25020	0.5	2454	614	2147	7411	3.02
1960-1969	94	0.30669	0.26591	0.5	1840	489	1595	5264	2.86
1960-1969	95	0.32666	0.28079	0.5	1351	379	1161	3669	2.72
1960-1969	96	0.34727	0.29590	0.5	971	287	828	2508	2.58
1960-1969	97	0.36848	0.31115	0.5	684	213	578	1680	2.46
1960-1969	98	0.39021	0.32651	0.5	471	154	394	1103	2.34
1960-1969	99	0.41238	0.34189	0.5	317	108	263	709	2.23
1960-1969	100	0.43492	0.35723	0.5	209	75	172	446	2.13
1960-1969	101	0.45772	0.37248	0.5	134	50	109	274	2.04
1960-1969	102	0.48071	0.38756	0.5	84	33	68	165	1.96
1960-1969	103	0.50377	0.40241	0.5	52	21	41	97	1.88
1960-1969	104	0.52682	0.41699	0.5	31	13	24	56	1.81
1960-1969	105	0.54976	0.43123	0.5	18	8	14	31	1.74
1960-1969	106	0.57249	0.44509	0.5	10	5	8	17	1.68
1960-1969	107	0.59491	0.45852	0.5	6	3	4	9	1.63
1960-1969	108	0.61695	0.47150	0.5	3	1	2	5	1.58
1960-1969	109	0.63852	0.48400	0.5	2	1	1	3	1.54
1960-1969	110+	0.65954	1.00000	1.52	1	1	1	1	1.52
1970-1979	0	0.02048	0.02011	0.1	100000	2011	98190	6824404	68.24
1970-1979	1	0.00146	0.00146	0.5	97989	143	97917	6726214	68.64
1970-1979	2	0.00094	0.00094	0.5	97846	92	97800	6628297	67.74
1970-1979	3	0.00074	0.00074	0.5	97754	72	97718	6530497	66.81
1970-1979	4	0.00059	0.00059	0.5	97682	57	97653	6432779	65.85
1970-1979	5	0.00054	0.00054	0.5	97624	53	97598	6335126	64.89
1970-1979	6	0.00049	0.00049	0.5	97571	48	97547	6237529	63.93
1970-1979	7	0.00044	0.00044	0.5	97523	43	97502	6139981	62.96
1970-1979	8	0.00043	0.00043	0.5	97480	42	97459	6042480	61.99
1970-1979	9	0.00045	0.00045	0.5	97439	44	97417	5945021	61.01
1970-1979	10	0.00039	0.00039	0.5	97395	38	97376	5847604	60.04
1970-1979	11	0.00039	0.00039	0.5	97357	38	97338	5750228	59.06
1970-1979	12	0.00047	0.00047	0.5	97319	46	97296	5652890	58.09
1970-1979	13	0.00058	0.00058	0.5	97273	56	97245	5555594	57.11
1970-1979	14	0.00071	0.00071	0.5	97217	69	97182	5458350	56.15
1970-1979	15	0.00092	0.00092	0.5	97148	89	97103	5361168	55.19
1970-1979	16	0.00131	0.00131	0.5	97058	127	96995	5264065	54.24
1970-1979	17	0.00164	0.00164	0.5	96931	159	96852	5167070	53.31
1970-1979	18	0.00207	0.00207	0.5	96773	200	96673	5070218	52.39
1970-1979	19	0.00225	0.00224	0.5	96573	217	96464	4973545	51.50
1970-1979	20	0.00210	0.00210	0.5	96356	202	96255	4877080	50.62
1970-1979	21	0.00225	0.00224	0.5	96154	216	96046	4780825	49.72
1970-1979	22	0.00219	0.00219	0.5	95938	210	95833	4684779	48.83
1970-1979	23	0.00220	0.00220	0.5	95728	210	95623	4588946	47.94
1970-1979	24	0.00216	0.00216	0.5	95518	206	95415	4493323	47.04
1970-1979	25	0.00218	0.00218	0.5	95311	208	95207	4397909	46.14
1970-1979	26	0.00206	0.00206	0.5	95103	196	95006	4302701	45.24
1970-1979	27	0.00208	0.00208	0.5	94908	198	94809	4207696	44.33
1970-1979	28	0.00210	0.00209	0.5	94710	198	94611	4112887	43.43
1970-1979	29	0.00208	0.00208	0.5	94512	197	94413	4018276	42.52
1970-1979	30	0.00207	0.00207	0.5	94315	195	94217	3923863	41.60
1970-1979	31	0.00208	0.00207	0.5	94120	195	94022	3829645	40.69
1970-1979	32	0.00223	0.00222	0.5	93924	209	93820	3735623	39.77
1970-1979	33	0.00228	0.00228	0.5	93716	214	93609	3641803	38.86
1970-1979	34	0.00238	0.00237	0.5	93502	222	93391	3548194	37.95
1970-1979	35	0.00259	0.00259	0.5	93280	241	93159	3454803	37.04
1970-1979	36	0.00268	0.00267	0.5	93039	249	92915	3361644	36.13
1970-1979	37	0.00288	0.00287	0.5	92790	267	92657	3268729	35.23
1970-1979	38	0.00310	0.00309	0.5	92524	286	92380	3176072	34.33
1970-1979	39	0.00340	0.00340	0.5	92237	313	92080	3083692	33.43
1970-1979	40	0.00378	0.00377	0.5	91924	347	91750	2991612	32.54
1970-1979	41	0.00385	0.00384	0.5	91577	352	91401	2899861	31.67
1970-1979	42	0.00451	0.00450	0.5	91225	410	91020	2808460	30.79
1970-1979	43	0.00474	0.00473	0.5	90815	429	90600	2717440	29.92
1970-1979	44	0.00530	0.00528	0.5	90385	477	90147	2626840	29.06
1970-1979	45	0.00562	0.00560	0.5	89908	503	89656	2536694	28.21
1970-1979	46	0.00639	0.00637	0.5	89404	569	89120	2447038	27.37
1970-1979	47	0.00694	0.00692	0.5	88835	614	88528	2357918	26.54
1970-1979	48	0.00762	0.00759	0.5	88221	670	87886	2269390	25.72
1970-1979	49	0.00845	0.00842	0.5	87551	737	87182	2181504	24.92
1970-1979	50	0.00927	0.00923	0.5	86814	801	86413	2094322	24.12
1970-1979	51	0.00982	0.00977	0.5	86013	840	85592	2007908	23.34
1970-1979	52	0.01085	0.01079	0.5	85172	919	84713	1922316	22.57
1970-1979	53	0.01167	0.01160	0.5	84253	978	83765	1837603	21.81
1970-1979	54	0.01270	0.01262	0.5	83276	1051	82750	1753839	21.06
1970-1979	55	0.01383	0.01374	0.5	82225	1129	81660	1671088	20.32
1970-1979	56	0.01482	0.01471	0.5	81095	1193	80499	1589428	19.60
1970-1979	57	0.01604	0.01591	0.5	79902	1271	79267	1508930	18.88
1970-1979	58	0.01761	0.01746	0.5	78631	1373	77945	1429663	18.18
1970-1979	59	0.01939	0.01920	0.5	77258	1483	76517	1351718	17.50
1970-1979	60	0.02080	0.02058	0.5	75775	1560	74995	1275202	16.83
1970-1979	61	0.02278	0.02252	0.5	74215	1671	73380	1200207	16.17
1970-1979	62	0.02480	0.02450	0.5	72544	1777	71656	1126827	15.53
1970-1979	63	0.02756	0.02718	0.5	70767	1924	69805	1055171	14.91
1970-1979	64	0.02951	0.02908	0.5	68843	2002	67842	985366	14.31
1970-1979	65	0.03119	0.03071	0.5	66841	2052	65815	917524	13.73
1970-1979	66	0.03315	0.03261	0.5	64789	2113	63733	851709	13.15
1970-1979	67	0.03620	0.03556	0.5	62676	2229	61562	787976	12.57
1970-1979	68	0.03935	0.03859	0.5	60447	2333	59281	726414	12.02
1970-1979	69	0.04245	0.04157	0.5	58115	2416	56907	667133	11.48
1970-1979	70	0.04612	0.04508	0.5	55699	2511	54443	610226	10.96
1970-1979	71	0.04891	0.04774	0.5	53188	2539	51918	555783	10.45
1970-1979	72	0.05409	0.05266	0.5	50649	2667	49315	503864	9.95
1970-1979	73	0.05709	0.05551	0.5	47981	2663	46650	454549	9.47
1970-1979	74	0.06331	0.06137	0.5	45318	2781	43927	407900	9.00
1970-1979	75	0.06931	0.06699	0.5	42537	2849	41112	363972	8.56
1970-1979	76	0.07290	0.07034	0.5	39687	2792	38292	322860	8.14
1970-1979	77	0.07906	0.07605	0.5	36896	2806	35493	284569	7.71
1970-1979	78	0.08642	0.08284	0.5	34090	2824	32678	249076	7.31
1970-1979	79	0.09294	0.08881	0.5	31266	2777	29877	216398	6.92
1970-1979	80	0.10243	0.09744	0.5	28489	2776	27101	186520	6.55
1970-1979	81	0.10902	0.10338	0.5	25713	2658	24384	159419	6.20
1970-1979	82	0.12021	0.11339	0.5	23055	2614	21748	135035	5.86
1970-1979	83	0.12973	0.12183	0.5	20441	2490	19195	113288	5.54
1970-1979	84	0.14254	0.13306	0.5	17950	2388	16756	94092	5.24
1970-1979	85	0.14986	0.13942	0.5	15562	2170	14477	77336	4.97
1970-1979	86	0.16684	0.15399	0.5	13392	2062	12361	62859	4.69
1970-1979	87	0.17377	0.15988	0.5	11330	1811	10424	50498	4.46
1970-1979	88	0.18939	0.17301	0.5	9518	1647	8695	40074	4.21
1970-1979	89	0.20251	0.18389	0.5	7872	1448	7148	31379	3.99
1970-1979	90	0.21428	0.19354	0.5	6424	1243	5802	24231	3.77
1970-1979	91	0.23761	0.21238	0.5	5181	1100	4631	18429	3.56
1970-1979	92	0.25799	0.22851	0.5	4081	932	3614	13798	3.38
1970-1979	93	0.26666	0.23529	0.5	3148	741	2778	10184	3.23
1970-1979	94	0.28433	0.24894	0.5	2407	599	2108	7406	3.08
1970-1979	95	0.29975	0.26068	0.5	1808	471	1572	5298	2.93
1970-1979	96	0.31849	0.27474	0.5	1337	367	1153	3726	2.79
1970-1979	97	0.33784	0.28902	0.5	969	280	829	2573	2.65
1970-1979	98	0.35775	0.30347	0.5	689	209	585	1743	2.53
1970-1979	99	0.37816	0.31803	0.5	480	153	404	1158	2.41
1970-1979	100	0.39901	0.33265	0.5	327	109	273	755	2.31
1970-1979	101	0.42024	0.34727	0.5	219	76	181	482	2.20
1970-1979	102	0.44176	0.36184	0.5	143	52	117	301	2.11
1970-1979	103	0.46350	0.37630	0.5	91	34	74	184	2.03
1970-1979	104	0.48539	0.39059	0.5	57	22	46	110	1.95
1970-1979	105	0.50733	0.40467	0.5	35	14	28	65	1.87
1970-1979	106	0.52924	0.41850	0.5	21	9	16	37	1.81
1970-1979	107	0.55104	0.43201	0.5	12	5	9	21	1.75
1970-1979	108	0.57264	0.44518	0.5	7	3	5	12	1.69
1970-1979	109	0.59397	0.45796	0.5	4	2	3	6	1.65
1970-1979	110+	0.61496	1.00000	1.63	2	2	3	3	1.63
1980-1989	0	0.01176	0.01164	0.08	100000	1164	98925	7067102	70.67
1980-1989	1	0.00103	0.00103	0.5	98836	101	98786	6968177	70.50
1980-1989	2	0.00072	0.00072	0.5	98735	71	98699	6869391	69.57
1980-1989	3	0.00055	0.00055	0.5	98663	54	98636	6770692	68.62
1980-1989	4	0.00047	0.00047	0.5	98609	47	98586	6672056	67.66
1980-1989	5	0.00036	0.00036	0.5	98562	35	98545	6573470	66.69
1980-1989	6	0.00033	0.00033	0.5	98527	33	98511	6474925	65.72
1980-1989	7	0.00034	0.00034	0.5	98494	33	98478	6376414	64.74
1980-1989	8	0.00031	0.00031	0.5	98461	30	98446	6277936	63.76
1980-1989	9	0.00029	0.00029	0.5	98431	28	98417	6179490	62.78
1980-1989	10	0.00027	0.00027	0.5	98403	26	98389	6081073	61.80
1980-1989	11	0.00031	0.00031	0.5	98376	31	98361	5982684	60.81
1980-1989	12	0.00035	0.00035	0.5	98345	35	98328	5884323	59.83
1980-1989	13	0.00040	0.00040	0.5	98310	40	98291	5785995	58.85
1980-1989	14	0.00052	0.00052	0.5	98271	52	98245	5687705	57.88
1980-1989	15	0.00072	0.00072	0.5	98219	70	98184	5589460	56.91
1980-1989	16	0.00108	0.00107	0.5	98149	105	98096	5491276	55.95
1980-1989	17	0.00141	0.00141	0.5	98043	138	97974	5393180	55.01
1980-1989	18	0.00193	0.00193	0.5	97905	189	97810	5295205	54.09
1980-1989	19	0.00199	0.00199	0.5	97716	195	97619	5197395	53.19
1980-1989	20	0.00212	0.00212	0.5	97521	207	97418	5099776	52.29
1980-1989	21	0.00216	0.00216	0.5	97315	210	97209	5002358	51.40
1980-1989	22	0.00218	0.00217	0.5	97104	211	96999	4905149	50.51
1980-1989	23	0.00219	0.00219	0.5	96893	212	96787	4808150	49.62
1980-1989	24	0.00208	0.00208	0.5	96681	201	96581	4711363	48.73
1980-1989	25	0.00212	0.00212	0.5	96480	205	96378	4614782	47.83
1980-1989	26	0.00209	0.00209	0.5	96275	201	96175	4518404	46.93
1980-1989	27	0.00210	0.00210	0.5	96074	202	95973	4422230	46.03
1980-1989	28	0.00221	0.00221	0.5	95872	212	95766	4326256	45.13
1980-1989	29	0.00204	0.00204	0.5	95661	195	95563	4230490	44.22
1980-1989	30	0.00220	0.00220	0.5	95465	210	95360	4134927	43.31
1980-1989	31	0.00213	0.00213	0.5	95255	203	95154	4039566	42.41
1980-1989	32	0.00223	0.00223	0.5	95052	212	94947	3944413	41.50
1980-1989	33	0.00233	0.00233	0.5	94841	221	94730	3849466	40.59
1980-1989	34	0.00228	0.00228	0.5	94620	215	94512	3754736	39.68
1980-1989	35	0.00240	0.00240	0.5	94404	227	94291	3660223	38.77
1980-1989	36	0.00241	0.00241	0.5	94178	227	94064	3565932	37.86
1980-1989	37	0.00256	0.00256	0.5	93951	241	93831	3471868	36.95
1980-1989	38	0.00284	0.00283	0.5	93710	265	93578	3378037	36.05
1980-1989	39	0.00287	0.00287	0.5	93445	268	93311	3284459	35.15
1980-1989	40	0.00305	0.00304	0.5	93177	284	93036	3191148	34.25
1980-1989	41	0.00314	0.00314	0.5	92894	291	92748	3098112	33.35
1980-1989	42	0.00352	0.00352	0.5	92602	326	92440	3005364	32.45
1980-1989	43	0.00372	0.00371	0.5	92277	343	92105	2912925	31.57
1980-1989	44	0.00404	0.00403	0.5	91934	371	91749	2820819	30.68
1980-1989	45	0.00450	0.00449	0.5	91563	411	91358	2729071	29.81
1980-1989	46	0.00479	0.00478	0.5	91152	435	90935	2637713	28.94
1980-1989	47	0.00515	0.00514	0.5	90717	466	90484	2546778	28.07
1980-1989	48	0.00591	0.00589	0.5	90251	532	89985	2456294	27.22
1980-1989	49	0.00601	0.00599	0.5	89719	537	89450	2366310	26.37
1980-1989	50	0.00690	0.00688	0.5	89181	613	88875	2276859	25.53
1980-1989	51	0.00773	0.00770	0.5	88568	682	88227	2187985	24.70
1980-1989	52	0.00861	0.00858	0.5	87886	754	87509	2099758	23.89
1980-1989	53	0.00943	0.00939	0.5	87132	818	86723	2012248	23.09
1980-1989	54	0.01015	0.01010	0.5	86314	872	85879	1925525	22.31
1980-1989	55	0.01122	0.01115	0.5	85443	953	84966	1839646	21.53
1980-1989	56	0.01218	0.01210	0.5	84490	1023	83979	1754680	20.77
1980-1989	57	0.01303	0.01294	0.5	83467	1080	82927	1670701	20.02
1980-1989	58	0.01531	0.01519	0.5	82387	1252	81761	1587774	19.27
1980-1989	59	0.01601	0.01588	0.5	81135	1289	80491	1506013	18.56
1980-1989	60	0.01755	0.01740	0.5	79847	1389	79152	1425522	17.85
1980-1989	61	0.01889	0.01872	0.5	78458	1469	77723	1346369	17.16
1980-1989	62	0.02062	0.02041	0.5	76989	1571	76203	1268646	16.48
1980-1989	63	0.02242	0.02217	0.5	75418	1672	74582	1192443	15.81
1980-1989	64	0.02423	0.02394	0.5	73746	1765	72863	1117861	15.16
1980-1989	65	0.02717	0.02681	0.5	71980	1930	71015	1044998	14.52
1980-1989	66	0.02886	0.02845	0.5	70050	1993	69054	973983	13.90
1980-1989	67	0.03100	0.03052	0.5	68057	2077	67019	904929	13.30
1980-1989	68	0.03447	0.03389	0.5	65980	2236	64862	837910	12.70
1980-1989	69	0.03731	0.03662	0.5	63744	2335	62577	773048	12.13
1980-1989	70	0.04048	0.03968	0.5	61410	2437	60191	710471	11.57
1980-1989	71	0.04461	0.04363	0.5	58973	2573	57686	650280	11.03
1980-1989	72	0.04898	0.04781	0.5	56400	2696	55052	592594	10.51
1980-1989	73	0.05263	0.05128	0.5	53704	2754	52327	537542	10.01
1980-1989	74	0.05573	0.05422	0.5	50949	2762	49568	485216	9.52
1980-1989	75	0.06034	0.05857	0.5	48187	2822	46776	435647	9.04
1980-1989	76	0.06633	0.06420	0.5	45365	2913	43908	388871	8.57
1980-1989	77	0.07109	0.06865	0.5	42452	2914	40995	344963	8.13
1980-1989	78	0.07786	0.07495	0.5	39538	2963	38056	303968	7.69
1980-1989	79	0.08299	0.07969	0.5	36575	2914	35117	265912	7.27
1980-1989	80	0.09326	0.08910	0.5	33660	2999	32160	230795	6.86
1980-1989	81	0.10148	0.09658	0.5	30661	2961	29180	198634	6.48
1980-1989	82	0.11065	0.10485	0.5	27700	2904	26248	169454	6.12
1980-1989	83	0.12248	0.11542	0.5	24795	2862	23365	143207	5.78
1980-1989	84	0.12965	0.12176	0.5	21934	2671	20598	119842	5.46
1980-1989	85	0.14271	0.13320	0.5	19263	2566	17980	99244	5.15
1980-1989	86	0.15322	0.14232	0.5	16697	2376	15509	81264	4.87
1980-1989	87	0.16933	0.15611	0.5	14321	2236	13203	65755	4.59
1980-1989	88	0.18051	0.16556	0.5	12085	2001	11085	52552	4.35
1980-1989	89	0.19028	0.17375	0.5	10084	1752	9208	41467	4.11
1980-1989	90	0.20836	0.18870	0.5	8332	1572	7546	32259	3.87
1980-1989	91	0.22363	0.20114	0.5	6760	1360	6080	24713	3.66
1980-1989	92	0.24190	0.21580	0.5	5400	1165	4817	18633	3.45
1980-1989	93	0.26308	0.23249	0.5	4235	985	3743	13815	3.26
1980-1989	94	0.27743	0.24363	0.5	3250	792	2854	10073	3.10
1980-1989	95	0.29658	0.25828	0.5	2458	635	2141	7219	2.94
1980-1989	96	0.31647	0.27323	0.5	1823	498	1574	5078	2.78
1980-1989	97	0.33706	0.28845	0.5	1325	382	1134	3503	2.64
1980-1989	98	0.35828	0.30385	0.5	943	287	800	2369	2.51
1980-1989	99	0.38008	0.31938	0.5	656	210	552	1570	2.39
1980-1989	100	0.40237	0.33498	0.5	447	150	372	1018	2.28
1980-1989	101	0.42507	0.35056	0.5	297	104	245	646	2.17
1980-1989	102	0.44809	0.36607	0.5	193	71	158	401	2.08
1980-1989	103	0.47134	0.38144	0.5	122	47	99	243	1.99
1980-1989	104	0.49471	0.39661	0.5	76	30	61	144	1.91
1980-1989	105	0.51810	0.41150	0.5	46	19	36	84	1.83
1980-1989	106	0.54142	0.42607	0.5	27	11	21	47	1.77
1980-1989	107	0.56455	0.44027	0.5	15	7	12	26	1.70
1980-1989	108	0.58741	0.45405	0.5	9	4	7	14	1.65
1980-1989	109	0.60990	0.46737	0.5	5	2	4	8	1.61
1980-1989	110+	0.63193	1.00000	1.58	3	3	4	4	1.58
1990-1999	0	0.00802	0.00796	0.07	100000	796	99257	7250167	72.50
1990-1999	1	0.00072	0.00072	0.5	99204	71	99168	7150911	72.08
1990-1999	2	0.00051	0.00051	0.5	99133	51	99107	7051742	71.13
1990-1999	3	0.00038	0.00038	0.5	99082	38	99063	6952635	70.17
1990-1999	4	0.00030	0.00030	0.5	99044	29	99029	6853572	69.20
1990-1999	5	0.00028	0.00028	0.5	99015	28	99001	6754542	68.22
1990-1999	6	0.00025	0.00025	0.5	98987	25	98974	6655542	67.24
1990-1999	7	0.00024	0.00024	0.5	98962	23	98950	6556567	66.25
1990-1999	8	0.00023	0.00023	0.5	98939	23	98927	6457617	65.27
1990-1999	9	0.00023	0.00023	0.5	98915	23	98904	6358690	64.28
1990-1999	10	0.00021	0.00021	0.5	98893	21	98883	6259786	63.30
1990-1999	11	0.00021	0.00021	0.5	98872	21	98862	6160903	62.31
1990-1999	12	0.00026	0.00026	0.5	98851	26	98838	6062042	61.32
1990-1999	13	0.00036	0.00036	0.5	98825	35	98807	5963204	60.34
1990-1999	14	0.00049	0.00049	0.5	98790	48	98765	5864396	59.36
1990-1999	15	0.00069	0.00069	0.5	98741	68	98707	5765631	58.39
1990-1999	16	0.00102	0.00102	0.5	98673	101	98623	5666924	57.43
1990-1999	17	0.00131	0.00131	0.5	98572	129	98508	5568301	56.49
1990-1999	18	0.00160	0.00159	0.5	98444	157	98365	5469793	55.56
1990-1999	19	0.00161	0.00161	0.5	98287	159	98207	5371428	54.65
1990-1999	20	0.00167	0.00167	0.5	98128	164	98046	5273221	53.74
1990-1999	21	0.00175	0.00175	0.5	97964	171	97879	5175174	52.83
1990-1999	22	0.00168	0.00168	0.5	97793	165	97711	5077296	51.92
1990-1999	23	0.00165	0.00164	0.5	97628	161	97548	4979585	51.01
1990-1999	24	0.00156	0.00155	0.5	97468	151	97392	4882037	50.09
1990-1999	25	0.00163	0.00163	0.5	97316	158	97237	4784645	49.17
1990-1999	26	0.00164	0.00164	0.5	97158	159	97078	4687407	48.25
1990-1999	27	0.00175	0.00174	0.5	96999	169	96914	4590329	47.32
1990-1999	28	0.00179	0.00179	0.5	96830	173	96743	4493415	46.41
1990-1999	29	0.00184	0.00184	0.5	96657	177	96568	4396672	45.49
1990-1999	30	0.00196	0.00196	0.5	96479	189	96385	4300104	44.57
1990-1999	31	0.00202	0.00202	0.5	96291	195	96193	4203719	43.66
1990-1999	32	0.00211	0.00211	0.5	96096	203	95995	4107526	42.74
1990-1999	33	0.00221	0.00221	0.5	95893	212	95787	4011531	41.83
1990-1999	34	0.00225	0.00225	0.5	95681	215	95574	3915744	40.92
1990-1999	35	0.00236	0.00236	0.5	95466	225	95354	3820170	40.02
1990-1999	36	0.00252	0.00251	0.5	95241	239	95122	3724816	39.11
1990-1999	37	0.00265	0.00265	0.5	95002	251	94877	3629694	38.21
1990-1999	38	0.00292	0.00291	0.5	94751	276	94613	3534818	37.31
1990-1999	39	0.00293	0.00293	0.5	94475	277	94336	3440205	36.41
1990-1999	40	0.00302	0.00301	0.5	94198	284	94056	3345868	35.52
1990-1999	41	0.00327	0.00326	0.5	93914	306	93761	3251812	34.63
1990-1999	42	0.00343	0.00342	0.5	93608	320	93448	3158051	33.74
1990-1999	43	0.00374	0.00373	0.5	93287	348	93113	3064603	32.85
1990-1999	44	0.00378	0.00378	0.5	92939	351	92764	2971490	31.97
1990-1999	45	0.00401	0.00400	0.5	92588	371	92403	2878726	31.09
1990-1999	46	0.00451	0.00450	0.5	92218	415	92010	2786323	30.21
1990-1999	47	0.00475	0.00474	0.5	91803	435	91585	2694313	29.35
1990-1999	48	0.00537	0.00535	0.5	91368	489	91123	2602727	28.49
1990-1999	49	0.00541	0.00539	0.5	90879	490	90634	2511604	27.64
1990-1999	50	0.00594	0.00592	0.5	90389	535	90121	2420970	26.78
1990-1999	51	0.00660	0.00657	0.5	89853	591	89558	2330849	25.94
1990-1999	52	0.00722	0.00720	0.5	89263	643	88941	2241291	25.11
1990-1999	53	0.00794	0.00791	0.5	88620	701	88270	2152350	24.29
1990-1999	54	0.00846	0.00842	0.5	87919	740	87549	2064080	23.48
1990-1999	55	0.00944	0.00940	0.5	87179	819	86769	1976531	22.67
1990-1999	56	0.01035	0.01030	0.5	86359	889	85915	1889762	21.88
1990-1999	57	0.01126	0.01120	0.5	85470	957	84991	1803848	21.11
1990-1999	58	0.01273	0.01265	0.5	84512	1069	83978	1718857	20.34
1990-1999	59	0.01314	0.01305	0.5	83443	1089	82899	1634879	19.59
1990-1999	60	0.01501	0.01490	0.5	82354	1227	81741	1551980	18.85
1990-1999	61	0.01659	0.01645	0.5	81128	1335	80460	1470239	18.12
1990-1999	62	0.01823	0.01807	0.5	79793	1442	79072	1389778	17.42
1990-1999	63	0.01956	0.01937	0.5	78351	1518	77592	1310706	16.73
1990-1999	64	0.02144	0.02121	0.5	76834	1630	76019	1233114	16.05
1990-1999	65	0.02308	0.02282	0.5	75204	1716	74346	1157095	15.39
1990-1999	66	0.02510	0.02479	0.5	73488	1822	72577	1082750	14.73
1990-1999	67	0.02676	0.02641	0.5	71666	1893	70720	1010173	14.10
1990-1999	68	0.02943	0.02901	0.5	69773	2024	68761	939453	13.46
1990-1999	69	0.03207	0.03156	0.5	67749	2138	66680	870692	12.85
1990-1999	70	0.03455	0.03396	0.5	65611	2228	64497	804012	12.25
1990-1999	71	0.03851	0.03778	0.5	63383	2395	62185	739515	11.67
1990-1999	72	0.04247	0.04159	0.5	60988	2536	59720	677330	11.11
1990-1999	73	0.04574	0.04472	0.5	58452	2614	57145	617610	10.57
1990-1999	74	0.04840	0.04725	0.5	55838	2639	54519	560465	10.04
1990-1999	75	0.05326	0.05187	0.5	53199	2760	51819	505947	9.51
1990-1999	76	0.05724	0.05565	0.5	50440	2807	49036	454127	9.00
1990-1999	77	0.06218	0.06030	0.5	47633	2872	46197	405091	8.50
1990-1999	78	0.06879	0.06650	0.5	44760	2977	43272	358894	8.02
1990-1999	79	0.07604	0.07325	0.5	41784	3061	40253	315622	7.55
1990-1999	80	0.08505	0.08158	0.5	38723	3159	37143	275369	7.11
1990-1999	81	0.09275	0.08864	0.5	35564	3152	33988	238225	6.70
1990-1999	82	0.10127	0.09639	0.5	32411	3124	30849	204237	6.30
1990-1999	83	0.11228	0.10631	0.5	29287	3114	27731	173388	5.92
1990-1999	84	0.12462	0.11731	0.5	26174	3070	24639	145658	5.57
1990-1999	85	0.13586	0.12722	0.5	23103	2939	21634	121019	5.24
1990-1999	86	0.14340	0.13381	0.5	20164	2698	18815	99385	4.93
1990-1999	87	0.15927	0.14752	0.5	17466	2577	16178	80570	4.61
1990-1999	88	0.17551	0.16135	0.5	14889	2402	13688	64392	4.32
1990-1999	89	0.19374	0.17663	0.5	12487	2206	11384	50704	4.06
1990-1999	90	0.20590	0.18668	0.5	10282	1919	9322	39320	3.82
1990-1999	91	0.21831	0.19682	0.5	8362	1646	7539	29998	3.59
1990-1999	92	0.24976	0.22203	0.5	6716	1491	5971	22459	3.34
1990-1999	93	0.27021	0.23805	0.5	5225	1244	4603	16488	3.16
1990-1999	94	0.28595	0.25018	0.5	3981	996	3483	11885	2.99
1990-1999	95	0.30785	0.26679	0.5	2985	796	2587	8402	2.81
1990-1999	96	0.33065	0.28374	0.5	2189	621	1878	5815	2.66
1990-1999	97	0.35428	0.30097	0.5	1568	472	1332	3937	2.51
1990-1999	98	0.37864	0.31837	0.5	1096	349	921	2605	2.38
1990-1999	99	0.40363	0.33585	0.5	747	251	622	1683	2.25
1990-1999	100	0.42913	0.35332	0.5	496	175	408	1062	2.14
1990-1999	101	0.45502	0.37068	0.5	321	119	261	653	2.04
1990-1999	102	0.48114	0.38784	0.5	202	78	163	392	1.94
1990-1999	103	0.50738	0.40471	0.5	124	50	99	229	1.85
1990-1999	104	0.53357	0.42120	0.5	74	31	58	131	1.78
1990-1999	105	0.55957	0.43724	0.5	43	19	33	73	1.70
1990-1999	106	0.58526	0.45276	0.5	24	11	19	39	1.64
1990-1999	107	0.61048	0.46772	0.5	13	6	10	21	1.58
1990-1999	108	0.63513	0.48205	0.5	7	3	5	11	1.53
1990-1999	109	0.65910	0.49573	0.5	4	2	3	5	1.49
1990-1999	110+	0.68227	1.00000	1.47	2	2	3	3	1.47
2000-2009	0	0.00710	0.00705	0.06	100000	705	99340	7469864	74.70
2000-2009	1	0.00056	0.00056	0.5	99295	56	99267	7370525	74.23
2000-2009	2	0.00039	0.00039	0.5	99239	38	99219	7271258	73.27
2000-2009	3	0.00029	0.00029	0.5	99200	28	99186	7172039	72.30
2000-2009	4	0.00024	0.00024	0.5	99172	24	99160	7072853	71.32
2000-2009	5	0.00019	0.00019	0.5	99148	19	99138	6973693	70.34
2000-2009	6	0.00018	0.00018	0.5	99129	18	99120	6874554	69.35
2000-2009	7	0.00017	0.00017	0.5	99111	16	99102	6775435	68.36
2000-2009	8	0.00015	0.00015	0.5	99094	15	99087	6676332	67.37
2000-2009	9	0.00014	0.00014	0.5	99079	14	99072	6577245	66.38
2000-2009	10	0.00016	0.00016	0.5	99065	16	99057	6478173	65.39
2000-2009	11	0.00017	0.00017	0.5	99049	17	99041	6379116	64.40
2000-2009	12	0.00020	0.00020	0.5	99033	20	99023	6280075	63.41
2000-2009	13	0.00027	0.00027	0.5	99013	26	99000	6181052	62.43
2000-2009	14	0.00033	0.00033	0.5	98986	32	98970	6082052	61.44
2000-2009	15	0.00043	0.00043	0.5	98954	43	98933	5983082	60.46
2000-2009	16	0.00064	0.00064	0.5	98911	64	98880	5884150	59.49
2000-2009	17	0.00086	0.00086	0.5	98848	85	98805	5785270	58.53
2000-2009	18	0.00120	0.00120	0.5	98763	119	98704	5686465	57.58
2000-2009	19	0.00134	0.00134	0.5	98644	132	98578	5587761	56.65
2000-2009	20	0.00143	0.00142	0.5	98512	140	98442	5489183	55.72
2000-2009	21	0.00145	0.00145	0.5	98372	142	98301	5390741	54.80
2000-2009	22	0.00144	0.00144	0.5	98230	141	98159	5292440	53.88
2000-2009	23	0.00139	0.00139	0.5	98089	137	98020	5194281	52.95
2000-2009	24	0.00138	0.00138	0.5	97952	135	97885	5096261	52.03
2000-2009	25	0.00138	0.00138	0.5	97817	135	97750	4998376	51.10
2000-2009	26	0.00140	0.00140	0.5	97683	136	97614	4900626	50.17
2000-2009	27	0.00136	0.00136	0.5	97546	132	97480	4803012	49.24
2000-2009	28	0.00138	0.00138	0.5	97414	134	97347	4705531	48.30
2000-2009	29	0.00144	0.00144	0.5	97280	140	97210	4608185	47.37
2000-2009	30	0.00142	0.00142	0.5	97140	138	97071	4510975	46.44
2000-2009	31	0.00146	0.00146	0.5	97002	142	96931	4413904	45.50
2000-2009	32	0.00144	0.00144	0.5	96860	140	96790	4316973	44.57
2000-2009	33	0.00157	0.00157	0.5	96720	151	96645	4220183	43.63
2000-2009	34	0.00158	0.00158	0.5	96569	152	96493	4123538	42.70
2000-2009	35	0.00176	0.00175	0.5	96417	169	96332	4027045	41.77
2000-2009	36	0.00181	0.00181	0.5	96248	174	96161	3930713	40.84
2000-2009	37	0.00200	0.00200	0.5	96074	192	95977	3834552	39.91
2000-2009	38	0.00207	0.00207	0.5	95881	198	95782	3738575	38.99
2000-2009	39	0.00222	0.00222	0.5	95683	213	95577	3642793	38.07
2000-2009	40	0.00253	0.00252	0.5	95470	241	95350	3547216	37.16
2000-2009	41	0.00274	0.00273	0.5	95230	260	95100	3451866	36.25
2000-2009	42	0.00287	0.00286	0.5	94969	272	94833	3356766	35.35
2000-2009	43	0.00319	0.00319	0.5	94697	302	94547	3261933	34.45
2000-2009	44	0.00355	0.00355	0.5	94396	335	94228	3167386	33.55
2000-2009	45	0.00382	0.00382	0.5	94061	359	93882	3073158	32.67
2000-2009	46	0.00410	0.00409	0.5	93702	384	93510	2979276	31.80
2000-2009	47	0.00441	0.00440	0.5	93319	410	93113	2885766	30.92
2000-2009	48	0.00486	0.00485	0.5	92908	451	92683	2792652	30.06
2000-2009	49	0.00533	0.00532	0.5	92458	492	92212	2699969	29.20
2000-2009	50	0.00578	0.00577	0.5	91966	530	91701	2607758	28.36
2000-2009	51	0.00618	0.00616	0.5	91436	563	91154	2516057	27.52
2000-2009	52	0.00681	0.00679	0.5	90872	617	90564	2424903	26.68
2000-2009	53	0.00734	0.00732	0.5	90256	660	89925	2334339	25.86
2000-2009	54	0.00769	0.00767	0.5	89595	687	89252	2244413	25.05
2000-2009	55	0.00838	0.00834	0.5	88909	742	88538	2155161	24.24
2000-2009	56	0.00900	0.00896	0.5	88167	790	87772	2066624	23.44
2000-2009	57	0.00977	0.00972	0.5	87377	849	86953	1978852	22.65
2000-2009	58	0.01052	0.01046	0.5	86528	905	86075	1891899	21.86
2000-2009	59	0.01131	0.01125	0.5	85623	963	85141	1805824	21.09
2000-2009	60	0.01241	0.01233	0.5	84660	1044	84138	1720683	20.32
2000-2009	61	0.01321	0.01312	0.5	83616	1097	83067	1636545	19.57
2000-2009	62	0.01466	0.01455	0.5	82519	1201	81918	1553478	18.83
2000-2009	63	0.01573	0.01561	0.5	81318	1269	80683	1471560	18.10
2000-2009	64	0.01705	0.01691	0.5	80049	1353	79372	1390876	17.38
2000-2009	65	0.01841	0.01825	0.5	78695	1436	77977	1311504	16.67
2000-2009	66	0.01980	0.01961	0.5	77259	1515	76502	1233527	15.97
2000-2009	67	0.02168	0.02145	0.5	75744	1625	74932	1157025	15.28
2000-2009	68	0.02303	0.02277	0.5	74120	1688	73276	1082093	14.60
2000-2009	69	0.02555	0.02522	0.5	72432	1827	71518	1008817	13.93
2000-2009	70	0.02811	0.02772	0.5	70605	1957	69626	937299	13.28
2000-2009	71	0.03049	0.03004	0.5	68648	2062	67617	867673	12.64
2000-2009	72	0.03347	0.03292	0.5	66586	2192	65490	800056	12.02
2000-2009	73	0.03661	0.03596	0.5	64394	2315	63236	734566	11.41
2000-2009	74	0.03996	0.03918	0.5	62078	2432	60862	671330	10.81
2000-2009	75	0.04418	0.04323	0.5	59646	2578	58357	610468	10.23
2000-2009	76	0.04811	0.04698	0.5	57068	2681	55727	552111	9.67
2000-2009	77	0.05234	0.05101	0.5	54386	2774	52999	496384	9.13
2000-2009	78	0.05811	0.05647	0.5	51612	2914	50155	443384	8.59
2000-2009	79	0.06367	0.06171	0.5	48698	3005	47195	393229	8.07
2000-2009	80	0.07211	0.06960	0.5	45693	3180	44103	346034	7.57
2000-2009	81	0.07941	0.07638	0.5	42512	3247	40889	301931	7.10
2000-2009	82	0.08752	0.08385	0.5	39265	3292	37619	261043	6.65
2000-2009	83	0.09745	0.09292	0.5	35973	3343	34302	223423	6.21
2000-2009	84	0.10803	0.10249	0.5	32630	3344	30958	189122	5.80
2000-2009	85	0.12106	0.11415	0.5	29286	3343	27615	158164	5.40
2000-2009	86	0.13366	0.12528	0.5	25943	3250	24318	130549	5.03
2000-2009	87	0.14847	0.13821	0.5	22693	3136	21125	106231	4.68
2000-2009	88	0.16677	0.15394	0.5	19557	3011	18051	85106	4.35
2000-2009	89	0.18326	0.16787	0.5	16546	2778	15157	67055	4.05
2000-2009	90	0.20264	0.18400	0.5	13768	2533	12502	51898	3.77
2000-2009	91	0.22553	0.20267	0.5	11235	2277	10097	39396	3.51
2000-2009	92	0.24853	0.22106	0.5	8958	1980	7968	29299	3.27
2000-2009	93	0.27610	0.24261	0.5	6978	1693	6131	21331	3.06
2000-2009	94	0.29317	0.25569	0.5	5285	1351	4609	15200	2.88
2000-2009	95	0.31897	0.27510	0.5	3934	1082	3393	10591	2.69
2000-2009	96	0.34593	0.29492	0.5	2851	841	2431	7198	2.52
2000-2009	97	0.37392	0.31502	0.5	2011	633	1694	4767	2.37
2000-2009	98	0.40278	0.33526	0.5	1377	462	1146	3073	2.23
2000-2009	99	0.43233	0.35549	0.5	915	325	753	1927	2.10
2000-2009	100	0.46237	0.37555	0.5	590	222	479	1174	1.99
2000-2009	101	0.49268	0.39530	0.5	368	146	296	695	1.89
2000-2009	102	0.52305	0.41462	0.5	223	92	177	399	1.79
2000-2009	103	0.55325	0.43337	0.5	130	57	102	223	1.71
2000-2009	104	0.58306	0.45145	0.5	74	33	57	121	1.63
2000-2009	105	0.61228	0.46877	0.5	41	19	31	63	1.56
2000-2009	106	0.64071	0.48525	0.5	22	10	16	32	1.50
2000-2009	107	0.66818	0.50085	0.5	11	6	8	16	1.45
2000-2009	108	0.69456	0.51553	0.5	6	3	4	8	1.41
2000-2009	109	0.71972	0.52926	0.5	3	1	2	4	1.37
2000-2009	110+	0.74357	1.00000	1.34	1	1	2	2	1.34
2010-2019	0	0.00626	0.00623	0.06	100000	623	99416	7623641	76.24
2010-2019	1	0.00046	0.00046	0.5	99377	46	99354	7524225	75.71
2010-2019	2	0.00030	0.00030	0.5	99331	30	99316	7424871	74.75
2010-2019	3	0.00025	0.00025	0.5	99302	25	99289	7325555	73.77
2010-2019	4	0.00020	0.00020	0.5	99277	20	99267	7226265	72.79
2010-2019	5	0.00016	0.00016	0.5	99257	16	99249	7126998	71.80
2010-2019	6	0.00014	0.00014	0.5	99241	14	99235	7027749	70.81
2010-2019	7	0.00013	0.00013	0.5	99228	13	99221	6928515	69.82
2010-2019	8	0.00014	0.00014	0.5	99215	14	99208	6829293	68.83
2010-2019	9	0.00012	0.00012	0.5	99201	11	99195	6730086	67.84
2010-2019	10	0.00013	0.00013	0.5	99189	13	99183	6630891	66.85
2010-2019	11	0.00015	0.00015	0.5	99177	15	99169	6531708	65.86
2010-2019	12	0.00016	0.00016	0.5	99162	16	99154	6432538	64.87
2010-2019	13	0.00019	0.00019	0.5	99146	19	99137	6333384	63.88
2010-2019	14	0.00025	0.00025	0.5	99127	24	99115	6234248	62.89
2010-2019	15	0.00033	0.00033	0.5	99103	33	99086	6135133	61.91
2010-2019	16	0.00049	0.00049	0.5	99070	49	99045	6036046	60.93
2010-2019	17	0.00063	0.00063	0.5	99021	62	98990	5937001	59.96
2010-2019	18	0.00089	0.00089	0.5	98959	88	98915	5838011	58.99
2010-2019	19	0.00108	0.00108	0.5	98871	107	98817	5739096	58.05
2010-2019	20	0.00114	0.00114	0.5	98764	113	98707	5640279	57.11
2010-2019	21	0.00129	0.00128	0.5	98651	127	98588	5541572	56.17
2010-2019	22	0.00132	0.00132	0.5	98524	130	98459	5442984	55.25
2010-2019	23	0.00126	0.00126	0.5	98394	124	98332	5344525	54.32
2010-2019	24	0.00132	0.00132	0.5	98270	129	98206	5246193	53.39
2010-2019	25	0.00132	0.00132	0.5	98141	129	98077	5147987	52.45
2010-2019	26	0.00132	0.00132	0.5	98012	129	97947	5049910	51.52
2010-2019	27	0.00134	0.00134	0.5	97883	131	97817	4951963	50.59
2010-2019	28	0.00136	0.00136	0.5	97752	133	97686	4854145	49.66
2010-2019	29	0.00144	0.00144	0.5	97619	140	97549	4756460	48.72
2010-2019	30	0.00137	0.00137	0.5	97479	134	97412	4658910	47.79
2010-2019	31	0.00140	0.00140	0.5	97346	136	97278	4561498	46.86
2010-2019	32	0.00153	0.00153	0.5	97210	149	97135	4464220	45.92
2010-2019	33	0.00153	0.00153	0.5	97061	148	96987	4367085	44.99
2010-2019	34	0.00162	0.00161	0.5	96912	156	96834	4270098	44.06
2010-2019	35	0.00159	0.00159	0.5	96756	154	96679	4173264	43.13
2010-2019	36	0.00171	0.00171	0.5	96602	165	96519	4076585	42.20
2010-2019	37	0.00181	0.00181	0.5	96437	175	96350	3980066	41.27
2010-2019	38	0.00188	0.00188	0.5	96262	181	96172	3883716	40.35
2010-2019	39	0.00199	0.00199	0.5	96081	191	95986	3787544	39.42
2010-2019	40	0.00207	0.00207	0.5	95890	198	95791	3691559	38.50
2010-2019	41	0.00222	0.00221	0.5	95692	212	95586	3595768	37.58
2010-2019	42	0.00241	0.00241	0.5	95480	230	95365	3500182	36.66
2010-2019	43	0.00259	0.00259	0.5	95250	246	95127	3404817	35.75
2010-2019	44	0.00277	0.00277	0.5	95004	263	94872	3309690	34.84
2010-2019	45	0.00308	0.00308	0.5	94741	291	94595	3214818	33.93
2010-2019	46	0.00344	0.00344	0.5	94449	325	94287	3120223	33.04
2010-2019	47	0.00377	0.00376	0.5	94125	354	93948	3025936	32.15
2010-2019	48	0.00413	0.00412	0.5	93771	386	93578	2931988	31.27
2010-2019	49	0.00451	0.00450	0.5	93384	420	93174	2838411	30.39
2010-2019	50	0.00499	0.00498	0.5	92964	463	92732	2745236	29.53
2010-2019	51	0.00549	0.00548	0.5	92501	507	92248	2652504	28.68
2010-2019	52	0.00606	0.00604	0.5	91994	556	91716	2560256	27.83
2010-2019	53	0.00670	0.00667	0.5	91439	610	91134	2468540	27.00
2010-2019	54	0.00735	0.00732	0.5	90828	665	90496	2377406	26.17
2010-2019	55	0.00800	0.00797	0.5	90163	718	89804	2286911	25.36
2010-2019	56	0.00869	0.00865	0.5	89445	774	89058	2197107	24.56
2010-2019	57	0.00955	0.00950	0.5	88671	843	88249	2108049	23.77
2010-2019	58	0.01018	0.01013	0.5	87828	889	87383	2019800	23.00
2010-2019	59	0.01128	0.01122	0.5	86939	975	86451	1932416	22.23
2010-2019	60	0.01190	0.01183	0.5	85964	1017	85455	1845965	21.47
2010-2019	61	0.01290	0.01282	0.5	84946	1089	84402	1760510	20.72
2010-2019	62	0.01393	0.01383	0.5	83857	1160	83277	1676108	19.99
2010-2019	63	0.01511	0.01500	0.5	82697	1240	82077	1592831	19.26
2010-2019	64	0.01608	0.01595	0.5	81457	1299	80808	1510754	18.55
2010-2019	65	0.01691	0.01677	0.5	80158	1344	79486	1429946	17.84
2010-2019	66	0.01800	0.01784	0.5	78814	1406	78111	1350460	17.13
2010-2019	67	0.01918	0.01900	0.5	77408	1470	76672	1272350	16.44
2010-2019	68	0.02087	0.02065	0.5	75937	1568	75153	1195677	15.75
2010-2019	69	0.02205	0.02181	0.5	74369	1622	73558	1120524	15.07
2010-2019	70	0.02424	0.02395	0.5	72747	1742	71876	1046966	14.39
2010-2019	71	0.02642	0.02607	0.5	71005	1851	70079	975091	13.73
2010-2019	72	0.02894	0.02853	0.5	69153	1973	68167	905012	13.09
2010-2019	73	0.03118	0.03070	0.5	67180	2063	66149	836845	12.46
2010-2019	74	0.03439	0.03381	0.5	65118	2202	64017	770696	11.84
2010-2019	75	0.03754	0.03685	0.5	62916	2319	61757	706679	11.23
2010-2019	76	0.04121	0.04038	0.5	60597	2447	59374	644923	10.64
2010-2019	77	0.04460	0.04363	0.5	58150	2537	56882	585549	10.07
2010-2019	78	0.04907	0.04789	0.5	55613	2663	54282	528667	9.51
2010-2019	79	0.05453	0.05308	0.5	52950	2811	51545	474385	8.96
2010-2019	80	0.05907	0.05738	0.5	50139	2877	48701	422840	8.43
2010-2019	81	0.06602	0.06391	0.5	47263	3021	45752	374139	7.92
2010-2019	82	0.07157	0.06910	0.5	44242	3057	42714	328387	7.42
2010-2019	83	0.07914	0.07613	0.5	41185	3135	39617	285673	6.94
2010-2019	84	0.08962	0.08577	0.5	38050	3264	36418	246056	6.47
2010-2019	85	0.09899	0.09432	0.5	34786	3281	33146	209638	6.03
2010-2019	86	0.11144	0.10556	0.5	31505	3326	29842	176492	5.60
2010-2019	87	0.12390	0.11667	0.5	28179	3288	26536	146650	5.20
2010-2019	88	0.13937	0.13029	0.5	24892	3243	23270	120115	4.83
2010-2019	89	0.15590	0.14463	0.5	21648	3131	20083	96845	4.47
2010-2019	90	0.17488	0.16082	0.5	18517	2978	17028	76762	4.15
2010-2019	91	0.19650	0.17892	0.5	15540	2780	14149	59733	3.84
2010-2019	92	0.21771	0.19634	0.5	12759	2505	11507	45584	3.57
2010-2019	93	0.24293	0.21662	0.5	10254	2221	9144	34077	3.32
2010-2019	94	0.26886	0.23700	0.5	8033	1904	7081	24934	3.10
2010-2019	95	0.28644	0.25055	0.5	6129	1536	5361	17853	2.91
2010-2019	96	0.31302	0.27066	0.5	4593	1243	3972	12491	2.72
2010-2019	97	0.34089	0.29125	0.5	3350	976	2862	8520	2.54
2010-2019	98	0.36991	0.31217	0.5	2374	741	2004	5657	2.38
2010-2019	99	0.39990	0.33326	0.5	1633	544	1361	3653	2.24
2010-2019	100	0.43066	0.35436	0.5	1089	386	896	2292	2.11
2010-2019	101	0.46196	0.37528	0.5	703	264	571	1396	1.99
2010-2019	102	0.49357	0.39588	0.5	439	174	352	825	1.88
2010-2019	103	0.52523	0.41599	0.5	265	110	210	473	1.78
2010-2019	104	0.55669	0.43548	0.5	155	67	121	263	1.70
2010-2019	105	0.58770	0.45422	0.5	87	40	68	142	1.62
2010-2019	106	0.61802	0.47213	0.5	48	23	36	74	1.55
2010-2019	107	0.64746	0.48912	0.5	25	12	19	38	1.49
2010-2019	108	0.67582	0.50513	0.5	13	7	10	19	1.44
2010-2019	109	0.70294	0.52013	0.5	6	3	5	9	1.40
2010-2019	110+	0.72870	1.00000	1.37	3	3	4	4	1.37
