NH: New Hampshire, Lifetables (period 1x10), Both sexes Last modified: 20 Dec 2020, MPv5 (May07) 

Year     	Age	mx	qx	ax	lx	dx	Lx	Tx	ex
1960-1969	0	0.02195	0.02153	0.11	100000	2153	98083	7083167	70.83
1960-1969	1	0.00118	0.00118	0.5	97847	115	97790	6985084	71.39
1960-1969	2	0.00079	0.00079	0.5	97732	78	97693	6887294	70.47
1960-1969	3	0.00068	0.00068	0.5	97655	67	97621	6789601	69.53
1960-1969	4	0.00053	0.00053	0.5	97588	52	97562	6691980	68.57
1960-1969	5	0.00044	0.00044	0.5	97536	43	97515	6594418	67.61
1960-1969	6	0.00048	0.00048	0.5	97494	47	97470	6496903	66.64
1960-1969	7	0.00035	0.00035	0.5	97447	34	97430	6399432	65.67
1960-1969	8	0.00039	0.00039	0.5	97413	38	97394	6302003	64.69
1960-1969	9	0.00037	0.00037	0.5	97375	36	97356	6204609	63.72
1960-1969	10	0.00025	0.00025	0.5	97338	24	97326	6107253	62.74
1960-1969	11	0.00033	0.00033	0.5	97314	32	97298	6009926	61.76
1960-1969	12	0.00041	0.00041	0.5	97281	39	97262	5912629	60.78
1960-1969	13	0.00036	0.00036	0.5	97242	35	97225	5815367	59.80
1960-1969	14	0.00059	0.00059	0.5	97207	57	97179	5718142	58.82
1960-1969	15	0.00069	0.00069	0.5	97150	67	97116	5620964	57.86
1960-1969	16	0.00091	0.00091	0.5	97083	88	97038	5523847	56.90
1960-1969	17	0.00092	0.00092	0.5	96994	89	96950	5426809	55.95
1960-1969	18	0.00118	0.00118	0.5	96905	114	96848	5329859	55.00
1960-1969	19	0.00115	0.00115	0.5	96791	111	96736	5233011	54.06
1960-1969	20	0.00104	0.00104	0.5	96680	100	96630	5136276	53.13
1960-1969	21	0.00115	0.00115	0.5	96580	111	96524	5039645	52.18
1960-1969	22	0.00112	0.00112	0.5	96469	108	96415	4943121	51.24
1960-1969	23	0.00125	0.00125	0.5	96361	120	96301	4846706	50.30
1960-1969	24	0.00096	0.00096	0.5	96241	92	96194	4750406	49.36
1960-1969	25	0.00125	0.00125	0.5	96148	120	96089	4654211	48.41
1960-1969	26	0.00123	0.00123	0.5	96029	118	95970	4558123	47.47
1960-1969	27	0.00106	0.00106	0.5	95911	102	95860	4462153	46.52
1960-1969	28	0.00114	0.00114	0.5	95809	109	95754	4366293	45.57
1960-1969	29	0.00110	0.00110	0.5	95700	105	95647	4270539	44.62
1960-1969	30	0.00119	0.00119	0.5	95595	114	95538	4174892	43.67
1960-1969	31	0.00115	0.00115	0.5	95481	110	95426	4079354	42.72
1960-1969	32	0.00116	0.00115	0.5	95371	110	95316	3983928	41.77
1960-1969	33	0.00124	0.00124	0.5	95261	118	95202	3888613	40.82
1960-1969	34	0.00133	0.00132	0.5	95143	126	95080	3793411	39.87
1960-1969	35	0.00142	0.00142	0.5	95017	135	94949	3698331	38.92
1960-1969	36	0.00158	0.00158	0.5	94882	149	94807	3603382	37.98
1960-1969	37	0.00219	0.00218	0.5	94732	207	94629	3508574	37.04
1960-1969	38	0.00204	0.00204	0.5	94526	193	94429	3413945	36.12
1960-1969	39	0.00224	0.00223	0.5	94333	211	94227	3319516	35.19
1960-1969	40	0.00261	0.00261	0.5	94122	246	93999	3225289	34.27
1960-1969	41	0.00307	0.00306	0.5	93876	288	93732	3131290	33.36
1960-1969	42	0.00290	0.00290	0.5	93588	271	93453	3037558	32.46
1960-1969	43	0.00378	0.00377	0.5	93317	352	93141	2944105	31.55
1960-1969	44	0.00403	0.00402	0.5	92965	374	92778	2850964	30.67
1960-1969	45	0.00388	0.00387	0.5	92591	358	92412	2758186	29.79
1960-1969	46	0.00498	0.00497	0.5	92233	458	92004	2665774	28.90
1960-1969	47	0.00455	0.00454	0.5	91775	417	91567	2573770	28.04
1960-1969	48	0.00590	0.00588	0.5	91358	537	91090	2482204	27.17
1960-1969	49	0.00643	0.00641	0.5	90821	582	90530	2391114	26.33
1960-1969	50	0.00715	0.00713	0.5	90239	643	89917	2300584	25.49
1960-1969	51	0.00815	0.00812	0.5	89595	727	89232	2210667	24.67
1960-1969	52	0.00900	0.00896	0.5	88868	796	88470	2121435	23.87
1960-1969	53	0.00880	0.00876	0.5	88072	771	87686	2032966	23.08
1960-1969	54	0.01043	0.01037	0.5	87300	906	86848	1945280	22.28
1960-1969	55	0.01033	0.01028	0.5	86395	888	85951	1858432	21.51
1960-1969	56	0.01193	0.01185	0.5	85507	1014	85000	1772481	20.73
1960-1969	57	0.01380	0.01370	0.5	84493	1158	83914	1687482	19.97
1960-1969	58	0.01364	0.01355	0.5	83335	1129	82770	1603568	19.24
1960-1969	59	0.01725	0.01711	0.5	82206	1406	81503	1520797	18.50
1960-1969	60	0.01650	0.01636	0.5	80799	1322	80138	1439295	17.81
1960-1969	61	0.01913	0.01894	0.5	79477	1506	78725	1359156	17.10
1960-1969	62	0.01997	0.01977	0.5	77972	1542	77201	1280432	16.42
1960-1969	63	0.02291	0.02265	0.5	76430	1731	75564	1203231	15.74
1960-1969	64	0.02438	0.02409	0.5	74699	1799	73799	1127667	15.10
1960-1969	65	0.02546	0.02514	0.5	72899	1833	71983	1053868	14.46
1960-1969	66	0.02886	0.02845	0.5	71067	2022	70056	981885	13.82
1960-1969	67	0.03141	0.03092	0.5	69045	2135	67978	911829	13.21
1960-1969	68	0.03504	0.03443	0.5	66910	2304	65758	843851	12.61
1960-1969	69	0.03814	0.03743	0.5	64606	2418	63397	778093	12.04
1960-1969	70	0.04092	0.04010	0.5	62188	2494	60941	714696	11.49
1960-1969	71	0.04297	0.04207	0.5	59694	2511	58439	653755	10.95
1960-1969	72	0.05078	0.04952	0.5	57183	2832	55767	595316	10.41
1960-1969	73	0.05396	0.05254	0.5	54351	2856	52923	539549	9.93
1960-1969	74	0.05814	0.05650	0.5	51495	2909	50041	486626	9.45
1960-1969	75	0.06142	0.05959	0.5	48586	2895	47138	436585	8.99
1960-1969	76	0.06695	0.06478	0.5	45691	2960	44211	389447	8.52
1960-1969	77	0.07048	0.06808	0.5	42731	2909	41277	345236	8.08
1960-1969	78	0.08136	0.07818	0.5	39822	3113	38266	303959	7.63
1960-1969	79	0.08331	0.07998	0.5	36709	2936	35241	265694	7.24
1960-1969	80	0.08970	0.08585	0.5	33773	2899	32323	230453	6.82
1960-1969	81	0.09864	0.09400	0.5	30874	2902	29423	198129	6.42
1960-1969	82	0.10838	0.10281	0.5	27971	2876	26534	168707	6.03
1960-1969	83	0.11898	0.11230	0.5	25096	2818	23687	142173	5.67
1960-1969	84	0.13049	0.12250	0.5	22278	2729	20913	118487	5.32
1960-1969	85	0.14296	0.13343	0.5	19549	2608	18244	97573	4.99
1960-1969	86	0.15645	0.14510	0.5	16940	2458	15711	79329	4.68
1960-1969	87	0.17099	0.15752	0.5	14482	2281	13342	63618	4.39
1960-1969	88	0.18661	0.17069	0.5	12201	2083	11160	50276	4.12
1960-1969	89	0.20337	0.18459	0.5	10119	1868	9185	39116	3.87
1960-1969	90	0.22126	0.19922	0.5	8251	1644	7429	29931	3.63
1960-1969	91	0.24030	0.21452	0.5	6607	1417	5898	22503	3.41
1960-1969	92	0.26048	0.23046	0.5	5190	1196	4592	16604	3.20
1960-1969	93	0.28178	0.24698	0.5	3994	986	3500	12013	3.01
1960-1969	94	0.30417	0.26402	0.5	3007	794	2610	8512	2.83
1960-1969	95	0.32759	0.28148	0.5	2213	623	1902	5902	2.67
1960-1969	96	0.35195	0.29929	0.5	1590	476	1352	4000	2.52
1960-1969	97	0.37718	0.31733	0.5	1114	354	938	2648	2.38
1960-1969	98	0.40315	0.33552	0.5	761	255	633	1710	2.25
1960-1969	99	0.42974	0.35373	0.5	505	179	416	1077	2.13
1960-1969	100	0.45680	0.37187	0.5	327	121	266	661	2.02
1960-1969	101	0.48418	0.38981	0.5	205	80	165	395	1.93
1960-1969	102	0.51171	0.40746	0.5	125	51	100	230	1.84
1960-1969	103	0.53923	0.42472	0.5	74	32	58	130	1.75
1960-1969	104	0.56656	0.44150	0.5	43	19	33	72	1.68
1960-1969	105	0.59354	0.45771	0.5	24	11	18	38	1.61
1960-1969	106	0.62002	0.47329	0.5	13	6	10	20	1.55
1960-1969	107	0.64584	0.48819	0.5	7	3	5	10	1.50
1960-1969	108	0.67088	0.50237	0.5	3	2	3	5	1.45
1960-1969	109	0.69502	0.51578	0.5	2	1	1	2	1.42
1960-1969	110+	0.71817	1.00000	1.39	1	1	1	1	1.39
1970-1979	0	0.01386	0.01369	0.09	100000	1369	98750	7324439	73.24
1970-1979	1	0.00081	0.00081	0.5	98631	80	98591	7225689	73.26
1970-1979	2	0.00063	0.00063	0.5	98552	62	98520	7127098	72.32
1970-1979	3	0.00053	0.00053	0.5	98489	53	98463	7028577	71.36
1970-1979	4	0.00043	0.00043	0.5	98437	42	98416	6930114	70.40
1970-1979	5	0.00037	0.00037	0.5	98394	37	98376	6831699	69.43
1970-1979	6	0.00028	0.00028	0.5	98358	28	98344	6733323	68.46
1970-1979	7	0.00039	0.00039	0.5	98330	38	98311	6634979	67.48
1970-1979	8	0.00030	0.00030	0.5	98292	30	98277	6536668	66.50
1970-1979	9	0.00028	0.00028	0.5	98263	27	98249	6438390	65.52
1970-1979	10	0.00024	0.00024	0.5	98235	24	98224	6340141	64.54
1970-1979	11	0.00025	0.00025	0.5	98212	25	98199	6241918	63.56
1970-1979	12	0.00025	0.00025	0.5	98187	25	98175	6143718	62.57
1970-1979	13	0.00036	0.00036	0.5	98162	35	98145	6045544	61.59
1970-1979	14	0.00043	0.00043	0.5	98127	42	98106	5947399	60.61
1970-1979	15	0.00062	0.00062	0.5	98085	61	98054	5849293	59.64
1970-1979	16	0.00075	0.00074	0.5	98024	73	97987	5751239	58.67
1970-1979	17	0.00095	0.00095	0.5	97951	93	97904	5653251	57.72
1970-1979	18	0.00118	0.00118	0.5	97857	115	97800	5555347	56.77
1970-1979	19	0.00120	0.00120	0.5	97742	117	97683	5457548	55.84
1970-1979	20	0.00110	0.00110	0.5	97625	107	97571	5359864	54.90
1970-1979	21	0.00104	0.00104	0.5	97517	102	97466	5262293	53.96
1970-1979	22	0.00109	0.00109	0.5	97415	106	97363	5164827	53.02
1970-1979	23	0.00104	0.00104	0.5	97310	101	97259	5067465	52.08
1970-1979	24	0.00094	0.00093	0.5	97209	91	97163	4970205	51.13
1970-1979	25	0.00101	0.00101	0.5	97118	98	97069	4873042	50.18
1970-1979	26	0.00084	0.00084	0.5	97020	82	96979	4775973	49.23
1970-1979	27	0.00112	0.00112	0.5	96938	108	96884	4678994	48.27
1970-1979	28	0.00095	0.00095	0.5	96830	92	96784	4582110	47.32
1970-1979	29	0.00088	0.00088	0.5	96738	85	96695	4485326	46.37
1970-1979	30	0.00090	0.00090	0.5	96652	87	96609	4388631	45.41
1970-1979	31	0.00091	0.00091	0.5	96565	88	96521	4292023	44.45
1970-1979	32	0.00103	0.00103	0.5	96477	99	96428	4195501	43.49
1970-1979	33	0.00124	0.00124	0.5	96378	119	96319	4099073	42.53
1970-1979	34	0.00115	0.00115	0.5	96259	111	96204	4002755	41.58
1970-1979	35	0.00137	0.00137	0.5	96148	132	96082	3906551	40.63
1970-1979	36	0.00131	0.00131	0.5	96017	125	95954	3810469	39.69
1970-1979	37	0.00160	0.00159	0.5	95891	153	95815	3714515	38.74
1970-1979	38	0.00153	0.00153	0.5	95738	146	95665	3618700	37.80
1970-1979	39	0.00191	0.00190	0.5	95592	182	95501	3523035	36.85
1970-1979	40	0.00206	0.00206	0.5	95410	197	95312	3427534	35.92
1970-1979	41	0.00241	0.00241	0.5	95213	229	95099	3332223	35.00
1970-1979	42	0.00242	0.00242	0.5	94984	230	94869	3237124	34.08
1970-1979	43	0.00293	0.00293	0.5	94754	277	94616	3142255	33.16
1970-1979	44	0.00346	0.00346	0.5	94477	326	94314	3047639	32.26
1970-1979	45	0.00381	0.00380	0.5	94150	358	93971	2953326	31.37
1970-1979	46	0.00420	0.00419	0.5	93792	393	93596	2859354	30.49
1970-1979	47	0.00428	0.00427	0.5	93399	398	93200	2765759	29.61
1970-1979	48	0.00573	0.00571	0.5	93001	531	92735	2672559	28.74
1970-1979	49	0.00585	0.00583	0.5	92469	539	92200	2579824	27.90
1970-1979	50	0.00574	0.00573	0.5	91930	526	91667	2487625	27.06
1970-1979	51	0.00625	0.00623	0.5	91404	569	91119	2395958	26.21
1970-1979	52	0.00726	0.00723	0.5	90834	657	90506	2304839	25.37
1970-1979	53	0.00809	0.00806	0.5	90177	727	89814	2214333	24.56
1970-1979	54	0.00923	0.00919	0.5	89450	822	89039	2124519	23.75
1970-1979	55	0.00956	0.00951	0.5	88629	843	88207	2035480	22.97
1970-1979	56	0.01039	0.01034	0.5	87785	908	87331	1947273	22.18
1970-1979	57	0.01205	0.01198	0.5	86878	1041	86357	1859941	21.41
1970-1979	58	0.01229	0.01221	0.5	85837	1048	85313	1773584	20.66
1970-1979	59	0.01292	0.01283	0.5	84789	1088	84245	1688271	19.91
1970-1979	60	0.01566	0.01554	0.5	83701	1301	83050	1604026	19.16
1970-1979	61	0.01621	0.01608	0.5	82400	1325	81737	1520976	18.46
1970-1979	62	0.01824	0.01808	0.5	81075	1466	80342	1439238	17.75
1970-1979	63	0.02056	0.02035	0.5	79609	1620	78799	1358896	17.07
1970-1979	64	0.02183	0.02159	0.5	77989	1684	77147	1280097	16.41
1970-1979	65	0.02231	0.02206	0.5	76305	1684	75463	1202950	15.76
1970-1979	66	0.02589	0.02556	0.5	74622	1907	73668	1127486	15.11
1970-1979	67	0.02712	0.02675	0.5	72714	1945	71742	1053818	14.49
1970-1979	68	0.03035	0.02989	0.5	70769	2115	69711	982076	13.88
1970-1979	69	0.03196	0.03146	0.5	68654	2160	67574	912365	13.29
1970-1979	70	0.03526	0.03465	0.5	66494	2304	65342	844791	12.70
1970-1979	71	0.03534	0.03473	0.5	64190	2229	63075	779449	12.14
1970-1979	72	0.04135	0.04052	0.5	61960	2510	60705	716374	11.56
1970-1979	73	0.04416	0.04321	0.5	59450	2569	58166	655669	11.03
1970-1979	74	0.05042	0.04918	0.5	56881	2798	55482	597503	10.50
1970-1979	75	0.05248	0.05114	0.5	54084	2766	52701	542021	10.02
1970-1979	76	0.05752	0.05591	0.5	51318	2869	49883	489320	9.54
1970-1979	77	0.06184	0.05998	0.5	48448	2906	46995	439437	9.07
1970-1979	78	0.06599	0.06388	0.5	45542	2909	44088	392442	8.62
1970-1979	79	0.07441	0.07174	0.5	42633	3059	41104	348354	8.17
1970-1979	80	0.07361	0.07099	0.5	39575	2810	38170	307250	7.76
1970-1979	81	0.08088	0.07774	0.5	36765	2858	35336	269080	7.32
1970-1979	82	0.08883	0.08505	0.5	33907	2884	32465	233744	6.89
1970-1979	83	0.09751	0.09298	0.5	31023	2884	29581	201279	6.49
1970-1979	84	0.10698	0.10154	0.5	28139	2857	26710	171699	6.10
1970-1979	85	0.11728	0.11078	0.5	25281	2801	23881	144989	5.74
1970-1979	86	0.12847	0.12071	0.5	22481	2714	21124	121108	5.39
1970-1979	87	0.14061	0.13137	0.5	19767	2597	18468	99984	5.06
1970-1979	88	0.15374	0.14277	0.5	17170	2451	15944	81516	4.75
1970-1979	89	0.16792	0.15492	0.5	14719	2280	13579	65571	4.45
1970-1979	90	0.18319	0.16782	0.5	12438	2087	11395	51993	4.18
1970-1979	91	0.19958	0.18147	0.5	10351	1878	9412	40598	3.92
1970-1979	92	0.21712	0.19586	0.5	8473	1659	7643	31186	3.68
1970-1979	93	0.23583	0.21095	0.5	6813	1437	6095	23543	3.46
1970-1979	94	0.25569	0.22671	0.5	5376	1219	4767	17449	3.25
1970-1979	95	0.27671	0.24308	0.5	4157	1011	3652	12682	3.05
1970-1979	96	0.29885	0.26000	0.5	3147	818	2738	9030	2.87
1970-1979	97	0.32206	0.27739	0.5	2329	646	2006	6293	2.70
1970-1979	98	0.34627	0.29517	0.5	1683	497	1434	4287	2.55
1970-1979	99	0.37139	0.31323	0.5	1186	371	1000	2853	2.41
1970-1979	100	0.39732	0.33147	0.5	814	270	679	1853	2.27
1970-1979	101	0.42392	0.34978	0.5	545	190	449	1173	2.15
1970-1979	102	0.45105	0.36805	0.5	354	130	289	724	2.04
1970-1979	103	0.47856	0.38616	0.5	224	86	181	435	1.94
1970-1979	104	0.50627	0.40400	0.5	137	55	110	255	1.85
1970-1979	105	0.53402	0.42148	0.5	82	34	65	145	1.77
1970-1979	106	0.56162	0.43849	0.5	47	21	37	80	1.70
1970-1979	107	0.58891	0.45495	0.5	27	12	21	43	1.63
1970-1979	108	0.61572	0.47079	0.5	14	7	11	23	1.57
1970-1979	109	0.64190	0.48594	0.5	8	4	6	12	1.53
1970-1979	110+	0.66730	1.00000	1.5	4	4	6	6	1.50
1980-1989	0	0.00929	0.00921	0.07	100000	921	99147	7576523	75.77
1980-1989	1	0.00059	0.00059	0.5	99079	59	99049	7477376	75.47
1980-1989	2	0.00039	0.00039	0.5	99020	39	99000	7378327	74.51
1980-1989	3	0.00037	0.00037	0.5	98981	36	98963	7279327	73.54
1980-1989	4	0.00021	0.00021	0.5	98944	21	98934	7180364	72.57
1980-1989	5	0.00024	0.00024	0.5	98924	23	98912	7081430	71.58
1980-1989	6	0.00026	0.00026	0.5	98900	26	98887	6982518	70.60
1980-1989	7	0.00027	0.00027	0.5	98874	27	98861	6883630	69.62
1980-1989	8	0.00017	0.00017	0.5	98847	17	98839	6784769	68.64
1980-1989	9	0.00017	0.00017	0.5	98830	17	98822	6685931	67.65
1980-1989	10	0.00018	0.00018	0.5	98814	18	98805	6587109	66.66
1980-1989	11	0.00020	0.00020	0.5	98796	20	98786	6488304	65.67
1980-1989	12	0.00018	0.00018	0.5	98775	18	98766	6389518	64.69
1980-1989	13	0.00028	0.00028	0.5	98757	28	98743	6290752	63.70
1980-1989	14	0.00031	0.00031	0.5	98729	31	98714	6192009	62.72
1980-1989	15	0.00052	0.00052	0.5	98698	51	98673	6093295	61.74
1980-1989	16	0.00069	0.00069	0.5	98647	68	98613	5994622	60.77
1980-1989	17	0.00081	0.00081	0.5	98579	79	98539	5896009	59.81
1980-1989	18	0.00099	0.00099	0.5	98499	98	98451	5797470	58.86
1980-1989	19	0.00100	0.00100	0.5	98402	98	98353	5699020	57.92
1980-1989	20	0.00096	0.00095	0.5	98303	94	98257	5600667	56.97
1980-1989	21	0.00095	0.00094	0.5	98210	93	98163	5502411	56.03
1980-1989	22	0.00095	0.00095	0.5	98117	94	98070	5404247	55.08
1980-1989	23	0.00087	0.00087	0.5	98023	85	97981	5306177	54.13
1980-1989	24	0.00091	0.00091	0.5	97938	89	97894	5208197	53.18
1980-1989	25	0.00093	0.00093	0.5	97849	91	97804	5110303	52.23
1980-1989	26	0.00078	0.00078	0.5	97758	76	97720	5012500	51.27
1980-1989	27	0.00072	0.00072	0.5	97682	70	97647	4914780	50.31
1980-1989	28	0.00082	0.00082	0.5	97612	80	97572	4817133	49.35
1980-1989	29	0.00084	0.00084	0.5	97532	82	97491	4719561	48.39
1980-1989	30	0.00078	0.00078	0.5	97450	76	97412	4622071	47.43
1980-1989	31	0.00086	0.00086	0.5	97373	83	97332	4524659	46.47
1980-1989	32	0.00080	0.00080	0.5	97290	78	97251	4427327	45.51
1980-1989	33	0.00088	0.00088	0.5	97212	85	97169	4330077	44.54
1980-1989	34	0.00082	0.00082	0.5	97127	79	97087	4232907	43.58
1980-1989	35	0.00107	0.00107	0.5	97047	104	96995	4135820	42.62
1980-1989	36	0.00117	0.00117	0.5	96944	114	96887	4038825	41.66
1980-1989	37	0.00115	0.00115	0.5	96830	111	96774	3941938	40.71
1980-1989	38	0.00121	0.00121	0.5	96719	117	96660	3845164	39.76
1980-1989	39	0.00126	0.00126	0.5	96602	121	96541	3748504	38.80
1980-1989	40	0.00151	0.00151	0.5	96480	145	96408	3651963	37.85
1980-1989	41	0.00179	0.00179	0.5	96335	172	96249	3555555	36.91
1980-1989	42	0.00187	0.00187	0.5	96163	180	96073	3459307	35.97
1980-1989	43	0.00219	0.00219	0.5	95982	210	95878	3363234	35.04
1980-1989	44	0.00251	0.00251	0.5	95773	240	95653	3267357	34.12
1980-1989	45	0.00245	0.00245	0.5	95533	234	95415	3171704	33.20
1980-1989	46	0.00303	0.00303	0.5	95298	288	95154	3076289	32.28
1980-1989	47	0.00334	0.00334	0.5	95010	317	94851	2981134	31.38
1980-1989	48	0.00357	0.00356	0.5	94693	338	94524	2886283	30.48
1980-1989	49	0.00382	0.00381	0.5	94355	360	94175	2791759	29.59
1980-1989	50	0.00472	0.00471	0.5	93995	443	93774	2697584	28.70
1980-1989	51	0.00492	0.00491	0.5	93553	459	93323	2603810	27.83
1980-1989	52	0.00565	0.00564	0.5	93093	525	92831	2510487	26.97
1980-1989	53	0.00644	0.00642	0.5	92569	594	92272	2417656	26.12
1980-1989	54	0.00690	0.00687	0.5	91975	632	91659	2325384	25.28
1980-1989	55	0.00784	0.00781	0.5	91343	713	90986	2233726	24.45
1980-1989	56	0.00852	0.00848	0.5	90629	769	90245	2142740	23.64
1980-1989	57	0.00888	0.00884	0.5	89861	794	89463	2052495	22.84
1980-1989	58	0.01084	0.01079	0.5	89066	961	88586	1963031	22.04
1980-1989	59	0.01119	0.01113	0.5	88106	981	87615	1874445	21.27
1980-1989	60	0.01202	0.01195	0.5	87125	1041	86604	1786830	20.51
1980-1989	61	0.01414	0.01404	0.5	86084	1209	85480	1700225	19.75
1980-1989	62	0.01550	0.01538	0.5	84875	1305	84222	1614746	19.02
1980-1989	63	0.01598	0.01586	0.5	83570	1325	82907	1530523	18.31
1980-1989	64	0.01815	0.01799	0.5	82245	1480	81505	1447616	17.60
1980-1989	65	0.01905	0.01887	0.5	80765	1524	80003	1366111	16.91
1980-1989	66	0.02136	0.02114	0.5	79241	1675	78404	1286108	16.23
1980-1989	67	0.02280	0.02255	0.5	77566	1749	76692	1207705	15.57
1980-1989	68	0.02451	0.02422	0.5	75817	1836	74899	1131013	14.92
1980-1989	69	0.02575	0.02543	0.5	73981	1881	73041	1056114	14.28
1980-1989	70	0.03011	0.02966	0.5	72100	2139	71031	983073	13.63
1980-1989	71	0.03184	0.03134	0.5	69962	2193	68865	912042	13.04
1980-1989	72	0.03637	0.03572	0.5	67769	2421	66559	843177	12.44
1980-1989	73	0.04017	0.03938	0.5	65348	2574	64061	776618	11.88
1980-1989	74	0.04408	0.04313	0.5	62775	2708	61421	712557	11.35
1980-1989	75	0.04561	0.04459	0.5	60067	2679	58728	651136	10.84
1980-1989	76	0.04858	0.04743	0.5	57388	2722	56027	592408	10.32
1980-1989	77	0.05320	0.05183	0.5	54666	2833	53250	536381	9.81
1980-1989	78	0.05575	0.05424	0.5	51833	2811	50428	483131	9.32
1980-1989	79	0.06372	0.06175	0.5	49022	3027	47508	432703	8.83
1980-1989	80	0.06356	0.06160	0.5	45995	2833	44578	385195	8.37
1980-1989	81	0.07010	0.06773	0.5	43161	2923	41700	340617	7.89
1980-1989	82	0.07731	0.07443	0.5	40238	2995	38741	298917	7.43
1980-1989	83	0.08522	0.08174	0.5	37243	3044	35721	260177	6.99
1980-1989	84	0.09392	0.08970	0.5	34199	3068	32665	224456	6.56
1980-1989	85	0.10345	0.09836	0.5	31131	3062	29600	191790	6.16
1980-1989	86	0.11389	0.10775	0.5	28069	3025	26557	162190	5.78
1980-1989	87	0.12530	0.11792	0.5	25044	2953	23568	135634	5.42
1980-1989	88	0.13775	0.12888	0.5	22091	2847	20668	112066	5.07
1980-1989	89	0.15131	0.14067	0.5	19244	2707	17891	91398	4.75
1980-1989	90	0.16602	0.15330	0.5	16537	2535	15270	73507	4.44
1980-1989	91	0.18196	0.16678	0.5	14002	2335	12834	58237	4.16
1980-1989	92	0.19915	0.18112	0.5	11667	2113	10610	45403	3.89
1980-1989	93	0.21764	0.19628	0.5	9554	1875	8616	34793	3.64
1980-1989	94	0.23745	0.21225	0.5	7679	1630	6864	26177	3.41
1980-1989	95	0.25857	0.22897	0.5	6049	1385	5356	19313	3.19
1980-1989	96	0.28099	0.24638	0.5	4664	1149	4089	13957	2.99
1980-1989	97	0.30467	0.26440	0.5	3515	929	3050	9867	2.81
1980-1989	98	0.32955	0.28293	0.5	2585	732	2220	6817	2.64
1980-1989	99	0.35554	0.30188	0.5	1854	560	1574	4598	2.48
1980-1989	100	0.38252	0.32110	0.5	1294	416	1086	3023	2.34
1980-1989	101	0.41035	0.34049	0.5	879	299	729	1937	2.20
1980-1989	102	0.43887	0.35989	0.5	580	209	475	1208	2.08
1980-1989	103	0.46789	0.37918	0.5	371	141	301	733	1.98
1980-1989	104	0.49723	0.39822	0.5	230	92	184	432	1.88
1980-1989	105	0.52667	0.41689	0.5	139	58	110	248	1.79
1980-1989	106	0.55600	0.43506	0.5	81	35	63	138	1.71
1980-1989	107	0.58502	0.45262	0.5	46	21	35	75	1.64
1980-1989	108	0.61352	0.46950	0.5	25	12	19	39	1.58
1980-1989	109	0.64133	0.48561	0.5	13	6	10	20	1.53
1980-1989	110+	0.66826	1.00000	1.5	7	7	10	10	1.50
1990-1999	0	0.00566	0.00563	0.06	100000	563	99473	7772990	77.73
1990-1999	1	0.00040	0.00040	0.5	99437	40	99417	7673517	77.17
1990-1999	2	0.00022	0.00022	0.5	99397	22	99386	7574100	76.20
1990-1999	3	0.00017	0.00017	0.5	99375	17	99367	7474714	75.22
1990-1999	4	0.00014	0.00014	0.5	99358	14	99351	7375347	74.23
1990-1999	5	0.00011	0.00011	0.5	99344	11	99339	7275996	73.24
1990-1999	6	0.00010	0.00010	0.5	99333	10	99328	7176657	72.25
1990-1999	7	0.00015	0.00015	0.5	99323	15	99316	7077329	71.26
1990-1999	8	0.00013	0.00013	0.5	99308	13	99302	6978013	70.27
1990-1999	9	0.00010	0.00010	0.5	99295	9	99291	6878711	69.28
1990-1999	10	0.00012	0.00012	0.5	99286	12	99280	6779421	68.28
1990-1999	11	0.00017	0.00017	0.5	99274	17	99266	6680141	67.29
1990-1999	12	0.00017	0.00017	0.5	99258	17	99249	6580875	66.30
1990-1999	13	0.00023	0.00023	0.5	99241	23	99229	6481625	65.31
1990-1999	14	0.00020	0.00020	0.5	99218	20	99208	6382396	64.33
1990-1999	15	0.00034	0.00034	0.5	99198	34	99181	6283188	63.34
1990-1999	16	0.00046	0.00046	0.5	99164	46	99141	6184007	62.36
1990-1999	17	0.00056	0.00056	0.5	99118	55	99090	6084867	61.39
1990-1999	18	0.00055	0.00055	0.5	99062	54	99035	5985777	60.42
1990-1999	19	0.00073	0.00073	0.5	99008	72	98972	5886742	59.46
1990-1999	20	0.00063	0.00063	0.5	98936	62	98905	5787770	58.50
1990-1999	21	0.00075	0.00075	0.5	98874	74	98837	5688865	57.54
1990-1999	22	0.00066	0.00066	0.5	98800	65	98767	5590028	56.58
1990-1999	23	0.00074	0.00074	0.5	98734	73	98698	5491261	55.62
1990-1999	24	0.00084	0.00084	0.5	98661	83	98620	5392563	54.66
1990-1999	25	0.00071	0.00071	0.5	98578	70	98543	5293943	53.70
1990-1999	26	0.00081	0.00081	0.5	98508	80	98469	5195400	52.74
1990-1999	27	0.00063	0.00063	0.5	98429	62	98398	5096931	51.78
1990-1999	28	0.00068	0.00068	0.5	98367	67	98334	4998533	50.82
1990-1999	29	0.00070	0.00070	0.5	98300	69	98266	4900199	49.85
1990-1999	30	0.00084	0.00084	0.5	98231	82	98190	4801933	48.88
1990-1999	31	0.00078	0.00078	0.5	98149	76	98111	4703743	47.92
1990-1999	32	0.00085	0.00085	0.5	98073	83	98032	4605632	46.96
1990-1999	33	0.00082	0.00082	0.5	97990	81	97950	4507600	46.00
1990-1999	34	0.00095	0.00095	0.5	97910	93	97863	4409650	45.04
1990-1999	35	0.00092	0.00092	0.5	97816	90	97771	4311787	44.08
1990-1999	36	0.00107	0.00107	0.5	97726	104	97674	4214016	43.12
1990-1999	37	0.00107	0.00107	0.5	97622	105	97570	4116341	42.17
1990-1999	38	0.00116	0.00116	0.5	97518	113	97461	4018771	41.21
1990-1999	39	0.00119	0.00119	0.5	97405	116	97347	3921310	40.26
1990-1999	40	0.00141	0.00141	0.5	97289	138	97220	3823963	39.31
1990-1999	41	0.00163	0.00163	0.5	97152	159	97072	3726743	38.36
1990-1999	42	0.00165	0.00165	0.5	96993	160	96913	3629671	37.42
1990-1999	43	0.00176	0.00176	0.5	96833	170	96748	3532758	36.48
1990-1999	44	0.00199	0.00198	0.5	96662	192	96567	3436010	35.55
1990-1999	45	0.00221	0.00221	0.5	96471	213	96364	3339443	34.62
1990-1999	46	0.00253	0.00252	0.5	96257	243	96136	3243079	33.69
1990-1999	47	0.00278	0.00277	0.5	96014	266	95881	3146944	32.78
1990-1999	48	0.00303	0.00302	0.5	95748	289	95603	3051062	31.87
1990-1999	49	0.00321	0.00321	0.5	95459	306	95306	2955459	30.96
1990-1999	50	0.00348	0.00347	0.5	95152	330	94987	2860153	30.06
1990-1999	51	0.00427	0.00426	0.5	94822	404	94620	2765166	29.16
1990-1999	52	0.00458	0.00457	0.5	94418	432	94202	2670546	28.28
1990-1999	53	0.00476	0.00474	0.5	93986	446	93763	2576344	27.41
1990-1999	54	0.00582	0.00581	0.5	93540	543	93269	2482581	26.54
1990-1999	55	0.00626	0.00625	0.5	92997	581	92707	2389312	25.69
1990-1999	56	0.00666	0.00664	0.5	92417	614	92110	2296605	24.85
1990-1999	57	0.00783	0.00780	0.5	91803	716	91445	2204495	24.01
1990-1999	58	0.00840	0.00836	0.5	91087	762	90706	2113050	23.20
1990-1999	59	0.00890	0.00886	0.5	90326	801	89925	2022344	22.39
1990-1999	60	0.01012	0.01007	0.5	89525	902	89074	1932418	21.59
1990-1999	61	0.01138	0.01131	0.5	88623	1003	88122	1843344	20.80
1990-1999	62	0.01275	0.01267	0.5	87621	1110	87065	1755222	20.03
1990-1999	63	0.01404	0.01394	0.5	86510	1206	85907	1668157	19.28
1990-1999	64	0.01553	0.01542	0.5	85304	1315	84647	1582250	18.55
1990-1999	65	0.01679	0.01665	0.5	83989	1398	83290	1497603	17.83
1990-1999	66	0.01774	0.01758	0.5	82591	1452	81865	1414313	17.12
1990-1999	67	0.01911	0.01892	0.5	81139	1536	80371	1332448	16.42
1990-1999	68	0.02187	0.02163	0.5	79603	1722	78742	1252078	15.73
1990-1999	69	0.02343	0.02316	0.5	77881	1803	76979	1173335	15.07
1990-1999	70	0.02495	0.02464	0.5	76078	1874	75140	1096356	14.41
1990-1999	71	0.02794	0.02756	0.5	74203	2045	73181	1021216	13.76
1990-1999	72	0.03075	0.03028	0.5	72158	2185	71066	948035	13.14
1990-1999	73	0.03380	0.03324	0.5	69973	2326	68811	876969	12.53
1990-1999	74	0.03510	0.03450	0.5	67648	2334	66481	808159	11.95
1990-1999	75	0.03754	0.03685	0.5	65314	2407	64111	741678	11.36
1990-1999	76	0.04313	0.04222	0.5	62907	2656	61580	677567	10.77
1990-1999	77	0.04738	0.04628	0.5	60252	2789	58857	615987	10.22
1990-1999	78	0.05185	0.05054	0.5	57463	2904	56011	557130	9.70
1990-1999	79	0.05748	0.05587	0.5	54559	3048	53035	501119	9.18
1990-1999	80	0.05643	0.05488	0.5	51511	2827	50097	448084	8.70
1990-1999	81	0.06291	0.06099	0.5	48684	2969	47199	397986	8.17
1990-1999	82	0.07010	0.06772	0.5	45715	3096	44167	350787	7.67
1990-1999	83	0.07806	0.07512	0.5	42619	3202	41018	306621	7.19
1990-1999	84	0.08686	0.08325	0.5	39417	3281	37776	265603	6.74
1990-1999	85	0.09658	0.09213	0.5	36136	3329	34471	227826	6.30
1990-1999	86	0.10729	0.10183	0.5	32806	3341	31136	193355	5.89
1990-1999	87	0.11907	0.11238	0.5	29466	3311	27810	162219	5.51
1990-1999	88	0.13199	0.12382	0.5	26154	3238	24535	134409	5.14
1990-1999	89	0.14613	0.13618	0.5	22916	3121	21355	109874	4.79
1990-1999	90	0.16155	0.14947	0.5	19795	2959	18316	88519	4.47
1990-1999	91	0.17831	0.16371	0.5	16836	2756	15458	70203	4.17
1990-1999	92	0.19646	0.17889	0.5	14080	2519	12821	54745	3.89
1990-1999	93	0.21604	0.19498	0.5	11561	2254	10434	41924	3.63
1990-1999	94	0.23706	0.21194	0.5	9307	1973	8321	31490	3.38
1990-1999	95	0.25953	0.22972	0.5	7335	1685	6492	23169	3.16
1990-1999	96	0.28341	0.24823	0.5	5650	1402	4948	16677	2.95
1990-1999	97	0.30865	0.26739	0.5	4247	1136	3679	11729	2.76
1990-1999	98	0.33518	0.28707	0.5	3112	893	2665	8049	2.59
1990-1999	99	0.36287	0.30714	0.5	2218	681	1878	5385	2.43
1990-1999	100	0.39158	0.32746	0.5	1537	503	1285	3507	2.28
1990-1999	101	0.42114	0.34788	0.5	1034	360	854	2222	2.15
1990-1999	102	0.45136	0.36825	0.5	674	248	550	1368	2.03
1990-1999	103	0.48201	0.38840	0.5	426	165	343	818	1.92
1990-1999	104	0.51288	0.40820	0.5	260	106	207	475	1.82
1990-1999	105	0.54371	0.42749	0.5	154	66	121	267	1.73
1990-1999	106	0.57428	0.44617	0.5	88	39	69	146	1.66
1990-1999	107	0.60434	0.46410	0.5	49	23	38	78	1.59
1990-1999	108	0.63369	0.48122	0.5	26	13	20	40	1.53
1990-1999	109	0.66212	0.49744	0.5	14	7	10	20	1.48
1990-1999	110+	0.68947	1.00000	1.45	7	7	10	10	1.45
2000-2009	0	0.00492	0.00490	0.06	100000	490	99541	7929761	79.30
2000-2009	1	0.00030	0.00030	0.5	99510	30	99495	7830220	78.69
2000-2009	2	0.00019	0.00019	0.5	99480	19	99471	7730725	77.71
2000-2009	3	0.00012	0.00012	0.5	99461	12	99455	7631254	76.73
2000-2009	4	0.00013	0.00013	0.5	99449	13	99443	7531799	75.74
2000-2009	5	0.00011	0.00011	0.5	99437	11	99431	7432356	74.74
2000-2009	6	0.00011	0.00011	0.5	99426	10	99421	7332924	73.75
2000-2009	7	0.00011	0.00011	0.5	99415	11	99410	7233504	72.76
2000-2009	8	0.00010	0.00010	0.5	99405	10	99400	7134094	71.77
2000-2009	9	0.00010	0.00010	0.5	99395	10	99389	7034694	70.78
2000-2009	10	0.00007	0.00007	0.5	99384	7	99381	6935305	69.78
2000-2009	11	0.00009	0.00009	0.5	99378	9	99373	6835924	68.79
2000-2009	12	0.00013	0.00013	0.5	99368	13	99362	6736551	67.79
2000-2009	13	0.00013	0.00013	0.5	99355	13	99348	6637190	66.80
2000-2009	14	0.00020	0.00020	0.5	99341	19	99332	6537841	65.81
2000-2009	15	0.00024	0.00024	0.5	99322	24	99310	6438510	64.82
2000-2009	16	0.00044	0.00044	0.5	99298	43	99276	6339200	63.84
2000-2009	17	0.00043	0.00043	0.5	99255	42	99233	6239924	62.87
2000-2009	18	0.00048	0.00048	0.5	99212	48	99188	6140690	61.89
2000-2009	19	0.00062	0.00062	0.5	99164	62	99133	6041502	60.92
2000-2009	20	0.00069	0.00069	0.5	99102	68	99068	5942369	59.96
2000-2009	21	0.00086	0.00086	0.5	99034	85	98992	5843300	59.00
2000-2009	22	0.00075	0.00075	0.5	98949	74	98912	5744309	58.05
2000-2009	23	0.00075	0.00075	0.5	98876	74	98839	5645396	57.10
2000-2009	24	0.00088	0.00088	0.5	98802	87	98758	5546557	56.14
2000-2009	25	0.00078	0.00078	0.5	98715	77	98676	5447799	55.19
2000-2009	26	0.00078	0.00078	0.5	98638	77	98599	5349123	54.23
2000-2009	27	0.00064	0.00064	0.5	98561	63	98529	5250524	53.27
2000-2009	28	0.00066	0.00066	0.5	98498	65	98465	5151994	52.31
2000-2009	29	0.00075	0.00075	0.5	98433	74	98395	5053529	51.34
2000-2009	30	0.00074	0.00074	0.5	98358	73	98322	4955134	50.38
2000-2009	31	0.00059	0.00059	0.5	98285	58	98256	4856812	49.42
2000-2009	32	0.00077	0.00077	0.5	98227	76	98189	4758556	48.44
2000-2009	33	0.00087	0.00087	0.5	98151	86	98108	4660367	47.48
2000-2009	34	0.00084	0.00084	0.5	98065	82	98024	4562259	46.52
2000-2009	35	0.00084	0.00084	0.5	97983	83	97942	4464235	45.56
2000-2009	36	0.00111	0.00111	0.5	97901	108	97846	4366293	44.60
2000-2009	37	0.00113	0.00113	0.5	97792	111	97737	4268447	43.65
2000-2009	38	0.00125	0.00125	0.5	97682	122	97621	4170710	42.70
2000-2009	39	0.00124	0.00124	0.5	97560	121	97499	4073089	41.75
2000-2009	40	0.00127	0.00127	0.5	97439	124	97377	3975590	40.80
2000-2009	41	0.00161	0.00161	0.5	97315	156	97237	3878212	39.85
2000-2009	42	0.00175	0.00175	0.5	97159	170	97074	3780975	38.92
2000-2009	43	0.00173	0.00173	0.5	96989	167	96906	3683901	37.98
2000-2009	44	0.00207	0.00207	0.5	96822	200	96722	3586995	37.05
2000-2009	45	0.00219	0.00219	0.5	96622	211	96516	3490274	36.12
2000-2009	46	0.00228	0.00227	0.5	96411	219	96301	3393757	35.20
2000-2009	47	0.00244	0.00244	0.5	96191	235	96074	3297456	34.28
2000-2009	48	0.00279	0.00279	0.5	95957	267	95823	3201382	33.36
2000-2009	49	0.00292	0.00292	0.5	95689	279	95550	3105559	32.45
2000-2009	50	0.00323	0.00323	0.5	95410	308	95256	3010009	31.55
2000-2009	51	0.00363	0.00362	0.5	95102	344	94930	2914753	30.65
2000-2009	52	0.00365	0.00365	0.5	94758	346	94585	2819824	29.76
2000-2009	53	0.00392	0.00392	0.5	94412	370	94227	2725239	28.87
2000-2009	54	0.00472	0.00471	0.5	94042	443	93821	2631012	27.98
2000-2009	55	0.00466	0.00465	0.5	93600	435	93382	2537191	27.11
2000-2009	56	0.00537	0.00535	0.5	93165	499	92915	2443809	26.23
2000-2009	57	0.00613	0.00611	0.5	92666	566	92383	2350894	25.37
2000-2009	58	0.00634	0.00632	0.5	92099	583	91808	2258511	24.52
2000-2009	59	0.00730	0.00727	0.5	91517	666	91184	2166703	23.68
2000-2009	60	0.00758	0.00756	0.5	90851	686	90508	2075519	22.85
2000-2009	61	0.00881	0.00877	0.5	90165	791	89770	1985010	22.02
2000-2009	62	0.01016	0.01011	0.5	89374	904	88922	1895241	21.21
2000-2009	63	0.01011	0.01006	0.5	88470	890	88025	1806318	20.42
2000-2009	64	0.01133	0.01127	0.5	87580	987	87087	1718293	19.62
2000-2009	65	0.01307	0.01298	0.5	86593	1124	86031	1631206	18.84
2000-2009	66	0.01357	0.01348	0.5	85469	1152	84893	1545175	18.08
2000-2009	67	0.01609	0.01596	0.5	84317	1346	83644	1460282	17.32
2000-2009	68	0.01678	0.01664	0.5	82971	1381	82281	1376637	16.59
2000-2009	69	0.01915	0.01897	0.5	81590	1547	80817	1294356	15.86
2000-2009	70	0.02023	0.02003	0.5	80043	1603	79241	1213540	15.16
2000-2009	71	0.02368	0.02340	0.5	78439	1835	77522	1134299	14.46
2000-2009	72	0.02640	0.02605	0.5	76604	1996	75606	1056777	13.80
2000-2009	73	0.02641	0.02606	0.5	74608	1944	73636	981171	13.15
2000-2009	74	0.03017	0.02973	0.5	72664	2160	71584	907535	12.49
2000-2009	75	0.03401	0.03344	0.5	70504	2358	69325	835951	11.86
2000-2009	76	0.03824	0.03752	0.5	68146	2557	66868	766626	11.25
2000-2009	77	0.03992	0.03914	0.5	65589	2567	64306	699758	10.67
2000-2009	78	0.04484	0.04385	0.5	63022	2764	61641	635452	10.08
2000-2009	79	0.04901	0.04784	0.5	60259	2883	58817	573812	9.52
2000-2009	80	0.04998	0.04877	0.5	57376	2798	55977	514995	8.98
2000-2009	81	0.05642	0.05487	0.5	54578	2995	53081	459018	8.41
2000-2009	82	0.06363	0.06166	0.5	51583	3181	49993	405937	7.87
2000-2009	83	0.07169	0.06921	0.5	48402	3350	46728	355944	7.35
2000-2009	84	0.08068	0.07755	0.5	45053	3494	43306	309216	6.86
2000-2009	85	0.09070	0.08676	0.5	41559	3606	39756	265911	6.40
2000-2009	86	0.10182	0.09689	0.5	37953	3677	36114	226155	5.96
2000-2009	87	0.11415	0.10799	0.5	34276	3701	32425	190040	5.54
2000-2009	88	0.12776	0.12009	0.5	30574	3672	28739	157615	5.16
2000-2009	89	0.14274	0.13323	0.5	26903	3584	25111	128877	4.79
2000-2009	90	0.15916	0.14743	0.5	23319	3438	21600	103766	4.45
2000-2009	91	0.17710	0.16269	0.5	19881	3234	18263	82166	4.13
2000-2009	92	0.19660	0.17900	0.5	16646	2980	15156	63903	3.84
2000-2009	93	0.21769	0.19632	0.5	13666	2683	12325	48747	3.57
2000-2009	94	0.24039	0.21460	0.5	10983	2357	9805	36422	3.32
2000-2009	95	0.26468	0.23375	0.5	8626	2016	7618	26617	3.09
2000-2009	96	0.29051	0.25366	0.5	6610	1677	5772	18998	2.87
2000-2009	97	0.31779	0.27422	0.5	4933	1353	4257	13227	2.68
2000-2009	98	0.34642	0.29528	0.5	3580	1057	3052	8970	2.51
2000-2009	99	0.37624	0.31667	0.5	2523	799	2124	5918	2.35
2000-2009	100	0.40706	0.33822	0.5	1724	583	1433	3794	2.20
2000-2009	101	0.43867	0.35976	0.5	1141	411	936	2362	2.07
2000-2009	102	0.47082	0.38111	0.5	731	278	591	1426	1.95
2000-2009	103	0.50326	0.40208	0.5	452	182	361	835	1.85
2000-2009	104	0.53570	0.42253	0.5	270	114	213	473	1.75
2000-2009	105	0.56789	0.44230	0.5	156	69	122	260	1.67
2000-2009	106	0.59954	0.46127	0.5	87	40	67	139	1.59
2000-2009	107	0.63042	0.47933	0.5	47	22	36	72	1.53
2000-2009	108	0.66030	0.49641	0.5	24	12	18	36	1.47
2000-2009	109	0.68899	0.51245	0.5	12	6	9	18	1.42
2000-2009	110+	0.71632	1.00000	1.4	6	6	8	8	1.40
2010-2019	0	0.00413	0.00411	0.06	100000	411	99613	7994565	79.95
2010-2019	1	0.00033	0.00033	0.5	99589	33	99572	7894952	79.28
2010-2019	2	0.00017	0.00017	0.5	99555	17	99547	7795380	78.30
2010-2019	3	0.00015	0.00015	0.5	99539	15	99531	7695833	77.31
2010-2019	4	0.00013	0.00013	0.5	99524	13	99517	7596302	76.33
2010-2019	5	0.00012	0.00012	0.5	99511	12	99505	7496784	75.34
2010-2019	6	0.00007	0.00007	0.5	99499	7	99495	7397279	74.35
2010-2019	7	0.00006	0.00006	0.5	99492	6	99489	7297784	73.35
2010-2019	8	0.00007	0.00007	0.5	99486	7	99482	7198295	72.36
2010-2019	9	0.00005	0.00005	0.5	99478	5	99476	7098813	71.36
2010-2019	10	0.00010	0.00010	0.5	99473	10	99468	6999337	70.36
2010-2019	11	0.00009	0.00009	0.5	99463	9	99458	6899869	69.37
2010-2019	12	0.00012	0.00012	0.5	99454	12	99448	6800411	68.38
2010-2019	13	0.00016	0.00016	0.5	99442	16	99434	6700963	67.39
2010-2019	14	0.00016	0.00016	0.5	99426	16	99418	6601530	66.40
2010-2019	15	0.00017	0.00017	0.5	99409	17	99401	6502112	65.41
2010-2019	16	0.00021	0.00021	0.5	99393	20	99383	6402711	64.42
2010-2019	17	0.00031	0.00031	0.5	99372	31	99357	6303328	63.43
2010-2019	18	0.00051	0.00051	0.5	99341	51	99316	6203971	62.45
2010-2019	19	0.00048	0.00048	0.5	99291	48	99267	6104655	61.48
2010-2019	20	0.00062	0.00062	0.5	99243	62	99212	6005388	60.51
2010-2019	21	0.00075	0.00075	0.5	99181	75	99144	5906176	59.55
2010-2019	22	0.00092	0.00092	0.5	99106	91	99060	5807033	58.59
2010-2019	23	0.00102	0.00102	0.5	99015	101	98965	5707972	57.65
2010-2019	24	0.00109	0.00109	0.5	98914	107	98861	5609008	56.71
2010-2019	25	0.00121	0.00121	0.5	98807	119	98747	5510147	55.77
2010-2019	26	0.00121	0.00121	0.5	98688	120	98628	5411400	54.83
2010-2019	27	0.00127	0.00126	0.5	98568	125	98506	5312772	53.90
2010-2019	28	0.00133	0.00133	0.5	98443	131	98378	5214267	52.97
2010-2019	29	0.00148	0.00148	0.5	98312	145	98240	5115889	52.04
2010-2019	30	0.00131	0.00130	0.5	98167	128	98103	5017649	51.11
2010-2019	31	0.00148	0.00148	0.5	98039	145	97967	4919546	50.18
2010-2019	32	0.00140	0.00140	0.5	97894	137	97826	4821579	49.25
2010-2019	33	0.00138	0.00138	0.5	97757	135	97690	4723753	48.32
2010-2019	34	0.00162	0.00162	0.5	97623	158	97544	4626063	47.39
2010-2019	35	0.00154	0.00154	0.5	97464	150	97390	4528520	46.46
2010-2019	36	0.00157	0.00157	0.5	97315	152	97238	4431130	45.53
2010-2019	37	0.00155	0.00155	0.5	97162	150	97087	4333892	44.60
2010-2019	38	0.00152	0.00152	0.5	97012	148	96938	4236805	43.67
2010-2019	39	0.00153	0.00153	0.5	96864	148	96790	4139867	42.74
2010-2019	40	0.00152	0.00152	0.5	96716	147	96643	4043077	41.80
2010-2019	41	0.00169	0.00169	0.5	96570	163	96488	3946434	40.87
2010-2019	42	0.00169	0.00169	0.5	96407	163	96325	3849946	39.93
2010-2019	43	0.00195	0.00195	0.5	96244	187	96150	3753620	39.00
2010-2019	44	0.00220	0.00219	0.5	96057	211	95951	3657470	38.08
2010-2019	45	0.00204	0.00204	0.5	95846	196	95748	3561518	37.16
2010-2019	46	0.00241	0.00241	0.5	95650	230	95535	3465770	36.23
2010-2019	47	0.00264	0.00264	0.5	95420	252	95294	3370235	35.32
2010-2019	48	0.00271	0.00271	0.5	95168	258	95039	3274941	34.41
2010-2019	49	0.00323	0.00323	0.5	94910	307	94757	3179901	33.50
2010-2019	50	0.00338	0.00338	0.5	94604	320	94444	3085144	32.61
2010-2019	51	0.00346	0.00345	0.5	94284	326	94121	2990700	31.72
2010-2019	52	0.00392	0.00391	0.5	93959	367	93775	2896579	30.83
2010-2019	53	0.00423	0.00422	0.5	93591	395	93394	2802804	29.95
2010-2019	54	0.00463	0.00462	0.5	93196	431	92981	2709410	29.07
2010-2019	55	0.00499	0.00498	0.5	92766	462	92535	2616429	28.20
2010-2019	56	0.00543	0.00542	0.5	92304	500	92054	2523895	27.34
2010-2019	57	0.00566	0.00565	0.5	91804	519	91544	2431841	26.49
2010-2019	58	0.00622	0.00620	0.5	91285	566	91002	2340297	25.64
2010-2019	59	0.00701	0.00699	0.5	90719	634	90402	2249294	24.79
2010-2019	60	0.00712	0.00710	0.5	90085	639	89765	2158892	23.97
2010-2019	61	0.00769	0.00766	0.5	89446	685	89103	2069127	23.13
2010-2019	62	0.00868	0.00864	0.5	88761	767	88377	1980024	22.31
2010-2019	63	0.00891	0.00887	0.5	87994	780	87603	1891646	21.50
2010-2019	64	0.01015	0.01010	0.5	87213	881	86773	1804043	20.69
2010-2019	65	0.01058	0.01053	0.5	86332	909	85878	1717270	19.89
2010-2019	66	0.01115	0.01109	0.5	85423	947	84950	1631392	19.10
2010-2019	67	0.01275	0.01267	0.5	84476	1070	83941	1546442	18.31
2010-2019	68	0.01440	0.01430	0.5	83406	1193	82810	1462501	17.53
2010-2019	69	0.01527	0.01515	0.5	82213	1246	81591	1379691	16.78
2010-2019	70	0.01747	0.01732	0.5	80968	1402	80267	1298101	16.03
2010-2019	71	0.01888	0.01870	0.5	79566	1488	78822	1217834	15.31
2010-2019	72	0.02170	0.02147	0.5	78078	1676	77239	1139013	14.59
2010-2019	73	0.02277	0.02251	0.5	76401	1720	75541	1061773	13.90
2010-2019	74	0.02566	0.02534	0.5	74681	1892	73735	986232	13.21
2010-2019	75	0.02941	0.02898	0.5	72789	2109	71734	912497	12.54
2010-2019	76	0.03220	0.03169	0.5	70679	2240	69559	840763	11.90
2010-2019	77	0.03514	0.03454	0.5	68439	2364	67258	771204	11.27
2010-2019	78	0.03926	0.03850	0.5	66076	2544	64804	703946	10.65
2010-2019	79	0.04306	0.04215	0.5	63532	2678	62193	639142	10.06
2010-2019	80	0.04355	0.04262	0.5	60854	2594	59557	576950	9.48
2010-2019	81	0.04944	0.04825	0.5	58260	2811	56854	517393	8.88
2010-2019	82	0.05608	0.05455	0.5	55449	3025	53936	460539	8.31
2010-2019	83	0.06356	0.06160	0.5	52424	3230	50809	406602	7.76
2010-2019	84	0.07197	0.06947	0.5	49194	3417	47486	355793	7.23
2010-2019	85	0.08139	0.07821	0.5	45777	3580	43987	308308	6.74
2010-2019	86	0.09194	0.08790	0.5	42197	3709	40342	264321	6.26
2010-2019	87	0.10370	0.09859	0.5	38488	3794	36591	223979	5.82
2010-2019	88	0.11679	0.11034	0.5	34693	3828	32779	187388	5.40
2010-2019	89	0.13130	0.12321	0.5	30865	3803	28964	154609	5.01
2010-2019	90	0.14732	0.13721	0.5	27062	3713	25206	125646	4.64
2010-2019	91	0.16495	0.15238	0.5	23349	3558	21570	100440	4.30
2010-2019	92	0.18424	0.16870	0.5	19791	3339	18122	78870	3.99
2010-2019	93	0.20527	0.18616	0.5	16452	3063	14921	60748	3.69
2010-2019	94	0.22804	0.20470	0.5	13389	2741	12019	45828	3.42
2010-2019	95	0.25257	0.22425	0.5	10649	2388	9455	33808	3.17
2010-2019	96	0.27881	0.24470	0.5	8261	2021	7250	24354	2.95
2010-2019	97	0.30670	0.26592	0.5	6239	1659	5410	17104	2.74
2010-2019	98	0.33611	0.28775	0.5	4580	1318	3921	11694	2.55
2010-2019	99	0.36689	0.31002	0.5	3262	1011	2756	7773	2.38
2010-2019	100	0.39884	0.33253	0.5	2251	748	1877	5017	2.23
2010-2019	101	0.43171	0.35507	0.5	1502	533	1236	3140	2.09
2010-2019	102	0.46524	0.37744	0.5	969	366	786	1904	1.97
2010-2019	103	0.49913	0.39944	0.5	603	241	483	1118	1.85
2010-2019	104	0.53307	0.42089	0.5	362	152	286	635	1.75
2010-2019	105	0.56674	0.44160	0.5	210	93	163	349	1.67
2010-2019	106	0.59985	0.46145	0.5	117	54	90	186	1.59
2010-2019	107	0.63211	0.48031	0.5	63	30	48	96	1.52
2010-2019	108	0.66326	0.49808	0.5	33	16	25	48	1.46
2010-2019	109	0.69308	0.51471	0.5	16	8	12	23	1.42
2010-2019	110+	0.72140	1.00000	1.39	8	8	11	11	1.39
