NH: New Hampshire, Lifetables (period 1x5), Females Last modified: 20 Dec 2020, MPv5 (May07) 

Year     	Age	mx	qx	ax	lx	dx	Lx	Tx	ex
1960-1964	0	0.01918	0.01886	0.11	100000	1886	98315	7442244	74.42
1960-1964	1	0.00132	0.00132	0.5	98114	129	98049	7343929	74.85
1960-1964	2	0.00100	0.00100	0.5	97985	98	97936	7245879	73.95
1960-1964	3	0.00062	0.00062	0.5	97887	61	97856	7147943	73.02
1960-1964	4	0.00033	0.00033	0.5	97826	32	97810	7050087	72.07
1960-1964	5	0.00052	0.00052	0.5	97794	51	97768	6952277	71.09
1960-1964	6	0.00038	0.00038	0.5	97743	37	97724	6854509	70.13
1960-1964	7	0.00042	0.00042	0.5	97706	41	97685	6756785	69.15
1960-1964	8	0.00039	0.00039	0.5	97665	38	97646	6659100	68.18
1960-1964	9	0.00033	0.00033	0.5	97627	32	97611	6561454	67.21
1960-1964	10	0.00013	0.00013	0.5	97595	13	97588	6463843	66.23
1960-1964	11	0.00040	0.00040	0.5	97581	39	97562	6366255	65.24
1960-1964	12	0.00040	0.00040	0.5	97542	39	97523	6268693	64.27
1960-1964	13	0.00020	0.00020	0.5	97503	20	97493	6171171	63.29
1960-1964	14	0.00045	0.00045	0.5	97483	44	97461	6073678	62.30
1960-1964	15	0.00044	0.00044	0.5	97439	43	97418	5976216	61.33
1960-1964	16	0.00046	0.00046	0.5	97396	45	97374	5878799	60.36
1960-1964	17	0.00041	0.00041	0.5	97351	40	97331	5781425	59.39
1960-1964	18	0.00039	0.00039	0.5	97312	38	97293	5684093	58.41
1960-1964	19	0.00067	0.00067	0.5	97274	65	97242	5586800	57.43
1960-1964	20	0.00055	0.00055	0.5	97209	53	97182	5489559	56.47
1960-1964	21	0.00072	0.00072	0.5	97156	70	97121	5392376	55.50
1960-1964	22	0.00051	0.00051	0.5	97086	50	97061	5295255	54.54
1960-1964	23	0.00071	0.00071	0.5	97037	69	97002	5198194	53.57
1960-1964	24	0.00045	0.00045	0.5	96968	44	96946	5101192	52.61
1960-1964	25	0.00097	0.00097	0.5	96924	94	96877	5004246	51.63
1960-1964	26	0.00074	0.00074	0.5	96831	72	96795	4907368	50.68
1960-1964	27	0.00091	0.00091	0.5	96759	88	96715	4810573	49.72
1960-1964	28	0.00084	0.00084	0.5	96671	81	96630	4713859	48.76
1960-1964	29	0.00083	0.00083	0.5	96589	81	96549	4617229	47.80
1960-1964	30	0.00071	0.00071	0.5	96509	69	96474	4520680	46.84
1960-1964	31	0.00081	0.00081	0.5	96440	78	96401	4424205	45.88
1960-1964	32	0.00085	0.00085	0.5	96362	82	96321	4327804	44.91
1960-1964	33	0.00088	0.00088	0.5	96280	85	96238	4231483	43.95
1960-1964	34	0.00071	0.00071	0.5	96195	68	96161	4135246	42.99
1960-1964	35	0.00099	0.00099	0.5	96127	95	96079	4039085	42.02
1960-1964	36	0.00126	0.00126	0.5	96032	121	95971	3943005	41.06
1960-1964	37	0.00198	0.00198	0.5	95911	190	95816	3847034	40.11
1960-1964	38	0.00135	0.00135	0.5	95721	129	95656	3751218	39.19
1960-1964	39	0.00135	0.00135	0.5	95592	129	95527	3655562	38.24
1960-1964	40	0.00185	0.00185	0.5	95463	176	95375	3560035	37.29
1960-1964	41	0.00202	0.00202	0.5	95287	192	95190	3464660	36.36
1960-1964	42	0.00243	0.00242	0.5	95094	230	94979	3369470	35.43
1960-1964	43	0.00275	0.00275	0.5	94864	261	94734	3274491	34.52
1960-1964	44	0.00319	0.00319	0.5	94603	302	94452	3179757	33.61
1960-1964	45	0.00322	0.00321	0.5	94302	303	94150	3085305	32.72
1960-1964	46	0.00397	0.00396	0.5	93999	372	93813	2991155	31.82
1960-1964	47	0.00381	0.00380	0.5	93626	356	93448	2897342	30.95
1960-1964	48	0.00407	0.00406	0.5	93271	379	93081	2803894	30.06
1960-1964	49	0.00483	0.00482	0.5	92892	447	92668	2710812	29.18
1960-1964	50	0.00476	0.00475	0.5	92445	439	92225	2618144	28.32
1960-1964	51	0.00577	0.00576	0.5	92006	530	91741	2525919	27.45
1960-1964	52	0.00549	0.00548	0.5	91476	501	91226	2434178	26.61
1960-1964	53	0.00548	0.00547	0.5	90975	497	90726	2342952	25.75
1960-1964	54	0.00678	0.00675	0.5	90478	611	90172	2252226	24.89
1960-1964	55	0.00672	0.00670	0.5	89867	602	89566	2162053	24.06
1960-1964	56	0.00854	0.00851	0.5	89264	759	88885	2072488	23.22
1960-1964	57	0.00856	0.00853	0.5	88505	755	88128	1983603	22.41
1960-1964	58	0.00929	0.00925	0.5	87750	812	87345	1895475	21.60
1960-1964	59	0.00961	0.00956	0.5	86939	831	86523	1808131	20.80
1960-1964	60	0.01102	0.01096	0.5	86107	944	85635	1721608	19.99
1960-1964	61	0.01088	0.01082	0.5	85164	921	84703	1635972	19.21
1960-1964	62	0.01192	0.01185	0.5	84242	998	83743	1551269	18.41
1960-1964	63	0.01521	0.01509	0.5	83244	1256	82616	1467526	17.63
1960-1964	64	0.01562	0.01550	0.5	81988	1271	81352	1384910	16.89
1960-1964	65	0.01775	0.01759	0.5	80717	1420	80007	1303558	16.15
1960-1964	66	0.01974	0.01955	0.5	79297	1550	78522	1223551	15.43
1960-1964	67	0.02274	0.02249	0.5	77747	1748	76873	1145029	14.73
1960-1964	68	0.02449	0.02419	0.5	75998	1839	75079	1068157	14.05
1960-1964	69	0.02803	0.02765	0.5	74160	2050	73135	993077	13.39
1960-1964	70	0.03318	0.03264	0.5	72110	2353	70933	919943	12.76
1960-1964	71	0.03000	0.02956	0.5	69756	2062	68725	849010	12.17
1960-1964	72	0.03758	0.03689	0.5	67694	2497	66446	780284	11.53
1960-1964	73	0.04276	0.04187	0.5	65197	2730	63832	713839	10.95
1960-1964	74	0.04286	0.04196	0.5	62467	2621	61157	650006	10.41
1960-1964	75	0.04679	0.04572	0.5	59846	2736	58478	588850	9.84
1960-1964	76	0.05580	0.05429	0.5	57110	3100	55560	530372	9.29
1960-1964	77	0.05918	0.05748	0.5	54010	3105	52457	474812	8.79
1960-1964	78	0.06483	0.06280	0.5	50905	3197	49307	422355	8.30
1960-1964	79	0.07090	0.06847	0.5	47708	3267	46075	373048	7.82
1960-1964	80	0.07791	0.07499	0.5	44442	3333	42775	326973	7.36
1960-1964	81	0.08620	0.08263	0.5	41109	3397	39411	284198	6.91
1960-1964	82	0.09527	0.09094	0.5	37712	3430	35997	244787	6.49
1960-1964	83	0.10519	0.09994	0.5	34283	3426	32570	208790	6.09
1960-1964	84	0.11602	0.10965	0.5	30856	3384	29165	176220	5.71
1960-1964	85	0.12779	0.12012	0.5	27473	3300	25823	147055	5.35
1960-1964	86	0.14057	0.13134	0.5	24173	3175	22586	121232	5.02
1960-1964	87	0.15441	0.14334	0.5	20998	3010	19493	98647	4.70
1960-1964	88	0.16933	0.15612	0.5	17988	2808	16584	79154	4.40
1960-1964	89	0.18539	0.16966	0.5	15180	2575	13892	62570	4.12
1960-1964	90	0.20259	0.18396	0.5	12604	2319	11445	48677	3.86
1960-1964	91	0.22096	0.19898	0.5	10286	2047	9262	37232	3.62
1960-1964	92	0.24049	0.21468	0.5	8239	1769	7355	27970	3.39
1960-1964	93	0.26117	0.23100	0.5	6470	1495	5723	20615	3.19
1960-1964	94	0.28296	0.24789	0.5	4976	1233	4359	14892	2.99
1960-1964	95	0.30582	0.26526	0.5	3742	993	3246	10533	2.81
1960-1964	96	0.32968	0.28303	0.5	2750	778	2360	7287	2.65
1960-1964	97	0.35445	0.30109	0.5	1971	594	1675	4927	2.50
1960-1964	98	0.38003	0.31935	0.5	1378	440	1158	3252	2.36
1960-1964	99	0.40628	0.33769	0.5	938	317	779	2094	2.23
1960-1964	100	0.43309	0.35600	0.5	621	221	511	1315	2.12
1960-1964	101	0.46029	0.37418	0.5	400	150	325	804	2.01
1960-1964	102	0.48773	0.39211	0.5	250	98	201	479	1.91
1960-1964	103	0.51525	0.40970	0.5	152	62	121	278	1.83
1960-1964	104	0.54267	0.42685	0.5	90	38	71	157	1.75
1960-1964	105	0.56984	0.44348	0.5	51	23	40	86	1.67
1960-1964	106	0.59659	0.45952	0.5	29	13	22	46	1.61
1960-1964	107	0.62278	0.47490	0.5	15	7	12	24	1.55
1960-1964	108	0.64828	0.48958	0.5	8	4	6	12	1.50
1960-1964	109	0.67295	0.50353	0.5	4	2	3	6	1.46
1960-1964	110+	0.69671	1.00000	1.44	2	2	3	3	1.44
1965-1969	0	0.01749	0.01722	0.1	100000	1722	98454	7467295	74.67
1965-1969	1	0.00119	0.00119	0.5	98278	117	98220	7368841	74.98
1965-1969	2	0.00063	0.00063	0.5	98161	62	98130	7270622	74.07
1965-1969	3	0.00067	0.00067	0.5	98099	66	98067	7172491	73.11
1965-1969	4	0.00045	0.00045	0.5	98034	44	98012	7074425	72.16
1965-1969	5	0.00022	0.00022	0.5	97989	22	97978	6976413	71.20
1965-1969	6	0.00050	0.00050	0.5	97967	49	97943	6878435	70.21
1965-1969	7	0.00017	0.00017	0.5	97918	16	97910	6780492	69.25
1965-1969	8	0.00023	0.00023	0.5	97902	22	97891	6682581	68.26
1965-1969	9	0.00014	0.00014	0.5	97880	14	97873	6584690	67.27
1965-1969	10	0.00035	0.00035	0.5	97866	34	97849	6486817	66.28
1965-1969	11	0.00027	0.00027	0.5	97832	26	97819	6388968	65.31
1965-1969	12	0.00039	0.00039	0.5	97806	39	97786	6291150	64.32
1965-1969	13	0.00028	0.00028	0.5	97767	27	97754	6193363	63.35
1965-1969	14	0.00047	0.00047	0.5	97740	46	97717	6095610	62.37
1965-1969	15	0.00057	0.00057	0.5	97694	55	97667	5997892	61.39
1965-1969	16	0.00051	0.00051	0.5	97639	49	97614	5900226	60.43
1965-1969	17	0.00047	0.00047	0.5	97589	46	97566	5802612	59.46
1965-1969	18	0.00070	0.00070	0.5	97543	69	97509	5705045	58.49
1965-1969	19	0.00047	0.00047	0.5	97475	46	97452	5607536	57.53
1965-1969	20	0.00053	0.00053	0.5	97429	52	97403	5510085	56.55
1965-1969	21	0.00060	0.00060	0.5	97377	58	97348	5412681	55.58
1965-1969	22	0.00039	0.00039	0.5	97319	38	97300	5315333	54.62
1965-1969	23	0.00053	0.00053	0.5	97281	52	97256	5218032	53.64
1965-1969	24	0.00029	0.00029	0.5	97230	29	97215	5120777	52.67
1965-1969	25	0.00078	0.00078	0.5	97201	75	97163	5023562	51.68
1965-1969	26	0.00049	0.00049	0.5	97126	48	97102	4926398	50.72
1965-1969	27	0.00057	0.00057	0.5	97078	55	97050	4829297	49.75
1965-1969	28	0.00070	0.00070	0.5	97022	68	96988	4732247	48.77
1965-1969	29	0.00087	0.00087	0.5	96954	85	96912	4635258	47.81
1965-1969	30	0.00104	0.00104	0.5	96870	100	96820	4538346	46.85
1965-1969	31	0.00104	0.00104	0.5	96769	101	96719	4441527	45.90
1965-1969	32	0.00062	0.00062	0.5	96668	60	96638	4344808	44.95
1965-1969	33	0.00114	0.00114	0.5	96608	110	96553	4248170	43.97
1965-1969	34	0.00077	0.00077	0.5	96498	75	96461	4151617	43.02
1965-1969	35	0.00097	0.00097	0.5	96423	94	96376	4055156	42.06
1965-1969	36	0.00116	0.00116	0.5	96329	112	96274	3958780	41.10
1965-1969	37	0.00154	0.00154	0.5	96218	148	96143	3862506	40.14
1965-1969	38	0.00172	0.00172	0.5	96069	165	95987	3766363	39.20
1965-1969	39	0.00184	0.00184	0.5	95904	176	95816	3670376	38.27
1965-1969	40	0.00195	0.00195	0.5	95728	187	95635	3574560	37.34
1965-1969	41	0.00250	0.00250	0.5	95542	239	95422	3478925	36.41
1965-1969	42	0.00222	0.00221	0.5	95303	211	95197	3383503	35.50
1965-1969	43	0.00325	0.00324	0.5	95092	309	94937	3288305	34.58
1965-1969	44	0.00358	0.00357	0.5	94783	339	94614	3193368	33.69
1965-1969	45	0.00281	0.00280	0.5	94444	265	94312	3098755	32.81
1965-1969	46	0.00350	0.00350	0.5	94180	329	94015	3004443	31.90
1965-1969	47	0.00421	0.00421	0.5	93850	395	93653	2910428	31.01
1965-1969	48	0.00438	0.00437	0.5	93456	408	93251	2816775	30.14
1965-1969	49	0.00454	0.00453	0.5	93047	422	92837	2723523	29.27
1965-1969	50	0.00562	0.00560	0.5	92626	519	92366	2630687	28.40
1965-1969	51	0.00575	0.00574	0.5	92107	528	91843	2538320	27.56
1965-1969	52	0.00655	0.00653	0.5	91579	598	91280	2446477	26.71
1965-1969	53	0.00563	0.00561	0.5	90981	511	90725	2355198	25.89
1965-1969	54	0.00818	0.00815	0.5	90470	737	90101	2264473	25.03
1965-1969	55	0.00641	0.00639	0.5	89733	574	89446	2174371	24.23
1965-1969	56	0.00765	0.00762	0.5	89159	680	88819	2084925	23.38
1965-1969	57	0.00909	0.00904	0.5	88479	800	88079	1996106	22.56
1965-1969	58	0.00689	0.00686	0.5	87679	602	87378	1908027	21.76
1965-1969	59	0.01192	0.01185	0.5	87077	1032	86562	1820648	20.91
1965-1969	60	0.01166	0.01160	0.5	86046	998	85547	1734087	20.15
1965-1969	61	0.01370	0.01361	0.5	85048	1157	84469	1648540	19.38
1965-1969	62	0.01300	0.01291	0.5	83891	1083	83349	1564070	18.64
1965-1969	63	0.01542	0.01530	0.5	82807	1267	82174	1480721	17.88
1965-1969	64	0.01465	0.01455	0.5	81541	1186	80948	1398547	17.15
1965-1969	65	0.01598	0.01585	0.5	80355	1274	79718	1317600	16.40
1965-1969	66	0.02052	0.02031	0.5	79081	1606	78278	1237882	15.65
1965-1969	67	0.02125	0.02102	0.5	77475	1629	76661	1159604	14.97
1965-1969	68	0.02529	0.02497	0.5	75846	1894	74899	1082943	14.28
1965-1969	69	0.02591	0.02558	0.5	73952	1891	73007	1008044	13.63
1965-1969	70	0.02906	0.02864	0.5	72061	2064	71029	935037	12.98
1965-1969	71	0.02959	0.02916	0.5	69997	2041	68976	864009	12.34
1965-1969	72	0.03749	0.03680	0.5	67956	2501	66706	795032	11.70
1965-1969	73	0.03813	0.03741	0.5	65455	2449	64231	728327	11.13
1965-1969	74	0.04313	0.04222	0.5	63006	2660	61676	664096	10.54
1965-1969	75	0.04583	0.04480	0.5	60346	2704	58994	602420	9.98
1965-1969	76	0.05273	0.05137	0.5	57643	2961	56162	543425	9.43
1965-1969	77	0.05310	0.05172	0.5	54681	2828	53267	487263	8.91
1965-1969	78	0.06821	0.06596	0.5	51853	3420	50143	433996	8.37
1965-1969	79	0.06737	0.06517	0.5	48433	3156	46854	383853	7.93
1965-1969	80	0.07340	0.07080	0.5	45276	3206	43673	336999	7.44
1965-1969	81	0.08189	0.07867	0.5	42071	3310	40416	293325	6.97
1965-1969	82	0.09127	0.08728	0.5	38761	3383	37069	252909	6.52
1965-1969	83	0.10160	0.09669	0.5	35378	3421	33667	215840	6.10
1965-1969	84	0.11295	0.10691	0.5	31957	3417	30249	182173	5.70
1965-1969	85	0.12540	0.11800	0.5	28541	3368	26857	151924	5.32
1965-1969	86	0.13900	0.12997	0.5	25173	3272	23537	125067	4.97
1965-1969	87	0.15382	0.14283	0.5	21901	3128	20337	101530	4.64
1965-1969	88	0.16990	0.15660	0.5	18773	2940	17303	81193	4.33
1965-1969	89	0.18730	0.17126	0.5	15833	2712	14477	63890	4.04
1965-1969	90	0.20604	0.18679	0.5	13121	2451	11896	49413	3.77
1965-1969	91	0.22612	0.20316	0.5	10670	2168	9587	37517	3.52
1965-1969	92	0.24756	0.22029	0.5	8503	1873	7566	27930	3.28
1965-1969	93	0.27032	0.23813	0.5	6630	1579	5840	20364	3.07
1965-1969	94	0.29435	0.25659	0.5	5051	1296	4403	14524	2.88
1965-1969	95	0.31958	0.27555	0.5	3755	1035	3238	10121	2.70
1965-1969	96	0.34592	0.29491	0.5	2720	802	2319	6884	2.53
1965-1969	97	0.37324	0.31454	0.5	1918	603	1616	4564	2.38
1965-1969	98	0.40138	0.33429	0.5	1315	439	1095	2948	2.24
1965-1969	99	0.43020	0.35404	0.5	875	310	720	1853	2.12
1965-1969	100	0.45949	0.37365	0.5	565	211	460	1133	2.00
1965-1969	101	0.48907	0.39297	0.5	354	139	285	673	1.90
1965-1969	102	0.51873	0.41190	0.5	215	89	171	389	1.81
1965-1969	103	0.54825	0.43029	0.5	126	54	99	218	1.72
1965-1969	104	0.57744	0.44807	0.5	72	32	56	119	1.65
1965-1969	105	0.60609	0.46514	0.5	40	18	31	63	1.58
1965-1969	106	0.63404	0.48142	0.5	21	10	16	32	1.52
1965-1969	107	0.66111	0.49687	0.5	11	5	8	16	1.47
1965-1969	108	0.68716	0.51144	0.5	6	3	4	8	1.42
1965-1969	109	0.71209	0.52512	0.5	3	1	2	4	1.38
1965-1969	110+	0.73579	1.00000	1.36	1	1	2	2	1.36
1970-1974	0	0.01384	0.01367	0.09	100000	1367	98758	7605612	76.06
1970-1974	1	0.00105	0.00105	0.5	98633	104	98581	7506854	76.11
1970-1974	2	0.00075	0.00075	0.5	98529	74	98492	7408273	75.19
1970-1974	3	0.00049	0.00049	0.5	98455	48	98431	7309780	74.24
1970-1974	4	0.00024	0.00024	0.5	98407	24	98395	7211349	73.28
1970-1974	5	0.00015	0.00015	0.5	98383	15	98376	7112954	72.30
1970-1974	6	0.00023	0.00023	0.5	98368	23	98357	7014578	71.31
1970-1974	7	0.00031	0.00031	0.5	98345	31	98330	6916221	70.33
1970-1974	8	0.00030	0.00030	0.5	98315	30	98300	6817891	69.35
1970-1974	9	0.00027	0.00027	0.5	98285	26	98272	6719591	68.37
1970-1974	10	0.00024	0.00024	0.5	98259	23	98247	6621319	67.39
1970-1974	11	0.00013	0.00013	0.5	98235	13	98229	6523072	66.40
1970-1974	12	0.00018	0.00018	0.5	98222	18	98213	6424844	65.41
1970-1974	13	0.00016	0.00016	0.5	98204	15	98197	6326630	64.42
1970-1974	14	0.00029	0.00029	0.5	98189	29	98174	6228434	63.43
1970-1974	15	0.00037	0.00037	0.5	98160	36	98142	6130259	62.45
1970-1974	16	0.00024	0.00024	0.5	98124	24	98112	6032117	61.47
1970-1974	17	0.00058	0.00058	0.5	98100	57	98071	5934006	60.49
1970-1974	18	0.00053	0.00053	0.5	98043	52	98017	5835934	59.52
1970-1974	19	0.00059	0.00059	0.5	97990	58	97961	5737918	58.56
1970-1974	20	0.00021	0.00021	0.5	97933	20	97922	5639956	57.59
1970-1974	21	0.00042	0.00042	0.5	97912	41	97892	5542034	56.60
1970-1974	22	0.00060	0.00060	0.5	97871	59	97842	5444142	55.63
1970-1974	23	0.00049	0.00049	0.5	97812	48	97788	5346301	54.66
1970-1974	24	0.00063	0.00063	0.5	97765	62	97734	5248512	53.69
1970-1974	25	0.00058	0.00058	0.5	97703	57	97675	5150778	52.72
1970-1974	26	0.00058	0.00058	0.5	97646	56	97618	5053104	51.75
1970-1974	27	0.00067	0.00067	0.5	97590	66	97557	4955486	50.78
1970-1974	28	0.00071	0.00071	0.5	97524	69	97489	4857929	49.81
1970-1974	29	0.00058	0.00058	0.5	97455	57	97427	4760440	48.85
1970-1974	30	0.00046	0.00046	0.5	97398	45	97376	4663013	47.88
1970-1974	31	0.00052	0.00052	0.5	97354	51	97328	4565637	46.90
1970-1974	32	0.00059	0.00059	0.5	97303	58	97274	4468309	45.92
1970-1974	33	0.00084	0.00084	0.5	97245	82	97204	4371035	44.95
1970-1974	34	0.00086	0.00086	0.5	97163	84	97122	4273830	43.99
1970-1974	35	0.00090	0.00090	0.5	97080	87	97036	4176709	43.02
1970-1974	36	0.00125	0.00125	0.5	96992	121	96932	4079673	42.06
1970-1974	37	0.00125	0.00125	0.5	96871	121	96811	3982741	41.11
1970-1974	38	0.00125	0.00125	0.5	96750	121	96690	3885931	40.16
1970-1974	39	0.00164	0.00164	0.5	96629	158	96550	3789241	39.21
1970-1974	40	0.00126	0.00126	0.5	96471	121	96410	3692691	38.28
1970-1974	41	0.00158	0.00158	0.5	96349	152	96273	3596281	37.33
1970-1974	42	0.00170	0.00170	0.5	96197	163	96116	3500007	36.38
1970-1974	43	0.00234	0.00233	0.5	96034	224	95922	3403892	35.44
1970-1974	44	0.00287	0.00287	0.5	95810	275	95672	3307970	34.53
1970-1974	45	0.00314	0.00313	0.5	95535	299	95385	3212297	33.62
1970-1974	46	0.00371	0.00371	0.5	95236	353	95059	3116912	32.73
1970-1974	47	0.00376	0.00375	0.5	94883	356	94705	3021853	31.85
1970-1974	48	0.00477	0.00476	0.5	94527	450	94302	2927148	30.97
1970-1974	49	0.00423	0.00422	0.5	94077	397	93879	2832846	30.11
1970-1974	50	0.00437	0.00436	0.5	93680	409	93476	2738967	29.24
1970-1974	51	0.00437	0.00436	0.5	93272	407	93068	2645491	28.36
1970-1974	52	0.00480	0.00479	0.5	92865	445	92643	2552422	27.49
1970-1974	53	0.00642	0.00640	0.5	92420	592	92125	2459780	26.62
1970-1974	54	0.00616	0.00614	0.5	91829	564	91547	2367655	25.78
1970-1974	55	0.00719	0.00717	0.5	91265	654	90938	2276108	24.94
1970-1974	56	0.00725	0.00722	0.5	90611	654	90283	2185171	24.12
1970-1974	57	0.00955	0.00951	0.5	89956	855	89529	2094887	23.29
1970-1974	58	0.00885	0.00881	0.5	89101	785	88709	2005358	22.51
1970-1974	59	0.00948	0.00944	0.5	88316	834	87900	1916650	21.70
1970-1974	60	0.01155	0.01148	0.5	87483	1004	86981	1828750	20.90
1970-1974	61	0.01175	0.01168	0.5	86478	1010	85973	1741769	20.14
1970-1974	62	0.01256	0.01248	0.5	85468	1066	84935	1655796	19.37
1970-1974	63	0.01454	0.01444	0.5	84402	1219	83793	1570861	18.61
1970-1974	64	0.01476	0.01466	0.5	83183	1219	82574	1487068	17.88
1970-1974	65	0.01536	0.01524	0.5	81964	1249	81340	1404494	17.14
1970-1974	66	0.01920	0.01902	0.5	80715	1535	79947	1323155	16.39
1970-1974	67	0.01813	0.01797	0.5	79180	1423	78468	1243208	15.70
1970-1974	68	0.02255	0.02229	0.5	77757	1734	76890	1164739	14.98
1970-1974	69	0.02362	0.02335	0.5	76023	1775	75136	1087849	14.31
1970-1974	70	0.02617	0.02583	0.5	74248	1918	73290	1012713	13.64
1970-1974	71	0.02873	0.02833	0.5	72331	2049	71306	939423	12.99
1970-1974	72	0.03207	0.03156	0.5	70282	2218	69173	868117	12.35
1970-1974	73	0.03485	0.03425	0.5	68063	2331	66898	798945	11.74
1970-1974	74	0.03824	0.03753	0.5	65732	2467	64499	732047	11.14
1970-1974	75	0.04786	0.04674	0.5	63265	2957	61787	667548	10.55
1970-1974	76	0.05159	0.05029	0.5	60308	3033	58792	605761	10.04
1970-1974	77	0.05241	0.05107	0.5	57275	2925	55813	546970	9.55
1970-1974	78	0.06077	0.05898	0.5	54350	3206	52747	491157	9.04
1970-1974	79	0.06666	0.06451	0.5	51145	3299	49495	438409	8.57
1970-1974	80	0.06486	0.06282	0.5	47845	3006	46343	388914	8.13
1970-1974	81	0.07208	0.06957	0.5	44840	3119	43280	342572	7.64
1970-1974	82	0.08003	0.07695	0.5	41720	3210	40115	299292	7.17
1970-1974	83	0.08878	0.08500	0.5	38510	3273	36873	259177	6.73
1970-1974	84	0.09838	0.09376	0.5	35236	3304	33584	222304	6.31
1970-1974	85	0.10889	0.10327	0.5	31932	3298	30284	188719	5.91
1970-1974	86	0.12038	0.11354	0.5	28635	3251	27009	158436	5.53
1970-1974	87	0.13290	0.12462	0.5	25384	3163	23802	131426	5.18
1970-1974	88	0.14650	0.13650	0.5	22220	3033	20704	107624	4.84
1970-1974	89	0.16124	0.14921	0.5	19187	2863	17756	86921	4.53
1970-1974	90	0.17715	0.16274	0.5	16324	2657	14996	69165	4.24
1970-1974	91	0.19427	0.17707	0.5	13668	2420	12458	54169	3.96
1970-1974	92	0.21262	0.19219	0.5	11248	2162	10167	41711	3.71
1970-1974	93	0.23220	0.20804	0.5	9086	1890	8141	31544	3.47
1970-1974	94	0.25300	0.22459	0.5	7196	1616	6388	23404	3.25
1970-1974	95	0.27500	0.24176	0.5	5580	1349	4905	17016	3.05
1970-1974	96	0.29815	0.25947	0.5	4231	1098	3682	12111	2.86
1970-1974	97	0.32238	0.27763	0.5	3133	870	2698	8429	2.69
1970-1974	98	0.34760	0.29613	0.5	2263	670	1928	5731	2.53
1970-1974	99	0.37371	0.31488	0.5	1593	502	1342	3803	2.39
1970-1974	100	0.40058	0.33374	0.5	1091	364	909	2461	2.25
1970-1974	101	0.42806	0.35259	0.5	727	256	599	1551	2.13
1970-1974	102	0.45599	0.37133	0.5	471	175	383	952	2.02
1970-1974	103	0.48420	0.38982	0.5	296	115	238	569	1.92
1970-1974	104	0.51251	0.40796	0.5	181	74	144	331	1.83
1970-1974	105	0.54074	0.42565	0.5	107	46	84	187	1.75
1970-1974	106	0.56871	0.44280	0.5	61	27	48	103	1.68
1970-1974	107	0.59625	0.45932	0.5	34	16	26	55	1.61
1970-1974	108	0.62319	0.47514	0.5	18	9	14	29	1.56
1970-1974	109	0.64940	0.49022	0.5	10	5	7	15	1.51
1970-1974	110+	0.67473	1.00000	1.48	5	5	7	7	1.48
1975-1979	0	0.01017	0.01007	0.08	100000	1007	99075	7798530	77.99
1975-1979	1	0.00065	0.00065	0.5	98993	64	98960	7699456	77.78
1975-1979	2	0.00047	0.00047	0.5	98928	47	98905	7600495	76.83
1975-1979	3	0.00026	0.00026	0.5	98881	26	98868	7501591	75.86
1975-1979	4	0.00038	0.00038	0.5	98855	37	98837	7402722	74.88
1975-1979	5	0.00040	0.00040	0.5	98818	40	98798	7303886	73.91
1975-1979	6	0.00027	0.00027	0.5	98778	27	98765	7205088	72.94
1975-1979	7	0.00023	0.00023	0.5	98752	23	98740	7106323	71.96
1975-1979	8	0.00011	0.00011	0.5	98729	11	98723	7007582	70.98
1975-1979	9	0.00011	0.00011	0.5	98717	11	98712	6908859	69.99
1975-1979	10	0.00011	0.00011	0.5	98706	11	98701	6810147	68.99
1975-1979	11	0.00022	0.00022	0.5	98695	21	98685	6711447	68.00
1975-1979	12	0.00010	0.00010	0.5	98674	10	98669	6612762	67.02
1975-1979	13	0.00028	0.00028	0.5	98664	28	98650	6514093	66.02
1975-1979	14	0.00037	0.00037	0.5	98636	36	98618	6415443	65.04
1975-1979	15	0.00038	0.00038	0.5	98600	38	98581	6316825	64.07
1975-1979	16	0.00050	0.00050	0.5	98562	49	98538	6218244	63.09
1975-1979	17	0.00033	0.00033	0.5	98513	32	98497	6119707	62.12
1975-1979	18	0.00054	0.00054	0.5	98481	54	98454	6021210	61.14
1975-1979	19	0.00063	0.00063	0.5	98427	62	98396	5922756	60.17
1975-1979	20	0.00032	0.00032	0.5	98365	32	98349	5824360	59.21
1975-1979	21	0.00053	0.00053	0.5	98333	52	98307	5726011	58.23
1975-1979	22	0.00049	0.00049	0.5	98281	48	98257	5627704	57.26
1975-1979	23	0.00049	0.00049	0.5	98233	48	98209	5529447	56.29
1975-1979	24	0.00044	0.00044	0.5	98185	43	98163	5431238	55.32
1975-1979	25	0.00051	0.00051	0.5	98142	50	98117	5333074	54.34
1975-1979	26	0.00038	0.00038	0.5	98091	37	98073	5234958	53.37
1975-1979	27	0.00054	0.00054	0.5	98054	53	98027	5136885	52.39
1975-1979	28	0.00062	0.00062	0.5	98001	61	97970	5038858	51.42
1975-1979	29	0.00056	0.00056	0.5	97940	54	97913	4940888	50.45
1975-1979	30	0.00060	0.00060	0.5	97885	58	97856	4842975	49.48
1975-1979	31	0.00057	0.00057	0.5	97827	56	97799	4745119	48.51
1975-1979	32	0.00069	0.00069	0.5	97771	68	97738	4647320	47.53
1975-1979	33	0.00086	0.00086	0.5	97704	84	97662	4549582	46.57
1975-1979	34	0.00084	0.00084	0.5	97619	82	97578	4451921	45.60
1975-1979	35	0.00089	0.00089	0.5	97537	86	97494	4354342	44.64
1975-1979	36	0.00097	0.00097	0.5	97451	95	97404	4256848	43.68
1975-1979	37	0.00119	0.00119	0.5	97356	116	97298	4159444	42.72
1975-1979	38	0.00109	0.00109	0.5	97240	106	97187	4062146	41.77
1975-1979	39	0.00142	0.00142	0.5	97134	138	97065	3964959	40.82
1975-1979	40	0.00152	0.00152	0.5	96996	147	96922	3867894	39.88
1975-1979	41	0.00164	0.00163	0.5	96849	158	96770	3770972	38.94
1975-1979	42	0.00165	0.00165	0.5	96691	159	96611	3674202	38.00
1975-1979	43	0.00244	0.00244	0.5	96531	235	96414	3577591	37.06
1975-1979	44	0.00249	0.00249	0.5	96296	239	96176	3481178	36.15
1975-1979	45	0.00289	0.00288	0.5	96057	277	95918	3385002	35.24
1975-1979	46	0.00257	0.00257	0.5	95780	246	95657	3289083	34.34
1975-1979	47	0.00276	0.00276	0.5	95534	263	95402	3193427	33.43
1975-1979	48	0.00358	0.00357	0.5	95270	340	95100	3098025	32.52
1975-1979	49	0.00359	0.00358	0.5	94930	340	94760	3002924	31.63
1975-1979	50	0.00380	0.00379	0.5	94590	359	94411	2908164	30.74
1975-1979	51	0.00430	0.00429	0.5	94231	404	94029	2813753	29.86
1975-1979	52	0.00522	0.00520	0.5	93827	488	93583	2719724	28.99
1975-1979	53	0.00514	0.00513	0.5	93339	479	93099	2626141	28.14
1975-1979	54	0.00713	0.00711	0.5	92860	660	92530	2533042	27.28
1975-1979	55	0.00573	0.00572	0.5	92200	527	91937	2440511	26.47
1975-1979	56	0.00662	0.00660	0.5	91673	605	91371	2348575	25.62
1975-1979	57	0.00777	0.00774	0.5	91069	705	90716	2257204	24.79
1975-1979	58	0.00805	0.00801	0.5	90363	724	90001	2166488	23.98
1975-1979	59	0.00837	0.00834	0.5	89639	747	89266	2076487	23.16
1975-1979	60	0.00887	0.00883	0.5	88892	785	88499	1987221	22.36
1975-1979	61	0.00996	0.00991	0.5	88107	873	87670	1898722	21.55
1975-1979	62	0.01249	0.01241	0.5	87234	1083	86693	1811051	20.76
1975-1979	63	0.01137	0.01131	0.5	86151	974	85664	1724359	20.02
1975-1979	64	0.01248	0.01240	0.5	85177	1057	84649	1638695	19.24
1975-1979	65	0.01343	0.01334	0.5	84121	1122	83559	1554046	18.47
1975-1979	66	0.01734	0.01719	0.5	82998	1427	82285	1470486	17.72
1975-1979	67	0.01644	0.01630	0.5	81571	1330	80906	1388202	17.02
1975-1979	68	0.01664	0.01650	0.5	80242	1324	79580	1307295	16.29
1975-1979	69	0.02010	0.01990	0.5	78918	1570	78132	1227716	15.56
1975-1979	70	0.02318	0.02291	0.5	77347	1772	76461	1149583	14.86
1975-1979	71	0.02413	0.02384	0.5	75575	1802	74674	1073122	14.20
1975-1979	72	0.02614	0.02581	0.5	73774	1904	72822	998448	13.53
1975-1979	73	0.02892	0.02851	0.5	71870	2049	70845	925626	12.88
1975-1979	74	0.03468	0.03409	0.5	69821	2380	68631	854781	12.24
1975-1979	75	0.03220	0.03169	0.5	67441	2137	66372	786150	11.66
1975-1979	76	0.03870	0.03796	0.5	65303	2479	64064	719779	11.02
1975-1979	77	0.04070	0.03988	0.5	62824	2506	61571	655715	10.44
1975-1979	78	0.04450	0.04353	0.5	60318	2626	59005	594144	9.85
1975-1979	79	0.05308	0.05170	0.5	57692	2983	56201	535139	9.28
1975-1979	80	0.05589	0.05437	0.5	54710	2975	53222	478938	8.75
1975-1979	81	0.06238	0.06049	0.5	51735	3129	50170	425715	8.23
1975-1979	82	0.06956	0.06722	0.5	48605	3267	46972	375545	7.73
1975-1979	83	0.07749	0.07460	0.5	45338	3382	43647	328574	7.25
1975-1979	84	0.08625	0.08269	0.5	41956	3469	40221	284927	6.79
1975-1979	85	0.09590	0.09151	0.5	38486	3522	36725	244706	6.36
1975-1979	86	0.10650	0.10112	0.5	34964	3536	33197	207980	5.95
1975-1979	87	0.11812	0.11153	0.5	31429	3505	29676	174784	5.56
1975-1979	88	0.13082	0.12279	0.5	27923	3429	26209	145108	5.20
1975-1979	89	0.14467	0.13491	0.5	24495	3305	22842	118898	4.85
1975-1979	90	0.15970	0.14789	0.5	21190	3134	19623	96056	4.53
1975-1979	91	0.17598	0.16175	0.5	18056	2921	16596	76433	4.23
1975-1979	92	0.19354	0.17647	0.5	15136	2671	13800	59837	3.95
1975-1979	93	0.21240	0.19201	0.5	12465	2393	11268	46037	3.69
1975-1979	94	0.23256	0.20834	0.5	10071	2098	9022	34769	3.45
1975-1979	95	0.25403	0.22540	0.5	7973	1797	7075	25746	3.23
1975-1979	96	0.27676	0.24311	0.5	6176	1501	5425	18672	3.02
1975-1979	97	0.30070	0.26140	0.5	4675	1222	4064	13247	2.83
1975-1979	98	0.32578	0.28015	0.5	3453	967	2969	9183	2.66
1975-1979	99	0.35190	0.29925	0.5	2485	744	2114	6214	2.50
1975-1979	100	0.37894	0.31858	0.5	1742	555	1464	4101	2.35
1975-1979	101	0.40675	0.33800	0.5	1187	401	986	2636	2.22
1975-1979	102	0.43517	0.35740	0.5	786	281	645	1650	2.10
1975-1979	103	0.46402	0.37664	0.5	505	190	410	1005	1.99
1975-1979	104	0.49312	0.39558	0.5	315	124	252	595	1.89
1975-1979	105	0.52226	0.41412	0.5	190	79	151	343	1.80
1975-1979	106	0.55126	0.43214	0.5	111	48	87	192	1.72
1975-1979	107	0.57990	0.44956	0.5	63	28	49	104	1.65
1975-1979	108	0.60803	0.46627	0.5	35	16	27	55	1.59
1975-1979	109	0.63545	0.48223	0.5	19	9	14	29	1.54
1975-1979	110+	0.66202	1.00000	1.51	10	10	15	15	1.51
1980-1984	0	0.00818	0.00812	0.08	100000	812	99250	7899156	78.99
1980-1984	1	0.00050	0.00050	0.5	99188	49	99164	7799907	78.64
1980-1984	2	0.00044	0.00044	0.5	99139	43	99117	7700743	77.68
1980-1984	3	0.00029	0.00029	0.5	99096	28	99082	7601626	76.71
1980-1984	4	0.00025	0.00025	0.5	99067	25	99055	7502544	75.73
1980-1984	5	0.00019	0.00019	0.5	99042	19	99033	7403489	74.75
1980-1984	6	0.00020	0.00020	0.5	99023	19	99014	7304456	73.76
1980-1984	7	0.00022	0.00022	0.5	99004	22	98993	7205442	72.78
1980-1984	8	0.00000	0.00000	0.5	98982	0	98982	7106449	71.80
1980-1984	9	0.00018	0.00018	0.5	98982	18	98974	7007467	70.80
1980-1984	10	0.00017	0.00017	0.5	98965	17	98956	6908493	69.81
1980-1984	11	0.00008	0.00008	0.5	98948	8	98944	6809537	68.82
1980-1984	12	0.00025	0.00025	0.5	98939	25	98927	6710593	67.83
1980-1984	13	0.00027	0.00027	0.5	98915	27	98901	6611666	66.84
1980-1984	14	0.00019	0.00019	0.5	98888	19	98879	6512765	65.86
1980-1984	15	0.00034	0.00034	0.5	98869	33	98853	6413887	64.87
1980-1984	16	0.00054	0.00054	0.5	98836	53	98809	6315034	63.89
1980-1984	17	0.00057	0.00057	0.5	98783	56	98754	6216225	62.93
1980-1984	18	0.00047	0.00047	0.5	98726	47	98703	6117470	61.96
1980-1984	19	0.00040	0.00040	0.5	98680	39	98660	6018767	60.99
1980-1984	20	0.00048	0.00048	0.5	98640	48	98616	5920107	60.02
1980-1984	21	0.00047	0.00047	0.5	98593	46	98570	5821491	59.05
1980-1984	22	0.00041	0.00041	0.5	98547	40	98526	5722921	58.07
1980-1984	23	0.00039	0.00039	0.5	98506	38	98487	5624394	57.10
1980-1984	24	0.00060	0.00060	0.5	98468	59	98439	5525907	56.12
1980-1984	25	0.00049	0.00049	0.5	98409	48	98385	5427469	55.15
1980-1984	26	0.00037	0.00037	0.5	98361	37	98343	5329083	54.18
1980-1984	27	0.00028	0.00028	0.5	98324	28	98311	5230741	53.20
1980-1984	28	0.00033	0.00033	0.5	98297	32	98280	5132430	52.21
1980-1984	29	0.00036	0.00036	0.5	98264	35	98247	5034150	51.23
1980-1984	30	0.00055	0.00055	0.5	98229	54	98203	4935903	50.25
1980-1984	31	0.00053	0.00053	0.5	98176	52	98150	4837700	49.28
1980-1984	32	0.00056	0.00056	0.5	98124	55	98097	4739550	48.30
1980-1984	33	0.00063	0.00063	0.5	98069	61	98038	4641454	47.33
1980-1984	34	0.00056	0.00056	0.5	98008	55	97980	4543415	46.36
1980-1984	35	0.00092	0.00092	0.5	97953	90	97908	4445435	45.38
1980-1984	36	0.00100	0.00100	0.5	97863	98	97814	4347527	44.42
1980-1984	37	0.00075	0.00075	0.5	97765	73	97728	4249713	43.47
1980-1984	38	0.00079	0.00079	0.5	97692	77	97653	4151985	42.50
1980-1984	39	0.00114	0.00114	0.5	97615	111	97559	4054332	41.53
1980-1984	40	0.00126	0.00126	0.5	97504	123	97442	3956773	40.58
1980-1984	41	0.00122	0.00122	0.5	97381	118	97321	3859331	39.63
1980-1984	42	0.00166	0.00166	0.5	97262	162	97181	3762010	38.68
1980-1984	43	0.00169	0.00169	0.5	97100	164	97019	3664828	37.74
1980-1984	44	0.00169	0.00169	0.5	96937	164	96855	3567810	36.81
1980-1984	45	0.00228	0.00228	0.5	96773	220	96663	3470955	35.87
1980-1984	46	0.00217	0.00217	0.5	96552	210	96448	3374292	34.95
1980-1984	47	0.00220	0.00220	0.5	96343	212	96237	3277845	34.02
1980-1984	48	0.00282	0.00281	0.5	96131	270	95995	3181608	33.10
1980-1984	49	0.00295	0.00295	0.5	95860	282	95719	3085613	32.19
1980-1984	50	0.00350	0.00349	0.5	95578	334	95411	2989894	31.28
1980-1984	51	0.00392	0.00392	0.5	95244	373	95058	2894483	30.39
1980-1984	52	0.00484	0.00483	0.5	94871	458	94642	2799425	29.51
1980-1984	53	0.00517	0.00516	0.5	94413	487	94170	2704782	28.65
1980-1984	54	0.00459	0.00458	0.5	93926	430	93711	2610613	27.79
1980-1984	55	0.00651	0.00649	0.5	93496	607	93193	2516901	26.92
1980-1984	56	0.00618	0.00616	0.5	92889	572	92603	2423708	26.09
1980-1984	57	0.00668	0.00665	0.5	92318	614	92010	2331105	25.25
1980-1984	58	0.00754	0.00751	0.5	91703	689	91359	2239095	24.42
1980-1984	59	0.00851	0.00847	0.5	91015	771	90629	2147736	23.60
1980-1984	60	0.00885	0.00881	0.5	90243	795	89846	2057107	22.80
1980-1984	61	0.01084	0.01078	0.5	89448	965	88966	1967261	21.99
1980-1984	62	0.01130	0.01124	0.5	88484	994	87986	1878295	21.23
1980-1984	63	0.01116	0.01110	0.5	87489	971	87003	1790309	20.46
1980-1984	64	0.01256	0.01248	0.5	86518	1080	85978	1703305	19.69
1980-1984	65	0.01354	0.01345	0.5	85438	1149	84863	1617327	18.93
1980-1984	66	0.01513	0.01501	0.5	84289	1266	83656	1532464	18.18
1980-1984	67	0.01691	0.01677	0.5	83023	1392	82327	1448808	17.45
1980-1984	68	0.01821	0.01804	0.5	81631	1473	80894	1366482	16.74
1980-1984	69	0.01940	0.01921	0.5	80158	1540	79388	1285587	16.04
1980-1984	70	0.02011	0.01991	0.5	78618	1565	77835	1206200	15.34
1980-1984	71	0.02228	0.02204	0.5	77053	1698	76204	1128364	14.64
1980-1984	72	0.02722	0.02685	0.5	75355	2023	74343	1052161	13.96
1980-1984	73	0.02805	0.02766	0.5	73331	2029	72317	977818	13.33
1980-1984	74	0.02991	0.02947	0.5	71303	2101	70252	905501	12.70
1980-1984	75	0.03495	0.03435	0.5	69201	2377	68013	835249	12.07
1980-1984	76	0.03690	0.03623	0.5	66824	2421	65614	767236	11.48
1980-1984	77	0.03930	0.03854	0.5	64404	2482	63162	701622	10.89
1980-1984	78	0.04155	0.04071	0.5	61921	2521	60661	638460	10.31
1980-1984	79	0.04649	0.04543	0.5	59401	2699	58051	577799	9.73
1980-1984	80	0.05014	0.04891	0.5	56702	2773	55315	519748	9.17
1980-1984	81	0.05622	0.05468	0.5	53928	2949	52454	464433	8.61
1980-1984	82	0.06298	0.06106	0.5	50980	3113	49423	411979	8.08
1980-1984	83	0.07050	0.06810	0.5	47867	3260	46237	362556	7.57
1980-1984	84	0.07885	0.07586	0.5	44607	3384	42915	316319	7.09
1980-1984	85	0.08808	0.08437	0.5	41223	3478	39484	273404	6.63
1980-1984	86	0.09829	0.09368	0.5	37745	3536	35977	233919	6.20
1980-1984	87	0.10953	0.10384	0.5	34209	3552	32433	197942	5.79
1980-1984	88	0.12189	0.11488	0.5	30657	3522	28896	165509	5.40
1980-1984	89	0.13542	0.12684	0.5	27135	3442	25414	136613	5.03
1980-1984	90	0.15021	0.13971	0.5	23693	3310	22038	111199	4.69
1980-1984	91	0.16629	0.15353	0.5	20383	3129	18818	89161	4.37
1980-1984	92	0.18373	0.16827	0.5	17253	2903	15802	70343	4.08
1980-1984	93	0.20255	0.18393	0.5	14350	2639	13030	54541	3.80
1980-1984	94	0.22278	0.20045	0.5	11711	2347	10537	41511	3.54
1980-1984	95	0.24440	0.21779	0.5	9363	2039	8344	30974	3.31
1980-1984	96	0.26740	0.23587	0.5	7324	1728	6460	22630	3.09
1980-1984	97	0.29173	0.25460	0.5	5597	1425	4884	16170	2.89
1980-1984	98	0.31732	0.27387	0.5	4172	1142	3600	11286	2.71
1980-1984	99	0.34406	0.29356	0.5	3029	889	2585	7685	2.54
1980-1984	100	0.37182	0.31353	0.5	2140	671	1804	5100	2.38
1980-1984	101	0.40046	0.33365	0.5	1469	490	1224	3296	2.24
1980-1984	102	0.42979	0.35377	0.5	979	346	806	2072	2.12
1980-1984	103	0.45963	0.37374	0.5	633	236	514	1266	2.00
1980-1984	104	0.48976	0.39342	0.5	396	156	318	752	1.90
1980-1984	105	0.51996	0.41267	0.5	240	99	191	434	1.80
1980-1984	106	0.55002	0.43138	0.5	141	61	111	243	1.72
1980-1984	107	0.57971	0.44944	0.5	80	36	62	132	1.65
1980-1984	108	0.60884	0.46675	0.5	44	21	34	70	1.59
1980-1984	109	0.63722	0.48325	0.5	24	11	18	36	1.54
1980-1984	110+	0.66467	1.00000	1.5	12	12	18	18	1.50
1985-1989	0	0.00702	0.00697	0.07	100000	697	99353	7905408	79.05
1985-1989	1	0.00066	0.00066	0.5	99303	65	99270	7806054	78.61
1985-1989	2	0.00033	0.00033	0.5	99237	32	99221	7706785	77.66
1985-1989	3	0.00022	0.00022	0.5	99205	22	99194	7607563	76.69
1985-1989	4	0.00022	0.00022	0.5	99183	22	99172	7508369	75.70
1985-1989	5	0.00022	0.00022	0.5	99162	22	99151	7409197	74.72
1985-1989	6	0.00025	0.00025	0.5	99140	25	99127	7310046	73.73
1985-1989	7	0.00017	0.00017	0.5	99115	16	99107	7210919	72.75
1985-1989	8	0.00003	0.00003	0.5	99099	3	99097	7111812	71.77
1985-1989	9	0.00011	0.00011	0.5	99096	11	99090	7012715	70.77
1985-1989	10	0.00015	0.00015	0.5	99084	14	99077	6913625	69.78
1985-1989	11	0.00024	0.00024	0.5	99070	24	99058	6814548	68.79
1985-1989	12	0.00012	0.00012	0.5	99046	12	99040	6715490	67.80
1985-1989	13	0.00018	0.00018	0.5	99034	18	99025	6616450	66.81
1985-1989	14	0.00017	0.00017	0.5	99016	17	99007	6517426	65.82
1985-1989	15	0.00039	0.00039	0.5	98998	39	98979	6418419	64.83
1985-1989	16	0.00050	0.00050	0.5	98960	49	98935	6319439	63.86
1985-1989	17	0.00048	0.00048	0.5	98911	48	98887	6220504	62.89
1985-1989	18	0.00077	0.00077	0.5	98863	76	98825	6121618	61.92
1985-1989	19	0.00052	0.00052	0.5	98787	52	98761	6022793	60.97
1985-1989	20	0.00054	0.00054	0.5	98735	53	98708	5924032	60.00
1985-1989	21	0.00048	0.00048	0.5	98682	47	98658	5825324	59.03
1985-1989	22	0.00041	0.00041	0.5	98634	40	98614	5726665	58.06
1985-1989	23	0.00033	0.00033	0.5	98594	33	98578	5628051	57.08
1985-1989	24	0.00033	0.00033	0.5	98562	32	98545	5529473	56.10
1985-1989	25	0.00059	0.00059	0.5	98529	58	98500	5430928	55.12
1985-1989	26	0.00034	0.00034	0.5	98472	33	98455	5332427	54.15
1985-1989	27	0.00044	0.00044	0.5	98438	44	98417	5233972	53.17
1985-1989	28	0.00034	0.00034	0.5	98395	34	98378	5135555	52.19
1985-1989	29	0.00045	0.00045	0.5	98361	44	98339	5037177	51.21
1985-1989	30	0.00039	0.00039	0.5	98317	38	98298	4938838	50.23
1985-1989	31	0.00054	0.00054	0.5	98279	53	98252	4840540	49.25
1985-1989	32	0.00053	0.00053	0.5	98226	52	98200	4742288	48.28
1985-1989	33	0.00070	0.00070	0.5	98174	69	98139	4644089	47.30
1985-1989	34	0.00051	0.00051	0.5	98105	50	98080	4545949	46.34
1985-1989	35	0.00057	0.00056	0.5	98054	55	98027	4447870	45.36
1985-1989	36	0.00085	0.00085	0.5	97999	83	97958	4349843	44.39
1985-1989	37	0.00070	0.00070	0.5	97916	68	97882	4251885	43.42
1985-1989	38	0.00078	0.00078	0.5	97848	76	97810	4154003	42.45
1985-1989	39	0.00089	0.00089	0.5	97772	87	97728	4056193	41.49
1985-1989	40	0.00104	0.00104	0.5	97685	102	97634	3958465	40.52
1985-1989	41	0.00142	0.00142	0.5	97583	139	97514	3860831	39.56
1985-1989	42	0.00131	0.00131	0.5	97444	128	97380	3763318	38.62
1985-1989	43	0.00184	0.00184	0.5	97316	179	97227	3665937	37.67
1985-1989	44	0.00187	0.00187	0.5	97137	181	97047	3568710	36.74
1985-1989	45	0.00182	0.00182	0.5	96956	176	96868	3471664	35.81
1985-1989	46	0.00176	0.00176	0.5	96780	170	96694	3374796	34.87
1985-1989	47	0.00226	0.00226	0.5	96609	218	96500	3278102	33.93
1985-1989	48	0.00304	0.00303	0.5	96391	292	96245	3181601	33.01
1985-1989	49	0.00230	0.00229	0.5	96099	220	95988	3085356	32.11
1985-1989	50	0.00405	0.00404	0.5	95878	388	95684	2989368	31.18
1985-1989	51	0.00365	0.00365	0.5	95491	348	95316	2893683	30.30
1985-1989	52	0.00404	0.00403	0.5	95142	384	94950	2798367	29.41
1985-1989	53	0.00363	0.00363	0.5	94759	344	94587	2703416	28.53
1985-1989	54	0.00497	0.00495	0.5	94415	468	94181	2608830	27.63
1985-1989	55	0.00478	0.00476	0.5	93947	448	93724	2514648	26.77
1985-1989	56	0.00574	0.00572	0.5	93500	535	93232	2420925	25.89
1985-1989	57	0.00621	0.00619	0.5	92965	576	92677	2327692	25.04
1985-1989	58	0.00912	0.00908	0.5	92389	839	91969	2235016	24.19
1985-1989	59	0.00775	0.00772	0.5	91550	707	91197	2143046	23.41
1985-1989	60	0.00888	0.00884	0.5	90843	803	90441	2051850	22.59
1985-1989	61	0.00956	0.00951	0.5	90040	857	89611	1961408	21.78
1985-1989	62	0.01071	0.01065	0.5	89183	950	88708	1871797	20.99
1985-1989	63	0.01151	0.01145	0.5	88233	1010	87728	1783089	20.21
1985-1989	64	0.01351	0.01342	0.5	87223	1170	86638	1695361	19.44
1985-1989	65	0.01334	0.01325	0.5	86053	1140	85483	1608723	18.69
1985-1989	66	0.01644	0.01630	0.5	84912	1384	84220	1523240	17.94
1985-1989	67	0.01559	0.01546	0.5	83528	1292	82882	1439020	17.23
1985-1989	68	0.01797	0.01781	0.5	82236	1465	81504	1356138	16.49
1985-1989	69	0.01863	0.01845	0.5	80771	1491	80026	1274634	15.78
1985-1989	70	0.02332	0.02305	0.5	79281	1828	78367	1194608	15.07
1985-1989	71	0.02399	0.02371	0.5	77453	1836	76535	1116241	14.41
1985-1989	72	0.02863	0.02822	0.5	75617	2134	74550	1039706	13.75
1985-1989	73	0.02782	0.02744	0.5	73483	2017	72474	965156	13.13
1985-1989	74	0.03437	0.03379	0.5	71466	2415	70259	892681	12.49
1985-1989	75	0.03592	0.03529	0.5	69051	2437	67833	822423	11.91
1985-1989	76	0.03801	0.03730	0.5	66614	2485	65372	754590	11.33
1985-1989	77	0.04179	0.04094	0.5	64130	2625	62817	689218	10.75
1985-1989	78	0.04476	0.04378	0.5	61505	2693	60158	626401	10.18
1985-1989	79	0.04976	0.04855	0.5	58812	2855	57384	566242	9.63
1985-1989	80	0.05070	0.04945	0.5	55957	2767	54573	508858	9.09
1985-1989	81	0.05688	0.05531	0.5	53190	2942	51719	454285	8.54
1985-1989	82	0.06376	0.06179	0.5	50248	3105	48696	402566	8.01
1985-1989	83	0.07140	0.06894	0.5	47143	3250	45518	353870	7.51
1985-1989	84	0.07988	0.07682	0.5	43893	3372	42207	308352	7.03
1985-1989	85	0.08928	0.08546	0.5	40522	3463	38790	266145	6.57
1985-1989	86	0.09966	0.09493	0.5	37058	3518	35300	227355	6.14
1985-1989	87	0.11110	0.10525	0.5	33541	3530	31775	192055	5.73
1985-1989	88	0.12367	0.11647	0.5	30010	3495	28263	160280	5.34
1985-1989	89	0.13745	0.12861	0.5	26515	3410	24810	132017	4.98
1985-1989	90	0.15249	0.14169	0.5	23105	3274	21468	107207	4.64
1985-1989	91	0.16886	0.15571	0.5	19831	3088	18287	85739	4.32
1985-1989	92	0.18659	0.17067	0.5	16743	2858	15315	67451	4.03
1985-1989	93	0.20573	0.18654	0.5	13886	2590	12591	52137	3.75
1985-1989	94	0.22629	0.20329	0.5	11295	2296	10147	39546	3.50
1985-1989	95	0.24826	0.22084	0.5	8999	1987	8006	29399	3.27
1985-1989	96	0.27161	0.23913	0.5	7012	1677	6173	21394	3.05
1985-1989	97	0.29629	0.25806	0.5	5335	1377	4647	15220	2.85
1985-1989	98	0.32222	0.27751	0.5	3958	1098	3409	10573	2.67
1985-1989	99	0.34930	0.29736	0.5	2860	850	2435	7164	2.51
1985-1989	100	0.37738	0.31748	0.5	2009	638	1690	4730	2.35
1985-1989	101	0.40632	0.33771	0.5	1371	463	1140	3039	2.22
1985-1989	102	0.43591	0.35791	0.5	908	325	746	1899	2.09
1985-1989	103	0.46598	0.37792	0.5	583	220	473	1154	1.98
1985-1989	104	0.49629	0.39762	0.5	363	144	291	681	1.88
1985-1989	105	0.52663	0.41686	0.5	219	91	173	390	1.78
1985-1989	106	0.55677	0.43552	0.5	127	56	100	217	1.70
1985-1989	107	0.58650	0.45351	0.5	72	33	56	117	1.63
1985-1989	108	0.61561	0.47072	0.5	39	19	30	62	1.57
1985-1989	109	0.64392	0.48709	0.5	21	10	16	32	1.52
1985-1989	110+	0.67126	1.00000	1.49	11	11	16	16	1.49
1990-1994	0	0.00538	0.00535	0.07	100000	535	99501	8025686	80.26
1990-1994	1	0.00027	0.00027	0.5	99465	27	99451	7926185	79.69
1990-1994	2	0.00015	0.00015	0.5	99437	15	99430	7826734	78.71
1990-1994	3	0.00017	0.00017	0.5	99423	17	99415	7727303	77.72
1990-1994	4	0.00012	0.00012	0.5	99406	12	99400	7627889	76.73
1990-1994	5	0.00005	0.00005	0.5	99394	5	99392	7528488	75.74
1990-1994	6	0.00005	0.00005	0.5	99390	5	99387	7429096	74.75
1990-1994	7	0.00010	0.00010	0.5	99385	10	99380	7329709	73.75
1990-1994	8	0.00013	0.00013	0.5	99375	13	99369	7230329	72.76
1990-1994	9	0.00005	0.00005	0.5	99363	5	99360	7130960	71.77
1990-1994	10	0.00000	0.00000	0.5	99358	0	99358	7031600	70.77
1990-1994	11	0.00008	0.00008	0.5	99358	8	99354	6932242	69.77
1990-1994	12	0.00016	0.00016	0.5	99350	16	99342	6832889	68.78
1990-1994	13	0.00030	0.00030	0.5	99334	30	99319	6733547	67.79
1990-1994	14	0.00008	0.00008	0.5	99304	8	99300	6634227	66.81
1990-1994	15	0.00026	0.00026	0.5	99296	26	99283	6534927	65.81
1990-1994	16	0.00048	0.00048	0.5	99270	47	99246	6435644	64.83
1990-1994	17	0.00032	0.00032	0.5	99222	32	99206	6336398	63.86
1990-1994	18	0.00025	0.00025	0.5	99191	25	99178	6237192	62.88
1990-1994	19	0.00064	0.00064	0.5	99165	64	99134	6138014	61.90
1990-1994	20	0.00005	0.00005	0.5	99102	5	99099	6038880	60.94
1990-1994	21	0.00025	0.00025	0.5	99097	24	99085	5939781	59.94
1990-1994	22	0.00033	0.00033	0.5	99072	33	99056	5840696	58.95
1990-1994	23	0.00031	0.00031	0.5	99040	31	99024	5741640	57.97
1990-1994	24	0.00040	0.00040	0.5	99009	40	98989	5642615	56.99
1990-1994	25	0.00050	0.00050	0.5	98969	49	98945	5543626	56.01
1990-1994	26	0.00048	0.00048	0.5	98920	47	98897	5444681	55.04
1990-1994	27	0.00020	0.00020	0.5	98873	20	98863	5345785	54.07
1990-1994	28	0.00038	0.00038	0.5	98853	38	98834	5246922	53.08
1990-1994	29	0.00038	0.00038	0.5	98815	38	98796	5148088	52.10
1990-1994	30	0.00049	0.00049	0.5	98777	49	98753	5049292	51.12
1990-1994	31	0.00047	0.00047	0.5	98729	46	98705	4950539	50.14
1990-1994	32	0.00064	0.00064	0.5	98682	63	98651	4851833	49.17
1990-1994	33	0.00052	0.00052	0.5	98619	51	98594	4753183	48.20
1990-1994	34	0.00048	0.00048	0.5	98568	47	98545	4654589	47.22
1990-1994	35	0.00052	0.00052	0.5	98521	51	98496	4556045	46.24
1990-1994	36	0.00070	0.00070	0.5	98470	69	98436	4457549	45.27
1990-1994	37	0.00056	0.00056	0.5	98401	56	98373	4359113	44.30
1990-1994	38	0.00067	0.00067	0.5	98346	66	98313	4260740	43.32
1990-1994	39	0.00090	0.00090	0.5	98279	88	98235	4162427	42.35
1990-1994	40	0.00088	0.00088	0.5	98191	86	98148	4064192	41.39
1990-1994	41	0.00114	0.00114	0.5	98105	111	98049	3966044	40.43
1990-1994	42	0.00108	0.00108	0.5	97993	106	97940	3867995	39.47
1990-1994	43	0.00147	0.00147	0.5	97887	144	97815	3770054	38.51
1990-1994	44	0.00142	0.00142	0.5	97744	139	97674	3672239	37.57
1990-1994	45	0.00168	0.00168	0.5	97605	164	97523	3574565	36.62
1990-1994	46	0.00222	0.00221	0.5	97441	216	97333	3477042	35.68
1990-1994	47	0.00186	0.00186	0.5	97225	181	97135	3379708	34.76
1990-1994	48	0.00280	0.00280	0.5	97045	272	96909	3282573	33.83
1990-1994	49	0.00247	0.00247	0.5	96773	239	96654	3185664	32.92
1990-1994	50	0.00284	0.00284	0.5	96534	274	96397	3089011	32.00
1990-1994	51	0.00363	0.00363	0.5	96260	349	96086	2992614	31.09
1990-1994	52	0.00360	0.00359	0.5	95911	345	95739	2896528	30.20
1990-1994	53	0.00410	0.00410	0.5	95567	391	95371	2800789	29.31
1990-1994	54	0.00503	0.00502	0.5	95175	478	94936	2705418	28.43
1990-1994	55	0.00520	0.00519	0.5	94697	492	94452	2610482	27.57
1990-1994	56	0.00512	0.00511	0.5	94206	481	93965	2516030	26.71
1990-1994	57	0.00557	0.00555	0.5	93725	520	93465	2422065	25.84
1990-1994	58	0.00723	0.00721	0.5	93204	672	92868	2328600	24.98
1990-1994	59	0.00753	0.00751	0.5	92533	695	92185	2235732	24.16
1990-1994	60	0.00813	0.00810	0.5	91838	744	91466	2143547	23.34
1990-1994	61	0.00906	0.00901	0.5	91094	821	90684	2052081	22.53
1990-1994	62	0.01101	0.01095	0.5	90273	988	89779	1961397	21.73
1990-1994	63	0.01113	0.01107	0.5	89285	989	88791	1871617	20.96
1990-1994	64	0.01288	0.01279	0.5	88297	1130	87732	1782827	20.19
1990-1994	65	0.01156	0.01149	0.5	87167	1002	86666	1695095	19.45
1990-1994	66	0.01400	0.01391	0.5	86165	1198	85566	1608429	18.67
1990-1994	67	0.01493	0.01481	0.5	84967	1259	84337	1522863	17.92
1990-1994	68	0.01759	0.01743	0.5	83708	1459	82978	1438525	17.19
1990-1994	69	0.01832	0.01816	0.5	82249	1493	81502	1355547	16.48
1990-1994	70	0.02002	0.01983	0.5	80755	1601	79955	1274045	15.78
1990-1994	71	0.02031	0.02011	0.5	79154	1592	78358	1194090	15.09
1990-1994	72	0.02349	0.02322	0.5	77563	1801	76662	1115732	14.38
1990-1994	73	0.02553	0.02521	0.5	75761	1910	74807	1039070	13.72
1990-1994	74	0.02749	0.02712	0.5	73852	2003	72850	964263	13.06
1990-1994	75	0.02946	0.02904	0.5	71849	2086	70806	891413	12.41
1990-1994	76	0.03466	0.03407	0.5	69763	2377	68575	820607	11.76
1990-1994	77	0.03968	0.03891	0.5	67386	2622	66075	752032	11.16
1990-1994	78	0.04004	0.03926	0.5	64764	2543	63493	685957	10.59
1990-1994	79	0.04856	0.04741	0.5	62222	2950	60747	622464	10.00
1990-1994	80	0.04640	0.04534	0.5	59272	2688	57928	561717	9.48
1990-1994	81	0.05217	0.05084	0.5	56585	2877	55146	503789	8.90
1990-1994	82	0.05861	0.05694	0.5	53708	3058	52179	448642	8.35
1990-1994	83	0.06580	0.06370	0.5	50650	3226	49036	396464	7.83
1990-1994	84	0.07379	0.07117	0.5	47423	3375	45736	347427	7.33
1990-1994	85	0.08268	0.07939	0.5	44048	3497	42300	301692	6.85
1990-1994	86	0.09252	0.08843	0.5	40551	3586	38758	259392	6.40
1990-1994	87	0.10341	0.09832	0.5	36965	3635	35148	220634	5.97
1990-1994	88	0.11541	0.10911	0.5	33331	3637	31512	185486	5.57
1990-1994	89	0.12861	0.12084	0.5	29694	3588	27900	153974	5.19
1990-1994	90	0.14307	0.13352	0.5	26106	3486	24363	126074	4.83
1990-1994	91	0.15886	0.14717	0.5	22620	3329	20956	101711	4.50
1990-1994	92	0.17604	0.16180	0.5	19291	3121	17731	80755	4.19
1990-1994	93	0.19464	0.17738	0.5	16170	2868	14736	63024	3.90
1990-1994	94	0.21470	0.19389	0.5	13302	2579	12012	48289	3.63
1990-1994	95	0.23622	0.21126	0.5	10723	2265	9590	36276	3.38
1990-1994	96	0.25918	0.22945	0.5	8457	1941	7487	26686	3.16
1990-1994	97	0.28355	0.24834	0.5	6517	1618	5708	19199	2.95
1990-1994	98	0.30925	0.26784	0.5	4898	1312	4242	13491	2.75
1990-1994	99	0.33619	0.28781	0.5	3586	1032	3070	9249	2.58
1990-1994	100	0.36424	0.30812	0.5	2554	787	2161	6179	2.42
1990-1994	101	0.39324	0.32862	0.5	1767	581	1477	4018	2.27
1990-1994	102	0.42301	0.34916	0.5	1186	414	979	2541	2.14
1990-1994	103	0.45335	0.36958	0.5	772	285	630	1562	2.02
1990-1994	104	0.48405	0.38973	0.5	487	190	392	932	1.91
1990-1994	105	0.51487	0.40946	0.5	297	122	236	540	1.82
1990-1994	106	0.54557	0.42864	0.5	175	75	138	304	1.73
1990-1994	107	0.57593	0.44716	0.5	100	45	78	166	1.66
1990-1994	108	0.60573	0.46492	0.5	55	26	43	88	1.59
1990-1994	109	0.63476	0.48183	0.5	30	14	23	46	1.54
1990-1994	110+	0.66284	1.00000	1.51	15	15	23	23	1.51
1995-1999	0	0.00427	0.00425	0.06	100000	425	99603	8051503	80.52
1995-1999	1	0.00041	0.00041	0.5	99575	41	99555	7951901	79.86
1995-1999	2	0.00021	0.00021	0.5	99534	21	99523	7852346	78.89
1995-1999	3	0.00018	0.00018	0.5	99513	18	99504	7752823	77.91
1995-1999	4	0.00015	0.00015	0.5	99495	15	99487	7653319	76.92
1995-1999	5	0.00010	0.00010	0.5	99480	10	99475	7553832	75.93
1995-1999	6	0.00005	0.00005	0.5	99470	5	99468	7454357	74.94
1995-1999	7	0.00016	0.00016	0.5	99466	16	99458	7354889	73.94
1995-1999	8	0.00007	0.00007	0.5	99450	7	99446	7255431	72.96
1995-1999	9	0.00007	0.00007	0.5	99443	6	99440	7155985	71.96
1995-1999	10	0.00018	0.00018	0.5	99437	18	99428	7056545	70.97
1995-1999	11	0.00009	0.00009	0.5	99419	9	99414	6957117	69.98
1995-1999	12	0.00002	0.00002	0.5	99409	2	99408	6857703	68.98
1995-1999	13	0.00017	0.00017	0.5	99407	17	99399	6758295	67.99
1995-1999	14	0.00021	0.00021	0.5	99390	21	99380	6658896	67.00
1995-1999	15	0.00017	0.00017	0.5	99369	17	99361	6559516	66.01
1995-1999	16	0.00035	0.00035	0.5	99352	35	99334	6460156	65.02
1995-1999	17	0.00031	0.00031	0.5	99317	31	99301	6360821	64.05
1995-1999	18	0.00034	0.00034	0.5	99286	34	99269	6261520	63.07
1995-1999	19	0.00028	0.00028	0.5	99252	28	99239	6162251	62.09
1995-1999	20	0.00038	0.00038	0.5	99225	38	99206	6063012	61.10
1995-1999	21	0.00040	0.00040	0.5	99187	40	99167	5963807	60.13
1995-1999	22	0.00034	0.00034	0.5	99147	34	99130	5864640	59.15
1995-1999	23	0.00029	0.00029	0.5	99113	29	99099	5765509	58.17
1995-1999	24	0.00030	0.00030	0.5	99084	29	99070	5666411	57.19
1995-1999	25	0.00039	0.00039	0.5	99055	38	99036	5567341	56.20
1995-1999	26	0.00040	0.00040	0.5	99017	39	98997	5468305	55.23
1995-1999	27	0.00032	0.00032	0.5	98977	32	98962	5369308	54.25
1995-1999	28	0.00051	0.00051	0.5	98946	50	98921	5270347	53.27
1995-1999	29	0.00040	0.00040	0.5	98895	39	98876	5171426	52.29
1995-1999	30	0.00052	0.00052	0.5	98856	52	98830	5072550	51.31
1995-1999	31	0.00062	0.00062	0.5	98805	61	98774	4973720	50.34
1995-1999	32	0.00051	0.00051	0.5	98743	50	98718	4874946	49.37
1995-1999	33	0.00053	0.00053	0.5	98693	52	98667	4776228	48.39
1995-1999	34	0.00085	0.00085	0.5	98641	84	98599	4677561	47.42
1995-1999	35	0.00041	0.00041	0.5	98557	40	98537	4578962	46.46
1995-1999	36	0.00065	0.00065	0.5	98517	64	98484	4480425	45.48
1995-1999	37	0.00074	0.00074	0.5	98452	73	98416	4381941	44.51
1995-1999	38	0.00097	0.00097	0.5	98379	95	98332	4283525	43.54
1995-1999	39	0.00070	0.00070	0.5	98284	69	98250	4185193	42.58
1995-1999	40	0.00099	0.00099	0.5	98216	97	98167	4086943	41.61
1995-1999	41	0.00113	0.00113	0.5	98119	111	98063	3988776	40.65
1995-1999	42	0.00110	0.00110	0.5	98007	108	97953	3890713	39.70
1995-1999	43	0.00111	0.00111	0.5	97899	109	97845	3792760	38.74
1995-1999	44	0.00151	0.00151	0.5	97790	147	97717	3694916	37.78
1995-1999	45	0.00163	0.00163	0.5	97643	159	97563	3597199	36.84
1995-1999	46	0.00155	0.00155	0.5	97484	151	97408	3499636	35.90
1995-1999	47	0.00195	0.00195	0.5	97333	189	97238	3402227	34.95
1995-1999	48	0.00212	0.00212	0.5	97143	206	97041	3304989	34.02
1995-1999	49	0.00241	0.00241	0.5	96938	234	96821	3207948	33.09
1995-1999	50	0.00254	0.00254	0.5	96704	245	96581	3111127	32.17
1995-1999	51	0.00257	0.00257	0.5	96459	248	96335	3014546	31.25
1995-1999	52	0.00370	0.00370	0.5	96211	356	96033	2918211	30.33
1995-1999	53	0.00338	0.00338	0.5	95855	324	95693	2822178	29.44
1995-1999	54	0.00455	0.00454	0.5	95531	434	95314	2726485	28.54
1995-1999	55	0.00490	0.00489	0.5	95098	465	94865	2631170	27.67
1995-1999	56	0.00549	0.00547	0.5	94632	518	94374	2536305	26.80
1995-1999	57	0.00600	0.00599	0.5	94115	563	93833	2441932	25.95
1995-1999	58	0.00643	0.00640	0.5	93551	599	93252	2348099	25.10
1995-1999	59	0.00634	0.00632	0.5	92952	588	92658	2254847	24.26
1995-1999	60	0.00773	0.00770	0.5	92364	711	92009	2162189	23.41
1995-1999	61	0.00837	0.00833	0.5	91654	764	91272	2070180	22.59
1995-1999	62	0.00932	0.00927	0.5	90890	843	90469	1978908	21.77
1995-1999	63	0.01072	0.01066	0.5	90047	960	89567	1888439	20.97
1995-1999	64	0.01013	0.01008	0.5	89087	898	88638	1798872	20.19
1995-1999	65	0.01283	0.01275	0.5	88189	1125	87627	1710234	19.39
1995-1999	66	0.01187	0.01180	0.5	87064	1027	86551	1622608	18.64
1995-1999	67	0.01399	0.01389	0.5	86037	1195	85440	1536057	17.85
1995-1999	68	0.01521	0.01510	0.5	84842	1281	84202	1450617	17.10
1995-1999	69	0.01804	0.01788	0.5	83561	1494	82814	1366416	16.35
1995-1999	70	0.02029	0.02009	0.5	82067	1648	81243	1283601	15.64
1995-1999	71	0.02174	0.02151	0.5	80419	1730	79554	1202358	14.95
1995-1999	72	0.02161	0.02138	0.5	78689	1682	77848	1122805	14.27
1995-1999	73	0.02674	0.02639	0.5	77007	2032	75991	1044957	13.57
1995-1999	74	0.02834	0.02794	0.5	74975	2095	73927	968966	12.92
1995-1999	75	0.02768	0.02730	0.5	72880	1989	71885	895038	12.28
1995-1999	76	0.03262	0.03209	0.5	70891	2275	69753	823153	11.61
1995-1999	77	0.03736	0.03667	0.5	68615	2516	67357	753400	10.98
1995-1999	78	0.04267	0.04177	0.5	66099	2761	64718	686043	10.38
1995-1999	79	0.04453	0.04356	0.5	63338	2759	61958	621325	9.81
1995-1999	80	0.04691	0.04583	0.5	60579	2776	59191	559366	9.23
1995-1999	81	0.05306	0.05168	0.5	57802	2988	56309	500176	8.65
1995-1999	82	0.05996	0.05822	0.5	54815	3191	53219	443867	8.10
1995-1999	83	0.06770	0.06548	0.5	51624	3380	49934	390648	7.57
1995-1999	84	0.07636	0.07355	0.5	48243	3548	46469	340714	7.06
1995-1999	85	0.08602	0.08247	0.5	44695	3686	42852	294245	6.58
1995-1999	86	0.09677	0.09231	0.5	41009	3785	39116	251392	6.13
1995-1999	87	0.10871	0.10311	0.5	37224	3838	35305	212276	5.70
1995-1999	88	0.12193	0.11492	0.5	33386	3837	31467	176971	5.30
1995-1999	89	0.13650	0.12778	0.5	29549	3776	27661	145504	4.92
1995-1999	90	0.15252	0.14171	0.5	25773	3652	23947	117843	4.57
1995-1999	91	0.17004	0.15672	0.5	22121	3467	20387	93896	4.24
1995-1999	92	0.18913	0.17279	0.5	18654	3223	17042	73509	3.94
1995-1999	93	0.20982	0.18990	0.5	15431	2930	13966	56467	3.66
1995-1999	94	0.23212	0.20799	0.5	12500	2600	11201	42501	3.40
1995-1999	95	0.25603	0.22698	0.5	9901	2247	8777	31300	3.16
1995-1999	96	0.28150	0.24677	0.5	7653	1889	6709	22523	2.94
1995-1999	97	0.30845	0.26723	0.5	5765	1541	4995	15814	2.74
1995-1999	98	0.33677	0.28823	0.5	4224	1218	3615	10820	2.56
1995-1999	99	0.36631	0.30961	0.5	3007	931	2541	7204	2.40
1995-1999	100	0.39690	0.33118	0.5	2076	687	1732	4663	2.25
1995-1999	101	0.42831	0.35276	0.5	1388	490	1143	2931	2.11
1995-1999	102	0.46031	0.37419	0.5	899	336	730	1788	1.99
1995-1999	103	0.49264	0.39528	0.5	562	222	451	1057	1.88
1995-1999	104	0.52503	0.41586	0.5	340	141	269	606	1.78
1995-1999	105	0.55722	0.43580	0.5	199	87	155	337	1.69
1995-1999	106	0.58893	0.45496	0.5	112	51	87	181	1.62
1995-1999	107	0.61991	0.47323	0.5	61	29	47	95	1.55
1995-1999	108	0.64995	0.49054	0.5	32	16	24	48	1.49
1995-1999	109	0.67885	0.50682	0.5	16	8	12	24	1.44
1995-1999	110+	0.70644	1.00000	1.42	8	8	11	11	1.42
2000-2004	0	0.00424	0.00422	0.06	100000	422	99605	8112789	81.13
2000-2004	1	0.00033	0.00033	0.5	99578	33	99562	8013183	80.47
2000-2004	2	0.00025	0.00025	0.5	99545	24	99533	7913622	79.50
2000-2004	3	0.00008	0.00008	0.5	99521	8	99517	7814089	78.52
2000-2004	4	0.00008	0.00008	0.5	99513	8	99509	7714572	77.52
2000-2004	5	0.00005	0.00005	0.5	99505	5	99502	7615063	76.53
2000-2004	6	0.00010	0.00010	0.5	99500	10	99495	7515561	75.53
2000-2004	7	0.00010	0.00010	0.5	99490	10	99485	7416066	74.54
2000-2004	8	0.00009	0.00009	0.5	99480	9	99476	7316581	73.55
2000-2004	9	0.00009	0.00009	0.5	99471	9	99467	7217105	72.55
2000-2004	10	0.00009	0.00009	0.5	99462	9	99458	7117639	71.56
2000-2004	11	0.00011	0.00011	0.5	99453	11	99448	7018181	70.57
2000-2004	12	0.00011	0.00011	0.5	99442	11	99437	6918733	69.58
2000-2004	13	0.00006	0.00006	0.5	99432	6	99429	6819296	68.58
2000-2004	14	0.00019	0.00019	0.5	99425	19	99416	6719867	67.59
2000-2004	15	0.00020	0.00020	0.5	99406	20	99396	6620451	66.60
2000-2004	16	0.00040	0.00040	0.5	99387	40	99367	6521055	65.61
2000-2004	17	0.00021	0.00021	0.5	99347	20	99336	6421688	64.64
2000-2004	18	0.00029	0.00029	0.5	99326	29	99312	6322352	63.65
2000-2004	19	0.00037	0.00037	0.5	99297	37	99279	6223040	62.67
2000-2004	20	0.00039	0.00039	0.5	99260	39	99241	6123762	61.69
2000-2004	21	0.00034	0.00034	0.5	99221	34	99204	6024521	60.72
2000-2004	22	0.00041	0.00041	0.5	99187	41	99167	5925317	59.74
2000-2004	23	0.00028	0.00028	0.5	99147	27	99133	5826150	58.76
2000-2004	24	0.00041	0.00041	0.5	99119	41	99099	5727017	57.78
2000-2004	25	0.00044	0.00044	0.5	99079	43	99057	5627918	56.80
2000-2004	26	0.00022	0.00022	0.5	99035	22	99025	5528861	55.83
2000-2004	27	0.00015	0.00015	0.5	99014	15	99006	5429836	54.84
2000-2004	28	0.00031	0.00031	0.5	98999	31	98983	5330830	53.85
2000-2004	29	0.00021	0.00021	0.5	98968	21	98957	5231847	52.86
2000-2004	30	0.00042	0.00042	0.5	98947	41	98926	5132889	51.88
2000-2004	31	0.00026	0.00026	0.5	98905	26	98892	5033963	50.90
2000-2004	32	0.00039	0.00039	0.5	98879	38	98860	4935071	49.91
2000-2004	33	0.00051	0.00051	0.5	98841	50	98816	4836211	48.93
2000-2004	34	0.00051	0.00051	0.5	98791	51	98766	4737394	47.95
2000-2004	35	0.00058	0.00058	0.5	98740	57	98712	4638629	46.98
2000-2004	36	0.00088	0.00088	0.5	98683	87	98640	4539917	46.00
2000-2004	37	0.00085	0.00085	0.5	98597	84	98555	4441277	45.04
2000-2004	38	0.00084	0.00084	0.5	98513	83	98471	4342722	44.08
2000-2004	39	0.00085	0.00085	0.5	98430	84	98388	4244251	43.12
2000-2004	40	0.00094	0.00094	0.5	98346	92	98300	4145863	42.16
2000-2004	41	0.00127	0.00127	0.5	98253	124	98191	4047564	41.20
2000-2004	42	0.00107	0.00107	0.5	98129	105	98077	3949373	40.25
2000-2004	43	0.00138	0.00138	0.5	98024	135	97957	3851296	39.29
2000-2004	44	0.00133	0.00133	0.5	97890	130	97824	3753339	38.34
2000-2004	45	0.00152	0.00152	0.5	97759	148	97685	3655515	37.39
2000-2004	46	0.00186	0.00186	0.5	97611	181	97520	3557830	36.45
2000-2004	47	0.00185	0.00185	0.5	97430	180	97340	3460309	35.52
2000-2004	48	0.00206	0.00206	0.5	97250	200	97150	3362969	34.58
2000-2004	49	0.00211	0.00211	0.5	97050	205	96947	3265820	33.65
2000-2004	50	0.00247	0.00247	0.5	96845	239	96726	3168872	32.72
2000-2004	51	0.00260	0.00260	0.5	96606	251	96481	3072147	31.80
2000-2004	52	0.00283	0.00282	0.5	96355	272	96219	2975666	30.88
2000-2004	53	0.00318	0.00317	0.5	96083	305	95931	2879447	29.97
2000-2004	54	0.00404	0.00403	0.5	95778	386	95585	2783516	29.06
2000-2004	55	0.00335	0.00335	0.5	95392	319	95232	2687931	28.18
2000-2004	56	0.00438	0.00438	0.5	95073	416	94865	2592699	27.27
2000-2004	57	0.00521	0.00519	0.5	94657	492	94411	2497835	26.39
2000-2004	58	0.00484	0.00483	0.5	94165	454	93938	2403424	25.52
2000-2004	59	0.00598	0.00596	0.5	93711	558	93431	2309486	24.64
2000-2004	60	0.00609	0.00608	0.5	93152	566	92869	2216055	23.79
2000-2004	61	0.00733	0.00730	0.5	92586	676	92248	2123185	22.93
2000-2004	62	0.00816	0.00812	0.5	91910	747	91537	2030937	22.10
2000-2004	63	0.00882	0.00878	0.5	91163	800	90763	1939400	21.27
2000-2004	64	0.00955	0.00950	0.5	90363	859	89934	1848637	20.46
2000-2004	65	0.01092	0.01086	0.5	89505	972	89019	1758703	19.65
2000-2004	66	0.01001	0.00996	0.5	88533	882	88091	1669685	18.86
2000-2004	67	0.01454	0.01444	0.5	87650	1265	87018	1581593	18.04
2000-2004	68	0.01554	0.01542	0.5	86385	1332	85719	1494576	17.30
2000-2004	69	0.01655	0.01642	0.5	85053	1396	84355	1408857	16.56
2000-2004	70	0.01792	0.01776	0.5	83657	1485	82914	1324502	15.83
2000-2004	71	0.02086	0.02065	0.5	82171	1697	81323	1241588	15.11
2000-2004	72	0.02326	0.02299	0.5	80475	1850	79549	1160265	14.42
2000-2004	73	0.02370	0.02342	0.5	78624	1841	77704	1080716	13.75
2000-2004	74	0.02628	0.02594	0.5	76783	1992	75787	1003012	13.06
2000-2004	75	0.02810	0.02771	0.5	74791	2072	73755	927225	12.40
2000-2004	76	0.03357	0.03301	0.5	72719	2401	71518	853470	11.74
2000-2004	77	0.03416	0.03359	0.5	70318	2362	69137	781952	11.12
2000-2004	78	0.04033	0.03954	0.5	67956	2687	66612	712815	10.49
2000-2004	79	0.04267	0.04178	0.5	65269	2727	63906	646203	9.90
2000-2004	80	0.04615	0.04511	0.5	62542	2821	61132	582297	9.31
2000-2004	81	0.05221	0.05088	0.5	59721	3038	58202	521165	8.73
2000-2004	82	0.05901	0.05732	0.5	56683	3249	55058	462963	8.17
2000-2004	83	0.06664	0.06449	0.5	53434	3446	51711	407904	7.63
2000-2004	84	0.07517	0.07245	0.5	49988	3622	48177	356193	7.13
2000-2004	85	0.08470	0.08126	0.5	46366	3768	44482	308016	6.64
2000-2004	86	0.09532	0.09098	0.5	42599	3876	40661	263534	6.19
2000-2004	87	0.10711	0.10166	0.5	38723	3937	36755	222873	5.76
2000-2004	88	0.12016	0.11335	0.5	34786	3943	32815	186118	5.35
2000-2004	89	0.13456	0.12608	0.5	30843	3889	28899	153304	4.97
2000-2004	90	0.15040	0.13988	0.5	26955	3770	25070	124405	4.62
2000-2004	91	0.16773	0.15475	0.5	23184	3588	21390	99335	4.28
2000-2004	92	0.18663	0.17070	0.5	19596	3345	17924	77945	3.98
2000-2004	93	0.20712	0.18769	0.5	16251	3050	14726	60021	3.69
2000-2004	94	0.22924	0.20566	0.5	13201	2715	11844	45294	3.43
2000-2004	95	0.25295	0.22455	0.5	10486	2355	9309	33451	3.19
2000-2004	96	0.27824	0.24426	0.5	8132	1986	7138	24142	2.97
2000-2004	97	0.30502	0.26466	0.5	6145	1626	5332	17003	2.77
2000-2004	98	0.33320	0.28561	0.5	4519	1291	3874	11671	2.58
2000-2004	99	0.36261	0.30696	0.5	3228	991	2733	7798	2.42
2000-2004	100	0.39309	0.32852	0.5	2237	735	1870	5065	2.26
2000-2004	101	0.42443	0.35013	0.5	1502	526	1239	3195	2.13
2000-2004	102	0.45639	0.37159	0.5	976	363	795	1956	2.00
2000-2004	103	0.48871	0.39274	0.5	614	241	493	1161	1.89
2000-2004	104	0.52112	0.41340	0.5	373	154	296	668	1.79
2000-2004	105	0.55336	0.43344	0.5	219	95	171	372	1.70
2000-2004	106	0.58515	0.45270	0.5	124	56	96	201	1.63
2000-2004	107	0.61626	0.47110	0.5	68	32	52	105	1.56
2000-2004	108	0.64644	0.48853	0.5	36	18	27	54	1.50
2000-2004	109	0.67549	0.50495	0.5	18	9	14	27	1.45
2000-2004	110+	0.70325	1.00000	1.42	9	9	13	13	1.42
2005-2009	0	0.00483	0.00481	0.07	100000	481	99551	8174023	81.74
2005-2009	1	0.00025	0.00025	0.5	99519	25	99507	8074472	81.13
2005-2009	2	0.00006	0.00006	0.5	99495	6	99492	7974964	80.15
2005-2009	3	0.00011	0.00011	0.5	99489	11	99484	7875472	79.16
2005-2009	4	0.00017	0.00017	0.5	99479	17	99470	7775988	78.17
2005-2009	5	0.00011	0.00011	0.5	99462	11	99457	7676518	77.18
2005-2009	6	0.00013	0.00013	0.5	99451	13	99445	7577062	76.19
2005-2009	7	0.00003	0.00003	0.5	99438	3	99437	7477617	75.20
2005-2009	8	0.00003	0.00003	0.5	99436	2	99434	7378180	74.20
2005-2009	9	0.00005	0.00005	0.5	99433	5	99431	7278746	73.20
2005-2009	10	0.00005	0.00005	0.5	99428	5	99426	7179315	72.21
2005-2009	11	0.00009	0.00009	0.5	99423	9	99419	7079889	71.21
2005-2009	12	0.00009	0.00009	0.5	99414	9	99409	6980471	70.22
2005-2009	13	0.00011	0.00011	0.5	99405	11	99399	6881061	69.22
2005-2009	14	0.00011	0.00011	0.5	99393	11	99388	6781662	68.23
2005-2009	15	0.00024	0.00024	0.5	99382	24	99371	6682274	67.24
2005-2009	16	0.00028	0.00028	0.5	99359	28	99345	6582904	66.25
2005-2009	17	0.00013	0.00013	0.5	99331	12	99325	6483559	65.27
2005-2009	18	0.00027	0.00027	0.5	99319	27	99305	6384234	64.28
2005-2009	19	0.00046	0.00046	0.5	99292	46	99269	6284929	63.30
2005-2009	20	0.00044	0.00044	0.5	99246	44	99224	6185660	62.33
2005-2009	21	0.00033	0.00033	0.5	99202	33	99186	6086435	61.35
2005-2009	22	0.00032	0.00032	0.5	99169	32	99153	5987250	60.37
2005-2009	23	0.00051	0.00051	0.5	99137	51	99112	5888097	59.39
2005-2009	24	0.00075	0.00074	0.5	99086	74	99049	5788985	58.42
2005-2009	25	0.00064	0.00064	0.5	99012	63	98981	5689936	57.47
2005-2009	26	0.00067	0.00067	0.5	98949	66	98916	5590955	56.50
2005-2009	27	0.00065	0.00065	0.5	98883	65	98850	5492039	55.54
2005-2009	28	0.00041	0.00041	0.5	98818	41	98798	5393189	54.58
2005-2009	29	0.00047	0.00047	0.5	98777	46	98754	5294391	53.60
2005-2009	30	0.00054	0.00054	0.5	98731	54	98704	5195637	52.62
2005-2009	31	0.00055	0.00055	0.5	98677	54	98650	5096933	51.65
2005-2009	32	0.00051	0.00051	0.5	98623	50	98598	4998283	50.68
2005-2009	33	0.00062	0.00062	0.5	98573	61	98543	4899684	49.71
2005-2009	34	0.00079	0.00079	0.5	98512	78	98473	4801141	48.74
2005-2009	35	0.00076	0.00076	0.5	98434	75	98397	4702668	47.77
2005-2009	36	0.00075	0.00075	0.5	98359	74	98322	4604271	46.81
2005-2009	37	0.00077	0.00077	0.5	98285	76	98247	4505949	45.85
2005-2009	38	0.00077	0.00077	0.5	98209	76	98171	4407702	44.88
2005-2009	39	0.00081	0.00081	0.5	98133	79	98094	4309530	43.92
2005-2009	40	0.00097	0.00097	0.5	98054	95	98007	4211436	42.95
2005-2009	41	0.00116	0.00116	0.5	97960	114	97903	4113429	41.99
2005-2009	42	0.00120	0.00120	0.5	97846	117	97788	4015527	41.04
2005-2009	43	0.00123	0.00123	0.5	97729	120	97669	3917739	40.09
2005-2009	44	0.00152	0.00152	0.5	97609	148	97535	3820070	39.14
2005-2009	45	0.00182	0.00181	0.5	97461	177	97372	3722535	38.20
2005-2009	46	0.00160	0.00160	0.5	97284	155	97206	3625163	37.26
2005-2009	47	0.00165	0.00165	0.5	97129	161	97048	3527956	36.32
2005-2009	48	0.00185	0.00185	0.5	96968	179	96878	3430908	35.38
2005-2009	49	0.00233	0.00232	0.5	96789	225	96676	3334029	34.45
2005-2009	50	0.00217	0.00217	0.5	96564	209	96459	3237353	33.53
2005-2009	51	0.00270	0.00270	0.5	96355	260	96225	3140894	32.60
2005-2009	52	0.00286	0.00285	0.5	96095	274	95958	3044669	31.68
2005-2009	53	0.00287	0.00287	0.5	95821	275	95683	2948711	30.77
2005-2009	54	0.00313	0.00312	0.5	95546	298	95397	2853028	29.86
2005-2009	55	0.00357	0.00356	0.5	95248	339	95078	2757631	28.95
2005-2009	56	0.00375	0.00374	0.5	94908	355	94731	2662553	28.05
2005-2009	57	0.00478	0.00477	0.5	94553	451	94328	2567822	27.16
2005-2009	58	0.00420	0.00419	0.5	94102	395	93905	2473495	26.29
2005-2009	59	0.00586	0.00585	0.5	93707	548	93433	2379590	25.39
2005-2009	60	0.00545	0.00544	0.5	93160	507	92906	2286156	24.54
2005-2009	61	0.00645	0.00643	0.5	92653	596	92355	2193250	23.67
2005-2009	62	0.00755	0.00752	0.5	92057	692	91711	2100895	22.82
2005-2009	63	0.00729	0.00726	0.5	91365	663	91033	2009184	21.99
2005-2009	64	0.00872	0.00868	0.5	90702	788	90308	1918151	21.15
2005-2009	65	0.01009	0.01004	0.5	89914	903	89463	1827843	20.33
2005-2009	66	0.01004	0.00999	0.5	89011	889	88567	1738381	19.53
2005-2009	67	0.01213	0.01206	0.5	88122	1063	87591	1649814	18.72
2005-2009	68	0.01204	0.01197	0.5	87059	1042	86538	1562223	17.94
2005-2009	69	0.01369	0.01359	0.5	86017	1169	85433	1475685	17.16
2005-2009	70	0.01593	0.01580	0.5	84848	1341	84178	1390252	16.39
2005-2009	71	0.01823	0.01806	0.5	83507	1508	82753	1306075	15.64
2005-2009	72	0.02026	0.02006	0.5	81999	1645	81176	1223322	14.92
2005-2009	73	0.02007	0.01988	0.5	80354	1597	79555	1142146	14.21
2005-2009	74	0.02669	0.02634	0.5	78757	2074	77720	1062590	13.49
2005-2009	75	0.02771	0.02733	0.5	76683	2095	75635	984870	12.84
2005-2009	76	0.03036	0.02991	0.5	74587	2231	73472	909235	12.19
2005-2009	77	0.03105	0.03058	0.5	72356	2213	71250	835764	11.55
2005-2009	78	0.03429	0.03371	0.5	70144	2365	68961	764514	10.90
2005-2009	79	0.03894	0.03820	0.5	67779	2589	66484	695552	10.26
2005-2009	80	0.04134	0.04050	0.5	65190	2640	63870	629068	9.65
2005-2009	81	0.04708	0.04600	0.5	62549	2877	61111	565199	9.04
2005-2009	82	0.05358	0.05218	0.5	59672	3114	58115	504088	8.45
2005-2009	83	0.06091	0.05911	0.5	56558	3343	54887	445973	7.89
2005-2009	84	0.06918	0.06687	0.5	53215	3558	51436	391086	7.35
2005-2009	85	0.07847	0.07551	0.5	49657	3750	47782	339650	6.84
2005-2009	86	0.08890	0.08511	0.5	45907	3907	43953	291868	6.36
2005-2009	87	0.10055	0.09574	0.5	42000	4021	39989	247914	5.90
2005-2009	88	0.11355	0.10745	0.5	37979	4081	35938	207925	5.47
2005-2009	89	0.12799	0.12029	0.5	33898	4078	31859	171987	5.07
2005-2009	90	0.14396	0.13429	0.5	29820	4005	27818	140128	4.70
2005-2009	91	0.16156	0.14948	0.5	25816	3859	23886	112310	4.35
2005-2009	92	0.18085	0.16585	0.5	21957	3642	20136	88424	4.03
2005-2009	93	0.20189	0.18338	0.5	18315	3359	16636	68288	3.73
2005-2009	94	0.22471	0.20202	0.5	14956	3021	13446	51652	3.45
2005-2009	95	0.24931	0.22167	0.5	11935	2646	10612	38206	3.20
2005-2009	96	0.27563	0.24225	0.5	9289	2250	8164	27594	2.97
2005-2009	97	0.30362	0.26360	0.5	7039	1855	6111	19430	2.76
2005-2009	98	0.33314	0.28557	0.5	5184	1480	4443	13319	2.57
2005-2009	99	0.36402	0.30797	0.5	3703	1140	3133	8875	2.40
2005-2009	100	0.39608	0.33060	0.5	2563	847	2139	5742	2.24
2005-2009	101	0.42905	0.35326	0.5	1716	606	1412	3603	2.10
2005-2009	102	0.46266	0.37574	0.5	1109	417	901	2190	1.97
2005-2009	103	0.49661	0.39783	0.5	693	276	555	1289	1.86
2005-2009	104	0.53060	0.41934	0.5	417	175	330	735	1.76
2005-2009	105	0.56430	0.44012	0.5	242	107	189	405	1.67
2005-2009	106	0.59742	0.46001	0.5	136	62	104	216	1.59
2005-2009	107	0.62967	0.47890	0.5	73	35	56	112	1.52
2005-2009	108	0.66081	0.49670	0.5	38	19	29	56	1.47
2005-2009	109	0.69062	0.51335	0.5	19	10	14	27	1.42
2005-2009	110+	0.71892	1.00000	1.39	9	9	13	13	1.39
2010-2014	0	0.00441	0.00439	0.07	100000	439	99589	8236096	82.36
2010-2014	1	0.00031	0.00031	0.5	99561	31	99545	8136507	81.72
2010-2014	2	0.00012	0.00012	0.5	99530	12	99524	8036962	80.75
2010-2014	3	0.00015	0.00015	0.5	99518	15	99510	7937438	79.76
2010-2014	4	0.00014	0.00014	0.5	99503	14	99496	7837928	78.77
2010-2014	5	0.00008	0.00008	0.5	99489	8	99484	7738432	77.78
2010-2014	6	0.00003	0.00003	0.5	99480	3	99479	7638947	76.79
2010-2014	7	0.00005	0.00005	0.5	99477	5	99475	7539469	75.79
2010-2014	8	0.00008	0.00008	0.5	99472	8	99468	7439994	74.79
2010-2014	9	0.00008	0.00008	0.5	99464	8	99460	7340526	73.80
2010-2014	10	0.00005	0.00005	0.5	99456	5	99454	7241066	72.81
2010-2014	11	0.00005	0.00005	0.5	99451	5	99449	7141612	71.81
2010-2014	12	0.00005	0.00005	0.5	99446	5	99444	7042163	70.81
2010-2014	13	0.00022	0.00022	0.5	99441	22	99430	6942720	69.82
2010-2014	14	0.00019	0.00019	0.5	99419	19	99409	6843289	68.83
2010-2014	15	0.00012	0.00012	0.5	99400	12	99394	6743880	67.85
2010-2014	16	0.00009	0.00009	0.5	99388	9	99383	6644487	66.85
2010-2014	17	0.00021	0.00021	0.5	99378	20	99368	6545103	65.86
2010-2014	18	0.00029	0.00029	0.5	99358	29	99343	6445735	64.87
2010-2014	19	0.00024	0.00024	0.5	99329	24	99317	6346392	63.89
2010-2014	20	0.00026	0.00026	0.5	99305	26	99292	6247075	62.91
2010-2014	21	0.00054	0.00054	0.5	99279	54	99252	6147783	61.92
2010-2014	22	0.00030	0.00030	0.5	99225	30	99210	6048531	60.96
2010-2014	23	0.00031	0.00031	0.5	99195	31	99179	5949320	59.98
2010-2014	24	0.00032	0.00032	0.5	99164	32	99148	5850141	58.99
2010-2014	25	0.00068	0.00068	0.5	99132	67	99098	5750993	58.01
2010-2014	26	0.00065	0.00065	0.5	99064	64	99032	5651895	57.05
2010-2014	27	0.00065	0.00065	0.5	99000	64	98968	5552863	56.09
2010-2014	28	0.00041	0.00041	0.5	98936	40	98916	5453895	55.13
2010-2014	29	0.00060	0.00060	0.5	98896	59	98866	5354979	54.15
2010-2014	30	0.00091	0.00091	0.5	98837	90	98792	5256112	53.18
2010-2014	31	0.00076	0.00076	0.5	98747	75	98709	5157321	52.23
2010-2014	32	0.00062	0.00062	0.5	98672	61	98642	5058611	51.27
2010-2014	33	0.00073	0.00073	0.5	98611	72	98575	4959970	50.30
2010-2014	34	0.00081	0.00081	0.5	98539	80	98499	4861395	49.33
2010-2014	35	0.00055	0.00055	0.5	98459	54	98432	4762896	48.37
2010-2014	36	0.00076	0.00076	0.5	98405	75	98367	4664464	47.40
2010-2014	37	0.00087	0.00087	0.5	98330	86	98287	4566097	46.44
2010-2014	38	0.00076	0.00076	0.5	98244	75	98207	4467810	45.48
2010-2014	39	0.00102	0.00102	0.5	98169	100	98120	4369603	44.51
2010-2014	40	0.00097	0.00097	0.5	98070	95	98022	4271483	43.56
2010-2014	41	0.00088	0.00088	0.5	97975	87	97931	4173461	42.60
2010-2014	42	0.00085	0.00085	0.5	97888	83	97847	4075530	41.63
2010-2014	43	0.00137	0.00137	0.5	97805	134	97738	3977683	40.67
2010-2014	44	0.00131	0.00130	0.5	97671	127	97607	3879945	39.72
2010-2014	45	0.00147	0.00147	0.5	97543	143	97472	3782338	38.78
2010-2014	46	0.00166	0.00166	0.5	97400	161	97320	3684866	37.83
2010-2014	47	0.00170	0.00170	0.5	97239	165	97156	3587546	36.89
2010-2014	48	0.00217	0.00217	0.5	97074	211	96968	3490390	35.96
2010-2014	49	0.00221	0.00221	0.5	96863	214	96756	3393422	35.03
2010-2014	50	0.00235	0.00235	0.5	96649	227	96536	3296666	34.11
2010-2014	51	0.00262	0.00261	0.5	96422	252	96296	3200130	33.19
2010-2014	52	0.00279	0.00279	0.5	96170	268	96036	3103834	32.27
2010-2014	53	0.00295	0.00294	0.5	95902	282	95761	3007797	31.36
2010-2014	54	0.00348	0.00348	0.5	95620	332	95454	2912036	30.45
2010-2014	55	0.00386	0.00385	0.5	95288	367	95104	2816582	29.56
2010-2014	56	0.00376	0.00375	0.5	94921	356	94743	2721477	28.67
2010-2014	57	0.00423	0.00422	0.5	94565	399	94366	2626734	27.78
2010-2014	58	0.00416	0.00415	0.5	94166	391	93971	2532369	26.89
2010-2014	59	0.00504	0.00503	0.5	93775	471	93539	2438398	26.00
2010-2014	60	0.00517	0.00515	0.5	93304	481	93063	2344859	25.13
2010-2014	61	0.00569	0.00568	0.5	92823	527	92559	2251796	24.26
2010-2014	62	0.00672	0.00670	0.5	92296	618	91987	2159236	23.39
2010-2014	63	0.00680	0.00677	0.5	91678	621	91367	2067250	22.55
2010-2014	64	0.00726	0.00723	0.5	91056	659	90727	1975883	21.70
2010-2014	65	0.00861	0.00857	0.5	90398	775	90010	1885155	20.85
2010-2014	66	0.00933	0.00928	0.5	89623	832	89207	1795145	20.03
2010-2014	67	0.01075	0.01070	0.5	88791	950	88316	1705938	19.21
2010-2014	68	0.01297	0.01289	0.5	87841	1132	87275	1617622	18.42
2010-2014	69	0.01214	0.01206	0.5	86709	1046	86186	1530347	17.65
2010-2014	70	0.01540	0.01528	0.5	85663	1309	85009	1444161	16.86
2010-2014	71	0.01664	0.01650	0.5	84354	1392	83658	1359152	16.11
2010-2014	72	0.01898	0.01880	0.5	82962	1560	82182	1275494	15.37
2010-2014	73	0.01971	0.01952	0.5	81402	1589	80608	1193312	14.66
2010-2014	74	0.02342	0.02315	0.5	79813	1848	78889	1112705	13.94
2010-2014	75	0.02640	0.02606	0.5	77965	2032	76949	1033815	13.26
2010-2014	76	0.02858	0.02818	0.5	75933	2140	74864	956866	12.60
2010-2014	77	0.02965	0.02921	0.5	73794	2156	72716	882002	11.95
2010-2014	78	0.03192	0.03142	0.5	71638	2251	70513	809286	11.30
2010-2014	79	0.03581	0.03518	0.5	69387	2441	68167	738774	10.65
2010-2014	80	0.03694	0.03627	0.5	66947	2428	65733	670607	10.02
2010-2014	81	0.04289	0.04199	0.5	64519	2709	63164	604874	9.38
2010-2014	82	0.04899	0.04782	0.5	61810	2956	60332	541710	8.76
2010-2014	83	0.05592	0.05440	0.5	58854	3201	57253	481378	8.18
2010-2014	84	0.06376	0.06179	0.5	55652	3439	53933	424125	7.62
2010-2014	85	0.07261	0.07007	0.5	52214	3658	50385	370192	7.09
2010-2014	86	0.08258	0.07931	0.5	48555	3851	46630	319807	6.59
2010-2014	87	0.09379	0.08959	0.5	44705	4005	42702	273177	6.11
2010-2014	88	0.10634	0.10097	0.5	40700	4109	38645	230475	5.66
2010-2014	89	0.12034	0.11351	0.5	36590	4153	34514	191830	5.24
2010-2014	90	0.13591	0.12726	0.5	32437	4128	30373	157316	4.85
2010-2014	91	0.15314	0.14225	0.5	28309	4027	26296	126943	4.48
2010-2014	92	0.17212	0.15848	0.5	24282	3848	22358	100647	4.14
2010-2014	93	0.19292	0.17595	0.5	20434	3595	18636	78289	3.83
2010-2014	94	0.21558	0.19460	0.5	16839	3277	15200	59653	3.54
2010-2014	95	0.24010	0.21437	0.5	13562	2907	12108	44453	3.28
2010-2014	96	0.26647	0.23514	0.5	10655	2505	9402	32344	3.04
2010-2014	97	0.29462	0.25679	0.5	8149	2093	7103	22943	2.82
2010-2014	98	0.32442	0.27914	0.5	6057	1691	5211	15840	2.62
2010-2014	99	0.35571	0.30200	0.5	4366	1319	3707	10628	2.43
2010-2014	100	0.38829	0.32516	0.5	3047	991	2552	6922	2.27
2010-2014	101	0.42190	0.34840	0.5	2057	717	1698	4370	2.12
2010-2014	102	0.45624	0.37150	0.5	1340	498	1091	2671	1.99
2010-2014	103	0.49101	0.39423	0.5	842	332	676	1580	1.88
2010-2014	104	0.52587	0.41638	0.5	510	212	404	904	1.77
2010-2014	105	0.56047	0.43779	0.5	298	130	233	500	1.68
2010-2014	106	0.59450	0.45828	0.5	167	77	129	268	1.60
2010-2014	107	0.62764	0.47772	0.5	91	43	69	139	1.53
2010-2014	108	0.65963	0.49603	0.5	47	23	36	70	1.47
2010-2014	109	0.69022	0.51313	0.5	24	12	18	34	1.42
2010-2014	110+	0.71923	1.00000	1.39	12	12	16	16	1.39
2015-2019	0	0.00330	0.00329	0.06	100000	329	99692	8203235	82.03
2015-2019	1	0.00023	0.00023	0.5	99671	23	99660	8103543	81.30
2015-2019	2	0.00022	0.00022	0.5	99649	22	99638	8003883	80.32
2015-2019	3	0.00013	0.00013	0.5	99627	12	99620	7904245	79.34
2015-2019	4	0.00006	0.00006	0.5	99614	6	99611	7804625	78.35
2015-2019	5	0.00000	0.00000	0.5	99608	0	99608	7705014	77.35
2015-2019	6	0.00006	0.00006	0.5	99608	6	99605	7605406	76.35
2015-2019	7	0.00009	0.00009	0.5	99602	9	99598	7505801	75.36
2015-2019	8	0.00003	0.00003	0.5	99593	3	99592	7406204	74.36
2015-2019	9	0.00003	0.00003	0.5	99590	3	99589	7306612	73.37
2015-2019	10	0.00008	0.00008	0.5	99588	8	99584	7207023	72.37
2015-2019	11	0.00016	0.00016	0.5	99579	16	99571	7107439	71.37
2015-2019	12	0.00018	0.00018	0.5	99563	18	99554	7007868	70.39
2015-2019	13	0.00021	0.00021	0.5	99545	21	99535	6908314	69.40
2015-2019	14	0.00008	0.00008	0.5	99524	8	99520	6808779	68.41
2015-2019	15	0.00008	0.00008	0.5	99517	8	99513	6709259	67.42
2015-2019	16	0.00018	0.00018	0.5	99509	17	99500	6609746	66.42
2015-2019	17	0.00027	0.00027	0.5	99492	27	99478	6510246	65.44
2015-2019	18	0.00032	0.00032	0.5	99464	31	99449	6410768	64.45
2015-2019	19	0.00032	0.00032	0.5	99433	32	99417	6311319	63.47
2015-2019	20	0.00040	0.00040	0.5	99401	39	99382	6211902	62.49
2015-2019	21	0.00046	0.00046	0.5	99362	46	99339	6112521	61.52
2015-2019	22	0.00070	0.00070	0.5	99316	69	99281	6013182	60.55
2015-2019	23	0.00058	0.00058	0.5	99247	58	99218	5913900	59.59
2015-2019	24	0.00055	0.00055	0.5	99189	54	99162	5814682	58.62
2015-2019	25	0.00077	0.00077	0.5	99135	76	99097	5715521	57.65
2015-2019	26	0.00074	0.00074	0.5	99059	74	99022	5616424	56.70
2015-2019	27	0.00077	0.00077	0.5	98985	76	98947	5517402	55.74
2015-2019	28	0.00083	0.00083	0.5	98909	82	98868	5418456	54.78
2015-2019	29	0.00113	0.00113	0.5	98827	111	98771	5319588	53.83
2015-2019	30	0.00087	0.00087	0.5	98716	86	98673	5220816	52.89
2015-2019	31	0.00099	0.00099	0.5	98630	98	98581	5122143	51.93
2015-2019	32	0.00132	0.00132	0.5	98532	130	98467	5023563	50.98
2015-2019	33	0.00090	0.00090	0.5	98402	88	98358	4925096	50.05
2015-2019	34	0.00130	0.00130	0.5	98314	128	98250	4826739	49.10
2015-2019	35	0.00129	0.00129	0.5	98186	126	98123	4728489	48.16
2015-2019	36	0.00153	0.00152	0.5	98059	150	97985	4630366	47.22
2015-2019	37	0.00126	0.00126	0.5	97910	123	97848	4532382	46.29
2015-2019	38	0.00120	0.00120	0.5	97787	117	97728	4434534	45.35
2015-2019	39	0.00137	0.00137	0.5	97669	134	97602	4336806	44.40
2015-2019	40	0.00111	0.00111	0.5	97535	108	97481	4239203	43.46
2015-2019	41	0.00125	0.00125	0.5	97427	122	97366	4141722	42.51
2015-2019	42	0.00128	0.00128	0.5	97305	124	97243	4044356	41.56
2015-2019	43	0.00154	0.00154	0.5	97181	150	97106	3947112	40.62
2015-2019	44	0.00203	0.00203	0.5	97031	197	96933	3850006	39.68
2015-2019	45	0.00177	0.00177	0.5	96835	171	96749	3753073	38.76
2015-2019	46	0.00178	0.00178	0.5	96664	172	96577	3656324	37.83
2015-2019	47	0.00210	0.00210	0.5	96491	202	96390	3559747	36.89
2015-2019	48	0.00202	0.00202	0.5	96289	194	96192	3463357	35.97
2015-2019	49	0.00246	0.00246	0.5	96095	237	95976	3367165	35.04
2015-2019	50	0.00253	0.00252	0.5	95858	242	95737	3271189	34.13
2015-2019	51	0.00233	0.00233	0.5	95616	223	95505	3175451	33.21
2015-2019	52	0.00267	0.00267	0.5	95393	255	95266	3079947	32.29
2015-2019	53	0.00311	0.00311	0.5	95139	296	94991	2984681	31.37
2015-2019	54	0.00409	0.00409	0.5	94843	388	94649	2889690	30.47
2015-2019	55	0.00361	0.00361	0.5	94456	341	94285	2795041	29.59
2015-2019	56	0.00428	0.00428	0.5	94115	402	93914	2700756	28.70
2015-2019	57	0.00437	0.00436	0.5	93713	409	93508	2606842	27.82
2015-2019	58	0.00532	0.00531	0.5	93304	495	93056	2513334	26.94
2015-2019	59	0.00515	0.00514	0.5	92808	477	92570	2420278	26.08
2015-2019	60	0.00576	0.00574	0.5	92331	530	92066	2327708	25.21
2015-2019	61	0.00590	0.00588	0.5	91801	540	91531	2235642	24.35
2015-2019	62	0.00626	0.00624	0.5	91261	570	90976	2144110	23.49
2015-2019	63	0.00676	0.00674	0.5	90692	611	90386	2053134	22.64
2015-2019	64	0.00820	0.00816	0.5	90081	735	89713	1962748	21.79
2015-2019	65	0.00869	0.00865	0.5	89345	773	88959	1873035	20.96
2015-2019	66	0.00785	0.00782	0.5	88572	692	88226	1784076	20.14
2015-2019	67	0.00932	0.00928	0.5	87880	815	87472	1695851	19.30
2015-2019	68	0.01091	0.01085	0.5	87064	945	86592	1608379	18.47
2015-2019	69	0.01199	0.01192	0.5	86120	1026	85606	1521787	17.67
2015-2019	70	0.01382	0.01373	0.5	85093	1168	84509	1436180	16.88
2015-2019	71	0.01578	0.01566	0.5	83925	1314	83268	1351671	16.11
2015-2019	72	0.01779	0.01763	0.5	82611	1457	81882	1268403	15.35
2015-2019	73	0.01984	0.01965	0.5	81154	1595	80357	1186520	14.62
2015-2019	74	0.02062	0.02041	0.5	79560	1624	78748	1106164	13.90
2015-2019	75	0.02277	0.02251	0.5	77935	1755	77058	1027416	13.18
2015-2019	76	0.02637	0.02602	0.5	76181	1982	75190	950358	12.48
2015-2019	77	0.03038	0.02992	0.5	74199	2220	73088	875168	11.79
2015-2019	78	0.03360	0.03304	0.5	71978	2378	70789	802080	11.14
2015-2019	79	0.03789	0.03718	0.5	69600	2588	68306	731291	10.51
2015-2019	80	0.04266	0.04177	0.5	67012	2799	65612	662985	9.89
2015-2019	81	0.04691	0.04583	0.5	64212	2943	62741	597373	9.30
2015-2019	82	0.04980	0.04859	0.5	61269	2977	59781	534632	8.73
2015-2019	83	0.05676	0.05520	0.5	58292	3217	56683	474852	8.15
2015-2019	84	0.06462	0.06260	0.5	55074	3448	53351	418168	7.59
2015-2019	85	0.07349	0.07089	0.5	51627	3660	49797	364818	7.07
2015-2019	86	0.08347	0.08012	0.5	47967	3843	46045	315021	6.57
2015-2019	87	0.09466	0.09038	0.5	44124	3988	42130	268976	6.10
2015-2019	88	0.10717	0.10172	0.5	40136	4083	38094	226846	5.65
2015-2019	89	0.12112	0.11421	0.5	36053	4118	33994	188751	5.24
2015-2019	90	0.13661	0.12788	0.5	31936	4084	29894	154757	4.85
2015-2019	91	0.15373	0.14276	0.5	27852	3976	25864	124864	4.48
2015-2019	92	0.17257	0.15886	0.5	23876	3793	21979	99000	4.15
2015-2019	93	0.19319	0.17617	0.5	20083	3538	18314	77021	3.84
2015-2019	94	0.21563	0.19465	0.5	16545	3220	14934	58707	3.55
2015-2019	95	0.23990	0.21421	0.5	13324	2854	11897	43773	3.29
2015-2019	96	0.26598	0.23476	0.5	10470	2458	9241	31875	3.04
2015-2019	97	0.29380	0.25617	0.5	8012	2052	6986	22634	2.83
2015-2019	98	0.32325	0.27827	0.5	5960	1658	5130	15649	2.63
2015-2019	99	0.35416	0.30088	0.5	4301	1294	3654	10518	2.45
2015-2019	100	0.38635	0.32380	0.5	3007	974	2520	6864	2.28
2015-2019	101	0.41956	0.34681	0.5	2033	705	1681	4344	2.14
2015-2019	102	0.45352	0.36969	0.5	1328	491	1083	2663	2.00
2015-2019	103	0.48791	0.39223	0.5	837	328	673	1580	1.89
2015-2019	104	0.52242	0.41422	0.5	509	211	403	907	1.78
2015-2019	105	0.55672	0.43549	0.5	298	130	233	504	1.69
2015-2019	106	0.59048	0.45588	0.5	168	77	130	271	1.61
2015-2019	107	0.62341	0.47527	0.5	92	44	70	141	1.54
2015-2019	108	0.65524	0.49355	0.5	48	24	36	71	1.48
2015-2019	109	0.68574	0.51065	0.5	24	12	18	35	1.43
2015-2019	110+	0.71471	1.00000	1.4	12	12	17	17	1.40
