NH: New Hampshire, Lifetables (period 5x10), Females Last modified: 20 Dec 2020, MPv5 (May07) 

Year     	Age	mx	qx	ax	lx	dx	Lx	Tx	ex
1960-1969	0	0.01838	0.01808	0.1	100000	1808	98381	7455069	74.55
1960-1969	1-4	0.00078	0.00311	1.56	98192	305	392023	7356688	74.92
1960-1969	5-9	0.00032	0.00162	2.25	97887	159	488997	6964665	71.15
1960-1969	10-14	0.00034	0.00168	2.7	97728	164	488263	6475668	66.26
1960-1969	15-19	0.00051	0.00256	2.57	97564	250	487213	5987405	61.37
1960-1969	20-24	0.00052	0.00260	2.35	97315	253	485903	5500192	56.52
1960-1969	25-29	0.00076	0.00380	2.54	97062	369	484402	5014289	51.66
1960-1969	30-34	0.00086	0.00429	2.45	96693	415	482409	4529888	46.85
1960-1969	35-39	0.00142	0.00706	2.71	96278	680	479838	4047479	42.04
1960-1969	40-44	0.00258	0.01281	2.78	95599	1224	475280	3567641	37.32
1960-1969	45-49	0.00393	0.01947	2.69	94374	1837	467625	3092360	32.77
1960-1969	50-54	0.00601	0.02962	2.63	92537	2741	456201	2624735	28.36
1960-1969	55-59	0.00845	0.04144	2.68	89796	3721	440361	2168535	24.15
1960-1969	60-64	0.01329	0.06442	2.63	86075	5545	417243	1728174	20.08
1960-1969	65-69	0.02205	0.10488	2.68	80530	8446	383069	1310931	16.28
1960-1969	70-74	0.03608	0.16614	2.62	72084	11976	331890	927862	12.87
1960-1969	75-79	0.05774	0.25334	2.58	60108	15228	263737	595972	9.91
1960-1969	80-84	0.09223	0.37532	2.52	44880	16845	182637	332235	7.40
1960-1969	85-89	0.15077	0.54075	2.39	28036	15160	100551	149598	5.34
1960-1969	90-94	0.23560	0.70892	2.19	12875	9128	38742	49046	3.81
1960-1969	95-99	0.34731	0.84245	1.94	3748	3157	9091	10304	2.75
1960-1969	100-104	0.47843	0.92411	1.68	590	546	1141	1213	2.05
1960-1969	105-109	0.61346	0.96431	1.45	45	43	70	73	1.62
1960-1969	110+	0.71807	1.00000	1.39	2	2	2	2	1.39
1970-1979	0	0.01203	0.01190	0.09	100000	1190	98913	7703788	77.04
1970-1979	1-4	0.00054	0.00216	1.56	98810	214	394718	7604875	76.96
1970-1979	5-9	0.00024	0.00120	2.33	98596	119	492663	7210157	73.13
1970-1979	10-14	0.00021	0.00104	2.84	98477	103	492166	6717493	68.21
1970-1979	15-19	0.00047	0.00235	2.77	98375	231	491357	6225328	63.28
1970-1979	20-24	0.00046	0.00230	2.73	98143	226	490203	5733971	58.42
1970-1979	25-29	0.00057	0.00283	2.58	97917	278	488916	5243768	53.55
1970-1979	30-34	0.00069	0.00344	2.77	97640	336	487450	4754852	48.70
1970-1979	35-39	0.00118	0.00588	2.72	97304	572	485220	4267402	43.86
1970-1979	40-44	0.00195	0.00970	2.84	96732	938	481635	3782182	39.10
1970-1979	45-49	0.00349	0.01733	2.65	95794	1660	475076	3300547	34.45
1970-1979	50-54	0.00516	0.02552	2.75	94134	2402	465255	2825471	30.02
1970-1979	55-59	0.00784	0.03851	2.65	91732	3532	450356	2360217	25.73
1970-1979	60-64	0.01196	0.05815	2.62	88199	5129	428816	1909861	21.65
1970-1979	65-69	0.01811	0.08686	2.64	83071	7215	398320	1481045	17.83
1970-1979	70-74	0.02940	0.13746	2.64	75856	10427	354647	1082725	14.27
1970-1979	75-79	0.04795	0.21499	2.6	65429	14066	293343	728078	11.13
1970-1979	80-84	0.07392	0.31317	2.56	51362	16085	217600	434735	8.46
1970-1979	85-89	0.12266	0.46720	2.45	35277	16481	134370	217135	6.16
1970-1979	90-94	0.19571	0.63883	2.28	18796	12007	61350	82765	4.40
1970-1979	95-99	0.29621	0.79107	2.06	6788	5370	18130	21415	3.15
1970-1979	100-104	0.42042	0.89508	1.79	1418	1270	3020	3285	2.32
1970-1979	105-109	0.55597	0.95079	1.54	149	141	254	266	1.78
1970-1979	110+	0.66540	1.00000	1.5	7	7	11	11	1.50
1980-1989	0	0.00755	0.00750	0.07	100000	750	99306	7902472	79.02
1980-1989	1-4	0.00036	0.00144	1.59	99250	143	396656	7803166	78.62
1980-1989	5-9	0.00016	0.00078	2.07	99107	78	495308	7406510	74.73
1980-1989	10-14	0.00018	0.00092	2.62	99029	91	494931	6911201	69.79
1980-1989	15-19	0.00050	0.00249	2.62	98938	246	494106	6416271	64.85
1980-1989	20-24	0.00044	0.00221	2.4	98692	218	492895	5922164	60.01
1980-1989	25-29	0.00040	0.00200	2.36	98474	197	491850	5429269	55.13
1980-1989	30-34	0.00055	0.00274	2.6	98277	269	490739	4937419	50.24
1980-1989	35-39	0.00083	0.00412	2.6	98008	404	489067	4446680	45.37
1980-1989	40-44	0.00150	0.00747	2.73	97604	729	486363	3957613	40.55
1980-1989	45-49	0.00235	0.01167	2.68	96874	1130	481748	3471250	35.83
1980-1989	50-54	0.00424	0.02098	2.61	95744	2009	473927	2989503	31.22
1980-1989	55-59	0.00689	0.03392	2.7	93735	3180	461355	2515575	26.84
1980-1989	60-64	0.01087	0.05300	2.65	90555	4799	441514	2054220	22.68
1980-1989	65-69	0.01647	0.07924	2.63	85756	6795	412674	1612706	18.81
1980-1989	70-74	0.02647	0.12456	2.64	78961	9835	371599	1200032	15.20
1980-1989	75-79	0.04075	0.18538	2.57	69125	12815	314493	828432	11.98
1980-1989	80-84	0.06323	0.27449	2.6	56311	15457	244438	513939	9.13
1980-1989	85-89	0.10889	0.42774	2.49	40854	17475	160475	269501	6.60
1980-1989	90-94	0.18010	0.60799	2.33	23379	14214	78923	109027	4.66
1980-1989	95-99	0.28153	0.77444	2.1	9165	7098	25211	30103	3.28
1980-1989	100-104	0.41026	0.88974	1.82	2067	1839	4483	4892	2.37
1980-1989	105-109	0.55292	0.95040	1.55	228	217	392	409	1.79
1980-1989	110+	0.66849	1.00000	1.5	11	11	17	17	1.50
1990-1999	0	0.00485	0.00483	0.07	100000	483	99549	8038878	80.39
1990-1999	1-4	0.00021	0.00083	1.62	99517	82	397871	7939329	79.78
1990-1999	5-9	0.00008	0.00040	2.55	99434	40	497074	7541458	75.84
1990-1999	10-14	0.00013	0.00065	2.9	99395	65	496837	7044384	70.87
1990-1999	15-19	0.00034	0.00170	2.72	99330	169	496265	6547547	65.92
1990-1999	20-24	0.00030	0.00152	2.68	99161	150	495458	6051282	61.02
1990-1999	25-29	0.00039	0.00197	2.45	99011	195	494556	5555824	56.11
1990-1999	30-34	0.00056	0.00281	2.6	98816	277	493415	5061267	51.22
1990-1999	35-39	0.00068	0.00341	2.74	98539	336	491932	4567852	46.36
1990-1999	40-44	0.00118	0.00590	2.7	98202	579	489680	4075920	41.51
1990-1999	45-49	0.00205	0.01020	2.7	97623	996	485828	3586240	36.74
1990-1999	50-54	0.00356	0.01765	2.77	96627	1705	479326	3100412	32.09
1990-1999	55-59	0.00597	0.02943	2.66	94922	2794	468082	2621086	27.61
1990-1999	60-64	0.00983	0.04805	2.67	92128	4427	450334	2153004	23.37
1990-1999	65-69	0.01478	0.07147	2.68	87701	6268	423955	1702670	19.41
1990-1999	70-74	0.02347	0.11115	2.63	81433	9051	385699	1278715	15.70
1990-1999	75-79	0.03736	0.17175	2.66	72382	12432	332793	893016	12.34
1990-1999	80-84	0.05926	0.25964	2.62	59950	15565	262675	560223	9.34
1990-1999	85-89	0.10488	0.41589	2.51	44385	18459	176012	297548	6.70
1990-1999	90-94	0.17777	0.60366	2.34	25925	15650	88036	121536	4.69
1990-1999	95-99	0.28340	0.77753	2.1	10275	7989	28191	33500	3.26
1990-1999	100-104	0.41846	0.89532	1.81	2286	2047	4891	5309	2.32
1990-1999	105-109	0.56747	0.95463	1.52	239	228	403	418	1.75
1990-1999	110+	0.68697	1.00000	1.46	11	11	16	16	1.46
2000-2009	0	0.00453	0.00451	0.07	100000	451	99579	8144852	81.45
2000-2009	1-4	0.00016	0.00066	1.58	99549	65	398038	8045273	80.82
2000-2009	5-9	0.00008	0.00039	2.32	99484	39	497316	7647235	76.87
2000-2009	10-14	0.00010	0.00051	2.8	99445	51	497114	7149920	71.90
2000-2009	15-19	0.00028	0.00142	2.74	99394	141	496653	6652805	66.93
2000-2009	20-24	0.00042	0.00211	2.69	99253	209	495784	6156152	62.02
2000-2009	25-29	0.00042	0.00210	2.26	99044	208	494649	5660368	57.15
2000-2009	30-34	0.00050	0.00251	2.7	98836	248	493607	5165720	52.27
2000-2009	35-39	0.00079	0.00393	2.58	98587	388	492000	4672113	47.39
2000-2009	40-44	0.00121	0.00601	2.67	98200	590	489624	4180113	42.57
2000-2009	45-49	0.00186	0.00927	2.64	97610	905	485912	3690489	37.81
2000-2009	50-54	0.00287	0.01427	2.69	96705	1380	480339	3204577	33.14
2000-2009	55-59	0.00457	0.02260	2.72	95324	2154	471719	2724238	28.58
2000-2009	60-64	0.00747	0.03670	2.69	93170	3419	457969	2252519	24.18
2000-2009	65-69	0.01247	0.06059	2.68	89751	5438	436147	1794550	19.99
2000-2009	70-74	0.02122	0.10108	2.66	84313	8522	401623	1358404	16.11
2000-2009	75-79	0.03390	0.15682	2.61	75791	11886	350596	956780	12.62
2000-2009	80-84	0.05621	0.24808	2.64	63905	15853	282056	606184	9.49
2000-2009	85-89	0.10243	0.40872	2.53	48052	19640	191733	324128	6.75
2000-2009	90-94	0.17811	0.60508	2.35	28412	17192	96520	132395	4.66
2000-2009	95-99	0.28947	0.78574	2.09	11221	8816	30458	35875	3.20
2000-2009	100-104	0.43230	0.90381	1.78	2404	2173	5026	5417	2.25
2000-2009	105-109	0.58814	0.95993	1.49	231	222	377	390	1.69
2000-2009	110+	0.71099	1.00000	1.41	9	9	13	13	1.41
2010-2019	0	0.00386	0.00385	0.06	100000	385	99640	8222750	82.23
2010-2019	1-4	0.00017	0.00068	1.61	99615	68	398298	8123111	81.54
2010-2019	5-9	0.00005	0.00027	2.62	99547	26	497673	7724813	77.60
2010-2019	10-14	0.00013	0.00064	2.9	99521	64	497469	7227140	72.62
2010-2019	15-19	0.00021	0.00105	3	99457	104	497076	6729671	67.66
2010-2019	20-24	0.00045	0.00223	2.58	99353	221	496226	6232594	62.73
2010-2019	25-29	0.00073	0.00363	2.56	99131	359	494779	5736368	57.87
2010-2019	30-34	0.00093	0.00463	2.56	98772	457	492743	5241589	53.07
2010-2019	35-39	0.00106	0.00531	2.56	98314	522	490300	4748845	48.30
2010-2019	40-44	0.00124	0.00619	2.76	97793	606	487604	4258546	43.55
2010-2019	45-49	0.00193	0.00960	2.69	97187	933	483777	3770941	38.80
2010-2019	50-54	0.00289	0.01436	2.72	96255	1382	478120	3287164	34.15
2010-2019	55-59	0.00438	0.02170	2.65	94872	2059	469524	2809044	29.61
2010-2019	60-64	0.00645	0.03178	2.66	92814	2950	457160	2339520	25.21
2010-2019	65-69	0.01018	0.04970	2.68	89864	4467	438943	1882360	20.95
2010-2019	70-74	0.01805	0.08659	2.67	85397	7394	409732	1443417	16.90
2010-2019	75-79	0.03011	0.14055	2.64	78003	10963	364153	1033685	13.25
2010-2019	80-84	0.04956	0.22208	2.66	67040	14888	300400	669533	9.99
2010-2019	85-89	0.09332	0.38009	2.56	52151	19822	212407	369132	7.08
2010-2019	90-94	0.16747	0.58235	2.39	32329	18827	112418	156725	4.85
2010-2019	95-99	0.27985	0.77481	2.12	13502	10462	37384	44307	3.28
2010-2019	100-104	0.42707	0.90159	1.8	3041	2741	6419	6923	2.28
2010-2019	105-109	0.58929	0.96052	1.49	299	287	488	504	1.69
2010-2019	110+	0.71698	1.00000	1.39	12	12	16	16	1.39
