ND: North Dakota, Lifetables (period 1x5), Males Last modified: 20 Dec 2020, MPv5 (May07) 

Year     	Age	mx	qx	ax	lx	dx	Lx	Tx	ex
1960-1964	0	0.02730	0.02666	0.12	100000	2666	97650	6873697	68.74
1960-1964	1	0.00170	0.00170	0.5	97334	165	97252	6776047	69.62
1960-1964	2	0.00115	0.00115	0.5	97169	112	97113	6678796	68.73
1960-1964	3	0.00061	0.00061	0.5	97057	59	97028	6581683	67.81
1960-1964	4	0.00079	0.00079	0.5	96998	76	96960	6484655	66.85
1960-1964	5	0.00049	0.00049	0.5	96922	47	96898	6387694	65.91
1960-1964	6	0.00073	0.00073	0.5	96875	70	96840	6290796	64.94
1960-1964	7	0.00068	0.00068	0.5	96805	66	96772	6193956	63.98
1960-1964	8	0.00056	0.00056	0.5	96739	54	96712	6097185	63.03
1960-1964	9	0.00060	0.00060	0.5	96685	58	96656	6000473	62.06
1960-1964	10	0.00053	0.00053	0.5	96627	51	96601	5903817	61.10
1960-1964	11	0.00052	0.00052	0.5	96576	50	96551	5807216	60.13
1960-1964	12	0.00062	0.00062	0.5	96526	60	96496	5710665	59.16
1960-1964	13	0.00049	0.00049	0.5	96466	47	96443	5614169	58.20
1960-1964	14	0.00092	0.00091	0.5	96419	88	96375	5517726	57.23
1960-1964	15	0.00072	0.00072	0.5	96331	70	96296	5421351	56.28
1960-1964	16	0.00150	0.00150	0.5	96261	144	96189	5325055	55.32
1960-1964	17	0.00167	0.00167	0.5	96117	161	96037	5228866	54.40
1960-1964	18	0.00164	0.00164	0.5	95956	157	95878	5132829	53.49
1960-1964	19	0.00184	0.00184	0.5	95800	177	95711	5036951	52.58
1960-1964	20	0.00212	0.00211	0.5	95623	202	95522	4941240	51.67
1960-1964	21	0.00257	0.00257	0.5	95421	245	95298	4845718	50.78
1960-1964	22	0.00174	0.00174	0.5	95176	166	95093	4750420	49.91
1960-1964	23	0.00183	0.00183	0.5	95010	174	94923	4655327	49.00
1960-1964	24	0.00171	0.00171	0.5	94836	162	94755	4560403	48.09
1960-1964	25	0.00146	0.00146	0.5	94675	138	94606	4465648	47.17
1960-1964	26	0.00228	0.00227	0.5	94537	215	94429	4371042	46.24
1960-1964	27	0.00199	0.00199	0.5	94322	188	94228	4276613	45.34
1960-1964	28	0.00193	0.00192	0.5	94134	181	94043	4182385	44.43
1960-1964	29	0.00181	0.00181	0.5	93953	170	93868	4088342	43.51
1960-1964	30	0.00163	0.00163	0.5	93782	153	93706	3994474	42.59
1960-1964	31	0.00200	0.00200	0.5	93629	187	93536	3900768	41.66
1960-1964	32	0.00220	0.00220	0.5	93442	205	93340	3807233	40.74
1960-1964	33	0.00245	0.00245	0.5	93237	228	93123	3713893	39.83
1960-1964	34	0.00189	0.00189	0.5	93009	176	92921	3620770	38.93
1960-1964	35	0.00205	0.00205	0.5	92833	190	92738	3527850	38.00
1960-1964	36	0.00141	0.00141	0.5	92643	130	92578	3435112	37.08
1960-1964	37	0.00207	0.00207	0.5	92513	192	92417	3342534	36.13
1960-1964	38	0.00219	0.00219	0.5	92321	202	92220	3250117	35.20
1960-1964	39	0.00292	0.00291	0.5	92119	268	91985	3157897	34.28
1960-1964	40	0.00344	0.00344	0.5	91851	316	91693	3065911	33.38
1960-1964	41	0.00299	0.00299	0.5	91535	274	91398	2974218	32.49
1960-1964	42	0.00412	0.00411	0.5	91262	375	91074	2882820	31.59
1960-1964	43	0.00406	0.00405	0.5	90887	368	90702	2791746	30.72
1960-1964	44	0.00451	0.00450	0.5	90518	407	90315	2701043	29.84
1960-1964	45	0.00553	0.00551	0.5	90111	497	89863	2610729	28.97
1960-1964	46	0.00546	0.00545	0.5	89614	488	89370	2520866	28.13
1960-1964	47	0.00580	0.00579	0.5	89126	516	88868	2431496	27.28
1960-1964	48	0.00589	0.00588	0.5	88610	521	88350	2342627	26.44
1960-1964	49	0.00691	0.00689	0.5	88090	607	87786	2254277	25.59
1960-1964	50	0.00748	0.00745	0.5	87483	652	87157	2166491	24.76
1960-1964	51	0.00773	0.00770	0.5	86831	669	86497	2079334	23.95
1960-1964	52	0.00870	0.00866	0.5	86162	746	85789	1992837	23.13
1960-1964	53	0.01200	0.01193	0.5	85416	1019	84907	1907048	22.33
1960-1964	54	0.01178	0.01171	0.5	84397	988	83903	1822141	21.59
1960-1964	55	0.01328	0.01320	0.5	83409	1101	82859	1738238	20.84
1960-1964	56	0.01239	0.01231	0.5	82309	1014	81802	1655379	20.11
1960-1964	57	0.01491	0.01480	0.5	81295	1204	80693	1573577	19.36
1960-1964	58	0.01499	0.01488	0.5	80091	1192	79495	1492884	18.64
1960-1964	59	0.01544	0.01532	0.5	78899	1209	78295	1413388	17.91
1960-1964	60	0.01979	0.01959	0.5	77691	1522	76930	1335093	17.18
1960-1964	61	0.02054	0.02033	0.5	76169	1549	75394	1258164	16.52
1960-1964	62	0.02188	0.02165	0.5	74620	1615	73812	1182769	15.85
1960-1964	63	0.02436	0.02407	0.5	73005	1757	72126	1108957	15.19
1960-1964	64	0.02757	0.02720	0.5	71248	1938	70279	1036831	14.55
1960-1964	65	0.02729	0.02692	0.5	69310	1866	68377	966552	13.95
1960-1964	66	0.03034	0.02988	0.5	67444	2016	66436	898175	13.32
1960-1964	67	0.03315	0.03261	0.5	65429	2133	64362	831738	12.71
1960-1964	68	0.03653	0.03587	0.5	63295	2271	62160	767376	12.12
1960-1964	69	0.04102	0.04019	0.5	61025	2453	59798	705216	11.56
1960-1964	70	0.04377	0.04284	0.5	58572	2509	57318	645418	11.02
1960-1964	71	0.04547	0.04446	0.5	56063	2492	54817	588100	10.49
1960-1964	72	0.04952	0.04832	0.5	53571	2589	52277	533283	9.95
1960-1964	73	0.05233	0.05099	0.5	50982	2600	49682	481007	9.43
1960-1964	74	0.05855	0.05689	0.5	48383	2752	47006	431324	8.91
1960-1964	75	0.07006	0.06769	0.5	45630	3089	44086	384318	8.42
1960-1964	76	0.07289	0.07033	0.5	42542	2992	41046	340232	8.00
1960-1964	77	0.07975	0.07669	0.5	39550	3033	38033	299186	7.56
1960-1964	78	0.07942	0.07639	0.5	36517	2789	35122	261153	7.15
1960-1964	79	0.08860	0.08484	0.5	33727	2861	32297	226031	6.70
1960-1964	80	0.10137	0.09648	0.5	30866	2978	29377	193735	6.28
1960-1964	81	0.11161	0.10571	0.5	27888	2948	26414	164358	5.89
1960-1964	82	0.12273	0.11563	0.5	24940	2884	23498	137944	5.53
1960-1964	83	0.13480	0.12628	0.5	22056	2785	20663	114446	5.19
1960-1964	84	0.14785	0.13767	0.5	19271	2653	17944	93782	4.87
1960-1964	85	0.16192	0.14980	0.5	16618	2489	15373	75838	4.56
1960-1964	86	0.17706	0.16266	0.5	14128	2298	12979	60465	4.28
1960-1964	87	0.19329	0.17626	0.5	11830	2085	10788	47486	4.01
1960-1964	88	0.21063	0.19056	0.5	9745	1857	8817	36698	3.77
1960-1964	89	0.22908	0.20554	0.5	7888	1621	7077	27882	3.53
1960-1964	90	0.24863	0.22114	0.5	6267	1386	5574	20804	3.32
1960-1964	91	0.26928	0.23732	0.5	4881	1158	4302	15230	3.12
1960-1964	92	0.29097	0.25401	0.5	3723	946	3250	10929	2.94
1960-1964	93	0.31366	0.27114	0.5	2777	753	2401	7679	2.77
1960-1964	94	0.33728	0.28861	0.5	2024	584	1732	5278	2.61
1960-1964	95	0.36173	0.30633	0.5	1440	441	1219	3546	2.46
1960-1964	96	0.38693	0.32421	0.5	999	324	837	2327	2.33
1960-1964	97	0.41275	0.34214	0.5	675	231	560	1490	2.21
1960-1964	98	0.43905	0.36002	0.5	444	160	364	931	2.10
1960-1964	99	0.46571	0.37775	0.5	284	107	231	566	1.99
1960-1964	100	0.49256	0.39522	0.5	177	70	142	336	1.90
1960-1964	101	0.51945	0.41235	0.5	107	44	85	194	1.81
1960-1964	102	0.54623	0.42905	0.5	63	27	49	109	1.74
1960-1964	103	0.57275	0.44524	0.5	36	16	28	60	1.67
1960-1964	104	0.59885	0.46086	0.5	20	9	15	32	1.60
1960-1964	105	0.62441	0.47585	0.5	11	5	8	17	1.54
1960-1964	106	0.64929	0.49016	0.5	6	3	4	8	1.49
1960-1964	107	0.67338	0.50377	0.5	3	1	2	4	1.45
1960-1964	108	0.69660	0.51665	0.5	1	1	1	2	1.40
1960-1964	109	0.71885	0.52879	0.5	1	0	1	1	1.37
1960-1964	110+	0.74008	1.00000	1.35	0	0	0	0	1.35
1965-1969	0	0.02255	0.02210	0.11	100000	2210	98023	6893204	68.93
1965-1969	1	0.00131	0.00131	0.5	97790	128	97726	6795181	69.49
1965-1969	2	0.00116	0.00116	0.5	97662	113	97605	6697455	68.58
1965-1969	3	0.00072	0.00072	0.5	97549	70	97513	6599850	67.66
1965-1969	4	0.00078	0.00078	0.5	97478	76	97440	6502337	66.71
1965-1969	5	0.00042	0.00042	0.5	97402	41	97382	6404896	65.76
1965-1969	6	0.00047	0.00047	0.5	97361	45	97339	6307514	64.78
1965-1969	7	0.00038	0.00038	0.5	97316	37	97297	6210176	63.81
1965-1969	8	0.00022	0.00022	0.5	97279	21	97268	6112879	62.84
1965-1969	9	0.00046	0.00046	0.5	97258	45	97235	6015610	61.85
1965-1969	10	0.00035	0.00035	0.5	97213	34	97196	5918375	60.88
1965-1969	11	0.00025	0.00025	0.5	97179	24	97167	5821179	59.90
1965-1969	12	0.00033	0.00033	0.5	97155	32	97138	5724013	58.92
1965-1969	13	0.00042	0.00042	0.5	97122	41	97102	5626874	57.94
1965-1969	14	0.00072	0.00072	0.5	97081	70	97047	5529772	56.96
1965-1969	15	0.00093	0.00092	0.5	97012	90	96967	5432726	56.00
1965-1969	16	0.00114	0.00114	0.5	96922	111	96867	5335759	55.05
1965-1969	17	0.00138	0.00138	0.5	96811	133	96745	5238892	54.11
1965-1969	18	0.00178	0.00178	0.5	96678	172	96592	5142148	53.19
1965-1969	19	0.00245	0.00245	0.5	96506	236	96388	5045556	52.28
1965-1969	20	0.00220	0.00219	0.5	96270	211	96164	4949167	51.41
1965-1969	21	0.00214	0.00213	0.5	96059	205	95956	4853003	50.52
1965-1969	22	0.00229	0.00229	0.5	95854	219	95744	4757046	49.63
1965-1969	23	0.00196	0.00196	0.5	95635	188	95541	4661302	48.74
1965-1969	24	0.00205	0.00205	0.5	95447	195	95350	4565761	47.84
1965-1969	25	0.00249	0.00249	0.5	95252	237	95133	4470412	46.93
1965-1969	26	0.00185	0.00185	0.5	95015	176	94927	4375278	46.05
1965-1969	27	0.00183	0.00182	0.5	94839	173	94753	4280351	45.13
1965-1969	28	0.00170	0.00170	0.5	94666	161	94586	4185598	44.21
1965-1969	29	0.00130	0.00130	0.5	94505	122	94444	4091013	43.29
1965-1969	30	0.00161	0.00161	0.5	94383	152	94307	3996569	42.34
1965-1969	31	0.00155	0.00155	0.5	94231	146	94158	3902262	41.41
1965-1969	32	0.00185	0.00185	0.5	94085	174	93998	3808104	40.48
1965-1969	33	0.00177	0.00177	0.5	93911	166	93828	3714106	39.55
1965-1969	34	0.00177	0.00176	0.5	93745	165	93662	3620278	38.62
1965-1969	35	0.00242	0.00242	0.5	93580	226	93466	3526616	37.69
1965-1969	36	0.00221	0.00221	0.5	93353	206	93250	3433150	36.78
1965-1969	37	0.00249	0.00248	0.5	93147	231	93031	3339900	35.86
1965-1969	38	0.00346	0.00345	0.5	92916	321	92755	3246868	34.94
1965-1969	39	0.00267	0.00267	0.5	92595	247	92471	3154113	34.06
1965-1969	40	0.00244	0.00243	0.5	92347	225	92235	3061642	33.15
1965-1969	41	0.00349	0.00349	0.5	92123	321	91962	2969407	32.23
1965-1969	42	0.00457	0.00456	0.5	91801	418	91592	2877445	31.34
1965-1969	43	0.00423	0.00422	0.5	91383	385	91190	2785853	30.49
1965-1969	44	0.00471	0.00470	0.5	90998	428	90784	2694663	29.61
1965-1969	45	0.00552	0.00550	0.5	90570	498	90321	2603879	28.75
1965-1969	46	0.00598	0.00596	0.5	90072	537	89803	2513558	27.91
1965-1969	47	0.00589	0.00587	0.5	89534	526	89272	2423755	27.07
1965-1969	48	0.00695	0.00693	0.5	89009	617	88700	2334484	26.23
1965-1969	49	0.00714	0.00712	0.5	88392	629	88077	2245784	25.41
1965-1969	50	0.00762	0.00759	0.5	87763	666	87430	2157706	24.59
1965-1969	51	0.00916	0.00912	0.5	87096	794	86699	2070277	23.77
1965-1969	52	0.01066	0.01060	0.5	86302	915	85845	1983577	22.98
1965-1969	53	0.01002	0.00997	0.5	85388	851	84962	1897732	22.22
1965-1969	54	0.01070	0.01064	0.5	84537	899	84087	1812770	21.44
1965-1969	55	0.01209	0.01202	0.5	83637	1005	83135	1728683	20.67
1965-1969	56	0.01390	0.01380	0.5	82632	1141	82062	1645549	19.91
1965-1969	57	0.01440	0.01430	0.5	81491	1165	80909	1563487	19.19
1965-1969	58	0.01531	0.01520	0.5	80326	1221	79716	1482578	18.46
1965-1969	59	0.01739	0.01724	0.5	79105	1364	78423	1402862	17.73
1965-1969	60	0.01948	0.01929	0.5	77741	1500	76991	1324439	17.04
1965-1969	61	0.02005	0.01985	0.5	76241	1514	75484	1247448	16.36
1965-1969	62	0.02304	0.02277	0.5	74728	1702	73877	1171963	15.68
1965-1969	63	0.02391	0.02363	0.5	73026	1726	72163	1098087	15.04
1965-1969	64	0.02670	0.02635	0.5	71300	1879	70361	1025923	14.39
1965-1969	65	0.02854	0.02814	0.5	69422	1953	68445	955562	13.76
1965-1969	66	0.03138	0.03089	0.5	67468	2084	66426	887117	13.15
1965-1969	67	0.03574	0.03511	0.5	65384	2296	64236	820691	12.55
1965-1969	68	0.04035	0.03955	0.5	63088	2495	61841	756455	11.99
1965-1969	69	0.03747	0.03678	0.5	60593	2229	59479	694614	11.46
1965-1969	70	0.04206	0.04120	0.5	58364	2404	57162	635135	10.88
1965-1969	71	0.04909	0.04791	0.5	55960	2681	54619	577973	10.33
1965-1969	72	0.05196	0.05064	0.5	53279	2698	51929	523354	9.82
1965-1969	73	0.05947	0.05775	0.5	50580	2921	49120	471425	9.32
1965-1969	74	0.06677	0.06461	0.5	47659	3079	46120	422305	8.86
1965-1969	75	0.06570	0.06361	0.5	44580	2836	43162	376185	8.44
1965-1969	76	0.06861	0.06633	0.5	41744	2769	40360	333023	7.98
1965-1969	77	0.07453	0.07185	0.5	38976	2801	37575	292663	7.51
1965-1969	78	0.08041	0.07731	0.5	36175	2797	34777	255088	7.05
1965-1969	79	0.09088	0.08693	0.5	33378	2902	31928	220311	6.60
1965-1969	80	0.10583	0.10051	0.5	30477	3063	28945	188383	6.18
1965-1969	81	0.11593	0.10958	0.5	27414	3004	25912	159438	5.82
1965-1969	82	0.12686	0.11929	0.5	24410	2912	22954	133526	5.47
1965-1969	83	0.13866	0.12967	0.5	21498	2788	20104	110572	5.14
1965-1969	84	0.15137	0.14072	0.5	18710	2633	17394	90468	4.84
1965-1969	85	0.16501	0.15244	0.5	16077	2451	14852	73075	4.55
1965-1969	86	0.17963	0.16483	0.5	13627	2246	12504	58223	4.27
1965-1969	87	0.19524	0.17788	0.5	11381	2024	10368	45719	4.02
1965-1969	88	0.21186	0.19157	0.5	9356	1792	8460	35351	3.78
1965-1969	89	0.22948	0.20586	0.5	7564	1557	6785	26891	3.56
1965-1969	90	0.24812	0.22073	0.5	6007	1326	5344	20105	3.35
1965-1969	91	0.26773	0.23612	0.5	4681	1105	4128	14762	3.15
1965-1969	92	0.28831	0.25198	0.5	3576	901	3125	10633	2.97
1965-1969	93	0.30980	0.26825	0.5	2675	717	2316	7508	2.81
1965-1969	94	0.33214	0.28484	0.5	1957	557	1678	5192	2.65
1965-1969	95	0.35526	0.30167	0.5	1400	422	1189	3514	2.51
1965-1969	96	0.37908	0.31868	0.5	977	311	822	2325	2.38
1965-1969	97	0.40350	0.33576	0.5	666	224	554	1504	2.26
1965-1969	98	0.42840	0.35283	0.5	442	156	364	950	2.15
1965-1969	99	0.45367	0.36979	0.5	286	106	233	585	2.04
1965-1969	100	0.47919	0.38657	0.5	180	70	146	352	1.95
1965-1969	101	0.50481	0.40307	0.5	111	45	88	206	1.86
1965-1969	102	0.53041	0.41923	0.5	66	28	52	118	1.79
1965-1969	103	0.55585	0.43496	0.5	38	17	30	66	1.71
1965-1969	104	0.58100	0.45021	0.5	22	10	17	36	1.65
1965-1969	105	0.60573	0.46492	0.5	12	6	9	19	1.59
1965-1969	106	0.62994	0.47905	0.5	6	3	5	10	1.54
1965-1969	107	0.65350	0.49256	0.5	3	2	3	5	1.49
1965-1969	108	0.67634	0.50542	0.5	2	1	1	2	1.45
1965-1969	109	0.69837	0.51762	0.5	1	0	1	1	1.41
1965-1969	110+	0.71952	1.00000	1.39	0	0	1	1	1.39
1970-1974	0	0.01664	0.01639	0.09	100000	1639	98508	6972930	69.73
1970-1974	1	0.00106	0.00106	0.5	98361	104	98309	6874422	69.89
1970-1974	2	0.00068	0.00068	0.5	98257	67	98223	6776113	68.96
1970-1974	3	0.00072	0.00072	0.5	98190	70	98155	6677890	68.01
1970-1974	4	0.00052	0.00052	0.5	98120	51	98094	6579735	67.06
1970-1974	5	0.00066	0.00066	0.5	98068	64	98036	6481641	66.09
1970-1974	6	0.00042	0.00042	0.5	98004	41	97983	6383605	65.14
1970-1974	7	0.00077	0.00077	0.5	97962	75	97925	6285622	64.16
1970-1974	8	0.00029	0.00029	0.5	97887	28	97873	6187697	63.21
1970-1974	9	0.00036	0.00036	0.5	97859	36	97841	6089824	62.23
1970-1974	10	0.00015	0.00015	0.5	97823	15	97816	5991983	61.25
1970-1974	11	0.00046	0.00046	0.5	97809	45	97786	5894167	60.26
1970-1974	12	0.00051	0.00051	0.5	97763	50	97738	5796381	59.29
1970-1974	13	0.00059	0.00059	0.5	97713	58	97685	5698643	58.32
1970-1974	14	0.00067	0.00067	0.5	97656	66	97623	5600959	57.35
1970-1974	15	0.00113	0.00113	0.5	97590	110	97535	5503336	56.39
1970-1974	16	0.00146	0.00146	0.5	97480	142	97409	5405800	55.46
1970-1974	17	0.00178	0.00177	0.5	97338	173	97251	5308392	54.54
1970-1974	18	0.00234	0.00234	0.5	97165	228	97051	5211140	53.63
1970-1974	19	0.00276	0.00276	0.5	96937	267	96804	5114089	52.76
1970-1974	20	0.00160	0.00160	0.5	96670	155	96593	5017285	51.90
1970-1974	21	0.00237	0.00237	0.5	96515	229	96401	4920693	50.98
1970-1974	22	0.00154	0.00154	0.5	96287	148	96212	4824292	50.10
1970-1974	23	0.00230	0.00230	0.5	96138	221	96028	4728079	49.18
1970-1974	24	0.00183	0.00182	0.5	95917	175	95830	4632051	48.29
1970-1974	25	0.00132	0.00132	0.5	95743	126	95679	4536221	47.38
1970-1974	26	0.00174	0.00174	0.5	95616	166	95533	4440542	46.44
1970-1974	27	0.00173	0.00173	0.5	95450	165	95368	4345009	45.52
1970-1974	28	0.00155	0.00155	0.5	95285	148	95211	4249641	44.60
1970-1974	29	0.00169	0.00168	0.5	95137	160	95057	4154430	43.67
1970-1974	30	0.00170	0.00170	0.5	94977	162	94896	4059373	42.74
1970-1974	31	0.00236	0.00236	0.5	94815	224	94703	3964478	41.81
1970-1974	32	0.00181	0.00180	0.5	94591	171	94506	3869775	40.91
1970-1974	33	0.00167	0.00167	0.5	94421	157	94342	3775269	39.98
1970-1974	34	0.00143	0.00143	0.5	94263	135	94196	3680927	39.05
1970-1974	35	0.00281	0.00281	0.5	94128	265	93996	3586731	38.10
1970-1974	36	0.00261	0.00260	0.5	93864	244	93741	3492735	37.21
1970-1974	37	0.00227	0.00226	0.5	93619	212	93513	3398994	36.31
1970-1974	38	0.00181	0.00181	0.5	93407	169	93323	3305481	35.39
1970-1974	39	0.00272	0.00272	0.5	93238	253	93112	3212158	34.45
1970-1974	40	0.00354	0.00353	0.5	92985	328	92821	3119046	33.54
1970-1974	41	0.00235	0.00235	0.5	92657	218	92548	3026225	32.66
1970-1974	42	0.00302	0.00301	0.5	92439	278	92300	2933677	31.74
1970-1974	43	0.00416	0.00415	0.5	92161	383	91969	2841377	30.83
1970-1974	44	0.00436	0.00435	0.5	91778	399	91578	2749408	29.96
1970-1974	45	0.00478	0.00477	0.5	91378	436	91160	2657830	29.09
1970-1974	46	0.00510	0.00509	0.5	90942	463	90711	2566670	28.22
1970-1974	47	0.00582	0.00580	0.5	90479	525	90217	2475959	27.36
1970-1974	48	0.00666	0.00664	0.5	89954	597	89656	2385742	26.52
1970-1974	49	0.00663	0.00660	0.5	89357	590	89062	2296086	25.70
1970-1974	50	0.00685	0.00682	0.5	88767	606	88464	2207024	24.86
1970-1974	51	0.00822	0.00818	0.5	88161	722	87801	2118560	24.03
1970-1974	52	0.00904	0.00900	0.5	87440	787	87046	2030759	23.22
1970-1974	53	0.00846	0.00842	0.5	86653	730	86288	1943713	22.43
1970-1974	54	0.01188	0.01181	0.5	85923	1015	85416	1857425	21.62
1970-1974	55	0.01124	0.01117	0.5	84908	949	84434	1772009	20.87
1970-1974	56	0.01347	0.01338	0.5	83959	1123	83398	1687576	20.10
1970-1974	57	0.01471	0.01460	0.5	82836	1210	82231	1604178	19.37
1970-1974	58	0.01472	0.01462	0.5	81626	1193	81030	1521947	18.65
1970-1974	59	0.01990	0.01971	0.5	80433	1585	79641	1440917	17.91
1970-1974	60	0.01791	0.01775	0.5	78848	1400	78149	1361276	17.26
1970-1974	61	0.02065	0.02044	0.5	77449	1583	76657	1283127	16.57
1970-1974	62	0.02290	0.02264	0.5	75866	1718	75007	1206470	15.90
1970-1974	63	0.02489	0.02459	0.5	74148	1823	73236	1131463	15.26
1970-1974	64	0.02888	0.02847	0.5	72325	2059	71295	1058226	14.63
1970-1974	65	0.02949	0.02906	0.5	70266	2042	69245	986931	14.05
1970-1974	66	0.03035	0.02990	0.5	68224	2040	67204	917686	13.45
1970-1974	67	0.03034	0.02988	0.5	66184	1978	65196	850482	12.85
1970-1974	68	0.03673	0.03606	0.5	64207	2316	63049	785286	12.23
1970-1974	69	0.03890	0.03815	0.5	61891	2361	60710	722237	11.67
1970-1974	70	0.04365	0.04272	0.5	59530	2543	58258	661527	11.11
1970-1974	71	0.04932	0.04814	0.5	56987	2743	55615	603268	10.59
1970-1974	72	0.05124	0.04996	0.5	54244	2710	52889	547653	10.10
1970-1974	73	0.05877	0.05709	0.5	51534	2942	50062	494765	9.60
1970-1974	74	0.05948	0.05777	0.5	48591	2807	47188	444702	9.15
1970-1974	75	0.06156	0.05972	0.5	45784	2734	44417	397514	8.68
1970-1974	76	0.07629	0.07349	0.5	43050	3164	41468	353097	8.20
1970-1974	77	0.07433	0.07167	0.5	39886	2859	38457	311629	7.81
1970-1974	78	0.07545	0.07271	0.5	37028	2692	35682	273172	7.38
1970-1974	79	0.09199	0.08794	0.5	34336	3020	32826	237490	6.92
1970-1974	80	0.10070	0.09588	0.5	31316	3002	29815	204664	6.54
1970-1974	81	0.10954	0.10385	0.5	28314	2940	26843	174850	6.18
1970-1974	82	0.11904	0.11235	0.5	25373	2851	23948	148006	5.83
1970-1974	83	0.12925	0.12140	0.5	22522	2734	21155	124059	5.51
1970-1974	84	0.14020	0.13101	0.5	19788	2592	18492	102903	5.20
1970-1974	85	0.15191	0.14118	0.5	17196	2428	15982	84411	4.91
1970-1974	86	0.16441	0.15192	0.5	14768	2244	13646	68430	4.63
1970-1974	87	0.17772	0.16322	0.5	12524	2044	11502	54784	4.37
1970-1974	88	0.19187	0.17508	0.5	10480	1835	9563	43282	4.13
1970-1974	89	0.20686	0.18747	0.5	8645	1621	7835	33719	3.90
1970-1974	90	0.22270	0.20038	0.5	7025	1408	6321	25884	3.68
1970-1974	91	0.23938	0.21379	0.5	5617	1201	5017	19563	3.48
1970-1974	92	0.25690	0.22766	0.5	4416	1005	3913	14547	3.29
1970-1974	93	0.27524	0.24194	0.5	3411	825	2998	10633	3.12
1970-1974	94	0.29437	0.25660	0.5	2586	663	2254	7635	2.95
1970-1974	95	0.31425	0.27158	0.5	1922	522	1661	5381	2.80
1970-1974	96	0.33484	0.28682	0.5	1400	402	1199	3720	2.66
1970-1974	97	0.35608	0.30226	0.5	999	302	848	2521	2.52
1970-1974	98	0.37789	0.31784	0.5	697	221	586	1673	2.40
1970-1974	99	0.40022	0.33348	0.5	475	158	396	1087	2.29
1970-1974	100	0.42296	0.34913	0.5	317	111	261	691	2.18
1970-1974	101	0.44604	0.36471	0.5	206	75	169	430	2.09
1970-1974	102	0.46935	0.38014	0.5	131	50	106	261	2.00
1970-1974	103	0.49280	0.39538	0.5	81	32	65	155	1.91
1970-1974	104	0.51628	0.41035	0.5	49	20	39	90	1.84
1970-1974	105	0.53969	0.42500	0.5	29	12	23	51	1.77
1970-1974	106	0.56292	0.43928	0.5	17	7	13	28	1.70
1970-1974	107	0.58588	0.45314	0.5	9	4	7	15	1.65
1970-1974	108	0.60848	0.46654	0.5	5	2	4	8	1.60
1970-1974	109	0.63061	0.47944	0.5	3	1	2	4	1.56
1970-1974	110+	0.65221	1.00000	1.53	1	1	2	2	1.53
1975-1979	0	0.01574	0.01552	0.09	100000	1552	98584	7132310	71.32
1975-1979	1	0.00105	0.00104	0.5	98448	103	98397	7033727	71.45
1975-1979	2	0.00073	0.00073	0.5	98345	72	98310	6935330	70.52
1975-1979	3	0.00074	0.00074	0.5	98274	73	98237	6837020	69.57
1975-1979	4	0.00071	0.00071	0.5	98201	69	98166	6738783	68.62
1975-1979	5	0.00035	0.00035	0.5	98131	34	98114	6640617	67.67
1975-1979	6	0.00038	0.00038	0.5	98097	37	98079	6542503	66.69
1975-1979	7	0.00030	0.00030	0.5	98060	30	98045	6444424	65.72
1975-1979	8	0.00041	0.00041	0.5	98030	41	98010	6346379	64.74
1975-1979	9	0.00030	0.00030	0.5	97990	29	97975	6248369	63.77
1975-1979	10	0.00033	0.00033	0.5	97961	32	97945	6150393	62.78
1975-1979	11	0.00039	0.00039	0.5	97929	38	97909	6052449	61.80
1975-1979	12	0.00020	0.00020	0.5	97890	20	97881	5954539	60.83
1975-1979	13	0.00041	0.00041	0.5	97871	41	97850	5856659	59.84
1975-1979	14	0.00094	0.00094	0.5	97830	92	97784	5758808	58.87
1975-1979	15	0.00082	0.00082	0.5	97738	80	97698	5661024	57.92
1975-1979	16	0.00120	0.00120	0.5	97658	117	97600	5563325	56.97
1975-1979	17	0.00111	0.00111	0.5	97542	108	97488	5465725	56.03
1975-1979	18	0.00197	0.00197	0.5	97433	192	97338	5368238	55.10
1975-1979	19	0.00196	0.00196	0.5	97242	190	97147	5270900	54.20
1975-1979	20	0.00182	0.00182	0.5	97051	177	96963	5173754	53.31
1975-1979	21	0.00195	0.00195	0.5	96875	189	96780	5076790	52.41
1975-1979	22	0.00163	0.00163	0.5	96686	157	96607	4980010	51.51
1975-1979	23	0.00179	0.00179	0.5	96529	173	96442	4883403	50.59
1975-1979	24	0.00152	0.00152	0.5	96356	147	96283	4786960	49.68
1975-1979	25	0.00161	0.00161	0.5	96209	155	96132	4690678	48.75
1975-1979	26	0.00123	0.00123	0.5	96054	119	95995	4594546	47.83
1975-1979	27	0.00122	0.00122	0.5	95936	117	95877	4498551	46.89
1975-1979	28	0.00132	0.00132	0.5	95819	126	95756	4402673	45.95
1975-1979	29	0.00186	0.00186	0.5	95693	178	95604	4306917	45.01
1975-1979	30	0.00136	0.00136	0.5	95515	130	95450	4211313	44.09
1975-1979	31	0.00137	0.00137	0.5	95385	131	95320	4115863	43.15
1975-1979	32	0.00085	0.00085	0.5	95255	81	95214	4020543	42.21
1975-1979	33	0.00183	0.00183	0.5	95173	174	95086	3925329	41.24
1975-1979	34	0.00176	0.00176	0.5	94999	167	94916	3830243	40.32
1975-1979	35	0.00154	0.00154	0.5	94833	146	94760	3735327	39.39
1975-1979	36	0.00269	0.00268	0.5	94687	254	94560	3640567	38.45
1975-1979	37	0.00243	0.00243	0.5	94433	230	94318	3546007	37.55
1975-1979	38	0.00205	0.00205	0.5	94203	193	94107	3451689	36.64
1975-1979	39	0.00221	0.00221	0.5	94010	208	93906	3357582	35.72
1975-1979	40	0.00261	0.00261	0.5	93802	245	93680	3263676	34.79
1975-1979	41	0.00228	0.00228	0.5	93558	213	93451	3169995	33.88
1975-1979	42	0.00411	0.00410	0.5	93344	382	93153	3076544	32.96
1975-1979	43	0.00319	0.00318	0.5	92962	296	92814	2983391	32.09
1975-1979	44	0.00458	0.00457	0.5	92666	423	92455	2890577	31.19
1975-1979	45	0.00357	0.00356	0.5	92243	329	92079	2798122	30.33
1975-1979	46	0.00392	0.00391	0.5	91915	360	91735	2706043	29.44
1975-1979	47	0.00513	0.00511	0.5	91555	468	91321	2614309	28.55
1975-1979	48	0.00563	0.00562	0.5	91087	512	90831	2522988	27.70
1975-1979	49	0.00678	0.00676	0.5	90575	612	90269	2432157	26.85
1975-1979	50	0.00606	0.00604	0.5	89963	543	89691	2341888	26.03
1975-1979	51	0.00703	0.00701	0.5	89420	627	89107	2252197	25.19
1975-1979	52	0.00817	0.00814	0.5	88793	723	88432	2163090	24.36
1975-1979	53	0.00869	0.00865	0.5	88070	762	87689	2074658	23.56
1975-1979	54	0.01144	0.01137	0.5	87308	993	86812	1986969	22.76
1975-1979	55	0.01115	0.01109	0.5	86316	957	85837	1900157	22.01
1975-1979	56	0.01169	0.01162	0.5	85358	992	84862	1814320	21.26
1975-1979	57	0.01191	0.01184	0.5	84366	999	83867	1729458	20.50
1975-1979	58	0.01365	0.01356	0.5	83368	1130	82803	1645591	19.74
1975-1979	59	0.01277	0.01269	0.5	82238	1043	81716	1562788	19.00
1975-1979	60	0.01560	0.01548	0.5	81194	1257	80566	1481072	18.24
1975-1979	61	0.01922	0.01904	0.5	79937	1522	79176	1400506	17.52
1975-1979	62	0.01846	0.01830	0.5	78416	1435	77698	1321330	16.85
1975-1979	63	0.02133	0.02111	0.5	76981	1625	76169	1243632	16.16
1975-1979	64	0.02247	0.02222	0.5	75356	1674	74519	1167463	15.49
1975-1979	65	0.02652	0.02617	0.5	73682	1928	72718	1092944	14.83
1975-1979	66	0.02835	0.02795	0.5	71754	2006	70751	1020226	14.22
1975-1979	67	0.02947	0.02904	0.5	69748	2025	68735	949475	13.61
1975-1979	68	0.03679	0.03612	0.5	67723	2446	66499	880740	13.01
1975-1979	69	0.03612	0.03548	0.5	65276	2316	64118	814240	12.47
1975-1979	70	0.03864	0.03791	0.5	62960	2387	61767	750122	11.91
1975-1979	71	0.04275	0.04185	0.5	60574	2535	59306	688355	11.36
1975-1979	72	0.04676	0.04569	0.5	58038	2652	56712	629049	10.84
1975-1979	73	0.04901	0.04784	0.5	55386	2650	54062	572337	10.33
1975-1979	74	0.05452	0.05307	0.5	52737	2799	51337	518275	9.83
1975-1979	75	0.05457	0.05312	0.5	49938	2653	48612	466938	9.35
1975-1979	76	0.05893	0.05725	0.5	47285	2707	45932	418326	8.85
1975-1979	77	0.06671	0.06456	0.5	44578	2878	43139	372395	8.35
1975-1979	78	0.07142	0.06896	0.5	41700	2876	40263	329255	7.90
1975-1979	79	0.08297	0.07966	0.5	38825	3093	37278	288993	7.44
1975-1979	80	0.08899	0.08520	0.5	35732	3044	34210	251714	7.04
1975-1979	81	0.09711	0.09261	0.5	32687	3027	31174	217505	6.65
1975-1979	82	0.10587	0.10055	0.5	29660	2982	28169	186331	6.28
1975-1979	83	0.11533	0.10904	0.5	26678	2909	25223	158162	5.93
1975-1979	84	0.12551	0.11810	0.5	23769	2807	22366	132938	5.59
1975-1979	85	0.13645	0.12773	0.5	20962	2678	19623	110573	5.27
1975-1979	86	0.14818	0.13796	0.5	18284	2522	17023	90950	4.97
1975-1979	87	0.16073	0.14878	0.5	15762	2345	14589	73926	4.69
1975-1979	88	0.17413	0.16019	0.5	13417	2149	12342	59337	4.42
1975-1979	89	0.18840	0.17218	0.5	11268	1940	10298	46995	4.17
1975-1979	90	0.20355	0.18475	0.5	9328	1723	8466	36697	3.93
1975-1979	91	0.21958	0.19786	0.5	7604	1505	6852	28231	3.71
1975-1979	92	0.23651	0.21150	0.5	6100	1290	5455	21379	3.50
1975-1979	93	0.25431	0.22562	0.5	4810	1085	4267	15924	3.31
1975-1979	94	0.27297	0.24019	0.5	3725	895	3277	11657	3.13
1975-1979	95	0.29247	0.25516	0.5	2830	722	2469	8380	2.96
1975-1979	96	0.31276	0.27047	0.5	2108	570	1823	5911	2.80
1975-1979	97	0.33380	0.28605	0.5	1538	440	1318	4088	2.66
1975-1979	98	0.35551	0.30186	0.5	1098	331	932	2770	2.52
1975-1979	99	0.37784	0.31780	0.5	766	244	645	1838	2.40
1975-1979	100	0.40070	0.33382	0.5	523	175	436	1193	2.28
1975-1979	101	0.42400	0.34983	0.5	348	122	287	758	2.18
1975-1979	102	0.44764	0.36577	0.5	226	83	185	470	2.08
1975-1979	103	0.47152	0.38156	0.5	144	55	116	285	1.99
1975-1979	104	0.49553	0.39714	0.5	89	35	71	169	1.90
1975-1979	105	0.51957	0.41242	0.5	54	22	43	98	1.83
1975-1979	106	0.54351	0.42737	0.5	31	13	25	55	1.76
1975-1979	107	0.56725	0.44191	0.5	18	8	14	31	1.70
1975-1979	108	0.59069	0.45601	0.5	10	5	8	17	1.64
1975-1979	109	0.61372	0.46962	0.5	5	3	4	9	1.60
1975-1979	110+	0.63626	1.00000	1.57	3	3	5	5	1.57
1980-1984	0	0.01180	0.01167	0.08	100000	1167	98922	7281745	72.82
1980-1984	1	0.00104	0.00104	0.5	98833	102	98781	7182823	72.68
1980-1984	2	0.00077	0.00077	0.5	98730	76	98692	7084042	71.75
1980-1984	3	0.00042	0.00042	0.5	98654	41	98634	6985349	70.81
1980-1984	4	0.00049	0.00049	0.5	98613	48	98589	6886716	69.84
1980-1984	5	0.00026	0.00026	0.5	98565	26	98552	6788127	68.87
1980-1984	6	0.00038	0.00038	0.5	98539	38	98520	6689575	67.89
1980-1984	7	0.00015	0.00015	0.5	98501	15	98494	6591055	66.91
1980-1984	8	0.00037	0.00037	0.5	98486	36	98468	6492561	65.92
1980-1984	9	0.00024	0.00024	0.5	98450	23	98438	6394093	64.95
1980-1984	10	0.00015	0.00015	0.5	98427	15	98419	6295655	63.96
1980-1984	11	0.00031	0.00031	0.5	98411	31	98396	6197236	62.97
1980-1984	12	0.00043	0.00043	0.5	98381	42	98360	6098840	61.99
1980-1984	13	0.00034	0.00034	0.5	98338	34	98322	6000480	61.02
1980-1984	14	0.00041	0.00041	0.5	98305	41	98285	5902158	60.04
1980-1984	15	0.00089	0.00089	0.5	98264	88	98220	5803874	59.06
1980-1984	16	0.00095	0.00095	0.5	98176	94	98130	5705654	58.12
1980-1984	17	0.00125	0.00125	0.5	98083	123	98021	5607524	57.17
1980-1984	18	0.00208	0.00208	0.5	97960	204	97858	5509503	56.24
1980-1984	19	0.00168	0.00168	0.5	97756	164	97674	5411644	55.36
1980-1984	20	0.00157	0.00157	0.5	97592	153	97516	5313970	54.45
1980-1984	21	0.00201	0.00201	0.5	97439	196	97342	5216454	53.54
1980-1984	22	0.00161	0.00161	0.5	97244	157	97165	5119113	52.64
1980-1984	23	0.00153	0.00153	0.5	97087	148	97013	5021948	51.73
1980-1984	24	0.00193	0.00192	0.5	96939	186	96845	4924935	50.80
1980-1984	25	0.00148	0.00148	0.5	96752	144	96680	4828090	49.90
1980-1984	26	0.00108	0.00108	0.5	96609	104	96557	4731409	48.98
1980-1984	27	0.00159	0.00159	0.5	96504	154	96428	4634853	48.03
1980-1984	28	0.00134	0.00134	0.5	96351	129	96286	4538425	47.10
1980-1984	29	0.00119	0.00119	0.5	96222	114	96165	4442139	46.17
1980-1984	30	0.00129	0.00129	0.5	96108	124	96046	4345974	45.22
1980-1984	31	0.00110	0.00110	0.5	95983	106	95930	4249928	44.28
1980-1984	32	0.00137	0.00137	0.5	95878	131	95812	4153998	43.33
1980-1984	33	0.00134	0.00134	0.5	95746	128	95682	4058186	42.38
1980-1984	34	0.00125	0.00125	0.5	95618	119	95558	3962504	41.44
1980-1984	35	0.00155	0.00154	0.5	95498	148	95425	3866946	40.49
1980-1984	36	0.00147	0.00147	0.5	95351	140	95281	3771521	39.55
1980-1984	37	0.00155	0.00155	0.5	95211	148	95137	3676241	38.61
1980-1984	38	0.00162	0.00162	0.5	95063	154	94986	3581104	37.67
1980-1984	39	0.00157	0.00157	0.5	94909	149	94835	3486118	36.73
1980-1984	40	0.00211	0.00211	0.5	94761	200	94661	3391283	35.79
1980-1984	41	0.00238	0.00238	0.5	94561	225	94448	3296622	34.86
1980-1984	42	0.00293	0.00293	0.5	94336	276	94198	3202174	33.94
1980-1984	43	0.00324	0.00324	0.5	94060	305	93907	3107976	33.04
1980-1984	44	0.00250	0.00249	0.5	93755	234	93638	3014069	32.15
1980-1984	45	0.00351	0.00351	0.5	93521	328	93357	2920430	31.23
1980-1984	46	0.00326	0.00326	0.5	93193	304	93041	2827073	30.34
1980-1984	47	0.00440	0.00439	0.5	92889	408	92685	2734032	29.43
1980-1984	48	0.00462	0.00461	0.5	92481	426	92268	2641346	28.56
1980-1984	49	0.00433	0.00432	0.5	92055	398	91856	2549078	27.69
1980-1984	50	0.00627	0.00625	0.5	91657	573	91371	2457222	26.81
1980-1984	51	0.00562	0.00561	0.5	91084	511	90829	2365851	25.97
1980-1984	52	0.00660	0.00658	0.5	90573	596	90275	2275023	25.12
1980-1984	53	0.00745	0.00742	0.5	89977	668	89644	2184747	24.28
1980-1984	54	0.00803	0.00799	0.5	89310	714	88953	2095104	23.46
1980-1984	55	0.00879	0.00875	0.5	88596	775	88208	2006151	22.64
1980-1984	56	0.01072	0.01066	0.5	87820	936	87352	1917943	21.84
1980-1984	57	0.01012	0.01007	0.5	86884	875	86446	1830591	21.07
1980-1984	58	0.01144	0.01137	0.5	86009	978	85520	1744144	20.28
1980-1984	59	0.01237	0.01229	0.5	85031	1045	84508	1658625	19.51
1980-1984	60	0.01505	0.01494	0.5	83985	1254	83358	1574117	18.74
1980-1984	61	0.01661	0.01647	0.5	82731	1362	82050	1490758	18.02
1980-1984	62	0.01811	0.01795	0.5	81369	1461	80638	1408709	17.31
1980-1984	63	0.02007	0.01988	0.5	79908	1588	79114	1328070	16.62
1980-1984	64	0.01986	0.01967	0.5	78320	1540	77549	1248957	15.95
1980-1984	65	0.02271	0.02245	0.5	76779	1724	75917	1171407	15.26
1980-1984	66	0.02511	0.02480	0.5	75055	1861	74125	1095490	14.60
1980-1984	67	0.02803	0.02764	0.5	73194	2023	72182	1021366	13.95
1980-1984	68	0.03119	0.03071	0.5	71171	2186	70078	949183	13.34
1980-1984	69	0.03355	0.03300	0.5	68985	2276	67847	879105	12.74
1980-1984	70	0.03720	0.03652	0.5	66709	2436	65491	811258	12.16
1980-1984	71	0.03873	0.03799	0.5	64272	2442	63051	745767	11.60
1980-1984	72	0.04009	0.03930	0.5	61830	2430	60615	682716	11.04
1980-1984	73	0.05017	0.04894	0.5	59400	2907	57947	622101	10.47
1980-1984	74	0.05289	0.05153	0.5	56493	2911	55038	564154	9.99
1980-1984	75	0.05290	0.05154	0.5	53582	2761	52201	509116	9.50
1980-1984	76	0.06134	0.05952	0.5	50821	3025	49308	456915	8.99
1980-1984	77	0.06791	0.06568	0.5	47796	3139	46226	407606	8.53
1980-1984	78	0.06810	0.06586	0.5	44657	2941	43186	361380	8.09
1980-1984	79	0.07711	0.07424	0.5	41716	3097	40167	318194	7.63
1980-1984	80	0.08367	0.08031	0.5	38619	3101	37068	278027	7.20
1980-1984	81	0.09185	0.08782	0.5	35517	3119	33958	240959	6.78
1980-1984	82	0.10075	0.09591	0.5	32398	3107	30844	207001	6.39
1980-1984	83	0.11040	0.10462	0.5	29291	3064	27758	176157	6.01
1980-1984	84	0.12085	0.11396	0.5	26226	2989	24732	148398	5.66
1980-1984	85	0.13214	0.12395	0.5	23237	2880	21797	123667	5.32
1980-1984	86	0.14431	0.13460	0.5	20357	2740	18987	101869	5.00
1980-1984	87	0.15741	0.14592	0.5	17617	2571	16332	82882	4.70
1980-1984	88	0.17145	0.15791	0.5	15046	2376	13858	66551	4.42
1980-1984	89	0.18647	0.17057	0.5	12670	2161	11590	52692	4.16
1980-1984	90	0.20248	0.18387	0.5	10509	1932	9543	41102	3.91
1980-1984	91	0.21950	0.19779	0.5	8577	1696	7729	31559	3.68
1980-1984	92	0.23752	0.21231	0.5	6880	1461	6150	23831	3.46
1980-1984	93	0.25653	0.22737	0.5	5420	1232	4804	17681	3.26
1980-1984	94	0.27652	0.24293	0.5	4187	1017	3679	12877	3.08
1980-1984	95	0.29744	0.25893	0.5	3170	821	2760	9198	2.90
1980-1984	96	0.31924	0.27530	0.5	2349	647	2026	6439	2.74
1980-1984	97	0.34186	0.29196	0.5	1703	497	1454	4413	2.59
1980-1984	98	0.36523	0.30883	0.5	1205	372	1019	2959	2.45
1980-1984	99	0.38925	0.32583	0.5	833	271	697	1939	2.33
1980-1984	100	0.41382	0.34287	0.5	562	193	465	1242	2.21
1980-1984	101	0.43882	0.35986	0.5	369	133	303	777	2.10
1980-1984	102	0.46414	0.37672	0.5	236	89	192	474	2.01
1980-1984	103	0.48965	0.39335	0.5	147	58	118	282	1.92
1980-1984	104	0.51521	0.40968	0.5	89	37	71	164	1.83
1980-1984	105	0.54069	0.42562	0.5	53	22	42	93	1.76
1980-1984	106	0.56596	0.44113	0.5	30	13	24	51	1.69
1980-1984	107	0.59089	0.45613	0.5	17	8	13	28	1.63
1980-1984	108	0.61536	0.47058	0.5	9	4	7	15	1.58
1980-1984	109	0.63927	0.48443	0.5	5	2	4	7	1.54
1980-1984	110+	0.66250	1.00000	1.51	3	3	4	4	1.51
1985-1989	0	0.00990	0.00981	0.07	100000	981	99089	7394700	73.95
1985-1989	1	0.00081	0.00081	0.5	99019	81	98979	7295611	73.68
1985-1989	2	0.00032	0.00032	0.5	98939	32	98923	7196632	72.74
1985-1989	3	0.00056	0.00056	0.5	98907	55	98879	7097709	71.76
1985-1989	4	0.00034	0.00034	0.5	98852	34	98835	6998829	70.80
1985-1989	5	0.00035	0.00035	0.5	98818	35	98801	6899994	69.83
1985-1989	6	0.00039	0.00039	0.5	98783	39	98764	6801194	68.85
1985-1989	7	0.00018	0.00018	0.5	98744	18	98736	6702430	67.88
1985-1989	8	0.00023	0.00023	0.5	98727	23	98715	6603694	66.89
1985-1989	9	0.00033	0.00033	0.5	98704	33	98688	6504979	65.90
1985-1989	10	0.00019	0.00019	0.5	98671	19	98662	6406291	64.93
1985-1989	11	0.00033	0.00033	0.5	98653	32	98637	6307629	63.94
1985-1989	12	0.00042	0.00042	0.5	98621	41	98600	6208993	62.96
1985-1989	13	0.00061	0.00061	0.5	98580	60	98549	6110393	61.98
1985-1989	14	0.00041	0.00041	0.5	98519	40	98499	6011843	61.02
1985-1989	15	0.00040	0.00040	0.5	98479	40	98459	5913344	60.05
1985-1989	16	0.00079	0.00079	0.5	98439	77	98401	5814885	59.07
1985-1989	17	0.00101	0.00101	0.5	98362	99	98313	5716484	58.12
1985-1989	18	0.00147	0.00147	0.5	98263	144	98191	5618171	57.17
1985-1989	19	0.00107	0.00107	0.5	98119	105	98066	5519980	56.26
1985-1989	20	0.00120	0.00120	0.5	98014	118	97955	5421914	55.32
1985-1989	21	0.00109	0.00109	0.5	97896	106	97843	5323959	54.38
1985-1989	22	0.00099	0.00099	0.5	97790	97	97741	5226116	53.44
1985-1989	23	0.00152	0.00152	0.5	97693	148	97619	5128375	52.49
1985-1989	24	0.00163	0.00163	0.5	97544	159	97465	5030756	51.57
1985-1989	25	0.00103	0.00103	0.5	97385	100	97335	4933291	50.66
1985-1989	26	0.00101	0.00101	0.5	97285	98	97236	4835956	49.71
1985-1989	27	0.00100	0.00100	0.5	97187	97	97139	4738719	48.76
1985-1989	28	0.00098	0.00098	0.5	97090	95	97043	4641581	47.81
1985-1989	29	0.00115	0.00115	0.5	96995	112	96939	4544538	46.85
1985-1989	30	0.00118	0.00118	0.5	96883	114	96826	4447599	45.91
1985-1989	31	0.00113	0.00113	0.5	96769	109	96715	4350772	44.96
1985-1989	32	0.00115	0.00115	0.5	96660	112	96604	4254058	44.01
1985-1989	33	0.00070	0.00070	0.5	96549	67	96515	4157454	43.06
1985-1989	34	0.00127	0.00127	0.5	96481	123	96420	4060939	42.09
1985-1989	35	0.00129	0.00129	0.5	96358	124	96296	3964519	41.14
1985-1989	36	0.00138	0.00138	0.5	96235	133	96168	3868222	40.20
1985-1989	37	0.00123	0.00123	0.5	96102	118	96043	3772054	39.25
1985-1989	38	0.00133	0.00133	0.5	95984	127	95920	3676011	38.30
1985-1989	39	0.00176	0.00176	0.5	95857	169	95772	3580091	37.35
1985-1989	40	0.00209	0.00209	0.5	95688	200	95588	3484319	36.41
1985-1989	41	0.00177	0.00176	0.5	95488	168	95404	3388731	35.49
1985-1989	42	0.00230	0.00229	0.5	95320	219	95210	3293327	34.55
1985-1989	43	0.00238	0.00237	0.5	95101	226	94988	3198116	33.63
1985-1989	44	0.00225	0.00225	0.5	94875	213	94769	3103128	32.71
1985-1989	45	0.00310	0.00309	0.5	94662	293	94516	3008359	31.78
1985-1989	46	0.00333	0.00333	0.5	94369	314	94212	2913843	30.88
1985-1989	47	0.00384	0.00383	0.5	94055	360	93875	2819631	29.98
1985-1989	48	0.00525	0.00524	0.5	93695	491	93450	2725755	29.09
1985-1989	49	0.00478	0.00477	0.5	93205	444	92982	2632305	28.24
1985-1989	50	0.00572	0.00570	0.5	92760	529	92496	2539323	27.38
1985-1989	51	0.00613	0.00611	0.5	92231	564	91949	2446827	26.53
1985-1989	52	0.00760	0.00757	0.5	91668	694	91321	2354878	25.69
1985-1989	53	0.00598	0.00596	0.5	90974	543	90703	2263557	24.88
1985-1989	54	0.00844	0.00840	0.5	90431	760	90051	2172854	24.03
1985-1989	55	0.00742	0.00739	0.5	89671	662	89340	2082803	23.23
1985-1989	56	0.00913	0.00909	0.5	89009	809	88605	1993463	22.40
1985-1989	57	0.00940	0.00936	0.5	88200	826	87787	1904858	21.60
1985-1989	58	0.01065	0.01059	0.5	87375	926	86912	1817071	20.80
1985-1989	59	0.01114	0.01108	0.5	86449	958	85970	1730159	20.01
1985-1989	60	0.01258	0.01250	0.5	85491	1069	84957	1644189	19.23
1985-1989	61	0.01618	0.01605	0.5	84423	1355	83745	1559232	18.47
1985-1989	62	0.01656	0.01642	0.5	83067	1364	82385	1475487	17.76
1985-1989	63	0.01626	0.01613	0.5	81703	1318	81044	1393101	17.05
1985-1989	64	0.01984	0.01965	0.5	80385	1579	79596	1312057	16.32
1985-1989	65	0.02125	0.02103	0.5	78806	1657	77977	1232462	15.64
1985-1989	66	0.02464	0.02434	0.5	77149	1878	76210	1154484	14.96
1985-1989	67	0.02459	0.02430	0.5	75271	1829	74357	1078274	14.33
1985-1989	68	0.02838	0.02799	0.5	73443	2055	72415	1003917	13.67
1985-1989	69	0.03023	0.02978	0.5	71387	2126	70324	931502	13.05
1985-1989	70	0.03513	0.03452	0.5	69262	2391	68066	861178	12.43
1985-1989	71	0.03676	0.03609	0.5	66871	2414	65664	793112	11.86
1985-1989	72	0.04078	0.03997	0.5	64457	2576	63169	727448	11.29
1985-1989	73	0.04520	0.04420	0.5	61881	2735	60514	664279	10.73
1985-1989	74	0.04896	0.04779	0.5	59146	2826	57733	603765	10.21
1985-1989	75	0.04831	0.04717	0.5	56320	2657	54991	546032	9.70
1985-1989	76	0.05658	0.05502	0.5	53663	2953	52187	491041	9.15
1985-1989	77	0.06629	0.06417	0.5	50710	3254	49083	438854	8.65
1985-1989	78	0.06044	0.05867	0.5	47456	2784	46064	389771	8.21
1985-1989	79	0.08423	0.08083	0.5	44672	3611	42867	343707	7.69
1985-1989	80	0.08092	0.07777	0.5	41061	3193	39465	300840	7.33
1985-1989	81	0.08895	0.08517	0.5	37868	3225	36255	261375	6.90
1985-1989	82	0.09770	0.09315	0.5	34643	3227	33029	225120	6.50
1985-1989	83	0.10721	0.10175	0.5	31416	3197	29818	192090	6.11
1985-1989	84	0.11752	0.11100	0.5	28219	3132	26653	162273	5.75
1985-1989	85	0.12868	0.12090	0.5	25087	3033	23571	135619	5.41
1985-1989	86	0.14073	0.13148	0.5	22054	2900	20604	112049	5.08
1985-1989	87	0.15371	0.14274	0.5	19154	2734	17787	91445	4.77
1985-1989	88	0.16765	0.15469	0.5	16420	2540	15150	73657	4.49
1985-1989	89	0.18259	0.16731	0.5	13880	2322	12719	58507	4.22
1985-1989	90	0.19854	0.18061	0.5	11558	2087	10514	45788	3.96
1985-1989	91	0.21551	0.19455	0.5	9470	1842	8549	35274	3.72
1985-1989	92	0.23352	0.20910	0.5	7628	1595	6830	26724	3.50
1985-1989	93	0.25254	0.22423	0.5	6033	1353	5357	19894	3.30
1985-1989	94	0.27256	0.23987	0.5	4680	1123	4119	14537	3.11
1985-1989	95	0.29355	0.25598	0.5	3558	911	3102	10418	2.93
1985-1989	96	0.31545	0.27247	0.5	2647	721	2286	7316	2.76
1985-1989	97	0.33820	0.28928	0.5	1926	557	1647	5030	2.61
1985-1989	98	0.36173	0.30633	0.5	1369	419	1159	3383	2.47
1985-1989	99	0.38594	0.32351	0.5	949	307	796	2224	2.34
1985-1989	100	0.41072	0.34075	0.5	642	219	533	1428	2.22
1985-1989	101	0.43597	0.35795	0.5	423	152	348	895	2.11
1985-1989	102	0.46156	0.37501	0.5	272	102	221	547	2.01
1985-1989	103	0.48735	0.39186	0.5	170	67	137	327	1.92
1985-1989	104	0.51320	0.40840	0.5	103	42	82	190	1.84
1985-1989	105	0.53899	0.42457	0.5	61	26	48	108	1.76
1985-1989	106	0.56457	0.44028	0.5	35	15	27	60	1.69
1985-1989	107	0.58981	0.45548	0.5	20	9	15	32	1.63
1985-1989	108	0.61458	0.47012	0.5	11	5	8	17	1.58
1985-1989	109	0.63878	0.48415	0.5	6	3	4	9	1.54
1985-1989	110+	0.66229	1.00000	1.51	3	3	4	4	1.51
1990-1994	0	0.00875	0.00868	0.07	100000	868	99192	7452716	74.53
1990-1994	1	0.00054	0.00054	0.5	99132	53	99106	7353524	74.18
1990-1994	2	0.00030	0.00030	0.5	99079	30	99064	7254419	73.22
1990-1994	3	0.00039	0.00039	0.5	99049	39	99029	7155355	72.24
1990-1994	4	0.00037	0.00037	0.5	99010	37	98991	7056326	71.27
1990-1994	5	0.00029	0.00029	0.5	98973	28	98959	6957334	70.30
1990-1994	6	0.00041	0.00041	0.5	98945	40	98924	6858376	69.32
1990-1994	7	0.00004	0.00004	0.5	98904	4	98902	6759451	68.34
1990-1994	8	0.00012	0.00012	0.5	98900	12	98895	6660549	67.35
1990-1994	9	0.00022	0.00022	0.5	98889	22	98878	6561654	66.35
1990-1994	10	0.00015	0.00015	0.5	98867	15	98859	6462776	65.37
1990-1994	11	0.00019	0.00019	0.5	98852	19	98843	6363917	64.38
1990-1994	12	0.00019	0.00019	0.5	98833	19	98824	6265074	63.39
1990-1994	13	0.00028	0.00028	0.5	98814	27	98801	6166251	62.40
1990-1994	14	0.00069	0.00069	0.5	98787	68	98753	6067450	61.42
1990-1994	15	0.00099	0.00099	0.5	98719	97	98671	5968697	60.46
1990-1994	16	0.00076	0.00076	0.5	98622	75	98584	5870026	59.52
1990-1994	17	0.00109	0.00109	0.5	98547	107	98493	5771442	58.57
1990-1994	18	0.00141	0.00141	0.5	98439	139	98370	5672949	57.63
1990-1994	19	0.00097	0.00097	0.5	98300	95	98253	5574579	56.71
1990-1994	20	0.00092	0.00092	0.5	98205	91	98160	5476326	55.76
1990-1994	21	0.00132	0.00132	0.5	98114	130	98050	5378167	54.82
1990-1994	22	0.00149	0.00149	0.5	97985	146	97912	5280117	53.89
1990-1994	23	0.00115	0.00115	0.5	97839	113	97782	5182205	52.97
1990-1994	24	0.00126	0.00126	0.5	97726	123	97664	5084423	52.03
1990-1994	25	0.00110	0.00110	0.5	97603	107	97549	4986758	51.09
1990-1994	26	0.00107	0.00107	0.5	97496	104	97444	4889209	50.15
1990-1994	27	0.00081	0.00081	0.5	97392	79	97352	4791765	49.20
1990-1994	28	0.00087	0.00087	0.5	97313	85	97270	4694413	48.24
1990-1994	29	0.00120	0.00120	0.5	97228	117	97169	4597143	47.28
1990-1994	30	0.00088	0.00087	0.5	97111	85	97069	4499973	46.34
1990-1994	31	0.00111	0.00111	0.5	97026	108	96972	4402905	45.38
1990-1994	32	0.00129	0.00129	0.5	96918	125	96856	4305933	44.43
1990-1994	33	0.00139	0.00139	0.5	96793	135	96726	4209077	43.49
1990-1994	34	0.00107	0.00107	0.5	96659	103	96607	4112351	42.55
1990-1994	35	0.00128	0.00127	0.5	96555	123	96494	4015744	41.59
1990-1994	36	0.00162	0.00162	0.5	96432	156	96354	3919250	40.64
1990-1994	37	0.00172	0.00171	0.5	96276	165	96194	3822895	39.71
1990-1994	38	0.00177	0.00177	0.5	96111	170	96026	3726702	38.77
1990-1994	39	0.00157	0.00157	0.5	95941	150	95866	3630675	37.84
1990-1994	40	0.00177	0.00176	0.5	95791	169	95707	3534809	36.90
1990-1994	41	0.00161	0.00160	0.5	95622	153	95545	3439102	35.97
1990-1994	42	0.00198	0.00197	0.5	95469	189	95374	3343557	35.02
1990-1994	43	0.00280	0.00280	0.5	95280	266	95147	3248183	34.09
1990-1994	44	0.00226	0.00226	0.5	95014	215	94906	3153036	33.19
1990-1994	45	0.00325	0.00325	0.5	94799	308	94645	3058129	32.26
1990-1994	46	0.00299	0.00298	0.5	94491	282	94350	2963484	31.36
1990-1994	47	0.00303	0.00302	0.5	94209	285	94067	2869134	30.45
1990-1994	48	0.00558	0.00557	0.5	93925	523	93663	2775067	29.55
1990-1994	49	0.00356	0.00356	0.5	93402	332	93235	2681404	28.71
1990-1994	50	0.00423	0.00423	0.5	93069	393	92873	2588168	27.81
1990-1994	51	0.00511	0.00510	0.5	92676	472	92440	2495296	26.92
1990-1994	52	0.00471	0.00470	0.5	92204	433	91987	2402856	26.06
1990-1994	53	0.00635	0.00633	0.5	91771	581	91480	2310869	25.18
1990-1994	54	0.00832	0.00828	0.5	91189	755	90812	2219389	24.34
1990-1994	55	0.00722	0.00720	0.5	90434	651	90108	2128577	23.54
1990-1994	56	0.00781	0.00778	0.5	89783	699	89434	2038469	22.70
1990-1994	57	0.00966	0.00962	0.5	89084	857	88656	1949035	21.88
1990-1994	58	0.01282	0.01274	0.5	88228	1124	87666	1860379	21.09
1990-1994	59	0.01096	0.01090	0.5	87104	949	86629	1772714	20.35
1990-1994	60	0.01139	0.01132	0.5	86154	976	85666	1686085	19.57
1990-1994	61	0.01466	0.01456	0.5	85179	1240	84559	1600418	18.79
1990-1994	62	0.01432	0.01421	0.5	83939	1193	83342	1515859	18.06
1990-1994	63	0.01785	0.01769	0.5	82746	1464	82014	1432517	17.31
1990-1994	64	0.01793	0.01777	0.5	81282	1444	80560	1350504	16.62
1990-1994	65	0.02185	0.02161	0.5	79838	1725	78975	1269944	15.91
1990-1994	66	0.02393	0.02365	0.5	78112	1847	77189	1190969	15.25
1990-1994	67	0.02663	0.02628	0.5	76265	2004	75263	1113780	14.60
1990-1994	68	0.02627	0.02593	0.5	74261	1926	73298	1038517	13.98
1990-1994	69	0.02637	0.02603	0.5	72335	1883	71394	965220	13.34
1990-1994	70	0.03251	0.03199	0.5	70452	2254	69325	893826	12.69
1990-1994	71	0.03931	0.03855	0.5	68198	2629	66884	824501	12.09
1990-1994	72	0.03468	0.03409	0.5	65569	2235	64452	757617	11.55
1990-1994	73	0.03769	0.03699	0.5	63334	2343	62163	693165	10.94
1990-1994	74	0.04524	0.04423	0.5	60991	2698	59642	631002	10.35
1990-1994	75	0.05490	0.05343	0.5	58293	3115	56736	571360	9.80
1990-1994	76	0.05179	0.05048	0.5	55179	2786	53786	514624	9.33
1990-1994	77	0.06125	0.05943	0.5	52393	3114	50836	460838	8.80
1990-1994	78	0.06104	0.05923	0.5	49279	2919	47820	410002	8.32
1990-1994	79	0.07323	0.07065	0.5	46360	3275	44723	362183	7.81
1990-1994	80	0.07710	0.07423	0.5	43085	3198	41486	317460	7.37
1990-1994	81	0.08544	0.08194	0.5	39887	3268	38253	275974	6.92
1990-1994	82	0.09459	0.09032	0.5	36619	3307	34965	237721	6.49
1990-1994	83	0.10461	0.09941	0.5	33311	3311	31656	202756	6.09
1990-1994	84	0.11556	0.10924	0.5	30000	3277	28361	171101	5.70
1990-1994	85	0.12748	0.11985	0.5	26722	3203	25121	142740	5.34
1990-1994	86	0.14045	0.13123	0.5	23520	3087	21977	117618	5.00
1990-1994	87	0.15450	0.14342	0.5	20433	2931	18968	95642	4.68
1990-1994	88	0.16967	0.15641	0.5	17503	2738	16134	76674	4.38
1990-1994	89	0.18601	0.17019	0.5	14765	2513	13509	60540	4.10
1990-1994	90	0.20354	0.18474	0.5	12252	2264	11121	47031	3.84
1990-1994	91	0.22227	0.20004	0.5	9989	1998	8990	35910	3.59
1990-1994	92	0.24220	0.21604	0.5	7991	1726	7128	26920	3.37
1990-1994	93	0.26331	0.23267	0.5	6264	1458	5536	19793	3.16
1990-1994	94	0.28556	0.24988	0.5	4807	1201	4206	14257	2.97
1990-1994	95	0.30891	0.26758	0.5	3606	965	3123	10051	2.79
1990-1994	96	0.33328	0.28567	0.5	2641	754	2264	6927	2.62
1990-1994	97	0.35857	0.30405	0.5	1886	574	1600	4664	2.47
1990-1994	98	0.38467	0.32262	0.5	1313	424	1101	3064	2.33
1990-1994	99	0.41145	0.34125	0.5	889	303	738	1963	2.21
1990-1994	100	0.43877	0.35983	0.5	586	211	480	1225	2.09
1990-1994	101	0.46647	0.37825	0.5	375	142	304	745	1.99
1990-1994	102	0.49437	0.39639	0.5	233	92	187	441	1.89
1990-1994	103	0.52231	0.41415	0.5	141	58	112	254	1.80
1990-1994	104	0.55011	0.43144	0.5	82	36	65	142	1.72
1990-1994	105	0.57760	0.44817	0.5	47	21	36	77	1.65
1990-1994	106	0.60462	0.46427	0.5	26	12	20	41	1.59
1990-1994	107	0.63102	0.47967	0.5	14	7	11	21	1.53
1990-1994	108	0.65665	0.49434	0.5	7	4	5	11	1.48
1990-1994	109	0.68140	0.50824	0.5	4	2	3	5	1.44
1990-1994	110+	0.70517	1.00000	1.42	2	2	3	3	1.42
1995-1999	0	0.00785	0.00780	0.07	100000	780	99272	7516308	75.16
1995-1999	1	0.00076	0.00076	0.5	99220	75	99183	7417036	74.75
1995-1999	2	0.00038	0.00038	0.5	99145	37	99127	7317853	73.81
1995-1999	3	0.00034	0.00034	0.5	99108	34	99091	7218727	72.84
1995-1999	4	0.00033	0.00033	0.5	99074	33	99058	7119636	71.86
1995-1999	5	0.00023	0.00023	0.5	99041	23	99030	7020578	70.89
1995-1999	6	0.00018	0.00018	0.5	99019	18	99010	6921548	69.90
1995-1999	7	0.00004	0.00004	0.5	99001	4	98999	6822539	68.91
1995-1999	8	0.00034	0.00034	0.5	98997	33	98980	6723540	67.92
1995-1999	9	0.00020	0.00020	0.5	98963	20	98953	6624560	66.94
1995-1999	10	0.00048	0.00048	0.5	98943	47	98920	6525607	65.95
1995-1999	11	0.00032	0.00032	0.5	98896	32	98880	6426687	64.98
1995-1999	12	0.00031	0.00031	0.5	98864	30	98849	6327807	64.01
1995-1999	13	0.00046	0.00046	0.5	98834	46	98811	6228958	63.02
1995-1999	14	0.00045	0.00045	0.5	98788	44	98766	6130147	62.05
1995-1999	15	0.00070	0.00070	0.5	98744	69	98709	6031381	61.08
1995-1999	16	0.00041	0.00041	0.5	98675	41	98654	5932672	60.12
1995-1999	17	0.00126	0.00126	0.5	98634	124	98572	5834017	59.15
1995-1999	18	0.00077	0.00077	0.5	98509	76	98471	5735446	58.22
1995-1999	19	0.00122	0.00122	0.5	98434	120	98373	5636974	57.27
1995-1999	20	0.00107	0.00107	0.5	98313	105	98261	5538601	56.34
1995-1999	21	0.00116	0.00116	0.5	98208	114	98151	5440340	55.40
1995-1999	22	0.00103	0.00103	0.5	98094	101	98044	5342189	54.46
1995-1999	23	0.00132	0.00132	0.5	97994	129	97929	5244145	53.52
1995-1999	24	0.00109	0.00109	0.5	97864	106	97811	5146216	52.59
1995-1999	25	0.00096	0.00096	0.5	97758	94	97711	5048405	51.64
1995-1999	26	0.00093	0.00093	0.5	97664	91	97619	4950694	50.69
1995-1999	27	0.00066	0.00066	0.5	97574	64	97542	4853075	49.74
1995-1999	28	0.00089	0.00089	0.5	97509	87	97466	4755533	48.77
1995-1999	29	0.00101	0.00101	0.5	97423	98	97374	4658067	47.81
1995-1999	30	0.00141	0.00141	0.5	97325	138	97256	4560694	46.86
1995-1999	31	0.00158	0.00158	0.5	97187	153	97110	4463438	45.93
1995-1999	32	0.00152	0.00152	0.5	97034	147	96960	4366328	45.00
1995-1999	33	0.00105	0.00105	0.5	96886	102	96836	4269368	44.07
1995-1999	34	0.00143	0.00143	0.5	96785	138	96716	4172532	43.11
1995-1999	35	0.00111	0.00111	0.5	96646	107	96593	4075817	42.17
1995-1999	36	0.00150	0.00149	0.5	96539	144	96467	3979224	41.22
1995-1999	37	0.00115	0.00115	0.5	96395	110	96340	3882757	40.28
1995-1999	38	0.00161	0.00161	0.5	96285	155	96207	3786417	39.33
1995-1999	39	0.00156	0.00156	0.5	96130	150	96055	3690210	38.39
1995-1999	40	0.00114	0.00114	0.5	95980	109	95925	3594155	37.45
1995-1999	41	0.00184	0.00184	0.5	95870	176	95782	3498230	36.49
1995-1999	42	0.00192	0.00192	0.5	95694	183	95602	3402448	35.56
1995-1999	43	0.00236	0.00236	0.5	95511	225	95398	3306846	34.62
1995-1999	44	0.00313	0.00313	0.5	95285	298	95136	3211448	33.70
1995-1999	45	0.00227	0.00227	0.5	94987	216	94879	3116312	32.81
1995-1999	46	0.00336	0.00336	0.5	94771	318	94612	3021432	31.88
1995-1999	47	0.00289	0.00289	0.5	94453	273	94317	2926820	30.99
1995-1999	48	0.00378	0.00378	0.5	94180	356	94003	2832504	30.08
1995-1999	49	0.00407	0.00406	0.5	93825	381	93634	2738501	29.19
1995-1999	50	0.00495	0.00493	0.5	93444	461	93213	2644867	28.30
1995-1999	51	0.00473	0.00472	0.5	92983	439	92763	2551654	27.44
1995-1999	52	0.00548	0.00547	0.5	92544	506	92291	2458890	26.57
1995-1999	53	0.00491	0.00490	0.5	92038	451	91812	2366600	25.71
1995-1999	54	0.00610	0.00609	0.5	91587	557	91308	2274787	24.84
1995-1999	55	0.00746	0.00744	0.5	91029	677	90691	2183479	23.99
1995-1999	56	0.00863	0.00860	0.5	90352	777	89964	2092789	23.16
1995-1999	57	0.00966	0.00961	0.5	89576	861	89145	2002825	22.36
1995-1999	58	0.01056	0.01050	0.5	88715	932	88249	1913679	21.57
1995-1999	59	0.00924	0.00920	0.5	87783	807	87379	1825431	20.79
1995-1999	60	0.01297	0.01289	0.5	86976	1121	86415	1738051	19.98
1995-1999	61	0.01276	0.01268	0.5	85855	1089	85310	1651636	19.24
1995-1999	62	0.01636	0.01622	0.5	84766	1375	84078	1566326	18.48
1995-1999	63	0.01590	0.01577	0.5	83391	1315	82733	1482248	17.77
1995-1999	64	0.01551	0.01539	0.5	82075	1263	81444	1399515	17.05
1995-1999	65	0.01843	0.01826	0.5	80812	1476	80074	1318071	16.31
1995-1999	66	0.02058	0.02037	0.5	79336	1616	78528	1237997	15.60
1995-1999	67	0.02105	0.02083	0.5	77720	1619	76911	1159469	14.92
1995-1999	68	0.02649	0.02615	0.5	76101	1990	75106	1082558	14.23
1995-1999	69	0.02824	0.02785	0.5	74111	2064	73079	1007452	13.59
1995-1999	70	0.02879	0.02838	0.5	72047	2045	71025	934373	12.97
1995-1999	71	0.02879	0.02838	0.5	70003	1987	69010	863348	12.33
1995-1999	72	0.03349	0.03294	0.5	68016	2240	66896	794338	11.68
1995-1999	73	0.03584	0.03521	0.5	65776	2316	64618	727442	11.06
1995-1999	74	0.04439	0.04343	0.5	63460	2756	62082	662824	10.44
1995-1999	75	0.04400	0.04306	0.5	60704	2614	59397	600742	9.90
1995-1999	76	0.04780	0.04668	0.5	58090	2712	56735	541345	9.32
1995-1999	77	0.05636	0.05482	0.5	55379	3036	53861	484611	8.75
1995-1999	78	0.06516	0.06310	0.5	52343	3303	50692	430750	8.23
1995-1999	79	0.07819	0.07525	0.5	49040	3690	47195	380058	7.75
1995-1999	80	0.07555	0.07280	0.5	45350	3301	43699	332863	7.34
1995-1999	81	0.08418	0.08078	0.5	42049	3397	40350	289164	6.88
1995-1999	82	0.09369	0.08950	0.5	38652	3459	36922	248814	6.44
1995-1999	83	0.10416	0.09900	0.5	35193	3484	33451	211891	6.02
1995-1999	84	0.11565	0.10933	0.5	31709	3467	29975	178441	5.63
1995-1999	85	0.12823	0.12050	0.5	28242	3403	26540	148465	5.26
1995-1999	86	0.14195	0.13254	0.5	24839	3292	23193	121925	4.91
1995-1999	87	0.15688	0.14547	0.5	21547	3134	19979	98733	4.58
1995-1999	88	0.17306	0.15928	0.5	18412	2933	16946	78753	4.28
1995-1999	89	0.19053	0.17396	0.5	15480	2693	14133	61807	3.99
1995-1999	90	0.20932	0.18949	0.5	12787	2423	11575	47674	3.73
1995-1999	91	0.22944	0.20583	0.5	10364	2133	9297	36099	3.48
1995-1999	92	0.25088	0.22292	0.5	8231	1835	7313	26801	3.26
1995-1999	93	0.27361	0.24068	0.5	6396	1539	5626	19488	3.05
1995-1999	94	0.29758	0.25904	0.5	4856	1258	4227	13862	2.85
1995-1999	95	0.32272	0.27788	0.5	3598	1000	3098	9635	2.68
1995-1999	96	0.34893	0.29710	0.5	2599	772	2213	6536	2.52
1995-1999	97	0.37609	0.31656	0.5	1827	578	1537	4324	2.37
1995-1999	98	0.40404	0.33614	0.5	1248	420	1039	2786	2.23
1995-1999	99	0.43264	0.35569	0.5	829	295	681	1748	2.11
1995-1999	100	0.46169	0.37510	0.5	534	200	434	1066	2.00
1995-1999	101	0.49100	0.39422	0.5	334	132	268	632	1.90
1995-1999	102	0.52037	0.41293	0.5	202	83	160	365	1.80
1995-1999	103	0.54961	0.43113	0.5	119	51	93	204	1.72
1995-1999	104	0.57850	0.44871	0.5	68	30	52	111	1.65
1995-1999	105	0.60687	0.46559	0.5	37	17	29	59	1.58
1995-1999	106	0.63453	0.48170	0.5	20	10	15	30	1.52
1995-1999	107	0.66134	0.49700	0.5	10	5	8	15	1.47
1995-1999	108	0.68714	0.51143	0.5	5	3	4	7	1.42
1995-1999	109	0.71184	0.52499	0.5	3	1	2	4	1.38
1995-1999	110+	0.73534	1.00000	1.36	1	1	2	2	1.36
2000-2004	0	0.00826	0.00820	0.07	100000	820	99235	7603006	76.03
2000-2004	1	0.00072	0.00072	0.5	99180	71	99145	7503770	75.66
2000-2004	2	0.00036	0.00036	0.5	99109	35	99091	7404625	74.71
2000-2004	3	0.00005	0.00005	0.5	99074	5	99071	7305534	73.74
2000-2004	4	0.00010	0.00010	0.5	99069	10	99064	7206463	72.74
2000-2004	5	0.00025	0.00025	0.5	99059	25	99046	7107399	71.75
2000-2004	6	0.00019	0.00019	0.5	99034	19	99024	7008352	70.77
2000-2004	7	0.00029	0.00029	0.5	99015	29	99001	6909328	69.78
2000-2004	8	0.00023	0.00023	0.5	98986	23	98975	6810327	68.80
2000-2004	9	0.00009	0.00009	0.5	98963	9	98958	6711353	67.82
2000-2004	10	0.00013	0.00013	0.5	98954	13	98947	6612394	66.82
2000-2004	11	0.00035	0.00035	0.5	98941	35	98923	6513447	65.83
2000-2004	12	0.00021	0.00021	0.5	98906	21	98895	6414524	64.85
2000-2004	13	0.00025	0.00025	0.5	98885	25	98873	6315628	63.87
2000-2004	14	0.00041	0.00041	0.5	98860	41	98840	6216756	62.88
2000-2004	15	0.00036	0.00036	0.5	98819	36	98801	6117916	61.91
2000-2004	16	0.00071	0.00071	0.5	98783	70	98748	6019115	60.93
2000-2004	17	0.00108	0.00108	0.5	98713	107	98660	5920366	59.98
2000-2004	18	0.00092	0.00092	0.5	98607	90	98562	5821706	59.04
2000-2004	19	0.00077	0.00077	0.5	98516	76	98479	5723144	58.09
2000-2004	20	0.00079	0.00079	0.5	98441	78	98402	5624666	57.14
2000-2004	21	0.00105	0.00105	0.5	98363	103	98311	5526264	56.18
2000-2004	22	0.00081	0.00081	0.5	98260	80	98220	5427953	55.24
2000-2004	23	0.00093	0.00093	0.5	98180	92	98134	5329732	54.29
2000-2004	24	0.00125	0.00125	0.5	98088	123	98027	5231598	53.34
2000-2004	25	0.00105	0.00105	0.5	97965	103	97914	5133571	52.40
2000-2004	26	0.00142	0.00142	0.5	97863	139	97793	5035657	51.46
2000-2004	27	0.00111	0.00111	0.5	97724	108	97670	4937864	50.53
2000-2004	28	0.00092	0.00092	0.5	97615	89	97571	4840194	49.58
2000-2004	29	0.00124	0.00124	0.5	97526	121	97466	4742623	48.63
2000-2004	30	0.00108	0.00108	0.5	97405	106	97352	4645158	47.69
2000-2004	31	0.00150	0.00150	0.5	97300	146	97227	4547805	46.74
2000-2004	32	0.00112	0.00112	0.5	97154	109	97099	4450579	45.81
2000-2004	33	0.00087	0.00087	0.5	97045	85	97002	4353480	44.86
2000-2004	34	0.00117	0.00117	0.5	96960	113	96903	4256477	43.90
2000-2004	35	0.00152	0.00152	0.5	96847	147	96773	4159574	42.95
2000-2004	36	0.00152	0.00152	0.5	96700	147	96626	4062801	42.01
2000-2004	37	0.00146	0.00146	0.5	96552	141	96482	3966175	41.08
2000-2004	38	0.00203	0.00203	0.5	96411	196	96313	3869693	40.14
2000-2004	39	0.00168	0.00168	0.5	96216	162	96135	3773380	39.22
2000-2004	40	0.00222	0.00222	0.5	96054	213	95948	3677245	38.28
2000-2004	41	0.00253	0.00253	0.5	95841	243	95720	3581297	37.37
2000-2004	42	0.00243	0.00243	0.5	95599	232	95483	3485577	36.46
2000-2004	43	0.00247	0.00247	0.5	95367	235	95249	3390094	35.55
2000-2004	44	0.00281	0.00280	0.5	95132	267	94998	3294845	34.63
2000-2004	45	0.00283	0.00283	0.5	94865	268	94731	3199847	33.73
2000-2004	46	0.00275	0.00274	0.5	94597	259	94467	3105116	32.82
2000-2004	47	0.00322	0.00322	0.5	94337	304	94186	3010649	31.91
2000-2004	48	0.00402	0.00401	0.5	94034	377	93845	2916464	31.02
2000-2004	49	0.00413	0.00412	0.5	93656	386	93463	2822618	30.14
2000-2004	50	0.00416	0.00416	0.5	93270	388	93077	2729155	29.26
2000-2004	51	0.00430	0.00429	0.5	92883	399	92683	2636079	28.38
2000-2004	52	0.00490	0.00489	0.5	92484	452	92258	2543395	27.50
2000-2004	53	0.00463	0.00462	0.5	92032	425	91819	2451137	26.63
2000-2004	54	0.00535	0.00534	0.5	91607	489	91362	2359318	25.75
2000-2004	55	0.00594	0.00593	0.5	91118	540	90848	2267956	24.89
2000-2004	56	0.00659	0.00657	0.5	90578	595	90280	2177108	24.04
2000-2004	57	0.00772	0.00769	0.5	89983	692	89637	2086828	23.19
2000-2004	58	0.00748	0.00746	0.5	89291	666	88958	1997190	22.37
2000-2004	59	0.00949	0.00944	0.5	88626	837	88207	1908232	21.53
2000-2004	60	0.01231	0.01223	0.5	87789	1074	87251	1820025	20.73
2000-2004	61	0.01065	0.01060	0.5	86714	919	86255	1732774	19.98
2000-2004	62	0.01336	0.01327	0.5	85796	1139	85226	1646519	19.19
2000-2004	63	0.01302	0.01294	0.5	84657	1095	84109	1561292	18.44
2000-2004	64	0.01608	0.01596	0.5	83561	1333	82895	1477183	17.68
2000-2004	65	0.01645	0.01632	0.5	82228	1342	81557	1394289	16.96
2000-2004	66	0.01723	0.01708	0.5	80886	1381	80195	1312731	16.23
2000-2004	67	0.02163	0.02140	0.5	79505	1701	78654	1232536	15.50
2000-2004	68	0.02221	0.02197	0.5	77803	1709	76949	1153882	14.83
2000-2004	69	0.02423	0.02394	0.5	76094	1822	75183	1076933	14.15
2000-2004	70	0.02615	0.02581	0.5	74273	1917	73314	1001750	13.49
2000-2004	71	0.02664	0.02629	0.5	72355	1902	71404	928436	12.83
2000-2004	72	0.03199	0.03148	0.5	70453	2218	69344	857031	12.16
2000-2004	73	0.03815	0.03744	0.5	68235	2555	66958	787687	11.54
2000-2004	74	0.04152	0.04067	0.5	65681	2672	64345	720729	10.97
2000-2004	75	0.04128	0.04044	0.5	63009	2548	61735	656384	10.42
2000-2004	76	0.04244	0.04156	0.5	60461	2513	59204	594650	9.84
2000-2004	77	0.04860	0.04745	0.5	57948	2749	56573	535445	9.24
2000-2004	78	0.05927	0.05757	0.5	55199	3178	53610	478872	8.68
2000-2004	79	0.05808	0.05644	0.5	52021	2936	50553	425262	8.17
2000-2004	80	0.06838	0.06612	0.5	49085	3245	47462	374709	7.63
2000-2004	81	0.07674	0.07391	0.5	45839	3388	44145	327247	7.14
2000-2004	82	0.08603	0.08248	0.5	42451	3502	40701	283102	6.67
2000-2004	83	0.09633	0.09190	0.5	38950	3580	37160	242401	6.22
2000-2004	84	0.10771	0.10221	0.5	35370	3615	33563	205241	5.80
2000-2004	85	0.12026	0.11344	0.5	31755	3602	29954	171678	5.41
2000-2004	86	0.13405	0.12563	0.5	28153	3537	26384	141724	5.03
2000-2004	87	0.14916	0.13881	0.5	24616	3417	22907	115340	4.69
2000-2004	88	0.16564	0.15297	0.5	21199	3243	19578	92432	4.36
2000-2004	89	0.18355	0.16812	0.5	17956	3019	16447	72855	4.06
2000-2004	90	0.20293	0.18424	0.5	14937	2752	13561	56408	3.78
2000-2004	91	0.22379	0.20127	0.5	12185	2453	10959	42847	3.52
2000-2004	92	0.24614	0.21916	0.5	9733	2133	8666	31888	3.28
2000-2004	93	0.26994	0.23784	0.5	7600	1807	6696	23221	3.06
2000-2004	94	0.29514	0.25718	0.5	5792	1490	5047	16526	2.85
2000-2004	95	0.32165	0.27709	0.5	4303	1192	3706	11478	2.67
2000-2004	96	0.34937	0.29741	0.5	3110	925	2648	7772	2.50
2000-2004	97	0.37814	0.31801	0.5	2185	695	1838	5124	2.34
2000-2004	98	0.40780	0.33873	0.5	1490	505	1238	3286	2.20
2000-2004	99	0.43815	0.35941	0.5	986	354	808	2048	2.08
2000-2004	100	0.46896	0.37989	0.5	631	240	511	1240	1.96
2000-2004	101	0.50001	0.40001	0.5	391	157	313	728	1.86
2000-2004	102	0.53107	0.41964	0.5	235	99	186	415	1.77
2000-2004	103	0.56188	0.43865	0.5	136	60	106	230	1.68
2000-2004	104	0.59223	0.45693	0.5	77	35	59	123	1.61
2000-2004	105	0.62189	0.47438	0.5	42	20	32	64	1.54
2000-2004	106	0.65066	0.49094	0.5	22	11	16	32	1.48
2000-2004	107	0.67838	0.50656	0.5	11	6	8	16	1.43
2000-2004	108	0.70489	0.52120	0.5	5	3	4	8	1.39
2000-2004	109	0.73009	0.53485	0.5	3	1	2	4	1.35
2000-2004	110+	0.75389	1.00000	1.33	1	1	2	2	1.33
2005-2009	0	0.00643	0.00639	0.06	100000	639	99401	7679723	76.80
2005-2009	1	0.00037	0.00037	0.5	99361	37	99342	7580322	76.29
2005-2009	2	0.00019	0.00019	0.5	99324	19	99315	7480980	75.32
2005-2009	3	0.00029	0.00029	0.5	99305	29	99291	7381665	74.33
2005-2009	4	0.00025	0.00025	0.5	99276	25	99264	7282375	73.35
2005-2009	5	0.00005	0.00005	0.5	99251	5	99249	7183111	72.37
2005-2009	6	0.00015	0.00015	0.5	99246	15	99239	7083863	71.38
2005-2009	7	0.00021	0.00021	0.5	99231	20	99221	6984624	70.39
2005-2009	8	0.00020	0.00020	0.5	99211	20	99201	6885403	69.40
2005-2009	9	0.00015	0.00015	0.5	99190	15	99183	6786202	68.42
2005-2009	10	0.00005	0.00005	0.5	99176	5	99173	6687019	67.43
2005-2009	11	0.00005	0.00005	0.5	99171	5	99168	6587846	66.43
2005-2009	12	0.00009	0.00009	0.5	99166	9	99161	6488678	65.43
2005-2009	13	0.00018	0.00018	0.5	99157	18	99148	6389516	64.44
2005-2009	14	0.00055	0.00055	0.5	99138	54	99111	6290369	63.45
2005-2009	15	0.00067	0.00067	0.5	99084	67	99051	6191258	62.48
2005-2009	16	0.00073	0.00073	0.5	99017	72	98981	6092207	61.53
2005-2009	17	0.00093	0.00093	0.5	98945	92	98899	5993226	60.57
2005-2009	18	0.00130	0.00130	0.5	98853	129	98788	5894327	59.63
2005-2009	19	0.00107	0.00107	0.5	98724	105	98671	5795539	58.70
2005-2009	20	0.00073	0.00073	0.5	98619	72	98582	5696867	57.77
2005-2009	21	0.00099	0.00099	0.5	98546	97	98498	5598285	56.81
2005-2009	22	0.00100	0.00100	0.5	98449	98	98400	5499788	55.86
2005-2009	23	0.00104	0.00104	0.5	98351	102	98300	5401388	54.92
2005-2009	24	0.00147	0.00147	0.5	98248	144	98176	5303088	53.98
2005-2009	25	0.00147	0.00147	0.5	98104	144	98032	5204912	53.05
2005-2009	26	0.00159	0.00159	0.5	97960	155	97883	5106879	52.13
2005-2009	27	0.00165	0.00165	0.5	97805	161	97724	5008997	51.21
2005-2009	28	0.00146	0.00146	0.5	97644	143	97572	4911272	50.30
2005-2009	29	0.00151	0.00151	0.5	97501	147	97427	4813700	49.37
2005-2009	30	0.00134	0.00134	0.5	97354	130	97289	4716272	48.44
2005-2009	31	0.00124	0.00124	0.5	97224	121	97163	4618984	47.51
2005-2009	32	0.00126	0.00126	0.5	97103	122	97042	4521820	46.57
2005-2009	33	0.00148	0.00148	0.5	96981	143	96909	4424778	45.63
2005-2009	34	0.00113	0.00113	0.5	96838	110	96783	4327869	44.69
2005-2009	35	0.00127	0.00127	0.5	96728	122	96667	4231087	43.74
2005-2009	36	0.00118	0.00118	0.5	96605	114	96548	4134420	42.80
2005-2009	37	0.00152	0.00152	0.5	96491	147	96418	4037872	41.85
2005-2009	38	0.00171	0.00171	0.5	96344	165	96262	3941454	40.91
2005-2009	39	0.00182	0.00182	0.5	96180	175	96092	3845192	39.98
2005-2009	40	0.00196	0.00196	0.5	96005	188	95911	3749099	39.05
2005-2009	41	0.00225	0.00224	0.5	95817	215	95709	3653188	38.13
2005-2009	42	0.00250	0.00249	0.5	95602	238	95483	3557479	37.21
2005-2009	43	0.00293	0.00292	0.5	95363	279	95224	3461996	36.30
2005-2009	44	0.00299	0.00299	0.5	95085	284	94943	3366772	35.41
2005-2009	45	0.00368	0.00367	0.5	94801	348	94627	3271829	34.51
2005-2009	46	0.00336	0.00335	0.5	94453	317	94294	3177203	33.64
2005-2009	47	0.00298	0.00298	0.5	94136	280	93996	3082909	32.75
2005-2009	48	0.00329	0.00328	0.5	93856	308	93702	2988913	31.85
2005-2009	49	0.00421	0.00421	0.5	93547	393	93351	2895211	30.95
2005-2009	50	0.00462	0.00460	0.5	93154	429	92940	2801860	30.08
2005-2009	51	0.00390	0.00389	0.5	92725	361	92545	2708921	29.21
2005-2009	52	0.00492	0.00490	0.5	92364	453	92138	2616376	28.33
2005-2009	53	0.00556	0.00554	0.5	91911	509	91657	2524238	27.46
2005-2009	54	0.00608	0.00606	0.5	91402	554	91125	2432582	26.61
2005-2009	55	0.00614	0.00613	0.5	90848	557	90569	2341457	25.77
2005-2009	56	0.00749	0.00746	0.5	90291	674	89954	2250887	24.93
2005-2009	57	0.00681	0.00678	0.5	89617	608	89313	2160933	24.11
2005-2009	58	0.00751	0.00748	0.5	89009	666	88676	2071620	23.27
2005-2009	59	0.00812	0.00809	0.5	88343	714	87986	1982943	22.45
2005-2009	60	0.00907	0.00903	0.5	87629	791	87233	1894957	21.62
2005-2009	61	0.01131	0.01125	0.5	86838	977	86349	1807723	20.82
2005-2009	62	0.01093	0.01087	0.5	85861	934	85394	1721374	20.05
2005-2009	63	0.01196	0.01189	0.5	84927	1010	84422	1635980	19.26
2005-2009	64	0.01334	0.01325	0.5	83918	1112	83362	1551557	18.49
2005-2009	65	0.01435	0.01424	0.5	82806	1180	82216	1468196	17.73
2005-2009	66	0.01602	0.01589	0.5	81626	1297	80978	1385979	16.98
2005-2009	67	0.01766	0.01751	0.5	80329	1406	79626	1305002	16.25
2005-2009	68	0.02199	0.02175	0.5	78923	1717	78065	1225375	15.53
2005-2009	69	0.02248	0.02223	0.5	77207	1716	76348	1147310	14.86
2005-2009	70	0.02295	0.02269	0.5	75490	1713	74634	1070962	14.19
2005-2009	71	0.02444	0.02415	0.5	73777	1781	72886	996328	13.50
2005-2009	72	0.03023	0.02978	0.5	71996	2144	70923	923442	12.83
2005-2009	73	0.03114	0.03067	0.5	69851	2142	68780	852519	12.20
2005-2009	74	0.03470	0.03411	0.5	67709	2310	66554	783738	11.58
2005-2009	75	0.03693	0.03626	0.5	65400	2371	64214	717184	10.97
2005-2009	76	0.03923	0.03847	0.5	63028	2425	61816	652970	10.36
2005-2009	77	0.04635	0.04530	0.5	60604	2745	59231	591154	9.75
2005-2009	78	0.04768	0.04657	0.5	57858	2695	56511	531923	9.19
2005-2009	79	0.05794	0.05631	0.5	55164	3106	53610	475412	8.62
2005-2009	80	0.05987	0.05813	0.5	52057	3026	50544	421802	8.10
2005-2009	81	0.06761	0.06540	0.5	49031	3206	47428	371257	7.57
2005-2009	82	0.07626	0.07346	0.5	45825	3366	44142	323830	7.07
2005-2009	83	0.08591	0.08237	0.5	42459	3497	40710	279688	6.59
2005-2009	84	0.09666	0.09220	0.5	38961	3592	37165	238978	6.13
2005-2009	85	0.10859	0.10300	0.5	35369	3643	33547	201813	5.71
2005-2009	86	0.12180	0.11481	0.5	31726	3642	29905	168266	5.30
2005-2009	87	0.13637	0.12767	0.5	28083	3585	26291	138361	4.93
2005-2009	88	0.15238	0.14159	0.5	24498	3469	22764	112070	4.57
2005-2009	89	0.16990	0.15660	0.5	21029	3293	19383	89307	4.25
2005-2009	90	0.18899	0.17267	0.5	17736	3062	16205	69924	3.94
2005-2009	91	0.20967	0.18978	0.5	14674	2785	13281	53719	3.66
2005-2009	92	0.23198	0.20787	0.5	11889	2471	10653	40438	3.40
2005-2009	93	0.25588	0.22686	0.5	9418	2136	8349	29784	3.16
2005-2009	94	0.28135	0.24665	0.5	7281	1796	6383	21435	2.94
2005-2009	95	0.30831	0.26713	0.5	5485	1465	4753	15052	2.74
2005-2009	96	0.33663	0.28814	0.5	4020	1158	3441	10299	2.56
2005-2009	97	0.36619	0.30952	0.5	2862	886	2419	6858	2.40
2005-2009	98	0.39678	0.33109	0.5	1976	654	1649	4439	2.25
2005-2009	99	0.42820	0.35269	0.5	1322	466	1089	2791	2.11
2005-2009	100	0.46022	0.37413	0.5	856	320	696	1702	1.99
2005-2009	101	0.49256	0.39523	0.5	535	212	430	1006	1.88
2005-2009	102	0.52497	0.41582	0.5	324	135	257	577	1.78
2005-2009	103	0.55717	0.43577	0.5	189	82	148	320	1.69
2005-2009	104	0.58889	0.45494	0.5	107	49	82	172	1.61
2005-2009	105	0.61990	0.47322	0.5	58	28	44	90	1.54
2005-2009	106	0.64995	0.49054	0.5	31	15	23	45	1.48
2005-2009	107	0.67886	0.50683	0.5	16	8	12	22	1.43
2005-2009	108	0.70646	0.52205	0.5	8	4	6	11	1.38
2005-2009	109	0.73262	0.53620	0.5	4	2	3	5	1.34
2005-2009	110+	0.75725	1.00000	1.32	2	2	2	2	1.32
2010-2014	0	0.00675	0.00671	0.06	100000	671	99371	7701189	77.01
2010-2014	1	0.00069	0.00069	0.5	99329	69	99295	7601817	76.53
2010-2014	2	0.00025	0.00025	0.5	99260	25	99248	7502523	75.58
2010-2014	3	0.00017	0.00017	0.5	99236	16	99228	7403275	74.60
2010-2014	4	0.00034	0.00034	0.5	99219	33	99203	7304047	73.62
2010-2014	5	0.00017	0.00017	0.5	99186	17	99178	7204844	72.64
2010-2014	6	0.00013	0.00013	0.5	99169	13	99163	7105667	71.65
2010-2014	7	0.00004	0.00004	0.5	99157	4	99154	7006504	70.66
2010-2014	8	0.00023	0.00023	0.5	99152	22	99141	6907349	69.66
2010-2014	9	0.00009	0.00009	0.5	99130	9	99125	6808208	68.68
2010-2014	10	0.00014	0.00014	0.5	99121	14	99114	6709083	67.69
2010-2014	11	0.00005	0.00005	0.5	99107	5	99104	6609970	66.70
2010-2014	12	0.00014	0.00014	0.5	99102	14	99095	6510866	65.70
2010-2014	13	0.00019	0.00019	0.5	99088	19	99078	6411771	64.71
2010-2014	14	0.00000	0.00000	0.5	99069	0	99069	6312693	63.72
2010-2014	15	0.00075	0.00075	0.5	99069	74	99032	6213624	62.72
2010-2014	16	0.00069	0.00069	0.5	98994	69	98960	6114592	61.77
2010-2014	17	0.00109	0.00109	0.5	98926	108	98872	6015632	60.81
2010-2014	18	0.00100	0.00100	0.5	98818	99	98769	5916760	59.88
2010-2014	19	0.00108	0.00108	0.5	98719	107	98666	5817991	58.93
2010-2014	20	0.00098	0.00098	0.5	98612	96	98564	5719325	58.00
2010-2014	21	0.00136	0.00136	0.5	98516	134	98449	5620761	57.05
2010-2014	22	0.00107	0.00107	0.5	98383	106	98330	5522312	56.13
2010-2014	23	0.00144	0.00144	0.5	98277	142	98206	5423982	55.19
2010-2014	24	0.00143	0.00143	0.5	98135	140	98065	5325776	54.27
2010-2014	25	0.00095	0.00095	0.5	97995	93	97949	5227711	53.35
2010-2014	26	0.00125	0.00125	0.5	97902	122	97841	5129762	52.40
2010-2014	27	0.00111	0.00111	0.5	97780	109	97726	5031921	51.46
2010-2014	28	0.00173	0.00173	0.5	97671	169	97587	4934195	50.52
2010-2014	29	0.00120	0.00120	0.5	97503	117	97444	4836608	49.60
2010-2014	30	0.00150	0.00150	0.5	97386	146	97313	4739164	48.66
2010-2014	31	0.00098	0.00098	0.5	97240	95	97193	4641851	47.74
2010-2014	32	0.00125	0.00124	0.5	97145	121	97085	4544659	46.78
2010-2014	33	0.00207	0.00206	0.5	97024	200	96924	4447574	45.84
2010-2014	34	0.00182	0.00182	0.5	96824	176	96736	4350650	44.93
2010-2014	35	0.00168	0.00168	0.5	96648	162	96567	4253914	44.01
2010-2014	36	0.00175	0.00175	0.5	96486	169	96401	4157347	43.09
2010-2014	37	0.00172	0.00172	0.5	96317	165	96234	4060946	42.16
2010-2014	38	0.00180	0.00179	0.5	96152	173	96065	3964712	41.23
2010-2014	39	0.00209	0.00208	0.5	95979	200	95879	3868646	40.31
2010-2014	40	0.00266	0.00266	0.5	95779	254	95652	3772767	39.39
2010-2014	41	0.00250	0.00249	0.5	95525	238	95406	3677115	38.49
2010-2014	42	0.00203	0.00203	0.5	95287	194	95190	3581709	37.59
2010-2014	43	0.00331	0.00331	0.5	95093	315	94936	3486520	36.66
2010-2014	44	0.00309	0.00308	0.5	94779	292	94632	3391584	35.78
2010-2014	45	0.00289	0.00289	0.5	94486	273	94350	3296952	34.89
2010-2014	46	0.00314	0.00314	0.5	94214	296	94066	3202602	33.99
2010-2014	47	0.00457	0.00456	0.5	93918	428	93704	3108536	33.10
2010-2014	48	0.00344	0.00343	0.5	93490	321	93330	3014832	32.25
2010-2014	49	0.00464	0.00462	0.5	93169	431	92954	2921502	31.36
2010-2014	50	0.00469	0.00468	0.5	92739	434	92522	2828548	30.50
2010-2014	51	0.00442	0.00441	0.5	92305	407	92101	2736027	29.64
2010-2014	52	0.00627	0.00625	0.5	91897	574	91610	2643925	28.77
2010-2014	53	0.00554	0.00552	0.5	91323	504	91071	2552315	27.95
2010-2014	54	0.00646	0.00644	0.5	90819	585	90526	2461244	27.10
2010-2014	55	0.00647	0.00645	0.5	90234	582	89943	2370718	26.27
2010-2014	56	0.00727	0.00724	0.5	89652	649	89327	2280775	25.44
2010-2014	57	0.00710	0.00707	0.5	89003	630	88688	2191448	24.62
2010-2014	58	0.00824	0.00820	0.5	88373	725	88011	2102760	23.79
2010-2014	59	0.00905	0.00901	0.5	87648	789	87254	2014749	22.99
2010-2014	60	0.00887	0.00883	0.5	86859	767	86475	1927496	22.19
2010-2014	61	0.00981	0.00977	0.5	86092	841	85671	1841020	21.38
2010-2014	62	0.01108	0.01102	0.5	85251	940	84781	1755349	20.59
2010-2014	63	0.01222	0.01214	0.5	84311	1024	83799	1670568	19.81
2010-2014	64	0.01316	0.01307	0.5	83287	1089	82743	1586769	19.05
2010-2014	65	0.01303	0.01295	0.5	82199	1064	81667	1504025	18.30
2010-2014	66	0.01438	0.01427	0.5	81135	1158	80555	1422359	17.53
2010-2014	67	0.01838	0.01821	0.5	79976	1457	79248	1341803	16.78
2010-2014	68	0.01892	0.01874	0.5	78520	1472	77784	1262555	16.08
2010-2014	69	0.02180	0.02156	0.5	77048	1661	76217	1184771	15.38
2010-2014	70	0.02449	0.02419	0.5	75387	1824	74475	1108554	14.70
2010-2014	71	0.01923	0.01904	0.5	73563	1401	72863	1034079	14.06
2010-2014	72	0.02454	0.02425	0.5	72162	1750	71287	961216	13.32
2010-2014	73	0.03024	0.02979	0.5	70412	2098	69364	889929	12.64
2010-2014	74	0.03135	0.03087	0.5	68315	2109	67260	820566	12.01
2010-2014	75	0.03539	0.03477	0.5	66206	2302	65055	753305	11.38
2010-2014	76	0.03879	0.03805	0.5	63904	2431	62688	688250	10.77
2010-2014	77	0.04211	0.04124	0.5	61473	2535	60205	625562	10.18
2010-2014	78	0.04859	0.04744	0.5	58937	2796	57540	565357	9.59
2010-2014	79	0.05354	0.05215	0.5	56142	2928	54678	507817	9.05
2010-2014	80	0.05372	0.05232	0.5	53214	2784	51822	453139	8.52
2010-2014	81	0.06089	0.05909	0.5	50430	2980	48940	401317	7.96
2010-2014	82	0.06894	0.06665	0.5	47450	3162	45869	352377	7.43
2010-2014	83	0.07797	0.07505	0.5	44288	3324	42626	306508	6.92
2010-2014	84	0.08808	0.08436	0.5	40964	3456	39236	263883	6.44
2010-2014	85	0.09935	0.09464	0.5	37508	3550	35733	224647	5.99
2010-2014	86	0.11188	0.10595	0.5	33958	3598	32159	188913	5.56
2010-2014	87	0.12577	0.11833	0.5	30360	3593	28564	156754	5.16
2010-2014	88	0.14112	0.13182	0.5	26768	3529	25003	128190	4.79
2010-2014	89	0.15800	0.14643	0.5	23239	3403	21538	103187	4.44
2010-2014	90	0.17649	0.16218	0.5	19836	3217	18228	81649	4.12
2010-2014	91	0.19663	0.17903	0.5	16619	2975	15132	63422	3.82
2010-2014	92	0.21846	0.19695	0.5	13644	2687	12300	48290	3.54
2010-2014	93	0.24198	0.21587	0.5	10957	2365	9774	35990	3.28
2010-2014	94	0.26718	0.23569	0.5	8592	2025	7579	26215	3.05
2010-2014	95	0.29397	0.25630	0.5	6567	1683	5725	18636	2.84
2010-2014	96	0.32228	0.27755	0.5	4884	1355	4206	12911	2.64
2010-2014	97	0.35195	0.29928	0.5	3528	1056	3000	8705	2.47
2010-2014	98	0.38281	0.32131	0.5	2472	794	2075	5705	2.31
2010-2014	99	0.41464	0.34344	0.5	1678	576	1390	3630	2.16
2010-2014	100	0.44720	0.36548	0.5	1102	403	900	2240	2.03
2010-2014	101	0.48023	0.38724	0.5	699	271	564	1340	1.92
2010-2014	102	0.51342	0.40854	0.5	428	175	341	776	1.81
2010-2014	103	0.54650	0.42922	0.5	253	109	199	436	1.72
2010-2014	104	0.57917	0.44911	0.5	145	65	112	237	1.64
2010-2014	105	0.61116	0.46812	0.5	80	37	61	124	1.56
2010-2014	106	0.64223	0.48613	0.5	42	21	32	63	1.50
2010-2014	107	0.67214	0.50307	0.5	22	11	16	31	1.44
2010-2014	108	0.70072	0.51891	0.5	11	6	8	15	1.39
2010-2014	109	0.72781	0.53362	0.5	5	3	4	7	1.35
2010-2014	110+	0.75332	1.00000	1.33	2	2	3	3	1.33
2015-2019	0	0.00669	0.00665	0.06	100000	665	99377	7713022	77.13
2015-2019	1	0.00014	0.00014	0.5	99335	14	99328	7613646	76.65
2015-2019	2	0.00025	0.00025	0.5	99321	25	99308	7514318	75.66
2015-2019	3	0.00011	0.00011	0.5	99296	11	99290	7415010	74.68
2015-2019	4	0.00019	0.00019	0.5	99285	18	99276	7315720	73.68
2015-2019	5	0.00015	0.00015	0.5	99266	15	99259	7216444	72.70
2015-2019	6	0.00027	0.00027	0.5	99251	27	99238	7117185	71.71
2015-2019	7	0.00008	0.00008	0.5	99224	8	99220	7017948	70.73
2015-2019	8	0.00020	0.00020	0.5	99216	20	99207	6918727	69.73
2015-2019	9	0.00028	0.00028	0.5	99197	28	99183	6819521	68.75
2015-2019	10	0.00016	0.00016	0.5	99169	16	99161	6720338	67.77
2015-2019	11	0.00016	0.00016	0.5	99153	16	99145	6621176	66.78
2015-2019	12	0.00021	0.00021	0.5	99137	21	99127	6522031	65.79
2015-2019	13	0.00026	0.00026	0.5	99117	26	99104	6422904	64.80
2015-2019	14	0.00027	0.00026	0.5	99091	26	99078	6323800	63.82
2015-2019	15	0.00031	0.00031	0.5	99065	31	99049	6224722	62.83
2015-2019	16	0.00077	0.00077	0.5	99034	76	98996	6125673	61.85
2015-2019	17	0.00076	0.00076	0.5	98957	75	98920	6026678	60.90
2015-2019	18	0.00086	0.00086	0.5	98882	85	98839	5927758	59.95
2015-2019	19	0.00082	0.00082	0.5	98797	81	98756	5828918	59.00
2015-2019	20	0.00099	0.00099	0.5	98716	98	98667	5730162	58.05
2015-2019	21	0.00093	0.00092	0.5	98618	91	98572	5631495	57.10
2015-2019	22	0.00110	0.00110	0.5	98527	109	98472	5532923	56.16
2015-2019	23	0.00119	0.00119	0.5	98418	117	98360	5434450	55.22
2015-2019	24	0.00140	0.00140	0.5	98301	137	98232	5336091	54.28
2015-2019	25	0.00117	0.00117	0.5	98163	115	98106	5237859	53.36
2015-2019	26	0.00130	0.00130	0.5	98048	127	97985	5139753	52.42
2015-2019	27	0.00130	0.00130	0.5	97921	128	97857	5041768	51.49
2015-2019	28	0.00147	0.00147	0.5	97793	143	97722	4943911	50.55
2015-2019	29	0.00177	0.00177	0.5	97650	172	97564	4846189	49.63
2015-2019	30	0.00203	0.00203	0.5	97478	198	97379	4748625	48.72
2015-2019	31	0.00221	0.00221	0.5	97280	215	97173	4651247	47.81
2015-2019	32	0.00220	0.00219	0.5	97065	213	96959	4554074	46.92
2015-2019	33	0.00194	0.00194	0.5	96852	187	96759	4457115	46.02
2015-2019	34	0.00170	0.00170	0.5	96665	164	96583	4360356	45.11
2015-2019	35	0.00177	0.00177	0.5	96500	171	96415	4263774	44.18
2015-2019	36	0.00179	0.00179	0.5	96329	172	96243	4167359	43.26
2015-2019	37	0.00275	0.00275	0.5	96157	264	96025	4071115	42.34
2015-2019	38	0.00267	0.00267	0.5	95893	256	95765	3975090	41.45
2015-2019	39	0.00177	0.00177	0.5	95637	169	95552	3879325	40.56
2015-2019	40	0.00239	0.00239	0.5	95468	228	95353	3783773	39.63
2015-2019	41	0.00249	0.00249	0.5	95239	237	95121	3688420	38.73
2015-2019	42	0.00261	0.00261	0.5	95002	248	94878	3593299	37.82
2015-2019	43	0.00301	0.00301	0.5	94754	285	94612	3498421	36.92
2015-2019	44	0.00291	0.00290	0.5	94469	274	94332	3403809	36.03
2015-2019	45	0.00318	0.00318	0.5	94195	299	94045	3309478	35.13
2015-2019	46	0.00277	0.00276	0.5	93895	259	93766	3215432	34.24
2015-2019	47	0.00365	0.00364	0.5	93636	341	93466	3121667	33.34
2015-2019	48	0.00483	0.00482	0.5	93295	449	93070	3028201	32.46
2015-2019	49	0.00416	0.00415	0.5	92846	385	92653	2935131	31.61
2015-2019	50	0.00476	0.00475	0.5	92461	439	92241	2842478	30.74
2015-2019	51	0.00463	0.00462	0.5	92021	425	91809	2750237	29.89
2015-2019	52	0.00459	0.00458	0.5	91596	420	91386	2658428	29.02
2015-2019	53	0.00586	0.00584	0.5	91177	533	90910	2567042	28.15
2015-2019	54	0.00642	0.00640	0.5	90644	580	90354	2476131	27.32
2015-2019	55	0.00720	0.00718	0.5	90064	646	89741	2385777	26.49
2015-2019	56	0.00775	0.00772	0.5	89418	690	89073	2296036	25.68
2015-2019	57	0.00858	0.00854	0.5	88728	758	88349	2206963	24.87
2015-2019	58	0.00846	0.00843	0.5	87970	742	87599	2118615	24.08
2015-2019	59	0.00951	0.00946	0.5	87228	825	86816	2031016	23.28
2015-2019	60	0.00995	0.00990	0.5	86403	855	85975	1944200	22.50
2015-2019	61	0.01029	0.01024	0.5	85548	876	85110	1858225	21.72
2015-2019	62	0.01196	0.01189	0.5	84672	1007	84168	1773115	20.94
2015-2019	63	0.01259	0.01251	0.5	83665	1047	83142	1688947	20.19
2015-2019	64	0.01340	0.01331	0.5	82619	1100	82069	1605805	19.44
2015-2019	65	0.01465	0.01455	0.5	81519	1186	80926	1523736	18.69
2015-2019	66	0.01550	0.01538	0.5	80333	1235	79715	1442810	17.96
2015-2019	67	0.01627	0.01614	0.5	79098	1277	78459	1363095	17.23
2015-2019	68	0.01771	0.01756	0.5	77821	1366	77138	1284635	16.51
2015-2019	69	0.01935	0.01917	0.5	76455	1466	75722	1207497	15.79
2015-2019	70	0.02098	0.02077	0.5	74989	1557	74211	1131775	15.09
2015-2019	71	0.02360	0.02333	0.5	73432	1713	72576	1057565	14.40
2015-2019	72	0.02616	0.02582	0.5	71719	1852	70793	984989	13.73
2015-2019	73	0.02941	0.02898	0.5	69867	2025	68855	914196	13.08
2015-2019	74	0.03208	0.03157	0.5	67842	2142	66771	845341	12.46
2015-2019	75	0.03409	0.03352	0.5	65700	2202	64599	778570	11.85
2015-2019	76	0.03572	0.03509	0.5	63498	2228	62384	713971	11.24
2015-2019	77	0.04015	0.03936	0.5	61269	2412	60064	651587	10.63
2015-2019	78	0.04529	0.04429	0.5	58858	2607	57554	591524	10.05
2015-2019	79	0.05065	0.04940	0.5	56251	2779	54862	533969	9.49
2015-2019	80	0.04829	0.04715	0.5	53472	2521	52212	479108	8.96
2015-2019	81	0.05487	0.05340	0.5	50951	2721	49590	426896	8.38
2015-2019	82	0.06228	0.06040	0.5	48230	2913	46774	377306	7.82
2015-2019	83	0.07061	0.06820	0.5	45317	3091	43772	330532	7.29
2015-2019	84	0.07997	0.07689	0.5	42226	3247	40603	286761	6.79
2015-2019	85	0.09045	0.08653	0.5	38979	3373	37293	246158	6.32
2015-2019	86	0.10214	0.09718	0.5	35606	3460	33876	208865	5.87
2015-2019	87	0.11516	0.10889	0.5	32146	3500	30396	174989	5.44
2015-2019	88	0.12959	0.12171	0.5	28646	3486	26903	144593	5.05
2015-2019	89	0.14554	0.13567	0.5	25159	3413	23453	117690	4.68
2015-2019	90	0.16309	0.15079	0.5	21746	3279	20106	94237	4.33
2015-2019	91	0.18229	0.16707	0.5	18467	3085	16924	74131	4.01
2015-2019	92	0.20321	0.18447	0.5	15382	2837	13963	57206	3.72
2015-2019	93	0.22587	0.20295	0.5	12544	2546	11271	43243	3.45
2015-2019	94	0.25026	0.22243	0.5	9998	2224	8886	31972	3.20
2015-2019	95	0.27634	0.24280	0.5	7774	1888	6831	23086	2.97
2015-2019	96	0.30404	0.26392	0.5	5887	1554	5110	16255	2.76
2015-2019	97	0.33324	0.28565	0.5	4333	1238	3714	11145	2.57
2015-2019	98	0.36378	0.30779	0.5	3095	953	2619	7431	2.40
2015-2019	99	0.39545	0.33017	0.5	2143	707	1789	4812	2.25
2015-2019	100	0.42803	0.35257	0.5	1435	506	1182	3023	2.11
2015-2019	101	0.46124	0.37480	0.5	929	348	755	1840	1.98
2015-2019	102	0.49480	0.39667	0.5	581	230	466	1085	1.87
2015-2019	103	0.52841	0.41798	0.5	350	146	277	620	1.77
2015-2019	104	0.56176	0.43858	0.5	204	89	159	342	1.68
2015-2019	105	0.59457	0.45832	0.5	115	52	88	183	1.60
2015-2019	106	0.62655	0.47709	0.5	62	30	47	95	1.53
2015-2019	107	0.65746	0.49480	0.5	32	16	24	48	1.47
2015-2019	108	0.68709	0.51140	0.5	16	8	12	23	1.42
2015-2019	109	0.71527	0.52685	0.5	8	4	6	11	1.37
2015-2019	110+	0.74186	1.00000	1.35	4	4	5	5	1.35
