SD: South Dakota, Lifetables (period 1x5), Males Last modified: 20 Dec 2020, MPv5 (May07) 

Year     	Age	mx	qx	ax	lx	dx	Lx	Tx	ex
1960-1964	0	0.02956	0.02882	0.12	100000	2882	97477	6752155	67.52
1960-1964	1	0.00162	0.00162	0.5	97118	157	97040	6654678	68.52
1960-1964	2	0.00130	0.00130	0.5	96962	126	96899	6557638	67.63
1960-1964	3	0.00094	0.00094	0.5	96836	91	96790	6460739	66.72
1960-1964	4	0.00078	0.00078	0.5	96744	75	96707	6363949	65.78
1960-1964	5	0.00054	0.00054	0.5	96669	52	96643	6267242	64.83
1960-1964	6	0.00064	0.00064	0.5	96617	62	96586	6170599	63.87
1960-1964	7	0.00054	0.00054	0.5	96556	52	96529	6074013	62.91
1960-1964	8	0.00067	0.00067	0.5	96503	65	96471	5977483	61.94
1960-1964	9	0.00054	0.00054	0.5	96438	52	96412	5881012	60.98
1960-1964	10	0.00055	0.00055	0.5	96387	53	96360	5784600	60.01
1960-1964	11	0.00068	0.00068	0.5	96333	65	96301	5688240	59.05
1960-1964	12	0.00073	0.00073	0.5	96268	70	96233	5591939	58.09
1960-1964	13	0.00099	0.00099	0.5	96198	95	96150	5495707	57.13
1960-1964	14	0.00080	0.00079	0.5	96103	76	96064	5399556	56.19
1960-1964	15	0.00148	0.00148	0.5	96026	142	95955	5303492	55.23
1960-1964	16	0.00190	0.00190	0.5	95884	182	95793	5207537	54.31
1960-1964	17	0.00158	0.00158	0.5	95702	151	95627	5111744	53.41
1960-1964	18	0.00193	0.00193	0.5	95551	184	95459	5016118	52.50
1960-1964	19	0.00215	0.00214	0.5	95367	205	95265	4920658	51.60
1960-1964	20	0.00325	0.00324	0.5	95163	309	95008	4825393	50.71
1960-1964	21	0.00276	0.00276	0.5	94854	261	94723	4730385	49.87
1960-1964	22	0.00291	0.00290	0.5	94593	275	94455	4635662	49.01
1960-1964	23	0.00265	0.00264	0.5	94318	249	94193	4541206	48.15
1960-1964	24	0.00276	0.00276	0.5	94069	259	93939	4447013	47.27
1960-1964	25	0.00192	0.00191	0.5	93809	180	93720	4353074	46.40
1960-1964	26	0.00261	0.00260	0.5	93630	244	93508	4259354	45.49
1960-1964	27	0.00294	0.00294	0.5	93386	274	93249	4165846	44.61
1960-1964	28	0.00177	0.00176	0.5	93112	164	93030	4072597	43.74
1960-1964	29	0.00287	0.00286	0.5	92947	266	92814	3979568	42.82
1960-1964	30	0.00235	0.00234	0.5	92681	217	92573	3886753	41.94
1960-1964	31	0.00203	0.00202	0.5	92464	187	92370	3794181	41.03
1960-1964	32	0.00287	0.00287	0.5	92277	265	92145	3701810	40.12
1960-1964	33	0.00282	0.00282	0.5	92012	259	91883	3609666	39.23
1960-1964	34	0.00187	0.00186	0.5	91753	171	91667	3517783	38.34
1960-1964	35	0.00253	0.00252	0.5	91582	231	91466	3426116	37.41
1960-1964	36	0.00265	0.00265	0.5	91351	242	91230	3334650	36.50
1960-1964	37	0.00304	0.00304	0.5	91109	277	90970	3243420	35.60
1960-1964	38	0.00279	0.00279	0.5	90832	253	90705	3152449	34.71
1960-1964	39	0.00379	0.00378	0.5	90579	342	90407	3061744	33.80
1960-1964	40	0.00317	0.00317	0.5	90236	286	90093	2971337	32.93
1960-1964	41	0.00388	0.00387	0.5	89950	348	89776	2881244	32.03
1960-1964	42	0.00374	0.00374	0.5	89602	335	89435	2791467	31.15
1960-1964	43	0.00415	0.00414	0.5	89268	369	89083	2702032	30.27
1960-1964	44	0.00446	0.00445	0.5	88898	396	88700	2612949	29.39
1960-1964	45	0.00415	0.00414	0.5	88503	366	88320	2524249	28.52
1960-1964	46	0.00495	0.00493	0.5	88136	435	87919	2435929	27.64
1960-1964	47	0.00547	0.00546	0.5	87701	479	87462	2348010	26.77
1960-1964	48	0.00734	0.00731	0.5	87223	638	86904	2260548	25.92
1960-1964	49	0.00751	0.00748	0.5	86585	647	86261	2173645	25.10
1960-1964	50	0.00827	0.00823	0.5	85938	707	85584	2087383	24.29
1960-1964	51	0.00973	0.00968	0.5	85230	825	84817	2001799	23.49
1960-1964	52	0.01092	0.01086	0.5	84405	917	83946	1916982	22.71
1960-1964	53	0.01080	0.01074	0.5	83488	896	83040	1833036	21.96
1960-1964	54	0.01204	0.01197	0.5	82591	989	82097	1749996	21.19
1960-1964	55	0.01479	0.01468	0.5	81602	1198	81004	1667899	20.44
1960-1964	56	0.01544	0.01532	0.5	80405	1232	79789	1586896	19.74
1960-1964	57	0.01487	0.01476	0.5	79173	1169	78588	1507107	19.04
1960-1964	58	0.01661	0.01647	0.5	78004	1285	77362	1428519	18.31
1960-1964	59	0.01909	0.01891	0.5	76719	1451	75994	1351157	17.61
1960-1964	60	0.02006	0.01986	0.5	75268	1495	74521	1275163	16.94
1960-1964	61	0.01933	0.01914	0.5	73774	1412	73068	1200642	16.27
1960-1964	62	0.02362	0.02335	0.5	72362	1690	71517	1127575	15.58
1960-1964	63	0.02687	0.02651	0.5	70672	1874	69735	1056058	14.94
1960-1964	64	0.02793	0.02755	0.5	68798	1895	67851	986323	14.34
1960-1964	65	0.02962	0.02918	0.5	66903	1952	65927	918472	13.73
1960-1964	66	0.03264	0.03211	0.5	64951	2086	63908	852545	13.13
1960-1964	67	0.03235	0.03183	0.5	62865	2001	61865	788637	12.54
1960-1964	68	0.04050	0.03970	0.5	60864	2416	59656	726772	11.94
1960-1964	69	0.03979	0.03902	0.5	58448	2280	57307	667116	11.41
1960-1964	70	0.04433	0.04337	0.5	56167	2436	54949	609809	10.86
1960-1964	71	0.04461	0.04364	0.5	53731	2345	52559	554860	10.33
1960-1964	72	0.05272	0.05136	0.5	51386	2639	50067	502301	9.77
1960-1964	73	0.05892	0.05724	0.5	48747	2790	47352	452234	9.28
1960-1964	74	0.06024	0.05848	0.5	45957	2687	44613	404882	8.81
1960-1964	75	0.06941	0.06708	0.5	43269	2903	41818	360269	8.33
1960-1964	76	0.07463	0.07194	0.5	40367	2904	38915	318450	7.89
1960-1964	77	0.08000	0.07692	0.5	37463	2882	36022	279536	7.46
1960-1964	78	0.08090	0.07776	0.5	34581	2689	33237	243514	7.04
1960-1964	79	0.09985	0.09510	0.5	31892	3033	30376	210277	6.59
1960-1964	80	0.10333	0.09825	0.5	28859	2836	27441	179902	6.23
1960-1964	81	0.11351	0.10742	0.5	26024	2795	24626	152460	5.86
1960-1964	82	0.12456	0.11726	0.5	23228	2724	21866	127834	5.50
1960-1964	83	0.13651	0.12779	0.5	20505	2620	19194	105968	5.17
1960-1964	84	0.14942	0.13903	0.5	17884	2486	16641	86773	4.85
1960-1964	85	0.16331	0.15099	0.5	15398	2325	14235	70132	4.55
1960-1964	86	0.17823	0.16365	0.5	13073	2139	12003	55897	4.28
1960-1964	87	0.19420	0.17701	0.5	10934	1935	9966	43894	4.01
1960-1964	88	0.21122	0.19105	0.5	8998	1719	8139	33928	3.77
1960-1964	89	0.22932	0.20573	0.5	7279	1498	6530	25789	3.54
1960-1964	90	0.24847	0.22101	0.5	5782	1278	5143	19258	3.33
1960-1964	91	0.26867	0.23685	0.5	4504	1067	3970	14116	3.13
1960-1964	92	0.28988	0.25318	0.5	3437	870	3002	10145	2.95
1960-1964	93	0.31204	0.26993	0.5	2567	693	2220	7143	2.78
1960-1964	94	0.33510	0.28701	0.5	1874	538	1605	4923	2.63
1960-1964	95	0.35898	0.30435	0.5	1336	407	1133	3318	2.48
1960-1964	96	0.38357	0.32185	0.5	929	299	780	2185	2.35
1960-1964	97	0.40878	0.33941	0.5	630	214	523	1405	2.23
1960-1964	98	0.43448	0.35694	0.5	416	149	342	882	2.12
1960-1964	99	0.46053	0.37433	0.5	268	100	218	540	2.01
1960-1964	100	0.48680	0.39151	0.5	168	66	135	322	1.92
1960-1964	101	0.51314	0.40837	0.5	102	42	81	187	1.84
1960-1964	102	0.53941	0.42483	0.5	60	26	48	106	1.76
1960-1964	103	0.56547	0.44083	0.5	35	15	27	59	1.69
1960-1964	104	0.59116	0.45629	0.5	19	9	15	31	1.62
1960-1964	105	0.61637	0.47116	0.5	11	5	8	16	1.56
1960-1964	106	0.64097	0.48540	0.5	6	3	4	8	1.51
1960-1964	107	0.66485	0.49897	0.5	3	1	2	4	1.46
1960-1964	108	0.68791	0.51185	0.5	1	1	1	2	1.42
1960-1964	109	0.71008	0.52403	0.5	1	0	1	1	1.39
1960-1964	110+	0.73129	1.00000	1.37	0	0	0	0	1.37
1965-1969	0	0.02368	0.02319	0.11	100000	2319	97932	6851935	68.52
1965-1969	1	0.00155	0.00155	0.5	97681	152	97605	6754003	69.14
1965-1969	2	0.00154	0.00153	0.5	97529	150	97454	6656398	68.25
1965-1969	3	0.00082	0.00082	0.5	97379	79	97340	6558944	67.35
1965-1969	4	0.00068	0.00068	0.5	97300	66	97267	6461604	66.41
1965-1969	5	0.00058	0.00058	0.5	97234	56	97206	6364337	65.45
1965-1969	6	0.00049	0.00049	0.5	97178	48	97154	6267131	64.49
1965-1969	7	0.00067	0.00067	0.5	97130	65	97097	6169977	63.52
1965-1969	8	0.00034	0.00034	0.5	97064	33	97048	6072880	62.57
1965-1969	9	0.00033	0.00033	0.5	97032	32	97016	5975832	61.59
1965-1969	10	0.00044	0.00044	0.5	96999	42	96978	5878817	60.61
1965-1969	11	0.00041	0.00041	0.5	96957	40	96937	5781838	59.63
1965-1969	12	0.00062	0.00062	0.5	96917	60	96887	5684901	58.66
1965-1969	13	0.00066	0.00066	0.5	96857	64	96825	5588014	57.69
1965-1969	14	0.00086	0.00086	0.5	96793	84	96751	5491189	56.73
1965-1969	15	0.00110	0.00110	0.5	96710	106	96657	5394438	55.78
1965-1969	16	0.00168	0.00168	0.5	96604	162	96522	5297781	54.84
1965-1969	17	0.00246	0.00246	0.5	96441	237	96323	5201259	53.93
1965-1969	18	0.00203	0.00203	0.5	96204	195	96107	5104936	53.06
1965-1969	19	0.00237	0.00236	0.5	96009	227	95896	5008830	52.17
1965-1969	20	0.00232	0.00232	0.5	95782	222	95671	4912934	51.29
1965-1969	21	0.00224	0.00223	0.5	95560	213	95454	4817263	50.41
1965-1969	22	0.00293	0.00293	0.5	95347	279	95208	4721809	49.52
1965-1969	23	0.00272	0.00272	0.5	95068	258	94939	4626601	48.67
1965-1969	24	0.00227	0.00227	0.5	94810	215	94702	4531662	47.80
1965-1969	25	0.00221	0.00221	0.5	94595	209	94490	4436960	46.90
1965-1969	26	0.00143	0.00143	0.5	94386	135	94318	4342470	46.01
1965-1969	27	0.00179	0.00178	0.5	94251	168	94167	4248152	45.07
1965-1969	28	0.00222	0.00222	0.5	94083	208	93978	4153985	44.15
1965-1969	29	0.00256	0.00255	0.5	93874	240	93754	4060006	43.25
1965-1969	30	0.00172	0.00171	0.5	93635	160	93554	3966252	42.36
1965-1969	31	0.00203	0.00203	0.5	93474	189	93379	3872698	41.43
1965-1969	32	0.00220	0.00219	0.5	93285	205	93182	3779318	40.51
1965-1969	33	0.00181	0.00181	0.5	93080	168	92996	3686136	39.60
1965-1969	34	0.00186	0.00185	0.5	92912	172	92826	3593140	38.67
1965-1969	35	0.00176	0.00176	0.5	92740	164	92658	3500314	37.74
1965-1969	36	0.00275	0.00274	0.5	92576	254	92449	3407656	36.81
1965-1969	37	0.00234	0.00234	0.5	92322	216	92214	3315207	35.91
1965-1969	38	0.00301	0.00300	0.5	92106	277	91968	3222993	34.99
1965-1969	39	0.00274	0.00274	0.5	91829	251	91704	3131026	34.10
1965-1969	40	0.00339	0.00338	0.5	91578	310	91423	3039322	33.19
1965-1969	41	0.00362	0.00362	0.5	91268	330	91103	2947899	32.30
1965-1969	42	0.00367	0.00366	0.5	90938	333	90772	2856796	31.41
1965-1969	43	0.00413	0.00412	0.5	90605	374	90418	2766024	30.53
1965-1969	44	0.00419	0.00418	0.5	90232	377	90043	2675605	29.65
1965-1969	45	0.00425	0.00424	0.5	89855	381	89664	2585562	28.77
1965-1969	46	0.00600	0.00598	0.5	89474	535	89206	2495898	27.90
1965-1969	47	0.00610	0.00608	0.5	88939	541	88668	2406692	27.06
1965-1969	48	0.00727	0.00724	0.5	88398	640	88078	2318023	26.22
1965-1969	49	0.00748	0.00746	0.5	87758	654	87431	2229945	25.41
1965-1969	50	0.00665	0.00662	0.5	87103	577	86815	2142515	24.60
1965-1969	51	0.00962	0.00957	0.5	86526	828	86112	2055700	23.76
1965-1969	52	0.01072	0.01066	0.5	85698	914	85241	1969588	22.98
1965-1969	53	0.00902	0.00898	0.5	84785	762	84404	1884346	22.23
1965-1969	54	0.01214	0.01207	0.5	84023	1014	83516	1799942	21.42
1965-1969	55	0.01194	0.01187	0.5	83009	985	82516	1716427	20.68
1965-1969	56	0.01333	0.01324	0.5	82024	1086	81481	1633910	19.92
1965-1969	57	0.01536	0.01524	0.5	80938	1233	80321	1552430	19.18
1965-1969	58	0.01518	0.01507	0.5	79704	1201	79104	1472109	18.47
1965-1969	59	0.01825	0.01809	0.5	78503	1420	77794	1393005	17.74
1965-1969	60	0.01804	0.01788	0.5	77084	1378	76395	1315211	17.06
1965-1969	61	0.02119	0.02097	0.5	75706	1587	74912	1238816	16.36
1965-1969	62	0.02280	0.02254	0.5	74118	1671	73283	1163904	15.70
1965-1969	63	0.02660	0.02625	0.5	72447	1901	71497	1090622	15.05
1965-1969	64	0.02592	0.02559	0.5	70546	1805	69643	1019125	14.45
1965-1969	65	0.03029	0.02983	0.5	68741	2051	67715	949482	13.81
1965-1969	66	0.03125	0.03077	0.5	66690	2052	65664	881766	13.22
1965-1969	67	0.03360	0.03305	0.5	64638	2136	63570	816102	12.63
1965-1969	68	0.03599	0.03535	0.5	62502	2210	61397	752532	12.04
1965-1969	69	0.03866	0.03792	0.5	60292	2287	59149	691135	11.46
1965-1969	70	0.04199	0.04113	0.5	58006	2386	56813	631986	10.90
1965-1969	71	0.04716	0.04608	0.5	55620	2563	54339	575174	10.34
1965-1969	72	0.05206	0.05074	0.5	53057	2692	51711	520835	9.82
1965-1969	73	0.05631	0.05477	0.5	50365	2759	48986	469124	9.31
1965-1969	74	0.06172	0.05987	0.5	47607	2850	46182	420138	8.83
1965-1969	75	0.06939	0.06706	0.5	44756	3001	43256	373956	8.36
1965-1969	76	0.07401	0.07137	0.5	41755	2980	40265	330701	7.92
1965-1969	77	0.08035	0.07725	0.5	38775	2995	37277	290436	7.49
1965-1969	78	0.08730	0.08365	0.5	35779	2993	34283	253158	7.08
1965-1969	79	0.09303	0.08890	0.5	32786	2915	31329	218875	6.68
1965-1969	80	0.10488	0.09966	0.5	29872	2977	28383	187546	6.28
1965-1969	81	0.11453	0.10832	0.5	26895	2913	25438	159163	5.92
1965-1969	82	0.12493	0.11759	0.5	23982	2820	22572	133725	5.58
1965-1969	83	0.13614	0.12746	0.5	21162	2697	19813	111153	5.25
1965-1969	84	0.14818	0.13796	0.5	18464	2547	17191	91340	4.95
1965-1969	85	0.16109	0.14908	0.5	15917	2373	14731	74149	4.66
1965-1969	86	0.17489	0.16083	0.5	13544	2178	12455	59419	4.39
1965-1969	87	0.18961	0.17319	0.5	11366	1968	10382	46964	4.13
1965-1969	88	0.20525	0.18615	0.5	9397	1749	8523	36582	3.89
1965-1969	89	0.22184	0.19969	0.5	7648	1527	6884	28059	3.67
1965-1969	90	0.23936	0.21377	0.5	6121	1308	5467	21175	3.46
1965-1969	91	0.25781	0.22837	0.5	4812	1099	4263	15708	3.26
1965-1969	92	0.27716	0.24342	0.5	3713	904	3261	11445	3.08
1965-1969	93	0.29738	0.25888	0.5	2809	727	2446	8184	2.91
1965-1969	94	0.31842	0.27469	0.5	2082	572	1796	5738	2.76
1965-1969	95	0.34024	0.29077	0.5	1510	439	1291	3942	2.61
1965-1969	96	0.36275	0.30706	0.5	1071	329	907	2651	2.48
1965-1969	97	0.38588	0.32347	0.5	742	240	622	1745	2.35
1965-1969	98	0.40954	0.33993	0.5	502	171	417	1123	2.24
1965-1969	99	0.43363	0.35636	0.5	331	118	272	706	2.13
1965-1969	100	0.45803	0.37268	0.5	213	79	174	433	2.03
1965-1969	101	0.48264	0.38881	0.5	134	52	108	260	1.94
1965-1969	102	0.50733	0.40468	0.5	82	33	65	152	1.86
1965-1969	103	0.53198	0.42021	0.5	49	20	38	87	1.78
1965-1969	104	0.55648	0.43535	0.5	28	12	22	48	1.72
1965-1969	105	0.58071	0.45004	0.5	16	7	12	26	1.65
1965-1969	106	0.60456	0.46423	0.5	9	4	7	14	1.60
1965-1969	107	0.62791	0.47788	0.5	5	2	4	7	1.54
1965-1969	108	0.65069	0.49096	0.5	2	1	2	4	1.50
1965-1969	109	0.67280	0.50344	0.5	1	1	1	2	1.46
1965-1969	110+	0.69416	1.00000	1.44	1	1	1	1	1.44
1970-1974	0	0.02148	0.02108	0.1	100000	2108	98109	6875683	68.76
1970-1974	1	0.00210	0.00210	0.5	97892	205	97790	6777574	69.23
1970-1974	2	0.00153	0.00153	0.5	97687	149	97613	6679784	68.38
1970-1974	3	0.00082	0.00082	0.5	97538	80	97498	6582171	67.48
1970-1974	4	0.00061	0.00061	0.5	97458	59	97428	6484673	66.54
1970-1974	5	0.00059	0.00059	0.5	97399	57	97370	6387245	65.58
1970-1974	6	0.00050	0.00050	0.5	97341	49	97317	6289875	64.62
1970-1974	7	0.00047	0.00047	0.5	97293	46	97270	6192558	63.65
1970-1974	8	0.00083	0.00083	0.5	97247	81	97206	6095288	62.68
1970-1974	9	0.00062	0.00062	0.5	97166	61	97136	5998082	61.73
1970-1974	10	0.00042	0.00042	0.5	97105	40	97085	5900946	60.77
1970-1974	11	0.00041	0.00041	0.5	97065	40	97045	5803861	59.79
1970-1974	12	0.00054	0.00054	0.5	97025	52	96999	5706815	58.82
1970-1974	13	0.00056	0.00056	0.5	96973	55	96946	5609816	57.85
1970-1974	14	0.00104	0.00104	0.5	96919	101	96868	5512870	56.88
1970-1974	15	0.00142	0.00142	0.5	96818	137	96749	5416002	55.94
1970-1974	16	0.00178	0.00178	0.5	96680	172	96594	5319253	55.02
1970-1974	17	0.00191	0.00191	0.5	96508	184	96416	5222659	54.12
1970-1974	18	0.00265	0.00264	0.5	96324	255	96196	5126243	53.22
1970-1974	19	0.00229	0.00229	0.5	96069	220	95959	5030046	52.36
1970-1974	20	0.00246	0.00246	0.5	95849	236	95732	4934087	51.48
1970-1974	21	0.00271	0.00271	0.5	95614	259	95484	4838355	50.60
1970-1974	22	0.00281	0.00281	0.5	95355	268	95221	4742871	49.74
1970-1974	23	0.00214	0.00214	0.5	95087	204	94985	4647650	48.88
1970-1974	24	0.00179	0.00179	0.5	94883	170	94798	4552665	47.98
1970-1974	25	0.00196	0.00196	0.5	94713	186	94620	4457867	47.07
1970-1974	26	0.00203	0.00203	0.5	94527	191	94432	4363247	46.16
1970-1974	27	0.00198	0.00198	0.5	94336	186	94243	4268815	45.25
1970-1974	28	0.00168	0.00168	0.5	94150	158	94070	4174573	44.34
1970-1974	29	0.00224	0.00224	0.5	93991	210	93886	4080502	43.41
1970-1974	30	0.00216	0.00215	0.5	93781	202	93680	3986616	42.51
1970-1974	31	0.00234	0.00234	0.5	93579	219	93469	3892936	41.60
1970-1974	32	0.00149	0.00149	0.5	93360	139	93290	3799467	40.70
1970-1974	33	0.00209	0.00209	0.5	93221	195	93123	3706176	39.76
1970-1974	34	0.00292	0.00292	0.5	93026	271	92890	3613053	38.84
1970-1974	35	0.00169	0.00168	0.5	92755	156	92676	3520163	37.95
1970-1974	36	0.00324	0.00324	0.5	92598	300	92449	3427486	37.01
1970-1974	37	0.00289	0.00288	0.5	92299	266	92166	3335038	36.13
1970-1974	38	0.00247	0.00247	0.5	92033	227	91919	3242872	35.24
1970-1974	39	0.00326	0.00325	0.5	91806	299	91656	3150953	34.32
1970-1974	40	0.00320	0.00320	0.5	91507	292	91361	3059297	33.43
1970-1974	41	0.00342	0.00341	0.5	91215	311	91059	2967936	32.54
1970-1974	42	0.00385	0.00385	0.5	90903	350	90728	2876877	31.65
1970-1974	43	0.00538	0.00537	0.5	90554	486	90311	2786148	30.77
1970-1974	44	0.00418	0.00417	0.5	90067	375	89880	2695838	29.93
1970-1974	45	0.00382	0.00382	0.5	89692	342	89521	2605958	29.05
1970-1974	46	0.00524	0.00522	0.5	89350	467	89117	2516437	28.16
1970-1974	47	0.00720	0.00717	0.5	88883	638	88565	2427320	27.31
1970-1974	48	0.00662	0.00660	0.5	88246	582	87955	2338756	26.50
1970-1974	49	0.00757	0.00754	0.5	87664	661	87333	2250801	25.68
1970-1974	50	0.00736	0.00733	0.5	87002	638	86684	2163468	24.87
1970-1974	51	0.00764	0.00761	0.5	86365	657	86036	2076785	24.05
1970-1974	52	0.00824	0.00821	0.5	85708	703	85356	1990748	23.23
1970-1974	53	0.00858	0.00855	0.5	85004	726	84641	1905392	22.42
1970-1974	54	0.01115	0.01109	0.5	84278	934	83811	1820751	21.60
1970-1974	55	0.01292	0.01283	0.5	83344	1070	82809	1736941	20.84
1970-1974	56	0.01336	0.01328	0.5	82274	1092	81728	1654132	20.11
1970-1974	57	0.01356	0.01347	0.5	81182	1093	80635	1572404	19.37
1970-1974	58	0.01607	0.01594	0.5	80089	1277	79450	1491769	18.63
1970-1974	59	0.01597	0.01584	0.5	78812	1249	78187	1412318	17.92
1970-1974	60	0.01912	0.01894	0.5	77563	1469	76829	1334131	17.20
1970-1974	61	0.01923	0.01905	0.5	76094	1449	75369	1257302	16.52
1970-1974	62	0.02245	0.02220	0.5	74645	1657	73816	1181933	15.83
1970-1974	63	0.02556	0.02523	0.5	72988	1842	72067	1108117	15.18
1970-1974	64	0.02529	0.02497	0.5	71146	1777	70258	1036050	14.56
1970-1974	65	0.03114	0.03067	0.5	69369	2127	68306	965792	13.92
1970-1974	66	0.03091	0.03044	0.5	67242	2047	66218	897487	13.35
1970-1974	67	0.03500	0.03440	0.5	65195	2243	64074	831268	12.75
1970-1974	68	0.03435	0.03377	0.5	62952	2126	61889	767195	12.19
1970-1974	69	0.04094	0.04012	0.5	60826	2440	59606	705306	11.60
1970-1974	70	0.04118	0.04035	0.5	58386	2356	57208	645699	11.06
1970-1974	71	0.05011	0.04888	0.5	56030	2739	54661	588491	10.50
1970-1974	72	0.05173	0.05043	0.5	53291	2687	51948	533830	10.02
1970-1974	73	0.05430	0.05286	0.5	50604	2675	49266	481883	9.52
1970-1974	74	0.06491	0.06287	0.5	47929	3013	46422	432617	9.03
1970-1974	75	0.06969	0.06735	0.5	44916	3025	43403	386194	8.60
1970-1974	76	0.07328	0.07069	0.5	41891	2961	40410	342791	8.18
1970-1974	77	0.08144	0.07825	0.5	38929	3046	37406	302381	7.77
1970-1974	78	0.08505	0.08158	0.5	35883	2927	34419	264975	7.38
1970-1974	79	0.08917	0.08537	0.5	32956	2813	31549	230555	7.00
1970-1974	80	0.09599	0.09159	0.5	30143	2761	28762	199006	6.60
1970-1974	81	0.10519	0.09994	0.5	27382	2736	26013	170244	6.22
1970-1974	82	0.11517	0.10890	0.5	24645	2684	23303	144231	5.85
1970-1974	83	0.12596	0.11849	0.5	21961	2602	20660	120927	5.51
1970-1974	84	0.13760	0.12874	0.5	19359	2492	18113	100267	5.18
1970-1974	85	0.15013	0.13965	0.5	16867	2355	15689	82154	4.87
1970-1974	86	0.16359	0.15122	0.5	14511	2194	13414	66465	4.58
1970-1974	87	0.17800	0.16345	0.5	12317	2013	11310	53051	4.31
1970-1974	88	0.19338	0.17633	0.5	10304	1817	9395	41740	4.05
1970-1974	89	0.20976	0.18985	0.5	8487	1611	7681	32345	3.81
1970-1974	90	0.22713	0.20397	0.5	6876	1402	6174	24664	3.59
1970-1974	91	0.24550	0.21866	0.5	5473	1197	4875	18489	3.38
1970-1974	92	0.26484	0.23387	0.5	4276	1000	3776	13614	3.18
1970-1974	93	0.28513	0.24955	0.5	3276	818	2868	9838	3.00
1970-1974	94	0.30633	0.26564	0.5	2459	653	2132	6970	2.84
1970-1974	95	0.32838	0.28206	0.5	1806	509	1551	4838	2.68
1970-1974	96	0.35121	0.29875	0.5	1296	387	1103	3287	2.54
1970-1974	97	0.37474	0.31561	0.5	909	287	766	2185	2.40
1970-1974	98	0.39888	0.33256	0.5	622	207	519	1419	2.28
1970-1974	99	0.42352	0.34951	0.5	415	145	343	901	2.17
1970-1974	100	0.44855	0.36638	0.5	270	99	221	558	2.07
1970-1974	101	0.47385	0.38308	0.5	171	66	138	337	1.97
1970-1974	102	0.49927	0.39953	0.5	106	42	84	199	1.88
1970-1974	103	0.52470	0.41566	0.5	63	26	50	114	1.80
1970-1974	104	0.55001	0.43138	0.5	37	16	29	64	1.73
1970-1974	105	0.57505	0.44663	0.5	21	9	16	35	1.66
1970-1974	106	0.59972	0.46137	0.5	12	5	9	19	1.61
1970-1974	107	0.62389	0.47555	0.5	6	3	5	10	1.55
1970-1974	108	0.64747	0.48912	0.5	3	2	2	5	1.51
1970-1974	109	0.67034	0.50206	0.5	2	1	1	2	1.47
1970-1974	110+	0.69243	1.00000	1.44	1	1	1	1	1.44
1975-1979	0	0.01647	0.01622	0.09	100000	1622	98522	7031087	70.31
1975-1979	1	0.00116	0.00116	0.5	98378	114	98321	6932564	70.47
1975-1979	2	0.00090	0.00090	0.5	98264	89	98220	6834244	69.55
1975-1979	3	0.00077	0.00077	0.5	98175	76	98137	6736024	68.61
1975-1979	4	0.00052	0.00052	0.5	98100	51	98074	6637887	67.66
1975-1979	5	0.00050	0.00050	0.5	98049	49	98024	6539813	66.70
1975-1979	6	0.00036	0.00036	0.5	98000	35	97982	6441788	65.73
1975-1979	7	0.00032	0.00032	0.5	97965	31	97949	6343806	64.76
1975-1979	8	0.00071	0.00071	0.5	97933	70	97899	6245857	63.78
1975-1979	9	0.00035	0.00035	0.5	97864	35	97847	6147958	62.82
1975-1979	10	0.00049	0.00049	0.5	97829	48	97805	6050112	61.84
1975-1979	11	0.00044	0.00044	0.5	97782	43	97760	5952306	60.87
1975-1979	12	0.00048	0.00048	0.5	97739	46	97716	5854546	59.90
1975-1979	13	0.00063	0.00063	0.5	97692	62	97662	5756830	58.93
1975-1979	14	0.00083	0.00083	0.5	97631	81	97590	5659169	57.96
1975-1979	15	0.00113	0.00113	0.5	97550	111	97494	5561578	57.01
1975-1979	16	0.00123	0.00123	0.5	97439	120	97379	5464084	56.08
1975-1979	17	0.00153	0.00153	0.5	97319	149	97245	5366705	55.15
1975-1979	18	0.00228	0.00228	0.5	97171	221	97060	5269460	54.23
1975-1979	19	0.00190	0.00189	0.5	96950	184	96858	5172399	53.35
1975-1979	20	0.00187	0.00187	0.5	96766	181	96676	5075542	52.45
1975-1979	21	0.00200	0.00200	0.5	96585	193	96489	4978866	51.55
1975-1979	22	0.00229	0.00229	0.5	96392	220	96282	4882378	50.65
1975-1979	23	0.00238	0.00238	0.5	96172	229	96057	4786096	49.77
1975-1979	24	0.00196	0.00196	0.5	95943	188	95849	4690039	48.88
1975-1979	25	0.00192	0.00192	0.5	95755	184	95663	4594190	47.98
1975-1979	26	0.00205	0.00205	0.5	95571	196	95473	4498528	47.07
1975-1979	27	0.00127	0.00127	0.5	95375	122	95314	4403055	46.17
1975-1979	28	0.00196	0.00196	0.5	95253	187	95160	4307741	45.22
1975-1979	29	0.00151	0.00151	0.5	95067	143	94995	4212581	44.31
1975-1979	30	0.00172	0.00171	0.5	94924	163	94842	4117586	43.38
1975-1979	31	0.00202	0.00202	0.5	94761	191	94665	4022743	42.45
1975-1979	32	0.00201	0.00201	0.5	94570	190	94475	3928078	41.54
1975-1979	33	0.00204	0.00203	0.5	94379	192	94283	3833604	40.62
1975-1979	34	0.00207	0.00207	0.5	94187	195	94090	3739320	39.70
1975-1979	35	0.00269	0.00269	0.5	93992	253	93866	3645230	38.78
1975-1979	36	0.00279	0.00279	0.5	93740	261	93609	3551364	37.89
1975-1979	37	0.00297	0.00297	0.5	93478	277	93340	3457755	36.99
1975-1979	38	0.00293	0.00292	0.5	93201	272	93065	3364416	36.10
1975-1979	39	0.00309	0.00308	0.5	92929	286	92786	3271351	35.20
1975-1979	40	0.00307	0.00306	0.5	92643	284	92501	3178565	34.31
1975-1979	41	0.00366	0.00365	0.5	92359	337	92190	3086064	33.41
1975-1979	42	0.00364	0.00363	0.5	92021	334	91854	2993874	32.53
1975-1979	43	0.00458	0.00457	0.5	91687	419	91478	2902020	31.65
1975-1979	44	0.00557	0.00555	0.5	91268	507	91015	2810542	30.79
1975-1979	45	0.00490	0.00489	0.5	90761	444	90540	2719527	29.96
1975-1979	46	0.00350	0.00350	0.5	90318	316	90160	2628988	29.11
1975-1979	47	0.00558	0.00556	0.5	90002	501	89752	2538828	28.21
1975-1979	48	0.00672	0.00669	0.5	89501	599	89202	2449077	27.36
1975-1979	49	0.00587	0.00585	0.5	88902	520	88642	2359875	26.54
1975-1979	50	0.00743	0.00740	0.5	88382	654	88055	2271233	25.70
1975-1979	51	0.00818	0.00814	0.5	87728	714	87371	2183178	24.89
1975-1979	52	0.00912	0.00908	0.5	87014	790	86619	2095807	24.09
1975-1979	53	0.00899	0.00895	0.5	86224	772	85838	2009189	23.30
1975-1979	54	0.00984	0.00979	0.5	85452	836	85033	1923351	22.51
1975-1979	55	0.01187	0.01180	0.5	84615	998	84116	1838318	21.73
1975-1979	56	0.01122	0.01116	0.5	83617	933	83150	1754202	20.98
1975-1979	57	0.01285	0.01277	0.5	82684	1056	82156	1671051	20.21
1975-1979	58	0.01379	0.01369	0.5	81628	1118	81069	1588895	19.47
1975-1979	59	0.01511	0.01500	0.5	80510	1208	79907	1507826	18.73
1975-1979	60	0.01696	0.01681	0.5	79303	1333	78636	1427919	18.01
1975-1979	61	0.01877	0.01859	0.5	77969	1450	77245	1349283	17.31
1975-1979	62	0.02012	0.01992	0.5	76520	1524	75758	1272039	16.62
1975-1979	63	0.02181	0.02157	0.5	74996	1618	74187	1196281	15.95
1975-1979	64	0.02411	0.02382	0.5	73378	1748	72504	1122094	15.29
1975-1979	65	0.02833	0.02794	0.5	71630	2001	70629	1049590	14.65
1975-1979	66	0.03060	0.03014	0.5	69629	2099	68579	978961	14.06
1975-1979	67	0.02914	0.02872	0.5	67530	1939	66560	910382	13.48
1975-1979	68	0.03280	0.03227	0.5	65590	2117	64532	843822	12.87
1975-1979	69	0.03792	0.03721	0.5	63474	2362	62293	779290	12.28
1975-1979	70	0.04089	0.04008	0.5	61112	2449	59887	716997	11.73
1975-1979	71	0.04064	0.03984	0.5	58662	2337	57494	657110	11.20
1975-1979	72	0.04611	0.04507	0.5	56326	2539	55056	599616	10.65
1975-1979	73	0.05009	0.04886	0.5	53787	2628	52473	544560	10.12
1975-1979	74	0.05607	0.05454	0.5	51159	2790	49764	492087	9.62
1975-1979	75	0.05974	0.05801	0.5	48368	2806	46966	442324	9.14
1975-1979	76	0.06653	0.06439	0.5	45563	2934	44096	395358	8.68
1975-1979	77	0.06636	0.06423	0.5	42629	2738	41260	351262	8.24
1975-1979	78	0.07824	0.07530	0.5	39891	3004	38389	310002	7.77
1975-1979	79	0.07752	0.07462	0.5	36887	2753	35511	271613	7.36
1975-1979	80	0.09323	0.08908	0.5	34135	3041	32615	236102	6.92
1975-1979	81	0.10130	0.09642	0.5	31094	2998	29595	203487	6.54
1975-1979	82	0.10999	0.10426	0.5	28096	2929	26631	173892	6.19
1975-1979	83	0.11933	0.11261	0.5	25167	2834	23750	147261	5.85
1975-1979	84	0.12935	0.12149	0.5	22333	2713	20976	123511	5.53
1975-1979	85	0.14007	0.13090	0.5	19620	2568	18335	102535	5.23
1975-1979	86	0.15152	0.14085	0.5	17051	2402	15851	84199	4.94
1975-1979	87	0.16374	0.15135	0.5	14650	2217	13541	68349	4.67
1975-1979	88	0.17673	0.16238	0.5	12432	2019	11423	54808	4.41
1975-1979	89	0.19052	0.17395	0.5	10414	1811	9508	43385	4.17
1975-1979	90	0.20512	0.18604	0.5	8602	1600	7802	33877	3.94
1975-1979	91	0.22053	0.19863	0.5	7002	1391	6307	26075	3.72
1975-1979	92	0.23675	0.21169	0.5	5611	1188	5017	19768	3.52
1975-1979	93	0.25378	0.22520	0.5	4423	996	3925	14751	3.33
1975-1979	94	0.27160	0.23912	0.5	3427	820	3017	10825	3.16
1975-1979	95	0.29018	0.25341	0.5	2608	661	2277	7808	2.99
1975-1979	96	0.30949	0.26802	0.5	1947	522	1686	5531	2.84
1975-1979	97	0.32949	0.28289	0.5	1425	403	1223	3845	2.70
1975-1979	98	0.35013	0.29797	0.5	1022	305	870	2621	2.57
1975-1979	99	0.37135	0.31320	0.5	717	225	605	1752	2.44
1975-1979	100	0.39307	0.32851	0.5	493	162	412	1147	2.33
1975-1979	101	0.41523	0.34384	0.5	331	114	274	735	2.22
1975-1979	102	0.43773	0.35913	0.5	217	78	178	461	2.12
1975-1979	103	0.46050	0.37431	0.5	139	52	113	283	2.03
1975-1979	104	0.48343	0.38932	0.5	87	34	70	170	1.95
1975-1979	105	0.50643	0.40410	0.5	53	21	42	100	1.87
1975-1979	106	0.52940	0.41860	0.5	32	13	25	57	1.80
1975-1979	107	0.55225	0.43275	0.5	18	8	14	32	1.74
1975-1979	108	0.57487	0.44653	0.5	10	5	8	18	1.69
1975-1979	109	0.59719	0.45988	0.5	6	3	4	9	1.64
1975-1979	110+	0.61912	1.00000	1.62	3	3	5	5	1.62
1980-1984	0	0.01211	0.01197	0.08	100000	1197	98895	7156144	71.56
1980-1984	1	0.00142	0.00142	0.5	98803	141	98732	7057248	71.43
1980-1984	2	0.00072	0.00072	0.5	98662	71	98626	6958516	70.53
1980-1984	3	0.00049	0.00049	0.5	98591	49	98566	6859890	69.58
1980-1984	4	0.00047	0.00047	0.5	98542	47	98519	6761323	68.61
1980-1984	5	0.00049	0.00049	0.5	98495	49	98471	6662805	67.65
1980-1984	6	0.00060	0.00060	0.5	98447	59	98417	6564333	66.68
1980-1984	7	0.00056	0.00056	0.5	98388	55	98360	6465916	65.72
1980-1984	8	0.00027	0.00027	0.5	98333	27	98319	6367556	64.76
1980-1984	9	0.00030	0.00030	0.5	98306	30	98291	6269237	63.77
1980-1984	10	0.00029	0.00029	0.5	98276	29	98262	6170945	62.79
1980-1984	11	0.00026	0.00026	0.5	98248	26	98235	6072683	61.81
1980-1984	12	0.00030	0.00030	0.5	98222	29	98207	5974449	60.83
1980-1984	13	0.00056	0.00056	0.5	98193	55	98165	5876241	59.84
1980-1984	14	0.00062	0.00062	0.5	98138	61	98108	5778076	58.88
1980-1984	15	0.00114	0.00114	0.5	98077	112	98021	5679969	57.91
1980-1984	16	0.00126	0.00126	0.5	97966	124	97904	5581947	56.98
1980-1984	17	0.00151	0.00151	0.5	97842	148	97768	5484044	56.05
1980-1984	18	0.00163	0.00162	0.5	97694	159	97615	5386276	55.13
1980-1984	19	0.00187	0.00187	0.5	97536	182	97444	5288661	54.22
1980-1984	20	0.00174	0.00174	0.5	97353	169	97269	5191216	53.32
1980-1984	21	0.00196	0.00196	0.5	97184	190	97089	5093948	52.42
1980-1984	22	0.00138	0.00138	0.5	96994	134	96927	4996859	51.52
1980-1984	23	0.00192	0.00191	0.5	96860	185	96767	4899933	50.59
1980-1984	24	0.00172	0.00172	0.5	96674	166	96591	4803166	49.68
1980-1984	25	0.00145	0.00145	0.5	96508	140	96438	4706575	48.77
1980-1984	26	0.00186	0.00186	0.5	96368	179	96278	4610137	47.84
1980-1984	27	0.00194	0.00194	0.5	96188	186	96095	4513859	46.93
1980-1984	28	0.00159	0.00159	0.5	96002	152	95926	4417764	46.02
1980-1984	29	0.00143	0.00143	0.5	95849	137	95781	4321839	45.09
1980-1984	30	0.00163	0.00163	0.5	95713	156	95635	4226058	44.15
1980-1984	31	0.00165	0.00165	0.5	95557	157	95478	4130423	43.22
1980-1984	32	0.00125	0.00125	0.5	95400	119	95340	4034944	42.30
1980-1984	33	0.00226	0.00226	0.5	95280	216	95173	3939604	41.35
1980-1984	34	0.00158	0.00158	0.5	95065	151	94990	3844432	40.44
1980-1984	35	0.00214	0.00214	0.5	94914	203	94813	3749442	39.50
1980-1984	36	0.00132	0.00132	0.5	94711	125	94649	3654629	38.59
1980-1984	37	0.00276	0.00276	0.5	94587	261	94456	3559980	37.64
1980-1984	38	0.00241	0.00240	0.5	94325	227	94212	3465524	36.74
1980-1984	39	0.00249	0.00248	0.5	94099	234	93982	3371312	35.83
1980-1984	40	0.00263	0.00263	0.5	93865	247	93742	3277330	34.92
1980-1984	41	0.00276	0.00276	0.5	93618	258	93489	3183589	34.01
1980-1984	42	0.00279	0.00279	0.5	93360	260	93230	3090099	33.10
1980-1984	43	0.00267	0.00267	0.5	93100	248	92976	2996869	32.19
1980-1984	44	0.00314	0.00313	0.5	92852	291	92706	2903893	31.27
1980-1984	45	0.00396	0.00396	0.5	92561	366	92378	2811186	30.37
1980-1984	46	0.00489	0.00488	0.5	92195	450	91970	2718809	29.49
1980-1984	47	0.00517	0.00516	0.5	91745	473	91509	2626839	28.63
1980-1984	48	0.00596	0.00595	0.5	91272	543	91001	2535330	27.78
1980-1984	49	0.00574	0.00573	0.5	90729	520	90469	2444329	26.94
1980-1984	50	0.00729	0.00726	0.5	90210	655	89882	2353860	26.09
1980-1984	51	0.00789	0.00786	0.5	89555	704	89203	2263978	25.28
1980-1984	52	0.00820	0.00817	0.5	88851	726	88488	2174775	24.48
1980-1984	53	0.00934	0.00929	0.5	88125	819	87716	2086287	23.67
1980-1984	54	0.01021	0.01016	0.5	87306	887	86863	1998571	22.89
1980-1984	55	0.01038	0.01033	0.5	86419	892	85973	1911709	22.12
1980-1984	56	0.01136	0.01130	0.5	85527	966	85044	1825736	21.35
1980-1984	57	0.01036	0.01031	0.5	84561	872	84125	1740692	20.59
1980-1984	58	0.01472	0.01461	0.5	83689	1223	83077	1656567	19.79
1980-1984	59	0.01546	0.01535	0.5	82466	1265	81833	1573490	19.08
1980-1984	60	0.01574	0.01561	0.5	81201	1268	80567	1491657	18.37
1980-1984	61	0.01643	0.01630	0.5	79933	1303	79282	1411090	17.65
1980-1984	62	0.01896	0.01878	0.5	78630	1477	77892	1331808	16.94
1980-1984	63	0.02192	0.02168	0.5	77154	1673	76317	1253916	16.25
1980-1984	64	0.02539	0.02507	0.5	75481	1893	74534	1177599	15.60
1980-1984	65	0.02602	0.02569	0.5	73588	1890	72643	1103065	14.99
1980-1984	66	0.02736	0.02699	0.5	71698	1935	70730	1030422	14.37
1980-1984	67	0.02803	0.02764	0.5	69762	1928	68798	959692	13.76
1980-1984	68	0.03158	0.03109	0.5	67834	2109	66780	890894	13.13
1980-1984	69	0.03545	0.03484	0.5	65725	2290	64580	824114	12.54
1980-1984	70	0.03651	0.03586	0.5	63435	2275	62298	759534	11.97
1980-1984	71	0.04324	0.04233	0.5	61161	2589	59866	697236	11.40
1980-1984	72	0.04717	0.04608	0.5	58572	2699	57222	637370	10.88
1980-1984	73	0.04732	0.04622	0.5	55873	2583	54581	580148	10.38
1980-1984	74	0.05109	0.04982	0.5	53290	2655	51963	525566	9.86
1980-1984	75	0.05710	0.05552	0.5	50635	2811	49230	473604	9.35
1980-1984	76	0.06576	0.06367	0.5	47824	3045	46302	424374	8.87
1980-1984	77	0.06905	0.06675	0.5	44779	2989	43285	378072	8.44
1980-1984	78	0.07125	0.06880	0.5	41790	2875	40353	334787	8.01
1980-1984	79	0.07906	0.07605	0.5	38915	2959	37435	294434	7.57
1980-1984	80	0.08633	0.08276	0.5	35956	2976	34468	256999	7.15
1980-1984	81	0.09437	0.09012	0.5	32980	2972	31494	222531	6.75
1980-1984	82	0.10308	0.09803	0.5	30008	2942	28537	191037	6.37
1980-1984	83	0.11249	0.10650	0.5	27066	2883	25625	162499	6.00
1980-1984	84	0.12264	0.11555	0.5	24184	2795	22787	136874	5.66
1980-1984	85	0.13357	0.12521	0.5	21389	2678	20050	114088	5.33
1980-1984	86	0.14531	0.13547	0.5	18711	2535	17444	94037	5.03
1980-1984	87	0.15790	0.14634	0.5	16177	2367	14993	76593	4.73
1980-1984	88	0.17135	0.15783	0.5	13809	2180	12719	61600	4.46
1980-1984	89	0.18570	0.16993	0.5	11630	1976	10642	48881	4.20
1980-1984	90	0.20097	0.18262	0.5	9654	1763	8772	38239	3.96
1980-1984	91	0.21715	0.19588	0.5	7891	1546	7118	29467	3.73
1980-1984	92	0.23425	0.20969	0.5	6345	1330	5680	22349	3.52
1980-1984	93	0.25227	0.22401	0.5	5015	1123	4453	16670	3.32
1980-1984	94	0.27118	0.23880	0.5	3891	929	3427	12217	3.14
1980-1984	95	0.29095	0.25400	0.5	2962	752	2586	8790	2.97
1980-1984	96	0.31156	0.26956	0.5	2210	596	1912	6204	2.81
1980-1984	97	0.33293	0.28542	0.5	1614	461	1384	4293	2.66
1980-1984	98	0.35502	0.30150	0.5	1153	348	979	2909	2.52
1980-1984	99	0.37774	0.31773	0.5	806	256	678	1930	2.40
1980-1984	100	0.40102	0.33404	0.5	550	184	458	1252	2.28
1980-1984	101	0.42474	0.35034	0.5	366	128	302	794	2.17
1980-1984	102	0.44882	0.36656	0.5	238	87	194	492	2.07
1980-1984	103	0.47314	0.38263	0.5	151	58	122	298	1.98
1980-1984	104	0.49759	0.39846	0.5	93	37	74	176	1.89
1980-1984	105	0.52205	0.41399	0.5	56	23	44	102	1.82
1980-1984	106	0.54641	0.42916	0.5	33	14	26	57	1.75
1980-1984	107	0.57055	0.44391	0.5	19	8	15	32	1.69
1980-1984	108	0.59435	0.45819	0.5	10	5	8	17	1.63
1980-1984	109	0.61772	0.47195	0.5	6	3	4	9	1.59
1980-1984	110+	0.64056	1.00000	1.56	3	3	5	5	1.56
1985-1989	0	0.01247	0.01232	0.08	100000	1232	98864	7261126	72.61
1985-1989	1	0.00119	0.00119	0.5	98768	117	98709	7162261	72.52
1985-1989	2	0.00067	0.00067	0.5	98650	67	98617	7063553	71.60
1985-1989	3	0.00033	0.00033	0.5	98584	33	98568	6964935	70.65
1985-1989	4	0.00033	0.00033	0.5	98551	32	98535	6866368	69.67
1985-1989	5	0.00029	0.00029	0.5	98519	29	98505	6767833	68.70
1985-1989	6	0.00033	0.00033	0.5	98490	33	98474	6669328	67.72
1985-1989	7	0.00020	0.00020	0.5	98457	20	98447	6570854	66.74
1985-1989	8	0.00021	0.00021	0.5	98437	21	98427	6472407	65.75
1985-1989	9	0.00031	0.00031	0.5	98417	30	98402	6373980	64.77
1985-1989	10	0.00025	0.00025	0.5	98386	25	98374	6275578	63.79
1985-1989	11	0.00034	0.00034	0.5	98361	33	98345	6177204	62.80
1985-1989	12	0.00023	0.00023	0.5	98328	23	98317	6078860	61.82
1985-1989	13	0.00015	0.00015	0.5	98306	15	98298	5980543	60.84
1985-1989	14	0.00038	0.00038	0.5	98290	38	98272	5882245	59.85
1985-1989	15	0.00090	0.00090	0.5	98253	88	98209	5783973	58.87
1985-1989	16	0.00110	0.00110	0.5	98165	108	98111	5685764	57.92
1985-1989	17	0.00111	0.00111	0.5	98057	109	98002	5587653	56.98
1985-1989	18	0.00159	0.00159	0.5	97948	156	97870	5489651	56.05
1985-1989	19	0.00201	0.00201	0.5	97792	197	97694	5391781	55.14
1985-1989	20	0.00141	0.00141	0.5	97595	138	97526	5294088	54.25
1985-1989	21	0.00164	0.00164	0.5	97458	160	97378	5196561	53.32
1985-1989	22	0.00156	0.00156	0.5	97298	152	97222	5099184	52.41
1985-1989	23	0.00185	0.00185	0.5	97146	180	97056	5001962	51.49
1985-1989	24	0.00137	0.00137	0.5	96966	133	96900	4904906	50.58
1985-1989	25	0.00154	0.00154	0.5	96833	149	96759	4808007	49.65
1985-1989	26	0.00141	0.00141	0.5	96684	136	96616	4711248	48.73
1985-1989	27	0.00164	0.00164	0.5	96548	158	96468	4614632	47.80
1985-1989	28	0.00175	0.00175	0.5	96389	169	96305	4518164	46.87
1985-1989	29	0.00151	0.00151	0.5	96221	145	96148	4421859	45.96
1985-1989	30	0.00186	0.00186	0.5	96075	179	95986	4325711	45.02
1985-1989	31	0.00171	0.00171	0.5	95897	164	95815	4229725	44.11
1985-1989	32	0.00146	0.00146	0.5	95733	140	95663	4133910	43.18
1985-1989	33	0.00110	0.00110	0.5	95593	105	95541	4038246	42.24
1985-1989	34	0.00160	0.00160	0.5	95488	153	95412	3942706	41.29
1985-1989	35	0.00171	0.00171	0.5	95336	163	95254	3847294	40.36
1985-1989	36	0.00159	0.00158	0.5	95173	151	95097	3752039	39.42
1985-1989	37	0.00198	0.00198	0.5	95022	188	94928	3656942	38.49
1985-1989	38	0.00240	0.00240	0.5	94834	227	94720	3562014	37.56
1985-1989	39	0.00139	0.00139	0.5	94606	132	94541	3467294	36.65
1985-1989	40	0.00275	0.00275	0.5	94475	260	94345	3372753	35.70
1985-1989	41	0.00215	0.00215	0.5	94215	202	94114	3278408	34.80
1985-1989	42	0.00332	0.00331	0.5	94013	311	93857	3184294	33.87
1985-1989	43	0.00299	0.00299	0.5	93702	280	93562	3090437	32.98
1985-1989	44	0.00310	0.00310	0.5	93422	289	93277	2996875	32.08
1985-1989	45	0.00359	0.00359	0.5	93132	334	92966	2903598	31.18
1985-1989	46	0.00428	0.00427	0.5	92799	396	92600	2810632	30.29
1985-1989	47	0.00350	0.00350	0.5	92402	323	92241	2718032	29.42
1985-1989	48	0.00524	0.00523	0.5	92079	482	91838	2625791	28.52
1985-1989	49	0.00460	0.00459	0.5	91598	420	91388	2533953	27.66
1985-1989	50	0.00594	0.00592	0.5	91178	540	90908	2442565	26.79
1985-1989	51	0.00675	0.00673	0.5	90638	610	90333	2351657	25.95
1985-1989	52	0.00616	0.00615	0.5	90028	553	89751	2261324	25.12
1985-1989	53	0.00658	0.00655	0.5	89475	586	89181	2171573	24.27
1985-1989	54	0.00878	0.00874	0.5	88888	777	88500	2082391	23.43
1985-1989	55	0.00953	0.00949	0.5	88111	836	87694	1993891	22.63
1985-1989	56	0.01012	0.01007	0.5	87276	879	86836	1906198	21.84
1985-1989	57	0.01118	0.01111	0.5	86397	960	85917	1819362	21.06
1985-1989	58	0.01233	0.01225	0.5	85437	1047	84914	1733444	20.29
1985-1989	59	0.01463	0.01452	0.5	84390	1226	83778	1648531	19.53
1985-1989	60	0.01370	0.01360	0.5	83165	1131	82599	1564753	18.82
1985-1989	61	0.01600	0.01587	0.5	82033	1302	81383	1482154	18.07
1985-1989	62	0.01801	0.01785	0.5	80732	1441	80011	1400771	17.35
1985-1989	63	0.01931	0.01912	0.5	79290	1516	78532	1320760	16.66
1985-1989	64	0.02041	0.02020	0.5	77774	1571	76988	1242228	15.97
1985-1989	65	0.02369	0.02341	0.5	76203	1784	75311	1165240	15.29
1985-1989	66	0.02421	0.02392	0.5	74419	1780	73529	1089929	14.65
1985-1989	67	0.02581	0.02548	0.5	72639	1851	71714	1016400	13.99
1985-1989	68	0.03108	0.03061	0.5	70788	2167	69705	944686	13.35
1985-1989	69	0.03446	0.03387	0.5	68622	2324	67460	874981	12.75
1985-1989	70	0.03903	0.03828	0.5	66298	2538	65029	807521	12.18
1985-1989	71	0.03747	0.03678	0.5	63759	2345	62587	742493	11.65
1985-1989	72	0.04276	0.04186	0.5	61414	2571	60129	679906	11.07
1985-1989	73	0.04629	0.04524	0.5	58843	2662	57512	619777	10.53
1985-1989	74	0.04952	0.04832	0.5	56181	2715	54824	562265	10.01
1985-1989	75	0.05822	0.05657	0.5	53466	3025	51954	507442	9.49
1985-1989	76	0.05963	0.05791	0.5	50442	2921	48981	455488	9.03
1985-1989	77	0.06617	0.06405	0.5	47521	3044	45999	406507	8.55
1985-1989	78	0.06871	0.06643	0.5	44477	2954	43000	360508	8.11
1985-1989	79	0.07851	0.07555	0.5	41523	3137	39954	317508	7.65
1985-1989	80	0.08502	0.08155	0.5	38386	3130	36821	277554	7.23
1985-1989	81	0.09290	0.08878	0.5	35255	3130	33690	240733	6.83
1985-1989	82	0.10143	0.09654	0.5	32125	3101	30575	207043	6.44
1985-1989	83	0.11065	0.10485	0.5	29024	3043	27503	176468	6.08
1985-1989	84	0.12060	0.11374	0.5	25981	2955	24503	148966	5.73
1985-1989	85	0.13130	0.12321	0.5	23026	2837	21607	124462	5.41
1985-1989	86	0.14281	0.13329	0.5	20189	2691	18843	102855	5.09
1985-1989	87	0.15514	0.14397	0.5	17498	2519	16238	84012	4.80
1985-1989	88	0.16832	0.15526	0.5	14979	2326	13816	67773	4.52
1985-1989	89	0.18239	0.16715	0.5	12653	2115	11596	53957	4.26
1985-1989	90	0.19735	0.17963	0.5	10538	1893	9592	42362	4.02
1985-1989	91	0.21322	0.19268	0.5	8645	1666	7812	32770	3.79
1985-1989	92	0.23000	0.20628	0.5	6980	1440	6260	24958	3.58
1985-1989	93	0.24768	0.22039	0.5	5540	1221	4929	18698	3.38
1985-1989	94	0.26625	0.23497	0.5	4319	1015	3811	13769	3.19
1985-1989	95	0.28569	0.24998	0.5	3304	826	2891	9957	3.01
1985-1989	96	0.30596	0.26536	0.5	2478	658	2149	7066	2.85
1985-1989	97	0.32700	0.28105	0.5	1821	512	1565	4917	2.70
1985-1989	98	0.34876	0.29698	0.5	1309	389	1115	3352	2.56
1985-1989	99	0.37118	0.31307	0.5	920	288	776	2238	2.43
1985-1989	100	0.39416	0.32927	0.5	632	208	528	1461	2.31
1985-1989	101	0.41762	0.34548	0.5	424	146	351	933	2.20
1985-1989	102	0.44146	0.36164	0.5	277	100	227	583	2.10
1985-1989	103	0.46557	0.37766	0.5	177	67	144	355	2.01
1985-1989	104	0.48984	0.39347	0.5	110	43	89	212	1.92
1985-1989	105	0.51417	0.40902	0.5	67	27	53	123	1.84
1985-1989	106	0.53842	0.42422	0.5	40	17	31	70	1.77
1985-1989	107	0.56250	0.43902	0.5	23	10	18	39	1.71
1985-1989	108	0.58628	0.45338	0.5	13	6	10	21	1.65
1985-1989	109	0.60967	0.46724	0.5	7	3	5	11	1.61
1985-1989	110+	0.63256	1.00000	1.58	4	4	6	6	1.58
1990-1994	0	0.01143	0.01131	0.08	100000	1131	98955	7342730	73.43
1990-1994	1	0.00079	0.00079	0.5	98869	78	98830	7243776	73.27
1990-1994	2	0.00051	0.00051	0.5	98791	50	98766	7144946	72.32
1990-1994	3	0.00050	0.00050	0.5	98741	49	98716	7046180	71.36
1990-1994	4	0.00045	0.00045	0.5	98691	44	98669	6947464	70.40
1990-1994	5	0.00041	0.00041	0.5	98647	41	98627	6848795	69.43
1990-1994	6	0.00034	0.00034	0.5	98606	34	98589	6750169	68.46
1990-1994	7	0.00030	0.00030	0.5	98572	30	98557	6651579	67.48
1990-1994	8	0.00034	0.00034	0.5	98543	33	98526	6553022	66.50
1990-1994	9	0.00016	0.00016	0.5	98509	16	98502	6454496	65.52
1990-1994	10	0.00019	0.00019	0.5	98494	19	98484	6355994	64.53
1990-1994	11	0.00013	0.00013	0.5	98475	13	98468	6257510	63.54
1990-1994	12	0.00043	0.00043	0.5	98462	42	98441	6159042	62.55
1990-1994	13	0.00013	0.00013	0.5	98420	13	98413	6060601	61.58
1990-1994	14	0.00044	0.00044	0.5	98407	43	98385	5962188	60.59
1990-1994	15	0.00097	0.00097	0.5	98363	95	98316	5863802	59.61
1990-1994	16	0.00116	0.00116	0.5	98268	114	98211	5765487	58.67
1990-1994	17	0.00152	0.00152	0.5	98154	149	98080	5667275	57.74
1990-1994	18	0.00178	0.00177	0.5	98005	174	97918	5569195	56.83
1990-1994	19	0.00174	0.00173	0.5	97831	170	97747	5471277	55.93
1990-1994	20	0.00122	0.00122	0.5	97662	119	97602	5373530	55.02
1990-1994	21	0.00149	0.00149	0.5	97543	145	97470	5275928	54.09
1990-1994	22	0.00190	0.00190	0.5	97397	185	97305	5178458	53.17
1990-1994	23	0.00199	0.00198	0.5	97212	193	97116	5081153	52.27
1990-1994	24	0.00188	0.00188	0.5	97020	182	96928	4984037	51.37
1990-1994	25	0.00132	0.00132	0.5	96837	128	96773	4887109	50.47
1990-1994	26	0.00124	0.00124	0.5	96709	120	96650	4790335	49.53
1990-1994	27	0.00199	0.00199	0.5	96590	192	96494	4693686	48.59
1990-1994	28	0.00170	0.00170	0.5	96398	164	96316	4597192	47.69
1990-1994	29	0.00155	0.00155	0.5	96234	149	96159	4500876	46.77
1990-1994	30	0.00134	0.00134	0.5	96084	129	96020	4404717	45.84
1990-1994	31	0.00146	0.00146	0.5	95956	140	95886	4308697	44.90
1990-1994	32	0.00135	0.00135	0.5	95816	129	95751	4212811	43.97
1990-1994	33	0.00184	0.00184	0.5	95687	176	95599	4117060	43.03
1990-1994	34	0.00163	0.00163	0.5	95511	155	95433	4021461	42.10
1990-1994	35	0.00161	0.00161	0.5	95355	154	95279	3926028	41.17
1990-1994	36	0.00139	0.00139	0.5	95202	132	95136	3830749	40.24
1990-1994	37	0.00164	0.00164	0.5	95069	156	94991	3735613	39.29
1990-1994	38	0.00233	0.00233	0.5	94913	221	94803	3640622	38.36
1990-1994	39	0.00198	0.00198	0.5	94692	188	94598	3545819	37.45
1990-1994	40	0.00162	0.00162	0.5	94505	153	94428	3451221	36.52
1990-1994	41	0.00263	0.00262	0.5	94351	247	94228	3356793	35.58
1990-1994	42	0.00273	0.00272	0.5	94104	256	93976	3262565	34.67
1990-1994	43	0.00297	0.00297	0.5	93848	279	93708	3168590	33.76
1990-1994	44	0.00285	0.00284	0.5	93569	266	93436	3074882	32.86
1990-1994	45	0.00342	0.00342	0.5	93303	319	93144	2981446	31.95
1990-1994	46	0.00450	0.00449	0.5	92984	418	92775	2888302	31.06
1990-1994	47	0.00383	0.00382	0.5	92566	354	92389	2795527	30.20
1990-1994	48	0.00426	0.00425	0.5	92213	392	92017	2703138	29.31
1990-1994	49	0.00494	0.00493	0.5	91821	453	91595	2611121	28.44
1990-1994	50	0.00553	0.00552	0.5	91368	504	91116	2519526	27.58
1990-1994	51	0.00578	0.00577	0.5	90864	524	90602	2428410	26.73
1990-1994	52	0.00682	0.00680	0.5	90340	614	90033	2337807	25.88
1990-1994	53	0.00623	0.00621	0.5	89726	558	89448	2247774	25.05
1990-1994	54	0.00671	0.00668	0.5	89169	596	88871	2158326	24.20
1990-1994	55	0.00869	0.00865	0.5	88573	766	88190	2069455	23.36
1990-1994	56	0.00828	0.00825	0.5	87807	724	87445	1981266	22.56
1990-1994	57	0.01064	0.01059	0.5	87082	922	86621	1893821	21.75
1990-1994	58	0.01196	0.01189	0.5	86160	1024	85648	1807200	20.97
1990-1994	59	0.01252	0.01244	0.5	85136	1059	84607	1721551	20.22
1990-1994	60	0.01329	0.01320	0.5	84077	1110	83522	1636944	19.47
1990-1994	61	0.01382	0.01373	0.5	82967	1139	82398	1553422	18.72
1990-1994	62	0.01704	0.01690	0.5	81828	1383	81137	1471025	17.98
1990-1994	63	0.01828	0.01811	0.5	80445	1457	79717	1389888	17.28
1990-1994	64	0.01701	0.01687	0.5	78989	1332	78322	1310171	16.59
1990-1994	65	0.02108	0.02086	0.5	77656	1620	76846	1231849	15.86
1990-1994	66	0.02141	0.02118	0.5	76036	1611	75230	1155003	15.19
1990-1994	67	0.02296	0.02270	0.5	74425	1689	73580	1079772	14.51
1990-1994	68	0.02910	0.02868	0.5	72736	2086	71693	1006192	13.83
1990-1994	69	0.02809	0.02770	0.5	70649	1957	69671	934499	13.23
1990-1994	70	0.03396	0.03339	0.5	68692	2294	67545	864829	12.59
1990-1994	71	0.03625	0.03560	0.5	66399	2364	65216	797283	12.01
1990-1994	72	0.03787	0.03716	0.5	64034	2380	62845	732067	11.43
1990-1994	73	0.04364	0.04271	0.5	61655	2633	60338	669222	10.85
1990-1994	74	0.04998	0.04877	0.5	59022	2878	57582	608884	10.32
1990-1994	75	0.05167	0.05037	0.5	56143	2828	54729	551302	9.82
1990-1994	76	0.05260	0.05125	0.5	53315	2732	51949	496572	9.31
1990-1994	77	0.06059	0.05880	0.5	50583	2975	49096	444623	8.79
1990-1994	78	0.06535	0.06329	0.5	47609	3013	46102	395527	8.31
1990-1994	79	0.07152	0.06905	0.5	44596	3080	43056	349425	7.84
1990-1994	80	0.08238	0.07912	0.5	41516	3285	39874	306369	7.38
1990-1994	81	0.09004	0.08616	0.5	38231	3294	36584	266495	6.97
1990-1994	82	0.09832	0.09372	0.5	34937	3274	33300	229911	6.58
1990-1994	83	0.10729	0.10182	0.5	31663	3224	30051	196611	6.21
1990-1994	84	0.11696	0.11050	0.5	28439	3142	26868	166560	5.86
1990-1994	85	0.12738	0.11975	0.5	25297	3029	23782	139692	5.52
1990-1994	86	0.13858	0.12960	0.5	22267	2886	20824	115910	5.21
1990-1994	87	0.15060	0.14005	0.5	19382	2714	18024	95085	4.91
1990-1994	88	0.16346	0.15111	0.5	16667	2519	15408	77061	4.62
1990-1994	89	0.17719	0.16277	0.5	14149	2303	12997	61653	4.36
1990-1994	90	0.19181	0.17503	0.5	11846	2073	10809	48656	4.11
1990-1994	91	0.20734	0.18786	0.5	9772	1836	8854	37847	3.87
1990-1994	92	0.22377	0.20125	0.5	7936	1597	7138	28993	3.65
1990-1994	93	0.24110	0.21517	0.5	6339	1364	5657	21855	3.45
1990-1994	94	0.25934	0.22957	0.5	4975	1142	4404	16198	3.26
1990-1994	95	0.27844	0.24441	0.5	3833	937	3365	11793	3.08
1990-1994	96	0.29839	0.25965	0.5	2896	752	2520	8429	2.91
1990-1994	97	0.31913	0.27521	0.5	2144	590	1849	5908	2.76
1990-1994	98	0.34061	0.29104	0.5	1554	452	1328	4059	2.61
1990-1994	99	0.36277	0.30707	0.5	1102	338	933	2731	2.48
1990-1994	100	0.38553	0.32322	0.5	763	247	640	1799	2.36
1990-1994	101	0.40880	0.33942	0.5	517	175	429	1159	2.24
1990-1994	102	0.43249	0.35559	0.5	341	121	281	730	2.14
1990-1994	103	0.45648	0.37166	0.5	220	82	179	449	2.04
1990-1994	104	0.48069	0.38754	0.5	138	54	111	270	1.95
1990-1994	105	0.50498	0.40318	0.5	85	34	68	158	1.87
1990-1994	106	0.52925	0.41850	0.5	51	21	40	91	1.80
1990-1994	107	0.55338	0.43345	0.5	29	13	23	51	1.73
1990-1994	108	0.57727	0.44797	0.5	17	7	13	28	1.68
1990-1994	109	0.60079	0.46201	0.5	9	4	7	15	1.63
1990-1994	110+	0.62387	1.00000	1.6	5	5	8	8	1.60
1995-1999	0	0.00939	0.00930	0.07	100000	930	99135	7418278	74.18
1995-1999	1	0.00083	0.00083	0.5	99070	83	99028	7319144	73.88
1995-1999	2	0.00043	0.00043	0.5	98987	43	98966	7220115	72.94
1995-1999	3	0.00046	0.00046	0.5	98944	45	98922	7121150	71.97
1995-1999	4	0.00022	0.00022	0.5	98899	22	98888	7022228	71.00
1995-1999	5	0.00025	0.00025	0.5	98877	25	98865	6923339	70.02
1995-1999	6	0.00025	0.00025	0.5	98852	24	98840	6824474	69.04
1995-1999	7	0.00028	0.00028	0.5	98828	27	98814	6725634	68.05
1995-1999	8	0.00017	0.00017	0.5	98800	17	98792	6626820	67.07
1995-1999	9	0.00020	0.00020	0.5	98783	20	98774	6528028	66.08
1995-1999	10	0.00023	0.00023	0.5	98764	23	98752	6429255	65.10
1995-1999	11	0.00016	0.00016	0.5	98741	16	98733	6330502	64.11
1995-1999	12	0.00016	0.00016	0.5	98725	16	98717	6231770	63.12
1995-1999	13	0.00047	0.00047	0.5	98708	47	98685	6133053	62.13
1995-1999	14	0.00052	0.00052	0.5	98662	51	98636	6034368	61.16
1995-1999	15	0.00094	0.00094	0.5	98611	93	98564	5935732	60.19
1995-1999	16	0.00145	0.00145	0.5	98518	143	98446	5837168	59.25
1995-1999	17	0.00110	0.00110	0.5	98374	108	98320	5738722	58.34
1995-1999	18	0.00141	0.00141	0.5	98266	138	98197	5640402	57.40
1995-1999	19	0.00157	0.00157	0.5	98128	154	98051	5542205	56.48
1995-1999	20	0.00126	0.00126	0.5	97974	123	97912	5444154	55.57
1995-1999	21	0.00166	0.00166	0.5	97851	162	97770	5346242	54.64
1995-1999	22	0.00157	0.00157	0.5	97689	153	97612	5248472	53.73
1995-1999	23	0.00171	0.00171	0.5	97535	167	97452	5150860	52.81
1995-1999	24	0.00100	0.00100	0.5	97369	98	97320	5053408	51.90
1995-1999	25	0.00106	0.00106	0.5	97271	103	97219	4956088	50.95
1995-1999	26	0.00153	0.00153	0.5	97168	149	97093	4858869	50.00
1995-1999	27	0.00174	0.00174	0.5	97019	169	96934	4761776	49.08
1995-1999	28	0.00135	0.00135	0.5	96850	131	96784	4664842	48.17
1995-1999	29	0.00143	0.00143	0.5	96719	138	96650	4568057	47.23
1995-1999	30	0.00152	0.00152	0.5	96581	147	96507	4471407	46.30
1995-1999	31	0.00149	0.00148	0.5	96434	143	96362	4374900	45.37
1995-1999	32	0.00161	0.00161	0.5	96291	155	96213	4278538	44.43
1995-1999	33	0.00170	0.00170	0.5	96135	163	96054	4182325	43.50
1995-1999	34	0.00150	0.00149	0.5	95972	143	95901	4086271	42.58
1995-1999	35	0.00187	0.00187	0.5	95829	179	95739	3990370	41.64
1995-1999	36	0.00208	0.00207	0.5	95650	198	95551	3894631	40.72
1995-1999	37	0.00185	0.00185	0.5	95452	177	95363	3799080	39.80
1995-1999	38	0.00194	0.00194	0.5	95275	185	95182	3703717	38.87
1995-1999	39	0.00201	0.00200	0.5	95090	191	94995	3608535	37.95
1995-1999	40	0.00222	0.00222	0.5	94899	211	94794	3513540	37.02
1995-1999	41	0.00262	0.00262	0.5	94688	248	94565	3418746	36.11
1995-1999	42	0.00182	0.00182	0.5	94441	172	94355	3324182	35.20
1995-1999	43	0.00285	0.00284	0.5	94269	268	94135	3229827	34.26
1995-1999	44	0.00323	0.00322	0.5	94001	303	93849	3135692	33.36
1995-1999	45	0.00340	0.00339	0.5	93698	318	93539	3041843	32.46
1995-1999	46	0.00378	0.00377	0.5	93380	352	93204	2948305	31.57
1995-1999	47	0.00388	0.00387	0.5	93027	360	92847	2855101	30.69
1995-1999	48	0.00421	0.00421	0.5	92667	390	92473	2762254	29.81
1995-1999	49	0.00539	0.00537	0.5	92278	496	92030	2669781	28.93
1995-1999	50	0.00559	0.00557	0.5	91782	512	91526	2577752	28.09
1995-1999	51	0.00574	0.00573	0.5	91270	523	91009	2486225	27.24
1995-1999	52	0.00555	0.00553	0.5	90748	502	90497	2395217	26.39
1995-1999	53	0.00693	0.00691	0.5	90246	623	89934	2304720	25.54
1995-1999	54	0.00739	0.00736	0.5	89622	660	89292	2214786	24.71
1995-1999	55	0.00703	0.00701	0.5	88962	623	88651	2125494	23.89
1995-1999	56	0.00981	0.00976	0.5	88339	862	87908	2036843	23.06
1995-1999	57	0.00843	0.00839	0.5	87477	734	87110	1948936	22.28
1995-1999	58	0.01066	0.01060	0.5	86743	920	86283	1861826	21.46
1995-1999	59	0.01210	0.01203	0.5	85823	1032	85307	1775543	20.69
1995-1999	60	0.01215	0.01208	0.5	84791	1024	84279	1690237	19.93
1995-1999	61	0.01308	0.01299	0.5	83767	1088	83222	1605958	19.17
1995-1999	62	0.01410	0.01400	0.5	82678	1158	82099	1522736	18.42
1995-1999	63	0.01743	0.01728	0.5	81520	1408	80816	1440637	17.67
1995-1999	64	0.01664	0.01650	0.5	80112	1322	79451	1359821	16.97
1995-1999	65	0.01964	0.01945	0.5	78790	1532	78024	1280370	16.25
1995-1999	66	0.02348	0.02321	0.5	77258	1793	76361	1202346	15.56
1995-1999	67	0.02165	0.02142	0.5	75465	1617	74657	1125985	14.92
1995-1999	68	0.02435	0.02406	0.5	73848	1777	72960	1051328	14.24
1995-1999	69	0.02686	0.02651	0.5	72071	1910	71116	978368	13.57
1995-1999	70	0.03196	0.03146	0.5	70161	2207	69057	907252	12.93
1995-1999	71	0.03064	0.03017	0.5	67954	2050	66929	838195	12.33
1995-1999	72	0.03466	0.03407	0.5	65903	2245	64781	771266	11.70
1995-1999	73	0.04399	0.04304	0.5	63658	2740	62288	706485	11.10
1995-1999	74	0.04505	0.04406	0.5	60918	2684	59576	644197	10.57
1995-1999	75	0.04556	0.04455	0.5	58234	2594	56937	584621	10.04
1995-1999	76	0.04744	0.04634	0.5	55640	2579	54351	527684	9.48
1995-1999	77	0.05954	0.05782	0.5	53061	3068	51527	473333	8.92
1995-1999	78	0.06223	0.06035	0.5	49994	3017	48485	421806	8.44
1995-1999	79	0.06723	0.06504	0.5	46976	3055	45449	373321	7.95
1995-1999	80	0.07411	0.07147	0.5	43921	3139	42352	327872	7.47
1995-1999	81	0.08245	0.07918	0.5	40782	3229	39168	285520	7.00
1995-1999	82	0.09162	0.08761	0.5	37553	3290	35908	246353	6.56
1995-1999	83	0.10170	0.09678	0.5	34263	3316	32605	210445	6.14
1995-1999	84	0.11276	0.10674	0.5	30947	3303	29295	177840	5.75
1995-1999	85	0.12485	0.11751	0.5	27644	3248	26019	148545	5.37
1995-1999	86	0.13803	0.12912	0.5	24395	3150	22820	122525	5.02
1995-1999	87	0.15237	0.14158	0.5	21245	3008	19741	99705	4.69
1995-1999	88	0.16790	0.15490	0.5	18237	2825	16825	79964	4.38
1995-1999	89	0.18467	0.16906	0.5	15412	2606	14110	63139	4.10
1995-1999	90	0.20271	0.18405	0.5	12807	2357	11628	49029	3.83
1995-1999	91	0.22203	0.19984	0.5	10450	2088	9406	37401	3.58
1995-1999	92	0.24263	0.21638	0.5	8361	1809	7457	27996	3.35
1995-1999	93	0.26449	0.23360	0.5	6552	1531	5787	20539	3.13
1995-1999	94	0.28758	0.25143	0.5	5022	1263	4390	14752	2.94
1995-1999	95	0.31182	0.26977	0.5	3759	1014	3252	10362	2.76
1995-1999	96	0.33715	0.28851	0.5	2745	792	2349	7110	2.59
1995-1999	97	0.36344	0.30755	0.5	1953	601	1653	4761	2.44
1995-1999	98	0.39058	0.32676	0.5	1352	442	1131	3108	2.30
1995-1999	99	0.41841	0.34602	0.5	910	315	753	1977	2.17
1995-1999	100	0.44676	0.36519	0.5	595	217	487	1224	2.06
1995-1999	101	0.47547	0.38415	0.5	378	145	305	737	1.95
1995-1999	102	0.50435	0.40278	0.5	233	94	186	432	1.85
1995-1999	103	0.53319	0.42096	0.5	139	59	110	246	1.77
1995-1999	104	0.56181	0.43861	0.5	80	35	63	136	1.69
1995-1999	105	0.59003	0.45562	0.5	45	21	35	73	1.62
1995-1999	106	0.61767	0.47192	0.5	25	12	19	38	1.56
1995-1999	107	0.64456	0.48746	0.5	13	6	10	20	1.50
1995-1999	108	0.67058	0.50220	0.5	7	3	5	10	1.45
1995-1999	109	0.69559	0.51609	0.5	3	2	2	5	1.41
1995-1999	110+	0.71949	1.00000	1.39	2	2	2	2	1.39
2000-2004	0	0.00835	0.00829	0.07	100000	829	99227	7513809	75.14
2000-2004	1	0.00069	0.00069	0.5	99171	68	99137	7414581	74.77
2000-2004	2	0.00042	0.00042	0.5	99103	42	99082	7315444	73.82
2000-2004	3	0.00065	0.00065	0.5	99061	64	99029	7216362	72.85
2000-2004	4	0.00027	0.00027	0.5	98997	26	98984	7117333	71.89
2000-2004	5	0.00019	0.00019	0.5	98970	19	98961	7018350	70.91
2000-2004	6	0.00041	0.00041	0.5	98952	41	98931	6919389	69.93
2000-2004	7	0.00030	0.00030	0.5	98911	29	98896	6820458	68.96
2000-2004	8	0.00033	0.00033	0.5	98881	32	98865	6721562	67.98
2000-2004	9	0.00021	0.00021	0.5	98849	21	98839	6622696	67.00
2000-2004	10	0.00028	0.00028	0.5	98828	27	98815	6523858	66.01
2000-2004	11	0.00017	0.00017	0.5	98801	17	98793	6425043	65.03
2000-2004	12	0.00037	0.00037	0.5	98784	37	98766	6326250	64.04
2000-2004	13	0.00046	0.00046	0.5	98747	46	98724	6227485	63.06
2000-2004	14	0.00059	0.00059	0.5	98701	58	98673	6128760	62.09
2000-2004	15	0.00073	0.00073	0.5	98644	72	98607	6030088	61.13
2000-2004	16	0.00107	0.00107	0.5	98571	105	98519	5931480	60.17
2000-2004	17	0.00093	0.00093	0.5	98466	92	98420	5832961	59.24
2000-2004	18	0.00129	0.00129	0.5	98374	126	98311	5734541	58.29
2000-2004	19	0.00129	0.00129	0.5	98248	127	98185	5636230	57.37
2000-2004	20	0.00144	0.00144	0.5	98121	142	98050	5538045	56.44
2000-2004	21	0.00155	0.00155	0.5	97980	152	97904	5439995	55.52
2000-2004	22	0.00134	0.00134	0.5	97828	131	97762	5342091	54.61
2000-2004	23	0.00130	0.00130	0.5	97696	127	97633	5244329	53.68
2000-2004	24	0.00157	0.00157	0.5	97570	153	97493	5146696	52.75
2000-2004	25	0.00159	0.00159	0.5	97417	155	97339	5049203	51.83
2000-2004	26	0.00114	0.00114	0.5	97262	111	97206	4951864	50.91
2000-2004	27	0.00129	0.00128	0.5	97151	125	97089	4854657	49.97
2000-2004	28	0.00131	0.00130	0.5	97026	127	96963	4757569	49.03
2000-2004	29	0.00149	0.00149	0.5	96900	144	96828	4660606	48.10
2000-2004	30	0.00152	0.00152	0.5	96756	147	96682	4563778	47.17
2000-2004	31	0.00148	0.00148	0.5	96608	143	96537	4467096	46.24
2000-2004	32	0.00187	0.00187	0.5	96466	180	96376	4370559	45.31
2000-2004	33	0.00180	0.00179	0.5	96285	173	96199	4274183	44.39
2000-2004	34	0.00174	0.00174	0.5	96113	167	96029	4177984	43.47
2000-2004	35	0.00138	0.00138	0.5	95946	133	95879	4081955	42.54
2000-2004	36	0.00181	0.00180	0.5	95813	173	95727	3986076	41.60
2000-2004	37	0.00215	0.00214	0.5	95640	205	95538	3890349	40.68
2000-2004	38	0.00222	0.00222	0.5	95435	212	95329	3794811	39.76
2000-2004	39	0.00177	0.00177	0.5	95223	169	95139	3699482	38.85
2000-2004	40	0.00213	0.00213	0.5	95055	202	94954	3604343	37.92
2000-2004	41	0.00245	0.00244	0.5	94853	232	94737	3509389	37.00
2000-2004	42	0.00261	0.00260	0.5	94621	246	94498	3414652	36.09
2000-2004	43	0.00268	0.00268	0.5	94375	253	94248	3320154	35.18
2000-2004	44	0.00292	0.00292	0.5	94122	275	93985	3225906	34.27
2000-2004	45	0.00396	0.00395	0.5	93847	371	93662	3131921	33.37
2000-2004	46	0.00369	0.00369	0.5	93476	345	93304	3038259	32.50
2000-2004	47	0.00347	0.00347	0.5	93132	323	92970	2944955	31.62
2000-2004	48	0.00437	0.00436	0.5	92809	405	92606	2851985	30.73
2000-2004	49	0.00389	0.00388	0.5	92404	359	92225	2759378	29.86
2000-2004	50	0.00497	0.00495	0.5	92045	456	91817	2667154	28.98
2000-2004	51	0.00489	0.00488	0.5	91589	447	91366	2575336	28.12
2000-2004	52	0.00506	0.00504	0.5	91143	460	90913	2483970	27.25
2000-2004	53	0.00608	0.00606	0.5	90683	550	90408	2393058	26.39
2000-2004	54	0.00719	0.00717	0.5	90133	646	89810	2302650	25.55
2000-2004	55	0.00732	0.00730	0.5	89487	653	89161	2212840	24.73
2000-2004	56	0.00782	0.00779	0.5	88834	692	88488	2123679	23.91
2000-2004	57	0.00886	0.00882	0.5	88142	777	87753	2035191	23.09
2000-2004	58	0.00870	0.00867	0.5	87365	757	86986	1947437	22.29
2000-2004	59	0.00980	0.00975	0.5	86608	844	86186	1860451	21.48
2000-2004	60	0.01117	0.01111	0.5	85763	953	85287	1774265	20.69
2000-2004	61	0.01078	0.01072	0.5	84811	909	84356	1688978	19.91
2000-2004	62	0.01463	0.01452	0.5	83901	1219	83292	1604622	19.13
2000-2004	63	0.01307	0.01298	0.5	82683	1074	82146	1521330	18.40
2000-2004	64	0.01493	0.01482	0.5	81609	1209	81004	1439184	17.64
2000-2004	65	0.01774	0.01758	0.5	80400	1414	79693	1358180	16.89
2000-2004	66	0.01731	0.01716	0.5	78986	1355	78308	1278487	16.19
2000-2004	67	0.02111	0.02089	0.5	77631	1622	76820	1200179	15.46
2000-2004	68	0.02207	0.02183	0.5	76009	1659	75180	1123359	14.78
2000-2004	69	0.02427	0.02398	0.5	74350	1783	73459	1048179	14.10
2000-2004	70	0.02654	0.02619	0.5	72567	1901	71617	974720	13.43
2000-2004	71	0.03098	0.03051	0.5	70667	2156	69589	903104	12.78
2000-2004	72	0.03264	0.03212	0.5	68510	2200	67410	833515	12.17
2000-2004	73	0.03829	0.03757	0.5	66310	2491	65065	766105	11.55
2000-2004	74	0.03686	0.03620	0.5	63819	2310	62664	701040	10.98
2000-2004	75	0.04182	0.04096	0.5	61509	2520	60249	638376	10.38
2000-2004	76	0.04572	0.04470	0.5	58989	2637	57671	578127	9.80
2000-2004	77	0.05235	0.05101	0.5	56352	2875	54915	520456	9.24
2000-2004	78	0.05749	0.05588	0.5	53478	2989	51983	465541	8.71
2000-2004	79	0.06870	0.06642	0.5	50489	3353	48813	413558	8.19
2000-2004	80	0.06835	0.06609	0.5	47136	3115	45578	364745	7.74
2000-2004	81	0.07637	0.07356	0.5	44021	3238	42402	319167	7.25
2000-2004	82	0.08525	0.08177	0.5	40783	3335	39115	276765	6.79
2000-2004	83	0.09506	0.09075	0.5	37448	3398	35749	237650	6.35
2000-2004	84	0.10586	0.10054	0.5	34050	3423	32338	201901	5.93
2000-2004	85	0.11774	0.11119	0.5	30626	3405	28924	169563	5.54
2000-2004	86	0.13075	0.12272	0.5	27221	3341	25551	140639	5.17
2000-2004	87	0.14496	0.13516	0.5	23880	3228	22266	115089	4.82
2000-2004	88	0.16043	0.14852	0.5	20653	3067	19119	92822	4.49
2000-2004	89	0.17721	0.16279	0.5	17585	2863	16154	73703	4.19
2000-2004	90	0.19534	0.17796	0.5	14723	2620	13413	57549	3.91
2000-2004	91	0.21483	0.19400	0.5	12103	2348	10929	44136	3.65
2000-2004	92	0.23571	0.21086	0.5	9755	2057	8726	33207	3.40
2000-2004	93	0.25794	0.22847	0.5	7698	1759	6819	24481	3.18
2000-2004	94	0.28150	0.24677	0.5	5939	1466	5206	17662	2.97
2000-2004	95	0.30632	0.26564	0.5	4474	1188	3879	12456	2.78
2000-2004	96	0.33232	0.28497	0.5	3285	936	2817	8577	2.61
2000-2004	97	0.35939	0.30465	0.5	2349	716	1991	5760	2.45
2000-2004	98	0.38738	0.32452	0.5	1633	530	1368	3768	2.31
2000-2004	99	0.41613	0.34446	0.5	1103	380	913	2400	2.18
2000-2004	100	0.44546	0.36432	0.5	723	264	592	1487	2.06
2000-2004	101	0.47518	0.38396	0.5	460	177	372	895	1.95
2000-2004	102	0.50508	0.40324	0.5	283	114	226	524	1.85
2000-2004	103	0.53494	0.42205	0.5	169	71	133	297	1.76
2000-2004	104	0.56455	0.44027	0.5	98	43	76	164	1.68
2000-2004	105	0.59371	0.45781	0.5	55	25	42	88	1.61
2000-2004	106	0.62222	0.47458	0.5	30	14	23	46	1.54
2000-2004	107	0.64991	0.49052	0.5	16	8	12	23	1.49
2000-2004	108	0.67663	0.50558	0.5	8	4	6	11	1.44
2000-2004	109	0.70224	0.51975	0.5	4	2	3	5	1.40
2000-2004	110+	0.72665	1.00000	1.38	2	2	3	3	1.38
2005-2009	0	0.00839	0.00832	0.07	100000	832	99224	7610180	76.10
2005-2009	1	0.00066	0.00066	0.5	99168	65	99135	7510956	75.74
2005-2009	2	0.00027	0.00027	0.5	99103	27	99089	7411821	74.79
2005-2009	3	0.00021	0.00021	0.5	99075	21	99065	7312732	73.81
2005-2009	4	0.00047	0.00047	0.5	99054	47	99031	7213667	72.83
2005-2009	5	0.00018	0.00018	0.5	99008	18	98999	7114636	71.86
2005-2009	6	0.00026	0.00026	0.5	98990	26	98977	7015637	70.87
2005-2009	7	0.00011	0.00011	0.5	98964	11	98959	6916660	69.89
2005-2009	8	0.00026	0.00026	0.5	98953	25	98940	6817702	68.90
2005-2009	9	0.00014	0.00014	0.5	98928	14	98921	6718761	67.92
2005-2009	10	0.00018	0.00018	0.5	98913	18	98904	6619841	66.93
2005-2009	11	0.00018	0.00018	0.5	98896	18	98887	6520936	65.94
2005-2009	12	0.00018	0.00018	0.5	98878	18	98869	6422050	64.95
2005-2009	13	0.00021	0.00021	0.5	98860	21	98849	6323181	63.96
2005-2009	14	0.00060	0.00060	0.5	98839	59	98809	6224332	62.97
2005-2009	15	0.00078	0.00078	0.5	98780	77	98741	6125523	62.01
2005-2009	16	0.00106	0.00106	0.5	98703	105	98650	6026782	61.06
2005-2009	17	0.00105	0.00105	0.5	98598	103	98546	5928132	60.12
2005-2009	18	0.00154	0.00153	0.5	98494	151	98419	5829586	59.19
2005-2009	19	0.00147	0.00147	0.5	98343	145	98271	5731167	58.28
2005-2009	20	0.00108	0.00108	0.5	98198	106	98145	5632896	57.36
2005-2009	21	0.00167	0.00167	0.5	98092	164	98010	5534751	56.42
2005-2009	22	0.00133	0.00133	0.5	97928	130	97863	5436741	55.52
2005-2009	23	0.00150	0.00149	0.5	97798	146	97725	5338878	54.59
2005-2009	24	0.00184	0.00184	0.5	97652	180	97562	5241153	53.67
2005-2009	25	0.00136	0.00136	0.5	97472	132	97406	5143591	52.77
2005-2009	26	0.00137	0.00137	0.5	97340	133	97274	5046184	51.84
2005-2009	27	0.00151	0.00151	0.5	97207	146	97134	4948910	50.91
2005-2009	28	0.00159	0.00159	0.5	97061	154	96984	4851776	49.99
2005-2009	29	0.00169	0.00169	0.5	96907	164	96825	4754792	49.07
2005-2009	30	0.00138	0.00138	0.5	96743	134	96676	4657967	48.15
2005-2009	31	0.00125	0.00124	0.5	96609	120	96549	4561292	47.21
2005-2009	32	0.00109	0.00109	0.5	96489	105	96436	4464743	46.27
2005-2009	33	0.00161	0.00161	0.5	96384	155	96306	4368306	45.32
2005-2009	34	0.00155	0.00155	0.5	96229	149	96154	4272000	44.39
2005-2009	35	0.00177	0.00177	0.5	96080	170	95995	4175846	43.46
2005-2009	36	0.00149	0.00149	0.5	95910	142	95839	4079851	42.54
2005-2009	37	0.00197	0.00197	0.5	95767	189	95673	3984012	41.60
2005-2009	38	0.00188	0.00187	0.5	95579	179	95489	3888339	40.68
2005-2009	39	0.00197	0.00197	0.5	95400	188	95306	3792850	39.76
2005-2009	40	0.00205	0.00205	0.5	95212	195	95115	3697544	38.83
2005-2009	41	0.00290	0.00290	0.5	95017	275	94880	3602429	37.91
2005-2009	42	0.00268	0.00267	0.5	94742	253	94615	3507549	37.02
2005-2009	43	0.00271	0.00271	0.5	94489	256	94361	3412934	36.12
2005-2009	44	0.00246	0.00246	0.5	94233	232	94117	3318573	35.22
2005-2009	45	0.00346	0.00346	0.5	94001	325	93839	3224456	34.30
2005-2009	46	0.00312	0.00311	0.5	93676	292	93531	3130617	33.42
2005-2009	47	0.00375	0.00374	0.5	93385	350	93210	3037087	32.52
2005-2009	48	0.00349	0.00349	0.5	93035	325	92873	2943877	31.64
2005-2009	49	0.00522	0.00521	0.5	92711	483	92469	2851004	30.75
2005-2009	50	0.00441	0.00440	0.5	92228	406	92025	2758534	29.91
2005-2009	51	0.00464	0.00463	0.5	91822	425	91610	2666509	29.04
2005-2009	52	0.00504	0.00503	0.5	91397	460	91167	2574900	28.17
2005-2009	53	0.00554	0.00553	0.5	90937	502	90686	2483733	27.31
2005-2009	54	0.00579	0.00577	0.5	90435	522	90174	2393047	26.46
2005-2009	55	0.00644	0.00642	0.5	89913	577	89624	2302873	25.61
2005-2009	56	0.00654	0.00652	0.5	89335	583	89044	2213249	24.77
2005-2009	57	0.00777	0.00774	0.5	88753	687	88409	2124205	23.93
2005-2009	58	0.00943	0.00938	0.5	88066	826	87653	2035795	23.12
2005-2009	59	0.00885	0.00881	0.5	87239	768	86855	1948143	22.33
2005-2009	60	0.01051	0.01045	0.5	86471	904	86019	1861288	21.52
2005-2009	61	0.01153	0.01147	0.5	85567	981	85077	1775269	20.75
2005-2009	62	0.01083	0.01077	0.5	84586	911	84131	1690192	19.98
2005-2009	63	0.01389	0.01380	0.5	83676	1154	83098	1606061	19.19
2005-2009	64	0.01360	0.01351	0.5	82521	1115	81964	1522962	18.46
2005-2009	65	0.01781	0.01765	0.5	81406	1437	80688	1440999	17.70
2005-2009	66	0.01888	0.01870	0.5	79969	1496	79221	1360311	17.01
2005-2009	67	0.01616	0.01603	0.5	78474	1258	77845	1281090	16.33
2005-2009	68	0.01893	0.01875	0.5	77216	1448	76492	1203245	15.58
2005-2009	69	0.01969	0.01950	0.5	75768	1478	75029	1126753	14.87
2005-2009	70	0.02263	0.02238	0.5	74290	1663	73459	1051724	14.16
2005-2009	71	0.02658	0.02623	0.5	72628	1905	71675	978266	13.47
2005-2009	72	0.02439	0.02409	0.5	70722	1704	69870	906591	12.82
2005-2009	73	0.03107	0.03059	0.5	69019	2111	67963	836720	12.12
2005-2009	74	0.03361	0.03306	0.5	66907	2212	65801	768757	11.49
2005-2009	75	0.03944	0.03868	0.5	64695	2502	63444	702956	10.87
2005-2009	76	0.04079	0.03997	0.5	62193	2486	60950	639512	10.28
2005-2009	77	0.04274	0.04184	0.5	59707	2498	58458	578562	9.69
2005-2009	78	0.05243	0.05109	0.5	57209	2923	55747	520104	9.09
2005-2009	79	0.05413	0.05271	0.5	54286	2861	52855	464357	8.55
2005-2009	80	0.06149	0.05966	0.5	51424	3068	49890	411502	8.00
2005-2009	81	0.06937	0.06704	0.5	48356	3242	46735	361611	7.48
2005-2009	82	0.07817	0.07523	0.5	45114	3394	43418	314876	6.98
2005-2009	83	0.08798	0.08427	0.5	41721	3516	39963	271458	6.51
2005-2009	84	0.09889	0.09423	0.5	38205	3600	36405	231496	6.06
2005-2009	85	0.11098	0.10515	0.5	34605	3639	32785	195091	5.64
2005-2009	86	0.12436	0.11708	0.5	30966	3625	29153	162306	5.24
2005-2009	87	0.13909	0.13004	0.5	27341	3555	25563	133152	4.87
2005-2009	88	0.15525	0.14407	0.5	23785	3427	22072	107589	4.52
2005-2009	89	0.17292	0.15916	0.5	20359	3240	18738	85517	4.20
2005-2009	90	0.19214	0.17530	0.5	17118	3001	15618	66779	3.90
2005-2009	91	0.21295	0.19246	0.5	14117	2717	12759	51161	3.62
2005-2009	92	0.23536	0.21058	0.5	11400	2401	10200	38402	3.37
2005-2009	93	0.25935	0.22958	0.5	9000	2066	7967	28202	3.13
2005-2009	94	0.28487	0.24935	0.5	6934	1729	6069	20236	2.92
2005-2009	95	0.31184	0.26978	0.5	5205	1404	4503	14166	2.72
2005-2009	96	0.34015	0.29071	0.5	3801	1105	3248	9664	2.54
2005-2009	97	0.36966	0.31199	0.5	2696	841	2275	6416	2.38
2005-2009	98	0.40017	0.33345	0.5	1855	618	1545	4140	2.23
2005-2009	99	0.43147	0.35491	0.5	1236	439	1017	2595	2.10
2005-2009	100	0.46333	0.37618	0.5	797	300	647	1578	1.98
2005-2009	101	0.49550	0.39711	0.5	497	198	399	931	1.87
2005-2009	102	0.52770	0.41753	0.5	300	125	237	532	1.77
2005-2009	103	0.55967	0.43730	0.5	175	76	136	295	1.69
2005-2009	104	0.59116	0.45629	0.5	98	45	76	158	1.61
2005-2009	105	0.62191	0.47440	0.5	53	25	41	82	1.54
2005-2009	106	0.65172	0.49154	0.5	28	14	21	42	1.48
2005-2009	107	0.68038	0.50767	0.5	14	7	11	20	1.43
2005-2009	108	0.70774	0.52275	0.5	7	4	5	10	1.38
2005-2009	109	0.73368	0.53677	0.5	3	2	2	5	1.34
2005-2009	110+	0.75810	1.00000	1.32	2	2	2	2	1.32
2010-2014	0	0.00751	0.00745	0.07	100000	745	99303	7677138	76.77
2010-2014	1	0.00066	0.00066	0.5	99255	65	99222	7577835	76.35
2010-2014	2	0.00029	0.00029	0.5	99189	29	99175	7478613	75.40
2010-2014	3	0.00036	0.00036	0.5	99160	35	99143	7379438	74.42
2010-2014	4	0.00026	0.00026	0.5	99125	26	99112	7280295	73.45
2010-2014	5	0.00029	0.00029	0.5	99099	29	99085	7181183	72.46
2010-2014	6	0.00003	0.00003	0.5	99070	3	99069	7082098	71.49
2010-2014	7	0.00030	0.00030	0.5	99067	30	99052	6983030	70.49
2010-2014	8	0.00017	0.00017	0.5	99037	17	99029	6883978	69.51
2010-2014	9	0.00017	0.00017	0.5	99020	17	99012	6784949	68.52
2010-2014	10	0.00007	0.00007	0.5	99003	7	99000	6685937	67.53
2010-2014	11	0.00039	0.00039	0.5	98996	39	98977	6586937	66.54
2010-2014	12	0.00018	0.00018	0.5	98958	18	98949	6487960	65.56
2010-2014	13	0.00028	0.00028	0.5	98940	28	98926	6389011	64.57
2010-2014	14	0.00039	0.00039	0.5	98912	39	98892	6290085	63.59
2010-2014	15	0.00086	0.00085	0.5	98873	85	98831	6191193	62.62
2010-2014	16	0.00088	0.00088	0.5	98788	87	98745	6092362	61.67
2010-2014	17	0.00070	0.00070	0.5	98701	69	98667	5993617	60.72
2010-2014	18	0.00103	0.00103	0.5	98632	102	98581	5894950	59.77
2010-2014	19	0.00090	0.00090	0.5	98530	89	98486	5796369	58.83
2010-2014	20	0.00134	0.00134	0.5	98442	132	98376	5697883	57.88
2010-2014	21	0.00126	0.00126	0.5	98310	124	98248	5599507	56.96
2010-2014	22	0.00130	0.00130	0.5	98186	127	98122	5501259	56.03
2010-2014	23	0.00104	0.00104	0.5	98058	102	98007	5403137	55.10
2010-2014	24	0.00146	0.00146	0.5	97956	143	97884	5305130	54.16
2010-2014	25	0.00113	0.00113	0.5	97813	110	97758	5207245	53.24
2010-2014	26	0.00166	0.00165	0.5	97703	162	97622	5109487	52.30
2010-2014	27	0.00133	0.00132	0.5	97541	129	97476	5011865	51.38
2010-2014	28	0.00124	0.00124	0.5	97412	121	97351	4914389	50.45
2010-2014	29	0.00113	0.00113	0.5	97291	110	97236	4817038	49.51
2010-2014	30	0.00153	0.00152	0.5	97181	148	97107	4719802	48.57
2010-2014	31	0.00172	0.00172	0.5	97033	167	96950	4622694	47.64
2010-2014	32	0.00142	0.00142	0.5	96866	137	96798	4525745	46.72
2010-2014	33	0.00144	0.00144	0.5	96729	140	96659	4428947	45.79
2010-2014	34	0.00164	0.00164	0.5	96589	159	96510	4332288	44.85
2010-2014	35	0.00204	0.00204	0.5	96431	197	96332	4235778	43.93
2010-2014	36	0.00160	0.00159	0.5	96234	153	96157	4139445	43.01
2010-2014	37	0.00210	0.00210	0.5	96080	202	95980	4043288	42.08
2010-2014	38	0.00184	0.00184	0.5	95879	177	95791	3947309	41.17
2010-2014	39	0.00233	0.00233	0.5	95702	223	95591	3851518	40.24
2010-2014	40	0.00225	0.00225	0.5	95480	215	95372	3755927	39.34
2010-2014	41	0.00210	0.00209	0.5	95265	199	95165	3660555	38.43
2010-2014	42	0.00309	0.00309	0.5	95065	293	94919	3565390	37.50
2010-2014	43	0.00281	0.00281	0.5	94772	266	94639	3470471	36.62
2010-2014	44	0.00301	0.00301	0.5	94506	284	94364	3375832	35.72
2010-2014	45	0.00329	0.00329	0.5	94222	310	94067	3281468	34.83
2010-2014	46	0.00375	0.00374	0.5	93912	351	93736	3187402	33.94
2010-2014	47	0.00397	0.00397	0.5	93561	371	93375	3093665	33.07
2010-2014	48	0.00375	0.00374	0.5	93190	349	93015	3000290	32.20
2010-2014	49	0.00416	0.00415	0.5	92841	385	92648	2907275	31.31
2010-2014	50	0.00471	0.00470	0.5	92456	435	92238	2814627	30.44
2010-2014	51	0.00482	0.00480	0.5	92021	442	91800	2722388	29.58
2010-2014	52	0.00564	0.00562	0.5	91579	515	91322	2630588	28.72
2010-2014	53	0.00569	0.00568	0.5	91064	517	90806	2539266	27.88
2010-2014	54	0.00592	0.00590	0.5	90547	535	90280	2448461	27.04
2010-2014	55	0.00633	0.00631	0.5	90013	568	89729	2358180	26.20
2010-2014	56	0.00693	0.00691	0.5	89445	618	89136	2268452	25.36
2010-2014	57	0.00897	0.00893	0.5	88827	793	88430	2179316	24.53
2010-2014	58	0.00852	0.00848	0.5	88034	747	87661	2090886	23.75
2010-2014	59	0.00985	0.00981	0.5	87287	856	86859	2003225	22.95
2010-2014	60	0.01007	0.01002	0.5	86431	866	85998	1916366	22.17
2010-2014	61	0.00956	0.00952	0.5	85566	814	85158	1830367	21.39
2010-2014	62	0.01093	0.01087	0.5	84751	921	84291	1745209	20.59
2010-2014	63	0.01187	0.01180	0.5	83830	989	83336	1660918	19.81
2010-2014	64	0.01367	0.01358	0.5	82841	1125	82279	1577582	19.04
2010-2014	65	0.01556	0.01544	0.5	81717	1262	81086	1495303	18.30
2010-2014	66	0.01536	0.01524	0.5	80455	1226	79842	1414217	17.58
2010-2014	67	0.01765	0.01750	0.5	79229	1386	78536	1334376	16.84
2010-2014	68	0.01770	0.01754	0.5	77842	1366	77160	1255840	16.13
2010-2014	69	0.01899	0.01881	0.5	76477	1439	75757	1178680	15.41
2010-2014	70	0.02101	0.02079	0.5	75038	1560	74258	1102923	14.70
2010-2014	71	0.02486	0.02455	0.5	73478	1804	72576	1028665	14.00
2010-2014	72	0.02569	0.02536	0.5	71674	1818	70765	956089	13.34
2010-2014	73	0.02775	0.02737	0.5	69856	1912	68900	885324	12.67
2010-2014	74	0.03246	0.03194	0.5	67944	2170	66859	816424	12.02
2010-2014	75	0.03390	0.03334	0.5	65774	2193	64678	749565	11.40
2010-2014	76	0.03640	0.03575	0.5	63581	2273	62445	684887	10.77
2010-2014	77	0.04394	0.04300	0.5	61308	2636	59990	622442	10.15
2010-2014	78	0.04498	0.04399	0.5	58672	2581	57382	562452	9.59
2010-2014	79	0.04915	0.04797	0.5	56091	2691	54746	505070	9.00
2010-2014	80	0.05459	0.05314	0.5	53400	2838	51981	450325	8.43
2010-2014	81	0.06189	0.06003	0.5	50563	3035	49045	398343	7.88
2010-2014	82	0.07009	0.06772	0.5	47527	3219	45918	349298	7.35
2010-2014	83	0.07929	0.07627	0.5	44309	3379	42619	303380	6.85
2010-2014	84	0.08958	0.08574	0.5	40929	3509	39175	260761	6.37
2010-2014	85	0.10106	0.09619	0.5	37420	3600	35620	221587	5.92
2010-2014	86	0.11382	0.10769	0.5	33821	3642	31999	185966	5.50
2010-2014	87	0.12796	0.12027	0.5	30178	3630	28364	153967	5.10
2010-2014	88	0.14358	0.13397	0.5	26549	3557	24771	125603	4.73
2010-2014	89	0.16076	0.14880	0.5	22992	3421	21282	100833	4.39
2010-2014	90	0.17956	0.16476	0.5	19571	3225	17959	79551	4.06
2010-2014	91	0.20003	0.18184	0.5	16346	2972	14860	61593	3.77
2010-2014	92	0.22220	0.19998	0.5	13374	2675	12037	46732	3.49
2010-2014	93	0.24608	0.21912	0.5	10699	2344	9527	34696	3.24
2010-2014	94	0.27162	0.23914	0.5	8355	1998	7356	25168	3.01
2010-2014	95	0.29877	0.25994	0.5	6357	1652	5531	17812	2.80
2010-2014	96	0.32741	0.28135	0.5	4705	1324	4043	12282	2.61
2010-2014	97	0.35739	0.30321	0.5	3381	1025	2868	8239	2.44
2010-2014	98	0.38854	0.32534	0.5	2356	766	1973	5370	2.28
2010-2014	99	0.42062	0.34753	0.5	1589	552	1313	3398	2.14
2010-2014	100	0.45339	0.36960	0.5	1037	383	845	2085	2.01
2010-2014	101	0.48657	0.39136	0.5	654	256	526	1239	1.90
2010-2014	102	0.51986	0.41261	0.5	398	164	316	714	1.79
2010-2014	103	0.55298	0.43320	0.5	234	101	183	398	1.70
2010-2014	104	0.58564	0.45299	0.5	132	60	102	215	1.62
2010-2014	105	0.61756	0.47186	0.5	72	34	55	112	1.55
2010-2014	106	0.64850	0.48971	0.5	38	19	29	57	1.48
2010-2014	107	0.67824	0.50648	0.5	20	10	15	28	1.43
2010-2014	108	0.70660	0.52213	0.5	10	5	7	13	1.38
2010-2014	109	0.73344	0.53664	0.5	5	2	3	6	1.34
2010-2014	110+	0.75867	1.00000	1.32	2	2	3	3	1.32
2015-2019	0	0.00774	0.00769	0.07	100000	769	99282	7627806	76.28
2015-2019	1	0.00044	0.00044	0.5	99231	44	99209	7528524	75.87
2015-2019	2	0.00051	0.00051	0.5	99187	50	99162	7429315	74.90
2015-2019	3	0.00019	0.00019	0.5	99137	19	99128	7330152	73.94
2015-2019	4	0.00042	0.00042	0.5	99118	41	99098	7231025	72.95
2015-2019	5	0.00013	0.00013	0.5	99077	13	99071	7131927	71.98
2015-2019	6	0.00022	0.00022	0.5	99064	22	99053	7032857	70.99
2015-2019	7	0.00019	0.00019	0.5	99042	19	99033	6933803	70.01
2015-2019	8	0.00019	0.00019	0.5	99023	19	99013	6834771	69.02
2015-2019	9	0.00019	0.00019	0.5	99004	19	98994	6735757	68.04
2015-2019	10	0.00010	0.00010	0.5	98985	10	98980	6636763	67.05
2015-2019	11	0.00023	0.00023	0.5	98975	22	98964	6537783	66.05
2015-2019	12	0.00026	0.00026	0.5	98953	26	98940	6438818	65.07
2015-2019	13	0.00013	0.00013	0.5	98927	13	98920	6339878	64.09
2015-2019	14	0.00055	0.00055	0.5	98914	54	98887	6240958	63.09
2015-2019	15	0.00068	0.00068	0.5	98860	68	98826	6142072	62.13
2015-2019	16	0.00106	0.00106	0.5	98792	105	98739	6043246	61.17
2015-2019	17	0.00090	0.00090	0.5	98687	89	98643	5944506	60.24
2015-2019	18	0.00172	0.00172	0.5	98598	170	98513	5845864	59.29
2015-2019	19	0.00120	0.00120	0.5	98429	118	98369	5747350	58.39
2015-2019	20	0.00080	0.00080	0.5	98310	79	98271	5648981	57.46
2015-2019	21	0.00148	0.00148	0.5	98231	145	98159	5550710	56.51
2015-2019	22	0.00161	0.00160	0.5	98086	157	98007	5452551	55.59
2015-2019	23	0.00138	0.00138	0.5	97929	135	97861	5354544	54.68
2015-2019	24	0.00185	0.00185	0.5	97793	181	97703	5256683	53.75
2015-2019	25	0.00204	0.00204	0.5	97612	199	97513	5158980	52.85
2015-2019	26	0.00157	0.00157	0.5	97413	153	97337	5061467	51.96
2015-2019	27	0.00146	0.00145	0.5	97260	141	97190	4964130	51.04
2015-2019	28	0.00192	0.00191	0.5	97119	186	97026	4866941	50.11
2015-2019	29	0.00155	0.00155	0.5	96933	150	96858	4769915	49.21
2015-2019	30	0.00210	0.00210	0.5	96783	203	96681	4673057	48.28
2015-2019	31	0.00149	0.00148	0.5	96580	143	96508	4576376	47.38
2015-2019	32	0.00177	0.00177	0.5	96437	170	96351	4479868	46.45
2015-2019	33	0.00201	0.00200	0.5	96266	193	96170	4383516	45.54
2015-2019	34	0.00194	0.00194	0.5	96073	187	95980	4287346	44.63
2015-2019	35	0.00242	0.00242	0.5	95887	232	95771	4191366	43.71
2015-2019	36	0.00149	0.00148	0.5	95655	142	95584	4095595	42.82
2015-2019	37	0.00242	0.00242	0.5	95513	231	95397	4000012	41.88
2015-2019	38	0.00261	0.00261	0.5	95282	249	95157	3904614	40.98
2015-2019	39	0.00239	0.00239	0.5	95033	227	94920	3809457	40.09
2015-2019	40	0.00267	0.00266	0.5	94806	253	94680	3714537	39.18
2015-2019	41	0.00233	0.00233	0.5	94554	220	94444	3619857	38.28
2015-2019	42	0.00296	0.00295	0.5	94334	279	94194	3525413	37.37
2015-2019	43	0.00298	0.00298	0.5	94055	280	93915	3431219	36.48
2015-2019	44	0.00339	0.00338	0.5	93775	317	93616	3337304	35.59
2015-2019	45	0.00376	0.00375	0.5	93458	351	93282	3243688	34.71
2015-2019	46	0.00425	0.00424	0.5	93107	395	92909	3150406	33.84
2015-2019	47	0.00424	0.00423	0.5	92712	392	92515	3057497	32.98
2015-2019	48	0.00369	0.00368	0.5	92319	340	92149	2964981	32.12
2015-2019	49	0.00502	0.00501	0.5	91979	461	91749	2872832	31.23
2015-2019	50	0.00426	0.00425	0.5	91518	389	91324	2781083	30.39
2015-2019	51	0.00521	0.00519	0.5	91130	473	90893	2689759	29.52
2015-2019	52	0.00551	0.00549	0.5	90657	498	90408	2598866	28.67
2015-2019	53	0.00632	0.00630	0.5	90159	568	89874	2508459	27.82
2015-2019	54	0.00625	0.00623	0.5	89590	558	89311	2418584	27.00
2015-2019	55	0.00821	0.00818	0.5	89032	728	88668	2329273	26.16
2015-2019	56	0.00899	0.00895	0.5	88304	790	87909	2240605	25.37
2015-2019	57	0.00827	0.00824	0.5	87514	721	87153	2152696	24.60
2015-2019	58	0.00894	0.00890	0.5	86793	773	86407	2065542	23.80
2015-2019	59	0.00856	0.00852	0.5	86020	733	85654	1979135	23.01
2015-2019	60	0.00971	0.00966	0.5	85287	824	84875	1893482	22.20
2015-2019	61	0.01148	0.01142	0.5	84463	964	83981	1808606	21.41
2015-2019	62	0.01100	0.01094	0.5	83499	914	83042	1724626	20.65
2015-2019	63	0.01189	0.01182	0.5	82585	976	82097	1641584	19.88
2015-2019	64	0.01323	0.01314	0.5	81609	1072	81073	1559487	19.11
2015-2019	65	0.01292	0.01284	0.5	80537	1034	80020	1478414	18.36
2015-2019	66	0.01389	0.01380	0.5	79503	1097	78955	1398394	17.59
2015-2019	67	0.01628	0.01614	0.5	78406	1266	77773	1319440	16.83
2015-2019	68	0.01805	0.01789	0.5	77140	1380	76450	1241667	16.10
2015-2019	69	0.01995	0.01975	0.5	75761	1496	75012	1165216	15.38
2015-2019	70	0.02059	0.02038	0.5	74264	1513	73508	1090204	14.68
2015-2019	71	0.02242	0.02218	0.5	72751	1613	71944	1016696	13.98
2015-2019	72	0.02734	0.02697	0.5	71138	1919	70178	944752	13.28
2015-2019	73	0.02988	0.02944	0.5	69219	2038	68200	874574	12.63
2015-2019	74	0.03250	0.03198	0.5	67181	2148	66107	806374	12.00
2015-2019	75	0.03499	0.03439	0.5	65032	2236	63914	740267	11.38
2015-2019	76	0.03865	0.03792	0.5	62796	2381	61606	676353	10.77
2015-2019	77	0.04386	0.04292	0.5	60415	2593	59118	614748	10.18
2015-2019	78	0.04439	0.04342	0.5	57822	2511	56567	555629	9.61
2015-2019	79	0.05383	0.05242	0.5	55311	2899	53861	499063	9.02
2015-2019	80	0.05404	0.05262	0.5	52412	2758	51033	445201	8.49
2015-2019	81	0.06124	0.05942	0.5	49654	2950	48179	394168	7.94
2015-2019	82	0.06932	0.06700	0.5	46703	3129	45139	345990	7.41
2015-2019	83	0.07838	0.07542	0.5	43575	3286	41931	300851	6.90
2015-2019	84	0.08851	0.08475	0.5	40288	3415	38581	258919	6.43
2015-2019	85	0.09980	0.09506	0.5	36874	3505	35121	220339	5.98
2015-2019	86	0.11236	0.10639	0.5	33368	3550	31593	185218	5.55
2015-2019	87	0.12628	0.11878	0.5	29818	3542	28047	153624	5.15
2015-2019	88	0.14165	0.13229	0.5	26276	3476	24538	125577	4.78
2015-2019	89	0.15856	0.14691	0.5	22800	3350	21126	101038	4.43
2015-2019	90	0.17706	0.16266	0.5	19451	3164	17869	79913	4.11
2015-2019	91	0.19721	0.17951	0.5	16287	2924	14825	62044	3.81
2015-2019	92	0.21905	0.19743	0.5	13363	2638	12044	47219	3.53
2015-2019	93	0.24258	0.21634	0.5	10725	2320	9565	35174	3.28
2015-2019	94	0.26776	0.23615	0.5	8405	1985	7412	25610	3.05
2015-2019	95	0.29455	0.25674	0.5	6420	1648	5596	18197	2.83
2015-2019	96	0.32283	0.27796	0.5	4772	1326	4109	12601	2.64
2015-2019	97	0.35247	0.29966	0.5	3445	1032	2929	8493	2.46
2015-2019	98	0.38329	0.32165	0.5	2413	776	2025	5564	2.31
2015-2019	99	0.41508	0.34374	0.5	1637	563	1355	3539	2.16
2015-2019	100	0.44760	0.36574	0.5	1074	393	878	2183	2.03
2015-2019	101	0.48056	0.38746	0.5	681	264	549	1305	1.92
2015-2019	102	0.51370	0.40872	0.5	417	171	332	756	1.81
2015-2019	103	0.54672	0.42935	0.5	247	106	194	424	1.72
2015-2019	104	0.57933	0.44921	0.5	141	63	109	230	1.64
2015-2019	105	0.61126	0.46817	0.5	78	36	59	121	1.56
2015-2019	106	0.64227	0.48615	0.5	41	20	31	62	1.50
2015-2019	107	0.67213	0.50307	0.5	21	11	16	31	1.44
2015-2019	108	0.70066	0.51888	0.5	11	5	8	15	1.39
2015-2019	109	0.72771	0.53357	0.5	5	3	4	7	1.35
2015-2019	110+	0.75318	1.00000	1.33	2	2	3	3	1.33
