OK: Oklahoma, Lifetables (period 1x5), Males Last modified: 20 Dec 2020, MPv5 (May07) 

Year     	Age	mx	qx	ax	lx	dx	Lx	Tx	ex
1960-1964	0	0.02716	0.02652	0.12	100000	2652	97660	6735679	67.36
1960-1964	1	0.00227	0.00227	0.5	97348	221	97237	6638019	68.19
1960-1964	2	0.00137	0.00137	0.5	97127	133	97060	6540782	67.34
1960-1964	3	0.00078	0.00078	0.5	96993	75	96956	6443722	66.43
1960-1964	4	0.00076	0.00076	0.5	96918	74	96881	6346766	65.49
1960-1964	5	0.00069	0.00069	0.5	96844	67	96810	6249885	64.54
1960-1964	6	0.00056	0.00056	0.5	96777	54	96750	6153075	63.58
1960-1964	7	0.00045	0.00045	0.5	96723	44	96701	6056325	62.62
1960-1964	8	0.00048	0.00048	0.5	96680	46	96656	5959623	61.64
1960-1964	9	0.00045	0.00045	0.5	96633	43	96612	5862967	60.67
1960-1964	10	0.00049	0.00049	0.5	96590	47	96566	5766355	59.70
1960-1964	11	0.00050	0.00050	0.5	96543	48	96519	5669789	58.73
1960-1964	12	0.00063	0.00063	0.5	96495	61	96464	5573270	57.76
1960-1964	13	0.00063	0.00063	0.5	96434	61	96403	5476806	56.79
1960-1964	14	0.00072	0.00072	0.5	96373	70	96338	5380402	55.83
1960-1964	15	0.00091	0.00091	0.5	96304	88	96260	5284064	54.87
1960-1964	16	0.00131	0.00131	0.5	96216	126	96153	5187804	53.92
1960-1964	17	0.00140	0.00140	0.5	96090	135	96023	5091651	52.99
1960-1964	18	0.00163	0.00163	0.5	95956	156	95878	4995628	52.06
1960-1964	19	0.00199	0.00199	0.5	95800	190	95704	4899751	51.15
1960-1964	20	0.00176	0.00176	0.5	95609	168	95525	4804047	50.25
1960-1964	21	0.00183	0.00183	0.5	95441	174	95353	4708522	49.33
1960-1964	22	0.00175	0.00175	0.5	95266	167	95183	4613168	48.42
1960-1964	23	0.00188	0.00188	0.5	95100	179	95010	4517985	47.51
1960-1964	24	0.00179	0.00179	0.5	94921	169	94836	4422975	46.60
1960-1964	25	0.00169	0.00168	0.5	94752	160	94672	4328139	45.68
1960-1964	26	0.00187	0.00187	0.5	94592	177	94504	4233467	44.76
1960-1964	27	0.00182	0.00182	0.5	94415	172	94329	4138963	43.84
1960-1964	28	0.00196	0.00196	0.5	94243	184	94151	4044634	42.92
1960-1964	29	0.00168	0.00168	0.5	94059	158	93980	3950483	42.00
1960-1964	30	0.00202	0.00202	0.5	93901	190	93806	3856503	41.07
1960-1964	31	0.00188	0.00188	0.5	93711	176	93624	3762697	40.15
1960-1964	32	0.00238	0.00238	0.5	93536	222	93425	3669073	39.23
1960-1964	33	0.00226	0.00226	0.5	93314	210	93208	3575649	38.32
1960-1964	34	0.00267	0.00267	0.5	93103	248	92979	3482440	37.40
1960-1964	35	0.00227	0.00227	0.5	92855	211	92749	3389461	36.50
1960-1964	36	0.00282	0.00282	0.5	92644	261	92514	3296712	35.58
1960-1964	37	0.00291	0.00290	0.5	92383	268	92249	3204198	34.68
1960-1964	38	0.00309	0.00308	0.5	92115	284	91973	3111949	33.78
1960-1964	39	0.00336	0.00336	0.5	91831	308	91677	3019976	32.89
1960-1964	40	0.00398	0.00397	0.5	91523	363	91341	2928299	32.00
1960-1964	41	0.00378	0.00377	0.5	91160	344	90988	2836958	31.12
1960-1964	42	0.00457	0.00456	0.5	90816	414	90609	2745970	30.24
1960-1964	43	0.00520	0.00518	0.5	90402	469	90167	2655362	29.37
1960-1964	44	0.00581	0.00579	0.5	89933	521	89672	2565194	28.52
1960-1964	45	0.00606	0.00605	0.5	89412	541	89142	2475522	27.69
1960-1964	46	0.00630	0.00628	0.5	88871	558	88592	2386380	26.85
1960-1964	47	0.00788	0.00785	0.5	88313	693	87967	2297788	26.02
1960-1964	48	0.00829	0.00826	0.5	87620	723	87259	2209821	25.22
1960-1964	49	0.00910	0.00906	0.5	86897	787	86503	2122562	24.43
1960-1964	50	0.00930	0.00926	0.5	86110	797	85711	2036059	23.64
1960-1964	51	0.01091	0.01085	0.5	85312	926	84849	1950348	22.86
1960-1964	52	0.01200	0.01193	0.5	84386	1006	83883	1865499	22.11
1960-1964	53	0.01372	0.01362	0.5	83380	1136	82812	1781615	21.37
1960-1964	54	0.01400	0.01390	0.5	82244	1143	81672	1698803	20.66
1960-1964	55	0.01441	0.01431	0.5	81101	1161	80520	1617131	19.94
1960-1964	56	0.01598	0.01585	0.5	79940	1267	79306	1536610	19.22
1960-1964	57	0.01783	0.01767	0.5	78673	1390	77978	1457304	18.52
1960-1964	58	0.01820	0.01803	0.5	77283	1394	76586	1379326	17.85
1960-1964	59	0.02005	0.01986	0.5	75889	1507	75136	1302740	17.17
1960-1964	60	0.02263	0.02237	0.5	74382	1664	73550	1227605	16.50
1960-1964	61	0.02263	0.02237	0.5	72718	1627	71905	1154054	15.87
1960-1964	62	0.02600	0.02567	0.5	71091	1825	70179	1082150	15.22
1960-1964	63	0.02777	0.02739	0.5	69267	1897	68318	1011971	14.61
1960-1964	64	0.03045	0.02999	0.5	67369	2020	66359	943653	14.01
1960-1964	65	0.03224	0.03173	0.5	65349	2073	64312	877294	13.42
1960-1964	66	0.03581	0.03518	0.5	63275	2226	62163	812982	12.85
1960-1964	67	0.03995	0.03916	0.5	61050	2391	59854	750819	12.30
1960-1964	68	0.04121	0.04038	0.5	58659	2369	57474	690965	11.78
1960-1964	69	0.04356	0.04263	0.5	56290	2400	55090	633491	11.25
1960-1964	70	0.04665	0.04559	0.5	53891	2457	52662	578400	10.73
1960-1964	71	0.04993	0.04871	0.5	51434	2505	50181	525738	10.22
1960-1964	72	0.05714	0.05555	0.5	48929	2718	47570	475557	9.72
1960-1964	73	0.05965	0.05792	0.5	46211	2677	44872	427987	9.26
1960-1964	74	0.06481	0.06278	0.5	43534	2733	42167	383115	8.80
1960-1964	75	0.06718	0.06500	0.5	40801	2652	39475	340948	8.36
1960-1964	76	0.07107	0.06863	0.5	38149	2618	36840	301473	7.90
1960-1964	77	0.07588	0.07311	0.5	35531	2598	34232	264633	7.45
1960-1964	78	0.08593	0.08239	0.5	32933	2713	31576	230401	7.00
1960-1964	79	0.09423	0.08999	0.5	30220	2720	28860	198825	6.58
1960-1964	80	0.10785	0.10233	0.5	27500	2814	26093	169965	6.18
1960-1964	81	0.11612	0.10975	0.5	24686	2709	23331	143871	5.83
1960-1964	82	0.13136	0.12326	0.5	21977	2709	20622	120540	5.48
1960-1964	83	0.13912	0.13007	0.5	19268	2506	18015	99918	5.19
1960-1964	84	0.14990	0.13945	0.5	16762	2337	15593	81903	4.89
1960-1964	85	0.16310	0.15080	0.5	14424	2175	13337	66310	4.60
1960-1964	86	0.18472	0.16910	0.5	12249	2071	11213	52973	4.32
1960-1964	87	0.19707	0.17939	0.5	10178	1826	9265	41760	4.10
1960-1964	88	0.21277	0.19231	0.5	8352	1606	7549	32495	3.89
1960-1964	89	0.22565	0.20277	0.5	6746	1368	6062	24946	3.70
1960-1964	90	0.24132	0.21534	0.5	5378	1158	4799	18884	3.51
1960-1964	91	0.25359	0.22506	0.5	4220	950	3745	14085	3.34
1960-1964	92	0.27135	0.23893	0.5	3270	781	2879	10340	3.16
1960-1964	93	0.28986	0.25317	0.5	2489	630	2174	7461	3.00
1960-1964	94	0.30911	0.26773	0.5	1859	498	1610	5287	2.84
1960-1964	95	0.32904	0.28255	0.5	1361	385	1169	3677	2.70
1960-1964	96	0.34960	0.29758	0.5	976	291	831	2509	2.57
1960-1964	97	0.37074	0.31276	0.5	686	215	579	1677	2.45
1960-1964	98	0.39238	0.32803	0.5	471	155	394	1099	2.33
1960-1964	99	0.41446	0.34331	0.5	317	109	262	705	2.22
1960-1964	100	0.43688	0.35856	0.5	208	75	171	442	2.13
1960-1964	101	0.45957	0.37370	0.5	133	50	108	272	2.03
1960-1964	102	0.48242	0.38867	0.5	84	32	67	163	1.95
1960-1964	103	0.50535	0.40342	0.5	51	21	41	96	1.87
1960-1964	104	0.52826	0.41788	0.5	30	13	24	55	1.80
1960-1964	105	0.55105	0.43202	0.5	18	8	14	31	1.74
1960-1964	106	0.57362	0.44577	0.5	10	4	8	17	1.68
1960-1964	107	0.59589	0.45910	0.5	6	3	4	9	1.62
1960-1964	108	0.61778	0.47199	0.5	3	1	2	5	1.58
1960-1964	109	0.63920	0.48439	0.5	2	1	1	2	1.54
1960-1964	110+	0.66007	1.00000	1.51	1	1	1	1	1.51
1965-1969	0	0.02489	0.02435	0.11	100000	2435	97837	6743734	67.44
1965-1969	1	0.00158	0.00158	0.5	97565	154	97488	6645897	68.12
1965-1969	2	0.00092	0.00092	0.5	97411	90	97366	6548409	67.22
1965-1969	3	0.00092	0.00092	0.5	97321	89	97276	6451043	66.29
1965-1969	4	0.00073	0.00073	0.5	97232	71	97197	6353767	65.35
1965-1969	5	0.00054	0.00054	0.5	97161	52	97135	6256570	64.39
1965-1969	6	0.00054	0.00054	0.5	97109	52	97083	6159435	63.43
1965-1969	7	0.00044	0.00044	0.5	97056	43	97035	6062353	62.46
1965-1969	8	0.00040	0.00040	0.5	97013	39	96994	5965318	61.49
1965-1969	9	0.00040	0.00040	0.5	96974	39	96955	5868324	60.51
1965-1969	10	0.00041	0.00041	0.5	96936	40	96916	5771369	59.54
1965-1969	11	0.00044	0.00044	0.5	96896	43	96875	5674453	58.56
1965-1969	12	0.00058	0.00058	0.5	96853	57	96825	5577578	57.59
1965-1969	13	0.00061	0.00061	0.5	96797	59	96767	5480753	56.62
1965-1969	14	0.00090	0.00090	0.5	96738	87	96694	5383986	55.66
1965-1969	15	0.00118	0.00117	0.5	96651	114	96594	5287291	54.71
1965-1969	16	0.00148	0.00148	0.5	96537	143	96466	5190697	53.77
1965-1969	17	0.00181	0.00181	0.5	96394	174	96307	5094232	52.85
1965-1969	18	0.00198	0.00198	0.5	96220	191	96124	4997925	51.94
1965-1969	19	0.00170	0.00170	0.5	96029	163	95948	4901801	51.05
1965-1969	20	0.00192	0.00191	0.5	95866	183	95774	4805853	50.13
1965-1969	21	0.00208	0.00208	0.5	95683	199	95583	4710079	49.23
1965-1969	22	0.00175	0.00175	0.5	95484	167	95400	4614496	48.33
1965-1969	23	0.00212	0.00211	0.5	95316	202	95216	4519096	47.41
1965-1969	24	0.00216	0.00215	0.5	95115	205	95012	4423880	46.51
1965-1969	25	0.00186	0.00186	0.5	94910	176	94822	4328868	45.61
1965-1969	26	0.00178	0.00178	0.5	94734	168	94650	4234046	44.69
1965-1969	27	0.00194	0.00194	0.5	94565	183	94474	4139396	43.77
1965-1969	28	0.00209	0.00209	0.5	94382	197	94283	4044923	42.86
1965-1969	29	0.00190	0.00190	0.5	94185	179	94096	3950639	41.95
1965-1969	30	0.00197	0.00196	0.5	94006	185	93914	3856543	41.02
1965-1969	31	0.00222	0.00222	0.5	93822	209	93717	3762629	40.10
1965-1969	32	0.00219	0.00219	0.5	93613	205	93511	3668912	39.19
1965-1969	33	0.00226	0.00225	0.5	93409	211	93303	3575401	38.28
1965-1969	34	0.00233	0.00233	0.5	93198	217	93089	3482098	37.36
1965-1969	35	0.00261	0.00260	0.5	92981	242	92860	3389008	36.45
1965-1969	36	0.00263	0.00263	0.5	92739	244	92617	3296148	35.54
1965-1969	37	0.00303	0.00303	0.5	92495	280	92355	3203531	34.63
1965-1969	38	0.00377	0.00376	0.5	92215	347	92042	3111176	33.74
1965-1969	39	0.00389	0.00388	0.5	91868	357	91690	3019134	32.86
1965-1969	40	0.00354	0.00354	0.5	91512	324	91350	2927444	31.99
1965-1969	41	0.00411	0.00411	0.5	91188	374	91001	2836095	31.10
1965-1969	42	0.00452	0.00451	0.5	90814	410	90609	2745094	30.23
1965-1969	43	0.00479	0.00478	0.5	90404	432	90188	2654485	29.36
1965-1969	44	0.00535	0.00533	0.5	89972	480	89732	2564297	28.50
1965-1969	45	0.00637	0.00635	0.5	89492	568	89208	2474565	27.65
1965-1969	46	0.00619	0.00617	0.5	88924	548	88650	2385358	26.82
1965-1969	47	0.00760	0.00757	0.5	88375	669	88041	2296708	25.99
1965-1969	48	0.00750	0.00747	0.5	87706	656	87378	2208667	25.18
1965-1969	49	0.00868	0.00864	0.5	87051	753	86674	2121289	24.37
1965-1969	50	0.00904	0.00900	0.5	86298	776	85910	2034614	23.58
1965-1969	51	0.00953	0.00948	0.5	85522	811	85116	1948704	22.79
1965-1969	52	0.01202	0.01195	0.5	84711	1012	84205	1863588	22.00
1965-1969	53	0.01254	0.01247	0.5	83699	1043	83177	1779383	21.26
1965-1969	54	0.01392	0.01383	0.5	82655	1143	82084	1696206	20.52
1965-1969	55	0.01491	0.01480	0.5	81513	1206	80909	1614122	19.80
1965-1969	56	0.01593	0.01581	0.5	80306	1269	79672	1533212	19.09
1965-1969	57	0.01773	0.01758	0.5	79037	1389	78342	1453541	18.39
1965-1969	58	0.01897	0.01879	0.5	77648	1459	76918	1375199	17.71
1965-1969	59	0.01997	0.01978	0.5	76189	1507	75435	1298280	17.04
1965-1969	60	0.02169	0.02146	0.5	74682	1603	73880	1222845	16.37
1965-1969	61	0.02385	0.02357	0.5	73079	1722	72218	1148965	15.72
1965-1969	62	0.02557	0.02524	0.5	71357	1801	70456	1076747	15.09
1965-1969	63	0.02903	0.02862	0.5	69555	1991	68560	1006291	14.47
1965-1969	64	0.03071	0.03024	0.5	67565	2043	66543	937731	13.88
1965-1969	65	0.03247	0.03196	0.5	65522	2094	64475	871187	13.30
1965-1969	66	0.03581	0.03518	0.5	63428	2232	62312	806713	12.72
1965-1969	67	0.04018	0.03939	0.5	61196	2411	59991	744401	12.16
1965-1969	68	0.04141	0.04057	0.5	58785	2385	57593	684410	11.64
1965-1969	69	0.04434	0.04338	0.5	56400	2447	55177	626817	11.11
1965-1969	70	0.04782	0.04671	0.5	53954	2520	52694	571640	10.59
1965-1969	71	0.05075	0.04949	0.5	51434	2546	50161	518946	10.09
1965-1969	72	0.05868	0.05701	0.5	48888	2787	47495	468785	9.59
1965-1969	73	0.06218	0.06031	0.5	46101	2780	44711	421291	9.14
1965-1969	74	0.06705	0.06487	0.5	43321	2810	41916	376580	8.69
1965-1969	75	0.07172	0.06923	0.5	40511	2805	39108	334664	8.26
1965-1969	76	0.07794	0.07502	0.5	37706	2829	36292	295556	7.84
1965-1969	77	0.08193	0.07870	0.5	34877	2745	33505	259264	7.43
1965-1969	78	0.08889	0.08511	0.5	32132	2735	30765	225760	7.03
1965-1969	79	0.09699	0.09251	0.5	29397	2719	28038	194995	6.63
1965-1969	80	0.10466	0.09945	0.5	26678	2653	25351	166957	6.26
1965-1969	81	0.11331	0.10724	0.5	24025	2576	22737	141606	5.89
1965-1969	82	0.12761	0.11996	0.5	21448	2573	20162	118869	5.54
1965-1969	83	0.13173	0.12359	0.5	18876	2333	17709	98707	5.23
1965-1969	84	0.15681	0.14541	0.5	16543	2405	15340	80998	4.90
1965-1969	85	0.16375	0.15136	0.5	14137	2140	13067	65658	4.64
1965-1969	86	0.17729	0.16286	0.5	11997	1954	11020	52590	4.38
1965-1969	87	0.18836	0.17215	0.5	10044	1729	9179	41570	4.14
1965-1969	88	0.21011	0.19013	0.5	8315	1581	7524	32391	3.90
1965-1969	89	0.22774	0.20446	0.5	6734	1377	6045	24867	3.69
1965-1969	90	0.24491	0.21819	0.5	5357	1169	4772	18821	3.51
1965-1969	91	0.25113	0.22311	0.5	4188	934	3721	14049	3.35
1965-1969	92	0.26941	0.23742	0.5	3254	772	2867	10328	3.17
1965-1969	93	0.28815	0.25187	0.5	2481	625	2169	7461	3.01
1965-1969	94	0.30766	0.26664	0.5	1856	495	1609	5292	2.85
1965-1969	95	0.32787	0.28169	0.5	1361	383	1170	3683	2.71
1965-1969	96	0.34874	0.29696	0.5	978	290	833	2514	2.57
1965-1969	97	0.37021	0.31239	0.5	687	215	580	1681	2.45
1965-1969	98	0.39221	0.32791	0.5	473	155	395	1101	2.33
1965-1969	99	0.41465	0.34345	0.5	318	109	263	706	2.22
1965-1969	100	0.43746	0.35894	0.5	209	75	171	443	2.12
1965-1969	101	0.46053	0.37433	0.5	134	50	109	271	2.03
1965-1969	102	0.48377	0.38954	0.5	84	33	67	163	1.94
1965-1969	103	0.50708	0.40452	0.5	51	21	41	95	1.87
1965-1969	104	0.53036	0.41920	0.5	30	13	24	55	1.79
1965-1969	105	0.55351	0.43353	0.5	18	8	14	31	1.73
1965-1969	106	0.57642	0.44746	0.5	10	4	8	17	1.67
1965-1969	107	0.59902	0.46096	0.5	6	3	4	9	1.61
1965-1969	108	0.62120	0.47398	0.5	3	1	2	5	1.57
1965-1969	109	0.64289	0.48650	0.5	2	1	1	2	1.53
1965-1969	110+	0.66400	1.00000	1.51	1	1	1	1	1.51
1970-1974	0	0.02222	0.02178	0.1	100000	2178	98050	6774081	67.74
1970-1974	1	0.00155	0.00155	0.5	97822	152	97746	6676031	68.25
1970-1974	2	0.00109	0.00109	0.5	97670	107	97616	6578285	67.35
1970-1974	3	0.00078	0.00078	0.5	97563	76	97525	6480669	66.43
1970-1974	4	0.00071	0.00071	0.5	97487	69	97452	6383144	65.48
1970-1974	5	0.00070	0.00070	0.5	97418	68	97384	6285692	64.52
1970-1974	6	0.00049	0.00049	0.5	97350	48	97326	6188308	63.57
1970-1974	7	0.00040	0.00040	0.5	97302	39	97283	6090982	62.60
1970-1974	8	0.00044	0.00044	0.5	97263	43	97242	5993699	61.62
1970-1974	9	0.00045	0.00045	0.5	97221	44	97199	5896457	60.65
1970-1974	10	0.00043	0.00043	0.5	97177	42	97156	5799259	59.68
1970-1974	11	0.00042	0.00042	0.5	97135	41	97115	5702103	58.70
1970-1974	12	0.00050	0.00050	0.5	97094	49	97070	5604988	57.73
1970-1974	13	0.00065	0.00065	0.5	97046	63	97014	5507918	56.76
1970-1974	14	0.00090	0.00090	0.5	96983	87	96939	5410904	55.79
1970-1974	15	0.00095	0.00095	0.5	96895	92	96850	5313965	54.84
1970-1974	16	0.00142	0.00142	0.5	96804	138	96735	5217116	53.89
1970-1974	17	0.00164	0.00164	0.5	96666	158	96587	5120381	52.97
1970-1974	18	0.00181	0.00181	0.5	96508	174	96421	5023794	52.06
1970-1974	19	0.00215	0.00214	0.5	96334	207	96230	4927373	51.15
1970-1974	20	0.00220	0.00219	0.5	96127	211	96022	4831142	50.26
1970-1974	21	0.00206	0.00205	0.5	95916	197	95818	4735121	49.37
1970-1974	22	0.00181	0.00181	0.5	95719	173	95633	4639303	48.47
1970-1974	23	0.00188	0.00187	0.5	95546	179	95457	4543670	47.55
1970-1974	24	0.00192	0.00191	0.5	95367	182	95276	4448213	46.64
1970-1974	25	0.00220	0.00220	0.5	95185	209	95080	4352937	45.73
1970-1974	26	0.00219	0.00219	0.5	94976	208	94872	4257856	44.83
1970-1974	27	0.00189	0.00189	0.5	94768	179	94678	4162984	43.93
1970-1974	28	0.00198	0.00197	0.5	94589	187	94495	4068306	43.01
1970-1974	29	0.00192	0.00191	0.5	94402	181	94312	3973811	42.09
1970-1974	30	0.00207	0.00207	0.5	94221	195	94124	3879499	41.17
1970-1974	31	0.00224	0.00224	0.5	94027	211	93921	3785375	40.26
1970-1974	32	0.00214	0.00214	0.5	93816	201	93716	3691454	39.35
1970-1974	33	0.00233	0.00233	0.5	93615	218	93506	3597738	38.43
1970-1974	34	0.00257	0.00257	0.5	93397	240	93277	3504232	37.52
1970-1974	35	0.00290	0.00289	0.5	93157	270	93023	3410955	36.61
1970-1974	36	0.00265	0.00264	0.5	92888	245	92765	3317932	35.72
1970-1974	37	0.00301	0.00301	0.5	92642	279	92503	3225167	34.81
1970-1974	38	0.00338	0.00338	0.5	92364	312	92208	3132664	33.92
1970-1974	39	0.00326	0.00325	0.5	92052	300	91902	3040456	33.03
1970-1974	40	0.00338	0.00337	0.5	91752	309	91598	2948554	32.14
1970-1974	41	0.00407	0.00406	0.5	91443	371	91257	2856956	31.24
1970-1974	42	0.00452	0.00451	0.5	91072	411	90866	2765699	30.37
1970-1974	43	0.00459	0.00458	0.5	90661	415	90453	2674833	29.50
1970-1974	44	0.00571	0.00570	0.5	90246	514	89989	2584379	28.64
1970-1974	45	0.00583	0.00581	0.5	89732	522	89471	2494391	27.80
1970-1974	46	0.00684	0.00682	0.5	89210	608	88906	2404920	26.96
1970-1974	47	0.00700	0.00698	0.5	88602	618	88292	2316014	26.14
1970-1974	48	0.00838	0.00834	0.5	87983	734	87616	2227722	25.32
1970-1974	49	0.00813	0.00810	0.5	87249	707	86896	2140106	24.53
1970-1974	50	0.00922	0.00918	0.5	86542	794	86145	2053210	23.72
1970-1974	51	0.01055	0.01050	0.5	85748	900	85298	1967065	22.94
1970-1974	52	0.01106	0.01100	0.5	84848	934	84381	1881767	22.18
1970-1974	53	0.01201	0.01194	0.5	83914	1002	83413	1797386	21.42
1970-1974	54	0.01281	0.01273	0.5	82913	1055	82385	1713973	20.67
1970-1974	55	0.01455	0.01445	0.5	81857	1183	81266	1631588	19.93
1970-1974	56	0.01490	0.01479	0.5	80675	1193	80078	1550322	19.22
1970-1974	57	0.01629	0.01616	0.5	79482	1284	78840	1470243	18.50
1970-1974	58	0.01821	0.01804	0.5	78197	1411	77492	1391404	17.79
1970-1974	59	0.01990	0.01970	0.5	76786	1513	76030	1313912	17.11
1970-1974	60	0.02257	0.02232	0.5	75274	1680	74434	1237882	16.45
1970-1974	61	0.02361	0.02333	0.5	73594	1717	72735	1163448	15.81
1970-1974	62	0.02753	0.02716	0.5	71877	1952	70901	1090713	15.17
1970-1974	63	0.02808	0.02769	0.5	69925	1936	68957	1019812	14.58
1970-1974	64	0.02921	0.02879	0.5	67989	1957	67010	950855	13.99
1970-1974	65	0.03298	0.03244	0.5	66031	2142	64960	883845	13.39
1970-1974	66	0.03509	0.03448	0.5	63889	2203	62787	818885	12.82
1970-1974	67	0.03696	0.03629	0.5	61686	2239	60567	756098	12.26
1970-1974	68	0.04113	0.04030	0.5	59447	2396	58249	695531	11.70
1970-1974	69	0.04310	0.04219	0.5	57052	2407	55848	637282	11.17
1970-1974	70	0.04911	0.04794	0.5	54645	2619	53335	581434	10.64
1970-1974	71	0.05239	0.05106	0.5	52025	2656	50697	528099	10.15
1970-1974	72	0.05601	0.05449	0.5	49369	2690	48024	477402	9.67
1970-1974	73	0.06159	0.05975	0.5	46679	2789	45284	429378	9.20
1970-1974	74	0.06644	0.06430	0.5	43890	2822	42479	384093	8.75
1970-1974	75	0.07248	0.06995	0.5	41067	2873	39631	341615	8.32
1970-1974	76	0.07881	0.07582	0.5	38195	2896	36747	301983	7.91
1970-1974	77	0.08453	0.08111	0.5	35299	2863	33867	265237	7.51
1970-1974	78	0.08711	0.08347	0.5	32436	2707	31082	231369	7.13
1970-1974	79	0.09605	0.09165	0.5	29729	2724	28366	200287	6.74
1970-1974	80	0.10308	0.09803	0.5	27004	2647	25680	171921	6.37
1970-1974	81	0.10963	0.10393	0.5	24357	2531	23091	146240	6.00
1970-1974	82	0.12613	0.11865	0.5	21825	2590	20531	123149	5.64
1970-1974	83	0.13142	0.12332	0.5	19236	2372	18050	102618	5.33
1970-1974	84	0.14916	0.13881	0.5	16864	2341	15693	84569	5.01
1970-1974	85	0.16140	0.14935	0.5	14523	2169	13438	68875	4.74
1970-1974	86	0.17143	0.15789	0.5	12354	1951	11379	55437	4.49
1970-1974	87	0.19126	0.17456	0.5	10403	1816	9495	44058	4.24
1970-1974	88	0.20154	0.18309	0.5	8587	1572	7801	34563	4.02
1970-1974	89	0.22168	0.19956	0.5	7015	1400	6315	26762	3.81
1970-1974	90	0.22381	0.20128	0.5	5615	1130	5050	20447	3.64
1970-1974	91	0.23962	0.21398	0.5	4485	960	4005	15397	3.43
1970-1974	92	0.26361	0.23291	0.5	3525	821	3115	11392	3.23
1970-1974	93	0.28203	0.24718	0.5	2704	668	2370	8277	3.06
1970-1974	94	0.30121	0.26179	0.5	2036	533	1769	5907	2.90
1970-1974	95	0.32111	0.27669	0.5	1503	416	1295	4138	2.75
1970-1974	96	0.34168	0.29183	0.5	1087	317	928	2843	2.62
1970-1974	97	0.36287	0.30714	0.5	770	236	652	1915	2.49
1970-1974	98	0.38460	0.32257	0.5	533	172	447	1263	2.37
1970-1974	99	0.40680	0.33804	0.5	361	122	300	816	2.26
1970-1974	100	0.42939	0.35350	0.5	239	85	197	516	2.16
1970-1974	101	0.45228	0.36886	0.5	155	57	126	319	2.06
1970-1974	102	0.47537	0.38408	0.5	98	37	79	193	1.97
1970-1974	103	0.49857	0.39908	0.5	60	24	48	114	1.89
1970-1974	104	0.52177	0.41381	0.5	36	15	29	66	1.82
1970-1974	105	0.54488	0.42822	0.5	21	9	17	37	1.75
1970-1974	106	0.56780	0.44225	0.5	12	5	9	20	1.69
1970-1974	107	0.59043	0.45585	0.5	7	3	5	11	1.64
1970-1974	108	0.61268	0.46901	0.5	4	2	3	6	1.59
1970-1974	109	0.63448	0.48167	0.5	2	1	1	3	1.55
1970-1974	110+	0.65573	1.00000	1.53	1	1	2	2	1.53
1975-1979	0	0.01726	0.01699	0.09	100000	1699	98456	6889760	68.90
1975-1979	1	0.00150	0.00150	0.5	98301	148	98227	6791304	69.09
1975-1979	2	0.00084	0.00084	0.5	98153	83	98112	6693076	68.19
1975-1979	3	0.00057	0.00057	0.5	98071	56	98042	6594965	67.25
1975-1979	4	0.00056	0.00056	0.5	98014	55	97987	6496922	66.29
1975-1979	5	0.00057	0.00057	0.5	97960	56	97932	6398935	65.32
1975-1979	6	0.00052	0.00052	0.5	97904	51	97878	6301003	64.36
1975-1979	7	0.00043	0.00043	0.5	97853	42	97832	6203125	63.39
1975-1979	8	0.00027	0.00027	0.5	97811	26	97798	6105293	62.42
1975-1979	9	0.00051	0.00051	0.5	97785	50	97760	6007495	61.44
1975-1979	10	0.00041	0.00041	0.5	97735	40	97715	5909735	60.47
1975-1979	11	0.00034	0.00034	0.5	97695	33	97678	5812020	59.49
1975-1979	12	0.00045	0.00045	0.5	97662	44	97640	5714341	58.51
1975-1979	13	0.00056	0.00056	0.5	97618	54	97590	5616702	57.54
1975-1979	14	0.00086	0.00086	0.5	97563	83	97522	5519111	56.57
1975-1979	15	0.00112	0.00112	0.5	97480	109	97425	5421590	55.62
1975-1979	16	0.00133	0.00133	0.5	97371	130	97306	5324164	54.68
1975-1979	17	0.00178	0.00178	0.5	97241	173	97155	5226858	53.75
1975-1979	18	0.00196	0.00195	0.5	97069	190	96974	5129703	52.85
1975-1979	19	0.00219	0.00219	0.5	96879	212	96773	5032730	51.95
1975-1979	20	0.00216	0.00216	0.5	96667	209	96562	4935957	51.06
1975-1979	21	0.00214	0.00214	0.5	96458	206	96355	4839394	50.17
1975-1979	22	0.00223	0.00223	0.5	96252	214	96144	4743040	49.28
1975-1979	23	0.00222	0.00222	0.5	96037	213	95931	4646895	48.39
1975-1979	24	0.00210	0.00210	0.5	95824	201	95723	4550965	47.49
1975-1979	25	0.00219	0.00219	0.5	95623	209	95518	4455241	46.59
1975-1979	26	0.00201	0.00201	0.5	95413	191	95318	4359723	45.69
1975-1979	27	0.00197	0.00197	0.5	95222	187	95128	4264405	44.78
1975-1979	28	0.00202	0.00201	0.5	95034	191	94939	4169277	43.87
1975-1979	29	0.00218	0.00218	0.5	94843	206	94740	4074338	42.96
1975-1979	30	0.00206	0.00205	0.5	94637	194	94540	3979598	42.05
1975-1979	31	0.00192	0.00192	0.5	94442	182	94352	3885059	41.14
1975-1979	32	0.00223	0.00222	0.5	94261	210	94156	3790707	40.22
1975-1979	33	0.00207	0.00206	0.5	94051	194	93954	3696551	39.30
1975-1979	34	0.00246	0.00246	0.5	93857	231	93742	3602597	38.38
1975-1979	35	0.00220	0.00219	0.5	93626	205	93524	3508855	37.48
1975-1979	36	0.00242	0.00242	0.5	93421	226	93308	3415332	36.56
1975-1979	37	0.00232	0.00232	0.5	93195	216	93087	3322024	35.65
1975-1979	38	0.00278	0.00278	0.5	92980	258	92850	3228936	34.73
1975-1979	39	0.00303	0.00302	0.5	92721	280	92581	3136086	33.82
1975-1979	40	0.00368	0.00367	0.5	92441	339	92271	3043505	32.92
1975-1979	41	0.00339	0.00338	0.5	92101	311	91946	2951234	32.04
1975-1979	42	0.00409	0.00408	0.5	91790	374	91603	2859288	31.15
1975-1979	43	0.00434	0.00433	0.5	91416	396	91218	2767685	30.28
1975-1979	44	0.00457	0.00456	0.5	91020	415	90812	2676468	29.41
1975-1979	45	0.00522	0.00520	0.5	90604	471	90369	2585656	28.54
1975-1979	46	0.00623	0.00622	0.5	90133	560	89853	2495287	27.68
1975-1979	47	0.00669	0.00667	0.5	89573	597	89274	2405434	26.85
1975-1979	48	0.00730	0.00728	0.5	88976	648	88652	2316160	26.03
1975-1979	49	0.00790	0.00787	0.5	88328	695	87981	2227508	25.22
1975-1979	50	0.00845	0.00842	0.5	87633	737	87264	2139528	24.41
1975-1979	51	0.00943	0.00939	0.5	86896	816	86488	2052263	23.62
1975-1979	52	0.01028	0.01023	0.5	86080	881	85640	1965775	22.84
1975-1979	53	0.01089	0.01083	0.5	85199	922	84738	1880136	22.07
1975-1979	54	0.01275	0.01267	0.5	84277	1067	83743	1795397	21.30
1975-1979	55	0.01358	0.01349	0.5	83209	1122	82648	1711654	20.57
1975-1979	56	0.01398	0.01388	0.5	82087	1139	81517	1629006	19.84
1975-1979	57	0.01613	0.01600	0.5	80948	1295	80300	1547489	19.12
1975-1979	58	0.01822	0.01805	0.5	79653	1438	78934	1467188	18.42
1975-1979	59	0.01858	0.01841	0.5	78215	1440	77494	1388255	17.75
1975-1979	60	0.01982	0.01962	0.5	76774	1506	76021	1310760	17.07
1975-1979	61	0.02209	0.02185	0.5	75268	1645	74446	1234739	16.40
1975-1979	62	0.02523	0.02491	0.5	73623	1834	72706	1160293	15.76
1975-1979	63	0.02743	0.02706	0.5	71789	1943	70818	1087587	15.15
1975-1979	64	0.02798	0.02759	0.5	69846	1927	68883	1016769	14.56
1975-1979	65	0.03093	0.03046	0.5	67919	2069	66885	947887	13.96
1975-1979	66	0.03296	0.03243	0.5	65850	2135	64783	881002	13.38
1975-1979	67	0.03475	0.03416	0.5	63715	2177	62627	816220	12.81
1975-1979	68	0.03839	0.03767	0.5	61538	2318	60379	753593	12.25
1975-1979	69	0.03959	0.03882	0.5	59220	2299	58071	693213	11.71
1975-1979	70	0.04600	0.04497	0.5	56921	2560	55642	635143	11.16
1975-1979	71	0.04677	0.04570	0.5	54362	2484	53120	579501	10.66
1975-1979	72	0.05228	0.05095	0.5	51878	2643	50556	526381	10.15
1975-1979	73	0.05351	0.05212	0.5	49235	2566	47952	475825	9.66
1975-1979	74	0.05913	0.05743	0.5	46669	2680	45329	427873	9.17
1975-1979	75	0.06643	0.06429	0.5	43988	2828	42574	382545	8.70
1975-1979	76	0.06911	0.06680	0.5	41160	2750	39785	339970	8.26
1975-1979	77	0.07566	0.07290	0.5	38411	2800	37010	300185	7.82
1975-1979	78	0.08478	0.08133	0.5	35610	2896	34162	263174	7.39
1975-1979	79	0.08870	0.08494	0.5	32714	2779	31325	229012	7.00
1975-1979	80	0.09491	0.09061	0.5	29936	2713	28579	197687	6.60
1975-1979	81	0.10828	0.10272	0.5	27223	2796	25825	169108	6.21
1975-1979	82	0.11317	0.10711	0.5	24427	2616	23119	143283	5.87
1975-1979	83	0.13249	0.12425	0.5	21810	2710	20455	120165	5.51
1975-1979	84	0.14241	0.13295	0.5	19100	2539	17831	99709	5.22
1975-1979	85	0.14775	0.13759	0.5	16561	2279	15422	81878	4.94
1975-1979	86	0.17104	0.15756	0.5	14282	2250	13157	66457	4.65
1975-1979	87	0.17985	0.16501	0.5	12032	1985	11039	53300	4.43
1975-1979	88	0.18430	0.16875	0.5	10047	1695	9199	42260	4.21
1975-1979	89	0.20350	0.18470	0.5	8351	1542	7580	33061	3.96
1975-1979	90	0.21808	0.19664	0.5	6809	1339	6139	25481	3.74
1975-1979	91	0.23517	0.21043	0.5	5470	1151	4894	19342	3.54
1975-1979	92	0.25232	0.22405	0.5	4319	968	3835	14448	3.35
1975-1979	93	0.27028	0.23810	0.5	3351	798	2952	10613	3.17
1975-1979	94	0.28902	0.25253	0.5	2553	645	2231	7661	3.00
1975-1979	95	0.30851	0.26728	0.5	1908	510	1653	5430	2.85
1975-1979	96	0.32871	0.28231	0.5	1398	395	1201	3776	2.70
1975-1979	97	0.34956	0.29756	0.5	1004	299	854	2575	2.57
1975-1979	98	0.37101	0.31295	0.5	705	221	595	1721	2.44
1975-1979	99	0.39297	0.32844	0.5	484	159	405	1126	2.33
1975-1979	100	0.41538	0.34394	0.5	325	112	269	722	2.22
1975-1979	101	0.43814	0.35941	0.5	213	77	175	452	2.12
1975-1979	102	0.46117	0.37475	0.5	137	51	111	277	2.03
1975-1979	103	0.48436	0.38993	0.5	85	33	69	166	1.94
1975-1979	104	0.50762	0.40486	0.5	52	21	42	97	1.87
1975-1979	105	0.53085	0.41950	0.5	31	13	25	56	1.79
1975-1979	106	0.55394	0.43379	0.5	18	8	14	31	1.73
1975-1979	107	0.57680	0.44769	0.5	10	5	8	17	1.67
1975-1979	108	0.59934	0.46115	0.5	6	3	4	9	1.62
1975-1979	109	0.62147	0.47414	0.5	3	1	2	5	1.58
1975-1979	110+	0.64310	1.00000	1.55	2	2	2	2	1.55
1980-1984	0	0.01358	0.01341	0.08	100000	1341	98768	7007898	70.08
1980-1984	1	0.00112	0.00112	0.5	98659	111	98604	6909130	70.03
1980-1984	2	0.00085	0.00085	0.5	98549	84	98507	6810526	69.11
1980-1984	3	0.00052	0.00052	0.5	98465	51	98439	6712019	68.17
1980-1984	4	0.00049	0.00049	0.5	98414	49	98389	6613580	67.20
1980-1984	5	0.00047	0.00047	0.5	98365	46	98342	6515190	66.23
1980-1984	6	0.00040	0.00040	0.5	98319	39	98300	6416848	65.27
1980-1984	7	0.00057	0.00057	0.5	98280	56	98252	6318549	64.29
1980-1984	8	0.00038	0.00038	0.5	98224	37	98205	6220297	63.33
1980-1984	9	0.00045	0.00045	0.5	98187	44	98165	6122091	62.35
1980-1984	10	0.00042	0.00042	0.5	98143	41	98122	6023927	61.38
1980-1984	11	0.00031	0.00031	0.5	98101	30	98086	5925805	60.41
1980-1984	12	0.00034	0.00034	0.5	98071	33	98055	5827719	59.42
1980-1984	13	0.00060	0.00060	0.5	98038	58	98009	5729664	58.44
1980-1984	14	0.00061	0.00061	0.5	97980	60	97950	5631655	57.48
1980-1984	15	0.00078	0.00078	0.5	97920	76	97882	5533706	56.51
1980-1984	16	0.00113	0.00113	0.5	97844	110	97789	5435823	55.56
1980-1984	17	0.00164	0.00163	0.5	97734	160	97654	5338035	54.62
1980-1984	18	0.00216	0.00215	0.5	97574	210	97469	5240381	53.71
1980-1984	19	0.00191	0.00191	0.5	97364	186	97271	5142912	52.82
1980-1984	20	0.00190	0.00190	0.5	97178	184	97085	5045641	51.92
1980-1984	21	0.00217	0.00217	0.5	96993	210	96888	4948555	51.02
1980-1984	22	0.00217	0.00217	0.5	96783	210	96678	4851667	50.13
1980-1984	23	0.00216	0.00215	0.5	96573	208	96469	4754989	49.24
1980-1984	24	0.00206	0.00206	0.5	96365	199	96266	4658521	48.34
1980-1984	25	0.00220	0.00220	0.5	96166	212	96061	4562255	47.44
1980-1984	26	0.00199	0.00199	0.5	95955	191	95859	4466194	46.54
1980-1984	27	0.00230	0.00230	0.5	95764	220	95654	4370335	45.64
1980-1984	28	0.00211	0.00211	0.5	95544	201	95443	4274681	44.74
1980-1984	29	0.00218	0.00217	0.5	95343	207	95239	4179237	43.83
1980-1984	30	0.00228	0.00228	0.5	95136	217	95027	4083998	42.93
1980-1984	31	0.00233	0.00233	0.5	94919	221	94808	3988971	42.03
1980-1984	32	0.00228	0.00227	0.5	94698	215	94590	3894163	41.12
1980-1984	33	0.00208	0.00208	0.5	94483	197	94384	3799572	40.21
1980-1984	34	0.00240	0.00240	0.5	94286	226	94173	3705188	39.30
1980-1984	35	0.00241	0.00241	0.5	94060	226	93946	3611015	38.39
1980-1984	36	0.00233	0.00233	0.5	93833	219	93724	3517069	37.48
1980-1984	37	0.00255	0.00254	0.5	93614	238	93495	3423345	36.57
1980-1984	38	0.00279	0.00278	0.5	93376	260	93246	3329850	35.66
1980-1984	39	0.00269	0.00269	0.5	93116	251	92991	3236604	34.76
1980-1984	40	0.00303	0.00302	0.5	92866	281	92725	3143613	33.85
1980-1984	41	0.00340	0.00339	0.5	92585	314	92428	3050887	32.95
1980-1984	42	0.00340	0.00339	0.5	92271	313	92114	2958459	32.06
1980-1984	43	0.00392	0.00392	0.5	91958	360	91778	2866345	31.17
1980-1984	44	0.00456	0.00455	0.5	91598	416	91390	2774567	30.29
1980-1984	45	0.00426	0.00425	0.5	91181	387	90988	2683178	29.43
1980-1984	46	0.00519	0.00518	0.5	90794	470	90559	2592190	28.55
1980-1984	47	0.00522	0.00521	0.5	90323	471	90088	2501631	27.70
1980-1984	48	0.00582	0.00580	0.5	89853	521	89592	2411543	26.84
1980-1984	49	0.00700	0.00697	0.5	89331	623	89020	2321951	25.99
1980-1984	50	0.00720	0.00717	0.5	88708	636	88390	2232931	25.17
1980-1984	51	0.00815	0.00812	0.5	88072	715	87715	2144541	24.35
1980-1984	52	0.00871	0.00867	0.5	87357	757	86979	2056826	23.54
1980-1984	53	0.01005	0.01000	0.5	86600	866	86167	1969847	22.75
1980-1984	54	0.01124	0.01118	0.5	85734	958	85255	1883680	21.97
1980-1984	55	0.01183	0.01176	0.5	84776	997	84278	1798425	21.21
1980-1984	56	0.01297	0.01289	0.5	83779	1080	83239	1714147	20.46
1980-1984	57	0.01421	0.01411	0.5	82699	1167	82116	1630908	19.72
1980-1984	58	0.01583	0.01571	0.5	81532	1281	80892	1548792	19.00
1980-1984	59	0.01667	0.01653	0.5	80251	1327	79588	1467900	18.29
1980-1984	60	0.01855	0.01838	0.5	78925	1451	78199	1388312	17.59
1980-1984	61	0.01813	0.01797	0.5	77474	1392	76778	1310113	16.91
1980-1984	62	0.02146	0.02123	0.5	76082	1615	75275	1233335	16.21
1980-1984	63	0.02313	0.02287	0.5	74467	1703	73615	1158060	15.55
1980-1984	64	0.02409	0.02380	0.5	72764	1732	71898	1084445	14.90
1980-1984	65	0.02884	0.02843	0.5	71032	2019	70022	1012547	14.25
1980-1984	66	0.03021	0.02976	0.5	69013	2054	67986	942525	13.66
1980-1984	67	0.03341	0.03286	0.5	66959	2200	65859	874539	13.06
1980-1984	68	0.03615	0.03551	0.5	64759	2300	63609	808680	12.49
1980-1984	69	0.03782	0.03711	0.5	62459	2318	61300	745071	11.93
1980-1984	70	0.04433	0.04337	0.5	60141	2608	58837	683771	11.37
1980-1984	71	0.04507	0.04408	0.5	57533	2536	56265	624934	10.86
1980-1984	72	0.04838	0.04724	0.5	54997	2598	53698	568669	10.34
1980-1984	73	0.05538	0.05389	0.5	52399	2824	50987	514971	9.83
1980-1984	74	0.05912	0.05742	0.5	49575	2847	48152	463984	9.36
1980-1984	75	0.06247	0.06058	0.5	46728	2831	45313	415832	8.90
1980-1984	76	0.06666	0.06451	0.5	43897	2832	42482	370520	8.44
1980-1984	77	0.07514	0.07241	0.5	41066	2974	39579	328038	7.99
1980-1984	78	0.07683	0.07398	0.5	38092	2818	36683	288459	7.57
1980-1984	79	0.08894	0.08515	0.5	35274	3004	33772	251776	7.14
1980-1984	80	0.09679	0.09232	0.5	32270	2979	30781	218004	6.76
1980-1984	81	0.10799	0.10246	0.5	29291	3001	27790	187223	6.39
1980-1984	82	0.10918	0.10353	0.5	26290	2722	24929	159433	6.06
1980-1984	83	0.12522	0.11784	0.5	23568	2777	22179	134504	5.71
1980-1984	84	0.13320	0.12489	0.5	20791	2596	19493	112324	5.40
1980-1984	85	0.14037	0.13116	0.5	18194	2386	17001	92832	5.10
1980-1984	86	0.15363	0.14267	0.5	15808	2255	14680	75831	4.80
1980-1984	87	0.16756	0.15461	0.5	13553	2095	12505	61151	4.51
1980-1984	88	0.19404	0.17688	0.5	11457	2027	10444	48646	4.25
1980-1984	89	0.20009	0.18189	0.5	9431	1715	8573	38202	4.05
1980-1984	90	0.21655	0.19539	0.5	7715	1508	6962	29629	3.84
1980-1984	91	0.22186	0.19970	0.5	6208	1240	5588	22667	3.65
1980-1984	92	0.24415	0.21758	0.5	4968	1081	4428	17079	3.44
1980-1984	93	0.26156	0.23131	0.5	3887	899	3438	12651	3.25
1980-1984	94	0.27976	0.24543	0.5	2988	733	2621	9214	3.08
1980-1984	95	0.29871	0.25989	0.5	2255	586	1962	6592	2.92
1980-1984	96	0.31837	0.27465	0.5	1669	458	1440	4631	2.78
1980-1984	97	0.33871	0.28965	0.5	1210	351	1035	3191	2.64
1980-1984	98	0.35966	0.30484	0.5	860	262	729	2156	2.51
1980-1984	99	0.38115	0.32014	0.5	598	191	502	1427	2.39
1980-1984	100	0.40313	0.33550	0.5	406	136	338	925	2.28
1980-1984	101	0.42550	0.35085	0.5	270	95	223	587	2.17
1980-1984	102	0.44817	0.36613	0.5	175	64	143	365	2.08
1980-1984	103	0.47107	0.38127	0.5	111	42	90	221	1.99
1980-1984	104	0.49409	0.39621	0.5	69	27	55	131	1.91
1980-1984	105	0.51713	0.41089	0.5	42	17	33	76	1.84
1980-1984	106	0.54010	0.42526	0.5	24	10	19	43	1.77
1980-1984	107	0.56291	0.43927	0.5	14	6	11	24	1.71
1980-1984	108	0.58545	0.45288	0.5	8	4	6	13	1.66
1980-1984	109	0.60763	0.46604	0.5	4	2	3	7	1.62
1980-1984	110+	0.62938	1.00000	1.59	2	2	4	4	1.59
1985-1989	0	0.01088	0.01077	0.07	100000	1077	99003	7124808	71.25
1985-1989	1	0.00097	0.00097	0.5	98923	96	98875	7025805	71.02
1985-1989	2	0.00057	0.00057	0.5	98828	56	98800	6926929	70.09
1985-1989	3	0.00049	0.00049	0.5	98771	49	98747	6828130	69.13
1985-1989	4	0.00035	0.00035	0.5	98723	35	98705	6729383	68.16
1985-1989	5	0.00033	0.00033	0.5	98688	32	98671	6630678	67.19
1985-1989	6	0.00040	0.00040	0.5	98655	39	98635	6532006	66.21
1985-1989	7	0.00029	0.00029	0.5	98616	29	98601	6433371	65.24
1985-1989	8	0.00032	0.00032	0.5	98587	32	98571	6334769	64.26
1985-1989	9	0.00036	0.00036	0.5	98555	35	98538	6236198	63.28
1985-1989	10	0.00027	0.00027	0.5	98520	26	98507	6137661	62.30
1985-1989	11	0.00033	0.00033	0.5	98494	33	98477	6039154	61.32
1985-1989	12	0.00039	0.00039	0.5	98461	39	98441	5940677	60.34
1985-1989	13	0.00053	0.00053	0.5	98422	52	98396	5842236	59.36
1985-1989	14	0.00052	0.00052	0.5	98370	51	98344	5743840	58.39
1985-1989	15	0.00070	0.00070	0.5	98319	68	98285	5645495	57.42
1985-1989	16	0.00109	0.00109	0.5	98250	107	98197	5547211	56.46
1985-1989	17	0.00131	0.00131	0.5	98144	129	98080	5449014	55.52
1985-1989	18	0.00185	0.00184	0.5	98015	181	97925	5350934	54.59
1985-1989	19	0.00156	0.00156	0.5	97834	152	97758	5253009	53.69
1985-1989	20	0.00138	0.00138	0.5	97682	135	97615	5155251	52.78
1985-1989	21	0.00168	0.00168	0.5	97547	164	97465	5057636	51.85
1985-1989	22	0.00147	0.00147	0.5	97383	143	97312	4960171	50.93
1985-1989	23	0.00171	0.00171	0.5	97241	166	97157	4862859	50.01
1985-1989	24	0.00166	0.00166	0.5	97074	161	96994	4765702	49.09
1985-1989	25	0.00162	0.00162	0.5	96913	157	96835	4668708	48.17
1985-1989	26	0.00171	0.00171	0.5	96756	165	96674	4571873	47.25
1985-1989	27	0.00176	0.00176	0.5	96591	170	96506	4475200	46.33
1985-1989	28	0.00185	0.00185	0.5	96421	178	96332	4378694	45.41
1985-1989	29	0.00157	0.00156	0.5	96243	151	96168	4282362	44.50
1985-1989	30	0.00172	0.00171	0.5	96092	165	96010	4186194	43.56
1985-1989	31	0.00199	0.00199	0.5	95927	191	95832	4090184	42.64
1985-1989	32	0.00224	0.00224	0.5	95737	215	95629	3994352	41.72
1985-1989	33	0.00212	0.00212	0.5	95522	203	95421	3898723	40.81
1985-1989	34	0.00203	0.00203	0.5	95319	194	95222	3803302	39.90
1985-1989	35	0.00215	0.00215	0.5	95126	204	95024	3708080	38.98
1985-1989	36	0.00238	0.00238	0.5	94922	226	94809	3613056	38.06
1985-1989	37	0.00215	0.00214	0.5	94696	203	94594	3518248	37.15
1985-1989	38	0.00278	0.00278	0.5	94493	262	94362	3423653	36.23
1985-1989	39	0.00229	0.00228	0.5	94231	215	94123	3329292	35.33
1985-1989	40	0.00276	0.00276	0.5	94015	259	93886	3235169	34.41
1985-1989	41	0.00304	0.00303	0.5	93756	284	93614	3141283	33.50
1985-1989	42	0.00320	0.00319	0.5	93472	299	93322	3047669	32.61
1985-1989	43	0.00417	0.00416	0.5	93173	388	92979	2954347	31.71
1985-1989	44	0.00391	0.00391	0.5	92785	362	92604	2861368	30.84
1985-1989	45	0.00427	0.00426	0.5	92423	393	92226	2768763	29.96
1985-1989	46	0.00484	0.00483	0.5	92030	444	91808	2676537	29.08
1985-1989	47	0.00460	0.00459	0.5	91585	420	91375	2584729	28.22
1985-1989	48	0.00552	0.00551	0.5	91165	502	90914	2493354	27.35
1985-1989	49	0.00579	0.00578	0.5	90663	524	90401	2402440	26.50
1985-1989	50	0.00644	0.00642	0.5	90139	579	89850	2312039	25.65
1985-1989	51	0.00727	0.00724	0.5	89560	648	89236	2222190	24.81
1985-1989	52	0.00842	0.00838	0.5	88912	746	88539	2132953	23.99
1985-1989	53	0.00876	0.00872	0.5	88167	769	87782	2044414	23.19
1985-1989	54	0.00956	0.00951	0.5	87398	831	86982	1956632	22.39
1985-1989	55	0.01163	0.01156	0.5	86566	1001	86066	1869650	21.60
1985-1989	56	0.01175	0.01168	0.5	85566	999	85066	1783584	20.84
1985-1989	57	0.01269	0.01261	0.5	84566	1067	84033	1698518	20.09
1985-1989	58	0.01432	0.01422	0.5	83500	1188	82906	1614485	19.34
1985-1989	59	0.01444	0.01434	0.5	82312	1180	81722	1531579	18.61
1985-1989	60	0.01828	0.01811	0.5	81132	1470	80397	1449857	17.87
1985-1989	61	0.01895	0.01877	0.5	79662	1495	78915	1369460	17.19
1985-1989	62	0.02086	0.02065	0.5	78167	1614	77360	1290545	16.51
1985-1989	63	0.02163	0.02140	0.5	76553	1638	75734	1213185	15.85
1985-1989	64	0.02329	0.02302	0.5	74915	1725	74053	1137451	15.18
1985-1989	65	0.02770	0.02732	0.5	73190	2000	72191	1063398	14.53
1985-1989	66	0.02784	0.02746	0.5	71191	1955	70213	991208	13.92
1985-1989	67	0.03217	0.03166	0.5	69236	2192	68140	920994	13.30
1985-1989	68	0.03277	0.03224	0.5	67044	2162	65963	852854	12.72
1985-1989	69	0.03546	0.03484	0.5	64882	2261	63752	786891	12.13
1985-1989	70	0.04015	0.03936	0.5	62622	2465	61389	723139	11.55
1985-1989	71	0.04289	0.04199	0.5	60157	2526	58894	661749	11.00
1985-1989	72	0.04862	0.04747	0.5	57631	2736	56263	602856	10.46
1985-1989	73	0.05196	0.05064	0.5	54895	2780	53505	546593	9.96
1985-1989	74	0.05604	0.05451	0.5	52115	2841	50695	493087	9.46
1985-1989	75	0.06234	0.06046	0.5	49274	2979	47785	442393	8.98
1985-1989	76	0.06704	0.06487	0.5	46295	3003	44794	394608	8.52
1985-1989	77	0.07451	0.07184	0.5	43292	3110	41737	349815	8.08
1985-1989	78	0.07675	0.07391	0.5	40182	2970	38697	308077	7.67
1985-1989	79	0.08763	0.08395	0.5	37212	3124	35650	269380	7.24
1985-1989	80	0.09353	0.08935	0.5	34088	3046	32565	233730	6.86
1985-1989	81	0.09870	0.09406	0.5	31042	2920	29582	201165	6.48
1985-1989	82	0.11269	0.10668	0.5	28122	3000	26622	171583	6.10
1985-1989	83	0.12387	0.11665	0.5	25122	2930	23657	144960	5.77
1985-1989	84	0.12886	0.12106	0.5	22192	2687	20849	121303	5.47
1985-1989	85	0.13788	0.12899	0.5	19505	2516	18247	100455	5.15
1985-1989	86	0.14964	0.13922	0.5	16989	2365	15807	82207	4.84
1985-1989	87	0.17136	0.15784	0.5	14624	2308	13470	66401	4.54
1985-1989	88	0.18374	0.16828	0.5	12316	2073	11280	52931	4.30
1985-1989	89	0.18983	0.17338	0.5	10243	1776	9355	41651	4.07
1985-1989	90	0.20869	0.18897	0.5	8467	1600	7667	32296	3.81
1985-1989	91	0.23397	0.20947	0.5	6867	1438	6148	24629	3.59
1985-1989	92	0.24541	0.21859	0.5	5429	1187	4835	18480	3.40
1985-1989	93	0.26369	0.23297	0.5	4242	988	3748	13645	3.22
1985-1989	94	0.28281	0.24777	0.5	3254	806	2851	9897	3.04
1985-1989	95	0.30275	0.26295	0.5	2448	644	2126	7046	2.88
1985-1989	96	0.32347	0.27843	0.5	1804	502	1553	4921	2.73
1985-1989	97	0.34490	0.29417	0.5	1302	383	1110	3368	2.59
1985-1989	98	0.36698	0.31008	0.5	919	285	776	2257	2.46
1985-1989	99	0.38963	0.32610	0.5	634	207	531	1481	2.34
1985-1989	100	0.41277	0.34215	0.5	427	146	354	951	2.23
1985-1989	101	0.43630	0.35816	0.5	281	101	231	596	2.12
1985-1989	102	0.46012	0.37406	0.5	180	67	147	366	2.03
1985-1989	103	0.48412	0.38977	0.5	113	44	91	219	1.94
1985-1989	104	0.50820	0.40523	0.5	69	28	55	128	1.86
1985-1989	105	0.53224	0.42037	0.5	41	17	32	73	1.79
1985-1989	106	0.55613	0.43514	0.5	24	10	19	41	1.72
1985-1989	107	0.57977	0.44947	0.5	13	6	10	22	1.66
1985-1989	108	0.60304	0.46334	0.5	7	3	6	12	1.61
1985-1989	109	0.62586	0.47669	0.5	4	2	3	6	1.57
1985-1989	110+	0.64813	1.00000	1.54	2	2	3	3	1.54
1990-1994	0	0.01029	0.01019	0.07	100000	1019	99055	7155215	71.55
1990-1994	1	0.00101	0.00101	0.5	98981	100	98931	7056160	71.29
1990-1994	2	0.00068	0.00068	0.5	98881	67	98848	6957229	70.36
1990-1994	3	0.00060	0.00060	0.5	98814	60	98784	6858381	69.41
1990-1994	4	0.00026	0.00026	0.5	98755	26	98742	6759597	68.45
1990-1994	5	0.00030	0.00030	0.5	98729	30	98714	6660855	67.47
1990-1994	6	0.00030	0.00030	0.5	98699	30	98684	6562142	66.49
1990-1994	7	0.00023	0.00023	0.5	98669	22	98657	6463458	65.51
1990-1994	8	0.00030	0.00030	0.5	98646	30	98631	6364801	64.52
1990-1994	9	0.00026	0.00026	0.5	98616	26	98604	6266169	63.54
1990-1994	10	0.00024	0.00024	0.5	98591	23	98579	6167566	62.56
1990-1994	11	0.00028	0.00028	0.5	98567	28	98554	6068987	61.57
1990-1994	12	0.00029	0.00029	0.5	98540	28	98526	5970433	60.59
1990-1994	13	0.00051	0.00051	0.5	98512	50	98487	5871908	59.61
1990-1994	14	0.00049	0.00049	0.5	98461	48	98437	5773421	58.64
1990-1994	15	0.00096	0.00096	0.5	98414	94	98366	5674984	57.66
1990-1994	16	0.00122	0.00122	0.5	98319	120	98259	5576617	56.72
1990-1994	17	0.00142	0.00142	0.5	98199	139	98130	5478358	55.79
1990-1994	18	0.00173	0.00173	0.5	98060	170	97975	5380228	54.87
1990-1994	19	0.00176	0.00176	0.5	97890	172	97804	5282253	53.96
1990-1994	20	0.00178	0.00178	0.5	97718	173	97632	5184448	53.05
1990-1994	21	0.00155	0.00155	0.5	97545	151	97470	5086817	52.15
1990-1994	22	0.00151	0.00151	0.5	97394	147	97320	4989347	51.23
1990-1994	23	0.00155	0.00155	0.5	97247	151	97171	4892027	50.31
1990-1994	24	0.00159	0.00159	0.5	97096	155	97019	4794855	49.38
1990-1994	25	0.00167	0.00167	0.5	96941	161	96861	4697837	48.46
1990-1994	26	0.00162	0.00162	0.5	96780	156	96702	4600976	47.54
1990-1994	27	0.00175	0.00175	0.5	96624	169	96539	4504274	46.62
1990-1994	28	0.00207	0.00207	0.5	96454	200	96355	4407735	45.70
1990-1994	29	0.00198	0.00197	0.5	96255	190	96160	4311381	44.79
1990-1994	30	0.00203	0.00203	0.5	96065	195	95967	4215221	43.88
1990-1994	31	0.00223	0.00223	0.5	95870	214	95763	4119253	42.97
1990-1994	32	0.00205	0.00205	0.5	95656	196	95558	4023490	42.06
1990-1994	33	0.00234	0.00234	0.5	95460	223	95349	3927932	41.15
1990-1994	34	0.00212	0.00212	0.5	95237	202	95136	3832583	40.24
1990-1994	35	0.00241	0.00240	0.5	95036	228	94921	3737447	39.33
1990-1994	36	0.00282	0.00281	0.5	94807	267	94674	3642526	38.42
1990-1994	37	0.00251	0.00250	0.5	94540	237	94422	3547852	37.53
1990-1994	38	0.00282	0.00282	0.5	94304	265	94171	3453430	36.62
1990-1994	39	0.00290	0.00290	0.5	94038	273	93902	3359259	35.72
1990-1994	40	0.00307	0.00306	0.5	93766	287	93622	3265357	34.82
1990-1994	41	0.00314	0.00314	0.5	93478	293	93332	3171735	33.93
1990-1994	42	0.00325	0.00324	0.5	93185	302	93034	3078403	33.04
1990-1994	43	0.00361	0.00360	0.5	92883	335	92716	2985369	32.14
1990-1994	44	0.00376	0.00375	0.5	92548	347	92375	2892653	31.26
1990-1994	45	0.00427	0.00426	0.5	92201	393	92005	2800278	30.37
1990-1994	46	0.00470	0.00469	0.5	91808	430	91593	2708274	29.50
1990-1994	47	0.00523	0.00522	0.5	91378	477	91140	2616681	28.64
1990-1994	48	0.00575	0.00573	0.5	90901	521	90641	2525541	27.78
1990-1994	49	0.00598	0.00596	0.5	90380	539	90111	2434900	26.94
1990-1994	50	0.00644	0.00642	0.5	89841	577	89553	2344790	26.10
1990-1994	51	0.00678	0.00676	0.5	89264	604	88963	2255237	25.26
1990-1994	52	0.00775	0.00772	0.5	88661	685	88318	2166274	24.43
1990-1994	53	0.00852	0.00849	0.5	87976	747	87603	2077956	23.62
1990-1994	54	0.00884	0.00880	0.5	87229	768	86845	1990353	22.82
1990-1994	55	0.01079	0.01073	0.5	86462	928	85998	1903508	22.02
1990-1994	56	0.01106	0.01100	0.5	85534	941	85063	1817510	21.25
1990-1994	57	0.01179	0.01172	0.5	84593	992	84097	1732447	20.48
1990-1994	58	0.01434	0.01424	0.5	83601	1190	83006	1648349	19.72
1990-1994	59	0.01447	0.01437	0.5	82411	1184	81819	1565343	18.99
1990-1994	60	0.01735	0.01720	0.5	81227	1397	80529	1483524	18.26
1990-1994	61	0.01840	0.01824	0.5	79831	1456	79103	1402995	17.57
1990-1994	62	0.01966	0.01947	0.5	78375	1526	77612	1323892	16.89
1990-1994	63	0.02137	0.02114	0.5	76849	1625	76037	1246280	16.22
1990-1994	64	0.02335	0.02308	0.5	75224	1736	74356	1170243	15.56
1990-1994	65	0.02475	0.02445	0.5	73488	1797	72590	1095887	14.91
1990-1994	66	0.02752	0.02714	0.5	71691	1946	70718	1023298	14.27
1990-1994	67	0.02969	0.02926	0.5	69745	2041	68725	952580	13.66
1990-1994	68	0.03153	0.03104	0.5	67704	2102	66654	883855	13.05
1990-1994	69	0.03540	0.03478	0.5	65603	2282	64462	817201	12.46
1990-1994	70	0.03812	0.03740	0.5	63321	2368	62137	752739	11.89
1990-1994	71	0.04077	0.03995	0.5	60953	2435	59735	690602	11.33
1990-1994	72	0.04420	0.04324	0.5	58517	2530	57252	630867	10.78
1990-1994	73	0.04923	0.04805	0.5	55987	2690	54642	573615	10.25
1990-1994	74	0.05297	0.05160	0.5	53297	2750	51922	518973	9.74
1990-1994	75	0.05788	0.05625	0.5	50547	2843	49125	467051	9.24
1990-1994	76	0.06201	0.06014	0.5	47704	2869	46269	417926	8.76
1990-1994	77	0.06802	0.06578	0.5	44835	2949	43360	371656	8.29
1990-1994	78	0.07195	0.06945	0.5	41885	2909	40431	328296	7.84
1990-1994	79	0.08345	0.08011	0.5	38977	3122	37415	287865	7.39
1990-1994	80	0.09133	0.08734	0.5	35854	3132	34288	250450	6.99
1990-1994	81	0.09665	0.09219	0.5	32723	3017	31214	216161	6.61
1990-1994	82	0.10704	0.10160	0.5	29706	3018	28197	184947	6.23
1990-1994	83	0.11524	0.10897	0.5	26688	2908	25234	156750	5.87
1990-1994	84	0.12374	0.11653	0.5	23780	2771	22394	131517	5.53
1990-1994	85	0.14330	0.13372	0.5	21009	2809	19604	109122	5.19
1990-1994	86	0.15529	0.14410	0.5	18199	2623	16888	89518	4.92
1990-1994	87	0.16808	0.15505	0.5	15577	2415	14369	72630	4.66
1990-1994	88	0.16895	0.15579	0.5	13162	2050	12136	58261	4.43
1990-1994	89	0.18656	0.17064	0.5	11111	1896	10163	46124	4.15
1990-1994	90	0.20260	0.18396	0.5	9215	1695	8368	35961	3.90
1990-1994	91	0.21717	0.19590	0.5	7520	1473	6783	27593	3.67
1990-1994	92	0.24141	0.21541	0.5	6047	1303	5396	20810	3.44
1990-1994	93	0.25976	0.22990	0.5	4744	1091	4199	15414	3.25
1990-1994	94	0.27900	0.24484	0.5	3654	895	3206	11216	3.07
1990-1994	95	0.29908	0.26017	0.5	2759	718	2400	8009	2.90
1990-1994	96	0.31997	0.27584	0.5	2041	563	1760	5609	2.75
1990-1994	97	0.34161	0.29177	0.5	1478	431	1263	3849	2.60
1990-1994	98	0.36392	0.30790	0.5	1047	322	886	2587	2.47
1990-1994	99	0.38684	0.32414	0.5	725	235	607	1701	2.35
1990-1994	100	0.41027	0.34044	0.5	490	167	406	1094	2.23
1990-1994	101	0.43412	0.35669	0.5	323	115	265	688	2.13
1990-1994	102	0.45827	0.37284	0.5	208	77	169	422	2.03
1990-1994	103	0.48262	0.38880	0.5	130	51	105	253	1.94
1990-1994	104	0.50705	0.40450	0.5	80	32	64	148	1.86
1990-1994	105	0.53146	0.41988	0.5	47	20	37	85	1.79
1990-1994	106	0.55571	0.43487	0.5	28	12	22	47	1.72
1990-1994	107	0.57969	0.44943	0.5	16	7	12	26	1.66
1990-1994	108	0.60331	0.46350	0.5	9	4	7	14	1.61
1990-1994	109	0.62646	0.47704	0.5	5	2	3	7	1.57
1990-1994	110+	0.64904	1.00000	1.54	2	2	4	4	1.54
1995-1999	0	0.00952	0.00943	0.07	100000	943	99123	7196664	71.97
1995-1999	1	0.00073	0.00073	0.5	99057	72	99021	7097541	71.65
1995-1999	2	0.00061	0.00061	0.5	98984	61	98954	6998520	70.70
1995-1999	3	0.00057	0.00057	0.5	98924	56	98896	6899566	69.75
1995-1999	4	0.00031	0.00031	0.5	98867	31	98852	6800671	68.79
1995-1999	5	0.00028	0.00028	0.5	98837	28	98823	6701819	67.81
1995-1999	6	0.00024	0.00024	0.5	98809	24	98797	6602996	66.83
1995-1999	7	0.00025	0.00025	0.5	98785	24	98773	6504199	65.84
1995-1999	8	0.00023	0.00023	0.5	98761	23	98750	6405426	64.86
1995-1999	9	0.00025	0.00025	0.5	98738	25	98726	6306676	63.87
1995-1999	10	0.00019	0.00019	0.5	98714	18	98704	6207950	62.89
1995-1999	11	0.00026	0.00026	0.5	98695	26	98682	6109246	61.90
1995-1999	12	0.00031	0.00031	0.5	98669	31	98654	6010564	60.92
1995-1999	13	0.00037	0.00037	0.5	98638	37	98620	5911910	59.94
1995-1999	14	0.00065	0.00065	0.5	98601	64	98569	5813290	58.96
1995-1999	15	0.00060	0.00060	0.5	98537	59	98508	5714721	58.00
1995-1999	16	0.00108	0.00108	0.5	98478	106	98425	5616213	57.03
1995-1999	17	0.00133	0.00133	0.5	98372	131	98306	5517789	56.09
1995-1999	18	0.00154	0.00154	0.5	98241	151	98165	5419482	55.17
1995-1999	19	0.00158	0.00157	0.5	98089	154	98012	5321317	54.25
1995-1999	20	0.00140	0.00140	0.5	97935	137	97866	5223305	53.33
1995-1999	21	0.00175	0.00175	0.5	97798	171	97712	5125439	52.41
1995-1999	22	0.00159	0.00159	0.5	97627	155	97549	5027726	51.50
1995-1999	23	0.00153	0.00152	0.5	97472	149	97398	4930177	50.58
1995-1999	24	0.00149	0.00149	0.5	97323	145	97251	4832779	49.66
1995-1999	25	0.00131	0.00131	0.5	97178	127	97115	4735528	48.73
1995-1999	26	0.00152	0.00152	0.5	97051	147	96978	4638414	47.79
1995-1999	27	0.00160	0.00160	0.5	96904	155	96827	4541436	46.87
1995-1999	28	0.00157	0.00157	0.5	96749	152	96673	4444609	45.94
1995-1999	29	0.00201	0.00201	0.5	96597	194	96500	4347936	45.01
1995-1999	30	0.00185	0.00185	0.5	96403	178	96314	4251436	44.10
1995-1999	31	0.00211	0.00211	0.5	96225	203	96124	4155123	43.18
1995-1999	32	0.00225	0.00225	0.5	96022	216	95914	4058999	42.27
1995-1999	33	0.00208	0.00208	0.5	95806	199	95707	3963085	41.37
1995-1999	34	0.00220	0.00219	0.5	95607	210	95502	3867378	40.45
1995-1999	35	0.00234	0.00234	0.5	95397	223	95286	3771876	39.54
1995-1999	36	0.00252	0.00252	0.5	95174	240	95054	3676590	38.63
1995-1999	37	0.00278	0.00278	0.5	94934	264	94802	3581536	37.73
1995-1999	38	0.00260	0.00260	0.5	94671	246	94547	3486733	36.83
1995-1999	39	0.00275	0.00275	0.5	94424	260	94295	3392186	35.92
1995-1999	40	0.00307	0.00306	0.5	94165	288	94021	3297891	35.02
1995-1999	41	0.00343	0.00342	0.5	93876	321	93716	3203871	34.13
1995-1999	42	0.00360	0.00359	0.5	93555	336	93387	3110155	33.24
1995-1999	43	0.00399	0.00399	0.5	93219	372	93033	3016768	32.36
1995-1999	44	0.00417	0.00417	0.5	92847	387	92654	2923735	31.49
1995-1999	45	0.00461	0.00460	0.5	92461	425	92248	2831081	30.62
1995-1999	46	0.00509	0.00508	0.5	92036	467	91802	2738833	29.76
1995-1999	47	0.00471	0.00470	0.5	91568	431	91353	2647031	28.91
1995-1999	48	0.00583	0.00581	0.5	91138	530	90873	2555678	28.04
1995-1999	49	0.00561	0.00560	0.5	90608	507	90355	2464805	27.20
1995-1999	50	0.00636	0.00634	0.5	90101	572	89816	2374450	26.35
1995-1999	51	0.00744	0.00741	0.5	89530	663	89198	2284634	25.52
1995-1999	52	0.00791	0.00788	0.5	88866	700	88516	2195436	24.70
1995-1999	53	0.00811	0.00808	0.5	88166	712	87810	2106920	23.90
1995-1999	54	0.00940	0.00935	0.5	87454	818	87045	2019110	23.09
1995-1999	55	0.00991	0.00986	0.5	86636	855	86209	1932065	22.30
1995-1999	56	0.01058	0.01052	0.5	85782	903	85330	1845856	21.52
1995-1999	57	0.01179	0.01172	0.5	84879	995	84381	1760526	20.74
1995-1999	58	0.01321	0.01313	0.5	83884	1101	83334	1676145	19.98
1995-1999	59	0.01403	0.01393	0.5	82783	1153	82206	1592811	19.24
1995-1999	60	0.01588	0.01575	0.5	81630	1286	80987	1510605	18.51
1995-1999	61	0.01763	0.01747	0.5	80344	1404	79642	1429618	17.79
1995-1999	62	0.01915	0.01897	0.5	78940	1497	78192	1349976	17.10
1995-1999	63	0.02072	0.02051	0.5	77443	1588	76649	1271784	16.42
1995-1999	64	0.02126	0.02104	0.5	75855	1596	75057	1195135	15.76
1995-1999	65	0.02322	0.02295	0.5	74259	1704	73407	1120078	15.08
1995-1999	66	0.02477	0.02447	0.5	72555	1775	71667	1046672	14.43
1995-1999	67	0.02680	0.02645	0.5	70779	1872	69843	975005	13.78
1995-1999	68	0.03090	0.03043	0.5	68907	2097	67858	905162	13.14
1995-1999	69	0.03188	0.03138	0.5	66810	2096	65762	837303	12.53
1995-1999	70	0.03716	0.03648	0.5	64714	2361	63533	771541	11.92
1995-1999	71	0.03966	0.03889	0.5	62353	2425	61140	708008	11.35
1995-1999	72	0.04413	0.04318	0.5	59928	2588	58634	646868	10.79
1995-1999	73	0.04659	0.04553	0.5	57340	2611	56035	588234	10.26
1995-1999	74	0.05029	0.04905	0.5	54729	2685	53387	532199	9.72
1995-1999	75	0.05484	0.05337	0.5	52045	2778	50656	478812	9.20
1995-1999	76	0.05952	0.05780	0.5	49267	2848	47843	428157	8.69
1995-1999	77	0.06591	0.06381	0.5	46419	2962	44938	380314	8.19
1995-1999	78	0.07103	0.06860	0.5	43457	2981	41967	335375	7.72
1995-1999	79	0.07811	0.07518	0.5	40476	3043	38955	293409	7.25
1995-1999	80	0.09127	0.08729	0.5	37433	3268	35800	254454	6.80
1995-1999	81	0.09515	0.09083	0.5	34166	3103	32614	218654	6.40
1995-1999	82	0.11088	0.10505	0.5	31063	3263	29431	186040	5.99
1995-1999	83	0.12017	0.11336	0.5	27799	3151	26224	156609	5.63
1995-1999	84	0.12811	0.12040	0.5	24648	2968	23164	130385	5.29
1995-1999	85	0.14635	0.13637	0.5	21681	2957	20202	107221	4.95
1995-1999	86	0.16358	0.15121	0.5	18724	2831	17308	87018	4.65
1995-1999	87	0.16369	0.15131	0.5	15893	2405	14690	69710	4.39
1995-1999	88	0.18321	0.16784	0.5	13488	2264	12356	55020	4.08
1995-1999	89	0.20447	0.18551	0.5	11224	2082	10183	42664	3.80
1995-1999	90	0.23577	0.21091	0.5	9142	1928	8178	32481	3.55
1995-1999	91	0.24366	0.21720	0.5	7214	1567	6430	24303	3.37
1995-1999	92	0.26417	0.23335	0.5	5647	1318	4988	17872	3.16
1995-1999	93	0.28574	0.25002	0.5	4329	1082	3788	12884	2.98
1995-1999	94	0.30834	0.26716	0.5	3247	867	2813	9096	2.80
1995-1999	95	0.33190	0.28466	0.5	2379	677	2041	6283	2.64
1995-1999	96	0.35633	0.30244	0.5	1702	515	1445	4242	2.49
1995-1999	97	0.38153	0.32041	0.5	1187	380	997	2797	2.36
1995-1999	98	0.40739	0.33845	0.5	807	273	670	1800	2.23
1995-1999	99	0.43376	0.35645	0.5	534	190	439	1130	2.12
1995-1999	100	0.46052	0.37433	0.5	344	129	279	691	2.01
1995-1999	101	0.48751	0.39197	0.5	215	84	173	412	1.92
1995-1999	102	0.51457	0.40927	0.5	131	53	104	239	1.83
1995-1999	103	0.54155	0.42616	0.5	77	33	61	135	1.75
1995-1999	104	0.56828	0.44254	0.5	44	20	34	74	1.68
1995-1999	105	0.59463	0.45835	0.5	25	11	19	40	1.61
1995-1999	106	0.62044	0.47354	0.5	13	6	10	21	1.55
1995-1999	107	0.64558	0.48804	0.5	7	3	5	11	1.50
1995-1999	108	0.66995	0.50184	0.5	4	2	3	5	1.46
1995-1999	109	0.69343	0.51491	0.5	2	1	1	3	1.42
1995-1999	110+	0.71596	1.00000	1.4	1	1	1	1	1.40
2000-2004	0	0.00912	0.00904	0.07	100000	904	99159	7254169	72.54
2000-2004	1	0.00071	0.00071	0.5	99096	70	99061	7155010	72.20
2000-2004	2	0.00042	0.00042	0.5	99026	42	99005	7055949	71.25
2000-2004	3	0.00030	0.00030	0.5	98984	29	98970	6956944	70.28
2000-2004	4	0.00032	0.00032	0.5	98955	32	98939	6857975	69.30
2000-2004	5	0.00026	0.00026	0.5	98923	25	98910	6759036	68.33
2000-2004	6	0.00018	0.00018	0.5	98898	18	98889	6660126	67.34
2000-2004	7	0.00022	0.00022	0.5	98880	22	98869	6561237	66.36
2000-2004	8	0.00016	0.00016	0.5	98858	16	98849	6462368	65.37
2000-2004	9	0.00014	0.00014	0.5	98841	13	98835	6363519	64.38
2000-2004	10	0.00026	0.00026	0.5	98828	26	98815	6264684	63.39
2000-2004	11	0.00024	0.00024	0.5	98802	24	98790	6165869	62.41
2000-2004	12	0.00033	0.00033	0.5	98778	33	98762	6067079	61.42
2000-2004	13	0.00033	0.00033	0.5	98746	32	98730	5968317	60.44
2000-2004	14	0.00037	0.00037	0.5	98714	36	98695	5869587	59.46
2000-2004	15	0.00060	0.00060	0.5	98677	60	98647	5770892	58.48
2000-2004	16	0.00100	0.00100	0.5	98618	99	98568	5672245	57.52
2000-2004	17	0.00101	0.00101	0.5	98519	99	98469	5573676	56.57
2000-2004	18	0.00132	0.00132	0.5	98419	130	98354	5475207	55.63
2000-2004	19	0.00132	0.00132	0.5	98290	130	98225	5376853	54.70
2000-2004	20	0.00140	0.00139	0.5	98160	137	98091	5278629	53.78
2000-2004	21	0.00156	0.00156	0.5	98023	153	97946	5180537	52.85
2000-2004	22	0.00150	0.00150	0.5	97870	147	97797	5082591	51.93
2000-2004	23	0.00143	0.00143	0.5	97724	140	97654	4984794	51.01
2000-2004	24	0.00162	0.00162	0.5	97584	158	97505	4887140	50.08
2000-2004	25	0.00174	0.00174	0.5	97426	169	97341	4789635	49.16
2000-2004	26	0.00167	0.00167	0.5	97256	162	97175	4692294	48.25
2000-2004	27	0.00142	0.00142	0.5	97094	138	97025	4595119	47.33
2000-2004	28	0.00152	0.00152	0.5	96957	147	96883	4498093	46.39
2000-2004	29	0.00165	0.00165	0.5	96809	159	96730	4401210	45.46
2000-2004	30	0.00160	0.00160	0.5	96650	155	96572	4304481	44.54
2000-2004	31	0.00205	0.00205	0.5	96495	198	96396	4207908	43.61
2000-2004	32	0.00184	0.00184	0.5	96297	177	96208	4111512	42.70
2000-2004	33	0.00189	0.00189	0.5	96120	181	96029	4015304	41.77
2000-2004	34	0.00186	0.00186	0.5	95938	179	95849	3919275	40.85
2000-2004	35	0.00205	0.00205	0.5	95759	196	95661	3823426	39.93
2000-2004	36	0.00249	0.00248	0.5	95563	237	95444	3727765	39.01
2000-2004	37	0.00246	0.00246	0.5	95326	234	95209	3632321	38.10
2000-2004	38	0.00302	0.00301	0.5	95092	287	94948	3537112	37.20
2000-2004	39	0.00319	0.00318	0.5	94805	302	94654	3442164	36.31
2000-2004	40	0.00306	0.00306	0.5	94503	289	94359	3347510	35.42
2000-2004	41	0.00329	0.00328	0.5	94214	309	94060	3253151	34.53
2000-2004	42	0.00352	0.00351	0.5	93905	330	93740	3159092	33.64
2000-2004	43	0.00426	0.00425	0.5	93575	398	93377	3065351	32.76
2000-2004	44	0.00464	0.00463	0.5	93178	431	92962	2971975	31.90
2000-2004	45	0.00482	0.00481	0.5	92746	446	92524	2879013	31.04
2000-2004	46	0.00521	0.00519	0.5	92301	479	92061	2786489	30.19
2000-2004	47	0.00537	0.00536	0.5	91821	492	91575	2694428	29.34
2000-2004	48	0.00576	0.00574	0.5	91329	525	91067	2602853	28.50
2000-2004	49	0.00613	0.00611	0.5	90805	555	90527	2511785	27.66
2000-2004	50	0.00645	0.00643	0.5	90250	580	89959	2421258	26.83
2000-2004	51	0.00734	0.00731	0.5	89669	656	89341	2331299	26.00
2000-2004	52	0.00760	0.00757	0.5	89014	674	88677	2241957	25.19
2000-2004	53	0.00852	0.00849	0.5	88340	750	87965	2153280	24.37
2000-2004	54	0.00911	0.00907	0.5	87590	794	87193	2065315	23.58
2000-2004	55	0.00932	0.00928	0.5	86796	805	86393	1978122	22.79
2000-2004	56	0.01092	0.01087	0.5	85991	934	85523	1891729	22.00
2000-2004	57	0.01224	0.01217	0.5	85056	1035	84539	1806206	21.24
2000-2004	58	0.01219	0.01212	0.5	84021	1018	83512	1721667	20.49
2000-2004	59	0.01382	0.01373	0.5	83003	1139	82434	1638155	19.74
2000-2004	60	0.01507	0.01496	0.5	81864	1225	81252	1555721	19.00
2000-2004	61	0.01634	0.01621	0.5	80639	1307	79986	1474469	18.28
2000-2004	62	0.01787	0.01771	0.5	79332	1405	78630	1394484	17.58
2000-2004	63	0.01883	0.01865	0.5	77927	1453	77200	1315854	16.89
2000-2004	64	0.02027	0.02007	0.5	76474	1535	75706	1238654	16.20
2000-2004	65	0.02108	0.02086	0.5	74939	1563	74158	1162947	15.52
2000-2004	66	0.02458	0.02428	0.5	73376	1782	72485	1088790	14.84
2000-2004	67	0.02484	0.02454	0.5	71594	1757	70716	1016304	14.20
2000-2004	68	0.02730	0.02693	0.5	69838	1881	68897	945588	13.54
2000-2004	69	0.03180	0.03130	0.5	67957	2127	66893	876691	12.90
2000-2004	70	0.03462	0.03403	0.5	65830	2240	64710	809798	12.30
2000-2004	71	0.03764	0.03695	0.5	63590	2350	62415	745088	11.72
2000-2004	72	0.03952	0.03876	0.5	61240	2374	60054	682673	11.15
2000-2004	73	0.04325	0.04234	0.5	58867	2492	57621	622619	10.58
2000-2004	74	0.04609	0.04505	0.5	56375	2540	55105	564999	10.02
2000-2004	75	0.05164	0.05034	0.5	53835	2710	52480	509894	9.47
2000-2004	76	0.05549	0.05399	0.5	51125	2760	49745	457414	8.95
2000-2004	77	0.06108	0.05927	0.5	48364	2867	46931	407670	8.43
2000-2004	78	0.06723	0.06505	0.5	45498	2959	44018	360739	7.93
2000-2004	79	0.07231	0.06979	0.5	42538	2969	41054	316721	7.45
2000-2004	80	0.08464	0.08120	0.5	39569	3213	37963	275667	6.97
2000-2004	81	0.09184	0.08781	0.5	36356	3192	34760	237704	6.54
2000-2004	82	0.10059	0.09577	0.5	33164	3176	31576	202944	6.12
2000-2004	83	0.11023	0.10448	0.5	29988	3133	28421	171368	5.71
2000-2004	84	0.12629	0.11879	0.5	26855	3190	25260	142947	5.32
2000-2004	85	0.13725	0.12844	0.5	23665	3039	22145	117687	4.97
2000-2004	86	0.15160	0.14092	0.5	20625	2907	19172	95542	4.63
2000-2004	87	0.16917	0.15598	0.5	17719	2764	16337	76370	4.31
2000-2004	88	0.19108	0.17442	0.5	14955	2608	13651	60033	4.01
2000-2004	89	0.20751	0.18800	0.5	12347	2321	11186	46382	3.76
2000-2004	90	0.22484	0.20212	0.5	10025	2026	9012	35196	3.51
2000-2004	91	0.24853	0.22106	0.5	7999	1768	7115	26183	3.27
2000-2004	92	0.27144	0.23900	0.5	6231	1489	5486	19068	3.06
2000-2004	93	0.29563	0.25756	0.5	4742	1221	4131	13582	2.86
2000-2004	94	0.32103	0.27663	0.5	3520	974	3034	9451	2.68
2000-2004	95	0.34753	0.29608	0.5	2547	754	2170	6418	2.52
2000-2004	96	0.37502	0.31580	0.5	1793	566	1510	4248	2.37
2000-2004	97	0.40333	0.33564	0.5	1226	412	1021	2738	2.23
2000-2004	98	0.43230	0.35547	0.5	815	290	670	1718	2.11
2000-2004	99	0.46175	0.37514	0.5	525	197	427	1048	2.00
2000-2004	100	0.49146	0.39451	0.5	328	129	263	621	1.89
2000-2004	101	0.52123	0.41347	0.5	199	82	158	358	1.80
2000-2004	102	0.55086	0.43190	0.5	117	50	91	200	1.72
2000-2004	103	0.58012	0.44969	0.5	66	30	51	109	1.64
2000-2004	104	0.60884	0.46675	0.5	36	17	28	57	1.57
2000-2004	105	0.63682	0.48302	0.5	19	9	15	29	1.51
2000-2004	106	0.66390	0.49844	0.5	10	5	8	15	1.46
2000-2004	107	0.68994	0.51298	0.5	5	3	4	7	1.41
2000-2004	108	0.71484	0.52662	0.5	2	1	2	3	1.37
2000-2004	109	0.73849	0.53934	0.5	1	1	1	2	1.34
2000-2004	110+	0.76084	1.00000	1.31	1	1	1	1	1.31
2005-2009	0	0.00884	0.00877	0.07	100000	877	99183	7276372	72.76
2005-2009	1	0.00069	0.00069	0.5	99123	69	99089	7177188	72.41
2005-2009	2	0.00057	0.00057	0.5	99054	57	99026	7078100	71.46
2005-2009	3	0.00038	0.00038	0.5	98997	38	98978	6979074	70.50
2005-2009	4	0.00035	0.00035	0.5	98960	35	98942	6880095	69.52
2005-2009	5	0.00027	0.00027	0.5	98925	27	98911	6781153	68.55
2005-2009	6	0.00021	0.00021	0.5	98898	21	98887	6682242	67.57
2005-2009	7	0.00023	0.00023	0.5	98877	23	98866	6583355	66.58
2005-2009	8	0.00024	0.00024	0.5	98854	24	98842	6484489	65.60
2005-2009	9	0.00024	0.00024	0.5	98830	24	98818	6385647	64.61
2005-2009	10	0.00018	0.00018	0.5	98807	18	98798	6286828	63.63
2005-2009	11	0.00022	0.00022	0.5	98789	22	98778	6188031	62.64
2005-2009	12	0.00024	0.00024	0.5	98767	23	98755	6089253	61.65
2005-2009	13	0.00030	0.00030	0.5	98743	30	98728	5990498	60.67
2005-2009	14	0.00039	0.00039	0.5	98714	39	98694	5891770	59.69
2005-2009	15	0.00056	0.00056	0.5	98675	56	98647	5793075	58.71
2005-2009	16	0.00068	0.00068	0.5	98619	67	98585	5694429	57.74
2005-2009	17	0.00126	0.00125	0.5	98552	124	98490	5595843	56.78
2005-2009	18	0.00152	0.00152	0.5	98428	150	98353	5497353	55.85
2005-2009	19	0.00163	0.00163	0.5	98278	160	98199	5399000	54.94
2005-2009	20	0.00158	0.00158	0.5	98119	155	98041	5300801	54.02
2005-2009	21	0.00159	0.00159	0.5	97964	156	97886	5202760	53.11
2005-2009	22	0.00144	0.00144	0.5	97808	141	97737	5104874	52.19
2005-2009	23	0.00169	0.00169	0.5	97667	165	97584	5007137	51.27
2005-2009	24	0.00170	0.00170	0.5	97502	166	97419	4909553	50.35
2005-2009	25	0.00181	0.00181	0.5	97336	176	97248	4812134	49.44
2005-2009	26	0.00193	0.00192	0.5	97160	187	97067	4714886	48.53
2005-2009	27	0.00192	0.00192	0.5	96973	186	96880	4617819	47.62
2005-2009	28	0.00171	0.00171	0.5	96787	165	96705	4520939	46.71
2005-2009	29	0.00201	0.00201	0.5	96622	194	96525	4424234	45.79
2005-2009	30	0.00176	0.00175	0.5	96428	169	96343	4327709	44.88
2005-2009	31	0.00197	0.00197	0.5	96259	190	96164	4231365	43.96
2005-2009	32	0.00199	0.00199	0.5	96069	191	95974	4135201	43.04
2005-2009	33	0.00212	0.00212	0.5	95878	203	95777	4039228	42.13
2005-2009	34	0.00233	0.00232	0.5	95675	222	95564	3943451	41.22
2005-2009	35	0.00245	0.00244	0.5	95453	233	95336	3847887	40.31
2005-2009	36	0.00241	0.00240	0.5	95220	229	95105	3752550	39.41
2005-2009	37	0.00238	0.00238	0.5	94991	226	94878	3657445	38.50
2005-2009	38	0.00252	0.00252	0.5	94765	238	94646	3562567	37.59
2005-2009	39	0.00308	0.00308	0.5	94527	291	94381	3467921	36.69
2005-2009	40	0.00300	0.00299	0.5	94236	282	94095	3373540	35.80
2005-2009	41	0.00345	0.00344	0.5	93954	324	93792	3279445	34.90
2005-2009	42	0.00402	0.00401	0.5	93630	375	93442	3185654	34.02
2005-2009	43	0.00406	0.00405	0.5	93255	378	93066	3092211	33.16
2005-2009	44	0.00446	0.00445	0.5	92877	413	92670	2999145	32.29
2005-2009	45	0.00454	0.00453	0.5	92464	419	92254	2906475	31.43
2005-2009	46	0.00553	0.00551	0.5	92045	507	91791	2814221	30.57
2005-2009	47	0.00576	0.00574	0.5	91537	525	91275	2722430	29.74
2005-2009	48	0.00589	0.00588	0.5	91012	535	90744	2631155	28.91
2005-2009	49	0.00713	0.00710	0.5	90477	642	90156	2540411	28.08
2005-2009	50	0.00732	0.00729	0.5	89834	655	89507	2450255	27.28
2005-2009	51	0.00774	0.00771	0.5	89180	687	88836	2360748	26.47
2005-2009	52	0.00860	0.00856	0.5	88492	758	88113	2271912	25.67
2005-2009	53	0.00930	0.00925	0.5	87734	812	87329	2183799	24.89
2005-2009	54	0.01007	0.01002	0.5	86923	871	86487	2096471	24.12
2005-2009	55	0.01064	0.01059	0.5	86052	911	85596	2009983	23.36
2005-2009	56	0.01113	0.01107	0.5	85141	943	84669	1924387	22.60
2005-2009	57	0.01150	0.01144	0.5	84198	963	83717	1839717	21.85
2005-2009	58	0.01285	0.01277	0.5	83235	1063	82704	1756001	21.10
2005-2009	59	0.01335	0.01326	0.5	82173	1090	81628	1673297	20.36
2005-2009	60	0.01447	0.01436	0.5	81083	1165	80500	1591669	19.63
2005-2009	61	0.01560	0.01548	0.5	79918	1237	79300	1511169	18.91
2005-2009	62	0.01706	0.01691	0.5	78681	1331	78016	1431869	18.20
2005-2009	63	0.01808	0.01792	0.5	77351	1386	76658	1353853	17.50
2005-2009	64	0.01947	0.01928	0.5	75965	1465	75232	1277196	16.81
2005-2009	65	0.02124	0.02102	0.5	74500	1566	73717	1201963	16.13
2005-2009	66	0.02240	0.02215	0.5	72934	1616	72126	1128246	15.47
2005-2009	67	0.02393	0.02364	0.5	71319	1686	70476	1056120	14.81
2005-2009	68	0.02553	0.02521	0.5	69632	1755	68755	985644	14.15
2005-2009	69	0.02832	0.02792	0.5	67877	1895	66930	916889	13.51
2005-2009	70	0.03043	0.02997	0.5	65982	1977	64993	849960	12.88
2005-2009	71	0.03352	0.03297	0.5	64004	2110	62949	784967	12.26
2005-2009	72	0.03554	0.03492	0.5	61894	2162	60814	722017	11.67
2005-2009	73	0.03828	0.03756	0.5	59733	2244	58611	661203	11.07
2005-2009	74	0.04385	0.04290	0.5	57489	2467	56256	602592	10.48
2005-2009	75	0.04707	0.04599	0.5	55023	2530	53757	546337	9.93
2005-2009	76	0.05085	0.04959	0.5	52492	2603	51190	492579	9.38
2005-2009	77	0.05650	0.05495	0.5	49889	2741	48518	441389	8.85
2005-2009	78	0.06269	0.06078	0.5	47148	2866	45715	392871	8.33
2005-2009	79	0.06652	0.06438	0.5	44282	2851	42856	347156	7.84
2005-2009	80	0.07603	0.07325	0.5	41431	3035	39913	304300	7.34
2005-2009	81	0.08523	0.08174	0.5	38396	3139	36827	264386	6.89
2005-2009	82	0.08839	0.08465	0.5	35258	2985	33765	227559	6.45
2005-2009	83	0.10325	0.09818	0.5	32273	3168	30689	193794	6.00
2005-2009	84	0.11305	0.10701	0.5	29104	3114	27547	163105	5.60
2005-2009	85	0.13073	0.12271	0.5	25990	3189	24395	135558	5.22
2005-2009	86	0.14472	0.13496	0.5	22801	3077	21262	111163	4.88
2005-2009	87	0.15298	0.14211	0.5	19724	2803	18322	89900	4.56
2005-2009	88	0.16892	0.15576	0.5	16921	2636	15603	71578	4.23
2005-2009	89	0.18384	0.16836	0.5	14285	2405	13083	55975	3.92
2005-2009	90	0.20833	0.18868	0.5	11880	2242	10759	42892	3.61
2005-2009	91	0.25080	0.22285	0.5	9639	2148	8565	32133	3.33
2005-2009	92	0.25985	0.22997	0.5	7491	1723	6629	23568	3.15
2005-2009	93	0.28441	0.24900	0.5	5768	1436	5050	16939	2.94
2005-2009	94	0.31032	0.26864	0.5	4332	1164	3750	11889	2.74
2005-2009	95	0.33747	0.28875	0.5	3168	915	2711	8139	2.57
2005-2009	96	0.36574	0.30919	0.5	2253	697	1905	5429	2.41
2005-2009	97	0.39496	0.32983	0.5	1557	513	1300	3524	2.26
2005-2009	98	0.42495	0.35048	0.5	1043	366	860	2224	2.13
2005-2009	99	0.45551	0.37101	0.5	678	251	552	1364	2.01
2005-2009	100	0.48641	0.39125	0.5	426	167	343	812	1.90
2005-2009	101	0.51741	0.41106	0.5	259	107	206	469	1.81
2005-2009	102	0.54827	0.43031	0.5	153	66	120	263	1.72
2005-2009	103	0.57877	0.44887	0.5	87	39	68	143	1.64
2005-2009	104	0.60868	0.46666	0.5	48	22	37	75	1.57
2005-2009	105	0.63780	0.48358	0.5	26	12	19	39	1.51
2005-2009	106	0.66594	0.49959	0.5	13	7	10	19	1.45
2005-2009	107	0.69294	0.51464	0.5	7	3	5	9	1.40
2005-2009	108	0.71869	0.52870	0.5	3	2	2	4	1.36
2005-2009	109	0.74307	0.54178	0.5	2	1	1	2	1.33
2005-2009	110+	0.76603	1.00000	1.31	1	1	1	1	1.31
2010-2014	0	0.00829	0.00823	0.07	100000	823	99233	7329828	73.30
2010-2014	1	0.00064	0.00064	0.5	99177	63	99146	7230596	72.91
2010-2014	2	0.00039	0.00039	0.5	99114	39	99095	7131450	71.95
2010-2014	3	0.00041	0.00041	0.5	99075	41	99055	7032355	70.98
2010-2014	4	0.00032	0.00032	0.5	99034	31	99019	6933301	70.01
2010-2014	5	0.00026	0.00026	0.5	99003	26	98990	6834282	69.03
2010-2014	6	0.00018	0.00018	0.5	98977	17	98968	6735291	68.05
2010-2014	7	0.00019	0.00019	0.5	98960	19	98950	6636323	67.06
2010-2014	8	0.00027	0.00027	0.5	98941	27	98927	6537373	66.07
2010-2014	9	0.00019	0.00019	0.5	98914	18	98904	6438445	65.09
2010-2014	10	0.00011	0.00011	0.5	98895	11	98890	6339541	64.10
2010-2014	11	0.00020	0.00020	0.5	98884	20	98874	6240651	63.11
2010-2014	12	0.00021	0.00021	0.5	98864	21	98854	6141777	62.12
2010-2014	13	0.00033	0.00033	0.5	98843	33	98827	6042923	61.14
2010-2014	14	0.00037	0.00037	0.5	98810	37	98792	5944096	60.16
2010-2014	15	0.00045	0.00045	0.5	98774	44	98752	5845304	59.18
2010-2014	16	0.00066	0.00066	0.5	98730	65	98697	5746553	58.20
2010-2014	17	0.00089	0.00089	0.5	98665	88	98621	5647855	57.24
2010-2014	18	0.00126	0.00126	0.5	98577	124	98515	5549235	56.29
2010-2014	19	0.00151	0.00150	0.5	98453	148	98379	5450720	55.36
2010-2014	20	0.00132	0.00132	0.5	98305	130	98240	5352341	54.45
2010-2014	21	0.00157	0.00157	0.5	98175	154	98097	5254102	53.52
2010-2014	22	0.00156	0.00156	0.5	98020	153	97944	5156004	52.60
2010-2014	23	0.00151	0.00151	0.5	97868	147	97794	5058060	51.68
2010-2014	24	0.00179	0.00178	0.5	97720	174	97633	4960266	50.76
2010-2014	25	0.00160	0.00160	0.5	97546	156	97468	4862633	49.85
2010-2014	26	0.00166	0.00166	0.5	97390	162	97309	4765165	48.93
2010-2014	27	0.00176	0.00176	0.5	97228	171	97143	4667856	48.01
2010-2014	28	0.00197	0.00196	0.5	97057	191	96962	4570714	47.09
2010-2014	29	0.00184	0.00184	0.5	96867	178	96778	4473752	46.18
2010-2014	30	0.00199	0.00199	0.5	96689	192	96593	4376974	45.27
2010-2014	31	0.00208	0.00208	0.5	96497	200	96396	4280381	44.36
2010-2014	32	0.00212	0.00211	0.5	96296	204	96194	4183985	43.45
2010-2014	33	0.00199	0.00199	0.5	96092	191	95997	4087791	42.54
2010-2014	34	0.00236	0.00236	0.5	95901	226	95788	3991794	41.62
2010-2014	35	0.00223	0.00223	0.5	95675	214	95568	3896006	40.72
2010-2014	36	0.00253	0.00253	0.5	95462	241	95341	3800438	39.81
2010-2014	37	0.00234	0.00233	0.5	95221	222	95109	3705097	38.91
2010-2014	38	0.00290	0.00289	0.5	94998	275	94861	3609987	38.00
2010-2014	39	0.00292	0.00291	0.5	94724	276	94586	3515126	37.11
2010-2014	40	0.00324	0.00323	0.5	94448	305	94295	3420540	36.22
2010-2014	41	0.00317	0.00317	0.5	94143	298	93994	3326245	35.33
2010-2014	42	0.00373	0.00373	0.5	93845	350	93670	3232252	34.44
2010-2014	43	0.00357	0.00356	0.5	93495	333	93328	3138582	33.57
2010-2014	44	0.00410	0.00409	0.5	93162	381	92971	3045253	32.69
2010-2014	45	0.00448	0.00447	0.5	92781	414	92574	2952282	31.82
2010-2014	46	0.00471	0.00470	0.5	92366	434	92149	2859708	30.96
2010-2014	47	0.00563	0.00562	0.5	91932	516	91674	2767559	30.10
2010-2014	48	0.00602	0.00600	0.5	91416	549	91142	2675885	29.27
2010-2014	49	0.00640	0.00638	0.5	90867	580	90577	2584743	28.45
2010-2014	50	0.00699	0.00696	0.5	90288	629	89973	2494166	27.62
2010-2014	51	0.00765	0.00762	0.5	89659	684	89317	2404193	26.81
2010-2014	52	0.00863	0.00859	0.5	88975	765	88593	2314875	26.02
2010-2014	53	0.00943	0.00939	0.5	88211	828	87797	2226282	25.24
2010-2014	54	0.00984	0.00979	0.5	87382	856	86955	2138486	24.47
2010-2014	55	0.01080	0.01074	0.5	86527	930	86062	2051531	23.71
2010-2014	56	0.01232	0.01224	0.5	85597	1048	85073	1965469	22.96
2010-2014	57	0.01253	0.01246	0.5	84549	1053	84023	1880396	22.24
2010-2014	58	0.01372	0.01362	0.5	83496	1138	82927	1796374	21.51
2010-2014	59	0.01445	0.01435	0.5	82358	1182	81768	1713447	20.80
2010-2014	60	0.01418	0.01408	0.5	81177	1143	80605	1631679	20.10
2010-2014	61	0.01598	0.01586	0.5	80034	1269	79399	1551074	19.38
2010-2014	62	0.01697	0.01682	0.5	78765	1325	78102	1471675	18.68
2010-2014	63	0.01797	0.01781	0.5	77440	1379	76750	1393572	18.00
2010-2014	64	0.01900	0.01882	0.5	76061	1431	75345	1316822	17.31
2010-2014	65	0.01997	0.01977	0.5	74629	1475	73892	1241477	16.64
2010-2014	66	0.02162	0.02139	0.5	73154	1565	72371	1167586	15.96
2010-2014	67	0.02403	0.02375	0.5	71589	1700	70739	1095214	15.30
2010-2014	68	0.02495	0.02464	0.5	69889	1722	69028	1024475	14.66
2010-2014	69	0.02722	0.02686	0.5	68167	1831	67252	955447	14.02
2010-2014	70	0.02977	0.02933	0.5	66336	1946	65363	888196	13.39
2010-2014	71	0.03173	0.03124	0.5	64390	2011	63385	822832	12.78
2010-2014	72	0.03416	0.03359	0.5	62379	2095	61331	759448	12.17
2010-2014	73	0.03577	0.03514	0.5	60284	2118	59225	698116	11.58
2010-2014	74	0.04032	0.03953	0.5	58166	2299	57016	638891	10.98
2010-2014	75	0.04172	0.04087	0.5	55867	2283	54725	581875	10.42
2010-2014	76	0.04759	0.04649	0.5	53583	2491	52338	527150	9.84
2010-2014	77	0.05300	0.05163	0.5	51092	2638	49773	474813	9.29
2010-2014	78	0.05638	0.05484	0.5	48454	2657	47126	425039	8.77
2010-2014	79	0.06465	0.06263	0.5	45797	2868	44363	377913	8.25
2010-2014	80	0.06692	0.06475	0.5	42929	2780	41539	333550	7.77
2010-2014	81	0.07473	0.07204	0.5	40149	2892	38703	292011	7.27
2010-2014	82	0.08375	0.08038	0.5	37257	2995	35760	253307	6.80
2010-2014	83	0.09139	0.08739	0.5	34262	2994	32765	217548	6.35
2010-2014	84	0.10483	0.09961	0.5	31268	3114	29711	184782	5.91
2010-2014	85	0.11701	0.11055	0.5	28154	3112	26597	155072	5.51
2010-2014	86	0.12981	0.12190	0.5	25041	3053	23515	128474	5.13
2010-2014	87	0.14093	0.13165	0.5	21989	2895	20541	104959	4.77
2010-2014	88	0.16134	0.14930	0.5	19094	2851	17669	84418	4.42
2010-2014	89	0.18112	0.16608	0.5	16243	2698	14894	66749	4.11
2010-2014	90	0.19773	0.17994	0.5	13545	2437	12327	51855	3.83
2010-2014	91	0.22126	0.19922	0.5	11108	2213	10002	39528	3.56
2010-2014	92	0.23916	0.21361	0.5	8895	1900	7945	29527	3.32
2010-2014	93	0.26592	0.23471	0.5	6995	1642	6174	21582	3.09
2010-2014	94	0.29121	0.25420	0.5	5353	1361	4673	15408	2.88
2010-2014	95	0.31788	0.27428	0.5	3992	1095	3445	10735	2.69
2010-2014	96	0.34579	0.29481	0.5	2897	854	2470	7290	2.52
2010-2014	97	0.37480	0.31565	0.5	2043	645	1721	4820	2.36
2010-2014	98	0.40475	0.33662	0.5	1398	471	1163	3099	2.22
2010-2014	99	0.43542	0.35757	0.5	928	332	762	1936	2.09
2010-2014	100	0.46659	0.37833	0.5	596	225	483	1174	1.97
2010-2014	101	0.49802	0.39873	0.5	370	148	297	691	1.87
2010-2014	102	0.52947	0.41864	0.5	223	93	176	394	1.77
2010-2014	103	0.56069	0.43792	0.5	129	57	101	218	1.69
2010-2014	104	0.59144	0.45646	0.5	73	33	56	117	1.61
2010-2014	105	0.62149	0.47415	0.5	40	19	30	61	1.54
2010-2014	106	0.65063	0.49092	0.5	21	10	16	31	1.48
2010-2014	107	0.67869	0.50673	0.5	11	5	8	15	1.43
2010-2014	108	0.70551	0.52154	0.5	5	3	4	7	1.38
2010-2014	109	0.73098	0.53533	0.5	2	1	2	3	1.35
2010-2014	110+	0.75502	1.00000	1.32	1	1	2	2	1.32
2015-2019	0	0.00803	0.00797	0.07	100000	797	99256	7334749	73.35
2015-2019	1	0.00069	0.00069	0.5	99203	69	99168	7235493	72.94
2015-2019	2	0.00052	0.00052	0.5	99134	51	99108	7136324	71.99
2015-2019	3	0.00028	0.00028	0.5	99083	28	99069	7037216	71.02
2015-2019	4	0.00019	0.00019	0.5	99055	19	99046	6938147	70.04
2015-2019	5	0.00023	0.00023	0.5	99036	23	99025	6839101	69.06
2015-2019	6	0.00017	0.00017	0.5	99013	17	99005	6740076	68.07
2015-2019	7	0.00015	0.00015	0.5	98997	15	98989	6641071	67.08
2015-2019	8	0.00024	0.00024	0.5	98982	24	98970	6542082	66.09
2015-2019	9	0.00012	0.00012	0.5	98958	12	98952	6443112	65.11
2015-2019	10	0.00014	0.00014	0.5	98946	14	98939	6344161	64.12
2015-2019	11	0.00022	0.00022	0.5	98931	22	98921	6245222	63.13
2015-2019	12	0.00025	0.00025	0.5	98910	25	98898	6146301	62.14
2015-2019	13	0.00026	0.00026	0.5	98885	25	98873	6047404	61.16
2015-2019	14	0.00039	0.00039	0.5	98860	39	98841	5948531	60.17
2015-2019	15	0.00061	0.00061	0.5	98821	60	98791	5849690	59.19
2015-2019	16	0.00067	0.00067	0.5	98761	66	98728	5750899	58.23
2015-2019	17	0.00076	0.00076	0.5	98695	75	98658	5652171	57.27
2015-2019	18	0.00115	0.00115	0.5	98621	114	98564	5553513	56.31
2015-2019	19	0.00130	0.00130	0.5	98507	128	98443	5454949	55.38
2015-2019	20	0.00135	0.00134	0.5	98379	132	98313	5356506	54.45
2015-2019	21	0.00149	0.00149	0.5	98247	146	98174	5258193	53.52
2015-2019	22	0.00140	0.00140	0.5	98101	137	98032	5160020	52.60
2015-2019	23	0.00148	0.00148	0.5	97964	145	97891	5061988	51.67
2015-2019	24	0.00133	0.00133	0.5	97818	130	97753	4964097	50.75
2015-2019	25	0.00176	0.00176	0.5	97688	172	97603	4866343	49.81
2015-2019	26	0.00177	0.00177	0.5	97517	173	97430	4768741	48.90
2015-2019	27	0.00186	0.00185	0.5	97344	181	97254	4671310	47.99
2015-2019	28	0.00200	0.00200	0.5	97163	194	97066	4574057	47.08
2015-2019	29	0.00182	0.00182	0.5	96969	177	96881	4476990	46.17
2015-2019	30	0.00210	0.00210	0.5	96793	203	96692	4380109	45.25
2015-2019	31	0.00226	0.00226	0.5	96590	218	96481	4283418	44.35
2015-2019	32	0.00208	0.00208	0.5	96372	200	96272	4186937	43.45
2015-2019	33	0.00239	0.00239	0.5	96172	230	96057	4090665	42.54
2015-2019	34	0.00245	0.00245	0.5	95942	235	95824	3994608	41.64
2015-2019	35	0.00248	0.00248	0.5	95707	238	95588	3898784	40.74
2015-2019	36	0.00270	0.00269	0.5	95469	257	95341	3803196	39.84
2015-2019	37	0.00284	0.00284	0.5	95212	270	95077	3707855	38.94
2015-2019	38	0.00303	0.00302	0.5	94942	287	94799	3612778	38.05
2015-2019	39	0.00301	0.00301	0.5	94655	284	94513	3517979	37.17
2015-2019	40	0.00338	0.00337	0.5	94371	318	94212	3423466	36.28
2015-2019	41	0.00363	0.00362	0.5	94053	340	93883	3329254	35.40
2015-2019	42	0.00374	0.00373	0.5	93712	350	93537	3235371	34.52
2015-2019	43	0.00386	0.00385	0.5	93363	359	93183	3141834	33.65
2015-2019	44	0.00394	0.00393	0.5	93003	365	92820	3048651	32.78
2015-2019	45	0.00441	0.00440	0.5	92638	408	92434	2955830	31.91
2015-2019	46	0.00519	0.00517	0.5	92230	477	91991	2863397	31.05
2015-2019	47	0.00537	0.00535	0.5	91753	491	91507	2771405	30.21
2015-2019	48	0.00569	0.00567	0.5	91262	517	91003	2679898	29.36
2015-2019	49	0.00631	0.00629	0.5	90744	571	90459	2588895	28.53
2015-2019	50	0.00684	0.00681	0.5	90173	614	89866	2498436	27.71
2015-2019	51	0.00694	0.00691	0.5	89559	619	89249	2408570	26.89
2015-2019	52	0.00854	0.00850	0.5	88940	756	88561	2319321	26.08
2015-2019	53	0.00882	0.00878	0.5	88183	774	87796	2230759	25.30
2015-2019	54	0.01021	0.01015	0.5	87409	887	86965	2142963	24.52
2015-2019	55	0.01082	0.01076	0.5	86522	931	86056	2055998	23.76
2015-2019	56	0.01163	0.01157	0.5	85591	990	85096	1969941	23.02
2015-2019	57	0.01277	0.01269	0.5	84601	1074	84064	1884846	22.28
2015-2019	58	0.01353	0.01344	0.5	83527	1123	82966	1800782	21.56
2015-2019	59	0.01507	0.01496	0.5	82404	1232	81788	1717817	20.85
2015-2019	60	0.01566	0.01554	0.5	81172	1261	80541	1636029	20.16
2015-2019	61	0.01715	0.01700	0.5	79911	1359	79231	1555488	19.47
2015-2019	62	0.01760	0.01745	0.5	78552	1371	77867	1476256	18.79
2015-2019	63	0.01935	0.01917	0.5	77181	1480	76442	1398390	18.12
2015-2019	64	0.02025	0.02005	0.5	75702	1518	74943	1321948	17.46
2015-2019	65	0.02063	0.02042	0.5	74184	1515	73427	1247005	16.81
2015-2019	66	0.02188	0.02164	0.5	72669	1573	71883	1173578	16.15
2015-2019	67	0.02406	0.02378	0.5	71096	1690	70251	1101696	15.50
2015-2019	68	0.02611	0.02577	0.5	69406	1789	68511	1031445	14.86
2015-2019	69	0.02778	0.02740	0.5	67617	1853	66690	962934	14.24
2015-2019	70	0.02930	0.02888	0.5	65764	1899	64814	896243	13.63
2015-2019	71	0.03302	0.03248	0.5	63865	2074	62828	831429	13.02
2015-2019	72	0.03462	0.03404	0.5	61790	2103	60739	768601	12.44
2015-2019	73	0.03619	0.03554	0.5	59687	2121	58626	707863	11.86
2015-2019	74	0.03991	0.03913	0.5	57566	2252	56440	649236	11.28
2015-2019	75	0.04429	0.04333	0.5	55313	2396	54115	592797	10.72
2015-2019	76	0.04810	0.04697	0.5	52917	2486	51674	538681	10.18
2015-2019	77	0.05169	0.05039	0.5	50431	2541	49161	487007	9.66
2015-2019	78	0.05503	0.05356	0.5	47890	2565	46608	437847	9.14
2015-2019	79	0.06149	0.05966	0.5	45325	2704	43973	391239	8.63
2015-2019	80	0.06754	0.06534	0.5	42621	2785	41229	347266	8.15
2015-2019	81	0.07265	0.07011	0.5	39836	2793	38440	306038	7.68
2015-2019	82	0.07886	0.07587	0.5	37044	2810	35638	267598	7.22
2015-2019	83	0.08659	0.08299	0.5	34233	2841	32813	231959	6.78
2015-2019	84	0.09280	0.08869	0.5	31392	2784	30000	199147	6.34
2015-2019	85	0.10329	0.09822	0.5	28608	2810	27203	169147	5.91
2015-2019	86	0.11554	0.10923	0.5	25798	2818	24389	141943	5.50
2015-2019	87	0.12739	0.11976	0.5	22980	2752	21604	117554	5.12
2015-2019	88	0.15123	0.14060	0.5	20228	2844	18806	95950	4.74
2015-2019	89	0.16232	0.15013	0.5	17384	2610	16079	77144	4.44
2015-2019	90	0.17289	0.15913	0.5	14774	2351	13599	61065	4.13
2015-2019	91	0.20102	0.18266	0.5	12423	2269	11288	47466	3.82
2015-2019	92	0.22117	0.19914	0.5	10154	2022	9143	36178	3.56
2015-2019	93	0.24271	0.21644	0.5	8132	1760	7252	27035	3.32
2015-2019	94	0.26564	0.23449	0.5	6372	1494	5625	19783	3.10
2015-2019	95	0.28991	0.25320	0.5	4878	1235	4260	14159	2.90
2015-2019	96	0.31544	0.27246	0.5	3643	992	3146	9898	2.72
2015-2019	97	0.34213	0.29215	0.5	2650	774	2263	6752	2.55
2015-2019	98	0.36986	0.31214	0.5	1876	586	1583	4489	2.39
2015-2019	99	0.39848	0.33228	0.5	1290	429	1076	2906	2.25
2015-2019	100	0.42781	0.35243	0.5	862	304	710	1830	2.12
2015-2019	101	0.45766	0.37244	0.5	558	208	454	1120	2.01
2015-2019	102	0.48782	0.39216	0.5	350	137	281	666	1.90
2015-2019	103	0.51806	0.41148	0.5	213	88	169	385	1.81
2015-2019	104	0.54817	0.43025	0.5	125	54	98	216	1.72
2015-2019	105	0.57793	0.44837	0.5	71	32	55	117	1.65
2015-2019	106	0.60714	0.46575	0.5	39	18	30	62	1.58
2015-2019	107	0.63560	0.48232	0.5	21	10	16	32	1.52
2015-2019	108	0.66315	0.49802	0.5	11	5	8	16	1.47
2015-2019	109	0.68962	0.51280	0.5	5	3	4	8	1.43
2015-2019	110+	0.71491	1.00000	1.4	3	3	4	4	1.40
